Results,B01,B02,B03,B04,B05,B06,B07,B08,B09,B10,B11,B12,B13,B14,B15,B16,B17,B18,B19,B20,B21,B22,B23,B24,B25,B26,B27,B28,B29,B30,B31,B32,B33,B34,B35,B36,B37,B38,B39
Time in s,u. Magnitude in p.u.,u. Magnitude in p.u.,u. Magnitude in p.u.,u. Magnitude in p.u.,u. Magnitude in p.u.,u. Magnitude in p.u.,u. Magnitude in p.u.,u. Magnitude in p.u.,u. Magnitude in p.u.,u. Magnitude in p.u.,u. Magnitude in p.u.,u. Magnitude in p.u.,u. Magnitude in p.u.,u. Magnitude in p.u.,u. Magnitude in p.u.,u. Magnitude in p.u.,u. Magnitude in p.u.,u. Magnitude in p.u.,u. Magnitude in p.u.,u. Magnitude in p.u.,u. Magnitude in p.u.,u. Magnitude in p.u.,u. Magnitude in p.u.,u. Magnitude in p.u.,u. Magnitude in p.u.,u. Magnitude in p.u.,u. Magnitude in p.u.,u. Magnitude in p.u.,u. Magnitude in p.u.,u. Magnitude in p.u.,u. Magnitude in p.u.,u. Magnitude in p.u.,u. Magnitude in p.u.,u. Magnitude in p.u.,u. Magnitude in p.u.,u. Magnitude in p.u.,u. Magnitude in p.u.,u. Magnitude in p.u.,u. Magnitude in p.u.
0.000000,1.048214,1.049078,1.044550,1.036728,1.045987,1.048708,1.043179,1.040853,1.049999,1.049753,1.048739,1.041266,1.047147,1.042741,1.040784,1.043718,1.043786,1.043320,1.050018,0.990076,1.044317,1.050012,1.044081,1.046318,1.041323,1.050016,1.044390,1.038226,1.031141,1.018516,1.019892,0.996781,0.990342,1.001115,1.037476,1.050000,1.008332,0.988694,1.037143
0.008330,1.048214,1.049078,1.044550,1.036728,1.045987,1.048708,1.043179,1.040853,1.049999,1.049753,1.048739,1.041266,1.047147,1.042741,1.040784,1.043718,1.043786,1.043320,1.050018,0.990076,1.044317,1.050012,1.044081,1.046318,1.041323,1.050016,1.044390,1.038226,1.031141,1.018516,1.019892,0.996781,0.990342,1.001115,1.037476,1.050000,1.008332,0.988694,1.037143
0.016660,1.048214,1.049078,1.044550,1.036728,1.045987,1.048708,1.043179,1.040853,1.049999,1.049753,1.048739,1.041266,1.047147,1.042741,1.040784,1.043718,1.043786,1.043320,1.050018,0.990076,1.044317,1.050012,1.044081,1.046318,1.041323,1.050016,1.044390,1.038226,1.031141,1.018516,1.019892,0.996781,0.990342,1.001115,1.037476,1.050000,1.008332,0.988694,1.037143
0.024990,1.048214,1.049078,1.044550,1.036728,1.045987,1.048708,1.043179,1.040853,1.049999,1.049753,1.048739,1.041266,1.047147,1.042741,1.040784,1.043718,1.043786,1.043320,1.050018,0.990076,1.044317,1.050012,1.044081,1.046318,1.041323,1.050016,1.044390,1.038226,1.031141,1.018516,1.019892,0.996781,0.990342,1.001115,1.037476,1.050000,1.008332,0.988694,1.037143
0.033320,1.048214,1.049078,1.044550,1.036728,1.045987,1.048708,1.043179,1.040853,1.049999,1.049753,1.048739,1.041266,1.047147,1.042741,1.040784,1.043718,1.043786,1.043320,1.050018,0.990076,1.044317,1.050012,1.044081,1.046318,1.041323,1.050016,1.044390,1.038226,1.031141,1.018516,1.019892,0.996781,0.990342,1.001115,1.037476,1.050000,1.008332,0.988694,1.037143
0.041650,1.048214,1.049078,1.044550,1.036728,1.045987,1.048708,1.043179,1.040853,1.049999,1.049753,1.048739,1.041266,1.047147,1.042741,1.040784,1.043718,1.043786,1.043320,1.050018,0.990076,1.044317,1.050012,1.044081,1.046318,1.041323,1.050016,1.044390,1.038226,1.031141,1.018516,1.019892,0.996781,0.990342,1.001115,1.037476,1.050000,1.008332,0.988694,1.037143
0.049980,1.048214,1.049078,1.044550,1.036728,1.045987,1.048708,1.043179,1.040853,1.049999,1.049753,1.048739,1.041266,1.047147,1.042741,1.040784,1.043718,1.043786,1.043320,1.050018,0.990076,1.044317,1.050012,1.044081,1.046318,1.041323,1.050016,1.044390,1.038226,1.031141,1.018516,1.019892,0.996781,0.990342,1.001115,1.037476,1.050000,1.008332,0.988694,1.037143
0.058310,1.048214,1.049078,1.044550,1.036728,1.045987,1.048708,1.043179,1.040853,1.049999,1.049753,1.048739,1.041266,1.047147,1.042741,1.040784,1.043718,1.043786,1.043320,1.050018,0.990076,1.044317,1.050012,1.044081,1.046318,1.041323,1.050016,1.044390,1.038226,1.031141,1.018516,1.019892,0.996781,0.990342,1.001115,1.037476,1.050000,1.008332,0.988694,1.037143
0.066640,1.048214,1.049078,1.044550,1.036728,1.045987,1.048708,1.043179,1.040853,1.049999,1.049753,1.048739,1.041266,1.047147,1.042741,1.040784,1.043718,1.043786,1.043320,1.050018,0.990076,1.044317,1.050012,1.044081,1.046318,1.041323,1.050016,1.044390,1.038226,1.031141,1.018516,1.019892,0.996781,0.990342,1.001115,1.037476,1.050000,1.008332,0.988694,1.037143
0.074970,1.048214,1.049078,1.044550,1.036728,1.045987,1.048708,1.043179,1.040853,1.049999,1.049753,1.048739,1.041266,1.047147,1.042741,1.040784,1.043718,1.043786,1.043320,1.050018,0.990076,1.044317,1.050012,1.044081,1.046318,1.041323,1.050016,1.044390,1.038226,1.031141,1.018516,1.019892,0.996781,0.990342,1.001115,1.037476,1.050000,1.008332,0.988694,1.037143
0.083300,1.048214,1.049078,1.044550,1.036728,1.045987,1.048708,1.043179,1.040853,1.049999,1.049753,1.048739,1.041266,1.047147,1.042741,1.040784,1.043718,1.043786,1.043320,1.050018,0.990076,1.044317,1.050012,1.044081,1.046318,1.041323,1.050016,1.044390,1.038226,1.031141,1.018516,1.019892,0.996781,0.990342,1.001115,1.037476,1.050000,1.008332,0.988694,1.037143
0.091630,1.048214,1.049078,1.044550,1.036728,1.045987,1.048708,1.043179,1.040853,1.049999,1.049753,1.048739,1.041266,1.047147,1.042741,1.040784,1.043718,1.043786,1.043320,1.050018,0.990076,1.044317,1.050012,1.044081,1.046318,1.041323,1.050016,1.044390,1.038226,1.031141,1.018516,1.019892,0.996781,0.990342,1.001115,1.037476,1.050000,1.008332,0.988694,1.037143
0.099960,1.048214,1.049078,1.044550,1.036728,1.045987,1.048708,1.043179,1.040853,1.049999,1.049753,1.048739,1.041266,1.047147,1.042741,1.040784,1.043718,1.043786,1.043320,1.050018,0.990076,1.044317,1.050012,1.044081,1.046318,1.041323,1.050016,1.044390,1.038226,1.031141,1.018516,1.019892,0.996781,0.990342,1.001115,1.037476,1.050000,1.008332,0.988694,1.037143
0.108290,1.048214,1.049078,1.044550,1.036728,1.045987,1.048708,1.043179,1.040853,1.049999,1.049753,1.048739,1.041266,1.047147,1.042741,1.040784,1.043718,1.043786,1.043320,1.050018,0.990076,1.044317,1.050012,1.044081,1.046318,1.041323,1.050016,1.044390,1.038226,1.031141,1.018516,1.019892,0.996781,0.990342,1.001115,1.037476,1.050000,1.008332,0.988694,1.037143
0.116620,0.848768,0.814131,0.703882,0.474999,0.253136,0.246882,0.044479,0.085904,0.554210,0.388807,0.342098,0.375878,0.418460,0.498064,0.707806,0.795453,0.776283,0.748138,0.891721,0.875243,0.836486,0.882770,0.878662,0.818484,0.815372,0.825009,0.800147,0.854722,0.854255,0.891182,0.443413,0.447749,0.874782,0.915875,0.913762,0.936401,0.807885,0.837346,0.865305
0.124950,0.832353,0.788837,0.672348,0.440360,0.235618,0.230613,0.041548,0.078351,0.544824,0.364439,0.320396,0.352246,0.392037,0.466148,0.669464,0.755710,0.739479,0.713315,0.848939,0.835779,0.797323,0.844334,0.838316,0.777019,0.788556,0.792444,0.765636,0.821652,0.822592,0.874732,0.419931,0.421757,0.832390,0.878225,0.880195,0.892661,0.780622,0.808546,0.854712
0.133280,0.820783,0.771760,0.651925,0.419017,0.224744,0.220432,0.039713,0.073893,0.538312,0.349015,0.306698,0.337321,0.375357,0.446104,0.644958,0.730102,0.715574,0.690711,0.821952,0.809986,0.771842,0.819091,0.812418,0.750245,0.770455,0.770654,0.742868,0.799141,0.800926,0.862931,0.404899,0.404924,0.806948,0.853302,0.857011,0.866257,0.761927,0.788597,0.846858
0.141610,0.812195,0.759403,0.637616,0.404567,0.217349,0.213483,0.038462,0.070914,0.533527,0.338434,0.297313,0.327091,0.363929,0.432403,0.628106,0.712430,0.698916,0.674923,0.803798,0.792379,0.754118,0.801412,0.794617,0.731774,0.757404,0.755097,0.726795,0.782875,0.785218,0.853933,0.394513,0.393282,0.790416,0.836281,0.840154,0.849056,0.748337,0.774017,0.840892
0.149940,0.805535,0.749855,0.626763,0.393740,0.211808,0.208288,0.037526,0.068629,0.529846,0.330540,0.290306,0.319452,0.355395,0.422158,0.615592,0.699331,0.686440,0.663043,0.790735,0.779718,0.740921,0.788213,0.781509,0.718099,0.747376,0.743251,0.714649,0.770404,0.773160,0.846708,0.386857,0.384663,0.778797,0.824152,0.827276,0.836942,0.737881,0.762783,0.836300
0.158270,0.800177,0.742043,0.617930,0.384840,0.207276,0.204071,0.036766,0.066651,0.526911,0.324178,0.284648,0.313280,0.348500,0.413846,0.605613,0.688951,0.676459,0.653476,0.780707,0.770076,0.730457,0.777765,0.771223,0.707280,0.739226,0.733689,0.704884,0.760309,0.763404,0.840661,0.380894,0.377858,0.770047,0.815036,0.816978,0.827774,0.729410,0.753692,0.832749
0.166600,0.795742,0.735364,0.610343,0.377014,0.203328,0.200434,0.036111,0.064812,0.524516,0.318736,0.279799,0.307986,0.342585,0.406675,0.597193,0.680266,0.668039,0.645353,0.772564,0.762316,0.721725,0.769086,0.762720,0.698234,0.732301,0.725600,0.696634,0.751771,0.755165,0.835443,0.376045,0.372192,0.763063,0.807802,0.808414,0.820417,0.722253,0.746030,0.830012
0.174930,0.791992,0.729468,0.603582,0.369844,0.199763,0.197180,0.035524,0.063073,0.522549,0.313898,0.275480,0.303265,0.337307,0.400237,0.589790,0.672689,0.660650,0.638184,0.765631,0.755753,0.714139,0.761592,0.755394,0.690343,0.726222,0.718513,0.689398,0.744306,0.747976,0.830840,0.371977,0.367285,0.757200,0.801764,0.801055,0.814221,0.716008,0.739367,0.827935
0.183260,0.788776,0.724155,0.597425,0.363146,0.196503,0.194227,0.034992,0.061477,0.520961,0.309508,0.271560,0.298972,0.332500,0.394335,0.583109,0.665890,0.653994,0.631701,0.759511,0.749979,0.707363,0.754939,0.748892,0.683255,0.720770,0.712155,0.682892,0.737628,0.741558,0.826722,0.368496,0.362929,0.752085,0.796511,0.794569,0.808813,0.710437,0.733440,0.826409
0.191590,0.785997,0.719310,0.591756,0.356860,0.193538,0.191550,0.034510,0.060109,0.519737,0.305499,0.267987,0.295045,0.328094,0.388885,0.576988,0.659679,0.647902,0.625753,0.753975,0.744752,0.701196,0.748916,0.743003,0.676768,0.715816,0.706365,0.676950,0.731565,0.735742,0.823004,0.365491,0.359015,0.747497,0.791796,0.788743,0.803976,0.705394,0.728088,0.825356
0.199920,0.924523,0.879988,0.825857,0.749891,0.755863,0.763189,0.762228,0.730119,0.867564,0.772041,0.768415,0.762017,0.770454,0.768978,0.801283,0.822781,0.827001,0.825600,0.852235,0.813665,0.833916,0.852104,0.844896,0.825061,0.869720,0.858311,0.841426,0.854544,0.854239,0.908648,0.770776,0.745225,0.816798,0.840749,0.861680,0.869733,0.840865,0.828960,0.945846
0.208250,0.944235,0.905689,0.860577,0.797499,0.805356,0.812112,0.811083,0.783301,0.898854,0.819003,0.816025,0.809217,0.816991,0.814383,0.839734,0.857621,0.861089,0.859951,0.884618,0.841428,0.865965,0.881287,0.875441,0.859744,0.895906,0.887670,0.872931,0.881963,0.880527,0.923590,0.814689,0.788046,0.847264,0.865705,0.884998,0.900280,0.865991,0.852325,0.961767
0.216580,0.957968,0.922807,0.883088,0.827710,0.836945,0.843417,0.842347,0.817201,0.919784,0.849165,0.846561,0.839500,0.846834,0.843392,0.864531,0.880297,0.883316,0.882293,0.905870,0.860294,0.887015,0.900708,0.895483,0.882350,0.913459,0.907247,0.893707,0.900554,0.898419,0.933947,0.843509,0.815975,0.866870,0.883125,0.901252,0.919922,0.883087,0.868405,0.973459
0.224910,0.968078,0.934972,0.898738,0.848340,0.858575,0.864893,0.863794,0.840358,0.934697,0.869905,0.867539,0.860299,0.867338,0.863287,0.881591,0.895955,0.898736,0.897804,0.920474,0.873413,0.901662,0.914357,0.909377,0.897930,0.925976,0.921090,0.908257,0.913853,0.911261,0.941618,0.863619,0.835360,0.880152,0.895366,0.913118,0.933203,0.895397,0.880050,0.982498
0.233240,0.976034,0.944313,0.910608,0.863937,0.874971,0.881157,0.880036,0.858052,0.946363,0.885571,0.883398,0.876009,0.882817,0.878288,0.894300,0.907556,0.910259,0.909460,0.931065,0.882866,0.912551,0.924545,0.919626,0.909421,0.935586,0.931592,0.919210,0.923995,0.921076,0.947717,0.878810,0.849986,0.889660,0.904175,0.922202,0.942722,0.904873,0.888998,0.989911
0.241570,0.982587,0.951897,0.920207,0.876674,0.888342,0.894387,0.893248,0.872666,0.956089,0.898247,0.896253,0.888728,0.895340,0.890422,0.904364,0.916643,0.919375,0.918760,0.939112,0.889943,0.921074,0.932514,0.927572,0.918378,0.943380,0.939998,0.927924,0.932130,0.928958,0.952799,0.890973,0.861727,0.896790,0.910729,0.929405,0.949900,0.912543,0.896199,0.996221
0.249900,0.988072,0.958204,0.928189,0.887413,0.899504,0.905406,0.904253,0.884932,0.964321,0.908770,0.906935,0.899295,0.905743,0.900522,0.912575,0.923982,0.926801,0.926393,0.945435,0.895427,0.927939,0.938917,0.933922,0.925594,0.949862,0.946913,0.935053,0.938839,0.935457,0.957117,0.900940,0.871387,0.902335,0.915777,0.935234,0.955511,0.918903,0.902144,1.001649
0.258230,0.992649,0.963465,0.934849,0.896481,0.908745,0.914521,0.913355,0.895008,0.971183,0.917479,0.915773,0.908045,0.914368,0.908935,0.919328,0.929977,0.932900,0.932698,0.950511,0.899803,0.933532,0.944124,0.939067,0.931490,0.955280,0.952646,0.940935,0.944429,0.940869,0.960792,0.909102,0.879331,0.906757,0.919796,0.939993,0.959987,0.924213,0.907098,1.006292
0.266560,0.996437,0.967843,0.940390,0.904093,0.916292,0.921969,0.920793,0.903074,0.976788,0.924629,0.923017,0.915230,0.921464,0.915903,0.924883,0.934893,0.937915,0.937903,0.954640,0.903378,0.938105,0.948376,0.943256,0.936338,0.959802,0.957403,0.945790,0.949097,0.945387,0.963915,0.915750,0.885827,0.910332,0.923087,0.943896,0.963586,0.928649,0.911240,1.010231
0.274890,0.999571,0.971500,0.945021,0.910510,0.922474,0.928076,0.926891,0.909502,0.981344,0.930524,0.928979,0.921156,0.927331,0.921705,0.929490,0.938959,0.942069,0.942227,0.958059,0.906376,0.941876,0.951876,0.946695,0.940365,0.963594,0.961372,0.949823,0.953018,0.949180,0.966577,0.921197,0.891171,0.913281,0.925863,0.947120,0.966503,0.932376,0.914725,1.013567
0.283220,1.002191,0.974596,0.948952,0.916011,0.927664,0.933206,0.932014,0.914772,0.985111,0.935495,0.934000,0.926154,0.932286,0.926627,0.933373,0.942374,0.945559,0.945872,0.960942,0.908953,0.945025,0.954786,0.949546,0.943758,0.966816,0.964727,0.953219,0.956347,0.952402,0.968872,0.925760,0.895664,0.915755,0.928268,0.949807,0.968883,0.935550,0.917689,1.016418
0.291550,1.004426,0.977270,0.952364,0.920852,0.932199,0.937685,0.936488,0.919331,0.988339,0.939832,0.938382,0.930516,0.936611,0.930925,0.936722,0.945299,0.948555,0.949012,0.963426,0.911221,0.947698,0.957239,0.951941,0.946670,0.969606,0.967617,0.956137,0.959218,0.955182,0.970879,0.929716,0.899569,0.917877,0.930401,0.952072,0.970842,0.938303,0.920251,1.018896
0.299880,1.006372,0.979627,0.955390,0.925215,0.936320,0.941748,0.940545,0.923505,0.991219,0.943744,0.942344,0.934453,0.940507,0.934780,0.939673,0.947851,0.951175,0.951773,0.965605,0.913251,0.950001,0.959331,0.953975,0.949209,0.972069,0.970153,0.958693,0.961737,0.957624,0.972660,0.933264,0.903073,0.919732,0.932325,0.953998,0.972464,0.940736,0.922504,1.021089
0.308210,1.008098,0.981734,0.958115,0.929213,0.940168,0.945532,0.944324,0.927479,0.993869,0.947354,0.946011,0.938087,0.944093,0.938303,0.942309,0.950103,0.953501,0.954237,0.967539,0.915087,0.952004,0.961126,0.955712,0.951447,0.974276,0.972412,0.960966,0.963980,0.959799,0.974256,0.936529,0.906293,0.921373,0.934078,0.955645,0.973809,0.942918,0.924513,1.023060
0.316540,1.009645,0.983632,0.960585,0.932900,0.943801,0.949095,0.947883,0.931330,0.996351,0.950720,0.949442,0.941477,0.947427,0.941548,0.944680,0.952103,0.955579,0.956450,0.969263,0.916748,0.953753,0.962668,0.957196,0.953428,0.976269,0.974444,0.963003,0.965997,0.961758,0.975694,0.939574,0.909286,0.922837,0.935676,0.957056,0.974917,0.944891,0.926324,1.024851
0.324870,1.011036,0.985345,0.962827,0.936299,0.947236,0.952456,0.951238,0.935065,0.998688,0.953863,0.952657,0.944643,0.950529,0.944539,0.946814,0.953878,0.957438,0.958441,0.970797,0.918245,0.955277,0.963992,0.958459,0.955179,0.978076,0.976280,0.964836,0.967825,0.963535,0.976991,0.942427,0.912075,0.924142,0.937125,0.958263,0.975821,0.946683,0.927970,1.026487
0.333200,1.012287,0.986890,0.964859,0.939423,0.950467,0.955611,0.954389,0.938664,1.000886,0.956788,0.955658,0.947589,0.953406,0.947288,0.948730,0.955450,0.959100,0.960230,0.972156,0.919584,0.956603,0.965123,0.959530,0.956723,0.979715,0.977943,0.966486,0.969490,0.965156,0.978162,0.945098,0.914669,0.925301,0.938429,0.959294,0.976547,0.948314,0.929474,1.027984
0.341530,1.013409,0.988281,0.966696,0.942282,0.953488,0.958557,0.957331,0.942100,1.002945,0.959496,0.958445,0.950317,0.956062,0.949806,0.950447,0.956840,0.960584,0.961835,0.973353,0.920770,0.957755,0.966088,0.960433,0.958081,0.981201,0.979450,0.967971,0.971015,0.966640,0.979219,0.947593,0.917075,0.926326,0.939590,0.960175,0.977120,0.949797,0.930856,1.029355
0.349860,1.014411,0.989533,0.968356,0.944895,0.956296,0.961292,0.960063,0.945352,1.004867,0.961996,0.961021,0.952834,0.958507,0.952105,0.951984,0.958068,0.961908,0.963274,0.974402,0.921811,0.958755,0.966913,0.961196,0.959275,0.982549,0.980819,0.969310,0.972417,0.968005,0.980173,0.949917,0.919298,0.927226,0.940614,0.960930,0.977565,0.951150,0.932133,1.030610
0.358190,1.015305,0.990661,0.969857,0.947284,0.958898,0.963824,0.962591,0.948408,1.006653,0.964297,0.963398,0.955150,0.960752,0.954206,0.953362,0.959155,0.963091,0.964566,0.975318,0.922719,0.959628,0.967621,0.961843,0.960328,0.983774,0.982067,0.970520,0.973712,0.969268,0.981037,0.952077,0.921351,0.928014,0.941510,0.961583,0.977906,0.952386,0.933318,1.031760
0.366520,1.016102,0.991679,0.971219,0.949472,0.961302,0.966163,0.964926,0.951263,1.008309,0.966415,0.965587,0.957282,0.962816,0.956128,0.954601,0.960121,0.964154,0.965731,0.976116,0.923506,0.960396,0.968236,0.962396,0.961261,0.984891,0.983209,0.971618,0.974914,0.970442,0.981821,0.954083,0.923245,0.928702,0.942290,0.962153,0.978164,0.953518,0.934424,1.032815
0.374850,1.016813,0.992602,0.972461,0.951484,0.963520,0.968321,0.967081,0.953918,1.009843,0.968364,0.967605,0.959244,0.964713,0.957890,0.955721,0.960985,0.965112,0.966786,0.976812,0.924187,0.961076,0.968776,0.962877,0.962094,0.985914,0.984258,0.972619,0.976035,0.971536,0.982537,0.955946,0.924995,0.929300,0.942968,0.962659,0.978358,0.954560,0.935461,1.033784
0.383180,1.017450,0.993443,0.973597,0.953342,0.965568,0.970313,0.969070,0.956377,1.011263,0.970162,0.969465,0.961052,0.966461,0.959510,0.956737,0.961762,0.965981,0.967745,0.977420,0.924778,0.961686,0.969257,0.963300,0.962843,0.986853,0.985225,0.973535,0.977084,0.972561,0.983193,0.957677,0.926614,0.929821,0.943556,0.963112,0.978505,0.955523,0.936435,1.034676
0.391510,1.018022,0.994212,0.974641,0.955063,0.967457,0.972151,0.970906,0.958647,1.012577,0.971821,0.971181,0.962721,0.968074,0.961005,0.957663,0.962465,0.966773,0.968623,0.977952,0.925292,0.962237,0.969691,0.963678,0.963523,0.987721,0.986122,0.974377,0.978066,0.973522,0.983796,0.959286,0.928114,0.930275,0.944069,0.963525,0.978616,0.956415,0.937352,1.035500
0.399840,1.018540,0.994919,0.975605,0.956663,0.969200,0.973849,0.972601,0.960738,1.013793,0.973355,0.972767,0.964262,0.969564,0.962388,0.958512,0.963105,0.967499,0.969428,0.978420,0.925742,0.962740,0.970087,0.964022,0.964145,0.988524,0.986954,0.975155,0.978988,0.974425,0.984353,0.960783,0.929506,0.930671,0.944519,0.963905,0.978703,0.957245,0.938217,1.036264
0.408170,1.019013,0.995571,0.976497,0.958155,0.970810,0.975418,0.974168,0.962660,1.014919,0.974776,0.974235,0.965690,0.970945,0.963670,0.959294,0.963692,0.968167,0.970172,0.978834,0.926140,0.963204,0.970454,0.964340,0.964718,0.989271,0.987731,0.975876,0.979855,0.975274,0.984869,0.962178,0.930800,0.931018,0.944916,0.964259,0.978773,0.958020,0.939032,1.036974
0.416500,1.019450,0.996178,0.977328,0.959549,0.972300,0.976872,0.975620,0.964427,1.015963,0.976096,0.975597,0.967015,0.972228,0.964862,0.960017,0.964235,0.968788,0.970863,0.979203,0.926495,0.963636,0.970798,0.964637,0.965250,0.989969,0.988457,0.976549,0.980671,0.976073,0.985351,0.963482,0.932008,0.931324,0.945268,0.964591,0.978831,0.958746,0.939802,1.037638
0.424830,1.019860,0.996747,0.978106,0.960857,0.973686,0.978226,0.976972,0.966057,1.016934,0.977328,0.976867,0.968253,0.973427,0.965978,0.960693,0.964742,0.969368,0.971510,0.979536,0.926816,0.964044,0.971125,0.964922,0.965751,0.990626,0.989142,0.977182,0.981442,0.976829,0.985803,0.964705,0.933140,0.931597,0.945585,0.964908,0.978885,0.959431,0.940529,1.038261
0.433160,1.020251,0.997287,0.978842,0.962090,0.974983,0.979494,0.978238,0.967568,1.017844,0.978487,0.978060,0.969415,0.974554,0.967029,0.961331,0.965222,0.969919,0.972122,0.979843,0.927111,0.964436,0.971443,0.965200,0.966229,0.991249,0.989792,0.977783,0.982174,0.977546,0.986230,0.965860,0.934208,0.931844,0.945872,0.965214,0.978941,0.960081,0.941219,1.038852
0.441490,1.020632,0.997806,0.979545,0.963262,0.976207,0.980693,0.979435,0.968981,1.018704,0.979586,0.979190,0.970518,0.975625,0.968028,0.961943,0.965685,0.970450,0.972710,0.980131,0.927388,0.964820,0.971759,0.965479,0.966692,0.991847,0.990416,0.978361,0.982874,0.978233,0.986638,0.966958,0.935225,0.932072,0.946136,0.965517,0.979005,0.960705,0.941879,1.039415
0.449820,1.021011,0.998312,0.980227,0.964384,0.977375,0.981838,0.980579,0.970316,1.019524,0.980641,0.980273,0.971575,0.976652,0.968988,0.962540,0.966143,0.970971,0.973285,0.980410,0.927652,0.965206,0.972082,0.965768,0.967151,0.992428,0.991022,0.978925,0.983550,0.978895,0.987033,0.968011,0.936203,0.932289,0.946382,0.965822,0.979086,0.961310,0.942514,1.039957
0.458150,1.021395,0.998815,0.980896,0.965468,0.978503,0.982944,0.981683,0.971594,1.020315,0.981663,0.981322,0.972601,0.977649,0.969923,0.963133,0.966603,0.971492,0.973856,0.980688,0.927912,0.965603,0.972419,0.966075,0.967614,0.993000,0.991621,0.979486,0.984210,0.979541,0.987420,0.969030,0.937152,0.932503,0.946617,0.966138,0.979190,0.961903,0.943131,1.040484
0.466480,1.021791,0.999322,0.981564,0.966526,0.979603,0.984025,0.982763,0.972831,1.021089,0.982667,0.982350,0.973607,0.978629,0.970843,0.963734,0.967078,0.972024,0.974434,0.980974,0.928173,0.966020,0.972779,0.966409,0.968092,0.993570,0.992219,0.980052,0.984861,0.980179,0.987805,0.970027,0.938084,0.932721,0.946847,0.966472,0.979326,0.962492,0.943738,1.041001
0.474810,1.022205,0.999840,0.982239,0.967569,0.980687,0.985092,0.983828,0.974042,1.021853,0.983663,0.983367,0.974605,0.979603,0.971761,0.964351,0.967574,0.972574,0.975027,0.981275,0.928442,0.966467,0.973171,0.966778,0.968593,0.994147,0.992826,0.980632,0.985513,0.980815,0.988192,0.971009,0.939008,0.932949,0.947076,0.966831,0.979500,0.963084,0.944340,1.041514
0.483140,1.022643,1.000376,0.982929,0.968606,0.981767,0.986155,0.984889,0.975240,1.022615,0.984659,0.984385,0.975605,0.980579,0.972685,0.964994,0.968102,0.973152,0.975643,0.981599,0.928724,0.966951,0.973603,0.967190,0.969125,0.994736,0.993447,0.981233,0.986170,0.981457,0.988586,0.971986,0.939932,0.933194,0.947310,0.967222,0.979720,0.963685,0.944945,1.042026
0.491470,1.023108,1.000935,0.983641,0.969645,0.982850,0.987222,0.985954,0.976434,1.023383,0.985665,0.985410,0.976613,0.981565,0.973623,0.965671,0.968668,0.973763,0.976290,0.981952,0.929024,0.967478,0.974080,0.967650,0.969696,0.995343,0.994091,0.981861,0.986841,0.982111,0.988990,0.972962,0.940862,0.933461,0.947554,0.967651,0.979991,0.964300,0.945558,1.042542
0.499800,1.023605,1.001522,0.984381,0.970694,0.983942,0.988298,0.987030,0.977630,1.024162,0.986685,0.986448,0.977636,0.982569,0.974582,0.966387,0.969278,0.974415,0.976973,0.982340,0.929349,0.968056,0.974608,0.968165,0.970312,0.995973,0.994761,0.982523,0.987529,0.982782,0.989409,0.973943,0.941803,0.933756,0.947814,0.968123,0.980318,0.964934,0.946183,1.043064
0.508130,1.024137,1.002141,0.985154,0.971759,0.985049,0.989391,0.988120,0.978834,1.024955,0.987726,0.987505,0.978680,0.983594,0.975567,0.967149,0.969937,0.975111,0.977698,0.982769,0.929702,0.968689,0.975192,0.968738,0.970977,0.996631,0.995462,0.983222,0.988240,0.983473,0.989845,0.974934,0.942760,0.934083,0.948094,0.968642,0.980706,0.965592,0.946825,1.043596
0.516460,1.024707,1.002796,0.985963,0.972846,0.986174,0.990502,0.989230,0.980050,1.025767,0.988791,0.988585,0.979749,0.984646,0.976583,0.967959,0.970650,0.975856,0.978467,0.983242,0.930089,0.969379,0.975836,0.969375,0.971696,0.997318,0.996198,0.983963,0.988977,0.984190,0.990300,0.975937,0.943736,0.934446,0.948399,0.969212,0.981157,0.966275,0.947488,1.044140
0.524790,1.025317,1.003488,0.986812,0.973957,0.987322,0.991637,0.990363,0.981281,1.026600,0.989883,0.989691,0.980845,0.985727,0.977634,0.968821,0.971418,0.976652,0.979284,0.983763,0.930511,0.970131,0.976541,0.970075,0.972472,0.998039,0.996972,0.984748,0.989743,0.984935,0.990777,0.976956,0.944735,0.934848,0.948732,0.969835,0.981672,0.966987,0.948173,1.044697
0.533120,1.025969,1.004221,0.987704,0.975097,0.988494,0.992796,0.991521,0.982530,1.027457,0.991005,0.990825,0.981972,0.986840,0.978722,0.969737,0.972244,0.977502,0.980151,0.984334,0.930974,0.970944,0.977308,0.970840,0.973306,0.998795,0.997786,0.985580,0.990540,0.985709,0.991276,0.977993,0.945757,0.935291,0.949096,0.970512,0.982251,0.967730,0.948883,1.045269
0.541450,1.026664,1.004995,0.988639,0.976268,0.989694,0.993983,0.992706,0.983797,1.028339,0.992159,0.991990,0.983131,0.987987,0.979849,0.970708,0.973130,0.978407,0.981070,0.984958,0.931478,0.971822,0.978140,0.971672,0.974201,0.999588,0.998641,0.986459,0.991371,0.986515,0.991799,0.979050,0.946805,0.935778,0.949495,0.971244,0.982896,0.968505,0.949620,1.045858
0.549780,1.027404,1.005811,0.989619,0.977473,0.990922,0.995200,0.993922,0.985086,1.029248,0.993347,0.993188,0.984325,0.989171,0.981017,0.971737,0.974076,0.979368,0.982041,0.985637,0.932028,0.972763,0.979035,0.972569,0.975157,1.000418,0.999539,0.987388,0.992236,0.987354,0.992347,0.980129,0.947881,0.936310,0.949932,0.972032,0.983606,0.969314,0.950385,1.046465
0.558110,1.028189,1.006672,0.990646,0.978713,0.992182,0.996449,0.995168,0.986399,1.030186,0.994571,0.994421,0.985555,0.990392,0.982227,0.972823,0.975083,0.980386,0.983066,0.986372,0.932624,0.973768,0.979994,0.973532,0.976174,1.001287,1.000480,0.988366,0.993137,0.988228,0.992920,0.981230,0.948985,0.936889,0.950408,0.972877,0.984379,0.970157,0.951180,1.047090
0.566440,1.029020,1.007577,0.991720,0.979990,0.993474,0.997730,0.996448,0.987737,1.031152,0.995833,0.995689,0.986823,0.991652,0.983481,0.973968,0.976153,0.981461,0.984146,0.987164,0.933269,0.974838,0.981016,0.974560,0.977254,1.002195,1.001466,0.989396,0.994075,0.989137,0.993519,0.982357,0.950121,0.937516,0.950925,0.973777,0.985214,0.971035,0.952005,1.047733
0.574770,1.029897,1.008527,0.992842,0.981305,0.994801,0.999047,0.997762,0.989102,1.032149,0.997133,0.996995,0.988131,0.992953,0.984781,0.975172,0.977284,0.982595,0.985281,0.988015,0.933964,0.975971,0.982102,0.975652,0.978396,1.003143,1.002497,0.990476,0.995051,0.990082,0.994144,0.983509,0.951287,0.938192,0.951485,0.974733,0.986110,0.971949,0.952861,1.048395
0.583100,1.030820,1.009522,0.994013,0.982660,0.996164,1.000399,0.999113,0.990497,1.033175,0.998472,0.998339,0.989478,0.994296,0.986126,0.976435,0.978477,0.983787,0.986471,0.988925,0.934711,0.977169,0.983249,0.976807,0.979601,1.004132,1.003573,0.991608,0.996064,0.991063,0.994796,0.984688,0.952486,0.938918,0.952090,0.975745,0.987066,0.972899,0.953749,1.049076
0.591430,1.031788,1.010562,0.995233,0.984055,0.997564,1.001789,1.000500,0.991922,1.034233,0.999852,0.999724,0.990867,0.995681,0.987518,0.977758,0.979733,0.985036,0.987716,0.989895,0.935509,0.978430,0.984459,0.978025,0.980868,1.005160,1.004695,0.992791,0.997116,0.992082,0.995475,0.985894,0.953718,0.939695,0.952740,0.976812,0.988079,0.973885,0.954670,1.049776
0.599760,1.032801,1.011647,0.996501,0.985491,0.999002,1.003217,1.001926,0.993380,1.035321,1.001274,1.001148,0.992297,0.997109,0.988957,0.979140,0.981052,0.986345,0.989017,0.990926,0.936361,0.979753,0.985730,0.979305,0.982197,1.006228,1.005862,0.994026,0.998208,0.993139,0.996181,0.987130,0.954985,0.940524,0.953437,0.977934,0.989150,0.974908,0.955624,1.050494
0.608090,1.033858,1.012778,0.997818,0.986969,1.000478,1.004683,1.003391,0.994870,1.036439,1.002737,1.002614,0.993770,0.998580,0.990444,0.980582,0.982431,0.987710,0.990372,0.992017,0.937266,0.981139,0.987062,0.980645,0.983588,1.007335,1.007074,0.995311,0.999338,0.994234,0.996913,0.988394,0.956285,0.941403,0.954181,0.979110,0.990275,0.975967,0.956612,1.051230
0.616420,1.034958,1.013952,0.999184,0.988489,1.001994,1.006189,1.004894,0.996395,1.037588,1.004243,1.004121,0.995285,1.000096,0.991978,0.982084,0.983873,0.989134,0.991783,0.993170,0.938225,0.982587,0.988453,0.982044,0.985039,1.008482,1.008332,0.996648,1.000507,0.995366,0.997672,0.989687,0.957621,0.942335,0.954974,0.980340,0.991454,0.977061,0.957633,1.051984
0.624750,1.036099,1.015171,1.000598,0.990050,1.003548,1.007734,1.006437,0.997954,1.038765,1.005790,1.005669,0.996843,1.001654,0.993559,0.983644,0.985375,0.990614,0.993247,0.994383,0.939239,0.984095,0.989902,0.983502,0.986551,1.009668,1.009634,0.998035,1.001716,0.996536,0.998457,0.991009,0.958990,0.943319,0.955816,0.981623,0.992685,0.978191,0.958687,1.052754
0.633080,1.037280,1.016432,1.002059,0.991653,1.005141,1.009317,1.008017,0.999547,1.039972,1.007378,1.007257,0.998442,1.003256,0.995187,0.985261,0.986936,0.992149,0.994765,0.995657,0.940307,0.985663,0.991409,0.985017,0.988122,1.010890,1.010980,0.999471,1.002963,0.997744,0.999268,0.992359,0.960394,0.944354,0.956707,0.982959,0.993968,0.979356,0.959775,1.053539
0.641410,1.038499,1.017734,1.003566,0.993296,1.006772,1.010937,1.009636,1.001173,1.041205,1.009006,1.008884,1.000083,1.004899,0.996861,0.986934,0.988555,0.993738,0.996333,0.996990,0.941429,0.987288,0.992971,0.986587,0.989750,1.012149,1.012368,1.000954,1.004247,0.998988,1.000103,0.993737,0.961831,0.945440,0.957647,0.984346,0.995301,0.980554,0.960897,1.054339
0.649740,1.039754,1.019075,1.005117,0.994979,1.008439,1.012595,1.011291,1.002831,1.042464,1.010673,1.010550,1.001762,1.006582,0.998578,0.988662,0.990231,0.995380,0.997952,0.998382,0.942604,0.988971,0.994589,0.988212,0.991435,1.013443,1.013797,1.002485,1.005569,1.000268,1.000962,0.995142,0.963301,0.946577,0.958636,0.985784,0.996686,0.981784,0.962050,1.055151
0.658070,1.041042,1.020455,1.006711,0.996700,1.010141,1.014287,1.012980,1.004520,1.043747,1.012378,1.012253,1.003480,1.008305,1.000338,0.990443,0.991963,0.997072,0.999619,0.999831,0.943832,0.990707,0.996260,0.989890,0.993175,1.014770,1.015266,1.004059,1.006926,1.001583,1.001844,0.996573,0.964802,0.947763,0.959675,0.987272,0.998121,0.983045,0.963236,1.055976
0.666400,1.042362,1.021871,1.008345,0.998458,1.011877,1.016013,1.014704,1.006238,1.045052,1.014119,1.013991,1.005235,1.010065,1.002139,0.992275,0.993746,0.998813,1.001331,1.001337,0.945112,0.992497,0.997983,0.991619,0.994967,1.016128,1.016772,1.005677,1.008318,1.002931,1.002748,0.998028,0.966333,0.948997,0.960762,0.988808,0.999606,0.984336,0.964451,1.056810
0.674730,1.043709,1.023321,1.010018,1.000250,1.013644,1.017770,1.016458,1.007984,1.046376,1.015894,1.015763,1.007023,1.011861,1.003979,0.994154,0.995581,1.000601,1.003088,1.002896,0.946444,0.994337,0.999755,0.993397,0.996809,1.017516,1.018315,1.007335,1.009742,1.004311,1.003672,0.999506,0.967892,0.950277,0.961897,0.990390,1.001141,0.985655,0.965697,1.057652
0.683060,1.045083,1.024802,1.011726,1.002074,1.015440,1.019557,1.018242,1.009755,1.047719,1.017700,1.017565,1.008843,1.013689,1.005854,0.996079,0.997463,1.002431,1.004885,1.004508,0.947824,0.996225,1.001575,0.995223,0.998699,1.018930,1.019890,1.009030,1.011198,1.005722,1.004615,1.001004,0.969477,0.951603,0.963080,0.992017,1.002724,0.986999,0.966969,1.058501
0.691390,1.046478,1.026312,1.013468,1.003929,1.017264,1.021370,1.020053,1.011548,1.049076,1.019535,1.019395,1.010693,1.015547,1.007763,0.998047,0.999390,1.004302,1.006720,1.006170,0.949252,0.998158,1.003438,0.997092,1.000634,1.020369,1.021497,1.010761,1.012682,1.007160,1.005576,1.002522,0.971086,0.952971,0.964308,0.993686,1.004353,0.988366,0.968268,1.059354
0.699720,1.047894,1.027848,1.015240,1.005811,1.019111,1.023207,1.021887,1.013362,1.050446,1.021397,1.021251,1.012570,1.017433,1.009702,1.000054,1.001358,1.006210,1.008590,1.007879,0.950726,1.000132,1.005343,0.999003,1.002611,1.021830,1.023132,1.012525,1.014192,1.008625,1.006552,1.004057,0.972717,0.954380,0.965580,0.995394,1.006024,0.989755,0.969591,1.060210
0.708050,1.049325,1.029407,1.017039,1.007717,1.020979,1.025066,1.023743,1.015193,1.051825,1.023282,1.023130,1.014470,1.019343,1.011669,1.002097,1.003365,1.008153,1.010492,1.009632,0.952244,1.002144,1.007286,1.000951,1.004625,1.023310,1.024792,1.014317,1.015727,1.010112,1.007542,1.005606,0.974368,0.955827,0.966894,0.997139,1.007735,0.991162,0.970936,1.061067
0.716380,1.050770,1.030986,1.018862,1.009645,1.022866,1.026943,1.025618,1.017038,1.053212,1.025187,1.025029,1.016391,1.021276,1.013660,1.004172,1.005406,1.010125,1.012421,1.011426,0.953802,1.004191,1.009263,1.002933,1.006675,1.024806,1.026474,1.016136,1.017282,1.011621,1.008543,1.007168,0.976036,0.957309,0.968249,0.998918,1.009482,0.992585,0.972301,1.061922
0.724710,1.052224,1.032583,1.020705,1.011591,1.024769,1.028836,1.027508,1.018895,1.054602,1.027110,1.026945,1.018330,1.023226,1.015672,1.006275,1.007479,1.012125,1.014376,1.013257,0.955398,1.006269,1.011272,1.004946,1.008755,1.026315,1.028176,1.017977,1.018857,1.013148,1.009555,1.008740,0.977719,0.958824,0.969641,1.000726,1.011264,0.994022,0.973683,1.062774
0.733040,1.053685,1.034194,1.022566,1.013552,1.026683,1.030741,1.029410,1.020761,1.055994,1.029047,1.028874,1.020283,1.025192,1.017701,1.008404,1.009578,1.014148,1.016351,1.015123,0.957030,1.008374,1.013307,1.006986,1.010863,1.027835,1.029893,1.019837,1.020447,1.014691,1.010574,1.010319,0.979413,0.960369,0.971069,1.002562,1.013075,0.995469,0.975080,1.063620
0.741370,1.055148,1.035815,1.024440,1.015524,1.028607,1.032655,1.031321,1.022633,1.057383,1.030995,1.030814,1.022247,1.027169,1.019744,1.010553,1.011701,1.016190,1.018344,1.017020,0.958693,1.010502,1.015366,1.009050,1.012994,1.029362,1.031624,1.021713,1.022050,1.016247,1.011600,1.011903,0.981117,0.961941,0.972530,1.004422,1.014914,0.996923,0.976489,1.064458
0.749700,1.056611,1.037444,1.026325,1.017506,1.030536,1.034574,1.033238,1.024506,1.058768,1.032950,1.032761,1.024219,1.029155,1.021798,1.012720,1.013843,1.018248,1.020350,1.018943,0.960386,1.012649,1.017446,1.011133,1.015145,1.030893,1.033363,1.023601,1.023663,1.017812,1.012629,1.013490,0.982826,0.963536,0.974021,1.006303,1.016776,0.998383,0.977908,1.065286
0.758030,1.058070,1.039077,1.028217,1.019492,1.032468,1.036497,1.035157,1.026379,1.060146,1.034910,1.034711,1.026195,1.031146,1.023859,1.014900,1.016000,1.020317,1.022367,1.020890,0.962105,1.014813,1.019541,1.013232,1.017311,1.032425,1.035109,1.025498,1.025283,1.019384,1.013661,1.015076,0.984539,0.965151,0.975538,1.008200,1.018658,0.999845,0.979334,1.066102
0.766360,1.059522,1.040712,1.030112,1.021481,1.034398,1.038419,1.037076,1.028247,1.061512,1.036871,1.036662,1.028173,1.033138,1.025923,1.017090,1.018170,1.022396,1.024390,1.022857,0.963847,1.016988,1.021649,1.015344,1.019490,1.033955,1.036858,1.027400,1.026907,1.020961,1.014694,1.016660,0.986253,0.966784,0.977080,1.010111,1.020558,1.001306,0.980765,1.066904
0.774690,1.060963,1.042347,1.032007,1.023468,1.036325,1.040337,1.038992,1.030109,1.062865,1.038830,1.038611,1.030148,1.035129,1.027987,1.019285,1.020348,1.024479,1.026416,1.024839,0.965607,1.019171,1.023767,1.017466,1.021677,1.035482,1.038607,1.029305,1.028532,1.022539,1.015727,1.018238,0.987965,0.968432,0.978644,1.012033,1.022472,1.002765,0.982198,1.067690
0.783020,1.062392,1.043977,1.033900,1.025450,1.038245,1.042248,1.040900,1.031960,1.064202,1.040783,1.040554,1.032119,1.037115,1.030048,1.021482,1.022530,1.026563,1.028442,1.026835,0.967385,1.021360,1.025891,1.019593,1.023870,1.037002,1.040354,1.031208,1.030156,1.024115,1.016758,1.019809,0.989672,0.970091,0.980225,1.013962,1.024398,1.004219,0.983631,1.068458
0.791350,1.063804,1.045601,1.035788,1.027425,1.040155,1.044150,1.042799,1.033798,1.065520,1.042728,1.042488,1.034080,1.039094,1.032102,1.023679,1.024713,1.028645,1.030465,1.028839,0.969175,1.023550,1.028017,1.021723,1.026063,1.038512,1.042095,1.033108,1.031776,1.025689,1.017787,1.021370,0.991372,0.971759,0.981822,1.015897,1.026332,1.005666,0.985062,1.069205
0.799680,1.065197,1.047217,1.037667,1.029390,1.042052,1.046039,1.044685,1.035620,1.066817,1.044662,1.044410,1.036031,1.041062,1.034147,1.025870,1.026894,1.030723,1.032481,1.030850,0.970975,1.025738,1.030144,1.023853,1.028255,1.040012,1.043827,1.035001,1.033390,1.027256,1.018813,1.022919,0.993062,0.973433,0.983431,1.017835,1.028272,1.007102,0.986487,1.069932
0.808010,1.066568,1.048821,1.039534,1.031341,1.043934,1.047912,1.046556,1.037423,1.068089,1.046582,1.046318,1.037967,1.043015,1.036179,1.028054,1.029069,1.032791,1.034487,1.032863,0.972783,1.027921,1.032267,1.025981,1.030442,1.041497,1.045549,1.036883,1.034995,1.028814,1.019834,1.024454,0.994739,0.975111,0.985049,1.019772,1.030215,1.008528,0.987906,1.070635
0.816340,1.067915,1.050411,1.041387,1.033277,1.045796,1.049767,1.048408,1.039205,1.069335,1.048484,1.048208,1.039886,1.044953,1.038195,1.030226,1.031235,1.034849,1.036480,1.034875,0.974594,1.030096,1.034385,1.028102,1.032621,1.042967,1.047257,1.038753,1.036588,1.030361,1.020849,1.025972,0.996402,0.976790,0.986674,1.021706,1.032159,1.009939,0.989314,1.071312
0.824670,1.069235,1.051985,1.043224,1.035193,1.047637,1.051601,1.050239,1.040962,1.070552,1.050367,1.050078,1.041785,1.046870,1.040193,1.032384,1.033389,1.036891,1.038458,1.036883,0.976406,1.032260,1.036493,1.030214,1.034788,1.044418,1.048949,1.040608,1.038167,1.031894,1.021858,1.027471,0.998048,0.978467,0.988303,1.023635,1.034099,1.011334,0.990711,1.071964
0.833000,1.070525,1.053541,1.045040,1.037087,1.049454,1.053412,1.052047,1.042692,1.071739,1.052228,1.051925,1.043662,1.048766,1.042169,1.034524,1.035528,1.038917,1.040418,1.038885,0.978217,1.034410,1.038590,1.032315,1.036941,1.045850,1.050622,1.042444,1.039730,1.033413,1.022858,1.028950,0.999674,0.980140,0.989934,1.025556,1.036034,1.012712,0.992095,1.072587
0.841330,1.071784,1.055077,1.046835,1.038957,1.051245,1.055196,1.053829,1.044392,1.072892,1.054063,1.053747,1.045513,1.050636,1.044122,1.036644,1.037649,1.040922,1.042356,1.040878,0.980025,1.036543,1.040672,1.034401,1.039077,1.047260,1.052276,1.044261,1.041277,1.034915,1.023850,1.030406,1.001279,0.981809,0.991566,1.027466,1.037960,1.014070,0.993465,1.073181
0.849660,1.073010,1.056591,1.048607,1.040802,1.053007,1.056953,1.055582,1.046062,1.074012,1.055872,1.055542,1.047338,1.052481,1.046048,1.038742,1.039750,1.042906,1.044272,1.042860,0.981828,1.038657,1.042737,1.036470,1.041194,1.048647,1.053908,1.046056,1.042805,1.036399,1.024832,1.031838,1.002860,0.983469,0.993200,1.029364,1.039874,1.015408,0.994820,1.073745
0.857990,1.074200,1.058081,1.050352,1.042618,1.054739,1.058679,1.057306,1.047698,1.075095,1.057652,1.057307,1.049133,1.054296,1.047946,1.040814,1.041829,1.044866,1.046163,1.044829,0.983626,1.040750,1.044783,1.038521,1.043289,1.050011,1.055518,1.047828,1.044315,1.037866,1.025804,1.033245,1.004417,0.985122,0.994834,1.031246,1.041775,1.016725,0.996161,1.074278
0.866320,1.075354,1.059546,1.052070,1.044404,1.056439,1.060374,1.058998,1.049300,1.076140,1.059401,1.059041,1.050898,1.056081,1.049813,1.042860,1.043884,1.046801,1.048027,1.046785,0.985417,1.042819,1.046809,1.040550,1.045361,1.051349,1.057105,1.049575,1.045805,1.039315,1.026764,1.034625,1.005946,0.986764,0.996469,1.033112,1.043660,1.018018,0.997488,1.074779
0.874650,1.076469,1.060985,1.053760,1.046158,1.058105,1.062035,1.060657,1.050865,1.077147,1.061118,1.060743,1.052629,1.057833,1.051649,1.044878,1.045913,1.048708,1.049864,1.048725,0.987200,1.044864,1.048812,1.042558,1.047408,1.052662,1.058668,1.051297,1.047277,1.040747,1.027711,1.035976,1.007448,0.988396,0.998105,1.034959,1.045528,1.019289,0.998800,1.075246
0.882980,1.077546,1.062397,1.055420,1.047879,1.059736,1.063662,1.062282,1.052392,1.078114,1.062801,1.062411,1.054327,1.059552,1.053452,1.046866,1.047915,1.050587,1.051671,1.050648,0.988976,1.046883,1.050791,1.044542,1.049428,1.053948,1.060206,1.052993,1.048729,1.042161,1.028647,1.037299,1.008921,0.990017,0.999743,1.036787,1.047377,1.020535,1.000099,1.075680
0.891310,1.078582,1.063781,1.057048,1.049567,1.061331,1.065253,1.063871,1.053880,1.079041,1.064450,1.064043,1.055990,1.061236,1.055220,1.048823,1.049889,1.052437,1.053448,1.052554,0.990742,1.048875,1.052745,1.046501,1.051421,1.055208,1.061719,1.054662,1.050162,1.043557,1.029569,1.038591,1.010364,0.991624,1.001382,1.038593,1.049206,1.021757,1.001385,1.076081
0.899640,1.079577,1.065136,1.058645,1.051219,1.062889,1.066808,1.065423,1.055328,1.079927,1.066062,1.065640,1.057617,1.062885,1.056953,1.050747,1.051833,1.054256,1.055193,1.054441,0.992499,1.050837,1.054673,1.048433,1.053384,1.056441,1.063206,1.056302,1.051575,1.044934,1.030477,1.039853,1.011776,0.993219,1.003022,1.040376,1.051014,1.022954,1.002656,1.076447
0.907970,1.080531,1.066461,1.060208,1.052835,1.064408,1.068324,1.066937,1.056736,1.080771,1.067638,1.067199,1.059207,1.064497,1.058649,1.052637,1.053746,1.056044,1.056906,1.056307,0.994244,1.052770,1.056573,1.050339,1.055318,1.057646,1.064667,1.057914,1.052967,1.046294,1.031371,1.041083,1.013156,0.994798,1.004660,1.042136,1.052800,1.024125,1.003914,1.076779
0.916300,1.081442,1.067755,1.061738,1.054414,1.065889,1.069803,1.068413,1.058103,1.081574,1.069177,1.068721,1.060759,1.066071,1.060308,1.054492,1.055627,1.057799,1.058585,1.058152,0.995977,1.054672,1.058444,1.052216,1.057220,1.058823,1.066101,1.059496,1.054339,1.047634,1.032251,1.042282,1.014505,0.996362,1.006297,1.043871,1.054564,1.025271,1.005157,1.077077
0.924630,1.082312,1.069018,1.063233,1.055955,1.067330,1.071242,1.069851,1.059428,1.082335,1.070678,1.070204,1.062273,1.067607,1.061928,1.056312,1.057475,1.059520,1.060230,1.059975,0.997697,1.056542,1.060286,1.054065,1.059090,1.059972,1.067508,1.061048,1.055689,1.048954,1.033115,1.043448,1.015821,0.997910,1.007930,1.045580,1.056306,1.026390,1.006385,1.077341
0.932960,1.083139,1.070250,1.064694,1.057458,1.068732,1.072643,1.071249,1.060711,1.083054,1.072141,1.071649,1.063749,1.069105,1.063510,1.058096,1.059289,1.061208,1.061841,1.061775,0.999401,1.058379,1.062098,1.055885,1.060927,1.061093,1.068887,1.062570,1.057018,1.050255,1.033964,1.044582,1.017105,0.999442,1.009559,1.047263,1.058025,1.027483,1.007597,1.077571
0.941290,1.083923,1.071450,1.066119,1.058923,1.070094,1.074004,1.072608,1.061953,1.083731,1.073565,1.073055,1.065185,1.070564,1.065053,1.059842,1.061069,1.062861,1.063416,1.063550,1.001089,1.060184,1.063880,1.057675,1.062730,1.062186,1.070238,1.064060,1.058324,1.051535,1.034798,1.045683,1.018356,1.000954,1.011181,1.048919,1.059721,1.028549,1.008793,1.077767
0.949620,1.084665,1.072618,1.067508,1.060349,1.071416,1.075326,1.073928,1.063152,1.084367,1.074951,1.074422,1.066582,1.071984,1.066556,1.061551,1.062814,1.064479,1.064955,1.065299,1.002760,1.061954,1.065631,1.059436,1.064499,1.063250,1.071561,1.065519,1.059608,1.052794,1.035615,1.046752,1.019574,1.002448,1.012795,1.050547,1.061396,1.029589,1.009973,1.077930
0.957950,1.085366,1.073754,1.068861,1.061736,1.072698,1.076608,1.075208,1.064309,1.084963,1.076297,1.075750,1.067940,1.073366,1.068020,1.063223,1.064524,1.066062,1.066459,1.067022,1.004413,1.063691,1.067350,1.061166,1.066234,1.064286,1.072855,1.066947,1.060869,1.054032,1.036416,1.047789,1.020760,1.003924,1.014400,1.052148,1.063050,1.030602,1.011136,1.078060
0.966280,1.086025,1.074858,1.070179,1.063084,1.073940,1.077851,1.076449,1.065425,1.085518,1.077606,1.077039,1.069260,1.074708,1.069445,1.064856,1.066198,1.067609,1.067926,1.068718,1.006045,1.065393,1.069038,1.062866,1.067934,1.065295,1.074121,1.068342,1.062107,1.055249,1.037202,1.048794,1.021913,1.005379,1.015994,1.053721,1.064682,1.031589,1.012281,1.078159
0.974610,1.086643,1.075930,1.071461,1.064394,1.075143,1.079055,1.077652,1.066500,1.086035,1.078876,1.078290,1.070540,1.076012,1.070830,1.066451,1.067836,1.069120,1.069358,1.070387,1.007658,1.067061,1.070695,1.064536,1.069598,1.066275,1.075359,1.069706,1.063322,1.056444,1.037971,1.049768,1.023034,1.006814,1.017575,1.055265,1.066294,1.032550,1.013409,1.078226
0.982940,1.087221,1.076971,1.072708,1.065666,1.076306,1.080221,1.078816,1.067535,1.086513,1.080108,1.079502,1.071782,1.077277,1.072176,1.068008,1.069438,1.070596,1.070753,1.072027,1.009249,1.068695,1.072320,1.066175,1.071227,1.067229,1.076568,1.071038,1.064513,1.057617,1.038723,1.050711,1.024123,1.008228,1.019143,1.056781,1.067884,1.033485,1.014518,1.078263
0.991270,1.087760,1.077980,1.073919,1.066899,1.077432,1.081348,1.079941,1.068529,1.086953,1.081303,1.080677,1.072986,1.078505,1.073483,1.069526,1.071004,1.072035,1.072112,1.073639,1.010818,1.070293,1.073913,1.067784,1.072821,1.068156,1.077749,1.072338,1.065682,1.058769,1.039460,1.051624,1.025180,1.009622,1.020697,1.058268,1.069454,1.034395,1.015610,1.078270
0.999600,1.088260,1.078957,1.075095,1.068095,1.078519,1.082438,1.081030,1.069485,1.087357,1.082460,1.081814,1.074153,1.079695,1.074751,1.071006,1.072534,1.073440,1.073436,1.075222,1.012364,1.071857,1.075474,1.069363,1.074379,1.069057,1.078902,1.073607,1.066827,1.059898,1.040181,1.052506,1.026206,1.010994,1.022235,1.059726,1.071003,1.035280,1.016684,1.078248
1.007930,1.088723,1.079905,1.076236,1.069253,1.079569,1.083491,1.082081,1.070402,1.087726,1.083581,1.082915,1.075282,1.080847,1.075982,1.072448,1.074027,1.074809,1.074724,1.076776,1.013887,1.073385,1.077003,1.070911,1.075902,1.069932,1.080027,1.074845,1.067948,1.061006,1.040885,1.053361,1.027202,1.012344,1.023756,1.061156,1.072532,1.036140,1.017739,1.078199
1.016260,1.089149,1.080822,1.077344,1.070375,1.080582,1.084508,1.083097,1.071282,1.088060,1.084666,1.083979,1.076375,1.081964,1.077175,1.073853,1.075485,1.076142,1.075977,1.078300,1.015385,1.074879,1.078500,1.072428,1.077389,1.070782,1.081125,1.076051,1.069047,1.062092,1.041574,1.054187,1.028168,1.013673,1.025259,1.062556,1.074038,1.036976,1.018776,1.078124
1.024590,1.089540,1.081709,1.078417,1.071461,1.081559,1.085490,1.084077,1.072125,1.088362,1.085716,1.085008,1.077433,1.083044,1.078331,1.075220,1.076906,1.077441,1.077195,1.079794,1.016859,1.076339,1.079965,1.073915,1.078841,1.071608,1.082197,1.077227,1.070123,1.063156,1.042247,1.054985,1.029104,1.014980,1.026744,1.063928,1.075524,1.037789,1.019794,1.078022
1.032920,1.089898,1.082566,1.079456,1.072510,1.082500,1.086436,1.085021,1.072932,1.088634,1.086729,1.086001,1.078453,1.084088,1.079448,1.076546,1.078288,1.078702,1.078376,1.081252,1.018302,1.077759,1.081394,1.075366,1.080253,1.072409,1.083239,1.078370,1.071174,1.064197,1.042903,1.055757,1.030009,1.016258,1.028202,1.065266,1.076982,1.038577,1.020791,1.077899
1.041250,1.090221,1.083396,1.080464,1.073526,1.083409,1.087349,1.085934,1.073705,1.088873,1.087711,1.086962,1.079442,1.085099,1.080533,1.077840,1.079639,1.079933,1.079526,1.082688,1.019726,1.079150,1.082796,1.076792,1.081635,1.073188,1.084258,1.079486,1.072206,1.065219,1.043546,1.056504,1.030888,1.017522,1.029650,1.066581,1.078424,1.039346,1.021774,1.077750
1.049580,1.090512,1.084199,1.081441,1.074509,1.084284,1.088231,1.086813,1.074445,1.089084,1.088660,1.087891,1.080397,1.086077,1.081582,1.079098,1.080956,1.081130,1.080644,1.084094,1.021126,1.080507,1.084167,1.078188,1.082983,1.073946,1.085252,1.080574,1.073216,1.066221,1.044175,1.057226,1.031739,1.018765,1.031076,1.067867,1.079845,1.040092,1.022739,1.077578
1.057910,1.090773,1.084974,1.082386,1.075459,1.085128,1.089080,1.087661,1.075153,1.089267,1.089578,1.088787,1.081320,1.087023,1.082598,1.080320,1.082237,1.082294,1.081729,1.085470,1.022499,1.081831,1.085506,1.079553,1.084297,1.074682,1.086221,1.081632,1.074204,1.067203,1.044788,1.057926,1.032564,1.019985,1.032482,1.069126,1.081242,1.040819,1.023687,1.077386
1.066240,1.091004,1.085724,1.083302,1.076376,1.085940,1.089899,1.088479,1.075830,1.089423,1.090464,1.089652,1.082212,1.087937,1.083580,1.081507,1.083485,1.083426,1.082781,1.086817,1.023847,1.083121,1.086815,1.080889,1.085576,1.075398,1.087166,1.082663,1.075172,1.068165,1.045388,1.058603,1.033363,1.021183,1.033867,1.070356,1.082618,1.041525,1.024617,1.077173
1.074570,1.091207,1.086448,1.084188,1.077263,1.086722,1.090687,1.089267,1.076477,1.089555,1.091319,1.090487,1.083073,1.088819,1.084530,1.082659,1.084699,1.084526,1.083803,1.088134,1.025169,1.084379,1.088093,1.082195,1.086823,1.076094,1.088088,1.083666,1.076119,1.069107,1.045974,1.059258,1.034136,1.022359,1.035230,1.071558,1.083971,1.042213,1.025530,1.076941
1.082900,1.091383,1.087147,1.085045,1.078119,1.087475,1.091447,1.090025,1.077094,1.089663,1.092146,1.091293,1.083904,1.089672,1.085448,1.083778,1.085880,1.085594,1.084794,1.089423,1.026466,1.085604,1.089341,1.083471,1.088036,1.076771,1.088987,1.084643,1.077047,1.070030,1.046546,1.059893,1.034885,1.023514,1.036572,1.072733,1.085301,1.042881,1.026426,1.076692
1.091230,1.091533,1.087825,1.085877,1.078948,1.088201,1.092182,1.090759,1.077686,1.089748,1.092947,1.092073,1.084709,1.090498,1.086338,1.084868,1.087034,1.086637,1.085759,1.090691,1.027745,1.086802,1.090564,1.084723,1.089223,1.077432,1.089866,1.085597,1.077958,1.070938,1.047108,1.060510,1.035613,1.024658,1.037901,1.073886,1.086614,1.043535,1.027309,1.076424
1.099560,1.091658,1.088477,1.086678,1.079745,1.088898,1.092886,1.091462,1.078249,1.089812,1.093716,1.092822,1.085482,1.091293,1.087195,1.085919,1.088149,1.087643,1.086689,1.091918,1.028987,1.087962,1.091751,1.085940,1.090371,1.078073,1.090720,1.086520,1.078845,1.071824,1.047654,1.061105,1.036314,1.025766,1.039195,1.075007,1.087897,1.044169,1.028172,1.076142
1.107890,1.091760,1.089106,1.087453,1.080514,1.089568,1.093565,1.092140,1.078786,1.089856,1.094459,1.093545,1.086229,1.092060,1.088022,1.086940,1.089234,1.088621,1.087592,1.093120,1.030206,1.089092,1.092909,1.087128,1.091488,1.078697,1.091553,1.087419,1.079715,1.072692,1.048188,1.061682,1.036993,1.026857,1.040470,1.076101,1.089158,1.044787,1.029020,1.075846
1.116220,1.091839,1.089713,1.088201,1.081256,1.090212,1.094218,1.092792,1.079298,1.089881,1.095176,1.094242,1.086949,1.092800,1.088821,1.087928,1.090287,1.089570,1.088466,1.094294,1.031399,1.090191,1.094038,1.088288,1.092573,1.079305,1.092365,1.088294,1.080566,1.073542,1.048710,1.062241,1.037650,1.027926,1.041722,1.077170,1.090396,1.045389,1.029851,1.075535
1.124550,1.091896,1.090299,1.088925,1.081971,1.090831,1.094846,1.093419,1.079786,1.089888,1.095868,1.094913,1.087643,1.093514,1.089591,1.088886,1.091309,1.090490,1.089313,1.095440,1.032566,1.091259,1.095138,1.089419,1.093628,1.079898,1.093157,1.089144,1.081399,1.074375,1.049221,1.062782,1.038285,1.028975,1.042951,1.078213,1.091611,1.045975,1.030667,1.075212
1.132880,1.091932,1.090865,1.089623,1.082660,1.091426,1.095450,1.094022,1.080250,1.089877,1.096534,1.095560,1.088312,1.094202,1.090335,1.089813,1.092301,1.091381,1.090133,1.096558,1.033708,1.092297,1.096209,1.090522,1.094653,1.080475,1.093929,1.089970,1.082214,1.075190,1.049719,1.063308,1.038900,1.030003,1.044158,1.079230,1.092802,1.046547,1.031468,1.074876
1.141210,1.091948,1.091409,1.090297,1.083324,1.091997,1.096031,1.094602,1.080692,1.089850,1.097176,1.096182,1.088956,1.094865,1.091051,1.090710,1.093263,1.092245,1.090925,1.097648,1.034824,1.093305,1.097253,1.091597,1.095647,1.081037,1.094681,1.090773,1.083011,1.075989,1.050207,1.063816,1.039494,1.031009,1.045342,1.080221,1.093970,1.047104,1.032253,1.074529
1.149540,1.091945,1.091934,1.090948,1.083963,1.092545,1.096589,1.095159,1.081112,1.089808,1.097794,1.096781,1.089576,1.095503,1.091741,1.091577,1.094195,1.093082,1.091692,1.098711,1.035915,1.094284,1.098268,1.092644,1.096611,1.081585,1.095414,1.091552,1.083791,1.076771,1.050683,1.064309,1.040068,1.031995,1.046503,1.081188,1.095115,1.047648,1.033024,1.074171
1.157870,1.091931,1.092447,1.091583,1.084584,1.093077,1.097131,1.095700,1.081517,1.089756,1.098396,1.097364,1.090179,1.096125,1.092413,1.092425,1.095109,1.093901,1.092442,1.099757,1.036990,1.095245,1.099267,1.093674,1.097556,1.082124,1.096135,1.092318,1.084560,1.077542,1.051153,1.064792,1.040629,1.032969,1.047652,1.082142,1.096247,1.048182,1.033784,1.073807
1.166200,1.091883,1.092923,1.092175,1.085165,1.093571,1.097635,1.096204,1.081887,1.089679,1.098958,1.097907,1.090742,1.096705,1.093040,1.093219,1.095966,1.094670,1.093143,1.100745,1.038011,1.096148,1.100208,1.094648,1.098446,1.082635,1.096819,1.093040,1.085296,1.078282,1.051600,1.065247,1.041155,1.033894,1.048745,1.083042,1.097326,1.048690,1.034516,1.073426
1.174530,1.091826,1.093391,1.092756,1.085731,1.094052,1.098127,1.096695,1.082245,1.089594,1.099508,1.098438,1.091292,1.097273,1.093653,1.093999,1.096811,1.095426,1.093834,1.101728,1.039027,1.097040,1.101141,1.095612,1.099323,1.083142,1.097496,1.093752,1.086025,1.079014,1.052044,1.065694,1.041671,1.034820,1.049839,1.083937,1.098402,1.049193,1.035241,1.073039
1.182860,1.091752,1.093841,1.093315,1.086275,1.094512,1.098598,1.097165,1.082583,1.089495,1.100035,1.098947,1.091820,1.097817,1.094242,1.094750,1.097627,1.096157,1.094499,1.102682,1.040015,1.097903,1.102047,1.096549,1.100170,1.083634,1.098154,1.094442,1.086737,1.079730,1.052478,1.066127,1.042168,1.035722,1.050907,1.084806,1.099453,1.049683,1.035952,1.072644
1.191190,1.091661,1.094272,1.093852,1.086795,1.094951,1.099048,1.097614,1.082901,1.089384,1.100540,1.099434,1.092325,1.098339,1.094806,1.095474,1.098415,1.096861,1.095139,1.103609,1.040978,1.098738,1.102924,1.097458,1.100989,1.084114,1.098794,1.095111,1.087432,1.080431,1.052902,1.066546,1.042647,1.036603,1.051951,1.085652,1.100480,1.050160,1.036648,1.072240
1.199520,1.091554,1.094685,1.094367,1.087293,1.095369,1.099477,1.098043,1.083200,1.089260,1.101024,1.099900,1.092809,1.098838,1.095346,1.096169,1.099175,1.097540,1.095755,1.104508,1.041915,1.099544,1.103775,1.098340,1.101779,1.084580,1.099416,1.095757,1.088111,1.081115,1.053315,1.066951,1.043108,1.037462,1.052970,1.086475,1.101483,1.050624,1.037330,1.071828
1.207850,1.091431,1.095081,1.094860,1.087769,1.095767,1.099887,1.098452,1.083480,1.089124,1.101486,1.100345,1.093271,1.099315,1.095862,1.096837,1.099906,1.098193,1.096346,1.105380,1.042825,1.100323,1.104599,1.099194,1.102540,1.085033,1.100020,1.096382,1.088774,1.081784,1.053719,1.067342,1.043550,1.038299,1.053966,1.087273,1.102462,1.051075,1.037997,1.071408
1.216180,1.091292,1.095458,1.095332,1.088222,1.096145,1.100276,1.098840,1.083741,1.088976,1.101927,1.100769,1.093711,1.099771,1.096355,1.097477,1.100610,1.098820,1.096914,1.106225,1.043710,1.101073,1.105396,1.100022,1.103274,1.085472,1.100605,1.096985,1.089419,1.082436,1.054111,1.067719,1.043975,1.039114,1.054937,1.088048,1.103417,1.051512,1.038650,1.070981
1.224510,1.091137,1.095817,1.095782,1.088653,1.096502,1.100645,1.099209,1.083984,1.088816,1.102347,1.101172,1.094130,1.100204,1.096824,1.098090,1.101285,1.099421,1.097456,1.107043,1.044569,1.101795,1.106166,1.100822,1.103979,1.085897,1.101172,1.097567,1.090048,1.083071,1.054491,1.068083,1.044381,1.039908,1.055884,1.088800,1.104347,1.051937,1.039287,1.070547
1.232840,1.090967,1.096158,1.096209,1.089062,1.096838,1.100993,1.099557,1.084207,1.088644,1.102746,1.101555,1.094528,1.100615,1.097269,1.098675,1.101933,1.099998,1.097975,1.107834,1.045403,1.102490,1.106910,1.101595,1.104656,1.086308,1.101720,1.098126,1.090659,1.083690,1.054859,1.068432,1.044769,1.040680,1.056807,1.089529,1.105255,1.052347,1.039909,1.070105
1.241170,1.090780,1.096479,1.096614,1.089448,1.097154,1.101322,1.099885,1.084412,1.088460,1.103123,1.101915,1.094903,1.101004,1.097689,1.099232,1.102552,1.100547,1.098468,1.108596,1.046209,1.103155,1.107626,1.102339,1.105303,1.086703,1.102248,1.098662,1.091252,1.084291,1.055214,1.068767,1.045139,1.041428,1.057702,1.090234,1.106135,1.052742,1.040515,1.069656
1.249500,1.090576,1.096780,1.096997,1.089811,1.097450,1.101629,1.100192,1.084598,1.088263,1.103478,1.102255,1.095257,1.101371,1.098086,1.099761,1.103142,1.101070,1.098936,1.109331,1.046988,1.103792,1.108315,1.103057,1.105922,1.087082,1.102757,1.099176,1.091827,1.084875,1.055554,1.069088,1.045490,1.042154,1.058574,1.090916,1.106992,1.053122,1.041105,1.069199
1.257830,1.090356,1.097060,1.097356,1.090151,1.097724,1.101916,1.100479,1.084764,1.088053,1.103811,1.102573,1.095588,1.101715,1.098458,1.100262,1.103704,1.101567,1.099379,1.110037,1.047741,1.104401,1.108976,1.103746,1.106513,1.087445,1.103245,1.099666,1.092383,1.085440,1.055878,1.069394,1.045822,1.042857,1.059420,1.091574,1.107824,1.053486,1.041678,1.068735
1.266160,1.090119,1.097320,1.097692,1.090468,1.097977,1.102182,1.100744,1.084910,1.087831,1.104123,1.102869,1.095897,1.102036,1.098806,1.100734,1.104237,1.102037,1.099796,1.110715,1.048466,1.104981,1.109611,1.104407,1.107074,1.087790,1.103711,1.100132,1.092920,1.085987,1.056187,1.069685,1.046135,1.043535,1.060239,1.092209,1.108630,1.053834,1.042234,1.068263
1.274490,1.089864,1.097557,1.098003,1.090762,1.098208,1.102427,1.100988,1.085037,1.087595,1.104411,1.103143,1.096183,1.102333,1.099128,1.101178,1.104741,1.102479,1.100186,1.111364,1.049163,1.105532,1.110217,1.105040,1.107605,1.088116,1.104157,1.100574,1.093437,1.086514,1.056477,1.069962,1.046429,1.044189,1.061032,1.092819,1.109410,1.054164,1.042773,1.067783
1.282820,1.089592,1.097773,1.098290,1.091031,1.098418,1.102650,1.101211,1.085143,1.087346,1.104677,1.103394,1.096446,1.102608,1.099426,1.101593,1.105215,1.102893,1.100550,1.111983,1.049832,1.106053,1.110794,1.105643,1.108106,1.088424,1.104579,1.100991,1.093933,1.087021,1.056750,1.070223,1.046704,1.044817,1.061797,1.093404,1.110164,1.054476,1.043293,1.067295
1.291150,1.089303,1.097966,1.098552,1.091276,1.098605,1.102850,1.101411,1.085229,1.087083,1.104920,1.103622,1.096686,1.102858,1.099698,1.101978,1.105659,1.103279,1.100886,1.112572,1.050472,1.106544,1.111343,1.106217,1.108577,1.088712,1.104979,1.101382,1.094408,1.087507,1.057004,1.070468,1.046958,1.045420,1.062535,1.093964,1.110891,1.054770,1.043794,1.066799
1.299480,1.088994,1.098135,1.098788,1.091496,1.098770,1.103029,1.101589,1.085293,1.086806,1.105139,1.103827,1.096902,1.103084,1.099943,1.102334,1.106072,1.103636,1.101194,1.113130,1.051083,1.107005,1.111862,1.106761,1.109016,1.088980,1.105354,1.101747,1.094859,1.087971,1.057238,1.070697,1.047191,1.045996,1.063244,1.094499,1.111591,1.055043,1.044274,1.066295
1.307810,1.088667,1.098280,1.098998,1.091691,1.098911,1.103184,1.101744,1.085335,1.086514,1.105333,1.104008,1.097093,1.103285,1.100162,1.102659,1.106454,1.103963,1.101474,1.113657,1.051664,1.107434,1.112352,1.107274,1.109425,1.089225,1.105705,1.102084,1.095287,1.088411,1.057451,1.070909,1.047403,1.046544,1.063925,1.095007,1.112263,1.055296,1.044731,1.065782
1.316140,1.088321,1.098400,1.099181,1.091860,1.099028,1.103315,1.101876,1.085356,1.086207,1.105503,1.104165,1.097259,1.103460,1.100354,1.102953,1.106805,1.104260,1.101725,1.114152,1.052215,1.107832,1.112810,1.107756,1.109801,1.089448,1.106028,1.102393,1.095688,1.088825,1.057644,1.071104,1.047594,1.047065,1.064576,1.095488,1.112906,1.055528,1.045164,1.065261
1.324470,1.087956,1.098494,1.099337,1.092003,1.099121,1.103423,1.101983,1.085354,1.085884,1.105647,1.104297,1.097399,1.103609,1.100518,1.103215,1.107122,1.104526,1.101946,1.114614,1.052733,1.108197,1.113237,1.108206,1.110144,1.089647,1.106324,1.102673,1.096063,1.089212,1.057814,1.071282,1.047761,1.047556,1.065195,1.095941,1.113520,1.055737,1.045571,1.064730
1.332800,1.087571,1.098562,1.099464,1.092118,1.099189,1.103506,1.102066,1.085328,1.085546,1.105765,1.104402,1.097514,1.103731,1.100654,1.103445,1.107406,1.104760,1.102136,1.115042,1.053218,1.108528,1.113631,1.108623,1.110454,1.089821,1.106591,1.102922,1.096408,1.089569,1.057962,1.071442,1.047906,1.048017,1.065780,1.096364,1.114104,1.055922,1.045951,1.064191
1.341130,1.087165,1.098603,1.099562,1.092206,1.099232,1.103563,1.102123,1.085278,1.085190,1.105857,1.104482,1.097601,1.103826,1.100761,1.103642,1.107656,1.104961,1.102294,1.115434,1.053668,1.108826,1.113993,1.109006,1.110729,1.089969,1.106828,1.103140,1.096723,1.089897,1.058087,1.071583,1.048026,1.048447,1.066329,1.096758,1.114657,1.056083,1.046300,1.063641
1.349460,1.086740,1.098616,1.099629,1.092265,1.099248,1.103594,1.102154,1.085204,1.084818,1.105921,1.104534,1.097660,1.103893,1.100837,1.103805,1.107871,1.105127,1.102420,1.115789,1.054082,1.109088,1.114319,1.109353,1.110968,1.090091,1.107033,1.103325,1.097005,1.090191,1.058188,1.071705,1.048122,1.048843,1.066839,1.097121,1.115177,1.056218,1.046618,1.063083
1.357790,1.086294,1.098600,1.099667,1.092296,1.099238,1.103599,1.102159,1.085105,1.084428,1.105956,1.104559,1.097691,1.103931,1.100884,1.103932,1.108049,1.105259,1.102513,1.116105,1.054456,1.109314,1.114611,1.109666,1.111171,1.090184,1.107205,1.103476,1.097254,1.090452,1.058264,1.071807,1.048192,1.049204,1.067307,1.097451,1.115665,1.056327,1.046902,1.062514
1.366120,1.085826,1.098555,1.099673,1.092296,1.099200,1.103576,1.102136,1.084981,1.084021,1.105963,1.104555,1.097694,1.103939,1.100899,1.104024,1.108190,1.105356,1.102571,1.116380,1.054789,1.109502,1.114866,1.109941,1.111337,1.090248,1.107343,1.103593,1.097467,1.090677,1.058316,1.071889,1.048236,1.049530,1.067729,1.097749,1.116117,1.056408,1.047151,1.061936
1.374450,1.085338,1.098481,1.099647,1.092266,1.099134,1.103526,1.102086,1.084830,1.083596,1.105940,1.104522,1.097666,1.103917,1.100882,1.104079,1.108293,1.105415,1.102594,1.116614,1.055078,1.109652,1.115082,1.110177,1.111464,1.090282,1.107446,1.103673,1.097644,1.090865,1.058342,1.071949,1.048253,1.049818,1.068103,1.098012,1.116532,1.056461,1.047363,1.061348
1.382780,1.084829,1.098376,1.099588,1.092205,1.099039,1.103447,1.102007,1.084653,1.083152,1.105887,1.104460,1.097608,1.103865,1.100833,1.104097,1.108356,1.105437,1.102581,1.116804,1.055323,1.109762,1.115260,1.110373,1.111550,1.090286,1.107512,1.103716,1.097782,1.091014,1.058342,1.071988,1.048242,1.050068,1.068426,1.098239,1.116907,1.056485,1.047538,1.060750
1.391110,1.084298,1.098241,1.099495,1.092113,1.098915,1.103338,1.101899,1.084448,1.082690,1.105803,1.104367,1.097519,1.103780,1.100750,1.104076,1.108379,1.105420,1.102532,1.116949,1.055520,1.109831,1.115396,1.110527,1.111596,1.090258,1.107542,1.103722,1.097882,1.091124,1.058316,1.072005,1.048203,1.050277,1.068695,1.098428,1.117239,1.056479,1.047673,1.060141
1.399440,1.083747,1.098074,1.099369,1.091988,1.098761,1.103200,1.101761,1.084215,1.082209,1.105688,1.104243,1.097399,1.103664,1.100634,1.104015,1.108360,1.105363,1.102445,1.117048,1.055669,1.109857,1.115490,1.110636,1.111600,1.090197,1.107533,1.103689,1.097941,1.091194,1.058264,1.071998,1.048136,1.050445,1.068907,1.098579,1.117522,1.056442,1.047768,1.059523
1.407770,1.083174,1.097876,1.099208,1.091830,1.098577,1.103032,1.101593,1.083955,1.081709,1.105540,1.104088,1.097246,1.103514,1.100483,1.103914,1.108298,1.105266,1.102320,1.117099,1.055767,1.109840,1.115540,1.110700,1.111561,1.090104,1.107485,1.103616,1.097961,1.091223,1.058185,1.071967,1.048039,1.050571,1.069062,1.098690,1.117755,1.056374,1.047823,1.058895
1.416100,1.082581,1.097646,1.099012,1.091639,1.098362,1.102833,1.101394,1.083666,1.081190,1.105360,1.103900,1.097061,1.103332,1.100297,1.103773,1.108193,1.105129,1.102156,1.117102,1.055814,1.109778,1.115544,1.110716,1.111477,1.089978,1.107398,1.103503,1.097939,1.091210,1.058079,1.071911,1.047912,1.050653,1.069158,1.098760,1.117932,1.056275,1.047837,1.058257
1.424430,1.081967,1.097384,1.098781,1.091415,1.098116,1.102603,1.101164,1.083349,1.080653,1.105147,1.103681,1.096842,1.103116,1.100075,1.103590,1.108045,1.104950,1.101953,1.117056,1.055810,1.109671,1.115501,1.110682,1.111349,1.089818,1.107271,1.103350,1.097875,1.091155,1.057945,1.071829,1.047756,1.050692,1.069194,1.098786,1.118052,1.056143,1.047810,1.057610
1.432760,1.081333,1.097090,1.098514,1.091157,1.097838,1.102341,1.100903,1.083002,1.080096,1.104901,1.103428,1.096591,1.102866,1.099819,1.103365,1.107852,1.104729,1.101711,1.116960,1.055754,1.109517,1.115411,1.110599,1.111175,1.089624,1.107105,1.103156,1.097770,1.091059,1.057785,1.071721,1.047569,1.050686,1.069171,1.098769,1.118112,1.055980,1.047741,1.056954
1.441090,1.080679,1.096765,1.098213,1.090865,1.097529,1.102049,1.100610,1.082627,1.079521,1.104622,1.103144,1.096306,1.102582,1.099527,1.103099,1.107614,1.104467,1.101430,1.116815,1.055646,1.109317,1.115273,1.110464,1.110957,1.089397,1.106899,1.102922,1.097624,1.090920,1.057598,1.071586,1.047352,1.050637,1.069087,1.098709,1.118109,1.055784,1.047631,1.056288
1.449420,1.080007,1.096408,1.097876,1.090540,1.097189,1.101724,1.100287,1.082224,1.078928,1.104309,1.102827,1.095988,1.102265,1.099199,1.102791,1.107333,1.104164,1.101110,1.116621,1.055486,1.109072,1.115087,1.110279,1.110693,1.089136,1.106653,1.102648,1.097436,1.090740,1.057383,1.071424,1.047104,1.050543,1.068944,1.098604,1.118044,1.055557,1.047480,1.055615
1.457750,1.079316,1.096021,1.097505,1.090181,1.096818,1.101369,1.099932,1.081792,1.078317,1.103964,1.102477,1.095637,1.101914,1.098837,1.102443,1.107008,1.103820,1.100752,1.116378,1.055275,1.108780,1.114853,1.110044,1.110385,1.088843,1.106368,1.102334,1.097207,1.090518,1.057143,1.071235,1.046827,1.050406,1.068742,1.098456,1.117916,1.055298,1.047288,1.054933
1.466080,1.078608,1.095603,1.097100,1.089790,1.096416,1.100983,1.099546,1.081333,1.077689,1.103587,1.102096,1.095254,1.101531,1.098440,1.102054,1.106640,1.103436,1.100356,1.116087,1.055013,1.108443,1.114572,1.109758,1.110032,1.088516,1.106044,1.101980,1.096937,1.090256,1.056876,1.071018,1.046519,1.050224,1.068482,1.098264,1.117726,1.055008,1.047056,1.054244
1.474410,1.077883,1.095156,1.096662,1.089366,1.095985,1.100566,1.099130,1.080847,1.077045,1.103178,1.101683,1.094839,1.101115,1.098010,1.101626,1.106231,1.103013,1.099923,1.115750,1.054701,1.108062,1.114244,1.109422,1.109636,1.088158,1.105683,1.101589,1.096628,1.089954,1.056584,1.070774,1.046183,1.050001,1.068166,1.098029,1.117473,1.054688,1.046784,1.053548
1.482740,1.077143,1.094681,1.096192,1.088911,1.095523,1.100120,1.098685,1.080334,1.076386,1.102738,1.101240,1.094393,1.100668,1.097546,1.101159,1.105779,1.102552,1.099454,1.115366,1.054342,1.107638,1.113870,1.109038,1.109198,1.087769,1.105285,1.101159,1.096280,1.089612,1.056267,1.070503,1.045818,1.049736,1.067794,1.097751,1.117160,1.054337,1.046474,1.052846
1.491070,1.076389,1.094177,1.095690,1.088426,1.095034,1.099645,1.098211,1.079795,1.075711,1.102268,1.100767,1.093917,1.100189,1.097051,1.100654,1.105288,1.102053,1.098950,1.114937,1.053934,1.107171,1.113453,1.108607,1.108718,1.087349,1.104851,1.100694,1.095894,1.089232,1.055925,1.070205,1.045426,1.049430,1.067367,1.097432,1.116787,1.053958,1.046126,1.052139
1.499400,1.075621,1.093647,1.095158,1.087911,1.094517,1.099143,1.097709,1.079232,1.075023,1.101768,1.100266,1.093411,1.099681,1.096524,1.100114,1.104758,1.101518,1.098413,1.114464,1.053481,1.106663,1.112991,1.108131,1.108199,1.086900,1.104382,1.100193,1.095470,1.088814,1.055560,1.069880,1.045006,1.049084,1.066888,1.097073,1.116356,1.053550,1.045740,1.051427
1.507730,1.074841,1.093091,1.094597,1.087367,1.093973,1.098613,1.097180,1.078646,1.074322,1.101240,1.099736,1.092877,1.099145,1.095968,1.099538,1.104191,1.100949,1.097843,1.113949,1.052983,1.106116,1.112488,1.107609,1.107641,1.086423,1.103879,1.099658,1.095010,1.088360,1.055172,1.069530,1.044560,1.048699,1.066358,1.096675,1.115869,1.053115,1.045318,1.050711
1.516060,1.074051,1.092511,1.094008,1.086796,1.093403,1.098058,1.096625,1.078036,1.073609,1.100685,1.099180,1.092316,1.098581,1.095383,1.098928,1.103587,1.100346,1.097241,1.113394,1.052442,1.105530,1.111944,1.107045,1.107046,1.085919,1.103343,1.099090,1.094516,1.087870,1.054762,1.069155,1.044089,1.048277,1.065778,1.096238,1.115328,1.052653,1.044861,1.049992
1.524390,1.073251,1.091907,1.093392,1.086199,1.092810,1.097477,1.096046,1.077406,1.072886,1.100104,1.098598,1.091728,1.097990,1.094770,1.098286,1.102949,1.099711,1.096610,1.112798,1.051858,1.104908,1.111361,1.106439,1.106414,1.085388,1.102776,1.098490,1.093987,1.087346,1.054331,1.068756,1.043594,1.047818,1.065150,1.095764,1.114734,1.052166,1.044370,1.049272
1.532720,1.072442,1.091281,1.092750,1.085576,1.092192,1.096873,1.095443,1.076755,1.072153,1.099498,1.097992,1.091116,1.097374,1.094131,1.097613,1.102277,1.099045,1.095949,1.112163,1.051233,1.104249,1.110740,1.105793,1.105748,1.084832,1.102178,1.097860,1.093425,1.086789,1.053879,1.068333,1.043075,1.047323,1.064475,1.095255,1.114089,1.051655,1.043846,1.048550
1.541050,1.071627,1.090634,1.092084,1.084930,1.091553,1.096247,1.094817,1.076085,1.071412,1.098868,1.097362,1.090480,1.096733,1.093467,1.096910,1.101573,1.098349,1.095261,1.111492,1.050570,1.103557,1.110083,1.105109,1.105049,1.084252,1.101552,1.097200,1.092832,1.086200,1.053407,1.067888,1.042534,1.046794,1.063755,1.094711,1.113396,1.051121,1.043290,1.047828
1.549380,1.070806,1.089967,1.091395,1.084260,1.090893,1.095599,1.094170,1.075397,1.070663,1.098215,1.096710,1.089821,1.096070,1.092779,1.096179,1.100839,1.097626,1.094548,1.110786,1.049868,1.102833,1.109391,1.104388,1.104319,1.083650,1.100898,1.096514,1.092209,1.085581,1.052917,1.067421,1.041973,1.046232,1.062992,1.094135,1.112655,1.050564,1.042703,1.047106
1.557710,1.069980,1.089281,1.090685,1.083570,1.090213,1.094932,1.093503,1.074693,1.069909,1.097542,1.096038,1.089141,1.095386,1.092068,1.095422,1.100075,1.096876,1.093809,1.110046,1.049131,1.102077,1.108666,1.103632,1.103558,1.083027,1.100217,1.095800,1.091556,1.084931,1.052409,1.066933,1.041391,1.045638,1.062187,1.093526,1.111870,1.049987,1.042086,1.046386
1.566040,1.069152,1.088579,1.089954,1.082859,1.089515,1.094245,1.092818,1.073974,1.069150,1.096848,1.095345,1.088442,1.094681,1.091337,1.094639,1.099285,1.096101,1.093048,1.109273,1.048359,1.101293,1.107910,1.102842,1.102769,1.082383,1.099512,1.095062,1.090876,1.084254,1.051884,1.066426,1.040790,1.045014,1.061342,1.092887,1.111041,1.049389,1.041440,1.045669
1.574370,1.068321,1.087860,1.089204,1.082130,1.088800,1.093541,1.092115,1.073241,1.068387,1.096136,1.094635,1.087723,1.093957,1.090586,1.093832,1.098468,1.095303,1.092265,1.108470,1.047553,1.100480,1.107123,1.102021,1.101953,1.081720,1.098782,1.094301,1.090169,1.083549,1.051344,1.065900,1.040172,1.044360,1.060459,1.092219,1.110172,1.048773,1.040767,1.044954
1.582700,1.067491,1.087127,1.088436,1.081383,1.088069,1.092820,1.091395,1.072495,1.067622,1.095406,1.093907,1.086987,1.093215,1.089816,1.093002,1.097627,1.094482,1.091461,1.107637,1.046716,1.099641,1.106307,1.101169,1.101111,1.081040,1.098031,1.093517,1.089436,1.082818,1.050788,1.065356,1.039538,1.043679,1.059538,1.091524,1.109263,1.048140,1.040067,1.044244
1.591030,1.066661,1.086379,1.087652,1.080620,1.087323,1.092085,1.090661,1.071738,1.066855,1.094660,1.093164,1.086235,1.092457,1.089029,1.092152,1.096763,1.093640,1.090638,1.106776,1.045848,1.098777,1.105465,1.100288,1.100245,1.080343,1.097258,1.092712,1.088679,1.082063,1.050218,1.064795,1.038887,1.042971,1.058583,1.090801,1.108316,1.047490,1.039342,1.043540
1.599360,1.065832,1.085620,1.086853,1.079842,1.086564,1.091336,1.089913,1.070970,1.066089,1.093899,1.092406,1.085468,1.091684,1.088226,1.091282,1.095877,1.092779,1.089798,1.105889,1.044951,1.097889,1.104597,1.099381,1.099357,1.079630,1.096466,1.091888,1.087900,1.081283,1.049634,1.064218,1.038223,1.042237,1.057593,1.090054,1.107335,1.046825,1.038593,1.042841
1.607690,1.065008,1.084849,1.086039,1.079050,1.085793,1.090574,1.089152,1.070194,1.065323,1.093124,1.091635,1.084688,1.090896,1.087409,1.090393,1.094971,1.091900,1.088941,1.104976,1.044027,1.096980,1.103704,1.098447,1.098447,1.078904,1.095654,1.091045,1.087098,1.080482,1.049038,1.063627,1.037545,1.041479,1.056572,1.089283,1.106319,1.046145,1.037820,1.042149
1.616020,1.064187,1.084068,1.085213,1.078246,1.085011,1.089800,1.088380,1.069410,1.064560,1.092337,1.090851,1.083895,1.090096,1.086578,1.089488,1.094046,1.091004,1.088069,1.104040,1.043076,1.096050,1.102789,1.097490,1.097517,1.078164,1.094826,1.090186,1.086276,1.079659,1.048431,1.063022,1.036855,1.040698,1.055519,1.088490,1.105271,1.045453,1.037026,1.041464
1.624350,1.063372,1.083278,1.084376,1.077430,1.084219,1.089017,1.087597,1.068620,1.063800,1.091539,1.090057,1.083090,1.089285,1.085735,1.088567,1.093103,1.090092,1.087182,1.103081,1.042100,1.095100,1.101852,1.096509,1.096569,1.077413,1.093981,1.089310,1.085434,1.078816,1.047813,1.062404,1.036153,1.039896,1.054438,1.087675,1.104193,1.044748,1.036210,1.040788
1.632680,1.062563,1.082480,1.083528,1.076604,1.083419,1.088224,1.086805,1.067824,1.063044,1.090730,1.089252,1.082276,1.088462,1.084881,1.087631,1.092144,1.089166,1.086284,1.102101,1.041101,1.094133,1.100895,1.095508,1.095603,1.076651,1.093122,1.088420,1.084574,1.077955,1.047184,1.061774,1.035442,1.039072,1.053328,1.086840,1.103086,1.044033,1.035375,1.040121
1.641010,1.061762,1.081676,1.082671,1.075769,1.082611,1.087423,1.086006,1.067024,1.062293,1.089912,1.088439,1.081452,1.087631,1.084017,1.086682,1.091170,1.088227,1.085373,1.101101,1.040079,1.093149,1.099920,1.094486,1.094622,1.075879,1.092248,1.087517,1.083697,1.077075,1.046547,1.061134,1.034721,1.038228,1.052191,1.085987,1.101952,1.043307,1.034520,1.039464
1.649340,1.060969,1.080865,1.081806,1.074925,1.081797,1.086615,1.085199,1.066221,1.061548,1.089086,1.087619,1.080620,1.086791,1.083144,1.085722,1.090183,1.087276,1.084453,1.100082,1.039036,1.092150,1.098927,1.093446,1.093625,1.075098,1.091362,1.086602,1.082803,1.076179,1.045901,1.060483,1.033992,1.037366,1.051030,1.085116,1.100793,1.042572,1.033648,1.038817
1.657670,1.060185,1.080049,1.080933,1.074075,1.080977,1.085802,1.084387,1.065415,1.060811,1.088253,1.086791,1.079782,1.085945,1.082264,1.084750,1.089182,1.086314,1.083523,1.099046,1.037973,1.091136,1.097918,1.092388,1.092615,1.074310,1.090464,1.085675,1.081894,1.075266,1.045247,1.059824,1.033256,1.036487,1.049844,1.084228,1.099609,1.041830,1.032758,1.038182
1.666000,1.059412,1.079230,1.080055,1.073219,1.080153,1.084983,1.083569,1.064609,1.060081,1.087413,1.085958,1.078937,1.085092,1.081377,1.083769,1.088170,1.085343,1.082585,1.097993,1.036891,1.090110,1.096894,1.091315,1.091593,1.073514,1.089555,1.084738,1.080971,1.074339,1.044586,1.059156,1.032513,1.035591,1.048636,1.083325,1.098403,1.041079,1.031852,1.037558
1.674330,1.058649,1.078407,1.079171,1.072358,1.079326,1.084160,1.082748,1.063803,1.059359,1.086569,1.085121,1.078088,1.084233,1.080484,1.082778,1.087147,1.084363,1.081639,1.096925,1.035791,1.089071,1.095855,1.090226,1.090559,1.072713,1.088637,1.083792,1.080035,1.073398,1.043919,1.058481,1.031765,1.034679,1.047405,1.082407,1.097176,1.040323,1.030931,1.036946
1.682660,1.057898,1.077582,1.078283,1.071493,1.078496,1.083335,1.081923,1.062997,1.058647,1.085721,1.084279,1.077234,1.083371,1.079587,1.081780,1.086115,1.083375,1.080687,1.095843,1.034674,1.088022,1.094804,1.089124,1.089516,1.071906,1.087710,1.082838,1.079087,1.072444,1.043246,1.057799,1.031011,1.033752,1.046155,1.081476,1.095929,1.039561,1.029996,1.036348
1.690990,1.057159,1.076755,1.077391,1.070625,1.077664,1.082506,1.081096,1.062192,1.057945,1.084869,1.083435,1.076377,1.082505,1.078686,1.080775,1.085075,1.082380,1.079730,1.094747,1.033542,1.086963,1.093742,1.088009,1.088462,1.071095,1.086775,1.081877,1.078128,1.071478,1.042568,1.057112,1.030254,1.032812,1.044885,1.080533,1.094664,1.038794,1.029047,1.035762
1.699320,1.056433,1.075927,1.076496,1.069754,1.076832,1.081677,1.080268,1.061390,1.057253,1.084015,1.082588,1.075518,1.081636,1.077781,1.079764,1.084027,1.081379,1.078768,1.093639,1.032395,1.085894,1.092668,1.086882,1.087401,1.070280,1.085832,1.080909,1.077157,1.070500,1.041885,1.056419,1.029493,1.031859,1.043597,1.079578,1.093381,1.038022,1.028085,1.035189
1.707650,1.055720,1.075099,1.075600,1.068881,1.075999,1.080846,1.079438,1.060591,1.056573,1.083158,1.081739,1.074657,1.080765,1.076874,1.078748,1.082972,1.080373,1.077802,1.092519,1.031234,1.084818,1.091585,1.085745,1.086332,1.069463,1.084884,1.079935,1.076177,1.069513,1.041197,1.055722,1.028730,1.030893,1.042292,1.078612,1.092082,1.037248,1.027112,1.034631
1.715980,1.055021,1.074271,1.074702,1.068007,1.075166,1.080016,1.078609,1.059796,1.055904,1.082301,1.080890,1.073795,1.079893,1.075966,1.077727,1.081911,1.079363,1.076833,1.091389,1.030060,1.083735,1.090492,1.084598,1.085256,1.068642,1.083929,1.078957,1.075189,1.068515,1.040506,1.055022,1.027965,1.029916,1.040971,1.077637,1.090768,1.036470,1.026127,1.034087
1.724310,1.054335,1.073444,1.073803,1.067133,1.074335,1.079186,1.077780,1.059004,1.055247,1.081443,1.080041,1.072933,1.079020,1.075057,1.076703,1.080844,1.078348,1.075861,1.090249,1.028874,1.082645,1.089392,1.083442,1.084174,1.067821,1.082970,1.077974,1.074192,1.067509,1.039812,1.054318,1.027198,1.028929,1.039634,1.076653,1.089440,1.035690,1.025132,1.033557
1.732640,1.053664,1.072618,1.072904,1.066259,1.073506,1.078357,1.076952,1.058218,1.054602,1.080585,1.079192,1.072070,1.078147,1.074147,1.075676,1.079774,1.077331,1.074888,1.089100,1.027677,1.081550,1.088284,1.082278,1.083087,1.066997,1.082007,1.076988,1.073187,1.066494,1.039114,1.053612,1.026430,1.027932,1.038283,1.075661,1.088099,1.034908,1.024128,1.033041
1.740970,1.053008,1.071794,1.072005,1.065386,1.072678,1.077529,1.076126,1.057437,1.053970,1.079728,1.078344,1.071209,1.077275,1.073237,1.074646,1.078699,1.076312,1.073913,1.087943,1.026469,1.080450,1.087170,1.081107,1.081996,1.066174,1.081040,1.075998,1.072176,1.065472,1.038414,1.052904,1.025661,1.026925,1.036919,1.074661,1.086747,1.034125,1.023114,1.032541
1.749300,1.052366,1.070972,1.071107,1.064514,1.071853,1.076704,1.075302,1.056661,1.053351,1.078872,1.077498,1.070348,1.076404,1.072328,1.073615,1.077622,1.075290,1.072938,1.086778,1.025251,1.079345,1.086050,1.079929,1.080901,1.065349,1.080070,1.075007,1.071159,1.064444,1.037712,1.052194,1.024893,1.025910,1.035542,1.073654,1.085383,1.033341,1.022093,1.032055
1.757630,1.051739,1.070153,1.070211,1.063644,1.071032,1.075881,1.074480,1.055891,1.052745,1.078017,1.076653,1.069490,1.075534,1.071421,1.072582,1.076541,1.074268,1.071962,1.085607,1.024025,1.078237,1.084925,1.078746,1.079803,1.064525,1.079098,1.074013,1.070136,1.063409,1.037007,1.051484,1.024125,1.024887,1.034154,1.072641,1.084010,1.032557,1.021064,1.031584
1.765960,1.051127,1.069336,1.069316,1.062776,1.070214,1.075062,1.073662,1.055128,1.052152,1.077164,1.075811,1.068633,1.074666,1.070515,1.071549,1.075459,1.073244,1.070987,1.084430,1.022791,1.077126,1.083795,1.077558,1.078703,1.063702,1.078124,1.073019,1.069109,1.062370,1.036301,1.050772,1.023358,1.023857,1.032757,1.071623,1.082627,1.031773,1.020029,1.031128
1.774290,1.050530,1.068523,1.068423,1.061911,1.069399,1.074245,1.072847,1.054372,1.051572,1.076314,1.074972,1.067779,1.073800,1.069611,1.070516,1.074376,1.072221,1.070013,1.083247,1.021550,1.076014,1.082662,1.076365,1.077601,1.062879,1.077149,1.072024,1.068079,1.061326,1.035594,1.050061,1.022591,1.022821,1.031350,1.070600,1.081237,1.030989,1.018988,1.030686
1.782620,1.049948,1.067713,1.067533,1.061049,1.068590,1.073433,1.072035,1.053622,1.051005,1.075467,1.074136,1.066928,1.072938,1.068710,1.069483,1.073292,1.071199,1.069040,1.082060,1.020303,1.074899,1.081526,1.075170,1.076497,1.062059,1.076174,1.071029,1.067047,1.060280,1.034885,1.049350,1.021827,1.021779,1.029937,1.069573,1.079839,1.030207,1.017945,1.030260
1.790950,1.049381,1.066908,1.066647,1.060191,1.067785,1.072624,1.071228,1.052880,1.050452,1.074623,1.073303,1.066081,1.072079,1.067812,1.068452,1.072209,1.070178,1.068070,1.080871,1.019052,1.073785,1.080388,1.073972,1.075394,1.061241,1.075200,1.070036,1.066014,1.059234,1.034176,1.048640,1.021065,1.020733,1.028518,1.068543,1.078436,1.029426,1.016900,1.029848
1.799280,1.048829,1.066108,1.065764,1.059336,1.066985,1.071821,1.070426,1.052146,1.049913,1.073783,1.072475,1.065237,1.071223,1.066917,1.067423,1.071126,1.069159,1.067102,1.079679,1.017798,1.072670,1.079248,1.072772,1.074292,1.060425,1.074228,1.069045,1.064982,1.058188,1.033466,1.047931,1.020304,1.019683,1.027095,1.067510,1.077027,1.028648,1.015855,1.029451
1.807610,1.048291,1.065312,1.064886,1.058486,1.066190,1.071022,1.069628,1.051419,1.049386,1.072947,1.071651,1.064398,1.070372,1.066027,1.066397,1.070046,1.068143,1.066138,1.078485,1.016541,1.071557,1.078109,1.071572,1.073190,1.059614,1.073259,1.068057,1.063951,1.057143,1.032756,1.047223,1.019547,1.018630,1.025669,1.066475,1.075615,1.027873,1.014810,1.029069
1.815940,1.047769,1.064522,1.064012,1.057641,1.065401,1.070228,1.068836,1.050701,1.048873,1.072116,1.070832,1.063563,1.069525,1.065141,1.065373,1.068967,1.067130,1.065178,1.077292,1.015283,1.070445,1.076969,1.070372,1.072091,1.058806,1.072293,1.067072,1.062922,1.056099,1.032047,1.046517,1.018793,1.017575,1.024242,1.065439,1.074200,1.027101,1.013767,1.028701
1.824270,1.047261,1.063737,1.063143,1.056801,1.064619,1.069441,1.068049,1.049991,1.048374,1.071290,1.070018,1.062734,1.068683,1.064261,1.064354,1.067892,1.066121,1.064222,1.076099,1.014024,1.069335,1.075831,1.069173,1.070994,1.058002,1.071330,1.066091,1.061895,1.055059,1.031341,1.045814,1.018042,1.016519,1.022815,1.064403,1.072784,1.026333,1.012726,1.028347
1.832600,1.046768,1.062960,1.062281,1.055967,1.063843,1.068659,1.067268,1.049289,1.047887,1.070469,1.069209,1.061910,1.067847,1.063385,1.063339,1.066820,1.065117,1.063272,1.074907,1.012767,1.068229,1.074695,1.067976,1.069901,1.057204,1.070372,1.065114,1.060872,1.054021,1.030637,1.045113,1.017295,1.015463,1.021389,1.063367,1.071367,1.025569,1.011687,1.028007
1.840930,1.046289,1.062190,1.061425,1.055139,1.063073,1.067883,1.066494,1.048597,1.047414,1.069653,1.068407,1.061092,1.067016,1.062516,1.062329,1.065753,1.064118,1.062327,1.073718,1.011511,1.067127,1.073562,1.066781,1.068812,1.056411,1.069419,1.064143,1.059853,1.052987,1.029937,1.044415,1.016552,1.014407,1.019966,1.062333,1.069953,1.024811,1.010651,1.027681
1.849260,1.045825,1.061428,1.060575,1.054318,1.062311,1.067114,1.065726,1.047913,1.046953,1.068844,1.067611,1.060280,1.066192,1.061653,1.061324,1.064691,1.063126,1.061389,1.072532,1.010259,1.066029,1.072432,1.065591,1.067727,1.055625,1.068471,1.063177,1.058838,1.051958,1.029243,1.043720,1.015814,1.013353,1.018547,1.061300,1.068541,1.024059,1.009619,1.027369
1.857590,1.045376,1.060674,1.059734,1.053504,1.061556,1.066353,1.064966,1.047238,1.046506,1.068042,1.066822,1.059475,1.065374,1.060796,1.060326,1.063635,1.062139,1.060458,1.071350,1.009010,1.064937,1.071307,1.064405,1.066649,1.054846,1.067530,1.062218,1.057829,1.050934,1.028554,1.043029,1.015081,1.012302,1.017133,1.060270,1.067134,1.023312,1.008592,1.027071
1.865920,1.044940,1.059929,1.058900,1.052697,1.060809,1.065598,1.064212,1.046572,1.046071,1.067246,1.066039,1.058677,1.064563,1.059947,1.059334,1.062586,1.061160,1.059534,1.070173,1.007766,1.063851,1.070187,1.063225,1.065577,1.054074,1.066596,1.061266,1.056825,1.049915,1.027873,1.042342,1.014354,1.011253,1.015725,1.059243,1.065732,1.022573,1.007569,1.026786
1.874250,1.044519,1.059194,1.058075,1.051898,1.060070,1.064851,1.063466,1.045916,1.045649,1.066458,1.065264,1.057886,1.063760,1.059106,1.058350,1.061543,1.060188,1.058618,1.069003,1.006529,1.062771,1.069073,1.062052,1.064511,1.053310,1.065668,1.060321,1.055828,1.048902,1.027198,1.041659,1.013632,1.010209,1.014324,1.058220,1.064338,1.021841,1.006552,1.026514
1.882580,1.044112,1.058468,1.057258,1.051107,1.059339,1.064112,1.062728,1.045270,1.045239,1.065678,1.064497,1.057103,1.062964,1.058272,1.057374,1.060509,1.059225,1.057710,1.067838,1.005297,1.061699,1.067967,1.060886,1.063454,1.052555,1.064749,1.059385,1.054837,1.047896,1.026533,1.040981,1.012917,1.009170,1.012932,1.057202,1.062951,1.021116,1.005541,1.026254
1.890910,1.043718,1.057753,1.056451,1.050324,1.058616,1.063381,1.061999,1.044633,1.044841,1.064905,1.063738,1.056329,1.062177,1.057447,1.056405,1.059482,1.058270,1.056812,1.066682,1.004073,1.060636,1.066867,1.059728,1.062404,1.051808,1.063837,1.058456,1.053854,1.046897,1.025876,1.040308,1.012209,1.008137,1.011549,1.056190,1.061574,1.020400,1.004537,1.026007
1.899240,1.043338,1.057047,1.055653,1.049550,1.057903,1.062659,1.061277,1.044005,1.044455,1.064141,1.062988,1.055562,1.061398,1.056630,1.055446,1.058464,1.057324,1.055923,1.065533,1.002858,1.059581,1.065776,1.058579,1.061363,1.051070,1.062934,1.057536,1.052878,1.045905,1.025228,1.039640,1.011507,1.007110,1.010176,1.055184,1.060208,1.019691,1.003539,1.025773
1.907570,1.042971,1.056353,1.054865,1.048785,1.057198,1.061945,1.060565,1.043388,1.044081,1.063385,1.062246,1.054805,1.060628,1.055823,1.054496,1.057456,1.056387,1.055043,1.064393,1.001652,1.058535,1.064694,1.057439,1.060332,1.050341,1.062040,1.056626,1.051910,1.044922,1.024591,1.038978,1.010814,1.006090,1.008814,1.054185,1.058853,1.018992,1.002548,1.025550
1.915900,1.042617,1.055669,1.054088,1.048030,1.056503,1.061241,1.059861,1.042781,1.043719,1.062639,1.061513,1.054056,1.059867,1.055025,1.053556,1.056457,1.055461,1.054173,1.063263,1.000455,1.057499,1.063622,1.056310,1.059310,1.049622,1.061156,1.055725,1.050950,1.043946,1.023964,1.038322,1.010128,1.005079,1.007464,1.053194,1.057511,1.018301,1.001565,1.025339
1.924230,1.042275,1.054997,1.053320,1.047284,1.055817,1.060545,1.059167,1.042183,1.043368,1.061902,1.060790,1.053317,1.059116,1.054237,1.052626,1.055469,1.054545,1.053314,1.062143,0.999269,1.056474,1.062560,1.055193,1.058299,1.048912,1.060281,1.054834,1.050000,1.042980,1.023347,1.037673,1.009451,1.004075,1.006127,1.052212,1.056183,1.017620,1.000591,1.025140
1.932560,1.041945,1.054335,1.052564,1.046549,1.055141,1.059860,1.058483,1.041596,1.043028,1.061176,1.060076,1.052588,1.058374,1.053459,1.051706,1.054492,1.053639,1.052466,1.061034,0.998094,1.055460,1.061509,1.054087,1.057299,1.048213,1.059415,1.053953,1.049058,1.042022,1.022742,1.037032,1.008784,1.003082,1.004803,1.051239,1.054869,1.016948,0.999625,1.024951
1.940890,1.041627,1.053686,1.051818,1.045824,1.054476,1.059185,1.057808,1.041020,1.042699,1.060459,1.059373,1.051870,1.057643,1.052691,1.050798,1.053526,1.052745,1.051628,1.059937,0.996932,1.054458,1.060470,1.052994,1.056310,1.047524,1.058561,1.053083,1.048126,1.041074,1.022148,1.036400,1.008125,1.002098,1.003494,1.050277,1.053570,1.016286,0.998667,1.024773
1.949220,1.041321,1.053047,1.051084,1.045109,1.053821,1.058520,1.057145,1.040454,1.042381,1.059753,1.058681,1.051162,1.056923,1.051935,1.049901,1.052572,1.051862,1.050803,1.058852,0.995781,1.053468,1.059444,1.051914,1.055333,1.046846,1.057716,1.052224,1.047204,1.040136,1.021565,1.035777,1.007477,1.001125,1.002199,1.049325,1.052289,1.015634,0.997720,1.024606
1.957550,1.041026,1.052421,1.050362,1.044406,1.053177,1.057867,1.056492,1.039899,1.042074,1.059059,1.057999,1.050465,1.056214,1.051190,1.049016,1.051630,1.050992,1.049989,1.057779,0.994645,1.052490,1.058430,1.050848,1.054368,1.046178,1.056883,1.051376,1.046293,1.039208,1.020995,1.035163,1.006839,1.000163,1.000921,1.048384,1.051024,1.014992,0.996781,1.024449
1.965880,1.040742,1.051806,1.049651,1.043714,1.052544,1.057224,1.055851,1.039355,1.041778,1.058376,1.057329,1.049780,1.055517,1.050456,1.048144,1.050701,1.050133,1.049187,1.056720,0.993522,1.051526,1.057430,1.049796,1.053417,1.045521,1.056061,1.050540,1.045392,1.038291,1.020436,1.034561,1.006211,0.999214,0.999658,1.047456,1.049777,1.014360,0.995853,1.024302
1.974210,1.040469,1.051203,1.048953,1.043034,1.051923,1.056594,1.055221,1.038822,1.041491,1.057704,1.056671,1.049106,1.054831,1.049734,1.047284,1.049785,1.049287,1.048397,1.055675,0.992413,1.050575,1.056445,1.048760,1.052478,1.044875,1.055250,1.049716,1.044502,1.037384,1.019889,1.033969,1.005595,0.998276,0.998413,1.046541,1.048550,1.013739,0.994935,1.024165
1.982540,1.040206,1.050613,1.048266,1.042365,1.051314,1.055975,1.054603,1.038301,1.041215,1.057045,1.056025,1.048445,1.054158,1.049025,1.046437,1.048882,1.048454,1.047620,1.054645,0.991319,1.049638,1.055473,1.047739,1.051553,1.044240,1.054451,1.048904,1.043623,1.036488,1.019354,1.033389,1.004990,0.997352,0.997185,1.045638,1.047341,1.013128,0.994028,1.024037
1.990870,1.039953,1.050034,1.047592,1.041709,1.050716,1.055367,1.053997,1.037790,1.040949,1.056397,1.055390,1.047795,1.053496,1.048328,1.045603,1.047993,1.047633,1.046856,1.053629,0.990241,1.048716,1.054517,1.046734,1.050643,1.043617,1.053664,1.048104,1.042755,1.035604,1.018832,1.032822,1.004396,0.996441,0.995975,1.044749,1.046153,1.012528,0.993131,1.023918
1.999200,1.039709,1.049466,1.046930,1.041064,1.050130,1.054772,1.053402,1.037291,1.040693,1.055762,1.054768,1.047158,1.052847,1.047643,1.044783,1.047118,1.046826,1.046104,1.052628,0.989179,1.047808,1.053576,1.045745,1.049746,1.043005,1.052889,1.047316,1.041899,1.034731,1.018321,1.032266,1.003814,0.995544,0.994783,1.043874,1.044985,1.011939,0.992246,1.023808
2.007530,1.039475,1.048911,1.046280,1.040432,1.049557,1.054189,1.052820,1.036803,1.040446,1.055140,1.054158,1.046533,1.052210,1.046971,1.043976,1.046257,1.046032,1.045365,1.051643,0.988134,1.046915,1.052650,1.044773,1.048864,1.042404,1.052126,1.046541,1.041055,1.033871,1.017823,1.031723,1.003244,0.994661,0.993611,1.043013,1.043838,1.011360,0.991372,1.023707
2.015860,1.039249,1.048368,1.045643,1.039812,1.048995,1.053619,1.052250,1.036326,1.040208,1.054530,1.053561,1.045921,1.051586,1.046312,1.043184,1.045411,1.045252,1.044640,1.050674,0.987105,1.046037,1.051740,1.043818,1.047997,1.041815,1.051375,1.045780,1.040224,1.033023,1.017337,1.031193,1.002685,0.993793,0.992459,1.042166,1.042713,1.010793,0.990511,1.023613
2.024190,1.039033,1.047837,1.045019,1.039204,1.048446,1.053060,1.051693,1.035860,1.039979,1.053932,1.052976,1.045322,1.050975,1.045665,1.042405,1.044579,1.044486,1.043928,1.049722,0.986093,1.045175,1.050847,1.042880,1.047145,1.041237,1.050638,1.045031,1.039406,1.032189,1.016863,1.030676,1.002139,0.992940,0.991327,1.041334,1.041611,1.010236,0.989663,1.023528
2.032520,1.038824,1.047317,1.044407,1.038609,1.047908,1.052514,1.051148,1.035405,1.039759,1.053348,1.052404,1.044735,1.050377,1.045032,1.041641,1.043763,1.043734,1.043230,1.048787,0.985100,1.044328,1.049970,1.041960,1.046308,1.040671,1.049914,1.044297,1.038601,1.031368,1.016401,1.030172,1.001604,0.992103,0.990215,1.040517,1.040531,1.009691,0.988829,1.023451
2.040850,1.038624,1.046810,1.043808,1.038027,1.047383,1.051981,1.050615,1.034962,1.039548,1.052776,1.051844,1.044161,1.049791,1.044412,1.040891,1.042961,1.042996,1.042545,1.047868,0.984124,1.043498,1.049109,1.041058,1.045486,1.040118,1.049203,1.043576,1.037810,1.030561,1.015951,1.029682,1.001082,0.991281,0.989124,1.039715,1.039474,1.009157,0.988009,1.023380
2.049180,1.038431,1.046314,1.043222,1.037457,1.046870,1.051459,1.050095,1.034529,1.039345,1.052217,1.051298,1.043600,1.049218,1.043805,1.040156,1.042176,1.042273,1.041874,1.046968,0.983167,1.042683,1.048266,1.040175,1.044681,1.039576,1.048506,1.042869,1.037034,1.029770,1.015514,1.029204,1.000572,0.990476,0.988055,1.038929,1.038441,1.008635,0.987204,1.023317
2.057510,1.038246,1.045831,1.042649,1.036900,1.046370,1.050951,1.049587,1.034107,1.039150,1.051671,1.050764,1.043051,1.048659,1.043211,1.039436,1.041406,1.041565,1.041218,1.046085,0.982229,1.041885,1.047439,1.039310,1.043892,1.039046,1.047824,1.042176,1.036273,1.028993,1.015088,1.028741,1.000074,0.989687,0.987008,1.038158,1.037432,1.008125,0.986414,1.023261
2.065840,1.038069,1.045359,1.042089,1.036355,1.045881,1.050455,1.049091,1.033697,1.038964,1.051138,1.050242,1.042516,1.048112,1.042630,1.038731,1.040651,1.040871,1.040575,1.045220,0.981310,1.041103,1.046631,1.038464,1.043118,1.038529,1.047156,1.041498,1.035528,1.028233,1.014675,1.028290,0.999589,0.988915,0.985983,1.037403,1.036447,1.007626,0.985641,1.023212
2.074170,1.037898,1.044899,1.041541,1.035823,1.045405,1.049971,1.048609,1.033297,1.038785,1.050618,1.049734,1.041994,1.047579,1.042063,1.038041,1.039913,1.040192,1.039947,1.044373,0.980410,1.040339,1.045840,1.037637,1.042362,1.038024,1.046502,1.040835,1.034798,1.027489,1.014274,1.027853,0.999116,0.988159,0.984980,1.036663,1.035488,1.007139,0.984884,1.023169
2.082500,1.037734,1.044451,1.041007,1.035304,1.044941,1.049500,1.048138,1.032907,1.038613,1.050111,1.049238,1.041484,1.047058,1.041509,1.037366,1.039192,1.039529,1.039333,1.043545,0.979531,1.039591,1.045067,1.036829,1.041622,1.037532,1.045864,1.040187,1.034085,1.026761,1.013884,1.027430,0.998655,0.987421,0.984000,1.035940,1.034554,1.006664,0.984145,1.023133
2.090830,1.037576,1.044015,1.040486,1.034798,1.044489,1.049041,1.047680,1.032529,1.038449,1.049617,1.048756,1.040988,1.046551,1.040969,1.036707,1.038486,1.038881,1.038733,1.042737,0.978671,1.038861,1.044312,1.036041,1.040899,1.037053,1.045241,1.039554,1.033388,1.026051,1.013507,1.027020,0.998207,0.986700,0.983044,1.035234,1.033646,1.006201,0.983423,1.023102
2.099160,1.037425,1.043590,1.039979,1.034305,1.044050,1.048595,1.047235,1.032161,1.038293,1.049136,1.048286,1.040505,1.046057,1.040442,1.036063,1.037798,1.038248,1.038148,1.041947,0.977832,1.038147,1.043575,1.035273,1.040193,1.036586,1.044633,1.038937,1.032709,1.025358,1.013142,1.026623,0.997771,0.985997,0.982112,1.034543,1.032763,1.005750,0.982719,1.023077
2.107490,1.037279,1.043178,1.039484,1.033824,1.043622,1.048162,1.046802,1.031803,1.038143,1.048668,1.047829,1.040035,1.045576,1.039929,1.035435,1.037126,1.037632,1.037578,1.041176,0.977014,1.037452,1.042857,1.034525,1.039504,1.036132,1.044041,1.038335,1.032047,1.024684,1.012788,1.026240,0.997347,0.985311,0.981203,1.033870,1.031907,1.005311,0.982034,1.023058
2.115820,1.037140,1.042777,1.039003,1.033357,1.043207,1.047740,1.046381,1.031456,1.038001,1.048213,1.047385,1.039577,1.045109,1.039429,1.034823,1.036471,1.037031,1.037023,1.040426,0.976216,1.036774,1.042157,1.033798,1.038832,1.035691,1.043465,1.037749,1.031402,1.024027,1.012446,1.025870,0.996936,0.984643,0.980318,1.033213,1.031078,1.004885,0.981367,1.023045
2.124150,1.037006,1.042388,1.038535,1.032902,1.042804,1.047331,1.045973,1.031119,1.037865,1.047771,1.046953,1.039133,1.044654,1.038943,1.034227,1.035833,1.036445,1.036482,1.039695,0.975440,1.036114,1.041476,1.033090,1.038178,1.035263,1.042904,1.037179,1.030776,1.023390,1.012116,1.025513,0.996537,0.983994,0.979458,1.032573,1.030275,1.004471,0.980720,1.023036
2.132480,1.036878,1.042010,1.038080,1.032460,1.042413,1.046935,1.045577,1.030793,1.037736,1.047343,1.046535,1.038702,1.044213,1.038471,1.033646,1.035212,1.035876,1.035956,1.038984,0.974685,1.035472,1.040814,1.032404,1.037542,1.034848,1.042360,1.036625,1.030168,1.022771,1.011798,1.025169,0.996151,0.983363,0.978623,1.031950,1.029500,1.004070,0.980092,1.023033
2.140810,1.036755,1.041645,1.037639,1.032031,1.042033,1.046551,1.045194,1.030477,1.037613,1.046927,1.046129,1.038284,1.043785,1.038012,1.033082,1.034609,1.035323,1.035446,1.038293,0.973951,1.034848,1.040172,1.031738,1.036923,1.034446,1.041833,1.036087,1.029578,1.022171,1.011491,1.024839,0.995776,0.982750,0.977812,1.031345,1.028752,1.003681,0.979484,1.023035
2.149140,1.036637,1.041291,1.037211,1.031615,1.041666,1.046179,1.044822,1.030171,1.037497,1.046524,1.045736,1.037879,1.043370,1.037567,1.032534,1.034023,1.034786,1.034950,1.037622,0.973239,1.034242,1.039548,1.031093,1.036322,1.034057,1.041322,1.035565,1.029007,1.021590,1.011196,1.024522,0.995415,0.982155,0.977027,1.030757,1.028031,1.003305,0.978896,1.023041
2.157470,1.036525,1.040948,1.036796,1.031211,1.041311,1.045820,1.044463,1.029875,1.037387,1.046134,1.045356,1.037487,1.042969,1.037136,1.032002,1.033454,1.034266,1.034469,1.036972,0.972550,1.033654,1.038944,1.030468,1.035739,1.033682,1.040827,1.035060,1.028454,1.021029,1.010912,1.024217,0.995065,0.981579,0.976267,1.030186,1.027339,1.002941,0.978328,1.023052
2.165800,1.036417,1.040617,1.036394,1.030821,1.040968,1.045472,1.044117,1.029590,1.037283,1.045757,1.044989,1.037108,1.042580,1.036718,1.031487,1.032903,1.033761,1.034004,1.036342,0.971882,1.033085,1.038359,1.029865,1.035174,1.033319,1.040349,1.034571,1.027920,1.020487,1.010640,1.023926,0.994728,0.981022,0.975532,1.029632,1.026673,1.002590,0.977780,1.023068
2.174130,1.036314,1.040298,1.036006,1.030443,1.040637,1.045137,1.043782,1.029314,1.037185,1.045394,1.044634,1.036741,1.042205,1.036314,1.030988,1.032370,1.033273,1.033554,1.035732,0.971236,1.032534,1.037793,1.029283,1.034627,1.032970,1.039887,1.034098,1.027406,1.019964,1.010380,1.023647,0.994402,0.980483,0.974823,1.029096,1.026036,1.002251,0.977253,1.023088
2.182460,1.036215,1.039990,1.035631,1.030078,1.040317,1.044814,1.043460,1.029048,1.037092,1.045043,1.044292,1.036388,1.041842,1.035923,1.030505,1.031854,1.032801,1.033118,1.035144,0.970612,1.032001,1.037247,1.028722,1.034098,1.032634,1.039442,1.033642,1.026910,1.019462,1.010130,1.023381,0.994089,0.979964,0.974140,1.028578,1.025426,1.001925,0.976746,1.023112
2.190790,1.036121,1.039694,1.035269,1.029726,1.040009,1.044503,1.043149,1.028792,1.037006,1.044704,1.043962,1.036047,1.041493,1.035546,1.030038,1.031356,1.032346,1.032698,1.034575,0.970010,1.031487,1.036721,1.028182,1.033588,1.032311,1.039014,1.033202,1.026433,1.018979,1.009892,1.023128,0.993788,0.979462,0.973482,1.028078,1.024845,1.001611,0.976259,1.023140
2.199120,1.036032,1.039409,1.034920,1.029386,1.039713,1.044204,1.042851,1.028546,1.036925,1.044379,1.043645,1.035719,1.041157,1.035182,1.029588,1.030875,1.031907,1.032293,1.034028,0.969431,1.030991,1.036213,1.027664,1.033095,1.032001,1.038603,1.032779,1.025975,1.018515,1.009665,1.022887,0.993499,0.978980,0.972850,1.027595,1.024291,1.001310,0.975792,1.023172
2.207450,1.035946,1.039135,1.034585,1.029059,1.039428,1.043917,1.042564,1.028309,1.036850,1.044066,1.043340,1.035404,1.040833,1.034832,1.029154,1.030412,1.031484,1.031903,1.033501,0.968874,1.030514,1.035726,1.027166,1.032620,1.031704,1.038208,1.032372,1.025536,1.018071,1.009450,1.022659,0.993222,0.978516,0.972243,1.027129,1.023765,1.001021,0.975346,1.023207
2.215780,1.035865,1.038872,1.034262,1.028745,1.039155,1.043642,1.042289,1.028082,1.036780,1.043766,1.043048,1.035102,1.040522,1.034496,1.028736,1.029967,1.031077,1.031528,1.032995,0.968339,1.030055,1.035258,1.026690,1.032164,1.031420,1.037829,1.031982,1.025116,1.017647,1.009245,1.022442,0.992957,0.978071,0.971662,1.026682,1.023266,1.000745,0.974920,1.023247
2.224110,1.035788,1.038621,1.033953,1.028443,1.038893,1.043378,1.042026,1.027864,1.036715,1.043479,1.042768,1.034812,1.040225,1.034172,1.028334,1.029539,1.030687,1.031168,1.032509,0.967826,1.029615,1.034809,1.026234,1.031725,1.031149,1.037467,1.031608,1.024715,1.017241,1.009052,1.022238,0.992704,0.977645,0.971107,1.026252,1.022795,1.000481,0.974513,1.023290
2.232440,1.035715,1.038380,1.033657,1.028153,1.038643,1.043127,1.041775,1.027656,1.036656,1.043204,1.042500,1.034535,1.039940,1.033863,1.027949,1.029128,1.030313,1.030823,1.032044,0.967336,1.029192,1.034379,1.025800,1.031304,1.030890,1.037122,1.031250,1.024332,1.016855,1.008870,1.022046,0.992462,0.977237,0.970578,1.025840,1.022351,1.000230,0.974127,1.023336
2.240770,1.035646,1.038151,1.033373,1.027876,1.038404,1.042886,1.041535,1.027457,1.036601,1.042941,1.042244,1.034270,1.039667,1.033566,1.027580,1.028735,1.029954,1.030492,1.031600,0.966867,1.028788,1.033969,1.025386,1.030902,1.030645,1.036793,1.030908,1.023967,1.016488,1.008698,1.021865,0.992232,0.976847,0.970073,1.025445,1.021934,0.999990,0.973760,1.023386
2.249100,1.035580,1.037933,1.033102,1.027611,1.038176,1.042658,1.041306,1.027267,1.036552,1.042691,1.042001,1.034017,1.039407,1.033282,1.027226,1.028360,1.029612,1.030177,1.031175,0.966420,1.028402,1.033578,1.024993,1.030517,1.030412,1.036479,1.030582,1.023621,1.016140,1.008538,1.021697,0.992014,0.976476,0.969594,1.025068,1.021544,0.999763,0.973412,1.023438
2.257430,1.035519,1.037725,1.032844,1.027359,1.037959,1.042440,1.041089,1.027086,1.036508,1.042453,1.041769,1.033776,1.039160,1.033012,1.026889,1.028001,1.029286,1.029876,1.030771,0.965995,1.028034,1.033206,1.024620,1.030149,1.030192,1.036182,1.030272,1.023293,1.015810,1.008388,1.021540,0.991807,0.976122,0.969140,1.024708,1.021180,0.999548,0.973084,1.023494
2.265760,1.035461,1.037528,1.032599,1.027118,1.037753,1.042234,1.040884,1.026914,1.036468,1.042226,1.041549,1.033548,1.038925,1.032754,1.026567,1.027660,1.028975,1.029589,1.030386,0.965592,1.027684,1.032853,1.024268,1.029800,1.029984,1.035901,1.029978,1.022983,1.015499,1.008249,1.021394,0.991611,0.975787,0.968711,1.024366,1.020843,0.999345,0.972774,1.023553
2.274090,1.035406,1.037342,1.032366,1.026889,1.037558,1.042039,1.040689,1.026751,1.036433,1.042012,1.041341,1.033332,1.038702,1.032509,1.026261,1.027335,1.028680,1.029317,1.030022,0.965210,1.027352,1.032518,1.023935,1.029467,1.029789,1.035635,1.029699,1.022690,1.015205,1.008121,1.021259,0.991426,0.975469,0.968307,1.024041,1.020532,0.999153,0.972483,1.023615
2.282420,1.035355,1.037167,1.032145,1.026672,1.037374,1.041855,1.040505,1.026597,1.036402,1.041810,1.041144,1.033127,1.038491,1.032277,1.025971,1.027028,1.028400,1.029059,1.029677,0.964849,1.027037,1.032203,1.023623,1.029152,1.029606,1.035384,1.029436,1.022415,1.014930,1.008003,1.021136,0.991253,0.975169,0.967927,1.023733,1.020246,0.998973,0.972210,1.023680
2.290750,1.035308,1.037002,1.031937,1.026467,1.037200,1.041682,1.040333,1.026452,1.036376,1.041620,1.040959,1.032935,1.038292,1.032058,1.025696,1.026737,1.028136,1.028815,1.029352,0.964509,1.026740,1.031905,1.023331,1.028854,1.029434,1.035149,1.029188,1.022156,1.014671,1.007896,1.021023,0.991091,0.974886,0.967570,1.023442,1.019985,0.998805,0.971955,1.023747
2.299080,1.035264,1.036847,1.031741,1.026274,1.037037,1.041520,1.040171,1.026315,1.036355,1.041441,1.040786,1.032754,1.038105,1.031851,1.025436,1.026462,1.027887,1.028585,1.029045,0.964189,1.026460,1.031626,1.023058,1.028573,1.029275,1.034929,1.028954,1.021915,1.014430,1.007800,1.020921,0.990939,0.974621,0.967238,1.023168,1.019749,0.998648,0.971717,1.023817
2.307410,1.035224,1.036703,1.031557,1.026092,1.036884,1.041368,1.040019,1.026186,1.036338,1.041274,1.040623,1.032584,1.037930,1.031656,1.025191,1.026204,1.027652,1.028369,1.028758,0.963890,1.026197,1.031365,1.022804,1.028308,1.029127,1.034724,1.028736,1.021690,1.014206,1.007714,1.020830,0.990799,0.974372,0.966929,1.022910,1.019538,0.998503,0.971497,1.023890
2.315740,1.035187,1.036569,1.031385,1.025921,1.036741,1.041227,1.039879,1.026066,1.036325,1.041118,1.040472,1.032426,1.037766,1.031474,1.024961,1.025962,1.027433,1.028167,1.028489,0.963611,1.025951,1.031121,1.022569,1.028060,1.028992,1.034533,1.028532,1.021481,1.013999,1.007638,1.020749,0.990668,0.974140,0.966643,1.022670,1.019350,0.998368,0.971293,1.023966
2.324070,1.035153,1.036445,1.031225,1.025762,1.036609,1.041097,1.039748,1.025954,1.036316,1.040973,1.040331,1.032279,1.037614,1.031304,1.024746,1.025735,1.027228,1.027978,1.028239,0.963352,1.025721,1.030896,1.022353,1.027828,1.028867,1.034356,1.028343,1.021288,1.013807,1.007573,1.020678,0.990549,0.973924,0.966380,1.022445,1.019186,0.998245,0.971106,1.024043
2.332400,1.035123,1.036331,1.031076,1.025614,1.036486,1.040976,1.039628,1.025850,1.036311,1.040839,1.040201,1.032143,1.037473,1.031145,1.024545,1.025525,1.027037,1.027802,1.028006,0.963112,1.025508,1.030687,1.022155,1.027613,1.028754,1.034194,1.028168,1.021110,1.013631,1.007518,1.020617,0.990439,0.973724,0.966139,1.022237,1.019044,0.998132,0.970934,1.024124
2.340730,1.035097,1.036227,1.030939,1.025477,1.036373,1.040866,1.039518,1.025755,1.036311,1.040716,1.040082,1.032018,1.037343,1.030999,1.024359,1.025329,1.026861,1.027640,1.027792,0.962892,1.025311,1.030496,1.021976,1.027413,1.028652,1.034045,1.028007,1.020948,1.013471,1.007474,1.020565,0.990340,0.973540,0.965919,1.022045,1.018925,0.998031,0.970779,1.024206
2.349060,1.035073,1.036133,1.030813,1.025350,1.036270,1.040765,1.039417,1.025667,1.036314,1.040604,1.039974,1.031904,1.037225,1.030864,1.024187,1.025149,1.026698,1.027490,1.027595,0.962690,1.025130,1.030321,1.021814,1.027229,1.028561,1.033910,1.027859,1.020800,1.013326,1.007439,1.020524,0.990251,0.973371,0.965721,1.021869,1.018827,0.997939,0.970638,1.024291
2.357390,1.035054,1.036049,1.030699,1.025234,1.036177,1.040675,1.039327,1.025587,1.036322,1.040503,1.039875,1.031800,1.037117,1.030740,1.024029,1.024984,1.026549,1.027354,1.027415,0.962506,1.024965,1.030163,1.021669,1.027060,1.028481,1.033788,1.027725,1.020667,1.013196,1.007415,1.020491,0.990171,0.973218,0.965544,1.021708,1.018751,0.997858,0.970512,1.024378
2.365720,1.035037,1.035974,1.030596,1.025129,1.036093,1.040594,1.039246,1.025514,1.036333,1.040412,1.039787,1.031707,1.037019,1.030628,1.023884,1.024833,1.026414,1.027229,1.027252,0.962340,1.024815,1.030021,1.021542,1.026906,1.028411,1.033680,1.027604,1.020548,1.013079,1.007400,1.020468,0.990102,0.973079,0.965387,1.021563,1.018696,0.997788,0.970401,1.024468
2.374050,1.035024,1.035909,1.030503,1.025034,1.036018,1.040522,1.039174,1.025449,1.036348,1.040331,1.039709,1.031624,1.036933,1.030526,1.023753,1.024697,1.026292,1.027117,1.027105,0.962192,1.024680,1.029895,1.021431,1.026767,1.028352,1.033583,1.027495,1.020443,1.012977,1.007395,1.020454,0.990042,0.972955,0.965250,1.021433,1.018660,0.997727,0.970303,1.024559
2.382380,1.035015,1.035852,1.030420,1.024949,1.035951,1.040459,1.039112,1.025392,1.036366,1.040260,1.039640,1.031551,1.036856,1.030436,1.023635,1.024575,1.026182,1.027017,1.026974,0.962061,1.024559,1.029784,1.021336,1.026642,1.028302,1.033499,1.027399,1.020350,1.012888,1.007399,1.020448,0.989991,0.972845,0.965132,1.021317,1.018644,0.997675,0.970219,1.024653
2.390710,1.035008,1.035804,1.030348,1.024874,1.035894,1.040406,1.039058,1.025341,1.036388,1.040199,1.039581,1.031488,1.036789,1.030355,1.023529,1.024466,1.026085,1.026928,1.026858,0.961946,1.024453,1.029688,1.021256,1.026530,1.028262,1.033426,1.027315,1.020270,1.012811,1.007410,1.020450,0.989949,0.972748,0.965033,1.021215,1.018646,0.997632,0.970147,1.024748
2.399040,1.035004,1.035763,1.030285,1.024807,1.035845,1.040360,1.039013,1.025297,1.036414,1.040146,1.039531,1.031433,1.036731,1.030285,1.023435,1.024369,1.025999,1.026850,1.026757,0.961847,1.024360,1.029606,1.021191,1.026432,1.028230,1.033365,1.027242,1.020203,1.012747,1.007429,1.020461,0.989915,0.972665,0.964952,1.021126,1.018666,0.997598,0.970087,1.024846
2.407370,1.035003,1.035730,1.030231,1.024750,1.035804,1.040323,1.038976,1.025260,1.036443,1.040103,1.039489,1.031388,1.036683,1.030224,1.023353,1.024286,1.025924,1.026782,1.026671,0.961763,1.024280,1.029537,1.021141,1.026347,1.028207,1.033313,1.027180,1.020146,1.012694,1.007454,1.020479,0.989890,0.972594,0.964888,1.021051,1.018702,0.997572,0.970039,1.024945
2.415700,1.035005,1.035703,1.030185,1.024701,1.035770,1.040294,1.038947,1.025229,1.036475,1.040068,1.039456,1.031351,1.036643,1.030172,1.023282,1.024214,1.025861,1.026724,1.026598,0.961694,1.024212,1.029482,1.021104,1.026274,1.028190,1.033272,1.027128,1.020100,1.012652,1.007484,1.020504,0.989873,0.972534,0.964840,1.020988,1.018755,0.997553,0.970001,1.025046
2.424030,1.035010,1.035683,1.030147,1.024660,1.035743,1.040272,1.038925,1.025204,1.036510,1.040041,1.039430,1.031323,1.036611,1.030129,1.023221,1.024153,1.025807,1.026675,1.026538,0.961639,1.024157,1.029439,1.021080,1.026212,1.028181,1.033239,1.027085,1.020064,1.012619,1.007519,1.020536,0.989864,0.972487,0.964809,1.020936,1.018823,0.997540,0.969973,1.025149
2.432360,1.035016,1.035668,1.030117,1.024627,1.035724,1.040257,1.038910,1.025184,1.036548,1.040022,1.039412,1.031301,1.036587,1.030094,1.023171,1.024102,1.025762,1.026634,1.026490,0.961597,1.024112,1.029407,1.021068,1.026161,1.028178,1.033215,1.027051,1.020038,1.012597,1.007558,1.020574,0.989861,0.972450,0.964792,1.020896,1.018904,0.997534,0.969955,1.025254
2.440690,1.035025,1.035658,1.030093,1.024601,1.035710,1.040248,1.038901,1.025170,1.036588,1.040010,1.039400,1.031287,1.036571,1.030066,1.023129,1.024062,1.025726,1.026602,1.026454,0.961568,1.024078,1.029387,1.021068,1.026121,1.028181,1.033199,1.027026,1.020020,1.012582,1.007599,1.020617,0.989865,0.972423,0.964790,1.020866,1.018999,0.997534,0.969946,1.025359
2.449020,1.035036,1.035652,1.030075,1.024580,1.035702,1.040245,1.038898,1.025160,1.036631,1.040004,1.039395,1.031279,1.036560,1.030046,1.023097,1.024031,1.025699,1.026577,1.026428,0.961551,1.024053,1.029377,1.021078,1.026090,1.028189,1.033190,1.027007,1.020010,1.012576,1.007642,1.020665,0.989876,0.972406,0.964801,1.020845,1.019106,0.997538,0.969944,1.025467
2.457350,1.035048,1.035650,1.030063,1.024566,1.035699,1.040247,1.038900,1.025155,1.036676,1.040003,1.039395,1.031277,1.036556,1.030032,1.023072,1.024008,1.025679,1.026558,1.026413,0.961544,1.024038,1.029376,1.021098,1.026068,1.028201,1.033188,1.026996,1.020007,1.012577,1.007687,1.020716,0.989892,0.972398,0.964824,1.020834,1.019225,0.997546,0.969950,1.025575
2.465680,1.035063,1.035650,1.030056,1.024557,1.035701,1.040253,1.038906,1.025153,1.036723,1.040008,1.039401,1.031280,1.036557,1.030024,1.023055,1.023994,1.025665,1.026546,1.026408,0.961549,1.024031,1.029384,1.021127,1.026054,1.028216,1.033191,1.026991,1.020011,1.012585,1.007732,1.020770,0.989913,0.972399,0.964860,1.020832,1.019354,0.997559,0.969962,1.025685
2.474010,1.035079,1.035654,1.030053,1.024553,1.035707,1.040264,1.038917,1.025155,1.036771,1.040018,1.039410,1.031288,1.036563,1.030021,1.023045,1.023987,1.025658,1.026540,1.026411,0.961563,1.024032,1.029400,1.021164,1.026048,1.028236,1.033200,1.026992,1.020020,1.012599,1.007777,1.020826,0.989938,0.972407,0.964906,1.020837,1.019492,0.997575,0.969981,1.025795
2.482340,1.035096,1.035660,1.030054,1.024553,1.035716,1.040278,1.038931,1.025160,1.036822,1.040032,1.039424,1.031300,1.036573,1.030022,1.023041,1.023986,1.025657,1.026538,1.026423,0.961586,1.024040,1.029424,1.021210,1.026049,1.028258,1.033213,1.026998,1.020035,1.012618,1.007821,1.020883,0.989967,0.972423,0.964963,1.020849,1.019638,0.997594,0.970005,1.025907
2.490670,1.035115,1.035668,1.030058,1.024557,1.035728,1.040295,1.038948,1.025167,1.036874,1.040049,1.039441,1.031315,1.036587,1.030028,1.023042,1.023992,1.025661,1.026541,1.026442,0.961617,1.024054,1.029454,1.021262,1.026056,1.028282,1.033230,1.027009,1.020055,1.012642,1.007863,1.020941,0.990000,0.972445,0.965029,1.020867,1.019793,0.997615,0.970034,1.026020
2.499000,1.035135,1.035677,1.030065,1.024563,1.035742,1.040314,1.038967,1.025177,1.036927,1.040070,1.039460,1.031334,1.036605,1.030038,1.023049,1.024003,1.025669,1.026548,1.026467,0.961656,1.024075,1.029491,1.021320,1.026069,1.028308,1.033251,1.027023,1.020080,1.012671,1.007905,1.020998,0.990036,0.972473,0.965104,1.020892,1.019954,0.997638,0.970067,1.026134
2.507330,1.035157,1.035687,1.030075,1.024573,1.035759,1.040335,1.038988,1.025189,1.036982,1.040092,1.039482,1.031354,1.036624,1.030050,1.023060,1.024020,1.025682,1.026558,1.026499,0.961703,1.024101,1.029533,1.021384,1.026088,1.028336,1.033276,1.027041,1.020108,1.012703,1.007944,1.021054,0.990074,0.972506,0.965187,1.020922,1.020121,0.997663,0.970104,1.026249
2.515660,1.035180,1.035698,1.030087,1.024585,1.035777,1.040357,1.039010,1.025202,1.037038,1.040117,1.039506,1.031377,1.036646,1.030066,1.023075,1.024040,1.025698,1.026572,1.026537,0.961755,1.024131,1.029580,1.021453,1.026111,1.028364,1.033303,1.027063,1.020139,1.012738,1.007980,1.021108,0.990113,0.972545,0.965277,1.020956,1.020293,0.997689,0.970144,1.026364
2.523990,1.035205,1.035709,1.030101,1.024598,1.035796,1.040380,1.039033,1.025216,1.037095,1.040143,1.039531,1.031402,1.036670,1.030083,1.023094,1.024065,1.025717,1.026588,1.026580,0.961814,1.024166,1.029632,1.021527,1.026138,1.028394,1.033332,1.027087,1.020173,1.012776,1.008014,1.021160,0.990154,0.972588,0.965374,1.020995,1.020469,0.997716,0.970187,1.026481
2.532320,1.035231,1.035721,1.030116,1.024613,1.035816,1.040404,1.039057,1.025232,1.037153,1.040171,1.039557,1.031427,1.036695,1.030102,1.023116,1.024093,1.025740,1.026606,1.026627,0.961877,1.024205,1.029687,1.021604,1.026169,1.028424,1.033363,1.027113,1.020209,1.012817,1.008045,1.021208,0.990196,0.972635,0.965476,1.021037,1.020649,0.997743,0.970233,1.026598
2.540650,1.035259,1.035733,1.030132,1.024630,1.035836,1.040428,1.039081,1.025248,1.037213,1.040199,1.039584,1.031453,1.036721,1.030123,1.023141,1.024124,1.025764,1.026626,1.026678,0.961946,1.024247,1.029746,1.021684,1.026203,1.028454,1.033396,1.027141,1.020248,1.012860,1.008072,1.021254,0.990239,0.972685,0.965584,1.021083,1.020832,0.997772,0.970281,1.026717
2.548980,1.035288,1.035745,1.030149,1.024647,1.035857,1.040453,1.039105,1.025265,1.037273,1.040228,1.039611,1.031480,1.036747,1.030145,1.023168,1.024158,1.025791,1.026648,1.026733,0.962018,1.024292,1.029807,1.021767,1.026240,1.028485,1.033430,1.027171,1.020288,1.012904,1.008096,1.021296,0.990281,0.972738,0.965697,1.021131,1.021016,0.997800,0.970330,1.026836
2.557310,1.035319,1.035756,1.030167,1.024665,1.035878,1.040477,1.039129,1.025283,1.037335,1.040257,1.039638,1.031507,1.036774,1.030168,1.023197,1.024194,1.025819,1.026671,1.026791,0.962094,1.024339,1.029871,1.021853,1.026280,1.028515,1.033465,1.027202,1.020330,1.012950,1.008117,1.021335,0.990324,0.972794,0.965813,1.021182,1.021203,0.997828,0.970381,1.026957
2.565640,1.035352,1.035767,1.030185,1.024683,1.035898,1.040500,1.039153,1.025301,1.037397,1.040285,1.039665,1.031535,1.036802,1.030191,1.023228,1.024233,1.025849,1.026695,1.026851,0.962173,1.024388,1.029937,1.021940,1.026322,1.028545,1.033500,1.027234,1.020372,1.012996,1.008134,1.021369,0.990366,0.972852,0.965933,1.021234,1.021390,0.997857,0.970433,1.027079
2.573970,1.035387,1.035778,1.030204,1.024702,1.035919,1.040523,1.039176,1.025320,1.037461,1.040314,1.039691,1.031562,1.036829,1.030215,1.023260,1.024272,1.025879,1.026720,1.026914,0.962255,1.024440,1.030005,1.022029,1.026365,1.028574,1.033537,1.027267,1.020415,1.013044,1.008147,1.021399,0.990407,0.972912,0.966056,1.021288,1.021578,0.997885,0.970486,1.027201
2.582300,1.035424,1.035788,1.030222,1.024721,1.035939,1.040546,1.039198,1.025338,1.037526,1.040342,1.039717,1.031588,1.036856,1.030239,1.023293,1.024314,1.025911,1.026746,1.026979,0.962339,1.024492,1.030074,1.022119,1.026410,1.028603,1.033573,1.027301,1.020459,1.013092,1.008156,1.021425,0.990447,0.972973,0.966181,1.021344,1.021766,0.997912,0.970539,1.027325
2.590630,1.035463,1.035798,1.030241,1.024740,1.035958,1.040567,1.039220,1.025357,1.037593,1.040370,1.039743,1.031614,1.036882,1.030263,1.023327,1.024356,1.025944,1.026773,1.027045,0.962425,1.024546,1.030144,1.022210,1.026457,1.028632,1.033610,1.027335,1.020504,1.013140,1.008161,1.021447,0.990486,0.973036,0.966308,1.021400,1.021953,0.997939,0.970592,1.027451
2.598960,1.035504,1.035807,1.030260,1.024759,1.035978,1.040588,1.039240,1.025377,1.037660,1.040397,1.039767,1.031640,1.036908,1.030287,1.023362,1.024399,1.025977,1.026799,1.027112,0.962513,1.024601,1.030214,1.022301,1.026504,1.028659,1.033647,1.027369,1.020548,1.013188,1.008163,1.021464,0.990524,0.973099,0.966436,1.021457,1.022139,0.997966,0.970646,1.027577
2.607290,1.035548,1.035816,1.030278,1.024777,1.035996,1.040608,1.039260,1.025397,1.037730,1.040423,1.039791,1.031665,1.036933,1.030311,1.023398,1.024443,1.026011,1.026826,1.027180,0.962601,1.024656,1.030285,1.022392,1.026552,1.028686,1.033683,1.027403,1.020593,1.013237,1.008160,1.021477,0.990560,0.973163,0.966566,1.021514,1.022324,0.997992,0.970699,1.027705
2.615620,1.035594,1.035824,1.030297,1.024795,1.036014,1.040627,1.039279,1.025417,1.037801,1.040448,1.039814,1.031688,1.036958,1.030335,1.023434,1.024488,1.026045,1.026854,1.027249,0.962691,1.024712,1.030357,1.022483,1.026601,1.028712,1.033719,1.027438,1.020637,1.013285,1.008153,1.021486,0.990594,0.973227,0.966696,1.021571,1.022507,0.998017,0.970752,1.027835
2.623950,1.035643,1.035831,1.030315,1.024814,1.036031,1.040644,1.039297,1.025437,1.037874,1.040472,1.039836,1.031712,1.036982,1.030358,1.023470,1.024533,1.026079,1.026881,1.027318,0.962781,1.024768,1.030428,1.022574,1.026650,1.028736,1.033755,1.027472,1.020681,1.013332,1.008143,1.021490,0.990627,0.973292,0.966827,1.021628,1.022688,0.998042,0.970805,1.027966
2.632280,1.035695,1.035838,1.030333,1.024831,1.036048,1.040662,1.039314,1.025458,1.037948,1.040496,1.039857,1.031734,1.037005,1.030381,1.023507,1.024578,1.026113,1.026908,1.027387,0.962872,1.024825,1.030499,1.022664,1.026699,1.028760,1.033791,1.027506,1.020725,1.013380,1.008128,1.021490,0.990658,0.973356,0.966958,1.021685,1.022866,0.998065,0.970857,1.028099
2.640610,1.035750,1.035844,1.030351,1.024849,1.036065,1.040678,1.039330,1.025479,1.038025,1.040518,1.039877,1.031755,1.037028,1.030404,1.023543,1.024623,1.026148,1.026935,1.027457,0.962962,1.024881,1.030569,1.022754,1.026749,1.028784,1.033826,1.027540,1.020768,1.013426,1.008110,1.021486,0.990687,0.973419,0.967088,1.021741,1.023042,0.998088,0.970909,1.028233
2.648940,1.035808,1.035850,1.030368,1.024866,1.036080,1.040693,1.039345,1.025501,1.038103,1.040539,1.039897,1.031776,1.037049,1.030426,1.023580,1.024668,1.026182,1.026962,1.027526,0.963052,1.024937,1.030639,1.022842,1.026798,1.028806,1.033860,1.027574,1.020810,1.013472,1.008087,1.021477,0.990714,0.973483,0.967218,1.021797,1.023214,0.998110,0.970960,1.028369
2.657270,1.035869,1.035855,1.030385,1.024883,1.036096,1.040708,1.039360,1.025524,1.038184,1.040560,1.039915,1.031796,1.037070,1.030448,1.023617,1.024713,1.026216,1.026989,1.027595,0.963143,1.024993,1.030708,1.022929,1.026848,1.028827,1.033894,1.027607,1.020852,1.013518,1.008061,1.021465,0.990740,0.973545,0.967347,1.021852,1.023384,0.998132,0.971010,1.028507
2.665600,1.035933,1.035860,1.030402,1.024900,1.036111,1.040721,1.039374,1.025547,1.038267,1.040580,1.039933,1.031815,1.037090,1.030470,1.023653,1.024758,1.026250,1.027016,1.027663,0.963232,1.025049,1.030777,1.023016,1.026897,1.028847,1.033927,1.027640,1.020894,1.013562,1.008031,1.021450,0.990763,0.973607,0.967475,1.021906,1.023550,0.998153,0.971059,1.028647
2.673930,1.036001,1.035865,1.030419,1.024916,1.036126,1.040735,1.039387,1.025572,1.038352,1.040599,1.039950,1.031833,1.037110,1.030491,1.023690,1.024803,1.026284,1.027043,1.027731,0.963321,1.025104,1.030844,1.023101,1.026946,1.028866,1.033960,1.027673,1.020934,1.013606,1.007998,1.021430,0.990785,0.973668,0.967601,1.021959,1.023713,0.998172,0.971107,1.028789
2.682260,1.036072,1.035869,1.030435,1.024933,1.036140,1.040747,1.039399,1.025597,1.038440,1.040617,1.039966,1.031851,1.037129,1.030512,1.023726,1.024848,1.026318,1.027070,1.027799,0.963409,1.025158,1.030911,1.023184,1.026995,1.028885,1.033992,1.027705,1.020974,1.013649,1.007960,1.021407,0.990806,0.973728,0.967727,1.022011,1.023872,0.998191,0.971155,1.028933
2.690590,1.036147,1.035873,1.030452,1.024949,1.036155,1.040759,1.039411,1.025623,1.038530,1.040634,1.039982,1.031868,1.037147,1.030533,1.023762,1.024892,1.026352,1.027096,1.027865,0.963496,1.025213,1.030976,1.023266,1.027043,1.028902,1.034023,1.027737,1.021013,1.013691,1.007919,1.021381,0.990824,0.973786,0.967850,1.022062,1.024027,0.998210,0.971201,1.029078
2.698920,1.036225,1.035877,1.030468,1.024965,1.036169,1.040771,1.039423,1.025650,1.038622,1.040651,1.039997,1.031885,1.037165,1.030553,1.023798,1.024937,1.026385,1.027122,1.027931,0.963582,1.025267,1.031041,1.023347,1.027092,1.028919,1.034054,1.027769,1.021051,1.013732,1.007874,1.021352,0.990841,0.973844,0.967972,1.022112,1.024178,0.998227,0.971246,1.029226
2.707250,1.036307,1.035881,1.030484,1.024981,1.036184,1.040783,1.039435,1.025679,1.038718,1.040667,1.040011,1.031901,1.037182,1.030574,1.023834,1.024981,1.026418,1.027149,1.027996,0.963668,1.025320,1.031105,1.023426,1.027140,1.028935,1.034084,1.027800,1.021089,1.013772,1.007826,1.021320,0.990856,0.973900,0.968092,1.022161,1.024326,0.998244,0.971290,1.029375
2.715580,1.036392,1.035884,1.030500,1.024998,1.036198,1.040794,1.039446,1.025709,1.038816,1.040682,1.040026,1.031916,1.037199,1.030594,1.023870,1.025024,1.026452,1.027175,1.028060,0.963752,1.025373,1.031167,1.023504,1.027188,1.028950,1.034114,1.027830,1.021125,1.013811,1.007774,1.021285,0.990870,0.973956,0.968210,1.022209,1.024470,0.998261,0.971333,1.029527
2.723910,1.036481,1.035887,1.030516,1.025014,1.036213,1.040805,1.039457,1.025740,1.038916,1.040698,1.040039,1.031932,1.037216,1.030614,1.023906,1.025068,1.026485,1.027201,1.028123,0.963835,1.025425,1.031229,1.023581,1.027235,1.028964,1.034143,1.027861,1.021161,1.013850,1.007718,1.021247,0.990883,0.974009,0.968326,1.022255,1.024610,0.998276,0.971375,1.029680
2.732240,1.036574,1.035891,1.030532,1.025031,1.036228,1.040816,1.039468,1.025773,1.039019,1.040713,1.040053,1.031947,1.037232,1.030634,1.023942,1.025111,1.026518,1.027228,1.028186,0.963916,1.025477,1.031289,1.023655,1.027283,1.028978,1.034171,1.027891,1.021196,1.013887,1.007659,1.021206,0.990894,0.974062,0.968441,1.022301,1.024746,0.998291,0.971415,1.029836
2.740570,1.036670,1.035894,1.030548,1.025047,1.036244,1.040827,1.039479,1.025807,1.039125,1.040727,1.040066,1.031962,1.037248,1.030655,1.023978,1.025155,1.026551,1.027254,1.028247,0.963997,1.025528,1.031348,1.023729,1.027330,1.028991,1.034199,1.027921,1.021230,1.013923,1.007596,1.021164,0.990904,0.974113,0.968553,1.022345,1.024879,0.998305,0.971455,1.029993
2.748900,1.036770,1.035897,1.030565,1.025065,1.036260,1.040839,1.039490,1.025842,1.039234,1.040741,1.040080,1.031977,1.037264,1.030675,1.024014,1.025198,1.026585,1.027281,1.028308,0.964076,1.025579,1.031407,1.023801,1.027377,1.029003,1.034226,1.027951,1.021264,1.013959,1.007531,1.021119,0.990913,0.974164,0.968663,1.022388,1.025007,0.998319,0.971494,1.030152
2.757230,1.036873,1.035900,1.030581,1.025082,1.036276,1.040850,1.039502,1.025879,1.039345,1.040756,1.040093,1.031991,1.037281,1.030696,1.024050,1.025241,1.026618,1.027307,1.028368,0.964155,1.025630,1.031465,1.023872,1.027424,1.029014,1.034253,1.027980,1.021296,1.013994,1.007462,1.021071,0.990920,0.974213,0.968771,1.022431,1.025133,0.998332,0.971532,1.030313
2.765560,1.036981,1.035904,1.030598,1.025100,1.036293,1.040862,1.039513,1.025918,1.039460,1.040770,1.040107,1.032006,1.037297,1.030717,1.024087,1.025285,1.026652,1.027335,1.028428,0.964232,1.025680,1.031522,1.023942,1.027470,1.029025,1.034280,1.028010,1.021329,1.014028,1.007390,1.021022,0.990927,0.974261,0.968878,1.022472,1.025254,0.998345,0.971568,1.030476
2.773890,1.037091,1.035908,1.030615,1.025119,1.036311,1.040874,1.039526,1.025959,1.039576,1.040784,1.040120,1.032022,1.037313,1.030739,1.024124,1.025329,1.026686,1.027362,1.028487,0.964309,1.025731,1.031578,1.024011,1.027518,1.029036,1.034306,1.028040,1.021361,1.014062,1.007315,1.020972,0.990933,0.974308,0.968982,1.022513,1.025373,0.998357,0.971605,1.030641
2.782220,1.037206,1.035912,1.030633,1.025138,1.036329,1.040887,1.039538,1.026001,1.039696,1.040799,1.040134,1.032037,1.037330,1.030761,1.024162,1.025373,1.026721,1.027391,1.028546,0.964384,1.025781,1.031634,1.024079,1.027565,1.029047,1.034333,1.028070,1.021392,1.014095,1.007239,1.020919,0.990938,0.974354,0.969085,1.022554,1.025489,0.998370,0.971640,1.030807
2.790550,1.037324,1.035917,1.030652,1.025159,1.036349,1.040900,1.039552,1.026045,1.039818,1.040814,1.040149,1.032053,1.037347,1.030784,1.024200,1.025418,1.026756,1.027420,1.028605,0.964460,1.025832,1.031690,1.024146,1.027613,1.029057,1.034360,1.028100,1.021424,1.014128,1.007160,1.020865,0.990943,0.974399,0.969187,1.022593,1.025601,0.998382,0.971675,1.030975
2.798880,1.037445,1.035924,1.030672,1.025180,1.036370,1.040914,1.039566,1.026091,1.039943,1.040830,1.040164,1.032070,1.037365,1.030808,1.024240,1.025463,1.026793,1.027450,1.028663,0.964534,1.025883,1.031745,1.024213,1.027662,1.029068,1.034387,1.028132,1.021455,1.014161,1.007080,1.020810,0.990947,0.974444,0.969287,1.022633,1.025711,0.998395,0.971710,1.031145
2.807210,1.037570,1.035932,1.030694,1.025203,1.036392,1.040929,1.039581,1.026140,1.040070,1.040846,1.040180,1.032087,1.037384,1.030833,1.024281,1.025510,1.026830,1.027482,1.028722,0.964609,1.025935,1.031801,1.024280,1.027712,1.029080,1.034415,1.028164,1.021487,1.014194,1.006999,1.020754,0.990951,0.974489,0.969386,1.022673,1.025819,0.998409,0.971745,1.031316
2.815540,1.037699,1.035941,1.030717,1.025227,1.036415,1.040946,1.039598,1.026190,1.040201,1.040863,1.040197,1.032106,1.037404,1.030859,1.024323,1.025558,1.026870,1.027515,1.028782,0.964683,1.025989,1.031857,1.024347,1.027763,1.029092,1.034443,1.028197,1.021520,1.014228,1.006918,1.020697,0.990955,0.974534,0.969484,1.022713,1.025926,0.998423,0.971780,1.031489
2.823870,1.037832,1.035953,1.030741,1.025253,1.036440,1.040964,1.039615,1.026243,1.040334,1.040882,1.040216,1.032126,1.037425,1.030887,1.024367,1.025608,1.026911,1.027550,1.028843,0.964758,1.026043,1.031914,1.024415,1.027815,1.029105,1.034473,1.028232,1.021553,1.014262,1.006837,1.020640,0.990960,0.974579,0.969581,1.022753,1.026030,0.998438,0.971815,1.031663
2.832200,1.037968,1.035967,1.030768,1.025281,1.036467,1.040984,1.039635,1.026299,1.040469,1.040902,1.040236,1.032148,1.037448,1.030917,1.024412,1.025659,1.026954,1.027587,1.028904,0.964834,1.026099,1.031972,1.024483,1.027869,1.029120,1.034505,1.028269,1.021587,1.014298,1.006757,1.020582,0.990965,0.974624,0.969679,1.022794,1.026133,0.998455,0.971852,1.031839
2.840530,1.038108,1.035983,1.030798,1.025311,1.036497,1.041005,1.039657,1.026357,1.040607,1.040923,1.040258,1.032171,1.037473,1.030949,1.024461,1.025713,1.026999,1.027627,1.028967,0.964910,1.026157,1.032032,1.024552,1.027926,1.029137,1.034538,1.028308,1.021623,1.014335,1.006678,1.020525,0.990970,0.974670,0.969776,1.022837,1.026236,0.998474,0.971889,1.032016
2.848860,1.038252,1.036003,1.030830,1.025344,1.036528,1.041029,1.039681,1.026419,1.040748,1.040947,1.040282,1.032197,1.037500,1.030984,1.024511,1.025770,1.027048,1.027669,1.029032,0.964988,1.026217,1.032093,1.024623,1.027985,1.029156,1.034574,1.028350,1.021661,1.014373,1.006602,1.020469,0.990977,0.974717,0.969874,1.022881,1.026338,0.998495,0.971928,1.032194
2.857190,1.038399,1.036026,1.030866,1.025379,1.036563,1.041056,1.039707,1.026483,1.040892,1.040974,1.040309,1.032225,1.037530,1.031022,1.024565,1.025829,1.027099,1.027715,1.029100,0.965067,1.026280,1.032157,1.024696,1.028046,1.029178,1.034613,1.028395,1.021701,1.014414,1.006528,1.020415,0.990985,0.974766,0.969972,1.022926,1.026441,0.998518,0.971968,1.032374
2.865520,1.038551,1.036054,1.030905,1.025418,1.036601,1.041086,1.039737,1.026551,1.041039,1.041003,1.040338,1.032256,1.037563,1.031063,1.024623,1.025892,1.027154,1.027765,1.029169,0.965148,1.026345,1.032223,1.024771,1.028111,1.029203,1.034654,1.028442,1.021744,1.014457,1.006457,1.020363,0.990995,0.974816,0.970072,1.022974,1.026544,0.998544,0.972011,1.032554
2.873850,1.038706,1.036085,1.030949,1.025461,1.036643,1.041119,1.039771,1.026623,1.041188,1.041036,1.040372,1.032291,1.037599,1.031107,1.024684,1.025958,1.027213,1.027818,1.029242,0.965231,1.026415,1.032291,1.024849,1.028180,1.029231,1.034699,1.028494,1.021790,1.014503,1.006391,1.020313,0.991008,0.974869,0.970173,1.023024,1.026648,0.998573,0.972056,1.032737
2.882180,1.038866,1.036122,1.030997,1.025508,1.036689,1.041157,1.039808,1.026699,1.041341,1.041073,1.040409,1.032330,1.037639,1.031156,1.024750,1.026029,1.027277,1.027877,1.029318,0.965317,1.026488,1.032364,1.024930,1.028253,1.029263,1.034748,1.028550,1.021839,1.014552,1.006329,1.020266,0.991023,0.974924,0.970276,1.023077,1.026753,0.998606,0.972104,1.032920
2.890510,1.039029,1.036163,1.031050,1.025560,1.036739,1.041199,1.039850,1.026779,1.041496,1.041113,1.040450,1.032373,1.037684,1.031210,1.024820,1.026105,1.027345,1.027940,1.029399,0.965407,1.026565,1.032440,1.025014,1.028330,1.029299,1.034801,1.028610,1.021891,1.014605,1.006272,1.020224,0.991041,0.974982,0.970382,1.023134,1.026861,0.998643,0.972155,1.033104
2.898840,1.039197,1.036210,1.031108,1.025616,1.036794,1.041245,1.039896,1.026864,1.041655,1.041159,1.040496,1.032421,1.037733,1.031268,1.024896,1.026185,1.027419,1.028008,1.029483,0.965500,1.026647,1.032520,1.025103,1.028412,1.029340,1.034859,1.028675,1.021948,1.014662,1.006221,1.020186,0.991063,0.975043,0.970491,1.023194,1.026971,0.998684,0.972210,1.033290
2.907170,1.039368,1.036264,1.031172,1.025678,1.036854,1.041297,1.039948,1.026954,1.041817,1.041209,1.040547,1.032474,1.037787,1.031332,1.024977,1.026271,1.027498,1.028082,1.029572,0.965597,1.026735,1.032605,1.025196,1.028500,1.029386,1.034921,1.028746,1.022010,1.014723,1.006177,1.020154,0.991090,0.975108,0.970603,1.023258,1.027085,0.998730,0.972268,1.033476
2.915500,1.039544,1.036323,1.031242,1.025746,1.036920,1.041355,1.040006,1.027049,1.041981,1.041266,1.040604,1.032532,1.037848,1.031402,1.025064,1.026363,1.027583,1.028163,1.029667,0.965698,1.026828,1.032695,1.025295,1.028593,1.029438,1.034990,1.028823,1.022077,1.014789,1.006140,1.020127,0.991120,0.975178,0.970719,1.023327,1.027202,0.998782,0.972332,1.033664
2.923830,1.039724,1.036389,1.031319,1.025820,1.036992,1.041418,1.040069,1.027150,1.042149,1.041328,1.040667,1.032597,1.037914,1.031478,1.025157,1.026461,1.027675,1.028249,1.029767,0.965805,1.026927,1.032791,1.025399,1.028693,1.029496,1.035064,1.028905,1.022149,1.014861,1.006110,1.020107,0.991156,0.975252,0.970839,1.023400,1.027324,0.998839,0.972400,1.033853
2.932160,1.039908,1.036463,1.031402,1.025900,1.037071,1.041489,1.040139,1.027256,1.042321,1.041396,1.040736,1.032668,1.037987,1.031560,1.025258,1.026566,1.027774,1.028343,1.029873,0.965917,1.027032,1.032892,1.025508,1.028799,1.029559,1.035145,1.028995,1.022227,1.014938,1.006088,1.020094,0.991198,0.975330,0.970964,1.023479,1.027450,0.998901,0.972473,1.034042
2.940490,1.040096,1.036543,1.031493,1.025987,1.037156,1.041566,1.040216,1.027369,1.042495,1.041472,1.040813,1.032746,1.038066,1.031650,1.025365,1.026679,1.027879,1.028444,1.029986,0.966034,1.027145,1.033000,1.025624,1.028912,1.029629,1.035232,1.029091,1.022311,1.015021,1.006074,1.020089,0.991245,0.975415,0.971095,1.023564,1.027581,0.998970,0.972552,1.034233
2.948820,1.040288,1.036631,1.031591,1.026082,1.037249,1.041650,1.040301,1.027488,1.042673,1.041554,1.040896,1.032832,1.038153,1.031747,1.025481,1.026798,1.027993,1.028553,1.030106,0.966158,1.027264,1.033115,1.025747,1.029033,1.029706,1.035327,1.029194,1.022401,1.015111,1.006069,1.020092,0.991299,0.975505,0.971231,1.023655,1.027718,0.999045,0.972637,1.034424
2.957150,1.040484,1.036727,1.031697,1.026184,1.037348,1.041742,1.040392,1.027613,1.042854,1.041645,1.040987,1.032925,1.038248,1.031852,1.025604,1.026926,1.028114,1.028669,1.030233,0.966289,1.027391,1.033237,1.025877,1.029161,1.029790,1.035428,1.029305,1.022499,1.015207,1.006074,1.020104,0.991360,0.975601,0.971373,1.023752,1.027861,0.999127,0.972728,1.034616
2.965480,1.040684,1.036831,1.031812,1.026294,1.037456,1.041842,1.040492,1.027745,1.043039,1.041743,1.041086,1.033025,1.038350,1.031965,1.025735,1.027061,1.028244,1.028794,1.030367,0.966426,1.027526,1.033366,1.026014,1.029298,1.029882,1.035537,1.029424,1.022603,1.015311,1.006087,1.020125,0.991427,0.975704,0.971522,1.023856,1.028011,0.999216,0.972825,1.034809
2.973810,1.040888,1.036943,1.031934,1.026412,1.037571,1.041949,1.040599,1.027883,1.043226,1.041849,1.041193,1.033134,1.038460,1.032086,1.025875,1.027206,1.028382,1.028927,1.030510,0.966571,1.027669,1.033504,1.026159,1.029443,1.029981,1.035654,1.029551,1.022715,1.015421,1.006110,1.020155,0.991503,0.975813,0.971678,1.023967,1.028167,0.999311,0.972930,1.035002
2.982140,1.041096,1.037063,1.032065,1.026538,1.037694,1.042065,1.040715,1.028028,1.043417,1.041963,1.041308,1.033252,1.038579,1.032216,1.026023,1.027358,1.028528,1.029069,1.030661,0.966723,1.027821,1.033649,1.026313,1.029596,1.030087,1.035779,1.029686,1.022834,1.015539,1.006142,1.020195,0.991585,0.975930,0.971841,1.024085,1.028331,0.999414,0.973041,1.035196
2.990470,1.041307,1.037192,1.032204,1.026672,1.037826,1.042190,1.040839,1.028181,1.043611,1.042086,1.041432,1.033377,1.038707,1.032354,1.026180,1.027520,1.028683,1.029219,1.030820,0.966883,1.027982,1.033803,1.026475,1.029758,1.030201,1.035912,1.029830,1.022962,1.015665,1.006184,1.020244,0.991676,0.976054,0.972011,1.024211,1.028503,0.999524,0.973160,1.035390
2.998800,1.041522,1.037329,1.032352,1.026815,1.037965,1.042322,1.040972,1.028340,1.043808,1.042218,1.041564,1.033512,1.038843,1.032501,1.026347,1.027691,1.028848,1.029378,1.030988,0.967051,1.028151,1.033965,1.026645,1.029929,1.030323,1.036054,1.029982,1.023097,1.015799,1.006237,1.020303,0.991775,0.976185,0.972190,1.024344,1.028683,0.999642,0.973286,1.035584
3.007130,1.041740,1.037473,1.032507,1.026966,1.038112,1.042462,1.041112,1.028505,1.044008,1.042357,1.041704,1.033654,1.038987,1.032656,1.026522,1.027870,1.029020,1.029546,1.031165,0.967228,1.028329,1.034136,1.026824,1.030109,1.030452,1.036203,1.030143,1.023240,1.015940,1.006296,1.020371,0.991881,0.976325,0.972378,1.024486,1.028871,0.999766,0.973418,1.035779
3.015460,1.041962,1.037629,1.032674,1.027127,1.038269,1.042614,1.041263,1.028679,1.044211,1.042507,1.041855,1.033807,1.039142,1.032822,1.026708,1.028060,1.029204,1.029724,1.031352,0.967414,1.028517,1.034317,1.027013,1.030300,1.030592,1.036363,1.030314,1.023393,1.016092,1.006371,1.020452,0.991998,0.976473,0.972574,1.024636,1.029068,0.999901,0.973561,1.035973
3.023790,1.042187,1.037790,1.032847,1.027295,1.038433,1.042771,1.041420,1.028859,1.044417,1.042664,1.042013,1.033967,1.039304,1.032995,1.026902,1.028259,1.029395,1.029910,1.031548,0.967609,1.028714,1.034506,1.027210,1.030499,1.030737,1.036529,1.030492,1.023552,1.016249,1.006451,1.020540,0.992121,0.976629,0.972779,1.024794,1.029274,1.000040,0.973710,1.036169
3.032120,1.042415,1.037963,1.033032,1.027474,1.038608,1.042940,1.041589,1.029047,1.044625,1.042833,1.042182,1.034139,1.039477,1.033179,1.027107,1.028468,1.029598,1.030107,1.031754,0.967813,1.028922,1.034705,1.027418,1.030709,1.030894,1.036707,1.030681,1.023723,1.016418,1.006547,1.020641,0.992255,0.976794,0.972993,1.024962,1.029489,1.000190,0.973869,1.036363
3.040450,1.042646,1.038143,1.033225,1.027661,1.038789,1.043116,1.041765,1.029241,1.044836,1.043010,1.042358,1.034318,1.039658,1.033372,1.027321,1.028687,1.029809,1.030312,1.031970,0.968026,1.029139,1.034914,1.027636,1.030928,1.031057,1.036892,1.030879,1.023901,1.016594,1.006651,1.020751,0.992397,0.976967,0.973217,1.025139,1.029714,1.000347,0.974035,1.036557
3.048780,1.042880,1.038332,1.033426,1.027856,1.038979,1.043301,1.041949,1.029442,1.045050,1.043195,1.042544,1.034507,1.039849,1.033574,1.027545,1.028915,1.030030,1.030527,1.032196,0.968249,1.029365,1.035132,1.027862,1.031156,1.031229,1.037087,1.031086,1.024088,1.016779,1.006764,1.020871,0.992548,0.977150,0.973451,1.025324,1.029948,1.000511,0.974210,1.036752
3.057110,1.043116,1.038529,1.033637,1.028061,1.039178,1.043495,1.042143,1.029649,1.045266,1.043390,1.042739,1.034704,1.040048,1.033784,1.027779,1.029153,1.030261,1.030751,1.032432,0.968482,1.029602,1.035360,1.028099,1.031395,1.031408,1.037290,1.031302,1.024284,1.016973,1.006888,1.021001,0.992707,0.977341,0.973695,1.025518,1.030192,1.000684,0.974393,1.036945
3.065440,1.043355,1.038734,1.033856,1.028274,1.039385,1.043697,1.042345,1.029864,1.045484,1.043593,1.042942,1.034910,1.040256,1.034004,1.028022,1.029402,1.030500,1.030985,1.032678,0.968724,1.029848,1.035598,1.028346,1.031644,1.031597,1.037503,1.031528,1.024489,1.017176,1.007022,1.021141,0.992875,0.977542,0.973948,1.025721,1.030446,1.000864,0.974585,1.037138
3.073770,1.043596,1.038948,1.034084,1.028495,1.039600,1.043908,1.042555,1.030085,1.045704,1.043806,1.043154,1.035125,1.040474,1.034234,1.028275,1.029660,1.030750,1.031228,1.032934,0.968977,1.030104,1.035846,1.028603,1.031902,1.031793,1.037724,1.031763,1.024703,1.017388,1.007167,1.021291,0.993052,0.977752,0.974213,1.025934,1.030710,1.001052,0.974785,1.037331
3.082100,1.043840,1.039170,1.034321,1.028726,1.039823,1.044127,1.042774,1.030312,1.045926,1.044027,1.043375,1.035350,1.040700,1.034472,1.028538,1.029928,1.031009,1.031480,1.033200,0.969239,1.030371,1.036104,1.028870,1.032171,1.031998,1.037955,1.032007,1.024926,1.017609,1.007321,1.021450,0.993238,0.977971,0.974487,1.026156,1.030984,1.001248,0.974995,1.037523
3.090430,1.044085,1.039400,1.034567,1.028964,1.040054,1.044354,1.043001,1.030546,1.046149,1.044257,1.043605,1.035582,1.040935,1.034719,1.028811,1.030206,1.031278,1.031741,1.033477,0.969512,1.030647,1.036372,1.029147,1.032449,1.032211,1.038195,1.032260,1.025158,1.017839,1.007486,1.021619,0.993432,0.978200,0.974772,1.026387,1.031269,1.001452,0.975212,1.037713
3.098760,1.044332,1.039638,1.034821,1.029212,1.040293,1.044589,1.043236,1.030786,1.046375,1.044496,1.043843,1.035824,1.041179,1.034975,1.029093,1.030493,1.031556,1.032011,1.033764,0.969795,1.030933,1.036650,1.029435,1.032738,1.032432,1.038443,1.032522,1.025399,1.018078,1.007660,1.021798,0.993634,0.978438,0.975068,1.026628,1.031563,1.001663,0.975439,1.037903
3.107090,1.044581,1.039884,1.035084,1.029467,1.040539,1.044833,1.043479,1.031032,1.046602,1.044743,1.044089,1.036074,1.041431,1.035239,1.029384,1.030791,1.031843,1.032290,1.034062,0.970088,1.031230,1.036937,1.029732,1.033036,1.032661,1.038701,1.032793,1.025649,1.018326,1.007844,1.021985,0.993845,0.978685,0.975375,1.026878,1.031869,1.001882,0.975674,1.038092
3.115420,1.044832,1.040138,1.035355,1.029731,1.040793,1.045084,1.043730,1.031284,1.046830,1.044998,1.044344,1.036332,1.041692,1.035512,1.029685,1.031098,1.032139,1.032579,1.034369,0.970391,1.031535,1.037235,1.030039,1.033344,1.032898,1.038967,1.033074,1.025908,1.018582,1.008037,1.022182,0.994064,0.978942,0.975692,1.027137,1.032184,1.002109,0.975918,1.038280
3.123750,1.045083,1.040399,1.035634,1.030002,1.041055,1.045343,1.043989,1.031541,1.047060,1.045262,1.044606,1.036598,1.041961,1.035794,1.029995,1.031414,1.032445,1.032875,1.034687,0.970704,1.031851,1.037542,1.030357,1.033661,1.033143,1.039242,1.033363,1.026175,1.018848,1.008240,1.022388,0.994292,0.979208,0.976021,1.027406,1.032510,1.002343,0.976170,1.038466
3.132080,1.045336,1.040667,1.035920,1.030281,1.041324,1.045610,1.044255,1.031805,1.047290,1.045534,1.044876,1.036872,1.042238,1.036083,1.030314,1.031740,1.032759,1.033180,1.035015,0.971028,1.032176,1.037859,1.030684,1.033988,1.033395,1.039525,1.033660,1.026452,1.019122,1.008451,1.022602,0.994527,0.979484,0.976360,1.027683,1.032846,1.002583,0.976431,1.038651
3.140410,1.045589,1.040943,1.036215,1.030568,1.041599,1.045883,1.044528,1.032073,1.047522,1.045813,1.045154,1.037154,1.042523,1.036381,1.030642,1.032074,1.033082,1.033494,1.035353,0.971361,1.032510,1.038185,1.031021,1.034324,1.033654,1.039816,1.033966,1.026736,1.019405,1.008671,1.022824,0.994770,0.979769,0.976709,1.027970,1.033193,1.002831,0.976699,1.038834
3.148740,1.045843,1.041225,1.036517,1.030862,1.041882,1.046164,1.044808,1.032346,1.047754,1.046100,1.045440,1.037444,1.042815,1.036686,1.030978,1.032418,1.033413,1.033815,1.035700,0.971705,1.032854,1.038521,1.031367,1.034669,1.033921,1.040115,1.034280,1.027029,1.019695,1.008899,1.023055,0.995020,0.980063,0.977070,1.028266,1.033549,1.003086,0.976976,1.039015
3.157070,1.046098,1.041513,1.036826,1.031163,1.042170,1.046451,1.045095,1.032625,1.047987,1.046395,1.045732,1.037740,1.043115,1.036999,1.031323,1.032771,1.033752,1.034145,1.036058,0.972058,1.033207,1.038866,1.031723,1.035023,1.034194,1.040423,1.034602,1.027330,1.019994,1.009136,1.023294,0.995278,0.980366,0.977441,1.028570,1.033916,1.003347,0.977262,1.039195
3.165400,1.046353,1.041808,1.037142,1.031471,1.042465,1.046745,1.045389,1.032908,1.048220,1.046696,1.046031,1.038044,1.043422,1.037319,1.031676,1.033131,1.034099,1.034481,1.036424,0.972420,1.033568,1.039220,1.032088,1.035385,1.034474,1.040737,1.034932,1.027639,1.020301,1.009379,1.023540,0.995542,0.980677,0.977822,1.028884,1.034292,1.003614,0.977554,1.039373
3.173730,1.046608,1.042108,1.037465,1.031785,1.042767,1.047046,1.045689,1.033195,1.048453,1.047004,1.046337,1.038355,1.043735,1.037646,1.032037,1.033500,1.034454,1.034825,1.036800,0.972793,1.033938,1.039583,1.032462,1.035756,1.034760,1.041059,1.035269,1.027956,1.020616,1.009630,1.023794,0.995814,0.980998,0.978214,1.029205,1.034678,1.003888,0.977855,1.039549
3.182060,1.046863,1.042414,1.037794,1.032106,1.043073,1.047352,1.045995,1.033487,1.048687,1.047319,1.046650,1.038672,1.044056,1.037980,1.032406,1.033877,1.034817,1.035176,1.037185,0.973174,1.034316,1.039954,1.032844,1.036135,1.035052,1.041389,1.035613,1.028280,1.020938,1.009888,1.024055,0.996092,0.981327,0.978616,1.029535,1.035073,1.004167,0.978162,1.039723
3.190390,1.047118,1.042725,1.038128,1.032432,1.043386,1.047664,1.046306,1.033782,1.048920,1.047640,1.046968,1.038995,1.044382,1.038320,1.032781,1.034262,1.035186,1.035534,1.037579,0.973565,1.034702,1.040334,1.033235,1.036522,1.035350,1.041725,1.035965,1.028611,1.021268,1.010152,1.024323,0.996377,0.981664,0.979028,1.029873,1.035478,1.004452,0.978477,1.039894
3.198720,1.047372,1.043040,1.038469,1.032765,1.043703,1.047982,1.046623,1.034081,1.049153,1.047967,1.047292,1.039324,1.044715,1.038666,1.033164,1.034654,1.035562,1.035898,1.037981,0.973964,1.035095,1.040721,1.033635,1.036916,1.035654,1.042067,1.036322,1.028950,1.021604,1.010423,1.024598,0.996667,0.982009,0.979450,1.030219,1.035891,1.004742,0.978799,1.040063
3.207050,1.047625,1.043361,1.038815,1.033102,1.044026,1.048304,1.046946,1.034384,1.049386,1.048300,1.047622,1.039659,1.045053,1.039018,1.033554,1.035053,1.035944,1.036267,1.038391,0.974372,1.035496,1.041116,1.034042,1.037317,1.035962,1.042416,1.036686,1.029294,1.021947,1.010698,1.024879,0.996964,0.982362,0.979881,1.030573,1.036314,1.005037,0.979128,1.040230
3.215380,1.047877,1.043685,1.039166,1.033445,1.044353,1.048632,1.047273,1.034690,1.049618,1.048638,1.047957,1.039999,1.045397,1.039376,1.033949,1.035459,1.036333,1.036643,1.038809,0.974788,1.035905,1.041519,1.034456,1.037726,1.036275,1.042770,1.037056,1.029646,1.022297,1.010979,1.025166,0.997265,0.982723,0.980322,1.030933,1.036744,1.005336,0.979463,1.040394
3.223710,1.048129,1.044013,1.039522,1.033793,1.044684,1.048964,1.047604,1.034998,1.049849,1.048981,1.048297,1.040344,1.045746,1.039739,1.034351,1.035871,1.036727,1.037024,1.039235,0.975213,1.036319,1.041929,1.034879,1.038141,1.036593,1.043130,1.037432,1.030003,1.022652,1.011265,1.025458,0.997573,0.983091,0.980771,1.031301,1.037183,1.005640,0.979803,1.040556
3.232040,1.048378,1.044345,1.039882,1.034145,1.045019,1.049301,1.047941,1.035310,1.050080,1.049329,1.048641,1.040694,1.046100,1.040106,1.034759,1.036289,1.037127,1.037410,1.039668,0.975645,1.036741,1.042346,1.035307,1.038562,1.036915,1.043495,1.037813,1.030366,1.023013,1.011555,1.025756,0.997885,0.983466,0.981230,1.031676,1.037630,1.005948,0.980150,1.040715
3.240370,1.048627,1.044680,1.040246,1.034502,1.045358,1.049641,1.048281,1.035624,1.050309,1.049681,1.048990,1.041048,1.046458,1.040479,1.035172,1.036713,1.037532,1.037800,1.040108,0.976084,1.037168,1.042769,1.035743,1.038989,1.037241,1.043865,1.038199,1.030734,1.023380,1.011848,1.026060,0.998202,0.983847,0.981697,1.032057,1.038084,1.006260,0.980502,1.040871
3.248700,1.048873,1.045017,1.040614,1.034862,1.045701,1.049986,1.048624,1.035940,1.050537,1.050038,1.049343,1.041407,1.046821,1.040855,1.035590,1.037142,1.037942,1.038195,1.040555,0.976531,1.037601,1.043198,1.036185,1.039421,1.037570,1.044240,1.038589,1.031107,1.023752,1.012145,1.026368,0.998523,0.984235,0.982172,1.032444,1.038545,1.006575,0.980860,1.041024
3.257030,1.049118,1.045357,1.040985,1.035226,1.046047,1.050333,1.048971,1.036257,1.050764,1.050398,1.049699,1.041769,1.047187,1.041235,1.036012,1.037576,1.038356,1.038594,1.041007,0.976984,1.038039,1.043633,1.036632,1.039859,1.037903,1.044618,1.038983,1.031485,1.024129,1.012445,1.026680,0.998848,0.984630,0.982655,1.032837,1.039012,1.006893,0.981222,1.041174
3.265360,1.049360,1.045699,1.041359,1.035593,1.046395,1.050684,1.049321,1.036577,1.050989,1.050762,1.050059,1.042135,1.047556,1.041619,1.036439,1.038015,1.038773,1.038996,1.041466,0.977444,1.038483,1.044073,1.037085,1.040301,1.038238,1.045001,1.039382,1.031867,1.024510,1.012747,1.026997,0.999177,0.985029,0.983145,1.033235,1.039487,1.007214,0.981589,1.041322
3.273690,1.049601,1.046042,1.041735,1.035963,1.046746,1.051037,1.049674,1.036897,1.051212,1.051129,1.050422,1.042503,1.047929,1.042006,1.036869,1.038458,1.039195,1.039401,1.041930,0.977909,1.038930,1.044518,1.037543,1.040748,1.038575,1.045387,1.039783,1.032254,1.024895,1.013052,1.027317,0.999510,0.985435,0.983642,1.033639,1.039967,1.007537,0.981959,1.041465
3.282020,1.049838,1.046387,1.042114,1.036335,1.047099,1.051393,1.050029,1.037219,1.051434,1.051498,1.050787,1.042874,1.048305,1.042396,1.037303,1.038904,1.039619,1.039809,1.042399,0.978381,1.039382,1.044967,1.038006,1.041198,1.038915,1.045775,1.040188,1.032643,1.025284,1.013358,1.027641,0.999845,0.985845,0.984146,1.034047,1.040452,1.007862,0.982334,1.041606
3.290350,1.050073,1.046733,1.042494,1.036709,1.047453,1.051750,1.050386,1.037541,1.051653,1.051870,1.051155,1.043248,1.048682,1.042788,1.037740,1.039354,1.040046,1.040220,1.042872,0.978857,1.039837,1.045421,1.038473,1.041652,1.039256,1.046167,1.040595,1.033036,1.025675,1.013665,1.027968,1.000183,0.986260,0.984656,1.034460,1.040943,1.008189,0.982712,1.041744
3.298680,1.050305,1.047078,1.042876,1.037085,1.047809,1.052109,1.050745,1.037864,1.051870,1.052244,1.051524,1.043623,1.049062,1.043182,1.038180,1.039806,1.040476,1.040632,1.043350,0.979338,1.040296,1.045878,1.038944,1.042109,1.039598,1.046560,1.041005,1.033432,1.026070,1.013973,1.028297,1.000524,0.986679,0.985171,1.034876,1.041438,1.008518,0.983093,1.041877
3.307010,1.050534,1.047424,1.043259,1.037462,1.048166,1.052469,1.051104,1.038186,1.052084,1.052619,1.051894,1.044000,1.049443,1.043577,1.038621,1.040261,1.040907,1.041046,1.043831,0.979824,1.040757,1.046339,1.039417,1.042568,1.039941,1.046956,1.041416,1.033830,1.026467,1.014280,1.028628,1.000867,0.987101,0.985692,1.035296,1.041937,1.008847,0.983476,1.042008
3.315340,1.050760,1.047770,1.043642,1.037840,1.048523,1.052830,1.051464,1.038509,1.052296,1.052995,1.052266,1.044377,1.049825,1.043973,1.039064,1.040718,1.041339,1.041460,1.044315,0.980313,1.041221,1.046802,1.039894,1.043030,1.040285,1.047352,1.041829,1.034230,1.026867,1.014588,1.028960,1.001211,0.987527,0.986218,1.035720,1.042440,1.009176,0.983862,1.042135
3.323670,1.050982,1.048114,1.044025,1.038218,1.048880,1.053190,1.051824,1.038830,1.052505,1.053372,1.052637,1.044755,1.050208,1.044370,1.039508,1.041176,1.041773,1.041875,1.044803,0.980806,1.041686,1.047268,1.040373,1.043493,1.040629,1.047750,1.042242,1.034631,1.027267,1.014895,1.029293,1.001555,0.987956,0.986748,1.036145,1.042946,1.009506,0.984250,1.042258
3.332000,1.051200,1.048458,1.044407,1.038596,1.049237,1.053550,1.052184,1.039150,1.052711,1.053748,1.053009,1.045133,1.050590,1.044767,1.039953,1.041635,1.042206,1.042290,1.045292,0.981302,1.042153,1.047735,1.040854,1.043957,1.040972,1.048147,1.042656,1.035034,1.027669,1.015201,1.029626,1.001901,0.988388,0.987282,1.036573,1.043455,1.009836,0.984639,1.042377
3.340330,1.051415,1.048800,1.044789,1.038973,1.049593,1.053910,1.052543,1.039468,1.052914,1.054125,1.053380,1.045511,1.050972,1.045163,1.040398,1.042095,1.042640,1.042705,1.045783,0.981800,1.042620,1.048203,1.041335,1.044422,1.041314,1.048545,1.043069,1.035437,1.028072,1.015505,1.029958,1.002246,0.988821,0.987819,1.037003,1.043965,1.010165,0.985029,1.042492
3.348660,1.051625,1.049140,1.045169,1.039349,1.049947,1.054268,1.052900,1.039784,1.053113,1.054499,1.053749,1.045887,1.051353,1.045558,1.040842,1.042554,1.043073,1.043119,1.046275,0.982300,1.043087,1.048672,1.041818,1.044887,1.041656,1.048942,1.043482,1.035840,1.028475,1.015808,1.030289,1.002591,0.989256,0.988359,1.037434,1.044477,1.010492,0.985419,1.042604
3.356990,1.051832,1.049477,1.045548,1.039723,1.050299,1.054624,1.053255,1.040098,1.053308,1.054873,1.054117,1.046261,1.051732,1.045952,1.041286,1.043013,1.043505,1.043531,1.046768,0.982802,1.043555,1.049142,1.042301,1.045352,1.041995,1.049339,1.043894,1.036243,1.028877,1.016107,1.030618,1.002935,0.989692,0.988901,1.037866,1.044990,1.010819,0.985809,1.042711
3.365320,1.052033,1.049812,1.045924,1.040095,1.050648,1.054977,1.053608,1.040409,1.053500,1.055244,1.054483,1.046634,1.052109,1.046344,1.041728,1.043471,1.043936,1.043942,1.047261,0.983304,1.044021,1.049611,1.042783,1.045815,1.042332,1.049733,1.044305,1.036645,1.029279,1.016404,1.030944,1.003277,0.990129,0.989445,1.038298,1.045504,1.011143,0.986199,1.042814
3.373650,1.052230,1.050143,1.046297,1.040465,1.050995,1.055328,1.053958,1.040717,1.053687,1.055613,1.054846,1.047003,1.052484,1.046733,1.042168,1.043927,1.044364,1.044350,1.047753,0.983807,1.044486,1.050079,1.043265,1.046277,1.042667,1.050126,1.044713,1.037045,1.029680,1.016698,1.031268,1.003617,0.990565,0.989990,1.038730,1.046017,1.011466,0.986589,1.042913
3.381980,1.052423,1.050470,1.046668,1.040831,1.051337,1.055674,1.054305,1.041021,1.053870,1.055978,1.055205,1.047369,1.052855,1.047119,1.042605,1.044381,1.044790,1.044755,1.048245,0.984309,1.044950,1.050545,1.043745,1.046737,1.042999,1.050517,1.045119,1.037444,1.030079,1.016988,1.031587,1.003954,0.991001,0.990535,1.039161,1.046529,1.011785,0.986977,1.043008
3.390310,1.052610,1.050794,1.047034,1.041194,1.051676,1.056017,1.054647,1.041321,1.054048,1.056339,1.055561,1.047732,1.053223,1.047501,1.043040,1.044832,1.045212,1.045157,1.048735,0.984811,1.045410,1.051010,1.044224,1.047195,1.043328,1.050904,1.045522,1.037841,1.030476,1.017274,1.031902,1.004288,0.991437,0.991081,1.039591,1.047040,1.012102,0.987363,1.043098
3.398640,1.052792,1.051113,1.047396,1.041552,1.052011,1.056356,1.054985,1.041616,1.054222,1.056697,1.055912,1.048090,1.053586,1.047880,1.043471,1.045280,1.045632,1.045555,1.049223,0.985311,1.045868,1.051473,1.044699,1.047649,1.043652,1.051289,1.045921,1.038235,1.030870,1.017555,1.032211,1.004618,0.991871,0.991626,1.040020,1.047549,1.012415,0.987747,1.043183
3.406970,1.052969,1.051427,1.047754,1.041906,1.052340,1.056689,1.055318,1.041906,1.054390,1.057049,1.056258,1.048443,1.053945,1.048253,1.043898,1.045724,1.046047,1.045949,1.049708,0.985810,1.046323,1.051932,1.045172,1.048100,1.043973,1.051669,1.046317,1.038626,1.031262,1.017831,1.032515,1.004944,0.992303,0.992170,1.040446,1.048056,1.012724,0.988128,1.043265
3.415300,1.053140,1.051736,1.048107,1.042255,1.052664,1.057017,1.055645,1.042191,1.054554,1.057396,1.056599,1.048791,1.054298,1.048622,1.044320,1.046164,1.046457,1.046338,1.050191,0.986307,1.046774,1.052388,1.045641,1.048547,1.044289,1.052045,1.046708,1.039013,1.031650,1.018102,1.032813,1.005265,0.992732,0.992712,1.040870,1.048559,1.013029,0.988507,1.043341
3.423630,1.053305,1.052039,1.048454,1.042598,1.052982,1.057339,1.055966,1.042470,1.054712,1.057738,1.056935,1.049134,1.054645,1.048985,1.044737,1.046600,1.046863,1.046722,1.050670,0.986800,1.047220,1.052840,1.046106,1.048989,1.044600,1.052417,1.047095,1.039397,1.032034,1.018367,1.033103,1.005581,0.993159,0.993252,1.041291,1.049059,1.013330,0.988881,1.043413
3.431960,1.053465,1.052336,1.048795,1.042935,1.053294,1.057654,1.056281,1.042743,1.054864,1.058073,1.057263,1.049470,1.054987,1.049341,1.045149,1.047030,1.047263,1.047100,1.051144,0.987291,1.047661,1.053288,1.046567,1.049427,1.044905,1.052784,1.047476,1.039776,1.032413,1.018626,1.033386,1.005891,0.993583,0.993789,1.041708,1.049555,1.013625,0.989252,1.043480
3.440290,1.053619,1.052627,1.049131,1.043266,1.053599,1.057962,1.056589,1.043010,1.055011,1.058401,1.057585,1.049799,1.055321,1.049692,1.045555,1.047454,1.047658,1.047473,1.051614,0.987777,1.048097,1.053730,1.047022,1.049858,1.045205,1.053145,1.047851,1.040150,1.032788,1.018879,1.033661,1.006195,0.994003,0.994322,1.042121,1.050046,1.013915,0.989619,1.043543
3.448620,1.053766,1.052911,1.049459,1.043590,1.053896,1.058263,1.056890,1.043269,1.055152,1.058722,1.057900,1.050121,1.055649,1.050035,1.045954,1.047873,1.048046,1.047838,1.052080,0.988259,1.048527,1.054167,1.047472,1.050284,1.045499,1.053500,1.048221,1.040518,1.033158,1.019124,1.033927,1.006491,0.994418,0.994852,1.042529,1.050532,1.014200,0.989981,1.043601
3.456950,1.053908,1.053188,1.049780,1.043907,1.054186,1.058557,1.057182,1.043522,1.055287,1.059035,1.058207,1.050435,1.055969,1.050371,1.046347,1.048285,1.048427,1.048197,1.052539,0.988737,1.048951,1.054599,1.047916,1.050704,1.045786,1.053849,1.048584,1.040881,1.033522,1.019363,1.034184,1.006781,0.994829,0.995377,1.042933,1.051012,1.014478,0.990338,1.043653
3.465280,1.054043,1.053458,1.050094,1.044216,1.054469,1.058842,1.057467,1.043767,1.055416,1.059341,1.058506,1.050741,1.056280,1.050699,1.046732,1.048690,1.048801,1.048549,1.052993,0.989209,1.049368,1.055024,1.048353,1.051116,1.046066,1.054191,1.048940,1.041238,1.033880,1.019594,1.034432,1.007063,0.995235,0.995898,1.043331,1.051486,1.014750,0.990690,1.043701
3.473610,1.054171,1.053720,1.050400,1.044517,1.054742,1.059118,1.057743,1.044005,1.055539,1.059638,1.058796,1.051039,1.056584,1.051019,1.047109,1.049087,1.049168,1.048893,1.053440,0.989675,1.049777,1.055442,1.048783,1.051521,1.046339,1.054526,1.049288,1.041589,1.034232,1.019817,1.034671,1.007337,0.995635,0.996412,1.043724,1.051953,1.015016,0.991035,1.043744
3.481940,1.054293,1.053974,1.050698,1.044809,1.055008,1.059386,1.058011,1.044235,1.055655,1.059926,1.059078,1.051328,1.056879,1.051330,1.047479,1.049477,1.049526,1.049229,1.053880,0.990136,1.050180,1.055853,1.049206,1.051919,1.046605,1.054853,1.049629,1.041932,1.034577,1.020032,1.034899,1.007602,0.996030,0.996921,1.044110,1.052413,1.015274,0.991375,1.043783
3.490270,1.054409,1.054220,1.050988,1.045093,1.055264,1.059645,1.058269,1.044456,1.055765,1.060205,1.059351,1.051608,1.057165,1.051633,1.047840,1.049859,1.049877,1.049556,1.054312,0.990589,1.050574,1.056256,1.049621,1.052308,1.046863,1.055173,1.049963,1.042269,1.034915,1.020239,1.035116,1.007859,0.996418,0.997424,1.044490,1.052865,1.015525,0.991707,1.043816
3.498600,1.054518,1.054458,1.051269,1.045368,1.055511,1.059895,1.058519,1.044669,1.055869,1.060475,1.059614,1.051878,1.057441,1.051926,1.048192,1.050232,1.050219,1.049875,1.054738,0.991036,1.050960,1.056651,1.050028,1.052689,1.047113,1.055485,1.050287,1.042597,1.035246,1.020437,1.035324,1.008107,0.996800,0.997920,1.044863,1.053309,1.015769,0.992033,1.043844
3.506930,1.054620,1.054687,1.051540,1.045634,1.055749,1.060135,1.058758,1.044874,1.055966,1.060735,1.059868,1.052140,1.057708,1.052210,1.048535,1.050596,1.050552,1.050185,1.055155,0.991475,1.051337,1.057038,1.050426,1.053062,1.047354,1.055789,1.050604,1.042918,1.035568,1.020625,1.035520,1.008346,0.997175,0.998408,1.045229,1.053744,1.016005,0.992352,1.043868
3.515260,1.054715,1.054907,1.051803,1.045891,1.055978,1.060365,1.058988,1.045070,1.056057,1.060985,1.060112,1.052391,1.057966,1.052485,1.048869,1.050951,1.050876,1.050486,1.055563,0.991907,1.051705,1.057416,1.050815,1.053425,1.047588,1.056083,1.050911,1.043231,1.035883,1.020805,1.035706,1.008575,0.997542,0.998889,1.045587,1.054170,1.016233,0.992663,1.043886
3.523590,1.054803,1.055117,1.052057,1.046138,1.056197,1.060585,1.059208,1.045257,1.056141,1.061226,1.060346,1.052632,1.058213,1.052750,1.049193,1.051297,1.051191,1.050778,1.055963,0.992330,1.052064,1.057785,1.051195,1.053779,1.047812,1.056369,1.051209,1.043536,1.036190,1.020975,1.035881,1.008795,0.997902,0.999361,1.045937,1.054587,1.016453,0.992967,1.043900
3.531920,1.054885,1.055319,1.052300,1.046375,1.056405,1.060796,1.059418,1.045435,1.056218,1.061456,1.060570,1.052863,1.058450,1.053004,1.049507,1.051633,1.051495,1.051059,1.056354,0.992745,1.052413,1.058145,1.051565,1.054123,1.048027,1.056646,1.051498,1.043831,1.036487,1.021135,1.036044,1.009004,0.998254,0.999825,1.046278,1.054994,1.016664,0.993262,1.043908
3.540250,1.054960,1.055510,1.052534,1.046603,1.056604,1.060996,1.059618,1.045604,1.056289,1.061676,1.060783,1.053084,1.058677,1.053249,1.049811,1.051960,1.051790,1.051331,1.056735,0.993151,1.052752,1.058495,1.051926,1.054457,1.048233,1.056913,1.051777,1.044118,1.036776,1.021286,1.036196,1.009204,0.998598,1.000280,1.046611,1.055391,1.016866,0.993549,1.043912
3.548580,1.055027,1.055693,1.052758,1.046820,1.056793,1.061186,1.059808,1.045764,1.056353,1.061885,1.060986,1.053294,1.058893,1.053483,1.050105,1.052275,1.052075,1.051593,1.057107,0.993548,1.053081,1.058835,1.052276,1.054781,1.048430,1.057171,1.052047,1.044396,1.037056,1.021426,1.036337,1.009394,0.998934,1.000726,1.046936,1.055777,1.017060,0.993828,1.043911
3.556910,1.055088,1.055865,1.052971,1.047027,1.056972,1.061365,1.059987,1.045915,1.056410,1.062084,1.061179,1.053494,1.059099,1.053706,1.050388,1.052581,1.052350,1.051845,1.057469,0.993936,1.053400,1.059165,1.052615,1.055095,1.048617,1.057418,1.052306,1.044664,1.037327,1.021555,1.036467,1.009573,0.999260,1.001162,1.047251,1.056153,1.017245,0.994098,1.043906
3.565240,1.055142,1.056027,1.053175,1.047224,1.057140,1.061534,1.060155,1.046056,1.056461,1.062272,1.061361,1.053683,1.059294,1.053919,1.050661,1.052876,1.052614,1.052086,1.057820,0.994314,1.053708,1.059485,1.052944,1.055398,1.048794,1.057656,1.052555,1.044922,1.037588,1.021674,1.036585,1.009742,0.999578,1.001588,1.047557,1.056518,1.017421,0.994359,1.043895
3.573570,1.055189,1.056179,1.053368,1.047410,1.057298,1.061692,1.060313,1.046188,1.056505,1.062449,1.061532,1.053861,1.059478,1.054121,1.050923,1.053160,1.052867,1.052316,1.058162,0.994682,1.054006,1.059794,1.053263,1.055691,1.048962,1.057884,1.052794,1.045171,1.037839,1.021783,1.036693,1.009901,0.999887,1.002005,1.047853,1.056871,1.017587,0.994610,1.043880
3.581900,1.055229,1.056321,1.053550,1.047585,1.057446,1.061840,1.060461,1.046311,1.056542,1.062615,1.061692,1.054029,1.059652,1.054312,1.051173,1.053433,1.053110,1.052536,1.058492,0.995039,1.054292,1.060092,1.053570,1.055972,1.049119,1.058101,1.053022,1.045410,1.038081,1.021880,1.036788,1.010049,1.000187,1.002410,1.048140,1.057213,1.017744,0.994853,1.043861
3.590230,1.055262,1.056453,1.053722,1.047750,1.057583,1.061977,1.060598,1.046425,1.056573,1.062771,1.061842,1.054185,1.059814,1.054492,1.051413,1.053696,1.053342,1.052745,1.058812,0.995387,1.054568,1.060379,1.053865,1.056243,1.049267,1.058308,1.053240,1.045638,1.038312,1.021967,1.036873,1.010187,1.000477,1.002805,1.048416,1.057542,1.017891,0.995085,1.043837
3.598560,1.055288,1.056574,1.053882,1.047905,1.057710,1.062104,1.060724,1.046529,1.056598,1.062915,1.061981,1.054331,1.059966,1.054662,1.051641,1.053947,1.053562,1.052943,1.059121,0.995724,1.054832,1.060655,1.054149,1.056502,1.049404,1.058504,1.053447,1.045857,1.038533,1.022042,1.036946,1.010314,1.000757,1.003189,1.048683,1.057860,1.018029,0.995308,1.043808
3.606890,1.055308,1.056685,1.054032,1.048048,1.057826,1.062220,1.060840,1.046623,1.056616,1.063049,1.062109,1.054466,1.060106,1.054820,1.051858,1.054186,1.053772,1.053130,1.059419,0.996050,1.055084,1.060920,1.054422,1.056749,1.049531,1.058689,1.053643,1.046064,1.038744,1.022106,1.037008,1.010431,1.001028,1.003562,1.048939,1.058165,1.018157,0.995522,1.043775
3.615220,1.055320,1.056785,1.054172,1.048181,1.057932,1.062325,1.060945,1.046709,1.056627,1.063171,1.062226,1.054589,1.060236,1.054967,1.052064,1.054414,1.053970,1.053306,1.059705,0.996365,1.055326,1.061173,1.054682,1.056985,1.049647,1.058864,1.053828,1.046262,1.038944,1.022159,1.037059,1.010537,1.001288,1.003923,1.049185,1.058458,1.018275,0.995725,1.043738
3.623550,1.055326,1.056875,1.054300,1.048304,1.058028,1.062419,1.061039,1.046785,1.056633,1.063283,1.062332,1.054702,1.060354,1.055103,1.052258,1.054631,1.054157,1.053470,1.059981,0.996669,1.055555,1.061415,1.054931,1.057210,1.049753,1.059028,1.054002,1.046448,1.039134,1.022200,1.037099,1.010633,1.001539,1.004273,1.049420,1.058739,1.018383,0.995918,1.043696
3.631880,1.055325,1.056954,1.054417,1.048415,1.058112,1.062503,1.061123,1.046852,1.056632,1.063384,1.062427,1.054804,1.060462,1.055228,1.052440,1.054836,1.054333,1.053624,1.060244,0.996962,1.055773,1.061645,1.055168,1.057423,1.049849,1.059181,1.054164,1.046624,1.039313,1.022230,1.037128,1.010718,1.001780,1.004611,1.049644,1.059006,1.018482,0.996101,1.043650
3.640210,1.055318,1.057022,1.054524,1.048516,1.058187,1.062576,1.061196,1.046909,1.056624,1.063473,1.062511,1.054894,1.060559,1.055342,1.052612,1.055029,1.054497,1.053766,1.060496,0.997244,1.055979,1.061863,1.055393,1.057624,1.049934,1.059323,1.054316,1.046789,1.039482,1.022249,1.037146,1.010793,1.002010,1.004937,1.049858,1.059261,1.018570,0.996274,1.043600
3.648540,1.055304,1.057081,1.054619,1.048606,1.058251,1.062639,1.061259,1.046957,1.056611,1.063552,1.062585,1.054974,1.060644,1.055445,1.052771,1.055211,1.054650,1.053897,1.060737,0.997514,1.056174,1.062069,1.055606,1.057814,1.050009,1.059454,1.054457,1.046944,1.039640,1.022256,1.037153,1.010858,1.002230,1.005252,1.050061,1.059503,1.018649,0.996437,1.043546
3.656870,1.055284,1.057128,1.054704,1.048685,1.058305,1.062691,1.061311,1.046996,1.056592,1.063620,1.062648,1.055043,1.060719,1.055537,1.052919,1.055381,1.054791,1.054017,1.060966,0.997773,1.056356,1.062264,1.055806,1.057992,1.050073,1.059573,1.054586,1.047087,1.039786,1.022252,1.037149,1.010912,1.002440,1.005554,1.050253,1.059732,1.018717,0.996589,1.043488
3.665200,1.055257,1.057165,1.054777,1.048754,1.058349,1.062733,1.061353,1.047026,1.056566,1.063677,1.062700,1.055102,1.060783,1.055618,1.053055,1.055540,1.054921,1.054126,1.061183,0.998020,1.056527,1.062447,1.055994,1.058158,1.050127,1.059682,1.054704,1.047219,1.039922,1.022236,1.037135,1.010955,1.002639,1.005844,1.050434,1.059947,1.018776,0.996731,1.043426
3.673530,1.055224,1.057191,1.054840,1.048812,1.058382,1.062765,1.061384,1.047047,1.056535,1.063723,1.062742,1.055149,1.060836,1.055688,1.053180,1.055687,1.055040,1.054223,1.061388,0.998256,1.056686,1.062618,1.056170,1.058312,1.050171,1.059780,1.054811,1.047341,1.040047,1.022209,1.037110,1.010989,1.002829,1.006122,1.050604,1.060150,1.018825,0.996863,1.043361
3.681860,1.055185,1.057208,1.054892,1.048859,1.058406,1.062786,1.061405,1.047060,1.056498,1.063759,1.062773,1.055186,1.060878,1.055747,1.053294,1.055822,1.055147,1.054309,1.061581,0.998480,1.056833,1.062777,1.056334,1.058455,1.050204,1.059867,1.054907,1.047452,1.040162,1.022171,1.037075,1.011012,1.003007,1.006388,1.050763,1.060339,1.018864,0.996984,1.043291
3.690190,1.055139,1.057213,1.054933,1.048896,1.058419,1.062797,1.061416,1.047063,1.056455,1.063784,1.062794,1.055212,1.060910,1.055795,1.053396,1.055945,1.055243,1.054384,1.061763,0.998693,1.056968,1.062924,1.056485,1.058585,1.050226,1.059943,1.054992,1.047551,1.040265,1.022121,1.037030,1.011026,1.003176,1.006641,1.050912,1.060516,1.018893,0.997095,1.043219
3.698520,1.055088,1.057209,1.054964,1.048923,1.058423,1.062798,1.061417,1.047057,1.056407,1.063799,1.062804,1.055228,1.060931,1.055833,1.053486,1.056057,1.055327,1.054448,1.061933,0.998894,1.057092,1.063059,1.056625,1.058704,1.050239,1.060008,1.055066,1.047640,1.040357,1.022060,1.036975,1.011029,1.003334,1.006882,1.051049,1.060679,1.018912,0.997195,1.043142
3.706850,1.055030,1.057194,1.054984,1.048939,1.058417,1.062789,1.061409,1.047043,1.056353,1.063803,1.062804,1.055234,1.060942,1.055860,1.053565,1.056157,1.055401,1.054501,1.062091,0.999083,1.057203,1.063183,1.056752,1.058812,1.050241,1.060062,1.055129,1.047718,1.040439,1.021988,1.036910,1.011022,1.003481,1.007111,1.051175,1.060829,1.018921,0.997285,1.043062
3.715180,1.054967,1.057169,1.054994,1.048945,1.058401,1.062771,1.061390,1.047021,1.056293,1.063798,1.062794,1.055229,1.060942,1.055876,1.053633,1.056246,1.055463,1.054544,1.062238,0.999261,1.057304,1.063295,1.056867,1.058908,1.050233,1.060105,1.055180,1.047785,1.040510,1.021905,1.036835,1.011006,1.003619,1.007328,1.051291,1.060966,1.018921,0.997365,1.042979
3.723510,1.054898,1.057133,1.054993,1.048942,1.058376,1.062743,1.061362,1.046990,1.056229,1.063782,1.062775,1.055214,1.060933,1.055883,1.053690,1.056324,1.055514,1.054575,1.062373,0.999427,1.057392,1.063395,1.056970,1.058992,1.050215,1.060137,1.055221,1.047841,1.040570,1.021810,1.036752,1.010981,1.003746,1.007532,1.051395,1.061090,1.018911,0.997434,1.042893
3.731840,1.054823,1.057088,1.054982,1.048928,1.058342,1.062705,1.061324,1.046951,1.056159,1.063756,1.062745,1.055190,1.060913,1.055879,1.053736,1.056390,1.055555,1.054596,1.062497,0.999582,1.057470,1.063484,1.057062,1.059066,1.050187,1.060159,1.055252,1.047887,1.040620,1.021705,1.036659,1.010946,1.003863,1.007724,1.051489,1.061201,1.018892,0.997493,1.042804
3.740170,1.054743,1.057034,1.054960,1.048905,1.058298,1.062658,1.061278,1.046904,1.056084,1.063721,1.062706,1.055156,1.060884,1.055865,1.053771,1.056445,1.055584,1.054606,1.062609,0.999725,1.057536,1.063561,1.057141,1.059127,1.050149,1.060171,1.055271,1.047922,1.040659,1.021589,1.036557,1.010902,1.003971,1.007904,1.051572,1.061300,1.018863,0.997542,1.042711
3.748500,1.054657,1.056969,1.054929,1.048872,1.058246,1.062603,1.061222,1.046849,1.056005,1.063676,1.062658,1.055113,1.060845,1.055841,1.053796,1.056490,1.055603,1.054606,1.062710,0.999858,1.057591,1.063627,1.057209,1.059178,1.050102,1.060172,1.055281,1.047946,1.040687,1.021462,1.036448,1.010849,1.004068,1.008072,1.051645,1.061385,1.018826,0.997581,1.042616
3.756830,1.054566,1.056895,1.054888,1.048830,1.058185,1.062538,1.061158,1.046786,1.055920,1.063623,1.062601,1.055060,1.060797,1.055808,1.053810,1.056523,1.055612,1.054596,1.062800,0.999979,1.057635,1.063682,1.057266,1.059218,1.050044,1.060162,1.055279,1.047961,1.040706,1.021325,1.036330,1.010787,1.004155,1.008229,1.051707,1.061459,1.018778,0.997610,1.042518
3.765160,1.054470,1.056811,1.054837,1.048779,1.058116,1.062466,1.061085,1.046716,1.055831,1.063560,1.062535,1.054998,1.060740,1.055765,1.053814,1.056546,1.055610,1.054575,1.062879,1.000089,1.057668,1.063726,1.057311,1.059247,1.049978,1.060143,1.055268,1.047965,1.040714,1.021177,1.036204,1.010717,1.004233,1.008373,1.051759,1.061520,1.018722,0.997629,1.042417
3.773490,1.054369,1.056719,1.054777,1.048719,1.058038,1.062384,1.061004,1.046639,1.055738,1.063488,1.062461,1.054928,1.060674,1.055714,1.053807,1.056559,1.055598,1.054545,1.062948,1.000188,1.057690,1.063759,1.057345,1.059266,1.049902,1.060113,1.055247,1.047958,1.040712,1.021018,1.036071,1.010638,1.004301,1.008506,1.051801,1.061569,1.018657,0.997638,1.042314
3.781820,1.054263,1.056617,1.054708,1.048651,1.057953,1.062295,1.060915,1.046555,1.055640,1.063408,1.062378,1.054849,1.060599,1.055653,1.053791,1.056561,1.055576,1.054505,1.063005,1.000277,1.057702,1.063782,1.057368,1.059274,1.049817,1.060074,1.055216,1.047942,1.040700,1.020849,1.035932,1.010552,1.004360,1.008628,1.051833,1.061606,1.018583,0.997637,1.042208
3.790150,1.054152,1.056506,1.054629,1.048574,1.057860,1.062198,1.060819,1.046464,1.055539,1.063320,1.062287,1.054762,1.060516,1.055583,1.053765,1.056553,1.055544,1.054455,1.063052,1.000355,1.057704,1.063794,1.057381,1.059272,1.049723,1.060025,1.055175,1.047916,1.040678,1.020671,1.035785,1.010457,1.004409,1.008739,1.051855,1.061631,1.018501,0.997628,1.042100
3.798480,1.054037,1.056386,1.054542,1.048488,1.057759,1.062094,1.060714,1.046366,1.055433,1.063224,1.062188,1.054667,1.060425,1.055505,1.053729,1.056535,1.055503,1.054396,1.063089,1.000423,1.057696,1.063795,1.057383,1.059260,1.049620,1.059967,1.055124,1.047881,1.040646,1.020482,1.035632,1.010356,1.004450,1.008838,1.051867,1.061645,1.018410,0.997608,1.041989
3.806810,1.053917,1.056258,1.054446,1.048395,1.057652,1.061982,1.060603,1.046262,1.055323,1.063120,1.062081,1.054564,1.060326,1.055419,1.053684,1.056507,1.055452,1.054328,1.063115,1.000481,1.057677,1.063787,1.057374,1.059238,1.049509,1.059900,1.055065,1.047836,1.040605,1.020284,1.035473,1.010247,1.004482,1.008926,1.051870,1.061648,1.018311,0.997580,1.041877
3.815140,1.053793,1.056121,1.054342,1.048294,1.057537,1.061864,1.060485,1.046152,1.055210,1.063008,1.061968,1.054454,1.060220,1.055325,1.053631,1.056470,1.055392,1.054251,1.063132,1.000528,1.057650,1.063769,1.057355,1.059206,1.049389,1.059823,1.054996,1.047781,1.040555,1.020076,1.035309,1.010131,1.004504,1.009004,1.051864,1.061640,1.018204,0.997543,1.041762
3.823470,1.053664,1.055977,1.054229,1.048186,1.057416,1.061739,1.060360,1.046036,1.055093,1.062890,1.061847,1.054336,1.060106,1.055223,1.053568,1.056424,1.055323,1.054166,1.063139,1.000566,1.057612,1.063742,1.057327,1.059165,1.049262,1.059738,1.054918,1.047718,1.040496,1.019859,1.035139,1.010009,1.004519,1.009072,1.051849,1.061621,1.018089,0.997497,1.041646
3.831800,1.053532,1.055824,1.054108,1.048070,1.057288,1.061607,1.060228,1.045914,1.054972,1.062765,1.061720,1.054212,1.059985,1.055114,1.053497,1.056369,1.055246,1.054072,1.063137,1.000594,1.057566,1.063705,1.057289,1.059115,1.049126,1.059644,1.054832,1.047646,1.040428,1.019633,1.034965,1.009880,1.004525,1.009129,1.051825,1.061591,1.017967,0.997442,1.041527
3.840130,1.053395,1.055664,1.053980,1.047948,1.057154,1.061470,1.060091,1.045787,1.054849,1.062633,1.061586,1.054081,1.059858,1.054998,1.053417,1.056306,1.055160,1.053970,1.063126,1.000613,1.057511,1.063659,1.057242,1.059056,1.048982,1.059541,1.054738,1.047565,1.040351,1.019398,1.034786,1.009746,1.004523,1.009176,1.051792,1.061552,1.017837,0.997379,1.041407
3.848460,1.053255,1.055497,1.053845,1.047819,1.057015,1.061326,1.059948,1.045655,1.054722,1.062495,1.061447,1.053944,1.059724,1.054875,1.053330,1.056233,1.055066,1.053860,1.063105,1.000623,1.057447,1.063604,1.057186,1.058989,1.048832,1.059431,1.054635,1.047475,1.040267,1.019155,1.034603,1.009605,1.004513,1.009214,1.051751,1.061502,1.017700,0.997308,1.041286
3.856790,1.053112,1.055322,1.053702,1.047683,1.056870,1.061178,1.059799,1.045518,1.054593,1.062351,1.061301,1.053801,1.059584,1.054745,1.053235,1.056153,1.054964,1.053743,1.063076,1.000625,1.057374,1.063541,1.057121,1.058913,1.048674,1.059313,1.054525,1.047378,1.040173,1.018904,1.034416,1.009460,1.004495,1.009242,1.051702,1.061443,1.017556,0.997229,1.041163
3.865120,1.052964,1.055141,1.053552,1.047542,1.056720,1.061024,1.059645,1.045376,1.054461,1.062201,1.061150,1.053652,1.059438,1.054609,1.053132,1.056065,1.054854,1.053618,1.063039,1.000617,1.057294,1.063469,1.057047,1.058830,1.048509,1.059187,1.054407,1.047273,1.040073,1.018645,1.034226,1.009309,1.004471,1.009261,1.051645,1.061375,1.017405,0.997142,1.041039
3.873450,1.052814,1.054953,1.053396,1.047394,1.056564,1.060865,1.059487,1.045230,1.054327,1.062046,1.060994,1.053498,1.059287,1.054467,1.053023,1.055969,1.054738,1.053486,1.062994,1.000602,1.057206,1.063390,1.056965,1.058738,1.048338,1.059054,1.054282,1.047160,1.039964,1.018379,1.034033,1.009153,1.004438,1.009272,1.051581,1.061298,1.017248,0.997048,1.040914
3.881780,1.052661,1.054759,1.053234,1.047242,1.056405,1.060701,1.059324,1.045080,1.054190,1.061886,1.060833,1.053339,1.059131,1.054320,1.052906,1.055866,1.054614,1.053348,1.062940,1.000578,1.057111,1.063302,1.056876,1.058639,1.048160,1.058914,1.054150,1.047040,1.039848,1.018105,1.033837,1.008993,1.004399,1.009273,1.051509,1.061213,1.017085,0.996947,1.040787
3.890110,1.052505,1.054559,1.053066,1.047084,1.056240,1.060534,1.059156,1.044925,1.054051,1.061722,1.060667,1.053175,1.058969,1.054167,1.052783,1.055756,1.054483,1.053203,1.062879,1.000547,1.057008,1.063208,1.056779,1.058533,1.047977,1.058768,1.054011,1.046913,1.039725,1.017826,1.033638,1.008829,1.004354,1.009267,1.051430,1.061119,1.016916,0.996839,1.040660
3.898440,1.052346,1.054353,1.052892,1.046921,1.056072,1.060362,1.058985,1.044767,1.053909,1.061553,1.060498,1.053007,1.058804,1.054009,1.052654,1.055639,1.054347,1.053052,1.062811,1.000508,1.056898,1.063106,1.056674,1.058420,1.047788,1.058615,1.053866,1.046779,1.039596,1.017539,1.033438,1.008661,1.004302,1.009252,1.051345,1.061017,1.016742,0.996724,1.040532
3.906770,1.052185,1.054143,1.052713,1.046753,1.055900,1.060186,1.058809,1.044606,1.053766,1.061379,1.060324,1.052835,1.058633,1.053847,1.052519,1.055516,1.054204,1.052895,1.062736,1.000462,1.056782,1.062998,1.056563,1.058301,1.047593,1.058456,1.053715,1.046639,1.039460,1.017247,1.033236,1.008490,1.004243,1.009230,1.051253,1.060908,1.016563,0.996603,1.040403
3.915100,1.052021,1.053927,1.052528,1.046582,1.055725,1.060007,1.058631,1.044442,1.053622,1.061202,1.060146,1.052659,1.058459,1.053679,1.052378,1.055387,1.054055,1.052733,1.062655,1.000409,1.056659,1.062883,1.056445,1.058175,1.047393,1.058291,1.053558,1.046492,1.039318,1.016950,1.033032,1.008315,1.004179,1.009200,1.051155,1.060792,1.016378,0.996476,1.040273
3.923430,1.051855,1.053706,1.052339,1.046406,1.055546,1.059825,1.058449,1.044274,1.053476,1.061022,1.059965,1.052479,1.058281,1.053508,1.052232,1.055252,1.053901,1.052566,1.062566,1.000349,1.056531,1.062762,1.056321,1.058043,1.047189,1.058121,1.053395,1.046340,1.039170,1.016648,1.032827,1.008137,1.004109,1.009163,1.051051,1.060669,1.016189,0.996343,1.040143
3.931760,1.051687,1.053482,1.052146,1.046226,1.055364,1.059641,1.058264,1.044104,1.053328,1.060838,1.059781,1.052296,1.058100,1.053333,1.052081,1.055111,1.053741,1.052393,1.062472,1.000283,1.056397,1.062635,1.056191,1.057906,1.046980,1.057945,1.053227,1.046182,1.039016,1.016340,1.032621,1.007956,1.004034,1.009119,1.050941,1.060539,1.015996,0.996205,1.040013
3.940090,1.051518,1.053253,1.051949,1.046043,1.055180,1.059453,1.058077,1.043932,1.053179,1.060652,1.059594,1.052109,1.057915,1.053154,1.051925,1.054965,1.053577,1.052216,1.062372,1.000211,1.056257,1.062503,1.056055,1.057763,1.046767,1.057765,1.053055,1.046019,1.038857,1.016029,1.032415,1.007773,1.003954,1.009069,1.050826,1.060403,1.015798,0.996061,1.039883
3.948420,1.051347,1.053020,1.051747,1.045857,1.054993,1.059263,1.057887,1.043757,1.053029,1.060462,1.059405,1.051920,1.057728,1.052972,1.051764,1.054815,1.053408,1.052035,1.062267,1.000134,1.056112,1.062365,1.055914,1.057615,1.046551,1.057580,1.052878,1.045851,1.038693,1.015714,1.032208,1.007588,1.003868,1.009013,1.050706,1.060262,1.015597,0.995913,1.039752
3.956750,1.051174,1.052784,1.051542,1.045668,1.054803,1.059071,1.057696,1.043580,1.052878,1.060270,1.059213,1.051729,1.057538,1.052787,1.051599,1.054659,1.053234,1.051849,1.062156,1.000050,1.055963,1.062223,1.055767,1.057463,1.046331,1.057391,1.052696,1.045678,1.038525,1.015395,1.032001,1.007401,1.003778,1.008951,1.050581,1.060115,1.015392,0.995760,1.039621
3.965080,1.051000,1.052546,1.051334,1.045476,1.054612,1.058877,1.057502,1.043402,1.052727,1.060076,1.059019,1.051535,1.057346,1.052599,1.051431,1.054500,1.053057,1.051660,1.062040,0.999962,1.055809,1.062075,1.055616,1.057306,1.046107,1.057198,1.052511,1.045501,1.038352,1.015074,1.031794,1.007212,1.003684,1.008883,1.050451,1.059963,1.015184,0.995602,1.039490
3.973410,1.050825,1.052304,1.051123,1.045282,1.054419,1.058682,1.057307,1.043221,1.052575,1.059880,1.058823,1.051340,1.057151,1.052408,1.051259,1.054336,1.052876,1.051468,1.061920,0.999869,1.055650,1.061924,1.055461,1.057145,1.045881,1.057002,1.052322,1.045320,1.038175,1.014750,1.031587,1.007022,1.003585,1.008810,1.050317,1.059806,1.014974,0.995440,1.039359
3.981740,1.050649,1.052060,1.050910,1.045085,1.054225,1.058485,1.057110,1.043040,1.052422,1.059683,1.058626,1.051143,1.056955,1.052215,1.051083,1.054169,1.052691,1.051272,1.061795,0.999771,1.055488,1.061768,1.055301,1.056979,1.045652,1.056802,1.052130,1.045135,1.037994,1.014423,1.031381,1.006830,1.003483,1.008732,1.050179,1.059645,1.014761,0.995275,1.039229
3.990070,1.050472,1.051813,1.050693,1.044886,1.054029,1.058286,1.056912,1.042856,1.052268,1.059483,1.058426,1.050943,1.056756,1.052020,1.050904,1.053998,1.052503,1.051073,1.061666,0.999669,1.055322,1.061608,1.055138,1.056811,1.045421,1.056599,1.051934,1.044947,1.037810,1.014095,1.031175,1.006637,1.003377,1.008649,1.050038,1.059480,1.014545,0.995106,1.039098
3.998400,1.050294,1.051565,1.050475,1.044686,1.053832,1.058087,1.056713,1.042672,1.052115,1.059283,1.058226,1.050743,1.056557,1.051823,1.050723,1.053823,1.052312,1.050872,1.061534,0.999562,1.055153,1.061445,1.054970,1.056638,1.045188,1.056393,1.051736,1.044755,1.037623,1.013765,1.030970,1.006444,1.003267,1.008562,1.049893,1.059311,1.014327,0.994934,1.038969
4.006730,1.050117,1.051316,1.050255,1.044485,1.053634,1.057887,1.056514,1.042488,1.051961,1.059081,1.058026,1.050542,1.056357,1.051625,1.050539,1.053646,1.052119,1.050668,1.061397,0.999452,1.054981,1.061279,1.054800,1.056463,1.044953,1.056185,1.051535,1.044561,1.037432,1.013435,1.030767,1.006250,1.003155,1.008470,1.049744,1.059138,1.014108,0.994759,1.038840
4.015060,1.049938,1.051064,1.050033,1.044282,1.053436,1.057687,1.056314,1.042302,1.051808,1.058879,1.057824,1.050340,1.056155,1.051425,1.050353,1.053466,1.051923,1.050463,1.061258,0.999338,1.054805,1.061109,1.054626,1.056285,1.044717,1.055974,1.051331,1.044364,1.037239,1.013104,1.030564,1.006056,1.003039,1.008375,1.049593,1.058962,1.013887,0.994581,1.038711
4.023390,1.049760,1.050812,1.049810,1.044077,1.053236,1.057485,1.056112,1.042115,1.051654,1.058675,1.057621,1.050136,1.055952,1.051224,1.050164,1.053284,1.051725,1.050255,1.061116,0.999222,1.054627,1.060937,1.054450,1.056104,1.044479,1.055762,1.051126,1.044164,1.037044,1.012772,1.030361,1.005860,1.002921,1.008277,1.049440,1.058784,1.013665,0.994401,1.038583
4.031720,1.049580,1.050559,1.049586,1.043872,1.053036,1.057284,1.055911,1.041929,1.051500,1.058472,1.057418,1.049933,1.055749,1.051022,1.049974,1.053099,1.051526,1.050046,1.060970,0.999102,1.054447,1.060763,1.054271,1.055921,1.044241,1.055548,1.050919,1.043963,1.036846,1.012440,1.030160,1.005665,1.002800,1.008175,1.049283,1.058603,1.013441,0.994219,1.038455
4.040050,1.049401,1.050305,1.049360,1.043667,1.052836,1.057082,1.055710,1.041742,1.051347,1.058268,1.057215,1.049729,1.055545,1.050819,1.049781,1.052913,1.051324,1.049835,1.060822,0.998978,1.054265,1.060585,1.054090,1.055736,1.044002,1.055332,1.050710,1.043759,1.036647,1.012109,1.029961,1.005470,1.002676,1.008070,1.049124,1.058419,1.013217,0.994034,1.038329
4.048380,1.049222,1.050051,1.049134,1.043459,1.052635,1.056879,1.055507,1.041554,1.051193,1.058062,1.057010,1.049524,1.055340,1.050614,1.049587,1.052724,1.051120,1.049622,1.060672,0.998853,1.054080,1.060406,1.053907,1.055548,1.043761,1.055115,1.050500,1.043554,1.036445,1.011777,1.029762,1.005274,1.002551,1.007962,1.048963,1.058234,1.012992,0.993848,1.038202
4.056710,1.049043,1.049797,1.048908,1.043253,1.052435,1.056678,1.055306,1.041367,1.051040,1.057859,1.056807,1.049320,1.055136,1.050411,1.049393,1.052534,1.050917,1.049410,1.060520,0.998725,1.053894,1.060226,1.053722,1.055360,1.043521,1.054897,1.050289,1.043348,1.036243,1.011447,1.029566,1.005080,1.002424,1.007852,1.048800,1.058047,1.012767,0.993660,1.038077
4.065040,1.048865,1.049543,1.048681,1.043046,1.052235,1.056477,1.055105,1.041180,1.050888,1.057655,1.056604,1.049116,1.054932,1.050207,1.049196,1.052343,1.050711,1.049196,1.060365,0.998595,1.053706,1.060043,1.053535,1.055169,1.043281,1.054678,1.050076,1.043140,1.036039,1.011119,1.029371,1.004886,1.002294,1.007739,1.048636,1.057857,1.012541,0.993471,1.037953
4.073370,1.048687,1.049288,1.048452,1.042837,1.052034,1.056274,1.054903,1.040991,1.050735,1.057449,1.056399,1.048910,1.054726,1.050000,1.048998,1.052149,1.050504,1.048981,1.060208,0.998462,1.053516,1.059858,1.053347,1.054976,1.043041,1.054458,1.049863,1.042930,1.035833,1.010791,1.029176,1.004691,1.002163,1.007623,1.048469,1.057667,1.012315,0.993281,1.037830
4.081700,1.048509,1.049035,1.048226,1.042631,1.051836,1.056074,1.054704,1.040805,1.050585,1.057246,1.056197,1.048707,1.054523,1.049797,1.048801,1.051956,1.050297,1.048767,1.060051,0.998329,1.053327,1.059674,1.053158,1.054784,1.042801,1.054238,1.049650,1.042721,1.035628,1.010465,1.028985,1.004498,1.002032,1.007507,1.048302,1.057476,1.012090,0.993090,1.037708
4.090030,1.048333,1.048783,1.047999,1.042424,1.051637,1.055874,1.054504,1.040619,1.050435,1.057043,1.055995,1.048503,1.054319,1.049592,1.048602,1.051761,1.050090,1.048551,1.059892,0.998193,1.053135,1.059487,1.052968,1.054590,1.042562,1.054018,1.049436,1.042511,1.035422,1.010142,1.028795,1.004306,1.001898,1.007388,1.048134,1.057284,1.011866,0.992898,1.037588
4.098360,1.048157,1.048531,1.047772,1.042217,1.051438,1.055675,1.054305,1.040433,1.050285,1.056840,1.055793,1.048300,1.054116,1.049387,1.048403,1.051566,1.049882,1.048336,1.059731,0.998056,1.052943,1.059300,1.052776,1.054395,1.042324,1.053798,1.049222,1.042300,1.035215,1.009822,1.028607,1.004114,1.001763,1.007267,1.047964,1.057091,1.011642,0.992706,1.037469
4.106690,1.047982,1.048281,1.047546,1.042011,1.051240,1.055476,1.054106,1.040248,1.050137,1.056638,1.055592,1.048098,1.053913,1.049183,1.048204,1.051370,1.049673,1.048121,1.059570,0.997917,1.052750,1.059111,1.052584,1.054199,1.042087,1.053578,1.049007,1.042090,1.035008,1.009503,1.028421,1.003923,1.001627,1.007145,1.047793,1.056897,1.011418,0.992513,1.037351
4.115020,1.047809,1.048032,1.047321,1.041805,1.051043,1.055278,1.053909,1.040063,1.049990,1.056436,1.055392,1.047896,1.053711,1.048979,1.048004,1.051173,1.049465,1.047906,1.059407,0.997777,1.052557,1.058923,1.052392,1.054004,1.041851,1.053359,1.048794,1.041879,1.034801,1.009188,1.028236,1.003734,1.001491,1.007022,1.047622,1.056704,1.011196,0.992320,1.037234
4.123350,1.047636,1.047784,1.047096,1.041600,1.050847,1.055082,1.053712,1.039879,1.049843,1.056236,1.055193,1.047696,1.053510,1.048776,1.047805,1.050977,1.049257,1.047692,1.059244,0.997637,1.052363,1.058734,1.052199,1.053807,1.041616,1.053140,1.048580,1.041669,1.034594,1.008875,1.028054,1.003545,1.001354,1.006898,1.047451,1.056510,1.010975,0.992128,1.037119
4.131680,1.047464,1.047538,1.046873,1.041395,1.050652,1.054886,1.053517,1.039696,1.049698,1.056036,1.054994,1.047496,1.053309,1.048573,1.047606,1.050780,1.049050,1.047478,1.059081,0.997496,1.052169,1.058545,1.052006,1.053611,1.041383,1.052922,1.048367,1.041459,1.034388,1.008566,1.027872,1.003357,1.001216,1.006773,1.047279,1.056317,1.010755,0.991935,1.037006
4.140010,1.047294,1.047293,1.046650,1.041192,1.050457,1.054691,1.053322,1.039514,1.049554,1.055837,1.054797,1.047296,1.053109,1.048371,1.047407,1.050584,1.048842,1.047264,1.058917,0.997354,1.051976,1.058356,1.051814,1.053415,1.041151,1.052704,1.048155,1.041249,1.034182,1.008260,1.027693,1.003170,1.001078,1.006648,1.047107,1.056124,1.010536,0.991743,1.036894
4.148340,1.047125,1.047051,1.046429,1.040989,1.050264,1.054497,1.053128,1.039332,1.049411,1.055640,1.054600,1.047098,1.052911,1.048170,1.047208,1.050388,1.048635,1.047052,1.058753,0.997212,1.051782,1.058166,1.051621,1.053219,1.040921,1.052487,1.047943,1.041040,1.033977,1.007957,1.027515,1.002985,1.000940,1.006522,1.046935,1.055931,1.010319,0.991552,1.036783
4.156670,1.046957,1.046810,1.046209,1.040787,1.050072,1.054304,1.052936,1.039152,1.049269,1.055443,1.054404,1.046901,1.052713,1.047970,1.047009,1.050192,1.048429,1.046840,1.058589,0.997069,1.051588,1.057977,1.051428,1.053023,1.040693,1.052272,1.047732,1.040832,1.033772,1.007658,1.027339,1.002801,1.000801,1.006395,1.046763,1.055739,1.010104,0.991361,1.036674
4.165000,1.046790,1.046571,1.045990,1.040586,1.049880,1.054112,1.052744,1.038972,1.049128,1.055247,1.054210,1.046705,1.052516,1.047770,1.046811,1.049996,1.048224,1.046629,1.058424,0.996926,1.051395,1.057789,1.051236,1.052827,1.040466,1.052057,1.047522,1.040624,1.033568,1.007363,1.027164,1.002617,1.000663,1.006268,1.046590,1.055547,1.009889,0.991170,1.036566
4.173330,1.046625,1.046334,1.045772,1.040386,1.049690,1.053921,1.052553,1.038794,1.048988,1.055052,1.054016,1.046510,1.052320,1.047572,1.046614,1.049801,1.048019,1.046419,1.058260,0.996783,1.051202,1.057600,1.051044,1.052631,1.040241,1.051844,1.047313,1.040418,1.033365,1.007071,1.026990,1.002435,1.000524,1.006142,1.046418,1.055356,1.009677,0.990981,1.036460
4.181660,1.046461,1.046099,1.045556,1.040187,1.049500,1.053731,1.052364,1.038616,1.048850,1.054859,1.053824,1.046316,1.052125,1.047374,1.046417,1.049606,1.047815,1.046210,1.058096,0.996640,1.051010,1.057412,1.050853,1.052436,1.040018,1.051632,1.047105,1.040212,1.033164,1.006783,1.026818,1.002254,1.000386,1.006015,1.046247,1.055166,1.009466,0.990792,1.036356
4.189990,1.046298,1.045865,1.045341,1.039989,1.049312,1.053543,1.052175,1.038439,1.048712,1.054666,1.053632,1.046122,1.051931,1.047177,1.046221,1.049412,1.047611,1.046002,1.057932,0.996497,1.050817,1.057224,1.050662,1.052242,1.039797,1.051421,1.046898,1.040008,1.032963,1.006499,1.026647,1.002075,1.000247,1.005888,1.046075,1.054977,1.009258,0.990604,1.036253
4.198320,1.046137,1.045635,1.045127,1.039792,1.049124,1.053355,1.051988,1.038263,1.048576,1.054474,1.053442,1.045930,1.051738,1.046981,1.046025,1.049218,1.047409,1.045795,1.057768,0.996354,1.050626,1.057036,1.050472,1.052048,1.039578,1.051211,1.046692,1.039805,1.032763,1.006218,1.026478,1.001896,1.000109,1.005761,1.045904,1.054789,1.009051,0.990417,1.036151
4.206650,1.045978,1.045406,1.044915,1.039596,1.048938,1.053168,1.051801,1.038088,1.048442,1.054283,1.053252,1.045739,1.051546,1.046786,1.045830,1.049025,1.047207,1.045589,1.057604,0.996211,1.050434,1.056850,1.050282,1.051854,1.039361,1.051003,1.046487,1.039603,1.032564,1.005942,1.026309,1.001718,0.999971,1.005634,1.045733,1.054602,1.008845,0.990231,1.036051
4.214980,1.045819,1.045179,1.044704,1.039401,1.048752,1.052982,1.051616,1.037914,1.048308,1.054094,1.053064,1.045549,1.051355,1.046591,1.045635,1.048833,1.047007,1.045385,1.057441,0.996069,1.050244,1.056663,1.050093,1.051661,1.039146,1.050796,1.046283,1.039402,1.032367,1.005669,1.026142,1.001541,0.999833,1.005507,1.045562,1.054415,1.008642,0.990046,1.035953
4.223310,1.045663,1.044955,1.044495,1.039207,1.048568,1.052797,1.051431,1.037741,1.048176,1.053905,1.052876,1.045359,1.051165,1.046398,1.045442,1.048641,1.046807,1.045181,1.057278,0.995926,1.050054,1.056477,1.049905,1.051469,1.038934,1.050591,1.046081,1.039202,1.032170,1.005400,1.025975,1.001366,0.999695,1.005381,1.045393,1.054230,1.008441,0.989862,1.035857
4.231640,1.045507,1.044732,1.044287,1.039014,1.048384,1.052613,1.051248,1.037568,1.048045,1.053717,1.052689,1.045171,1.050976,1.046205,1.045249,1.048450,1.046609,1.044979,1.057115,0.995784,1.049865,1.056292,1.049717,1.051277,1.038723,1.050387,1.045880,1.039003,1.031975,1.005135,1.025810,1.001191,0.999558,1.005255,1.045223,1.054046,1.008241,0.989680,1.035762
4.239970,1.045354,1.044512,1.044081,1.038821,1.048201,1.052430,1.051065,1.037397,1.047915,1.053530,1.052504,1.044983,1.050787,1.046014,1.045056,1.048259,1.046411,1.044777,1.056953,0.995642,1.049676,1.056108,1.049530,1.051086,1.038514,1.050185,1.045680,1.038806,1.031782,1.004874,1.025645,1.001017,0.999421,1.005129,1.045054,1.053864,1.008043,0.989499,1.035668
4.248300,1.045201,1.044294,1.043876,1.038630,1.048019,1.052248,1.050883,1.037226,1.047786,1.053344,1.052319,1.044797,1.050600,1.045823,1.044865,1.048070,1.046214,1.044577,1.056791,0.995501,1.049488,1.055924,1.049344,1.050896,1.038307,1.049984,1.045481,1.038611,1.031589,1.004616,1.025480,1.000845,0.999284,1.005004,1.044886,1.053682,1.007848,0.989318,1.035577
4.256630,1.045051,1.044078,1.043673,1.038440,1.047838,1.052067,1.050702,1.037057,1.047659,1.053159,1.052135,1.044611,1.050413,1.045633,1.044674,1.047881,1.046019,1.044378,1.056630,0.995359,1.049301,1.055741,1.049159,1.050706,1.038103,1.049784,1.045284,1.038416,1.031398,1.004362,1.025317,1.000673,0.999148,1.004879,1.044718,1.053502,1.007654,0.989139,1.035487
4.264960,1.044902,1.043864,1.043471,1.038251,1.047658,1.051887,1.050522,1.036888,1.047532,1.052974,1.051952,1.044426,1.050228,1.045444,1.044484,1.047693,1.045824,1.044181,1.056469,0.995219,1.049114,1.055559,1.048975,1.050518,1.037900,1.049586,1.045088,1.038223,1.031209,1.004112,1.025154,1.000502,0.999012,1.004755,1.044551,1.053323,1.007462,0.988962,1.035398
4.273290,1.044754,1.043652,1.043270,1.038063,1.047479,1.051707,1.050342,1.036720,1.047407,1.052791,1.051769,1.044242,1.050043,1.045256,1.044295,1.047505,1.045630,1.043984,1.056309,0.995078,1.048928,1.055377,1.048791,1.050329,1.037700,1.049390,1.044893,1.038031,1.031020,1.003866,1.024991,1.000332,0.998877,1.004631,1.044384,1.053145,1.007271,0.988785,1.035311
4.281620,1.044608,1.043442,1.043071,1.037875,1.047300,1.051528,1.050164,1.036552,1.047284,1.052608,1.051588,1.044059,1.049859,1.045069,1.044106,1.047318,1.045438,1.043788,1.056149,0.994938,1.048743,1.055196,1.048608,1.050142,1.037501,1.049195,1.044699,1.037841,1.030833,1.003622,1.024829,1.000162,0.998742,1.004508,1.044218,1.052968,1.007083,0.988610,1.035226
4.289950,1.044463,1.043234,1.042873,1.037689,1.047122,1.051350,1.049986,1.036386,1.047161,1.052426,1.051407,1.043876,1.049675,1.044882,1.043918,1.047132,1.045246,1.043594,1.055990,0.994799,1.048558,1.055016,1.048426,1.049955,1.037304,1.049001,1.044506,1.037652,1.030647,1.003383,1.024667,0.999993,0.998607,1.004385,1.044052,1.052793,1.006897,0.988436,1.035143
4.298280,1.044320,1.043028,1.042677,1.037503,1.046945,1.051172,1.049808,1.036220,1.047040,1.052245,1.051227,1.043694,1.049492,1.044696,1.043731,1.046947,1.045055,1.043401,1.055832,0.994660,1.048375,1.054837,1.048245,1.049769,1.037109,1.048808,1.044315,1.037464,1.030463,1.003146,1.024505,0.999825,0.998473,1.004262,1.043887,1.052618,1.006712,0.988263,1.035061
4.306610,1.044178,1.042824,1.042481,1.037318,1.046769,1.050995,1.049632,1.036055,1.046920,1.052064,1.051047,1.043513,1.049310,1.044511,1.043544,1.046763,1.044866,1.043208,1.055673,0.994521,1.048191,1.054658,1.048064,1.049584,1.036916,1.048618,1.044125,1.037278,1.030280,1.002913,1.024344,0.999658,0.998339,1.004140,1.043723,1.052445,1.006529,0.988091,1.034980
4.314940,1.044038,1.042622,1.042287,1.037134,1.046593,1.050819,1.049456,1.035891,1.046801,1.051884,1.050868,1.043333,1.049129,1.044326,1.043358,1.046579,1.044677,1.043017,1.055515,0.994383,1.048009,1.054479,1.047885,1.049399,1.036725,1.048428,1.043936,1.037093,1.030098,1.002683,1.024183,0.999491,0.998206,1.004019,1.043559,1.052273,1.006347,0.987921,1.034902
4.323270,1.043899,1.042422,1.042094,1.036951,1.046417,1.050643,1.049280,1.035728,1.046683,1.051705,1.050690,1.043153,1.048948,1.044142,1.043173,1.046395,1.044489,1.042827,1.055358,0.994245,1.047827,1.054302,1.047706,1.049215,1.036536,1.048239,1.043748,1.036909,1.029917,1.002456,1.024021,0.999325,0.998073,1.003898,1.043395,1.052102,1.006167,0.987751,1.034825
4.331600,1.043762,1.042223,1.041903,1.036768,1.046243,1.050468,1.049105,1.035565,1.046567,1.051526,1.050512,1.042973,1.048768,1.043959,1.042988,1.046213,1.044301,1.042638,1.055201,0.994108,1.047645,1.054125,1.047527,1.049032,1.036348,1.048052,1.043561,1.036726,1.029737,1.002232,1.023860,0.999160,0.997940,1.003777,1.043232,1.051932,1.005989,0.987583,1.034749
4.339930,1.043627,1.042026,1.041712,1.036586,1.046069,1.050293,1.048931,1.035403,1.046451,1.051348,1.050335,1.042795,1.048589,1.043776,1.042804,1.046031,1.044115,1.042449,1.055044,0.993971,1.047465,1.053948,1.047349,1.048849,1.036162,1.047866,1.043375,1.036544,1.029559,1.002010,1.023698,0.998995,0.997808,1.003656,1.043070,1.051763,1.005813,0.987416,1.034675
4.348260,1.043492,1.041831,1.041523,1.036405,1.045895,1.050119,1.048757,1.035241,1.046337,1.051170,1.050158,1.042616,1.048410,1.043594,1.042620,1.045849,1.043929,1.042262,1.054888,0.993834,1.047284,1.053772,1.047172,1.048666,1.035977,1.047682,1.043190,1.036363,1.029381,1.001791,1.023537,0.998830,0.997675,1.003537,1.042908,1.051595,1.005637,0.987249,1.034603
4.356590,1.043359,1.041636,1.041334,1.036223,1.045722,1.049945,1.048583,1.035080,1.046224,1.050992,1.049982,1.042438,1.048231,1.043412,1.042437,1.045668,1.043744,1.042075,1.054732,0.993697,1.047104,1.053597,1.046996,1.048484,1.035793,1.047497,1.043006,1.036183,1.029204,1.001574,1.023375,0.998666,0.997543,1.003417,1.042746,1.051427,1.005463,0.987084,1.034531
4.364920,1.043227,1.041444,1.041146,1.036043,1.045549,1.049771,1.048410,1.034920,1.046111,1.050816,1.049806,1.042261,1.048053,1.043231,1.042254,1.045487,1.043560,1.041889,1.054576,0.993561,1.046925,1.053422,1.046819,1.048303,1.035611,1.047315,1.042822,1.036005,1.029029,1.001360,1.023213,0.998502,0.997411,1.003297,1.042585,1.051261,1.005290,0.986919,1.034462
4.373250,1.043097,1.041253,1.040960,1.035864,1.045377,1.049598,1.048237,1.034760,1.046001,1.050639,1.049630,1.042084,1.047875,1.043050,1.042072,1.045307,1.043376,1.041703,1.054421,0.993425,1.046746,1.053247,1.046644,1.048122,1.035431,1.047133,1.042640,1.035827,1.028854,1.001148,1.023051,0.998339,0.997280,1.003178,1.042424,1.051095,1.005119,0.986756,1.034394
4.381580,1.042968,1.041063,1.040774,1.035684,1.045205,1.049426,1.048065,1.034601,1.045891,1.050463,1.049455,1.041907,1.047697,1.042870,1.041890,1.045127,1.043193,1.041519,1.054266,0.993289,1.046567,1.053073,1.046469,1.047941,1.035251,1.046952,1.042458,1.035650,1.028681,1.000938,1.022889,0.998176,0.997148,1.003059,1.042263,1.050930,1.004949,0.986593,1.034327
4.389910,1.042841,1.040874,1.040589,1.035506,1.045033,1.049253,1.047892,1.034442,1.045782,1.050287,1.049280,1.041731,1.047520,1.042690,1.041708,1.044948,1.043010,1.041335,1.054111,0.993153,1.046389,1.052899,1.046294,1.047761,1.035074,1.046772,1.042277,1.035474,1.028508,1.000731,1.022726,0.998013,0.997017,1.002940,1.042102,1.050766,1.004780,0.986430,1.034263
4.398240,1.042715,1.040688,1.040405,1.035328,1.044862,1.049081,1.047721,1.034284,1.045675,1.050112,1.049106,1.041555,1.047344,1.042511,1.041527,1.044769,1.042829,1.041152,1.053956,0.993017,1.046211,1.052725,1.046120,1.047582,1.034897,1.046593,1.042097,1.035300,1.028336,1.000526,1.022564,0.997851,0.996886,1.002822,1.041942,1.050603,1.004612,0.986269,1.034200
4.406570,1.042591,1.040502,1.040222,1.035150,1.044692,1.048910,1.047550,1.034127,1.045569,1.049937,1.048932,1.041380,1.047168,1.042332,1.041346,1.044591,1.042648,1.040970,1.053802,0.992882,1.046034,1.052553,1.045946,1.047402,1.034722,1.046416,1.041918,1.035126,1.028165,1.000322,1.022400,0.997689,0.996755,1.002703,1.041782,1.050440,1.004446,0.986109,1.034138
4.414900,1.042468,1.040318,1.040040,1.034974,1.044522,1.048739,1.047379,1.033970,1.045464,1.049763,1.048759,1.041205,1.046992,1.042153,1.041166,1.044413,1.042467,1.040788,1.053648,0.992747,1.045857,1.052380,1.045773,1.047224,1.034548,1.046238,1.041740,1.034952,1.027995,1.000120,1.022237,0.997528,0.996624,1.002585,1.041623,1.050278,1.004281,0.985950,1.034078
4.423230,1.042346,1.040134,1.039858,1.034797,1.044352,1.048568,1.047208,1.033814,1.045360,1.049588,1.048586,1.041030,1.046817,1.041975,1.040986,1.044235,1.042287,1.040606,1.053493,0.992611,1.045680,1.052207,1.045600,1.047045,1.034375,1.046062,1.041562,1.034780,1.027825,0.999920,1.022074,0.997367,0.996492,1.002467,1.041463,1.050116,1.004116,0.985790,1.034019
4.431560,1.042227,1.039953,1.039678,1.034621,1.044183,1.048398,1.047038,1.033659,1.045258,1.049415,1.048413,1.040856,1.046642,1.041798,1.040807,1.044058,1.042108,1.040426,1.053339,0.992477,1.045504,1.052036,1.045428,1.046867,1.034203,1.045887,1.041385,1.034608,1.027657,0.999723,1.021910,0.997206,0.996361,1.002349,1.041304,1.049955,1.003954,0.985632,1.033963
4.439890,1.042109,1.039772,1.039498,1.034446,1.044015,1.048228,1.046869,1.033504,1.045157,1.049242,1.048241,1.040682,1.046468,1.041621,1.040628,1.043881,1.041929,1.040247,1.053185,0.992342,1.045329,1.051864,1.045256,1.046690,1.034033,1.045713,1.041209,1.034438,1.027489,0.999527,1.021746,0.997046,0.996231,1.002231,1.041145,1.049795,1.003792,0.985475,1.033908
4.448220,1.041992,1.039593,1.039319,1.034272,1.043847,1.048059,1.046700,1.033350,1.045057,1.049070,1.048070,1.040509,1.046294,1.041444,1.040450,1.043705,1.041751,1.040068,1.053032,0.992208,1.045154,1.051693,1.045084,1.046513,1.033864,1.045539,1.041033,1.034268,1.027322,0.999332,1.021582,0.996887,0.996100,1.002114,1.040987,1.049636,1.003631,0.985319,1.033855
4.456550,1.041877,1.039415,1.039141,1.034097,1.043679,1.047890,1.046531,1.033197,1.044958,1.048897,1.047898,1.040336,1.046121,1.041268,1.040271,1.043529,1.041573,1.039890,1.052878,0.992073,1.044978,1.051522,1.044913,1.046336,1.033695,1.045366,1.040858,1.034099,1.027156,0.999139,1.021418,0.996727,0.995969,1.001995,1.040828,1.049476,1.003472,0.985162,1.033803
4.464880,1.041764,1.039238,1.038964,1.033924,1.043512,1.047721,1.046363,1.033044,1.044861,1.048726,1.047728,1.040164,1.045948,1.041093,1.040093,1.043354,1.041396,1.039712,1.052725,0.991938,1.044804,1.051352,1.044742,1.046159,1.033528,1.045194,1.040684,1.033930,1.026990,0.998948,1.021253,0.996568,0.995838,1.001877,1.040670,1.049317,1.003313,0.985007,1.033753
4.473210,1.041652,1.039062,1.038788,1.033751,1.043346,1.047554,1.046196,1.032893,1.044765,1.048555,1.047558,1.039993,1.045776,1.040918,1.039917,1.043179,1.041220,1.039536,1.052572,0.991804,1.044630,1.051182,1.044572,1.045984,1.033362,1.045023,1.040511,1.033763,1.026826,0.998758,1.021090,0.996410,0.995708,1.001760,1.040513,1.049159,1.003155,0.984852,1.033704
4.481540,1.041542,1.038888,1.038612,1.033579,1.043180,1.047386,1.046028,1.032742,1.044671,1.048384,1.047388,1.039822,1.045604,1.040743,1.039739,1.043004,1.041044,1.039359,1.052418,0.991669,1.044455,1.051011,1.044401,1.045808,1.033197,1.044853,1.040338,1.033596,1.026661,0.998569,1.020925,0.996252,0.995576,1.001641,1.040354,1.049001,1.002999,0.984698,1.033657
4.489870,1.041434,1.038715,1.038438,1.033408,1.043016,1.047220,1.045862,1.032592,1.044578,1.048214,1.047219,1.039651,1.045433,1.040570,1.039563,1.042830,1.040869,1.039184,1.052265,0.991535,1.044282,1.050842,1.044232,1.045633,1.033033,1.044683,1.040166,1.033430,1.026498,0.998383,1.020761,0.996095,0.995446,1.001524,1.040197,1.048843,1.002843,0.984545,1.033612
4.498200,1.041326,1.038542,1.038265,1.033238,1.042852,1.047054,1.045697,1.032443,1.044486,1.048046,1.047051,1.039482,1.045263,1.040397,1.039388,1.042657,1.040695,1.039010,1.052113,0.991401,1.044110,1.050674,1.044063,1.045459,1.032870,1.044515,1.039996,1.033265,1.026336,0.998197,1.020597,0.995939,0.995315,1.001406,1.040040,1.048686,1.002689,0.984392,1.033568
4.506530,1.041221,1.038372,1.038092,1.033067,1.042688,1.046889,1.045532,1.032295,1.044396,1.047877,1.046883,1.039313,1.045093,1.040225,1.039213,1.042484,1.040520,1.038836,1.051960,0.991266,1.043937,1.050504,1.043894,1.045285,1.032709,1.044347,1.039825,1.033100,1.026174,0.998013,1.020433,0.995782,0.995184,1.001287,1.039883,1.048529,1.002536,0.984240,1.033527
4.514860,1.041118,1.038203,1.037921,1.032899,1.042526,1.046725,1.045368,1.032148,1.044308,1.047709,1.046717,1.039145,1.044925,1.040053,1.039039,1.042312,1.040348,1.038663,1.051808,0.991132,1.043765,1.050336,1.043726,1.045112,1.032548,1.044180,1.039656,1.032936,1.026013,0.997830,1.020270,0.995627,0.995053,1.001170,1.039726,1.048373,1.002383,0.984089,1.033487
4.523190,1.041016,1.038034,1.037750,1.032731,1.042364,1.046561,1.045205,1.032002,1.044221,1.047543,1.046551,1.038978,1.044757,1.039883,1.038865,1.042140,1.040176,1.038491,1.051656,0.990999,1.043594,1.050169,1.043558,1.044939,1.032389,1.044014,1.039487,1.032774,1.025853,0.997649,1.020107,0.995473,0.994923,1.001052,1.039570,1.048218,1.002232,0.983938,1.033448
4.531520,1.040917,1.037868,1.037581,1.032564,1.042203,1.046399,1.045042,1.031857,1.044136,1.047377,1.046386,1.038811,1.044590,1.039713,1.038692,1.041969,1.040004,1.038320,1.051504,0.990864,1.043423,1.050001,1.043390,1.044767,1.032231,1.043849,1.039319,1.032611,1.025693,0.997469,1.019944,0.995319,0.994792,1.000933,1.039414,1.048062,1.002082,0.983788,1.033412
4.539850,1.040820,1.037703,1.037413,1.032398,1.042044,1.046237,1.044881,1.031714,1.044052,1.047212,1.046223,1.038646,1.044424,1.039545,1.038520,1.041799,1.039834,1.038150,1.051353,0.990731,1.043253,1.049835,1.043224,1.044596,1.032074,1.043686,1.039153,1.032451,1.025535,0.997291,1.019782,0.995167,0.994662,1.000815,1.039259,1.047907,1.001934,0.983639,1.033377
4.548180,1.040723,1.037539,1.037246,1.032233,1.041886,1.046077,1.044721,1.031572,1.043970,1.047048,1.046060,1.038482,1.044259,1.039377,1.038350,1.041629,1.039664,1.037981,1.051202,0.990598,1.043084,1.049669,1.043058,1.044426,1.031919,1.043523,1.038987,1.032291,1.025377,0.997114,1.019620,0.995015,0.994532,1.000698,1.039104,1.047753,1.001786,0.983491,1.033344
4.556510,1.040630,1.037376,1.037080,1.032069,1.041728,1.045918,1.044562,1.031431,1.043889,1.046886,1.045898,1.038318,1.044095,1.039210,1.038179,1.041460,1.039496,1.037813,1.051051,0.990464,1.042915,1.049503,1.042892,1.044255,1.031764,1.043361,1.038822,1.032131,1.025220,0.996939,1.019460,0.994864,0.994401,1.000579,1.038949,1.047599,1.001640,0.983343,1.033313
4.564840,1.040538,1.037216,1.036916,1.031907,1.041572,1.045760,1.044404,1.031292,1.043811,1.046724,1.045738,1.038157,1.043933,1.039045,1.038010,1.041293,1.039329,1.037647,1.050901,0.990332,1.042748,1.049339,1.042728,1.044087,1.031612,1.043200,1.038659,1.031973,1.025065,0.996766,1.019300,0.994715,0.994271,1.000461,1.038795,1.047446,1.001495,0.983197,1.033283
4.573170,1.040448,1.037057,1.036753,1.031746,1.041418,1.045603,1.044248,1.031153,1.043734,1.046564,1.045579,1.037996,1.043771,1.038881,1.037842,1.041126,1.039162,1.037481,1.050752,0.990199,1.042581,1.049175,1.042564,1.043919,1.031460,1.043041,1.038496,1.031817,1.024911,0.996594,1.019141,0.994566,0.994142,1.000344,1.038641,1.047294,1.001351,0.983051,1.033255
4.581500,1.040361,1.036899,1.036592,1.031586,1.041264,1.045448,1.044092,1.031017,1.043659,1.046405,1.045421,1.037837,1.043611,1.038719,1.037675,1.040960,1.038997,1.037317,1.050602,0.990067,1.042415,1.049012,1.042401,1.043752,1.031310,1.042883,1.038335,1.031661,1.024757,0.996424,1.018983,0.994419,0.994012,1.000226,1.038488,1.047142,1.001209,0.982906,1.033230
4.589830,1.040275,1.036744,1.036432,1.031428,1.041113,1.045294,1.043939,1.030882,1.043586,1.046248,1.045265,1.037679,1.043453,1.038558,1.037509,1.040796,1.038834,1.037155,1.050454,0.989935,1.042250,1.048850,1.042239,1.043587,1.031162,1.042726,1.038176,1.031506,1.024605,0.996256,1.018826,0.994273,0.993883,1.000108,1.038336,1.046991,1.001069,0.982763,1.033206
4.598160,1.040191,1.036590,1.036274,1.031271,1.040963,1.045141,1.043787,1.030749,1.043514,1.046092,1.045110,1.037522,1.043296,1.038398,1.037345,1.040632,1.038671,1.036993,1.050307,0.989804,1.042086,1.048689,1.042078,1.043422,1.031015,1.042571,1.038017,1.031353,1.024454,0.996089,1.018670,0.994128,0.993755,0.999991,1.038184,1.046840,1.000929,0.982620,1.033183
4.606490,1.040111,1.036438,1.036117,1.031116,1.040814,1.044991,1.043637,1.030618,1.043445,1.045938,1.044957,1.037368,1.043140,1.038240,1.037182,1.040470,1.038510,1.036834,1.050159,0.989673,1.041924,1.048529,1.041917,1.043259,1.030870,1.042417,1.037860,1.031201,1.024304,0.995925,1.018516,0.993986,0.993626,0.999874,1.038034,1.046691,1.000792,0.982479,1.033163
4.614820,1.040032,1.036289,1.035963,1.030963,1.040668,1.044842,1.043488,1.030488,1.043378,1.045786,1.044805,1.037215,1.042987,1.038083,1.037021,1.040310,1.038351,1.036676,1.050013,0.989543,1.041763,1.048370,1.041759,1.043097,1.030727,1.042265,1.037705,1.031050,1.024156,0.995763,1.018364,0.993844,0.993499,0.999758,1.037884,1.046542,1.000656,0.982339,1.033145
4.623150,1.039955,1.036141,1.035810,1.030812,1.040523,1.044695,1.043341,1.030361,1.043313,1.045635,1.044656,1.037064,1.042835,1.037928,1.036861,1.040150,1.038193,1.036519,1.049868,0.989413,1.041603,1.048212,1.041601,1.042936,1.030585,1.042114,1.037551,1.030901,1.024009,0.995602,1.018212,0.993704,0.993372,0.999642,1.037735,1.046395,1.000522,0.982200,1.033128
4.631480,1.039881,1.035995,1.035659,1.030662,1.040380,1.044550,1.043196,1.030235,1.043250,1.045486,1.044508,1.036915,1.042685,1.037776,1.036703,1.039993,1.038037,1.036365,1.049724,0.989284,1.041444,1.048055,1.041444,1.042777,1.030445,1.041965,1.037399,1.030754,1.023863,0.995444,1.018063,0.993566,0.993245,0.999526,1.037587,1.046248,1.000390,0.982062,1.033114
4.639810,1.039810,1.035852,1.035511,1.030515,1.040240,1.044407,1.043054,1.030112,1.043189,1.045339,1.044363,1.036768,1.042537,1.037625,1.036546,1.039837,1.037883,1.036212,1.049581,0.989156,1.041288,1.047900,1.041289,1.042620,1.030308,1.041818,1.037249,1.030608,1.023720,0.995288,1.017915,0.993430,0.993120,0.999410,1.037441,1.046103,1.000260,0.981926,1.033101
4.648140,1.039739,1.035711,1.035363,1.030369,1.040100,1.044266,1.042912,1.029990,1.043129,1.045194,1.044218,1.036622,1.042391,1.037476,1.036391,1.039682,1.037730,1.036061,1.049439,0.989029,1.041132,1.047746,1.041135,1.042464,1.030172,1.041673,1.037100,1.030463,1.023577,0.995134,1.017769,0.993295,0.992994,0.999296,1.037295,1.045958,1.000131,0.981791,1.033090
4.656470,1.039673,1.035573,1.035220,1.030226,1.039964,1.044127,1.042774,1.029871,1.043073,1.045052,1.044078,1.036480,1.042247,1.037330,1.036239,1.039530,1.037580,1.035913,1.049298,0.988903,1.040978,1.047594,1.040983,1.042310,1.030039,1.041530,1.036954,1.030321,1.023437,0.994984,1.017626,0.993163,0.992871,0.999182,1.037151,1.045815,1.000005,0.981659,1.033081
4.664800,1.039608,1.035436,1.035077,1.030085,1.039829,1.043990,1.042637,1.029754,1.043018,1.044911,1.043938,1.036338,1.042105,1.037185,1.036088,1.039379,1.037431,1.035766,1.049159,0.988778,1.040826,1.047443,1.040832,1.042158,1.029907,1.041388,1.036809,1.030180,1.023298,0.994834,1.017483,0.993032,0.992747,0.999068,1.037007,1.045673,0.999880,0.981527,1.033074
4.673130,1.039546,1.035303,1.034937,1.029946,1.039698,1.043856,1.042503,1.029640,1.042966,1.044773,1.043801,1.036200,1.041966,1.037043,1.035940,1.039230,1.037285,1.035623,1.049021,0.988654,1.040676,1.047295,1.040684,1.042008,1.029778,1.041249,1.036668,1.030042,1.023161,0.994688,1.017344,0.992904,0.992625,0.998956,1.036866,1.045533,0.999758,0.981398,1.033069
4.681460,1.039487,1.035171,1.034800,1.029809,1.039568,1.043724,1.042371,1.029527,1.042915,1.044637,1.043666,1.036064,1.041829,1.036903,1.035793,1.039083,1.037141,1.035480,1.048884,0.988531,1.040528,1.047147,1.040536,1.041859,1.029651,1.041112,1.036527,1.029905,1.023026,0.994545,1.017206,0.992778,0.992504,0.998844,1.036726,1.045394,0.999638,0.981270,1.033065
4.689790,1.039431,1.035044,1.034666,1.029676,1.039442,1.043595,1.042243,1.029419,1.042868,1.044505,1.043535,1.035931,1.041695,1.036767,1.035650,1.038940,1.037000,1.035342,1.048750,0.988410,1.040383,1.047003,1.040392,1.041714,1.029528,1.040978,1.036390,1.029772,1.022894,0.994405,1.017072,0.992655,0.992385,0.998734,1.036588,1.045258,0.999521,0.981144,1.033065
4.698120,1.039376,1.034918,1.034533,1.029544,1.039317,1.043468,1.042116,1.029311,1.042822,1.044374,1.043405,1.035799,1.041563,1.036631,1.035507,1.038797,1.036860,1.035204,1.048617,0.988289,1.040238,1.046859,1.040248,1.041570,1.029406,1.040845,1.036254,1.029639,1.022763,0.994267,1.016939,0.992533,0.992266,0.998625,1.036451,1.045122,0.999405,0.981020,1.033065
4.706450,1.039325,1.034796,1.034405,1.029417,1.039196,1.043345,1.041993,1.029207,1.042779,1.044247,1.043279,1.035672,1.041435,1.036500,1.035369,1.038658,1.036724,1.035071,1.048486,0.988171,1.040098,1.046719,1.040108,1.041429,1.029288,1.040716,1.036123,1.029510,1.022636,0.994133,1.016810,0.992415,0.992149,0.998517,1.036316,1.044989,0.999294,0.980899,1.033068
4.714780,1.039276,1.034676,1.034278,1.029290,1.039077,1.043223,1.041871,1.029105,1.042738,1.044121,1.043155,1.035546,1.041308,1.036370,1.035232,1.038520,1.036589,1.034939,1.048356,0.988053,1.039958,1.046579,1.039969,1.041289,1.029171,1.040589,1.035992,1.029382,1.022509,0.994001,1.016682,0.992298,0.992033,0.998409,1.036183,1.044857,0.999183,0.980778,1.033072
4.723110,1.039231,1.034561,1.034155,1.029169,1.038962,1.043106,1.041755,1.029007,1.042701,1.044000,1.043035,1.035425,1.041186,1.036245,1.035100,1.038386,1.036459,1.034811,1.048230,0.987939,1.039822,1.046444,1.039833,1.041154,1.029058,1.040465,1.035865,1.029258,1.022387,0.993875,1.016559,0.992185,0.991919,0.998304,1.036052,1.044728,0.999076,0.980662,1.033079
4.731440,1.039187,1.034447,1.034034,1.029048,1.038848,1.042990,1.041639,1.028910,1.042664,1.043880,1.042916,1.035304,1.041064,1.036121,1.034968,1.038253,1.036330,1.034685,1.048103,0.987824,1.039687,1.046308,1.039699,1.041019,1.028947,1.040343,1.035740,1.029135,1.022265,0.993749,1.016436,0.992073,0.991806,0.998200,1.035922,1.044600,0.998971,0.980546,1.033087
4.739770,1.039148,1.034338,1.033918,1.028933,1.038740,1.042879,1.041528,1.028819,1.042632,1.043765,1.042803,1.035189,1.040948,1.036002,1.034841,1.038126,1.036205,1.034564,1.047982,0.987714,1.039557,1.046178,1.039568,1.040890,1.028841,1.040225,1.035619,1.029016,1.022148,0.993629,1.016319,0.991966,0.991696,0.998098,1.035797,1.044476,0.998871,0.980435,1.033098
4.748100,1.039111,1.034233,1.033805,1.028820,1.038633,1.042771,1.041420,1.028729,1.042601,1.043653,1.042691,1.035076,1.040835,1.035886,1.034717,1.038000,1.036083,1.034445,1.047861,0.987604,1.039429,1.046049,1.039440,1.040762,1.028737,1.040110,1.035501,1.028900,1.022033,0.993513,1.016204,0.991861,0.991587,0.997997,1.035672,1.044353,0.998773,0.980325,1.033111
4.756430,1.039077,1.034131,1.033695,1.028710,1.038530,1.042666,1.041315,1.028643,1.042573,1.043544,1.042584,1.034967,1.040724,1.035772,1.034595,1.037877,1.035965,1.034329,1.047743,0.987496,1.039304,1.045923,1.039314,1.040637,1.028637,1.039998,1.035386,1.028787,1.021921,0.993400,1.016093,0.991759,0.991480,0.997898,1.035550,1.044233,0.998678,0.980218,1.033126
4.764760,1.039047,1.034032,1.033589,1.028604,1.038431,1.042564,1.041213,1.028560,1.042548,1.043438,1.042479,1.034861,1.040617,1.035663,1.034477,1.037757,1.035849,1.034217,1.047628,0.987391,1.039181,1.045800,1.039191,1.040516,1.028540,1.039890,1.035275,1.028677,1.021813,0.993292,1.015985,0.991661,0.991375,0.997801,1.035430,1.044115,0.998586,0.980114,1.033143
4.773090,1.039019,1.033938,1.033486,1.028501,1.038335,1.042466,1.041115,1.028480,1.042526,1.043336,1.042378,1.034759,1.040514,1.035556,1.034363,1.037641,1.035737,1.034108,1.047515,0.987288,1.039062,1.045680,1.039071,1.040398,1.028446,1.039785,1.035167,1.028570,1.021707,0.993187,1.015880,0.991565,0.991273,0.997706,1.035313,1.044001,0.998497,0.980013,1.033161
4.781420,1.038994,1.033847,1.033387,1.028401,1.038242,1.042371,1.041020,1.028403,1.042506,1.043237,1.042281,1.034660,1.040414,1.035454,1.034252,1.037528,1.035628,1.034003,1.047405,0.987187,1.038947,1.045563,1.038954,1.040283,1.028356,1.039683,1.035062,1.028466,1.021604,0.993087,1.015778,0.991473,0.991172,0.997613,1.035199,1.043889,0.998412,0.979915,1.033182
4.789750,1.038972,1.033760,1.033292,1.028306,1.038153,1.042280,1.040929,1.028330,1.042489,1.043142,1.042187,1.034564,1.040318,1.035354,1.034144,1.037418,1.035523,1.033901,1.047298,0.987089,1.038834,1.045449,1.038841,1.040171,1.028270,1.039584,1.034961,1.028366,1.021505,0.992991,1.015681,0.991384,0.991074,0.997522,1.035087,1.043780,0.998331,0.979820,1.033205
4.798080,1.038953,1.033677,1.033200,1.028214,1.038068,1.042192,1.040842,1.028260,1.042474,1.043050,1.042096,1.034473,1.040225,1.035259,1.034040,1.037312,1.035422,1.033803,1.047194,0.986993,1.038725,1.045338,1.038730,1.040063,1.028187,1.039490,1.034863,1.028269,1.021409,0.992899,1.015586,0.991298,0.990978,0.997434,1.034979,1.043674,0.998253,0.979728,1.033229
4.806410,1.038937,1.033598,1.033112,1.028125,1.037986,1.042108,1.040758,1.028194,1.042462,1.042962,1.042010,1.034385,1.040136,1.035167,1.033940,1.037210,1.035324,1.033709,1.047093,0.986900,1.038619,1.045231,1.038623,1.039958,1.028109,1.039399,1.034769,1.028176,1.021317,0.992812,1.015496,0.991216,0.990885,0.997348,1.034873,1.043571,0.998178,0.979640,1.033256
4.814740,1.038925,1.033523,1.033029,1.028041,1.037908,1.042028,1.040678,1.028131,1.042452,1.042878,1.041927,1.034300,1.040051,1.035080,1.033843,1.037111,1.035230,1.033619,1.046995,0.986810,1.038517,1.045126,1.038520,1.039857,1.028033,1.039311,1.034679,1.028086,1.021228,0.992729,1.015409,0.991138,0.990794,0.997264,1.034770,1.043471,0.998107,0.979554,1.033284
4.823070,1.038915,1.033452,1.032949,1.027960,1.037834,1.041952,1.040602,1.028072,1.042446,1.042798,1.041848,1.034220,1.039970,1.034996,1.033750,1.037016,1.035140,1.033533,1.046900,0.986723,1.038419,1.045026,1.038420,1.039760,1.027962,1.039228,1.034593,1.028000,1.021142,0.992651,1.015325,0.991062,0.990706,0.997183,1.034670,1.043375,0.998040,0.979472,1.033314
4.831400,1.038908,1.033386,1.032873,1.027883,1.037763,1.041879,1.040529,1.028016,1.042442,1.042722,1.041773,1.034144,1.039892,1.034915,1.033661,1.036924,1.035054,1.033451,1.046809,0.986639,1.038324,1.044929,1.038323,1.039667,1.027895,1.039148,1.034510,1.027917,1.021061,0.992577,1.015246,0.990991,0.990621,0.997105,1.034574,1.043282,0.997976,0.979393,1.033347
4.839730,1.038905,1.033323,1.032801,1.027810,1.037696,1.041810,1.040461,1.027963,1.042440,1.042649,1.041702,1.034071,1.039819,1.034839,1.033577,1.036837,1.034972,1.033372,1.046721,0.986557,1.038234,1.044836,1.038231,1.039577,1.027831,1.039073,1.034432,1.027839,1.020983,0.992508,1.015170,0.990922,0.990538,0.997030,1.034481,1.043192,0.997916,0.979318,1.033380
4.848060,1.038904,1.033265,1.032734,1.027741,1.037633,1.041746,1.040396,1.027914,1.042441,1.042581,1.041634,1.034002,1.039749,1.034767,1.033496,1.036753,1.034894,1.033298,1.046636,0.986479,1.038147,1.044746,1.038142,1.039492,1.027772,1.039001,1.034357,1.027764,1.020909,0.992444,1.015098,0.990858,0.990459,0.996957,1.034390,1.043106,0.997860,0.979247,1.033416
4.856390,1.038906,1.033211,1.032670,1.027676,1.037574,1.041685,1.040335,1.027869,1.042445,1.042516,1.041571,1.033938,1.039684,1.034699,1.033419,1.036674,1.034820,1.033228,1.046555,0.986404,1.038063,1.044660,1.038056,1.039410,1.027717,1.038933,1.034287,1.027693,1.020838,0.992385,1.015029,0.990797,0.990382,0.996888,1.034304,1.043023,0.997808,0.979179,1.033453
4.864720,1.038912,1.033161,1.032611,1.027615,1.037519,1.041628,1.040278,1.027827,1.042451,1.042456,1.041511,1.033877,1.039622,1.034635,1.033346,1.036599,1.034750,1.033162,1.046478,0.986332,1.037984,1.044578,1.037975,1.039332,1.027665,1.038870,1.034220,1.027626,1.020772,0.992330,1.014965,0.990740,0.990309,0.996821,1.034220,1.042944,0.997760,0.979114,1.033493
4.873050,1.038920,1.033116,1.032556,1.027558,1.037468,1.041574,1.040225,1.027789,1.042460,1.042399,1.041456,1.033820,1.039565,1.034575,1.033277,1.036527,1.034684,1.033101,1.046404,0.986264,1.037909,1.044499,1.037897,1.039259,1.027618,1.038810,1.034158,1.027563,1.020709,0.992281,1.014904,0.990686,0.990238,0.996758,1.034141,1.042869,0.997715,0.979053,1.033533
4.881380,1.038931,1.033076,1.032506,1.027506,1.037421,1.041525,1.040176,1.027755,1.042472,1.042347,1.041404,1.033768,1.039511,1.034519,1.033213,1.036460,1.034623,1.033043,1.046334,0.986199,1.037838,1.044425,1.037824,1.039189,1.027575,1.038755,1.034100,1.027504,1.020650,0.992236,1.014848,0.990637,0.990171,0.996698,1.034064,1.042798,0.997675,0.978996,1.033576
4.889710,1.038946,1.033039,1.032460,1.027457,1.037378,1.041480,1.040131,1.027724,1.042486,1.042298,1.041357,1.033719,1.039462,1.034468,1.033153,1.036397,1.034566,1.032990,1.046268,0.986137,1.037771,1.044355,1.037755,1.039124,1.027537,1.038704,1.034046,1.027449,1.020596,0.992196,1.014795,0.990591,0.990106,0.996641,1.033992,1.042730,0.997639,0.978943,1.033620
4.898040,1.038963,1.033007,1.032418,1.027412,1.037338,1.041439,1.040090,1.027697,1.042503,1.042254,1.041314,1.033675,1.039417,1.034420,1.033097,1.036338,1.034513,1.032941,1.046205,0.986079,1.037709,1.044289,1.037689,1.039063,1.027502,1.038657,1.033997,1.027398,1.020545,0.992162,1.014746,0.990549,0.990045,0.996588,1.033923,1.042667,0.997606,0.978894,1.033666
4.906370,1.038983,1.032980,1.032380,1.027372,1.037303,1.041402,1.040053,1.027674,1.042522,1.042213,1.041275,1.033634,1.039376,1.034377,1.033045,1.036284,1.034464,1.032897,1.046147,0.986024,1.037650,1.044226,1.037628,1.039006,1.027472,1.038615,1.033952,1.027351,1.020499,0.992132,1.014701,0.990510,0.989988,0.996538,1.033857,1.042607,0.997578,0.978849,1.033713
4.914700,1.039006,1.032957,1.032347,1.027336,1.037272,1.041369,1.040020,1.027654,1.042543,1.042177,1.041239,1.033598,1.039339,1.034338,1.032998,1.036234,1.034420,1.032857,1.046092,0.985973,1.037596,1.044168,1.037571,1.038954,1.027446,1.038576,1.033911,1.027309,1.020457,0.992107,1.014660,0.990476,0.989933,0.996491,1.033796,1.042552,0.997554,0.978807,1.033762
4.923030,1.039032,1.032938,1.032318,1.027304,1.037244,1.041340,1.039991,1.027637,1.042567,1.042145,1.041208,1.033566,1.039306,1.034303,1.032955,1.036188,1.034380,1.032821,1.046042,0.985926,1.037546,1.044115,1.037519,1.038906,1.027425,1.038542,1.033874,1.027271,1.020419,0.992088,1.014623,0.990445,0.989883,0.996448,1.033738,1.042501,0.997533,0.978770,1.033813
4.931360,1.039061,1.032924,1.032294,1.027276,1.037221,1.041315,1.039966,1.027625,1.042594,1.042117,1.041181,1.033538,1.039277,1.034273,1.032916,1.036146,1.034345,1.032790,1.045995,0.985883,1.037500,1.044065,1.037470,1.038862,1.027407,1.038513,1.033842,1.027237,1.020385,0.992074,1.014589,0.990418,0.989835,0.996409,1.033684,1.042454,0.997517,0.978736,1.033865
4.939690,1.039092,1.032915,1.032274,1.027252,1.037201,1.041294,1.039945,1.027616,1.042623,1.042094,1.041159,1.033515,1.039253,1.034247,1.032882,1.036109,1.034314,1.032763,1.045953,0.985843,1.037459,1.044020,1.037426,1.038823,1.027394,1.038488,1.033814,1.027207,1.020356,0.992064,1.014560,0.990395,0.989791,0.996373,1.033634,1.042411,0.997505,0.978707,1.033918
4.948020,1.039127,1.032910,1.032258,1.027232,1.037186,1.041277,1.039928,1.027610,1.042654,1.042074,1.041140,1.033495,1.039232,1.034225,1.032852,1.036076,1.034287,1.032741,1.045914,0.985807,1.037422,1.043978,1.037386,1.038788,1.027385,1.038467,1.033791,1.027182,1.020330,0.992060,1.014534,0.990376,0.989751,0.996341,1.033588,1.042372,0.997498,0.978681,1.033973
4.956350,1.039164,1.032909,1.032247,1.027217,1.037174,1.041264,1.039915,1.027609,1.042688,1.042058,1.041125,1.033479,1.039216,1.034207,1.032827,1.036048,1.034265,1.032723,1.045880,0.985775,1.037389,1.043942,1.037351,1.038757,1.027381,1.038451,1.033772,1.027161,1.020309,0.992061,1.014512,0.990360,0.989714,0.996313,1.033546,1.042338,0.997494,0.978660,1.034029
4.964680,1.039204,1.032913,1.032240,1.027206,1.037167,1.041255,1.039906,1.027610,1.042723,1.042047,1.041114,1.033468,1.039204,1.034193,1.032806,1.036024,1.034247,1.032710,1.045850,0.985746,1.037361,1.043909,1.037320,1.038731,1.027381,1.038439,1.033758,1.027144,1.020293,0.992067,1.014494,0.990348,0.989681,0.996288,1.033507,1.042307,0.997494,0.978642,1.034087
4.973010,1.039246,1.032921,1.032238,1.027199,1.037163,1.041250,1.039901,1.027615,1.042762,1.042039,1.041108,1.033461,1.039196,1.034184,1.032789,1.036005,1.034234,1.032701,1.045824,0.985722,1.037338,1.043881,1.037293,1.038709,1.027385,1.038431,1.033747,1.027132,1.020280,0.992078,1.014480,0.990340,0.989651,0.996268,1.033473,1.042282,0.997499,0.978629,1.034145
4.981340,1.039291,1.032934,1.032239,1.027196,1.037163,1.041249,1.039900,1.027624,1.042802,1.042036,1.041105,1.033457,1.039192,1.034178,1.032777,1.035989,1.034225,1.032696,1.045802,0.985702,1.037318,1.043857,1.037271,1.038692,1.027393,1.038428,1.033742,1.027124,1.020272,0.992095,1.014469,0.990336,0.989625,0.996251,1.033442,1.042260,0.997507,0.978620,1.034205
4.989670,1.039339,1.032951,1.032246,1.027197,1.037167,1.041252,1.039903,1.027636,1.042845,1.042037,1.041106,1.033458,1.039192,1.034177,1.032769,1.035979,1.034221,1.032695,1.045784,0.985685,1.037303,1.043837,1.037253,1.038679,1.027406,1.038429,1.033740,1.027120,1.020268,0.992116,1.014462,0.990336,0.989602,0.996238,1.033416,1.042243,0.997520,0.978614,1.034267
4.998000,1.039389,1.032972,1.032256,1.027202,1.037175,1.041258,1.039909,1.027652,1.042889,1.042041,1.041112,1.033463,1.039197,1.034180,1.032765,1.035972,1.034221,1.032699,1.045771,0.985673,1.037292,1.043822,1.037239,1.038670,1.027423,1.038434,1.033743,1.027121,1.020268,0.992142,1.014459,0.990339,0.989583,0.996229,1.033393,1.042230,0.997536,0.978613,1.034329
5.006330,1.039441,1.032998,1.032271,1.027211,1.037187,1.041268,1.039920,1.027671,1.042936,1.042050,1.041121,1.033471,1.039205,1.034188,1.032766,1.035970,1.034225,1.032708,1.045761,0.985664,1.037286,1.043811,1.037230,1.038666,1.027444,1.038444,1.033750,1.027126,1.020273,0.992173,1.014459,0.990346,0.989568,0.996224,1.033374,1.042222,0.997557,0.978616,1.034392
5.014660,1.039497,1.033028,1.032290,1.027224,1.037202,1.041283,1.039934,1.027693,1.042985,1.042062,1.041134,1.033484,1.039217,1.034199,1.032771,1.035973,1.034233,1.032720,1.045756,0.985659,1.037284,1.043804,1.037225,1.038667,1.027469,1.038458,1.033762,1.027135,1.020282,0.992209,1.014463,0.990357,0.989556,0.996223,1.033360,1.042218,0.997581,0.978623,1.034457
5.022990,1.039554,1.033062,1.032313,1.027241,1.037221,1.041300,1.039952,1.027719,1.043036,1.042079,1.041151,1.033500,1.039233,1.034214,1.032780,1.035979,1.034246,1.032737,1.045755,0.985658,1.037286,1.043801,1.037224,1.038671,1.027498,1.038476,1.033778,1.027148,1.020295,0.992250,1.014470,0.990371,0.989548,0.996225,1.033349,1.042218,0.997610,0.978634,1.034523
5.031320,1.039614,1.033101,1.032340,1.027262,1.037244,1.041322,1.039973,1.027748,1.043089,1.042099,1.041171,1.033521,1.039253,1.034233,1.032793,1.035990,1.034263,1.032758,1.045758,0.985662,1.037293,1.043803,1.037228,1.038680,1.027532,1.038499,1.033798,1.027165,1.020312,0.992296,1.014480,0.990389,0.989544,0.996232,1.033342,1.042223,0.997642,0.978649,1.034589
5.039650,1.039676,1.033143,1.032372,1.027287,1.037270,1.041347,1.039998,1.027780,1.043143,1.042123,1.041196,1.033545,1.039277,1.034256,1.032811,1.036005,1.034285,1.032784,1.045765,0.985669,1.037304,1.043809,1.037236,1.038693,1.027569,1.038526,1.033822,1.027187,1.020333,0.992346,1.014494,0.990411,0.989543,0.996243,1.033339,1.042232,0.997678,0.978668,1.034657
5.047980,1.039740,1.033190,1.032407,1.027315,1.037300,1.041376,1.040027,1.027815,1.043200,1.042151,1.041224,1.033573,1.039304,1.034283,1.032833,1.036025,1.034310,1.032813,1.045776,0.985679,1.037319,1.043819,1.037248,1.038710,1.027611,1.038556,1.033851,1.027213,1.020359,0.992401,1.014512,0.990436,0.989546,0.996257,1.033340,1.042245,0.997718,0.978690,1.034725
5.056310,1.039806,1.033241,1.032446,1.027347,1.037333,1.041408,1.040059,1.027853,1.043258,1.042182,1.041255,1.033604,1.039335,1.034314,1.032859,1.036048,1.034340,1.032847,1.045791,0.985694,1.037338,1.043833,1.037265,1.038732,1.027656,1.038591,1.033883,1.027243,1.020388,0.992461,1.014532,0.990464,0.989552,0.996276,1.033345,1.042262,0.997762,0.978717,1.034794
5.064640,1.039875,1.033295,1.032490,1.027383,1.037370,1.041444,1.040095,1.027894,1.043319,1.042217,1.041291,1.033639,1.039370,1.034349,1.032889,1.036076,1.034374,1.032884,1.045810,0.985713,1.037362,1.043852,1.037285,1.038758,1.027705,1.038630,1.033920,1.027277,1.020422,0.992525,1.014556,0.990496,0.989561,0.996298,1.033353,1.042284,0.997810,0.978748,1.034864
5.072970,1.039946,1.033354,1.032537,1.027423,1.037410,1.041483,1.040134,1.027939,1.043380,1.042255,1.041329,1.033678,1.039409,1.034387,1.032922,1.036107,1.034411,1.032926,1.045834,0.985735,1.037389,1.043874,1.037310,1.038787,1.027758,1.038673,1.033960,1.027315,1.020459,0.992594,1.014583,0.990531,0.989575,0.996324,1.033365,1.042310,0.997861,0.978782,1.034935
5.081300,1.040018,1.033416,1.032588,1.027466,1.037454,1.041525,1.040176,1.027986,1.043444,1.042297,1.041372,1.033720,1.039451,1.034429,1.032960,1.036143,1.034453,1.032971,1.045861,0.985762,1.037420,1.043900,1.037339,1.038821,1.027815,1.038720,1.034005,1.027357,1.020501,0.992667,1.014613,0.990569,0.989591,0.996354,1.033381,1.042340,0.997916,0.978820,1.035007
5.089630,1.040093,1.033482,1.032643,1.027513,1.037500,1.041571,1.040222,1.028036,1.043509,1.042343,1.041417,1.033766,1.039496,1.034474,1.033002,1.036183,1.034499,1.033020,1.045892,0.985791,1.037456,1.043931,1.037372,1.038859,1.027875,1.038771,1.034053,1.027403,1.020546,0.992744,1.014646,0.990611,0.989611,0.996387,1.033401,1.042374,0.997974,0.978862,1.035079
5.097960,1.040169,1.033552,1.032701,1.027563,1.037550,1.041620,1.040271,1.028089,1.043576,1.042392,1.041466,1.033815,1.039545,1.034524,1.033047,1.036226,1.034548,1.033073,1.045926,0.985825,1.037495,1.043965,1.037408,1.038901,1.027939,1.038825,1.034105,1.027453,1.020595,0.992826,1.014682,0.990656,0.989635,0.996425,1.033425,1.042412,0.998036,0.978907,1.035152
5.106290,1.040247,1.033625,1.032763,1.027617,1.037603,1.041672,1.040323,1.028145,1.043644,1.042444,1.041518,1.033867,1.039598,1.034576,1.033097,1.036273,1.034601,1.033130,1.045965,0.985862,1.037538,1.044003,1.037449,1.038946,1.028007,1.038884,1.034161,1.027506,1.020648,0.992912,1.014720,0.990704,0.989661,0.996466,1.033452,1.042454,0.998101,0.978956,1.035225
5.114620,1.040327,1.033702,1.032829,1.027673,1.037659,1.041727,1.040378,1.028203,1.043713,1.042499,1.041573,1.033923,1.039653,1.034632,1.033149,1.036324,1.034658,1.033190,1.046007,0.985903,1.037585,1.044045,1.037494,1.038996,1.028078,1.038946,1.034221,1.027563,1.020705,0.993002,1.014762,0.990755,0.989691,0.996510,1.033482,1.042499,0.998170,0.979009,1.035299
5.122950,1.040409,1.033782,1.032898,1.027734,1.037718,1.041785,1.040436,1.028264,1.043784,1.042558,1.041632,1.033981,1.039712,1.034691,1.033206,1.036379,1.034719,1.033254,1.046053,0.985948,1.037636,1.044090,1.037542,1.039049,1.028153,1.039011,1.034284,1.027624,1.020765,0.993096,1.014806,0.990808,0.989724,0.996559,1.033516,1.042549,0.998242,0.979065,1.035373
5.131280,1.040492,1.033866,1.032970,1.027797,1.037780,1.041846,1.040496,1.028327,1.043856,1.042619,1.041693,1.034043,1.039774,1.034754,1.033266,1.036437,1.034783,1.033322,1.046102,0.985995,1.037690,1.044140,1.037594,1.039105,1.028230,1.039081,1.034351,1.027689,1.020829,0.993193,1.014852,0.990865,0.989761,0.996610,1.033553,1.042603,0.998317,0.979125,1.035448
5.139610,1.040576,1.033953,1.033046,1.027863,1.037844,1.041910,1.040560,1.028393,1.043930,1.042684,1.041758,1.034108,1.039839,1.034819,1.033329,1.036499,1.034851,1.033392,1.046155,0.986047,1.037748,1.044192,1.037650,1.039166,1.028312,1.039153,1.034421,1.027757,1.020896,0.993295,1.014902,0.990925,0.989800,0.996666,1.033594,1.042660,0.998395,0.979188,1.035523
5.147940,1.040663,1.034043,1.033125,1.027932,1.037912,1.041976,1.040627,1.028461,1.044004,1.042752,1.041825,1.034176,1.039907,1.034888,1.033396,1.036565,1.034922,1.033467,1.046212,0.986101,1.037810,1.044249,1.037709,1.039230,1.028396,1.039229,1.034494,1.027828,1.020966,0.993400,1.014953,0.990987,0.989842,0.996724,1.033638,1.042720,0.998476,0.979254,1.035598
5.156270,1.040750,1.034136,1.033207,1.028005,1.037982,1.042046,1.040696,1.028532,1.044080,1.042822,1.041895,1.034246,1.039977,1.034960,1.033466,1.036633,1.034996,1.033544,1.046271,0.986159,1.037875,1.044308,1.037772,1.039297,1.028483,1.039308,1.034571,1.027903,1.021041,0.993509,1.015007,0.991052,0.989888,0.996786,1.033685,1.042785,0.998560,0.979323,1.035674
5.164600,1.040839,1.034232,1.033292,1.028080,1.038054,1.042118,1.040768,1.028604,1.044157,1.042895,1.041968,1.034320,1.040051,1.035034,1.033539,1.036705,1.035073,1.033625,1.046334,0.986220,1.037943,1.044371,1.037838,1.039367,1.028573,1.039391,1.034651,1.027981,1.021118,0.993622,1.015064,0.991120,0.989936,0.996851,1.033736,1.042853,0.998647,0.979396,1.035750
5.172930,1.040930,1.034331,1.033380,1.028157,1.038129,1.042192,1.040842,1.028679,1.044235,1.042971,1.042043,1.034396,1.040127,1.035112,1.033616,1.036780,1.035154,1.033708,1.046401,0.986285,1.038014,1.044438,1.037907,1.039441,1.028667,1.039476,1.034734,1.028062,1.021198,0.993737,1.015122,0.991190,0.989987,0.996920,1.033789,1.042924,0.998737,0.979472,1.035826
5.181260,1.041021,1.034433,1.033471,1.028238,1.038207,1.042269,1.040919,1.028756,1.044313,1.043049,1.042121,1.034474,1.040206,1.035192,1.033695,1.036859,1.035238,1.033795,1.046470,0.986352,1.038089,1.044507,1.037980,1.039518,1.028763,1.039565,1.034821,1.028147,1.021282,0.993856,1.015183,0.991263,0.990041,0.996991,1.033846,1.042998,0.998830,0.979550,1.035902
5.189590,1.041114,1.034538,1.033564,1.028321,1.038287,1.042348,1.040998,1.028835,1.044393,1.043130,1.042201,1.034555,1.040288,1.035275,1.033777,1.036940,1.035324,1.033884,1.046542,0.986422,1.038166,1.044580,1.038055,1.039598,1.028862,1.039656,1.034910,1.028234,1.021369,0.993978,1.015246,0.991338,0.990098,0.997066,1.033905,1.043076,0.998925,0.979632,1.035978
5.197920,1.041207,1.034645,1.033661,1.028407,1.038369,1.042429,1.041079,1.028916,1.044473,1.043213,1.042284,1.034639,1.040371,1.035360,1.033863,1.037024,1.035414,1.033977,1.046618,0.986495,1.038247,1.044655,1.038134,1.039681,1.028963,1.039751,1.035002,1.028325,1.021458,0.994104,1.015310,0.991415,0.990157,0.997143,1.033967,1.043156,0.999023,0.979716,1.036055
5.206250,1.041302,1.034755,1.033760,1.028495,1.038453,1.042513,1.041162,1.028999,1.044555,1.043299,1.042369,1.034725,1.040458,1.035448,1.033951,1.037111,1.035506,1.034072,1.046696,0.986571,1.038330,1.044734,1.038216,1.039767,1.029067,1.039848,1.035097,1.028418,1.021550,0.994232,1.015377,0.991495,0.990218,0.997224,1.034033,1.043240,0.999124,0.979804,1.036131
5.214580,1.041398,1.034868,1.033861,1.028585,1.038539,1.042599,1.041248,1.029084,1.044637,1.043387,1.042456,1.034813,1.040546,1.035538,1.034041,1.037201,1.035601,1.034169,1.046777,0.986650,1.038416,1.044815,1.038300,1.039856,1.029173,1.039948,1.035194,1.028514,1.021646,0.994363,1.015445,0.991576,0.990283,0.997307,1.034100,1.043327,0.999226,0.979893,1.036207
5.222910,1.041494,1.034982,1.033965,1.028677,1.038628,1.042686,1.041336,1.029170,1.044719,1.043477,1.042546,1.034903,1.040637,1.035631,1.034134,1.037294,1.035699,1.034269,1.046860,0.986731,1.038505,1.044899,1.038388,1.039947,1.029282,1.040050,1.035294,1.028613,1.021743,0.994497,1.015516,0.991660,0.990349,0.997393,1.034171,1.043416,0.999331,0.979986,1.036283
5.231240,1.041592,1.035099,1.034071,1.028772,1.038718,1.042776,1.041425,1.029258,1.044803,1.043569,1.042637,1.034995,1.040730,1.035725,1.034230,1.037389,1.035799,1.034372,1.046947,0.986815,1.038597,1.044986,1.038478,1.040041,1.029393,1.040155,1.035397,1.028714,1.021844,0.994633,1.015587,0.991746,0.990418,0.997481,1.034243,1.043508,0.999439,0.980081,1.036359
5.239570,1.041690,1.035219,1.034179,1.028869,1.038810,1.042867,1.041516,1.029347,1.044886,1.043663,1.042730,1.035089,1.040825,1.035822,1.034328,1.037486,1.035902,1.034477,1.047035,0.986901,1.038691,1.045075,1.038570,1.040138,1.029506,1.040262,1.035502,1.028818,1.021947,0.994772,1.015661,0.991833,0.990489,0.997572,1.034319,1.043603,0.999548,0.980178,1.036435
5.247900,1.041789,1.035340,1.034290,1.028968,1.038904,1.042961,1.041610,1.029438,1.044970,1.043759,1.042825,1.035186,1.040922,1.035921,1.034428,1.037586,1.036006,1.034584,1.047126,0.986990,1.038788,1.045166,1.038665,1.040237,1.029622,1.040372,1.035609,1.028924,1.022052,0.994913,1.015735,0.991922,0.990562,0.997665,1.034396,1.043700,0.999660,0.980278,1.036511
5.256230,1.041888,1.035463,1.034402,1.029068,1.038999,1.043056,1.041704,1.029531,1.045055,1.043857,1.042922,1.035284,1.041020,1.036022,1.034531,1.037688,1.036113,1.034693,1.047220,0.987081,1.038886,1.045260,1.038763,1.040338,1.029739,1.040484,1.035718,1.029032,1.022160,0.995057,1.015812,0.992013,0.990637,0.997760,1.034476,1.043799,0.999773,0.980380,1.036586
5.264560,1.041988,1.035588,1.034517,1.029171,1.039096,1.043152,1.041801,1.029624,1.045140,1.043956,1.043021,1.035383,1.041121,1.036125,1.034636,1.037793,1.036222,1.034805,1.047316,0.987174,1.038987,1.045356,1.038862,1.040442,1.029858,1.040598,1.035830,1.029143,1.022269,0.995203,1.015889,0.992106,0.990714,0.997858,1.034558,1.043901,0.999888,0.980484,1.036661
5.272890,1.042089,1.035715,1.034633,1.029275,1.039195,1.043250,1.041898,1.029719,1.045225,1.044057,1.043121,1.035485,1.041223,1.036229,1.034742,1.037899,1.036334,1.034918,1.047413,0.987269,1.039091,1.045455,1.038964,1.040547,1.029979,1.040713,1.035943,1.029256,1.022381,0.995350,1.015968,0.992200,0.990793,0.997958,1.034642,1.044005,1.000005,0.980590,1.036736
5.281220,1.042190,1.035844,1.034751,1.029380,1.039294,1.043349,1.041998,1.029815,1.045311,1.044160,1.043223,1.035587,1.041326,1.036335,1.034851,1.038008,1.036447,1.035033,1.047513,0.987366,1.039196,1.045555,1.039068,1.040655,1.030102,1.040831,1.036059,1.029371,1.022495,0.995500,1.016048,0.992295,0.990874,0.998060,1.034728,1.044111,1.000124,0.980698,1.036811
5.289550,1.042291,1.035974,1.034871,1.029488,1.039396,1.043450,1.042098,1.029912,1.045397,1.044264,1.043326,1.035692,1.041432,1.036443,1.034961,1.038118,1.036562,1.035150,1.047615,0.987465,1.039303,1.045657,1.039174,1.040764,1.030226,1.040951,1.036176,1.029487,1.022611,0.995652,1.016129,0.992392,0.990956,0.998163,1.034816,1.044219,1.000244,0.980808,1.036884
5.297880,1.042393,1.036105,1.034992,1.029596,1.039498,1.043552,1.042200,1.030010,1.045483,1.044369,1.043430,1.035797,1.041538,1.036552,1.035073,1.038230,1.036678,1.035269,1.047718,0.987566,1.039412,1.045761,1.039281,1.040876,1.030352,1.041072,1.036295,1.029606,1.022728,0.995805,1.016211,0.992490,0.991040,0.998269,1.034905,1.044329,1.000366,0.980920,1.036958
5.306210,1.042495,1.036238,1.035114,1.029706,1.039602,1.043655,1.042303,1.030109,1.045569,1.044476,1.043535,1.035904,1.041646,1.036662,1.035187,1.038344,1.036796,1.035389,1.047823,0.987669,1.039522,1.045867,1.039391,1.040989,1.030480,1.041195,1.036415,1.029726,1.022848,0.995961,1.016293,0.992589,0.991126,0.998376,1.034997,1.044441,1.000489,0.981033,1.037031
5.314540,1.042597,1.036373,1.035238,1.029818,1.039706,1.043759,1.042407,1.030209,1.045655,1.044584,1.043642,1.036012,1.041755,1.036774,1.035302,1.038459,1.036916,1.035510,1.047930,0.987773,1.039634,1.045975,1.039502,1.041104,1.030608,1.041320,1.036537,1.029848,1.022969,0.996117,1.016377,0.992689,0.991213,0.998484,1.035090,1.044554,1.000614,0.981148,1.037103
5.322870,1.042699,1.036508,1.035364,1.029930,1.039812,1.043864,1.042512,1.030310,1.045741,1.044693,1.043750,1.036122,1.041865,1.036887,1.035418,1.038576,1.037037,1.035633,1.048038,0.987879,1.039748,1.046084,1.039614,1.041220,1.030738,1.041445,1.036661,1.029972,1.023091,0.996275,1.016462,0.992791,0.991301,0.998595,1.035184,1.044669,1.000739,0.981265,1.037175
5.331200,1.042801,1.036645,1.035490,1.030044,1.039918,1.043970,1.042618,1.030411,1.045827,1.044803,1.043858,1.036232,1.041976,1.037001,1.035536,1.038694,1.037160,1.035757,1.048148,0.987986,1.039863,1.046194,1.039728,1.041338,1.030869,1.041573,1.036786,1.030097,1.023215,0.996434,1.016547,0.992893,0.991391,0.998706,1.035280,1.044785,1.000866,0.981383,1.037247
5.339530,1.042904,1.036783,1.035618,1.030158,1.040026,1.044077,1.042724,1.030513,1.045913,1.044913,1.043968,1.036343,1.042088,1.037116,1.035655,1.038814,1.037283,1.035883,1.048259,0.988094,1.039980,1.046306,1.039844,1.041457,1.031001,1.041701,1.036912,1.030223,1.023341,0.996595,1.016633,0.992996,0.991481,0.998819,1.035377,1.044902,1.000994,0.981502,1.037317
5.347860,1.043006,1.036921,1.035746,1.030273,1.040134,1.044185,1.042832,1.030616,1.045999,1.045025,1.044078,1.036455,1.042201,1.037232,1.035776,1.038934,1.037408,1.036009,1.048372,0.988203,1.040097,1.046419,1.039960,1.041577,1.031134,1.041831,1.037039,1.030350,1.023467,0.996757,1.016719,0.993099,0.991573,0.998933,1.035476,1.045021,1.001123,0.981622,1.037387
5.356190,1.043109,1.037061,1.035876,1.030390,1.040242,1.044293,1.042940,1.030719,1.046084,1.045137,1.044189,1.036567,1.042315,1.037349,1.035897,1.039056,1.037534,1.036137,1.048485,0.988314,1.040216,1.046534,1.040078,1.041698,1.031268,1.041961,1.037167,1.030479,1.023595,0.996919,1.016806,0.993204,0.991666,0.999048,1.035576,1.045140,1.001253,0.981744,1.037457
5.364520,1.043211,1.037201,1.036006,1.030507,1.040352,1.044402,1.043049,1.030822,1.046169,1.045250,1.044301,1.036681,1.042429,1.037467,1.036019,1.039179,1.037661,1.036265,1.048599,0.988426,1.040336,1.046649,1.040197,1.041821,1.031403,1.042093,1.037296,1.030609,1.023724,0.997083,1.016893,0.993309,0.991760,0.999164,1.035676,1.045261,1.001384,0.981867,1.037525
5.372850,1.043313,1.037342,1.036137,1.030624,1.040461,1.044511,1.043158,1.030926,1.046254,1.045364,1.044413,1.036794,1.042544,1.037585,1.036142,1.039303,1.037789,1.036394,1.048715,0.988538,1.040457,1.046765,1.040316,1.041944,1.031538,1.042225,1.037426,1.030740,1.023853,0.997247,1.016981,0.993414,0.991854,0.999281,1.035778,1.045383,1.001515,0.981990,1.037593
5.381180,1.043414,1.037483,1.036268,1.030742,1.040571,1.044621,1.043267,1.031030,1.046339,1.045478,1.044526,1.036909,1.042659,1.037704,1.036266,1.039427,1.037917,1.036524,1.048831,0.988652,1.040579,1.046882,1.040437,1.042069,1.031674,1.042358,1.037557,1.030871,1.023984,0.997412,1.017069,0.993520,0.991950,0.999399,1.035880,1.045505,1.001647,0.982115,1.037660
5.389510,1.043516,1.037625,1.036400,1.030861,1.040682,1.044731,1.043377,1.031134,1.046423,1.045593,1.044639,1.037024,1.042775,1.037824,1.036390,1.039553,1.038047,1.036654,1.048948,0.988766,1.040701,1.047000,1.040558,1.042194,1.031810,1.042492,1.037689,1.031004,1.024115,0.997578,1.017157,0.993626,0.992046,0.999517,1.035984,1.045628,1.001779,0.982240,1.037726
5.397840,1.043617,1.037768,1.036533,1.030980,1.040793,1.044841,1.043488,1.031238,1.046507,1.045707,1.044753,1.037139,1.042892,1.037944,1.036516,1.039678,1.038176,1.036786,1.049066,0.988881,1.040824,1.047119,1.040680,1.042319,1.031947,1.042627,1.037821,1.031137,1.024247,0.997744,1.017245,0.993732,0.992142,0.999636,1.036088,1.045751,1.001912,0.982366,1.037792
5.406170,1.043718,1.037910,1.036666,1.031100,1.040904,1.044952,1.043598,1.031343,1.046590,1.045822,1.044866,1.037254,1.043008,1.038064,1.036641,1.039805,1.038307,1.036917,1.049184,0.988996,1.040948,1.047238,1.040803,1.042445,1.032085,1.042762,1.037953,1.031271,1.024380,0.997911,1.017334,0.993839,0.992239,0.999756,1.036192,1.045875,1.002046,0.982493,1.037856
5.414500,1.043818,1.038053,1.036799,1.031219,1.041015,1.045063,1.043708,1.031447,1.046673,1.045938,1.044980,1.037370,1.043125,1.038184,1.036767,1.039932,1.038437,1.037049,1.049303,0.989112,1.041072,1.047357,1.040926,1.042572,1.032222,1.042897,1.038086,1.031405,1.024513,0.998078,1.017422,0.993946,0.992337,0.999875,1.036298,1.046000,1.002179,0.982620,1.037920
5.422830,1.043918,1.038196,1.036933,1.031339,1.041126,1.045173,1.043819,1.031552,1.046755,1.046053,1.045094,1.037485,1.043242,1.038305,1.036893,1.040059,1.038568,1.037181,1.049422,0.989228,1.041196,1.047478,1.041049,1.042699,1.032360,1.043033,1.038220,1.031540,1.024647,0.998245,1.017510,0.994052,0.992434,0.999996,1.036403,1.046124,1.002313,0.982748,1.037982
5.431160,1.044017,1.038340,1.037066,1.031459,1.041237,1.045284,1.043930,1.031656,1.046836,1.046168,1.045208,1.037601,1.043359,1.038426,1.037020,1.040187,1.038700,1.037313,1.049541,0.989345,1.041321,1.047598,1.041173,1.042827,1.032498,1.043169,1.038353,1.031675,1.024781,0.998413,1.017599,0.994159,0.992532,1.000116,1.036509,1.046249,1.002447,0.982876,1.038044
5.439490,1.044116,1.038483,1.037200,1.031579,1.041348,1.045395,1.044040,1.031760,1.046917,1.046283,1.045322,1.037716,1.043475,1.038546,1.037147,1.040314,1.038831,1.037446,1.049661,0.989461,1.041446,1.047718,1.041297,1.042954,1.032636,1.043305,1.038487,1.031810,1.024915,0.998580,1.017687,0.994265,0.992631,1.000236,1.036615,1.046374,1.002581,0.983004,1.038105
5.447820,1.044214,1.038626,1.037334,1.031699,1.041460,1.045506,1.044151,1.031864,1.046998,1.046399,1.045436,1.037832,1.043593,1.038668,1.037274,1.040443,1.038963,1.037579,1.049781,0.989579,1.041572,1.047840,1.041421,1.043083,1.032774,1.043441,1.038621,1.031946,1.025050,0.998748,1.017775,0.994372,0.992729,1.000357,1.036722,1.046499,1.002716,0.983133,1.038165
5.456150,1.044311,1.038769,1.037468,1.031819,1.041570,1.045616,1.044261,1.031968,1.047078,1.046514,1.045549,1.037948,1.043709,1.038788,1.037401,1.040571,1.039094,1.037711,1.049901,0.989696,1.041697,1.047961,1.041545,1.043211,1.032912,1.043578,1.038755,1.032082,1.025185,0.998915,1.017863,0.994478,0.992828,1.000478,1.036829,1.046624,1.002850,0.983262,1.038224
5.464480,1.044408,1.038912,1.037601,1.031939,1.041681,1.045726,1.044371,1.032071,1.047156,1.046629,1.045663,1.038063,1.043826,1.038909,1.037528,1.040699,1.039226,1.037844,1.050021,0.989812,1.041822,1.048081,1.041669,1.043339,1.033049,1.043714,1.038889,1.032217,1.025320,0.999083,1.017950,0.994584,0.992927,1.000598,1.036936,1.046748,1.002984,0.983391,1.038282
5.472810,1.044504,1.039054,1.037734,1.032058,1.041791,1.045836,1.044480,1.032174,1.047234,1.046743,1.045776,1.038178,1.043942,1.039029,1.037654,1.040826,1.039357,1.037976,1.050140,0.989929,1.041947,1.048202,1.041793,1.043466,1.033187,1.043850,1.039023,1.032353,1.025455,0.999250,1.018037,0.994690,0.993025,1.000719,1.037043,1.046873,1.003118,0.983519,1.038339
5.481140,1.044599,1.039197,1.037867,1.032177,1.041901,1.045945,1.044590,1.032276,1.047312,1.046857,1.045888,1.038292,1.044058,1.039149,1.037781,1.040954,1.039488,1.038108,1.050260,0.990046,1.042072,1.048323,1.041917,1.043594,1.033324,1.043986,1.039156,1.032488,1.025589,0.999417,1.018124,0.994795,0.993123,1.000839,1.037149,1.046997,1.003252,0.983648,1.038395
5.489470,1.044694,1.039339,1.038000,1.032297,1.042011,1.046054,1.044699,1.032378,1.047389,1.046972,1.046001,1.038407,1.044174,1.039269,1.037907,1.041082,1.039620,1.038240,1.050380,0.990163,1.042197,1.048444,1.042041,1.043722,1.033461,1.044122,1.039290,1.032624,1.025724,0.999583,1.018210,0.994900,0.993222,1.000958,1.037256,1.047120,1.003385,0.983777,1.038450
5.497800,1.044787,1.039480,1.038132,1.032415,1.042119,1.046163,1.044807,1.032480,1.047464,1.047085,1.046112,1.038520,1.044288,1.039388,1.038033,1.041209,1.039750,1.038372,1.050499,0.990279,1.042322,1.048564,1.042163,1.043849,1.033597,1.044257,1.039422,1.032759,1.025858,0.999749,1.018296,0.995003,0.993319,1.001078,1.037363,1.047243,1.003518,0.983905,1.038503
5.506130,1.044880,1.039621,1.038264,1.032533,1.042228,1.046271,1.044915,1.032580,1.047539,1.047197,1.046224,1.038633,1.044403,1.039507,1.038158,1.041335,1.039880,1.038503,1.050617,0.990394,1.042446,1.048684,1.042286,1.043976,1.033733,1.044392,1.039555,1.032894,1.025992,0.999914,1.018381,0.995107,0.993417,1.001197,1.037469,1.047366,1.003651,0.984033,1.038556
5.514460,1.044973,1.039761,1.038395,1.032650,1.042336,1.046378,1.045022,1.032681,1.047613,1.047310,1.046334,1.038746,1.044517,1.039625,1.038284,1.041462,1.040010,1.038633,1.050736,0.990510,1.042570,1.048803,1.042409,1.044102,1.033869,1.044527,1.039687,1.033029,1.026126,1.000079,1.018465,0.995210,0.993514,1.001315,1.037575,1.047488,1.003783,0.984162,1.038607
5.522790,1.045063,1.039900,1.038526,1.032767,1.042442,1.046484,1.045128,1.032780,1.047685,1.047421,1.046444,1.038857,1.044630,1.039743,1.038408,1.041587,1.040139,1.038763,1.050853,0.990625,1.042693,1.048922,1.042530,1.044228,1.034003,1.044660,1.039818,1.033163,1.026259,1.000243,1.018549,0.995312,0.993611,1.001432,1.037680,1.047609,1.003914,0.984289,1.038657
5.531120,1.045153,1.040039,1.038656,1.032883,1.042549,1.046590,1.045234,1.032879,1.047757,1.047531,1.046553,1.038969,1.044742,1.039860,1.038532,1.041713,1.040268,1.038892,1.050971,0.990739,1.042815,1.049040,1.042651,1.044353,1.034137,1.044794,1.039949,1.033296,1.026391,1.000407,1.018632,0.995413,0.993707,1.001549,1.037785,1.047730,1.004045,0.984416,1.038706
5.539450,1.045242,1.040178,1.038785,1.032999,1.042655,1.046696,1.045339,1.032977,1.047828,1.047642,1.046662,1.039079,1.044854,1.039976,1.038655,1.041837,1.040396,1.039021,1.051087,0.990852,1.042937,1.049158,1.042772,1.044478,1.034271,1.044927,1.040080,1.033430,1.026524,1.000570,1.018715,0.995514,0.993803,1.001665,1.037890,1.047849,1.004176,0.984543,1.038755
5.547780,1.045329,1.040315,1.038913,1.033113,1.042759,1.046800,1.045443,1.033073,1.047897,1.047750,1.046769,1.039188,1.044965,1.040091,1.038777,1.041961,1.040523,1.039148,1.051203,0.990965,1.043058,1.049275,1.042891,1.044602,1.034403,1.045058,1.040209,1.033562,1.026655,1.000732,1.018796,0.995614,0.993898,1.001780,1.037993,1.047968,1.004305,0.984668,1.038801
5.556110,1.045416,1.040451,1.039041,1.033227,1.042863,1.046903,1.045546,1.033170,1.047966,1.047858,1.046876,1.039297,1.045075,1.040206,1.038899,1.042084,1.040649,1.039276,1.051318,0.991077,1.043179,1.049391,1.043010,1.044725,1.034535,1.045190,1.040338,1.033693,1.026786,1.000893,1.018877,0.995713,0.993992,1.001895,1.038097,1.048085,1.004434,0.984794,1.038846
5.564440,1.045502,1.040587,1.039167,1.033340,1.042966,1.047006,1.045649,1.033265,1.048034,1.047966,1.046982,1.039405,1.045184,1.040319,1.039020,1.042206,1.040774,1.039402,1.051432,0.991189,1.043298,1.049506,1.043128,1.044847,1.034666,1.045320,1.040466,1.033824,1.026916,1.001053,1.018957,0.995811,0.994086,1.002008,1.038199,1.048202,1.004562,0.984918,1.038891
5.572770,1.045586,1.040721,1.039293,1.033452,1.043068,1.047107,1.045750,1.033359,1.048099,1.048072,1.047086,1.039511,1.045292,1.040432,1.039139,1.042327,1.040899,1.039527,1.051545,0.991299,1.043417,1.049621,1.043245,1.044969,1.034795,1.045449,1.040592,1.033954,1.027044,1.001212,1.019036,0.995907,0.994179,1.002121,1.038301,1.048317,1.004689,0.985042,1.038933
5.581100,1.045669,1.040855,1.039418,1.033563,1.043169,1.047208,1.045850,1.033452,1.048165,1.048177,1.047190,1.039617,1.045399,1.040543,1.039258,1.042447,1.041022,1.039651,1.051658,0.991408,1.043535,1.049734,1.043361,1.045089,1.034924,1.045578,1.040718,1.034083,1.027173,1.001371,1.019114,0.996003,0.994271,1.002232,1.038402,1.048432,1.004815,0.985165,1.038976
5.589430,1.045752,1.040987,1.039541,1.033673,1.043269,1.047307,1.045950,1.033544,1.048229,1.048281,1.047293,1.039722,1.045505,1.040654,1.039376,1.042567,1.041145,1.039774,1.051769,0.991517,1.043651,1.049847,1.043475,1.045209,1.035052,1.045705,1.040843,1.034212,1.027300,1.001528,1.019192,0.996098,0.994362,1.002342,1.038502,1.048544,1.004940,0.985287,1.039016
5.597760,1.045832,1.041118,1.039663,1.033781,1.043367,1.047405,1.046048,1.033635,1.048291,1.048384,1.047394,1.039825,1.045610,1.040763,1.039492,1.042684,1.041266,1.039896,1.051879,0.991624,1.043767,1.049958,1.043589,1.045327,1.035179,1.045831,1.040967,1.034339,1.027426,1.001683,1.019267,0.996191,0.994452,1.002451,1.038601,1.048656,1.005064,0.985408,1.039055
5.606090,1.045912,1.041248,1.039785,1.033889,1.043465,1.047503,1.046145,1.033725,1.048353,1.048486,1.047495,1.039927,1.045713,1.040872,1.039608,1.042802,1.041386,1.040017,1.051989,0.991730,1.043882,1.050069,1.043702,1.045444,1.035304,1.045957,1.041090,1.034465,1.027552,1.001839,1.019343,0.996284,0.994542,1.002559,1.038699,1.048767,1.005188,0.985528,1.039093
5.614420,1.045990,1.041377,1.039905,1.033996,1.043562,1.047599,1.046241,1.033814,1.048413,1.048586,1.047594,1.040028,1.045816,1.040979,1.039723,1.042917,1.041505,1.040137,1.052097,0.991835,1.043995,1.050178,1.043813,1.045560,1.035429,1.046081,1.041212,1.034590,1.027676,1.001992,1.019417,0.996375,0.994630,1.002666,1.038796,1.048875,1.005310,0.985647,1.039130
5.622750,1.046067,1.041504,1.040024,1.034101,1.043657,1.047693,1.046335,1.033901,1.048472,1.048685,1.047691,1.040128,1.045917,1.041085,1.039835,1.043032,1.041623,1.040255,1.052203,0.991939,1.044107,1.050285,1.043923,1.045675,1.035552,1.046203,1.041332,1.034714,1.027799,1.002144,1.019489,0.996465,0.994717,1.002771,1.038892,1.048982,1.005431,0.985765,1.039165
5.631080,1.046143,1.041631,1.040142,1.034205,1.043751,1.047787,1.046429,1.033988,1.048530,1.048784,1.047788,1.040227,1.046017,1.041189,1.039948,1.043145,1.041740,1.040372,1.052309,0.992042,1.044218,1.050392,1.044032,1.045789,1.035674,1.046325,1.041451,1.034837,1.027921,1.002296,1.019561,0.996554,0.994804,1.002875,1.038987,1.049089,1.005551,0.985882,1.039200
5.639410,1.046217,1.041756,1.040258,1.034308,1.043844,1.047879,1.046521,1.034073,1.048586,1.048880,1.047884,1.040324,1.046116,1.041293,1.040058,1.043257,1.041855,1.040488,1.052413,0.992143,1.044327,1.050498,1.044139,1.045901,1.035795,1.046446,1.041569,1.034958,1.028042,1.002445,1.019632,0.996641,0.994889,1.002977,1.039081,1.049193,1.005669,0.985998,1.039233
5.647740,1.046289,1.041879,1.040373,1.034409,1.043935,1.047970,1.046611,1.034156,1.048641,1.048975,1.047977,1.040419,1.046213,1.041394,1.040167,1.043368,1.041969,1.040602,1.052516,0.992243,1.044435,1.050601,1.044245,1.046011,1.035914,1.046564,1.041685,1.035078,1.028161,1.002593,1.019701,0.996727,0.994973,1.003078,1.039173,1.049296,1.005786,0.986112,1.039264
5.656070,1.046361,1.042001,1.040486,1.034510,1.044025,1.048060,1.046701,1.034239,1.048695,1.049070,1.048070,1.040514,1.046309,1.041495,1.040275,1.043477,1.042082,1.040716,1.052618,0.992342,1.044542,1.050705,1.044350,1.046121,1.036032,1.046683,1.041800,1.035198,1.028279,1.002741,1.019769,0.996812,0.995056,1.003178,1.039265,1.049398,1.005903,0.986226,1.039295
5.664400,1.046432,1.042122,1.040599,1.034608,1.044114,1.048148,1.046789,1.034320,1.048747,1.049162,1.048161,1.040607,1.046403,1.041594,1.040381,1.043585,1.042192,1.040827,1.052717,0.992439,1.044647,1.050806,1.044453,1.046229,1.036149,1.046799,1.041914,1.035315,1.028396,1.002886,1.019836,0.996895,0.995137,1.003276,1.039355,1.049497,1.006018,0.986338,1.039324
5.672730,1.046500,1.042241,1.040709,1.034705,1.044201,1.048234,1.046875,1.034399,1.048798,1.049253,1.048251,1.040698,1.046496,1.041692,1.040486,1.043691,1.042302,1.040937,1.052816,0.992534,1.044751,1.050905,1.044554,1.046335,1.036264,1.046913,1.042026,1.035431,1.028511,1.003030,1.019901,0.996977,0.995218,1.003372,1.039444,1.049595,1.006131,0.986449,1.039351
5.681060,1.046567,1.042359,1.040818,1.034802,1.044287,1.048320,1.046961,1.034477,1.048848,1.049343,1.048339,1.040789,1.046588,1.041788,1.040590,1.043796,1.042410,1.041046,1.052914,0.992629,1.044854,1.051004,1.044655,1.046441,1.036378,1.047027,1.042137,1.035546,1.028625,1.003173,1.019966,0.997058,0.995297,1.003468,1.039532,1.049692,1.006243,0.986559,1.039378
5.689390,1.046633,1.042475,1.040926,1.034896,1.044371,1.048404,1.047044,1.034554,1.048896,1.049431,1.048426,1.040877,1.046678,1.041883,1.040691,1.043899,1.042516,1.041153,1.053009,0.992722,1.044954,1.051100,1.044752,1.046544,1.036490,1.047139,1.042246,1.035659,1.028738,1.003314,1.020029,0.997137,0.995374,1.003560,1.039618,1.049786,1.006354,0.986667,1.039403
5.697720,1.046697,1.042590,1.041032,1.034989,1.044454,1.048486,1.047127,1.034629,1.048943,1.049517,1.048511,1.040964,1.046766,1.041976,1.040791,1.044000,1.042621,1.041259,1.053103,0.992813,1.045053,1.051196,1.044849,1.046646,1.036601,1.047249,1.042354,1.035771,1.028849,1.003454,1.020091,0.997214,0.995451,1.003652,1.039703,1.049879,1.006463,0.986773,1.039426
5.706050,1.046761,1.042704,1.041137,1.035081,1.044536,1.048567,1.047208,1.034704,1.048989,1.049603,1.048595,1.041050,1.046853,1.042068,1.040891,1.044101,1.042725,1.041363,1.053196,0.992903,1.045151,1.051290,1.044945,1.046747,1.036711,1.047358,1.042460,1.035882,1.028959,1.003593,1.020152,0.997291,0.995526,1.003743,1.039787,1.049971,1.006572,0.986879,1.039449
5.714380,1.046822,1.042815,1.041239,1.035170,1.044615,1.048646,1.047287,1.034776,1.049033,1.049686,1.048677,1.041134,1.046938,1.042158,1.040987,1.044199,1.042826,1.041465,1.053286,0.992991,1.045247,1.051381,1.045038,1.046845,1.036818,1.047465,1.042564,1.035990,1.029066,1.003729,1.020210,0.997365,0.995600,1.003830,1.039868,1.050060,1.006678,0.986982,1.039470
5.722710,1.046882,1.042925,1.041341,1.035258,1.044693,1.048724,1.047364,1.034846,1.049075,1.049768,1.048758,1.041216,1.047022,1.042246,1.041082,1.044296,1.042926,1.041566,1.053375,0.993077,1.045341,1.051472,1.045130,1.046942,1.036924,1.047570,1.042667,1.036097,1.029173,1.003864,1.020268,0.997438,0.995672,1.003917,1.039949,1.050148,1.006783,0.987085,1.039490
5.731040,1.046941,1.043034,1.041441,1.035345,1.044771,1.048801,1.047441,1.034916,1.049117,1.049849,1.048837,1.041297,1.047105,1.042333,1.041177,1.044391,1.043025,1.041666,1.053463,0.993163,1.045434,1.051561,1.045220,1.047038,1.037029,1.047675,1.042769,1.036204,1.029278,1.003999,1.020325,0.997511,0.995743,1.004003,1.040028,1.050234,1.006887,0.987186,1.039509
5.739370,1.046998,1.043140,1.041538,1.035430,1.044845,1.048875,1.047515,1.034984,1.049157,1.049927,1.048914,1.041376,1.047185,1.042418,1.041268,1.044484,1.043121,1.041762,1.053549,0.993245,1.045525,1.051648,1.045308,1.047131,1.037132,1.047777,1.042868,1.036307,1.029381,1.004130,1.020379,0.997580,0.995812,1.004085,1.040105,1.050317,1.006989,0.987285,1.039526
5.747700,1.047053,1.043245,1.041635,1.035513,1.044919,1.048948,1.047588,1.035050,1.049195,1.050004,1.048990,1.041454,1.047263,1.042501,1.041358,1.044575,1.043216,1.041858,1.053633,0.993327,1.045614,1.051733,1.045395,1.047223,1.037234,1.047878,1.042966,1.036410,1.029483,1.004261,1.020432,0.997649,0.995880,1.004167,1.040181,1.050399,1.007089,0.987383,1.039542
5.756030,1.047108,1.043349,1.041730,1.035596,1.044991,1.049020,1.047660,1.035115,1.049232,1.050080,1.049065,1.041530,1.047341,1.042584,1.041447,1.044666,1.043310,1.041953,1.053716,0.993408,1.045702,1.051817,1.045480,1.047313,1.037334,1.047977,1.043063,1.036511,1.029583,1.004390,1.020485,0.997716,0.995947,1.004247,1.040256,1.050480,1.007189,0.987480,1.039557
5.764360,1.047160,1.043450,1.041822,1.035675,1.045061,1.049089,1.047729,1.035178,1.049268,1.050153,1.049137,1.041604,1.047416,1.042663,1.041533,1.044753,1.043401,1.042044,1.053796,0.993485,1.045787,1.051899,1.045562,1.047401,1.037432,1.048074,1.043156,1.036609,1.029681,1.004517,1.020535,0.997781,0.996011,1.004324,1.040329,1.050558,1.007286,0.987574,1.039571
5.772690,1.047211,1.043550,1.041914,1.035753,1.045130,1.049157,1.047797,1.035239,1.049302,1.050225,1.049207,1.041676,1.047490,1.042741,1.041618,1.044839,1.043491,1.042135,1.053875,0.993561,1.045871,1.051979,1.045644,1.047487,1.037528,1.048169,1.043249,1.036707,1.029778,1.004642,1.020584,0.997845,0.996075,1.004400,1.040400,1.050634,1.007382,0.987667,1.039583
5.781020,1.047261,1.043649,1.042004,1.035831,1.045197,1.049224,1.047864,1.035300,1.049335,1.050295,1.049277,1.041747,1.047563,1.042818,1.041702,1.044925,1.043579,1.042224,1.053952,0.993637,1.045953,1.052058,1.045724,1.047573,1.037624,1.048264,1.043341,1.036803,1.029874,1.004767,1.020632,0.997908,0.996137,1.004475,1.040470,1.050709,1.007477,0.987759,1.039594
5.789350,1.047308,1.043746,1.042091,1.035905,1.045262,1.049288,1.047928,1.035358,1.049366,1.050363,1.049344,1.041816,1.047632,1.042893,1.041782,1.045006,1.043664,1.042310,1.054027,0.993709,1.046033,1.052133,1.045800,1.047655,1.037717,1.048355,1.043429,1.036896,1.029966,1.004889,1.020678,0.997968,0.996197,1.004547,1.040538,1.050781,1.007569,0.987848,1.039604
5.797680,1.047355,1.043840,1.042177,1.035978,1.045326,1.049351,1.047991,1.035415,1.049396,1.050430,1.049409,1.041883,1.047701,1.042966,1.041862,1.045087,1.043749,1.042395,1.054100,0.993780,1.046111,1.052208,1.045876,1.047736,1.037808,1.048446,1.043516,1.036989,1.030058,1.005009,1.020723,0.998027,0.996255,1.004617,1.040604,1.050851,1.007661,0.987936,1.039612
5.806010,1.047400,1.043934,1.042262,1.036050,1.045388,1.049413,1.048053,1.035470,1.049425,1.050496,1.049474,1.041949,1.047768,1.043037,1.041940,1.045166,1.043832,1.042479,1.054172,0.993850,1.046188,1.052282,1.045950,1.047815,1.037899,1.048535,1.043603,1.037080,1.030148,1.005129,1.020767,0.998085,0.996313,1.004686,1.040670,1.050921,1.007751,0.988023,1.039620
5.814340,1.047443,1.044025,1.042343,1.036120,1.045448,1.049473,1.048112,1.035523,1.049451,1.050559,1.049536,1.042013,1.047833,1.043106,1.042015,1.045243,1.043911,1.042560,1.054241,0.993917,1.046262,1.052352,1.046021,1.047892,1.037987,1.048621,1.043686,1.037168,1.030236,1.005246,1.020808,0.998140,0.996368,1.004752,1.040732,1.050987,1.007839,0.988108,1.039626
5.822670,1.047485,1.044115,1.042424,1.036187,1.045506,1.049531,1.048170,1.035575,1.049477,1.050620,1.049596,1.042074,1.047896,1.043174,1.042088,1.045317,1.043990,1.042639,1.054309,0.993982,1.046335,1.052421,1.046091,1.047967,1.038073,1.048706,1.043767,1.037254,1.030322,1.005362,1.020848,0.998194,0.996422,1.004817,1.040793,1.051051,1.007925,0.988191,1.039631
5.831000,1.047526,1.044203,1.042503,1.036254,1.045564,1.049587,1.048227,1.035626,1.049501,1.050681,1.049655,1.042135,1.047958,1.043240,1.042161,1.045391,1.044067,1.042717,1.054376,0.994047,1.046406,1.052489,1.046160,1.048041,1.038159,1.048789,1.043848,1.037340,1.030407,1.005477,1.020887,0.998247,0.996475,1.004881,1.040854,1.051115,1.008010,0.988273,1.039635
5.839330,1.047565,1.044289,1.042579,1.036318,1.045618,1.049641,1.048280,1.035674,1.049524,1.050738,1.049712,1.042193,1.048018,1.043304,1.042230,1.045461,1.044141,1.042792,1.054439,0.994108,1.046474,1.052553,1.046225,1.048111,1.038242,1.048870,1.043926,1.037423,1.030489,1.005589,1.020924,0.998298,0.996525,1.004941,1.040911,1.051174,1.008093,0.988352,1.039637
5.847660,1.047602,1.044373,1.042654,1.036381,1.045672,1.049694,1.048333,1.035720,1.049545,1.050794,1.049767,1.042250,1.048075,1.043366,1.042298,1.045531,1.044214,1.042866,1.054501,0.994168,1.046541,1.052617,1.046289,1.048181,1.038323,1.048949,1.044002,1.037504,1.030570,1.005699,1.020960,0.998347,0.996574,1.005000,1.040967,1.051233,1.008175,0.988430,1.039638
5.855990,1.047638,1.044456,1.042728,1.036442,1.045724,1.049746,1.048385,1.035766,1.049565,1.050849,1.049821,1.042306,1.048132,1.043427,1.042364,1.045598,1.044285,1.042939,1.054562,0.994227,1.046606,1.052679,1.046351,1.048249,1.038403,1.049028,1.044077,1.037585,1.030650,1.005809,1.020994,0.998395,0.996622,1.005057,1.041022,1.051290,1.008255,0.988506,1.039639
5.864320,1.047672,1.044537,1.042799,1.036500,1.045773,1.049795,1.048433,1.035809,1.049583,1.050901,1.049872,1.042358,1.048186,1.043484,1.042428,1.045663,1.044354,1.043008,1.054619,0.994282,1.046668,1.052737,1.046411,1.048313,1.038481,1.049103,1.044149,1.037662,1.030726,1.005916,1.021027,0.998440,0.996667,1.005112,1.041074,1.051344,1.008333,0.988580,1.039638
5.872650,1.047705,1.044616,1.042869,1.036558,1.045821,1.049842,1.048481,1.035851,1.049600,1.050952,1.049922,1.042409,1.048238,1.043541,1.042490,1.045726,1.044421,1.043076,1.054675,0.994336,1.046729,1.052795,1.046469,1.048377,1.038557,1.049177,1.044219,1.037738,1.030802,1.006022,1.021058,0.998484,0.996710,1.005165,1.041125,1.051396,1.008410,0.988653,1.039636
5.880980,1.047737,1.044694,1.042937,1.036614,1.045868,1.049889,1.048527,1.035892,1.049617,1.051002,1.049970,1.042459,1.048290,1.043596,1.042551,1.045788,1.044486,1.043143,1.054730,0.994389,1.046789,1.052851,1.046525,1.048439,1.038632,1.049249,1.044288,1.037812,1.030876,1.006127,1.021088,0.998528,0.996753,1.005217,1.041175,1.051448,1.008485,0.988725,1.039633
5.889310,1.047766,1.044769,1.043002,1.036666,1.045912,1.049932,1.048571,1.035930,1.049631,1.051048,1.050016,1.042507,1.048338,1.043649,1.042608,1.045846,1.044549,1.043206,1.054782,0.994439,1.046845,1.052904,1.046579,1.048497,1.038705,1.049319,1.044355,1.037884,1.030947,1.006229,1.021116,0.998568,0.996793,1.005265,1.041221,1.051495,1.008558,0.988793,1.039628
5.897640,1.047794,1.044842,1.043066,1.036718,1.045955,1.049974,1.048613,1.035967,1.049643,1.051094,1.050060,1.042552,1.048385,1.043699,1.042664,1.045903,1.044610,1.043269,1.054832,0.994487,1.046900,1.052956,1.046630,1.048555,1.038776,1.049387,1.044419,1.037954,1.031017,1.006330,1.021142,0.998607,0.996832,1.005312,1.041267,1.051542,1.008630,0.988861,1.039623
5.905970,1.047822,1.044915,1.043129,1.036769,1.045997,1.050016,1.048654,1.036002,1.049655,1.051138,1.050104,1.042597,1.048431,1.043749,1.042719,1.045959,1.044670,1.043330,1.054881,0.994535,1.046953,1.053006,1.046681,1.048611,1.038846,1.049454,1.044483,1.038023,1.031085,1.006430,1.021168,0.998645,0.996870,1.005358,1.041311,1.051587,1.008701,0.988927,1.039617
5.914300,1.047847,1.044985,1.043189,1.036816,1.046036,1.050054,1.048692,1.036035,1.049665,1.051179,1.050144,1.042639,1.048474,1.043796,1.042770,1.046012,1.044726,1.043388,1.054926,0.994579,1.047003,1.053053,1.046728,1.048663,1.038913,1.049518,1.044543,1.038089,1.031151,1.006528,1.021191,0.998681,0.996904,1.005400,1.041353,1.051628,1.008769,0.988990,1.039609
5.922630,1.047871,1.045053,1.043247,1.036862,1.046073,1.050091,1.048729,1.036067,1.049674,1.051219,1.050183,1.042679,1.048515,1.043841,1.042820,1.046063,1.044781,1.043444,1.054970,0.994621,1.047052,1.053099,1.046774,1.048714,1.038979,1.049581,1.044602,1.038154,1.031215,1.006624,1.021213,0.998715,0.996938,1.005442,1.041393,1.051669,1.008836,0.989052,1.039601
5.930960,1.047893,1.045119,1.043303,1.036907,1.046109,1.050126,1.048764,1.036097,1.049681,1.051257,1.050220,1.042718,1.048555,1.043884,1.042868,1.046112,1.044834,1.043498,1.055013,0.994662,1.047099,1.053142,1.046818,1.048763,1.039043,1.049641,1.044659,1.038217,1.031278,1.006718,1.021233,0.998748,0.996970,1.005481,1.041431,1.051707,1.008900,0.989112,1.039591
5.939290,1.047914,1.045184,1.043358,1.036949,1.046143,1.050159,1.048798,1.036126,1.049688,1.051294,1.050256,1.042754,1.048593,1.043926,1.042914,1.046159,1.044885,1.043551,1.055053,0.994701,1.047144,1.053184,1.046860,1.048811,1.039106,1.049700,1.044715,1.038278,1.031338,1.006811,1.021252,0.998779,0.997000,1.005518,1.041467,1.051743,1.008964,0.989171,1.039580
5.947620,1.047933,1.045247,1.043411,1.036990,1.046175,1.050191,1.048829,1.036152,1.049692,1.051328,1.050289,1.042789,1.048628,1.043965,1.042958,1.046203,1.044934,1.043601,1.055091,0.994737,1.047186,1.053223,1.046899,1.048855,1.039166,1.049757,1.044768,1.038337,1.031396,1.006902,1.021270,0.998808,0.997028,1.005553,1.041502,1.051777,1.009026,0.989227,1.039568
5.955950,1.047952,1.045308,1.043461,1.037029,1.046206,1.050221,1.048859,1.036177,1.049696,1.051361,1.050321,1.042822,1.048663,1.044003,1.043000,1.046246,1.044981,1.043650,1.055127,0.994772,1.047227,1.053261,1.046937,1.048898,1.039225,1.049812,1.044819,1.038394,1.031453,1.006992,1.021286,0.998835,0.997055,1.005586,1.041534,1.051809,1.009086,0.989282,1.039555
5.964280,1.047968,1.045368,1.043510,1.037065,1.046234,1.050249,1.048887,1.036200,1.049697,1.051392,1.050351,1.042853,1.048695,1.044039,1.043040,1.046287,1.045026,1.043697,1.055160,0.994804,1.047265,1.053296,1.046972,1.048939,1.039282,1.049865,1.044868,1.038449,1.031508,1.007080,1.021300,0.998861,0.997079,1.005616,1.041565,1.051839,1.009144,0.989335,1.039542
5.972610,1.047984,1.045425,1.043557,1.037101,1.046261,1.050275,1.048913,1.036222,1.049698,1.051421,1.050379,1.042883,1.048725,1.044073,1.043077,1.046326,1.045069,1.043741,1.055192,0.994835,1.047301,1.053329,1.047006,1.048978,1.039338,1.049916,1.044916,1.038502,1.031561,1.007166,1.021313,0.998886,0.997102,1.005645,1.041594,1.051867,1.009201,0.989386,1.039527
5.980940,1.047997,1.045481,1.043602,1.037134,1.046286,1.050300,1.048938,1.036242,1.049698,1.051448,1.050406,1.042910,1.048754,1.044104,1.043113,1.046362,1.045110,1.043784,1.055222,0.994864,1.047335,1.053361,1.047037,1.049014,1.039392,1.049965,1.044961,1.038553,1.031612,1.007251,1.021324,0.998908,0.997123,1.005672,1.041621,1.051893,1.009256,0.989435,1.039511
5.989270,1.048010,1.045535,1.043646,1.037165,1.046310,1.050323,1.048961,1.036261,1.049696,1.051473,1.050430,1.042936,1.048781,1.044135,1.043147,1.046397,1.045149,1.043825,1.055250,0.994890,1.047368,1.053390,1.047066,1.049049,1.039444,1.050013,1.045004,1.038603,1.031661,1.007334,1.021334,0.998929,0.997143,1.005697,1.041646,1.051916,1.009310,0.989483,1.039495
5.997600,1.048021,1.045588,1.043687,1.037195,1.046331,1.050344,1.048982,1.036277,1.049693,1.051497,1.050453,1.042960,1.048805,1.044163,1.043179,1.046429,1.045186,1.043863,1.055276,0.994915,1.047398,1.053417,1.047093,1.049081,1.039494,1.050058,1.045046,1.038650,1.031708,1.007416,1.021342,0.998948,0.997160,1.005719,1.041670,1.051938,1.009362,0.989528,1.039477
6.005930,1.048031,1.045639,1.043727,1.037223,1.046351,1.050363,1.049001,1.036293,1.049689,1.051519,1.050474,1.042982,1.048829,1.044189,1.043208,1.046460,1.045222,1.043900,1.055299,0.994938,1.047426,1.053443,1.047119,1.049112,1.039543,1.050102,1.045086,1.038696,1.031754,1.007496,1.021349,0.998966,0.997176,1.005740,1.041691,1.051958,1.009413,0.989573,1.039459
6.014260,1.048039,1.045687,1.043765,1.037249,1.046369,1.050381,1.049019,1.036306,1.049683,1.051539,1.050494,1.043003,1.048850,1.044214,1.043236,1.046488,1.045255,1.043935,1.055321,0.994958,1.047452,1.053466,1.047142,1.049140,1.039590,1.050144,1.045123,1.038740,1.031797,1.007575,1.021354,0.998982,0.997190,1.005759,1.041711,1.051975,1.009461,0.989615,1.039440
6.022590,1.048046,1.045735,1.043801,1.037273,1.046386,1.050397,1.049035,1.036318,1.049677,1.051557,1.050511,1.043021,1.048869,1.044236,1.043262,1.046514,1.045286,1.043968,1.055340,0.994977,1.047476,1.053487,1.047163,1.049167,1.039636,1.050184,1.045159,1.038782,1.031839,1.007652,1.021358,0.998997,0.997203,1.005776,1.041729,1.051991,1.009509,0.989655,1.039420
6.030920,1.048052,1.045780,1.043835,1.037295,1.046401,1.050411,1.049049,1.036328,1.049669,1.051574,1.050527,1.043038,1.048887,1.044257,1.043285,1.046539,1.045315,1.043999,1.055358,0.994994,1.047498,1.053506,1.047182,1.049191,1.039680,1.050222,1.045193,1.038822,1.031879,1.007728,1.021361,0.999009,0.997213,1.005790,1.041744,1.052005,1.009554,0.989694,1.039399
6.039250,1.048057,1.045824,1.043867,1.037316,1.046414,1.050424,1.049062,1.036337,1.049660,1.051589,1.050541,1.043053,1.048903,1.044276,1.043307,1.046561,1.045342,1.044029,1.055374,0.995008,1.047518,1.053524,1.047199,1.049213,1.039722,1.050259,1.045225,1.038861,1.031917,1.007802,1.021362,0.999021,0.997222,1.005803,1.041759,1.052016,1.009599,0.989731,1.039377
6.047580,1.048060,1.045867,1.043898,1.037335,1.046425,1.050435,1.049073,1.036344,1.049649,1.051602,1.050554,1.043066,1.048917,1.044293,1.043327,1.046581,1.045367,1.044056,1.055387,0.995021,1.047536,1.053539,1.047214,1.049233,1.039763,1.050293,1.045255,1.038897,1.031953,1.007875,1.021362,0.999030,0.997229,1.005813,1.041771,1.052026,1.009641,0.989766,1.039355
6.055910,1.048062,1.045907,1.043927,1.037352,1.046435,1.050444,1.049082,1.036350,1.049638,1.051613,1.050564,1.043078,1.048930,1.044309,1.043345,1.046600,1.045391,1.044081,1.055399,0.995032,1.047552,1.053552,1.047227,1.049252,1.039802,1.050326,1.045284,1.038932,1.031987,1.007947,1.021360,0.999038,0.997234,1.005822,1.041781,1.052034,1.009682,0.989799,1.039331
6.064240,1.048063,1.045946,1.043954,1.037367,1.046443,1.050452,1.049089,1.036354,1.049626,1.051623,1.050573,1.043088,1.048941,1.044322,1.043361,1.046616,1.045412,1.044105,1.055408,0.995041,1.047566,1.053563,1.047238,1.049268,1.039839,1.050357,1.045310,1.038965,1.032020,1.008016,1.021357,0.999045,0.997238,1.005829,1.041790,1.052039,1.009721,0.989831,1.039307
6.072570,1.048062,1.045984,1.043979,1.037381,1.046450,1.050458,1.049095,1.036357,1.049612,1.051631,1.050581,1.043096,1.048950,1.044334,1.043374,1.046630,1.045432,1.044127,1.055416,0.995048,1.047578,1.053573,1.047247,1.049282,1.039875,1.050386,1.045335,1.038996,1.032051,1.008085,1.021352,0.999050,0.997239,1.005833,1.041796,1.052043,1.009760,0.989861,1.039283
6.080900,1.048061,1.046019,1.044003,1.037393,1.046455,1.050462,1.049100,1.036358,1.049597,1.051637,1.050586,1.043103,1.048957,1.044344,1.043386,1.046642,1.045449,1.044146,1.055421,0.995053,1.047587,1.053580,1.047254,1.049294,1.039909,1.050413,1.045357,1.039025,1.032079,1.008152,1.021346,0.999053,0.997239,1.005836,1.041801,1.052044,1.009796,0.989889,1.039257
6.089230,1.048058,1.046054,1.044025,1.037403,1.046458,1.050465,1.049102,1.036357,1.049582,1.051641,1.050590,1.043107,1.048962,1.044352,1.043396,1.046653,1.045465,1.044165,1.055424,0.995055,1.047595,1.053585,1.047258,1.049304,1.039942,1.050439,1.045378,1.039052,1.032107,1.008218,1.021339,0.999055,0.997238,1.005836,1.041804,1.052044,1.009831,0.989915,1.039231
6.097560,1.048054,1.046086,1.044045,1.037412,1.046460,1.050466,1.049103,1.036355,1.049565,1.051644,1.050592,1.043110,1.048966,1.044358,1.043404,1.046661,1.045478,1.044181,1.055426,0.995056,1.047601,1.053589,1.047261,1.049312,1.039973,1.050462,1.045397,1.039078,1.032132,1.008282,1.021330,0.999055,0.997234,1.005835,1.041806,1.052042,1.009864,0.989939,1.039204
6.105890,1.048049,1.046117,1.044063,1.037418,1.046460,1.050465,1.049103,1.036352,1.049547,1.051645,1.050593,1.043112,1.048968,1.044363,1.043410,1.046668,1.045490,1.044195,1.055425,0.995055,1.047605,1.053590,1.047262,1.049318,1.040003,1.050485,1.045415,1.039102,1.032156,1.008345,1.021320,0.999054,0.997229,1.005832,1.041805,1.052038,1.009896,0.989963,1.039177
6.114220,1.048043,1.046146,1.044080,1.037423,1.046458,1.050463,1.049101,1.036347,1.049528,1.051644,1.050592,1.043111,1.048969,1.044366,1.043414,1.046672,1.045500,1.044207,1.055423,0.995053,1.047607,1.053589,1.047261,1.049323,1.040031,1.050505,1.045430,1.039124,1.032177,1.008406,1.021308,0.999051,0.997222,1.005826,1.041802,1.052031,1.009927,0.989983,1.039149
6.122550,1.048036,1.046174,1.044095,1.037427,1.046455,1.050459,1.049097,1.036340,1.049508,1.051642,1.050589,1.043110,1.048967,1.044367,1.043417,1.046674,1.045508,1.044218,1.055418,0.995048,1.047607,1.053587,1.047258,1.049325,1.040058,1.050523,1.045444,1.039144,1.032197,1.008466,1.021295,0.999046,0.997213,1.005819,1.041798,1.052023,1.009956,0.990003,1.039120
6.130880,1.048027,1.046200,1.044108,1.037428,1.046450,1.050454,1.049092,1.036332,1.049487,1.051638,1.050585,1.043106,1.048964,1.044366,1.043417,1.046675,1.045514,1.044227,1.055412,0.995041,1.047605,1.053582,1.047253,1.049325,1.040082,1.050540,1.045455,1.039162,1.032215,1.008525,1.021281,0.999040,0.997202,1.005809,1.041792,1.052013,1.009983,0.990021,1.039091
6.139210,1.048018,1.046225,1.044120,1.037429,1.046444,1.050447,1.049085,1.036323,1.049466,1.051633,1.050579,1.043101,1.048960,1.044364,1.043415,1.046673,1.045519,1.044234,1.055403,0.995032,1.047601,1.053576,1.047246,1.049323,1.040106,1.050555,1.045466,1.039179,1.032232,1.008582,1.021266,0.999033,0.997190,1.005798,1.041784,1.052001,1.010009,0.990037,1.039061
6.147540,1.048007,1.046248,1.044129,1.037427,1.046436,1.050438,1.049076,1.036312,1.049443,1.051626,1.050571,1.043094,1.048953,1.044359,1.043412,1.046670,1.045521,1.044239,1.055393,0.995021,1.047595,1.053567,1.047237,1.049319,1.040128,1.050568,1.045474,1.039194,1.032246,1.008638,1.021249,0.999024,0.997176,1.005785,1.041774,1.051987,1.010034,0.990051,1.039031
6.155870,1.047996,1.046270,1.044138,1.037424,1.046427,1.050428,1.049066,1.036300,1.049419,1.051617,1.050562,1.043085,1.048946,1.044354,1.043407,1.046665,1.045522,1.044243,1.055380,0.995009,1.047587,1.053557,1.047226,1.049314,1.040148,1.050580,1.045480,1.039207,1.032260,1.008693,1.021230,0.999014,0.997160,1.005769,1.041763,1.051971,1.010057,0.990064,1.039000
6.164200,1.047983,1.046290,1.044144,1.037419,1.046416,1.050417,1.049055,1.036286,1.049394,1.051607,1.050551,1.043075,1.048936,1.044346,1.043399,1.046657,1.045520,1.044244,1.055366,0.994994,1.047577,1.053545,1.047213,1.049306,1.040167,1.050590,1.045485,1.039218,1.032271,1.008746,1.021211,0.999002,0.997143,1.005752,1.041750,1.051953,1.010079,0.990074,1.038969
6.172530,1.047970,1.046308,1.044149,1.037412,1.046403,1.050404,1.049042,1.036271,1.049369,1.051595,1.050539,1.043063,1.048925,1.044337,1.043390,1.046648,1.045517,1.044244,1.055349,0.994978,1.047565,1.053531,1.047198,1.049297,1.040185,1.050598,1.045488,1.039228,1.032280,1.008798,1.021190,0.998988,0.997124,1.005733,1.041735,1.051933,1.010099,0.990084,1.038937
6.180860,1.047955,1.046325,1.044152,1.037404,1.046389,1.050389,1.049027,1.036255,1.049342,1.051581,1.050525,1.043050,1.048912,1.044326,1.043379,1.046637,1.045513,1.044243,1.055331,0.994959,1.047552,1.053514,1.047182,1.049285,1.040201,1.050604,1.045489,1.039236,1.032288,1.008849,1.021168,0.998973,0.997103,1.005711,1.041718,1.051911,1.010118,0.990091,1.038904
6.189190,1.047940,1.046341,1.044154,1.037395,1.046374,1.050373,1.049011,1.036237,1.049315,1.051566,1.050510,1.043035,1.048898,1.044314,1.043367,1.046624,1.045506,1.044239,1.055311,0.994939,1.047536,1.053496,1.047163,1.049272,1.040216,1.050609,1.045489,1.039242,1.032294,1.008899,1.021145,0.998957,0.997080,1.005688,1.041699,1.051888,1.010136,0.990097,1.038872
6.197520,1.047923,1.046355,1.044154,1.037383,1.046357,1.050356,1.048994,1.036218,1.049287,1.051549,1.050493,1.043018,1.048882,1.044300,1.043352,1.046610,1.045498,1.044234,1.055289,0.994917,1.047519,1.053477,1.047142,1.049257,1.040229,1.050612,1.045486,1.039247,1.032298,1.008947,1.021120,0.998939,0.997056,1.005663,1.041679,1.051862,1.010152,0.990101,1.038838
6.205850,1.047906,1.046368,1.044153,1.037371,1.046339,1.050337,1.048975,1.036198,1.049258,1.051531,1.050475,1.043001,1.048864,1.044284,1.043336,1.046593,1.045487,1.044227,1.055265,0.994893,1.047499,1.053455,1.047120,1.049240,1.040241,1.050614,1.045483,1.039250,1.032301,1.008994,1.021094,0.998920,0.997030,1.005636,1.041656,1.051835,1.010167,0.990104,1.038805
6.214180,1.047888,1.046380,1.044150,1.037356,1.046319,1.050316,1.048954,1.036176,1.049228,1.051512,1.050455,1.042981,1.048845,1.044266,1.043317,1.046575,1.045475,1.044218,1.055239,0.994867,1.047478,1.053431,1.047096,1.049221,1.040251,1.050614,1.045477,1.039251,1.032302,1.009039,1.021067,0.998900,0.997002,1.005607,1.041633,1.051806,1.010180,0.990105,1.038771
6.222510,1.047869,1.046390,1.044145,1.037341,1.046298,1.050295,1.048933,1.036153,1.049198,1.051490,1.050433,1.042960,1.048825,1.044248,1.043298,1.046554,1.045462,1.044208,1.055211,0.994840,1.047455,1.053406,1.047070,1.049200,1.040260,1.050612,1.045470,1.039251,1.032301,1.009084,1.021039,0.998878,0.996973,1.005577,1.041607,1.051775,1.010192,0.990105,1.038736
6.230840,1.047849,1.046398,1.044139,1.037323,1.046275,1.050271,1.048909,1.036129,1.049167,1.051468,1.050410,1.042937,1.048803,1.044227,1.043276,1.046532,1.045447,1.044196,1.055182,0.994810,1.047430,1.053379,1.047042,1.049178,1.040268,1.050609,1.045461,1.039248,1.032299,1.009127,1.021009,0.998854,0.996942,1.005544,1.041580,1.051742,1.010203,0.990102,1.038701
6.239170,1.047828,1.046406,1.044132,1.037305,1.046251,1.050247,1.048885,1.036104,1.049135,1.051444,1.050386,1.042914,1.048779,1.044205,1.043253,1.046509,1.045430,1.044183,1.055150,0.994779,1.047404,1.053350,1.047012,1.049153,1.040275,1.050604,1.045451,1.039245,1.032295,1.009169,1.020979,0.998830,0.996910,1.005509,1.041551,1.051707,1.010213,0.990099,1.038666
6.247500,1.047807,1.046412,1.044123,1.037284,1.046226,1.050221,1.048859,1.036077,1.049102,1.051418,1.050360,1.042888,1.048754,1.044182,1.043228,1.046483,1.045411,1.044168,1.055117,0.994746,1.047375,1.053319,1.046980,1.049127,1.040279,1.050597,1.045438,1.039239,1.032289,1.009210,1.020947,0.998804,0.996876,1.005473,1.041520,1.051671,1.010221,0.990093,1.038631
6.255830,1.047784,1.046416,1.044112,1.037263,1.046199,1.050194,1.048832,1.036049,1.049068,1.051391,1.050333,1.042861,1.048728,1.044157,1.043201,1.046456,1.045391,1.044151,1.055082,0.994711,1.047345,1.053286,1.046947,1.049099,1.040283,1.050590,1.045425,1.039232,1.032282,1.009249,1.020914,0.998776,0.996840,1.005435,1.041488,1.051632,1.010228,0.990086,1.038595
6.264160,1.047761,1.046419,1.044100,1.037240,1.046171,1.050165,1.048803,1.036020,1.049034,1.051363,1.050305,1.042833,1.048700,1.044130,1.043172,1.046427,1.045368,1.044133,1.055045,0.994674,1.047313,1.053252,1.046912,1.049070,1.040286,1.050580,1.045409,1.039224,1.032273,1.009288,1.020880,0.998748,0.996802,1.005395,1.041453,1.051592,1.010234,0.990078,1.038559
6.272490,1.047738,1.046422,1.044088,1.037216,1.046142,1.050135,1.048774,1.035991,1.049000,1.051333,1.050276,1.042804,1.048671,1.044103,1.043143,1.046397,1.045346,1.044114,1.055007,0.994636,1.047280,1.053217,1.046875,1.049039,1.040287,1.050570,1.045393,1.039214,1.032264,1.009326,1.020845,0.998718,0.996764,1.005354,1.041419,1.051551,1.010239,0.990068,1.038523
6.280820,1.047713,1.046422,1.044072,1.037189,1.046111,1.050104,1.048742,1.035959,1.048964,1.051302,1.050244,1.042773,1.048640,1.044073,1.043111,1.046364,1.045320,1.044092,1.054966,0.994596,1.047244,1.053178,1.046836,1.049006,1.040287,1.050557,1.045374,1.039202,1.032251,1.009362,1.020808,0.998687,0.996723,1.005309,1.041381,1.051507,1.010242,0.990056,1.038486
6.289150,1.047688,1.046423,1.044057,1.037163,1.046080,1.050072,1.048710,1.035927,1.048929,1.051270,1.050212,1.042741,1.048609,1.044042,1.043078,1.046330,1.045294,1.044070,1.054924,0.994555,1.047208,1.053140,1.046797,1.048972,1.040286,1.050544,1.045355,1.039190,1.032239,1.009397,1.020771,0.998655,0.996682,1.005265,1.041343,1.051463,1.010244,0.990044,1.038450
6.297480,1.047662,1.046421,1.044039,1.037134,1.046047,1.050038,1.048676,1.035893,1.048892,1.051236,1.050178,1.042707,1.048575,1.044010,1.043043,1.046294,1.045265,1.044045,1.054880,0.994510,1.047169,1.053098,1.046754,1.048935,1.040283,1.050528,1.045334,1.039175,1.032224,1.009431,1.020733,0.998621,0.996638,1.005217,1.041302,1.051416,1.010245,0.990030,1.038413
6.305810,1.047636,1.046418,1.044020,1.037104,1.046013,1.050003,1.048641,1.035859,1.048855,1.051201,1.050143,1.042672,1.048540,1.043976,1.043006,1.046257,1.045235,1.044019,1.054834,0.994465,1.047129,1.053056,1.046711,1.048897,1.040280,1.050511,1.045311,1.039159,1.032207,1.009464,1.020693,0.998586,0.996593,1.005168,1.041260,1.051367,1.010245,0.990014,1.038376
6.314140,1.047609,1.046414,1.044001,1.037073,1.045978,1.049967,1.048606,1.035824,1.048817,1.051165,1.050107,1.042636,1.048505,1.043942,1.042969,1.046219,1.045205,1.043993,1.054788,0.994419,1.047088,1.053012,1.046666,1.048858,1.040275,1.050494,1.045287,1.039142,1.032190,1.009497,1.020653,0.998550,0.996547,1.005119,1.041217,1.051318,1.010244,0.989997,1.038339
6.322470,1.047581,1.046409,1.043979,1.037040,1.045941,1.049930,1.048568,1.035786,1.048779,1.051127,1.050070,1.042599,1.048467,1.043905,1.042929,1.046178,1.045171,1.043964,1.054738,0.994370,1.047044,1.052966,1.046619,1.048816,1.040269,1.050474,1.045261,1.039123,1.032171,1.009528,1.020611,0.998513,0.996498,1.005066,1.041172,1.051266,1.010241,0.989978,1.038301
6.330800,1.047553,1.046403,1.043957,1.037007,1.045904,1.049892,1.048530,1.035749,1.048740,1.051089,1.050031,1.042561,1.048430,1.043868,1.042889,1.046137,1.045138,1.043935,1.054689,0.994321,1.046999,1.052919,1.046571,1.048774,1.040262,1.050454,1.045235,1.039103,1.032151,1.009558,1.020569,0.998475,0.996450,1.005013,1.041126,1.051214,1.010238,0.989958,1.038264
6.339130,1.047524,1.046396,1.043933,1.036972,1.045865,1.049852,1.048491,1.035710,1.048701,1.051049,1.049991,1.042520,1.048390,1.043829,1.042846,1.046093,1.045102,1.043903,1.054636,0.994269,1.046952,1.052869,1.046521,1.048730,1.040254,1.050431,1.045206,1.039081,1.032129,1.009587,1.020525,0.998435,0.996398,1.004957,1.041077,1.051158,1.010233,0.989937,1.038226
6.347460,1.047495,1.046387,1.043908,1.036936,1.045825,1.049811,1.048450,1.035671,1.048661,1.051008,1.049950,1.042479,1.048349,1.043789,1.042803,1.046048,1.045065,1.043871,1.054583,0.994216,1.046904,1.052819,1.046469,1.048684,1.040245,1.050408,1.045177,1.039058,1.032105,1.009615,1.020481,0.998395,0.996346,1.004900,1.041028,1.051102,1.010228,0.989914,1.038189
6.355790,1.047466,1.046378,1.043882,1.036900,1.045784,1.049770,1.048409,1.035631,1.048622,1.050966,1.049909,1.042438,1.048307,1.043748,1.042758,1.046003,1.045027,1.043837,1.054528,0.994162,1.046855,1.052768,1.046417,1.048638,1.040235,1.050383,1.045146,1.039034,1.032081,1.009643,1.020436,0.998354,0.996293,1.004842,1.040978,1.051045,1.010221,0.989890,1.038151
6.364120,1.047435,1.046368,1.043855,1.036861,1.045742,1.049727,1.048366,1.035589,1.048581,1.050922,1.049865,1.042394,1.048264,1.043705,1.042711,1.045954,1.044987,1.043802,1.054471,0.994105,1.046804,1.052713,1.046362,1.048588,1.040223,1.050357,1.045113,1.039007,1.032055,1.009669,1.020389,0.998310,0.996237,1.004781,1.040925,1.050985,1.010213,0.989864,1.038113
6.372450,1.047405,1.046357,1.043827,1.036822,1.045699,1.049684,1.048323,1.035547,1.048540,1.050878,1.049821,1.042350,1.048220,1.043662,1.042664,1.045906,1.044947,1.043766,1.054413,0.994048,1.046752,1.052659,1.046306,1.048539,1.040211,1.050330,1.045080,1.038981,1.032028,1.009694,1.020342,0.998267,0.996181,1.004720,1.040872,1.050925,1.010205,0.989838,1.038075
6.380780,1.047374,1.046344,1.043797,1.036781,1.045655,1.049638,1.048277,1.035504,1.048499,1.050832,1.049776,1.042304,1.048174,1.043617,1.042614,1.045855,1.044904,1.043728,1.054353,0.993988,1.046698,1.052602,1.046248,1.048487,1.040197,1.050302,1.045045,1.038952,1.031999,1.009719,1.020294,0.998222,0.996123,1.004656,1.040817,1.050862,1.010195,0.989810,1.038038
6.389110,1.047342,1.046331,1.043766,1.036739,1.045610,1.049593,1.048232,1.035460,1.048457,1.050786,1.049729,1.042258,1.048128,1.043571,1.042564,1.045803,1.044860,1.043689,1.054292,0.993927,1.046643,1.052545,1.046190,1.048434,1.040183,1.050272,1.045009,1.038923,1.031969,1.009742,1.020245,0.998177,0.996064,1.004591,1.040760,1.050799,1.010185,0.989781,1.038000
6.397440,1.047311,1.046317,1.043735,1.036697,1.045565,1.049546,1.048186,1.035415,1.048416,1.050738,1.049682,1.042211,1.048081,1.043524,1.042512,1.045750,1.044816,1.043650,1.054230,0.993866,1.046587,1.052486,1.046130,1.048381,1.040168,1.050242,1.044972,1.038892,1.031938,1.009766,1.020196,0.998130,0.996004,1.004525,1.040703,1.050735,1.010174,0.989751,1.037962
6.405770,1.047279,1.046301,1.043702,1.036653,1.045518,1.049499,1.048138,1.035370,1.048373,1.050689,1.049634,1.042162,1.048032,1.043476,1.042459,1.045695,1.044770,1.043608,1.054166,0.993801,1.046528,1.052425,1.046068,1.048325,1.040152,1.050210,1.044934,1.038860,1.031906,1.009788,1.020145,0.998083,0.995942,1.004457,1.040644,1.050668,1.010161,0.989719,1.037925
6.414100,1.047246,1.046286,1.043668,1.036609,1.045470,1.049450,1.048089,1.035323,1.048331,1.050640,1.049585,1.042113,1.047983,1.043427,1.042405,1.045640,1.044723,1.043566,1.054100,0.993737,1.046469,1.052364,1.046005,1.048268,1.040135,1.050177,1.044894,1.038827,1.031872,1.009809,1.020093,0.998034,0.995879,1.004388,1.040584,1.050601,1.010148,0.989686,1.037887
6.422430,1.047214,1.046269,1.043634,1.036564,1.045422,1.049401,1.048040,1.035277,1.048288,1.050590,1.049535,1.042063,1.047933,1.043377,1.042350,1.045583,1.044675,1.043523,1.054034,0.993671,1.046409,1.052301,1.045942,1.048210,1.040117,1.050143,1.044854,1.038793,1.031838,1.009830,1.020042,0.997985,0.995815,1.004318,1.040523,1.050532,1.010134,0.989652,1.037850
6.430760,1.047181,1.046251,1.043598,1.036517,1.045372,1.049351,1.047990,1.035229,1.048245,1.050538,1.049484,1.042011,1.047881,1.043326,1.042293,1.045525,1.044625,1.043479,1.053966,0.993603,1.046347,1.052236,1.045876,1.048151,1.040098,1.050108,1.044812,1.038757,1.031802,1.009850,1.019989,0.997935,0.995750,1.004245,1.040460,1.050462,1.010119,0.989617,1.037812
6.439090,1.047148,1.046233,1.043562,1.036470,1.045322,1.049300,1.047939,1.035180,1.048202,1.050486,1.049432,1.041959,1.047829,1.043274,1.042236,1.045465,1.044575,1.043434,1.053897,0.993534,1.046284,1.052171,1.045810,1.048090,1.040079,1.050072,1.044770,1.038720,1.031765,1.009869,1.019935,0.997884,0.995683,1.004172,1.040396,1.050391,1.010104,0.989581,1.037775
6.447420,1.047114,1.046214,1.043525,1.036422,1.045271,1.049248,1.047888,1.035132,1.048159,1.050433,1.049380,1.041906,1.047776,1.043221,1.042178,1.045406,1.044524,1.043388,1.053827,0.993465,1.046221,1.052105,1.045742,1.048029,1.040059,1.050035,1.044726,1.038683,1.031728,1.009888,1.019881,0.997833,0.995616,1.004098,1.040331,1.050319,1.010088,0.989544,1.037738
6.455750,1.047081,1.046194,1.043486,1.036373,1.045220,1.049196,1.047835,1.035082,1.048116,1.050379,1.049326,1.041852,1.047722,1.043167,1.042118,1.045344,1.044471,1.043340,1.053755,0.993393,1.046155,1.052037,1.045673,1.047966,1.040038,1.049997,1.044682,1.038645,1.031689,1.009906,1.019826,0.997780,0.995547,1.004022,1.040265,1.050245,1.010070,0.989506,1.037701
6.464080,1.047047,1.046174,1.043447,1.036323,1.045167,1.049142,1.047782,1.035032,1.048072,1.050325,1.049272,1.041798,1.047668,1.043113,1.042057,1.045281,1.044417,1.043292,1.053682,0.993321,1.046089,1.051968,1.045603,1.047903,1.040016,1.049958,1.044636,1.038605,1.031649,1.009923,1.019771,0.997727,0.995477,1.003945,1.040198,1.050170,1.010053,0.989467,1.037665
6.472410,1.047013,1.046154,1.043408,1.036273,1.045115,1.049089,1.047729,1.034982,1.048029,1.050270,1.049217,1.041743,1.047613,1.043058,1.041996,1.045218,1.044363,1.043244,1.053608,0.993248,1.046023,1.051899,1.045533,1.047839,1.039994,1.049919,1.044590,1.038565,1.031608,1.009941,1.019715,0.997673,0.995407,1.003867,1.040130,1.050095,1.010035,0.989427,1.037629
6.480740,1.046979,1.046132,1.043368,1.036221,1.045061,1.049034,1.047674,1.034930,1.047985,1.050213,1.049162,1.041687,1.047556,1.043002,1.041933,1.045153,1.044308,1.043194,1.053533,0.993173,1.045954,1.051827,1.045460,1.047773,1.039971,1.049878,1.044543,1.038524,1.031567,1.009957,1.019658,0.997619,0.995335,1.003787,1.040061,1.050018,1.010015,0.989386,1.037592
6.489070,1.046945,1.046110,1.043327,1.036170,1.045007,1.048979,1.047619,1.034879,1.047941,1.050157,1.049105,1.041630,1.047500,1.042945,1.041870,1.045088,1.044252,1.043144,1.053457,0.993097,1.045885,1.051756,1.045388,1.047706,1.039948,1.049837,1.044495,1.038481,1.031524,1.009973,1.019601,0.997564,0.995262,1.003707,1.039991,1.049941,1.009996,0.989344,1.037557
6.497400,1.046912,1.046088,1.043286,1.036117,1.044953,1.048924,1.047564,1.034827,1.047898,1.050100,1.049049,1.041574,1.047443,1.042888,1.041806,1.045022,1.044196,1.043093,1.053381,0.993021,1.045816,1.051683,1.045314,1.047639,1.039924,1.049796,1.044446,1.038439,1.031481,1.009989,1.019544,0.997508,0.995189,1.003626,1.039920,1.049863,1.009976,0.989302,1.037521
6.505730,1.046877,1.046064,1.043243,1.036064,1.044897,1.048868,1.047508,1.034774,1.047854,1.050042,1.048992,1.041516,1.047385,1.042829,1.041741,1.044955,1.044138,1.043041,1.053302,0.992943,1.045745,1.051609,1.045239,1.047570,1.039899,1.049753,1.044397,1.038395,1.031437,1.010004,1.019486,0.997452,0.995114,1.003543,1.039848,1.049783,1.009956,0.989258,1.037485
6.514060,1.046844,1.046041,1.043200,1.036011,1.044842,1.048811,1.047451,1.034722,1.047810,1.049984,1.048934,1.041457,1.047326,1.042771,1.041676,1.044887,1.044079,1.042988,1.053223,0.992864,1.045673,1.051535,1.045164,1.047501,1.039874,1.049710,1.044347,1.038350,1.031392,1.010020,1.019427,0.997396,0.995038,1.003460,1.039776,1.049703,1.009935,0.989214,1.037451
6.522390,1.046810,1.046018,1.043158,1.035957,1.044786,1.048754,1.047395,1.034669,1.047767,1.049925,1.048876,1.041399,1.047268,1.042712,1.041610,1.044819,1.044021,1.042935,1.053144,0.992785,1.045601,1.051460,1.045088,1.047432,1.039849,1.049666,1.044296,1.038306,1.031347,1.010035,1.019369,0.997339,0.994963,1.003376,1.039702,1.049623,1.009913,0.989170,1.037416
6.530720,1.046776,1.045993,1.043114,1.035902,1.044729,1.048697,1.047337,1.034615,1.047723,1.049865,1.048817,1.041340,1.047208,1.042652,1.041542,1.044749,1.043961,1.042881,1.053063,0.992705,1.045527,1.051384,1.045010,1.047361,1.039823,1.049622,1.044245,1.038260,1.031300,1.010049,1.019309,0.997281,0.994885,1.003290,1.039628,1.049541,1.009891,0.989124,1.037381
6.539050,1.046742,1.045969,1.043070,1.035847,1.044672,1.048639,1.047279,1.034561,1.047680,1.049806,1.048758,1.041280,1.047148,1.042592,1.041475,1.044679,1.043901,1.042827,1.052982,0.992624,1.045454,1.051307,1.044932,1.047290,1.039797,1.049577,1.044193,1.038213,1.031254,1.010064,1.019250,0.997223,0.994807,1.003204,1.039553,1.049458,1.009869,0.989078,1.037347
6.547380,1.046709,1.045945,1.043025,1.035792,1.044615,1.048581,1.047221,1.034508,1.047636,1.049746,1.048699,1.041220,1.047088,1.042531,1.041407,1.044609,1.043840,1.042773,1.052900,0.992542,1.045380,1.051230,1.044854,1.047218,1.039771,1.049531,1.044141,1.038166,1.031206,1.010078,1.019190,0.997165,0.994729,1.003118,1.039478,1.049376,1.009847,0.989031,1.037314
6.555710,1.046675,1.045920,1.042980,1.035736,1.044558,1.048522,1.047163,1.034453,1.047593,1.049685,1.048639,1.041160,1.047027,1.042470,1.041338,1.044538,1.043779,1.042717,1.052817,0.992459,1.045304,1.051151,1.044775,1.047145,1.039744,1.049485,1.044087,1.038119,1.031158,1.010092,1.019130,0.997106,0.994650,1.003029,1.039401,1.049292,1.009824,0.988984,1.037280
6.564040,1.046642,1.045895,1.042935,1.035680,1.044500,1.048464,1.047104,1.034399,1.047550,1.049625,1.048578,1.041099,1.046966,1.042409,1.041269,1.044466,1.043717,1.042662,1.052733,0.992376,1.045228,1.051073,1.044695,1.047072,1.039717,1.049439,1.044034,1.038071,1.031110,1.010106,1.019070,0.997048,0.994570,1.002941,1.039324,1.049207,1.009801,0.988936,1.037247
6.572370,1.046609,1.045870,1.042890,1.035624,1.044442,1.048405,1.047046,1.034345,1.047507,1.049564,1.048518,1.041038,1.046905,1.042347,1.041199,1.044394,1.043655,1.042606,1.052650,0.992292,1.045153,1.050994,1.044615,1.046999,1.039691,1.049393,1.043981,1.038022,1.031061,1.010120,1.019009,0.996989,0.994490,1.002852,1.039247,1.049123,1.009778,0.988888,1.037215
6.580700,1.046576,1.045844,1.042844,1.035567,1.044384,1.048346,1.046986,1.034290,1.047464,1.049502,1.048458,1.040977,1.046844,1.042285,1.041129,1.044321,1.043593,1.042550,1.052565,0.992207,1.045076,1.050914,1.044534,1.046924,1.039663,1.049346,1.043926,1.037973,1.031012,1.010134,1.018948,0.996929,0.994409,1.002762,1.039169,1.049038,1.009755,0.988839,1.037183
6.589030,1.046544,1.045819,1.042798,1.035510,1.044326,1.048286,1.046927,1.034235,1.047422,1.049441,1.048397,1.040916,1.046782,1.042223,1.041059,1.044248,1.043530,1.042493,1.052480,0.992122,1.044998,1.050834,1.044453,1.046850,1.039636,1.049298,1.043872,1.037924,1.030962,1.010148,1.018887,0.996870,0.994327,1.002672,1.039090,1.048952,1.009731,0.988789,1.037151
6.597360,1.046511,1.045794,1.042753,1.035453,1.044267,1.048227,1.046868,1.034181,1.047380,1.049379,1.048336,1.040854,1.046720,1.042160,1.040988,1.044175,1.043467,1.042437,1.052394,0.992037,1.044921,1.050753,1.044371,1.046775,1.039609,1.049251,1.043818,1.037875,1.030912,1.010163,1.018827,0.996810,0.994245,1.002582,1.039011,1.048866,1.009708,0.988740,1.037120
6.605690,1.046479,1.045768,1.042706,1.035396,1.044209,1.048167,1.046809,1.034126,1.047338,1.049317,1.048275,1.040792,1.046658,1.042098,1.040917,1.044101,1.043403,1.042380,1.052308,0.991950,1.044843,1.050672,1.044289,1.046700,1.039581,1.049203,1.043763,1.037825,1.030861,1.010177,1.018766,0.996750,0.994163,1.002490,1.038932,1.048780,1.009684,0.988690,1.037089
6.614020,1.046448,1.045743,1.042660,1.035339,1.044150,1.048108,1.046749,1.034072,1.047297,1.049256,1.048214,1.040731,1.046596,1.042035,1.040846,1.044027,1.043340,1.042323,1.052221,0.991864,1.044765,1.050591,1.044207,1.046624,1.039554,1.049155,1.043708,1.037775,1.030811,1.010191,1.018705,0.996691,0.994080,1.002398,1.038852,1.048693,1.009660,0.988640,1.037059
6.622350,1.046417,1.045718,1.042614,1.035282,1.044092,1.048048,1.046690,1.034017,1.047255,1.049194,1.048153,1.040669,1.046534,1.041972,1.040774,1.043953,1.043276,1.042266,1.052134,0.991777,1.044687,1.050509,1.044124,1.046549,1.039526,1.049108,1.043653,1.037725,1.030760,1.010206,1.018644,0.996631,0.993997,1.002306,1.038772,1.048607,1.009636,0.988589,1.037029
6.630680,1.046386,1.045693,1.042568,1.035224,1.044033,1.047989,1.046630,1.033963,1.047214,1.049132,1.048092,1.040607,1.046472,1.041909,1.040703,1.043878,1.043212,1.042208,1.052047,0.991690,1.044608,1.050427,1.044041,1.046472,1.039499,1.049059,1.043597,1.037674,1.030709,1.010221,1.018583,0.996571,0.993913,1.002213,1.038691,1.048519,1.009613,0.988539,1.037000
6.639010,1.046355,1.045668,1.042522,1.035167,1.043975,1.047929,1.046571,1.033908,1.047174,1.049070,1.048031,1.040545,1.046410,1.041846,1.040631,1.043804,1.043148,1.042151,1.051960,0.991602,1.044529,1.050345,1.043958,1.046396,1.039472,1.049011,1.043542,1.037623,1.030658,1.010237,1.018522,0.996511,0.993829,1.002120,1.038611,1.048432,1.009589,0.988488,1.036971
6.647340,1.046325,1.045643,1.042476,1.035110,1.043917,1.047870,1.046512,1.033854,1.047134,1.049009,1.047970,1.040484,1.046348,1.041784,1.040559,1.043729,1.043085,1.042094,1.051872,0.991514,1.044450,1.050263,1.043875,1.046320,1.039445,1.048963,1.043487,1.037573,1.030607,1.010252,1.018461,0.996452,0.993745,1.002027,1.038530,1.048345,1.009566,0.988437,1.036943
6.655670,1.046296,1.045618,1.042430,1.035053,1.043858,1.047811,1.046452,1.033800,1.047094,1.048947,1.047909,1.040422,1.046286,1.041721,1.040487,1.043654,1.043021,1.042036,1.051784,0.991426,1.044371,1.050180,1.043792,1.046243,1.039418,1.048915,1.043431,1.037522,1.030555,1.010268,1.018400,0.996392,0.993661,1.001934,1.038448,1.048257,1.009542,0.988386,1.036916
6.664000,1.046267,1.045594,1.042384,1.034996,1.043800,1.047752,1.046393,1.033746,1.047055,1.048885,1.047848,1.040361,1.046224,1.041658,1.040416,1.043580,1.042957,1.041979,1.051696,0.991338,1.044292,1.050098,1.043708,1.046167,1.039391,1.048867,1.043376,1.037471,1.030504,1.010285,1.018340,0.996333,0.993576,1.001840,1.038367,1.048170,1.009519,0.988335,1.036889
6.672330,1.046238,1.045570,1.042339,1.034939,1.043743,1.047693,1.046335,1.033693,1.047016,1.048824,1.047787,1.040299,1.046162,1.041595,1.040344,1.043505,1.042893,1.041922,1.051608,0.991249,1.044212,1.050015,1.043625,1.046091,1.039364,1.048819,1.043321,1.037420,1.030452,1.010301,1.018279,0.996273,0.993491,1.001746,1.038286,1.048082,1.009496,0.988283,1.036862
6.680660,1.046210,1.045547,1.042294,1.034883,1.043685,1.047634,1.046276,1.033640,1.046978,1.048763,1.047727,1.040238,1.046101,1.041533,1.040272,1.043430,1.042829,1.041865,1.051519,0.991161,1.044133,1.049933,1.043542,1.046014,1.039338,1.048771,1.043266,1.037370,1.030401,1.010319,1.018219,0.996214,0.993407,1.001653,1.038205,1.047995,1.009473,0.988232,1.036836
6.688990,1.046182,1.045524,1.042248,1.034826,1.043628,1.047576,1.046218,1.033587,1.046940,1.048702,1.047667,1.040177,1.046039,1.041471,1.040201,1.043355,1.042765,1.041809,1.051431,0.991072,1.044054,1.049850,1.043458,1.045938,1.039312,1.048724,1.043211,1.037319,1.030350,1.010337,1.018160,0.996155,0.993322,1.001558,1.038123,1.047908,1.009451,0.988181,1.036811
6.697320,1.046155,1.045501,1.042204,1.034770,1.043571,1.047518,1.046160,1.033534,1.046903,1.048641,1.047607,1.040117,1.045978,1.041409,1.040129,1.043281,1.042702,1.041752,1.051343,0.990984,1.043975,1.049768,1.043375,1.045862,1.039287,1.048677,1.043156,1.037269,1.030299,1.010355,1.018100,0.996097,0.993237,1.001465,1.038042,1.047821,1.009429,0.988130,1.036786
6.705650,1.046129,1.045479,1.042159,1.034714,1.043514,1.047460,1.046102,1.033482,1.046866,1.048581,1.047548,1.040057,1.045918,1.041347,1.040058,1.043207,1.042639,1.041696,1.051255,0.990895,1.043896,1.049686,1.043292,1.045786,1.039262,1.048629,1.043102,1.037218,1.030248,1.010374,1.018041,0.996038,0.993152,1.001370,1.037960,1.047734,1.009407,0.988079,1.036762
6.713980,1.046103,1.045457,1.042115,1.034659,1.043458,1.047402,1.046045,1.033430,1.046829,1.048521,1.047488,1.039997,1.045857,1.041286,1.039987,1.043133,1.042576,1.041640,1.051167,0.990807,1.043818,1.049604,1.043209,1.045710,1.039237,1.048583,1.043047,1.037168,1.030197,1.010394,1.017982,0.995981,0.993067,1.001277,1.037879,1.047647,1.009386,0.988028,1.036738
6.722310,1.046078,1.045435,1.042072,1.034604,1.043402,1.047345,1.045988,1.033379,1.046794,1.048462,1.047430,1.039937,1.045797,1.041225,1.039917,1.043059,1.042513,1.041585,1.051079,0.990718,1.043739,1.049522,1.043126,1.045634,1.039213,1.048536,1.042994,1.037119,1.030147,1.010414,1.017924,0.995923,0.992983,1.001183,1.037798,1.047561,1.009365,0.987978,1.036715
6.730640,1.046053,1.045415,1.042029,1.034549,1.043346,1.047289,1.045931,1.033328,1.046759,1.048403,1.047372,1.039878,1.045738,1.041165,1.039847,1.042985,1.042451,1.041530,1.050991,0.990630,1.043661,1.049440,1.043044,1.045559,1.039189,1.048490,1.042940,1.037069,1.030097,1.010435,1.017866,0.995866,0.992898,1.001089,1.037717,1.047475,1.009344,0.987928,1.036693
6.738970,1.046029,1.045395,1.041986,1.034495,1.043291,1.047233,1.045875,1.033277,1.046724,1.048344,1.047314,1.039820,1.045679,1.041105,1.039777,1.042912,1.042389,1.041475,1.050904,0.990542,1.043584,1.049359,1.042962,1.045484,1.039166,1.048445,1.042887,1.037020,1.030047,1.010457,1.017808,0.995809,0.992813,1.000996,1.037636,1.047389,1.009324,0.987877,1.036672
6.747300,1.046006,1.045375,1.041944,1.034441,1.043237,1.047177,1.045820,1.033228,1.046690,1.048286,1.047256,1.039762,1.045620,1.041045,1.039707,1.042839,1.042328,1.041421,1.050816,0.990455,1.043506,1.049278,1.042880,1.045409,1.039143,1.048399,1.042835,1.036971,1.029997,1.010479,1.017751,0.995753,0.992729,1.000903,1.037556,1.047304,1.009304,0.987828,1.036651
6.755630,1.045984,1.045357,1.041903,1.034388,1.043183,1.047122,1.045765,1.033178,1.046657,1.048228,1.047200,1.039704,1.045562,1.040986,1.039638,1.042767,1.042267,1.041367,1.050730,0.990367,1.043429,1.049197,1.042799,1.045335,1.039121,1.048355,1.042783,1.036923,1.029948,1.010503,1.017695,0.995697,0.992645,1.000810,1.037475,1.047219,1.009286,0.987778,1.036630
6.763960,1.045962,1.045338,1.041862,1.034335,1.043130,1.047068,1.045711,1.033130,1.046624,1.048171,1.047143,1.039647,1.045505,1.040928,1.039570,1.042695,1.042207,1.041314,1.050643,0.990280,1.043353,1.049117,1.042718,1.045261,1.039100,1.048311,1.042731,1.036875,1.029899,1.010527,1.017638,0.995642,0.992561,1.000717,1.037395,1.047134,1.009267,0.987729,1.036611
6.772290,1.045941,1.045321,1.041822,1.034283,1.043077,1.047014,1.045657,1.033081,1.046592,1.048115,1.047088,1.039591,1.045448,1.040870,1.039502,1.042624,1.042147,1.041262,1.050557,0.990193,1.043277,1.049037,1.042638,1.045188,1.039079,1.048267,1.042680,1.036828,1.029851,1.010552,1.017583,0.995587,0.992478,1.000625,1.037316,1.047051,1.009249,0.987681,1.036592
6.780620,1.045920,1.045304,1.041782,1.034232,1.043025,1.046961,1.045604,1.033034,1.046561,1.048059,1.047033,1.039535,1.045392,1.040813,1.039434,1.042553,1.042088,1.041210,1.050471,0.990107,1.043201,1.048958,1.042558,1.045116,1.039059,1.048224,1.042630,1.036781,1.029803,1.010578,1.017528,0.995533,0.992395,1.000533,1.037237,1.046967,1.009232,0.987632,1.036574
6.788950,1.045901,1.045288,1.041743,1.034181,1.042973,1.046908,1.045551,1.032987,1.046531,1.048003,1.046978,1.039480,1.045336,1.040756,1.039367,1.042482,1.042029,1.041158,1.050386,0.990020,1.043126,1.048879,1.042479,1.045043,1.039040,1.048182,1.042580,1.036734,1.029756,1.010605,1.017474,0.995480,0.992312,1.000441,1.037158,1.046884,1.009216,0.987584,1.036556
6.797280,1.045882,1.045273,1.041705,1.034131,1.042923,1.046857,1.045500,1.032941,1.046501,1.047949,1.046925,1.039426,1.045281,1.040700,1.039301,1.042413,1.041971,1.041108,1.050301,0.989935,1.043052,1.048801,1.042400,1.044972,1.039021,1.048140,1.042531,1.036689,1.029710,1.010633,1.017421,0.995427,0.992229,1.000351,1.037080,1.046803,1.009200,0.987537,1.036539
6.805610,1.045864,1.045259,1.041668,1.034081,1.042872,1.046805,1.045448,1.032895,1.046471,1.047895,1.046872,1.039371,1.045227,1.040644,1.039235,1.042343,1.041913,1.041058,1.050217,0.989850,1.042978,1.048723,1.042322,1.044901,1.039003,1.048099,1.042482,1.036643,1.029663,1.010661,1.017368,0.995375,0.992147,1.000260,1.037002,1.046721,1.009184,0.987490,1.036523
6.813940,1.045847,1.045245,1.041631,1.034033,1.042823,1.046755,1.045398,1.032851,1.046443,1.047842,1.046819,1.039319,1.045173,1.040590,1.039171,1.042275,1.041857,1.041009,1.050133,0.989765,1.042904,1.048646,1.042244,1.044831,1.038986,1.048058,1.042434,1.036599,1.029618,1.010691,1.017315,0.995323,0.992066,1.000170,1.036925,1.046640,1.009170,0.987444,1.036507
6.822270,1.045830,1.045233,1.041595,1.033985,1.042775,1.046705,1.045348,1.032806,1.046415,1.047790,1.046768,1.039266,1.045120,1.040536,1.039106,1.042208,1.041801,1.040960,1.050050,0.989681,1.042832,1.048569,1.042168,1.044761,1.038970,1.048019,1.042387,1.036555,1.029573,1.010722,1.017264,0.995273,0.991985,1.000081,1.036848,1.046560,1.009156,0.987399,1.036493
6.830600,1.045815,1.045221,1.041560,1.033937,1.042727,1.046656,1.045299,1.032763,1.046388,1.047738,1.046717,1.039215,1.045068,1.040483,1.039043,1.042140,1.041746,1.040913,1.049967,0.989598,1.042760,1.048493,1.042091,1.044692,1.038954,1.047980,1.042341,1.036511,1.029529,1.010754,1.017213,0.995222,0.991904,0.999992,1.036771,1.046481,1.009143,0.987354,1.036479
6.838930,1.045800,1.045211,1.041526,1.033891,1.042680,1.046608,1.045252,1.032721,1.046362,1.047688,1.046667,1.039164,1.045017,1.040431,1.038980,1.042074,1.041692,1.040866,1.049886,0.989515,1.042689,1.048419,1.042016,1.044624,1.038940,1.047942,1.042295,1.036469,1.029486,1.010787,1.017163,0.995173,0.991824,0.999904,1.036696,1.046403,1.009131,0.987309,1.036465
6.847260,1.045786,1.045201,1.041492,1.033846,1.042633,1.046561,1.045204,1.032679,1.046336,1.047637,1.046618,1.039114,1.044967,1.040379,1.038918,1.042009,1.041638,1.040820,1.049804,0.989433,1.042618,1.048344,1.041941,1.044556,1.038926,1.047904,1.042250,1.036427,1.029442,1.010821,1.017114,0.995125,0.991744,0.999816,1.036621,1.046325,1.009120,0.987265,1.036452
6.855590,1.045773,1.045192,1.041460,1.033801,1.042588,1.046514,1.045158,1.032638,1.046312,1.047588,1.046570,1.039065,1.044917,1.040328,1.038857,1.041944,1.041585,1.040775,1.049724,0.989351,1.042549,1.048271,1.041868,1.044490,1.038913,1.047868,1.042207,1.036386,1.029401,1.010856,1.017066,0.995077,0.991666,0.999730,1.036547,1.046248,1.009109,0.987223,1.036440
6.863920,1.045760,1.045184,1.041428,1.033757,1.042543,1.046468,1.045112,1.032598,1.046287,1.047540,1.046522,1.039017,1.044868,1.040278,1.038797,1.041880,1.041533,1.040730,1.049644,0.989270,1.042480,1.048198,1.041794,1.044424,1.038901,1.047832,1.042163,1.036346,1.029359,1.010892,1.017018,0.995030,0.991587,0.999643,1.036473,1.046172,1.009099,0.987180,1.036429
6.872250,1.045749,1.045177,1.041398,1.033714,1.042500,1.046424,1.045068,1.032559,1.046264,1.047493,1.046476,1.038970,1.044821,1.040230,1.038738,1.041818,1.041483,1.040687,1.049566,0.989191,1.042413,1.048126,1.041723,1.044359,1.038890,1.047798,1.042122,1.036307,1.029319,1.010929,1.016972,0.994984,0.991510,0.999559,1.036400,1.046098,1.009091,0.987139,1.036418
6.880580,1.045738,1.045171,1.041368,1.033672,1.042457,1.046380,1.045024,1.032520,1.046242,1.047446,1.046430,1.038923,1.044774,1.040181,1.038679,1.041755,1.041432,1.040644,1.049488,0.989111,1.042345,1.048055,1.041651,1.044295,1.038880,1.047764,1.042080,1.036268,1.029279,1.010967,1.016925,0.994939,0.991432,0.999474,1.036328,1.046023,1.009083,0.987097,1.036408
6.888910,1.045729,1.045166,1.041340,1.033631,1.042415,1.046337,1.044981,1.032483,1.046220,1.047401,1.046386,1.038878,1.044728,1.040135,1.038622,1.041694,1.041383,1.040604,1.049411,0.989033,1.042280,1.047985,1.041581,1.044232,1.038871,1.047731,1.042040,1.036230,1.029241,1.011007,1.016881,0.994895,0.991356,0.999390,1.036256,1.045951,1.009076,0.987058,1.036399
6.897240,1.045720,1.045162,1.041312,1.033591,1.042374,1.046295,1.044939,1.032446,1.046199,1.047356,1.046342,1.038833,1.044683,1.040088,1.038565,1.041634,1.041335,1.040563,1.049334,0.988955,1.042214,1.047915,1.041511,1.044170,1.038863,1.047699,1.042000,1.036193,1.029203,1.011048,1.016836,0.994851,0.991280,0.999307,1.036185,1.045878,1.009070,0.987018,1.036390
6.905570,1.045712,1.045160,1.041286,1.033552,1.042335,1.046254,1.044898,1.032411,1.046180,1.047313,1.046299,1.038790,1.044639,1.040044,1.038510,1.041575,1.041288,1.040524,1.049259,0.988879,1.042150,1.047847,1.041443,1.044109,1.038856,1.047669,1.041963,1.036158,1.029166,1.011090,1.016793,0.994809,0.991206,0.999226,1.036116,1.045808,1.009065,0.986980,1.036383
6.913900,1.045705,1.045158,1.041260,1.033513,1.042295,1.046214,1.044858,1.032375,1.046160,1.047270,1.046257,1.038747,1.044596,1.039999,1.038455,1.041516,1.041242,1.040485,1.049184,0.988802,1.042087,1.047779,1.041376,1.044049,1.038850,1.047638,1.041925,1.036122,1.029130,1.011133,1.016751,0.994767,0.991131,0.999144,1.036047,1.045737,1.009060,0.986942,1.036375
6.922230,1.045699,1.045158,1.041236,1.033477,1.042258,1.046175,1.044820,1.032342,1.046142,1.047229,1.046217,1.038706,1.044554,1.039957,1.038402,1.041460,1.041197,1.040448,1.049111,0.988728,1.042025,1.047713,1.041310,1.043990,1.038845,1.047610,1.041889,1.036089,1.029095,1.011178,1.016710,0.994727,0.991059,0.999065,1.035979,1.045669,1.009058,0.986906,1.036369
6.930560,1.045694,1.045158,1.041212,1.033440,1.042220,1.046137,1.044781,1.032309,1.046124,1.047188,1.046177,1.038665,1.044513,1.039914,1.038349,1.041403,1.041153,1.040411,1.049038,0.988653,1.041963,1.047648,1.041244,1.043931,1.038841,1.047582,1.041853,1.036055,1.029060,1.011224,1.016669,0.994686,0.990986,0.998985,1.035911,1.045600,1.009055,0.986870,1.036363
6.938890,1.045690,1.045161,1.041190,1.033405,1.042185,1.046101,1.044745,1.032277,1.046108,1.047149,1.046139,1.038627,1.044474,1.039874,1.038298,1.041349,1.041110,1.040377,1.048967,0.988580,1.041904,1.047584,1.041180,1.043875,1.038839,1.047555,1.041820,1.036024,1.029028,1.011271,1.016630,0.994648,0.990914,0.998907,1.035845,1.045534,1.009054,0.986835,1.036358
6.947220,1.045686,1.045163,1.041169,1.033371,1.042149,1.046064,1.044708,1.032246,1.046092,1.047110,1.046101,1.038588,1.044434,1.039834,1.038247,1.041294,1.041068,1.040342,1.048896,0.988508,1.041844,1.047520,1.041116,1.043818,1.038836,1.047529,1.041786,1.035993,1.028995,1.011319,1.016592,0.994610,0.990843,0.998830,1.035779,1.045468,1.009054,0.986801,1.036354
6.955550,1.045684,1.045168,1.041149,1.033338,1.042116,1.046030,1.044674,1.032217,1.046077,1.047073,1.046065,1.038551,1.044397,1.039795,1.038199,1.041242,1.041028,1.040310,1.048827,0.988437,1.041787,1.047458,1.041055,1.043764,1.038836,1.047505,1.041755,1.035963,1.028964,1.011369,1.016555,0.994574,0.990774,0.998754,1.035716,1.045404,1.009055,0.986768,1.036350
6.963880,1.045683,1.045173,1.041131,1.033307,1.042084,1.045996,1.044641,1.032188,1.046063,1.047037,1.046029,1.038515,1.044361,1.039758,1.038151,1.041190,1.040988,1.040278,1.048758,0.988367,1.041730,1.047397,1.040994,1.043711,1.038837,1.047482,1.041724,1.035934,1.028934,1.011420,1.016518,0.994538,0.990705,0.998679,1.035652,1.045341,1.009057,0.986736,1.036347
6.972210,1.045682,1.045179,1.041112,1.033276,1.042051,1.045963,1.044607,1.032160,1.046049,1.047002,1.045995,1.038480,1.044325,1.039721,1.038103,1.041139,1.040950,1.040247,1.048690,0.988297,1.041674,1.047337,1.040934,1.043657,1.038838,1.047459,1.041694,1.035906,1.028905,1.011472,1.016483,0.994503,0.990636,0.998605,1.035589,1.045279,1.009060,0.986705,1.036345
6.980540,1.045683,1.045188,1.041097,1.033247,1.042021,1.045932,1.044577,1.032134,1.046037,1.046968,1.045962,1.038446,1.044291,1.039686,1.038058,1.041090,1.040913,1.040218,1.048625,0.988230,1.041620,1.047278,1.040876,1.043607,1.038842,1.047438,1.041666,1.035880,1.028878,1.011526,1.016449,0.994470,0.990569,0.998532,1.035528,1.045219,1.009065,0.986675,1.036343
6.988870,1.045684,1.045197,1.041081,1.033218,1.041992,1.045902,1.044546,1.032108,1.046026,1.046935,1.045930,1.038414,1.044258,1.039652,1.038014,1.041042,1.040877,1.040190,1.048560,0.988163,1.041567,1.047221,1.040818,1.043557,1.038846,1.047419,1.041639,1.035855,1.028851,1.011582,1.016416,0.994438,0.990503,0.998461,1.035468,1.045159,1.009070,0.986646,1.036343
6.997200,1.045686,1.045207,1.041067,1.033190,1.041963,1.045872,1.044516,1.032083,1.046014,1.046903,1.045899,1.038382,1.044225,1.039619,1.037970,1.040994,1.040842,1.040163,1.048495,0.988097,1.041514,1.047163,1.040762,1.043507,1.038851,1.047399,1.041612,1.035830,1.028825,1.011638,1.016383,0.994406,0.990438,0.998389,1.035408,1.045100,1.009076,0.986618,1.036342
7.005530,1.045690,1.045219,1.041055,1.033165,1.041937,1.045844,1.044489,1.032060,1.046005,1.046873,1.045869,1.038352,1.044195,1.039587,1.037929,1.040949,1.040809,1.040137,1.048433,0.988033,1.041464,1.047109,1.040707,1.043460,1.038858,1.047382,1.041587,1.035807,1.028801,1.011696,1.016353,0.994376,0.990374,0.998321,1.035350,1.045044,1.009084,0.986591,1.036343
7.013860,1.045694,1.045232,1.041043,1.033140,1.041911,1.045817,1.044462,1.032037,1.045996,1.046844,1.045841,1.038323,1.044165,1.039557,1.037888,1.040905,1.040777,1.040113,1.048371,0.987969,1.041414,1.047055,1.040653,1.043414,1.038865,1.047366,1.041564,1.035785,1.028777,1.011755,1.016323,0.994347,0.990310,0.998252,1.035293,1.044988,1.009093,0.986566,1.036344
7.022190,1.045699,1.045245,1.041032,1.033116,1.041885,1.045791,1.044436,1.032015,1.045987,1.046815,1.045813,1.038294,1.044136,1.039527,1.037848,1.040861,1.040745,1.040089,1.048310,0.987906,1.041365,1.047001,1.040600,1.043368,1.038874,1.047350,1.041541,1.035763,1.028754,1.011815,1.016293,0.994318,0.990248,0.998185,1.035236,1.044933,1.009102,0.986540,1.036345
7.030520,1.045705,1.045261,1.041024,1.033094,1.041862,1.045767,1.044411,1.031995,1.045980,1.046789,1.045787,1.038268,1.044109,1.039499,1.037810,1.040819,1.040716,1.040068,1.048251,0.987845,1.041319,1.046950,1.040550,1.043324,1.038884,1.047336,1.041520,1.035744,1.028734,1.011877,1.016266,0.994292,0.990187,0.998119,1.035181,1.044881,1.009113,0.986517,1.036348
7.038850,1.045713,1.045277,1.041016,1.033073,1.041839,1.045743,1.044388,1.031976,1.045974,1.046763,1.045762,1.038242,1.044083,1.039472,1.037773,1.040779,1.040687,1.040047,1.048193,0.987785,1.041273,1.046899,1.040500,1.043282,1.038895,1.047324,1.041500,1.035725,1.028714,1.011940,1.016239,0.994266,0.990126,0.998054,1.035127,1.044829,1.009125,0.986494,1.036351
7.047180,1.045720,1.045294,1.041008,1.033052,1.041817,1.045720,1.044365,1.031957,1.045968,1.046738,1.045738,1.038217,1.044058,1.039446,1.037736,1.040738,1.040659,1.040027,1.048136,0.987726,1.041227,1.046849,1.040450,1.043239,1.038907,1.047311,1.041480,1.035707,1.028694,1.012004,1.016213,0.994240,0.990067,0.997990,1.035074,1.044777,1.009138,0.986472,1.036355
7.055510,1.045729,1.045314,1.041004,1.033033,1.041798,1.045699,1.044344,1.031940,1.045963,1.046715,1.045715,1.038194,1.044035,1.039422,1.037702,1.040701,1.040634,1.040009,1.048080,0.987668,1.041185,1.046802,1.040403,1.043200,1.038921,1.047302,1.041463,1.035691,1.028677,1.012070,1.016189,0.994217,0.990009,0.997928,1.035023,1.044729,1.009152,0.986452,1.036359
7.063840,1.045739,1.045334,1.040999,1.033016,1.041778,1.045679,1.044324,1.031924,1.045959,1.046693,1.045694,1.038172,1.044012,1.039398,1.037669,1.040664,1.040609,1.039992,1.048026,0.987612,1.041142,1.046755,1.040357,1.043161,1.038936,1.047292,1.041447,1.035676,1.028660,1.012137,1.016165,0.994195,0.989952,0.997867,1.034972,1.044681,1.009168,0.986433,1.036364
7.072170,1.045749,1.045355,1.040996,1.032998,1.041760,1.045660,1.044305,1.031909,1.045955,1.046671,1.045673,1.038151,1.043990,1.039376,1.037636,1.040627,1.040585,1.039975,1.047972,0.987556,1.041101,1.046709,1.040311,1.043122,1.038951,1.047284,1.041431,1.035662,1.028644,1.012205,1.016142,0.994172,0.989895,0.997807,1.034922,1.044634,1.009184,0.986414,1.036369
7.080500,1.045761,1.045377,1.040994,1.032983,1.041743,1.045642,1.044287,1.031895,1.045953,1.046652,1.045654,1.038131,1.043970,1.039355,1.037606,1.040593,1.040563,1.039961,1.047921,0.987502,1.041062,1.046665,1.040268,1.043087,1.038969,1.047277,1.041418,1.035649,1.028630,1.012275,1.016121,0.994152,0.989840,0.997749,1.034874,1.044589,1.009202,0.986397,1.036376
7.088830,1.045774,1.045401,1.040994,1.032969,1.041728,1.045626,1.044271,1.031882,1.045952,1.046633,1.045636,1.038113,1.043951,1.039336,1.037576,1.040560,1.040542,1.039948,1.047870,0.987449,1.041023,1.046622,1.040226,1.043051,1.038987,1.047272,1.041405,1.035638,1.028617,1.012346,1.016101,0.994133,0.989786,0.997691,1.034826,1.044545,1.009220,0.986381,1.036382
7.097160,1.045787,1.045426,1.040994,1.032956,1.041712,1.045610,1.044255,1.031870,1.045951,1.046615,1.045618,1.038095,1.043933,1.039316,1.037547,1.040527,1.040521,1.039935,1.047819,0.987396,1.040985,1.046579,1.040184,1.043017,1.039006,1.047267,1.041393,1.035627,1.028605,1.012418,1.016081,0.994114,0.989733,0.997634,1.034780,1.044501,1.009239,0.986365,1.036389
7.105490,1.045801,1.045452,1.040996,1.032944,1.041699,1.045596,1.044241,1.031860,1.045951,1.046599,1.045603,1.038079,1.043917,1.039300,1.037521,1.040497,1.040503,1.039925,1.047772,0.987346,1.040950,1.046539,1.040145,1.042985,1.039027,1.047264,1.041383,1.035618,1.028594,1.012491,1.016063,0.994097,0.989681,0.997580,1.034735,1.044461,1.009261,0.986351,1.036397
7.113820,1.045816,1.045480,1.041000,1.032934,1.041687,1.045583,1.044228,1.031850,1.045952,1.046584,1.045589,1.038064,1.043901,1.039284,1.037495,1.040468,1.040486,1.039915,1.047725,0.987297,1.040916,1.046500,1.040106,1.042954,1.039048,1.047262,1.041374,1.035610,1.028585,1.012566,1.016046,0.994081,0.989630,0.997526,1.034691,1.044421,1.009282,0.986338,1.036406
7.122150,1.045832,1.045508,1.041003,1.032923,1.041675,1.045570,1.044215,1.031840,1.045953,1.046569,1.045575,1.038049,1.043886,1.039268,1.037470,1.040439,1.040469,1.039906,1.047678,0.987248,1.040882,1.046461,1.040068,1.042923,1.039071,1.047261,1.041366,1.035602,1.028576,1.012641,1.016029,0.994066,0.989580,0.997473,1.034648,1.044381,1.009305,0.986326,1.036414
7.130480,1.045849,1.045538,1.041009,1.032916,1.041666,1.045559,1.044204,1.031833,1.045955,1.046557,1.045563,1.038037,1.043874,1.039255,1.037447,1.040413,1.040455,1.039900,1.047634,0.987202,1.040850,1.046425,1.040033,1.042895,1.039095,1.047262,1.041360,1.035597,1.028569,1.012719,1.016014,0.994052,0.989532,0.997422,1.034607,1.044345,1.009329,0.986316,1.036424
7.138810,1.045867,1.045569,1.041016,1.032909,1.041657,1.045550,1.044195,1.031827,1.045959,1.046545,1.045552,1.038026,1.043862,1.039242,1.037425,1.040387,1.040442,1.039894,1.047591,0.987156,1.040820,1.046389,1.039998,1.042867,1.039120,1.047264,1.041355,1.035592,1.028562,1.012797,1.016000,0.994039,0.989484,0.997372,1.034566,1.044308,1.009355,0.986306,1.036434
7.147140,1.045885,1.045601,1.041024,1.032902,1.041648,1.045540,1.044185,1.031820,1.045962,1.046534,1.045541,1.038015,1.043851,1.039231,1.037404,1.040362,1.040429,1.039889,1.047548,0.987111,1.040789,1.046354,1.039964,1.042841,1.039146,1.047266,1.041350,1.035588,1.028557,1.012876,1.015986,0.994027,0.989437,0.997323,1.034526,1.044273,1.009380,0.986297,1.036444
7.155470,1.045904,1.045634,1.041033,1.032898,1.041642,1.045533,1.044178,1.031816,1.045967,1.046525,1.045533,1.038006,1.043842,1.039221,1.037385,1.040340,1.040419,1.039886,1.047508,0.987068,1.040762,1.046322,1.039933,1.042816,1.039174,1.047270,1.041347,1.035586,1.028553,1.012957,1.015975,0.994017,0.989392,0.997276,1.034489,1.044240,1.009408,0.986290,1.036456
7.163800,1.045924,1.045669,1.041044,1.032894,1.041636,1.045527,1.044172,1.031813,1.045972,1.046517,1.045525,1.037998,1.043833,1.039212,1.037367,1.040318,1.040409,1.039884,1.047468,0.987026,1.040735,1.046290,1.039902,1.042793,1.039202,1.047275,1.041346,1.035585,1.028551,1.013039,1.015963,0.994007,0.989347,0.997230,1.034451,1.044208,1.009436,0.986283,1.036467
7.172130,1.045945,1.045704,1.041055,1.032891,1.041631,1.045521,1.044166,1.031810,1.045978,1.046509,1.045518,1.037990,1.043825,1.039204,1.037349,1.040297,1.040400,1.039882,1.047429,0.986984,1.040709,1.046259,1.039872,1.042770,1.039231,1.047281,1.041345,1.035585,1.028548,1.013121,1.015953,0.993998,0.989303,0.997184,1.034415,1.044177,1.009465,0.986277,1.036479
7.180460,1.045967,1.045741,1.041068,1.032890,1.041628,1.045517,1.044162,1.031809,1.045985,1.046504,1.045513,1.037985,1.043820,1.039198,1.037334,1.040279,1.040393,1.039883,1.047393,0.986945,1.040685,1.046230,1.039844,1.042749,1.039262,1.047289,1.041346,1.035586,1.028548,1.013205,1.015944,0.993991,0.989261,0.997141,1.034381,1.044148,1.009496,0.986273,1.036492
7.188790,1.045989,1.045779,1.041082,1.032890,1.041626,1.045514,1.044159,1.031808,1.045992,1.046499,1.045509,1.037980,1.043815,1.039192,1.037320,1.040261,1.040387,1.039885,1.047357,0.986907,1.040662,1.046202,1.039817,1.042730,1.039294,1.047298,1.041348,1.035589,1.028549,1.013291,1.015936,0.993984,0.989220,0.997099,1.034347,1.044119,1.009527,0.986270,1.036505
7.197120,1.046012,1.045817,1.041096,1.032890,1.041624,1.045511,1.044156,1.031808,1.046000,1.046494,1.045505,1.037976,1.043810,1.039188,1.037306,1.040243,1.040382,1.039887,1.047322,0.986869,1.040639,1.046175,1.039791,1.042710,1.039326,1.047307,1.041350,1.035591,1.028550,1.013377,1.015928,0.993978,0.989179,0.997057,1.034314,1.044092,1.009559,0.986267,1.036518
7.205450,1.046036,1.045857,1.041113,1.032893,1.041624,1.045510,1.044155,1.031810,1.046009,1.046492,1.045504,1.037974,1.043808,1.039185,1.037295,1.040229,1.040379,1.039891,1.047289,0.986834,1.040619,1.046150,1.039767,1.042694,1.039360,1.047319,1.041355,1.035596,1.028553,1.013464,1.015923,0.993974,0.989141,0.997018,1.034283,1.044067,1.009593,0.986267,1.036532
7.213780,1.046061,1.045898,1.041130,1.032896,1.041625,1.045510,1.044155,1.031812,1.046019,1.046491,1.045502,1.037973,1.043806,1.039183,1.037284,1.040214,1.040376,1.039896,1.047257,0.986799,1.040600,1.046125,1.039744,1.042678,1.039395,1.047331,1.041360,1.035602,1.028557,1.013553,1.015917,0.993971,0.989103,0.996979,1.034253,1.044042,1.009627,0.986266,1.036546
7.222110,1.046086,1.045940,1.041148,1.032899,1.041626,1.045511,1.044156,1.031815,1.046028,1.046490,1.045502,1.037972,1.043805,1.039182,1.037274,1.040201,1.040374,1.039902,1.047225,0.986764,1.040581,1.046102,1.039721,1.042662,1.039431,1.047343,1.041366,1.035608,1.028562,1.013642,1.015912,0.993968,0.989065,0.996941,1.034223,1.044019,1.009662,0.986267,1.036560
7.230440,1.046113,1.045984,1.041168,1.032905,1.041630,1.045513,1.044158,1.031820,1.046039,1.046491,1.045503,1.037973,1.043806,1.039183,1.037266,1.040190,1.040375,1.039910,1.047196,0.986733,1.040565,1.046081,1.039701,1.042650,1.039468,1.047358,1.041375,1.035617,1.028568,1.013733,1.015909,0.993967,0.989030,0.996906,1.034196,1.043998,1.009699,0.986269,1.036576
7.238770,1.046139,1.046028,1.041189,1.032912,1.041634,1.045516,1.044161,1.031825,1.046051,1.046492,1.045506,1.037975,1.043808,1.039184,1.037259,1.040179,1.040376,1.039918,1.047168,0.986702,1.040549,1.046060,1.039682,1.042637,1.039506,1.047374,1.041383,1.035626,1.028575,1.013824,1.015907,0.993966,0.988995,0.996871,1.034169,1.043977,1.009736,0.986272,1.036591
7.247100,1.046167,1.046073,1.041210,1.032918,1.041638,1.045520,1.044165,1.031831,1.046063,1.046494,1.045508,1.037978,1.043810,1.039186,1.037253,1.040169,1.040378,1.039927,1.047140,0.986671,1.040534,1.046040,1.039663,1.042626,1.039545,1.047390,1.041393,1.035635,1.028583,1.013917,1.015905,0.993966,0.988960,0.996836,1.034143,1.043957,1.009774,0.986275,1.036607
7.255430,1.046195,1.046119,1.041233,1.032927,1.041644,1.045525,1.044170,1.031838,1.046076,1.046499,1.045513,1.037982,1.043814,1.039190,1.037248,1.040162,1.040382,1.039939,1.047114,0.986643,1.040522,1.046022,1.039647,1.042616,1.039585,1.047408,1.041404,1.035647,1.028593,1.014010,1.015905,0.993968,0.988928,0.996804,1.034118,1.043940,1.009814,0.986281,1.036623
7.263760,1.046224,1.046167,1.041257,1.032937,1.041651,1.045531,1.044176,1.031846,1.046089,1.046504,1.045518,1.037987,1.043819,1.039195,1.037245,1.040155,1.040387,1.039951,1.047089,0.986615,1.040510,1.046005,1.039631,1.042608,1.039626,1.047427,1.041417,1.035659,1.028603,1.014105,1.015905,0.993971,0.988896,0.996773,1.034095,1.043923,1.009854,0.986287,1.036640
7.272090,1.046253,1.046215,1.041281,1.032947,1.041658,1.045538,1.044183,1.031854,1.046102,1.046509,1.045524,1.037992,1.043824,1.039200,1.037242,1.040148,1.040392,1.039963,1.047065,0.986588,1.040498,1.045988,1.039616,1.042600,1.039668,1.047446,1.041429,1.035671,1.028614,1.014200,1.015905,0.993973,0.988865,0.996742,1.034072,1.043906,1.009894,0.986293,1.036656
7.280420,1.046284,1.046264,1.041308,1.032959,1.041668,1.045546,1.044191,1.031865,1.046117,1.046516,1.045531,1.038000,1.043832,1.039207,1.037241,1.040144,1.040399,1.039978,1.047043,0.986563,1.040489,1.045974,1.039603,1.042594,1.039711,1.047467,1.041444,1.035686,1.028627,1.014297,1.015908,0.993978,0.988835,0.996714,1.034051,1.043893,1.009937,0.986301,1.036674
7.288750,1.046315,1.046314,1.041335,1.032972,1.041677,1.045555,1.044200,1.031875,1.046132,1.046524,1.045540,1.038008,1.043839,1.039215,1.037241,1.040141,1.040407,1.039993,1.047022,0.986539,1.040481,1.045961,1.039591,1.042589,1.039755,1.047489,1.041460,1.035701,1.028640,1.014394,1.015910,0.993983,0.988807,0.996686,1.034030,1.043879,1.009980,0.986310,1.036691
7.297080,1.046346,1.046365,1.041362,1.032985,1.041688,1.045565,1.044210,1.031886,1.046147,1.046532,1.045548,1.038016,1.043848,1.039223,1.037241,1.040138,1.040416,1.040009,1.047001,0.986515,1.040473,1.045948,1.039579,1.042584,1.039799,1.047511,1.041476,1.035717,1.028654,1.014492,1.015913,0.993989,0.988778,0.996659,1.034011,1.043867,1.010023,0.986319,1.036709
7.305410,1.046378,1.046417,1.041391,1.033000,1.041700,1.045576,1.044221,1.031899,1.046163,1.046542,1.045559,1.038027,1.043858,1.039234,1.037244,1.040138,1.040427,1.040027,1.046983,0.986494,1.040467,1.045937,1.039570,1.042582,1.039845,1.047535,1.041494,1.035735,1.028670,1.014592,1.015918,0.993996,0.988752,0.996634,1.033993,1.043856,1.010068,0.986331,1.036727
7.313740,1.046410,1.046470,1.041421,1.033015,1.041712,1.045588,1.044233,1.031912,1.046180,1.046553,1.045570,1.038038,1.043869,1.039245,1.037247,1.040137,1.040438,1.040045,1.046965,0.986473,1.040462,1.045927,1.039561,1.042581,1.039891,1.047560,1.041512,1.035753,1.028686,1.014692,1.015923,0.994004,0.988726,0.996610,1.033976,1.043847,1.010113,0.986342,1.036745
7.322070,1.046443,1.046524,1.041452,1.033031,1.041725,1.045600,1.044245,1.031925,1.046197,1.046564,1.045581,1.038049,1.043880,1.039256,1.037251,1.040138,1.040450,1.040064,1.046948,0.986453,1.040457,1.045917,1.039553,1.042579,1.039938,1.047586,1.041531,1.035772,1.028703,1.014792,1.015929,0.994012,0.988701,0.996586,1.033959,1.043837,1.010159,0.986354,1.036764
7.330400,1.046477,1.046579,1.041484,1.033049,1.041740,1.045614,1.044259,1.031941,1.046215,1.046577,1.045595,1.038062,1.043893,1.039269,1.037257,1.040141,1.040464,1.040085,1.046933,0.986435,1.040455,1.045910,1.039547,1.042581,1.039987,1.047613,1.041552,1.035792,1.028722,1.014894,1.015936,0.994022,0.988678,0.996565,1.033944,1.043830,1.010206,0.986368,1.036783
7.338730,1.046511,1.046635,1.041517,1.033067,1.041755,1.045628,1.044273,1.031956,1.046233,1.046590,1.045608,1.038076,1.043906,1.039283,1.037263,1.040144,1.040478,1.040106,1.046918,0.986418,1.040453,1.045903,1.039542,1.042582,1.040036,1.047640,1.041574,1.035813,1.028741,1.014997,1.015943,0.994032,0.988655,0.996544,1.033930,1.043824,1.010254,0.986382,1.036802
7.347060,1.046546,1.046691,1.041550,1.033086,1.041770,1.045643,1.044288,1.031972,1.046251,1.046604,1.045622,1.038090,1.043920,1.039297,1.037270,1.040148,1.040493,1.040128,1.046904,0.986401,1.040452,1.045896,1.039537,1.042584,1.040085,1.047669,1.041596,1.035835,1.028761,1.015100,1.015951,0.994043,0.988632,0.996524,1.033916,1.043818,1.010302,0.986397,1.036821
7.355390,1.046581,1.046748,1.041585,1.033107,1.041787,1.045659,1.044304,1.031989,1.046270,1.046620,1.045638,1.038106,1.043936,1.039313,1.037279,1.040154,1.040510,1.040152,1.046892,0.986386,1.040453,1.045892,1.039534,1.042589,1.040136,1.047699,1.041620,1.035858,1.028782,1.015204,1.015960,0.994055,0.988612,0.996506,1.033905,1.043815,1.010352,0.986414,1.036841
7.363720,1.046617,1.046806,1.041621,1.033128,1.041805,1.045676,1.044321,1.032007,1.046290,1.046636,1.045655,1.038122,1.043952,1.039330,1.037288,1.040160,1.040527,1.040176,1.046881,0.986372,1.040454,1.045888,1.039532,1.042593,1.040188,1.047729,1.041644,1.035882,1.028804,1.015309,1.015970,0.994068,0.988592,0.996489,1.033893,1.043811,1.010402,0.986430,1.036861
7.372050,1.046653,1.046865,1.041656,1.033149,1.041823,1.045693,1.044338,1.032025,1.046309,1.046652,1.045671,1.038139,1.043969,1.039347,1.037298,1.040167,1.040545,1.040201,1.046870,0.986358,1.040456,1.045885,1.039530,1.042599,1.040240,1.047760,1.041669,1.035907,1.028826,1.015414,1.015980,0.994081,0.988572,0.996472,1.033883,1.043809,1.010453,0.986448,1.036881
7.380380,1.046690,1.046925,1.041694,1.033172,1.041843,1.045712,1.044357,1.032044,1.046330,1.046670,1.045690,1.038157,1.043987,1.039365,1.037310,1.040176,1.040565,1.040228,1.046861,0.986346,1.040460,1.045884,1.039531,1.042606,1.040293,1.047792,1.041696,1.035933,1.028850,1.015520,1.015991,0.994096,0.988554,0.996457,1.033874,1.043808,1.010504,0.986467,1.036901
7.388710,1.046727,1.046985,1.041732,1.033195,1.041862,1.045731,1.044375,1.032064,1.046350,1.046688,1.045708,1.038175,1.044005,1.039384,1.037322,1.040185,1.040585,1.040254,1.046853,0.986335,1.040464,1.045883,1.039531,1.042614,1.040346,1.047825,1.041722,1.035959,1.028874,1.015627,1.016002,0.994110,0.988537,0.996443,1.033865,1.043808,1.010556,0.986486,1.036921
7.397040,1.046764,1.047046,1.041771,1.033220,1.041883,1.045751,1.044396,1.032085,1.046371,1.046708,1.045728,1.038195,1.044025,1.039405,1.037336,1.040196,1.040607,1.040282,1.046846,0.986325,1.040470,1.045884,1.039533,1.042623,1.040401,1.047859,1.041751,1.035986,1.028900,1.015734,1.016015,0.994126,0.988521,0.996430,1.033858,1.043809,1.010609,0.986506,1.036942
7.405370,1.046802,1.047108,1.041810,1.033245,1.041904,1.045772,1.044416,1.032106,1.046393,1.046728,1.045748,1.038216,1.044045,1.039425,1.037350,1.040207,1.040629,1.040311,1.046840,0.986316,1.040476,1.045885,1.039536,1.042633,1.040456,1.047894,1.041779,1.036014,1.028926,1.015842,1.016028,0.994143,0.988505,0.996418,1.033851,1.043811,1.010663,0.986527,1.036962
7.413700,1.046840,1.047170,1.041850,1.033270,1.041926,1.045792,1.044437,1.032127,1.046414,1.046748,1.045769,1.038236,1.044066,1.039446,1.037365,1.040219,1.040651,1.040340,1.046834,0.986307,1.040483,1.045887,1.039540,1.042643,1.040511,1.047929,1.041809,1.036043,1.028952,1.015951,1.016041,0.994159,0.988490,0.996406,1.033845,1.043814,1.010717,0.986548,1.036983
7.422030,1.046879,1.047233,1.041892,1.033297,1.041949,1.045815,1.044460,1.032150,1.046437,1.046770,1.045791,1.038258,1.044088,1.039469,1.037381,1.040232,1.040676,1.040371,1.046831,0.986301,1.040492,1.045890,1.039545,1.042655,1.040568,1.047966,1.041840,1.036073,1.028980,1.016060,1.016055,0.994177,0.988477,0.996397,1.033841,1.043818,1.010772,0.986571,1.037004
7.430360,1.046918,1.047296,1.041933,1.033324,1.041972,1.045837,1.044482,1.032173,1.046459,1.046792,1.045813,1.038281,1.044110,1.039492,1.037398,1.040246,1.040700,1.040402,1.046827,0.986294,1.040501,1.045894,1.039550,1.042668,1.040625,1.048002,1.041870,1.036103,1.029008,1.016170,1.016069,0.994195,0.988463,0.996387,1.033836,1.043823,1.010827,0.986594,1.037025
7.438690,1.046958,1.047361,1.041976,1.033353,1.041997,1.045861,1.044506,1.032196,1.046482,1.046815,1.045836,1.038304,1.044134,1.039516,1.037416,1.040261,1.040726,1.040434,1.046825,0.986289,1.040512,1.045900,1.039557,1.042682,1.040682,1.048040,1.041903,1.036134,1.029038,1.016280,1.016085,0.994215,0.988451,0.996380,1.033834,1.043829,1.010883,0.986618,1.037046
7.447020,1.046997,1.047426,1.042019,1.033381,1.042022,1.045885,1.044530,1.032221,1.046505,1.046839,1.045860,1.038328,1.044158,1.039541,1.037434,1.040277,1.040752,1.040467,1.046824,0.986285,1.040523,1.045905,1.039565,1.042696,1.040741,1.048079,1.041936,1.036166,1.029068,1.016391,1.016101,0.994234,0.988440,0.996373,1.033832,1.043836,1.010940,0.986642,1.037067
7.455350,1.047037,1.047491,1.042063,1.033410,1.042047,1.045909,1.044554,1.032245,1.046528,1.046863,1.045884,1.038352,1.044182,1.039566,1.037453,1.040293,1.040779,1.040500,1.046823,0.986281,1.040534,1.045912,1.039573,1.042711,1.040799,1.048117,1.041969,1.036199,1.029098,1.016502,1.016117,0.994254,0.988429,0.996366,1.033830,1.043843,1.010997,0.986667,1.037088
7.463680,1.047078,1.047558,1.042108,1.033441,1.042073,1.045935,1.044580,1.032271,1.046552,1.046888,1.045909,1.038378,1.044208,1.039592,1.037474,1.040311,1.040807,1.040535,1.046824,0.986279,1.040547,1.045920,1.039583,1.042727,1.040859,1.048158,1.042003,1.036232,1.029129,1.016614,1.016134,0.994275,0.988420,0.996361,1.033830,1.043852,1.011054,0.986693,1.037109
7.472010,1.047118,1.047624,1.042153,1.033471,1.042099,1.045961,1.044605,1.032296,1.046575,1.046914,1.045935,1.038404,1.044234,1.039619,1.037495,1.040330,1.040836,1.040570,1.046825,0.986277,1.040561,1.045928,1.039593,1.042744,1.040919,1.048198,1.042038,1.036266,1.029161,1.016726,1.016151,0.994297,0.988411,0.996357,1.033830,1.043861,1.011113,0.986720,1.037130
7.480340,1.047159,1.047691,1.042199,1.033502,1.042126,1.045987,1.044631,1.032322,1.046599,1.046940,1.045961,1.038430,1.044260,1.039646,1.037516,1.040348,1.040865,1.040605,1.046827,0.986276,1.040575,1.045937,1.039604,1.042762,1.040979,1.048239,1.042074,1.036301,1.029194,1.016839,1.016169,0.994318,0.988402,0.996353,1.033830,1.043871,1.011171,0.986746,1.037151
7.488670,1.047200,1.047759,1.042245,1.033535,1.042154,1.046014,1.044659,1.032349,1.046624,1.046967,1.045988,1.038457,1.044287,1.039674,1.037539,1.040369,1.040895,1.040642,1.046830,0.986277,1.040590,1.045948,1.039616,1.042781,1.041040,1.048281,1.042110,1.036336,1.029227,1.016952,1.016187,0.994341,0.988395,0.996351,1.033832,1.043882,1.011230,0.986774,1.037173
7.497000,1.047241,1.047827,1.042292,1.033567,1.042183,1.046042,1.044686,1.032376,1.046648,1.046994,1.046016,1.038485,1.044315,1.039703,1.037563,1.040389,1.040926,1.040679,1.046834,0.986278,1.040606,1.045959,1.039629,1.042800,1.041102,1.048323,1.042147,1.036372,1.029261,1.017065,1.016206,0.994364,0.988388,0.996350,1.033835,1.043894,1.011290,0.986803,1.037194
7.505330,1.047283,1.047896,1.042340,1.033600,1.042211,1.046070,1.044714,1.032404,1.046672,1.047022,1.046043,1.038513,1.044343,1.039732,1.037586,1.040411,1.040957,1.040716,1.046838,0.986279,1.040623,1.045970,1.039642,1.042820,1.041163,1.048366,1.042185,1.036408,1.029295,1.017179,1.016225,0.994387,0.988382,0.996349,1.033838,1.043906,1.011350,0.986831,1.037215
7.513660,1.047325,1.047965,1.042388,1.033634,1.042241,1.046098,1.044743,1.032432,1.046697,1.047050,1.046072,1.038542,1.044372,1.039762,1.037611,1.040433,1.040989,1.040755,1.046844,0.986282,1.040640,1.045983,1.039656,1.042841,1.041226,1.048410,1.042223,1.036446,1.029330,1.017293,1.016245,0.994412,0.988377,0.996350,1.033842,1.043920,1.011410,0.986861,1.037237
7.521990,1.047366,1.048034,1.042437,1.033668,1.042270,1.046127,1.044772,1.032461,1.046722,1.047079,1.046101,1.038571,1.044401,1.039793,1.037636,1.040456,1.041022,1.040794,1.046850,0.986286,1.040659,1.045996,1.039671,1.042863,1.041289,1.048454,1.042262,1.036483,1.029366,1.017408,1.016265,0.994436,0.988372,0.996351,1.033847,1.043934,1.011471,0.986891,1.037258
7.530320,1.047408,1.048104,1.042485,1.033702,1.042300,1.046157,1.044801,1.032489,1.046747,1.047108,1.046130,1.038600,1.044431,1.039823,1.037662,1.040479,1.041055,1.040833,1.046857,0.986289,1.040677,1.046009,1.039686,1.042885,1.041351,1.048498,1.042301,1.036521,1.029402,1.017522,1.016286,0.994461,0.988368,0.996352,1.033852,1.043949,1.011532,0.986921,1.037279
7.538650,1.047450,1.048174,1.042535,1.033738,1.042331,1.046187,1.044831,1.032519,1.046773,1.047139,1.046161,1.038631,1.044462,1.039855,1.037689,1.040504,1.041090,1.040873,1.046865,0.986295,1.040697,1.046024,1.039703,1.042908,1.041415,1.048544,1.042341,1.036560,1.029439,1.017637,1.016307,0.994486,0.988365,0.996355,1.033858,1.043965,1.011594,0.986952,1.037300
7.546980,1.047493,1.048245,1.042585,1.033774,1.042362,1.046217,1.044862,1.032549,1.046798,1.047169,1.046191,1.038662,1.044493,1.039887,1.037716,1.040528,1.041124,1.040913,1.046873,0.986300,1.040717,1.046039,1.039720,1.042931,1.041479,1.048589,1.042381,1.036600,1.029476,1.017752,1.016328,0.994512,0.988362,0.996359,1.033865,1.043981,1.011656,0.986984,1.037321
7.555310,1.047535,1.048315,1.042636,1.033809,1.042393,1.046248,1.044892,1.032578,1.046823,1.047199,1.046221,1.038693,1.044524,1.039919,1.037744,1.040553,1.041159,1.040954,1.046882,0.986306,1.040738,1.046055,1.039737,1.042955,1.041543,1.048635,1.042422,1.036639,1.029513,1.017867,1.016349,0.994538,0.988360,0.996362,1.033871,1.043997,1.011718,0.987015,1.037342
7.563640,1.047578,1.048387,1.042687,1.033846,1.042426,1.046279,1.044923,1.032609,1.046849,1.047231,1.046253,1.038724,1.044556,1.039952,1.037772,1.040580,1.041195,1.040996,1.046892,0.986314,1.040760,1.046072,1.039756,1.042981,1.041608,1.048682,1.042464,1.036680,1.029551,1.017983,1.016371,0.994565,0.988359,0.996368,1.033880,1.044015,1.011781,0.987048,1.037363
7.571970,1.047620,1.048458,1.042738,1.033883,1.042458,1.046311,1.044955,1.032640,1.046875,1.047263,1.046285,1.038756,1.044588,1.039986,1.037801,1.040606,1.041231,1.041038,1.046903,0.986322,1.040782,1.046089,1.039775,1.043006,1.041672,1.048729,1.042506,1.036720,1.029590,1.018099,1.016394,0.994592,0.988358,0.996373,1.033888,1.044033,1.011843,0.987081,1.037383
7.580300,1.047662,1.048530,1.042789,1.033920,1.042490,1.046343,1.044987,1.032670,1.046900,1.047294,1.046316,1.038788,1.044620,1.040019,1.037830,1.040633,1.041267,1.041080,1.046913,0.986330,1.040804,1.046106,1.039794,1.043032,1.041737,1.048776,1.042548,1.036761,1.029629,1.018214,1.016416,0.994619,0.988358,0.996380,1.033897,1.044052,1.011906,0.987114,1.037404
7.588630,1.047705,1.048602,1.042842,1.033958,1.042523,1.046375,1.045019,1.032702,1.046926,1.047327,1.046349,1.038821,1.044653,1.040054,1.037860,1.040661,1.041305,1.041123,1.046926,0.986339,1.040828,1.046125,1.039815,1.043059,1.041803,1.048824,1.042591,1.036803,1.029668,1.018330,1.016439,0.994647,0.988358,0.996387,1.033907,1.044072,1.011970,0.987148,1.037425
7.596960,1.047748,1.048674,1.042894,1.033996,1.042557,1.046408,1.045052,1.032733,1.046952,1.047360,1.046382,1.038854,1.044687,1.040088,1.037891,1.040690,1.041342,1.041166,1.046938,0.986349,1.040851,1.046144,1.039835,1.043086,1.041868,1.048872,1.042634,1.036845,1.029708,1.018446,1.016462,0.994674,0.988359,0.996395,1.033917,1.044091,1.012033,0.987182,1.037445
7.605290,1.047790,1.048746,1.042946,1.034034,1.042590,1.046440,1.045084,1.032765,1.046978,1.047393,1.046415,1.038888,1.044720,1.040123,1.037921,1.040718,1.041380,1.041210,1.046950,0.986359,1.040875,1.046163,1.039856,1.043113,1.041934,1.048920,1.042677,1.036887,1.029748,1.018562,1.016485,0.994702,0.988360,0.996403,1.033927,1.044112,1.012097,0.987216,1.037465
7.613620,1.047833,1.048819,1.042999,1.034073,1.042624,1.046474,1.045118,1.032797,1.047004,1.047426,1.046448,1.038922,1.044754,1.040158,1.037953,1.040747,1.041419,1.041254,1.046964,0.986370,1.040901,1.046183,1.039878,1.043141,1.042000,1.048969,1.042721,1.036929,1.029788,1.018678,1.016509,0.994731,0.988363,0.996413,1.033939,1.044133,1.012161,0.987251,1.037485
7.621950,1.047876,1.048892,1.043053,1.034112,1.042658,1.046507,1.045151,1.032829,1.047029,1.047460,1.046482,1.038956,1.044788,1.040194,1.037985,1.040777,1.041457,1.041298,1.046978,0.986382,1.040926,1.046203,1.039900,1.043170,1.042066,1.049018,1.042766,1.036972,1.029829,1.018794,1.016533,0.994760,0.988365,0.996422,1.033950,1.044155,1.012225,0.987286,1.037505
7.630280,1.047918,1.048964,1.043106,1.034151,1.042692,1.046541,1.045184,1.032861,1.047055,1.047494,1.046515,1.038990,1.044823,1.040230,1.038017,1.040807,1.041496,1.041342,1.046993,0.986394,1.040951,1.046224,1.039923,1.043199,1.042132,1.049067,1.042810,1.037015,1.029870,1.018910,1.016557,0.994789,0.988368,0.996432,1.033962,1.044176,1.012289,0.987321,1.037525
7.638610,1.047961,1.049037,1.043160,1.034191,1.042727,1.046575,1.045219,1.032894,1.047081,1.047528,1.046550,1.039025,1.044858,1.040266,1.038049,1.040838,1.041536,1.041388,1.047008,0.986406,1.040978,1.046246,1.039946,1.043228,1.042199,1.049117,1.042855,1.037059,1.029912,1.019026,1.016582,0.994818,0.988372,0.996444,1.033975,1.044199,1.012354,0.987357,1.037545
7.646940,1.048003,1.049110,1.043213,1.034231,1.042762,1.046609,1.045253,1.032927,1.047107,1.047562,1.046584,1.039059,1.044893,1.040303,1.038082,1.040869,1.041576,1.041433,1.047024,0.986420,1.041004,1.046267,1.039970,1.043258,1.042266,1.049166,1.042900,1.037103,1.029953,1.019142,1.016606,0.994847,0.988375,0.996455,1.033988,1.044222,1.012418,0.987392,1.037564
7.655270,1.048045,1.049183,1.043267,1.034271,1.042796,1.046643,1.045287,1.032959,1.047132,1.047597,1.046619,1.039094,1.044928,1.040339,1.038115,1.040900,1.041616,1.041478,1.047039,0.986433,1.041031,1.046289,1.039994,1.043288,1.042332,1.049216,1.042945,1.037146,1.029995,1.019258,1.016631,0.994877,0.988379,0.996467,1.034001,1.044245,1.012483,0.987428,1.037583
7.663600,1.048088,1.049257,1.043322,1.034311,1.042832,1.046678,1.045321,1.032992,1.047158,1.047632,1.046654,1.039130,1.044964,1.040376,1.038149,1.040932,1.041656,1.041524,1.047056,0.986447,1.041059,1.046312,1.040019,1.043319,1.042399,1.049267,1.042991,1.037191,1.030037,1.019374,1.016656,0.994907,0.988385,0.996480,1.034015,1.044269,1.012547,0.987465,1.037602
7.671930,1.048130,1.049330,1.043376,1.034351,1.042867,1.046712,1.045356,1.033025,1.047183,1.047667,1.046689,1.039165,1.044999,1.040413,1.038183,1.040963,1.041697,1.041570,1.047073,0.986462,1.041086,1.046335,1.040043,1.043350,1.042466,1.049317,1.043037,1.037235,1.030079,1.019489,1.016681,0.994937,0.988390,0.996493,1.034029,1.044294,1.012612,0.987501,1.037620
7.680260,1.048172,1.049403,1.043430,1.034392,1.042902,1.046747,1.045391,1.033058,1.047209,1.047702,1.046723,1.039200,1.045035,1.040451,1.038217,1.040995,1.041738,1.041616,1.047090,0.986477,1.041114,1.046358,1.040068,1.043381,1.042532,1.049367,1.043083,1.037280,1.030122,1.019605,1.016706,0.994967,0.988395,0.996507,1.034044,1.044318,1.012677,0.987538,1.037639
7.688590,1.048214,1.049476,1.043485,1.034433,1.042938,1.046782,1.045426,1.033092,1.047234,1.047738,1.046759,1.039236,1.045071,1.040488,1.038251,1.041028,1.041779,1.041662,1.047108,0.986493,1.041143,1.046382,1.040094,1.043413,1.042599,1.049418,1.043129,1.037325,1.030164,1.019720,1.016731,0.994997,0.988401,0.996521,1.034059,1.044343,1.012741,0.987575,1.037657
7.696920,1.048255,1.049549,1.043540,1.034474,1.042974,1.046817,1.045461,1.033125,1.047259,1.047773,1.046794,1.039272,1.045107,1.040526,1.038286,1.041061,1.041820,1.041709,1.047126,0.986509,1.041171,1.046406,1.040120,1.043445,1.042666,1.049469,1.043175,1.037370,1.030207,1.019835,1.016756,0.995027,0.988407,0.996536,1.034074,1.044369,1.012806,0.987612,1.037675
7.705250,1.048297,1.049622,1.043594,1.034514,1.043009,1.046852,1.045495,1.033158,1.047284,1.047809,1.046830,1.039308,1.045143,1.040564,1.038321,1.041094,1.041862,1.041755,1.047145,0.986525,1.041200,1.046430,1.040146,1.043477,1.042733,1.049520,1.043222,1.037415,1.030250,1.019950,1.016782,0.995058,0.988414,0.996551,1.034089,1.044394,1.012871,0.987649,1.037693
7.713580,1.048338,1.049696,1.043649,1.034556,1.043045,1.046888,1.045531,1.033192,1.047309,1.047844,1.046865,1.039344,1.045180,1.040602,1.038356,1.041127,1.041904,1.041802,1.047164,0.986542,1.041230,1.046455,1.040173,1.043509,1.042800,1.049571,1.043269,1.037460,1.030293,1.020065,1.016807,0.995088,0.988421,0.996566,1.034105,1.044420,1.012935,0.987687,1.037711
7.721910,1.048379,1.049768,1.043704,1.034597,1.043081,1.046923,1.045566,1.033225,1.047334,1.047880,1.046901,1.039380,1.045216,1.040640,1.038391,1.041161,1.041945,1.041849,1.047183,0.986559,1.041259,1.046480,1.040199,1.043542,1.042866,1.049622,1.043315,1.037505,1.030336,1.020180,1.016833,0.995119,0.988428,0.996582,1.034121,1.044446,1.013000,0.987724,1.037728
7.730240,1.048420,1.049841,1.043759,1.034638,1.043117,1.046958,1.045601,1.033258,1.047358,1.047916,1.046936,1.039416,1.045253,1.040678,1.038426,1.041194,1.041987,1.041896,1.047202,0.986576,1.041289,1.046505,1.040226,1.043575,1.042933,1.049673,1.043362,1.037550,1.030379,1.020294,1.016858,0.995149,0.988436,0.996598,1.034138,1.044473,1.013064,0.987761,1.037745
7.738570,1.048461,1.049914,1.043814,1.034679,1.043153,1.046993,1.045636,1.033292,1.047383,1.047952,1.046972,1.039452,1.045289,1.040716,1.038462,1.041229,1.042029,1.041943,1.047222,0.986594,1.041319,1.046530,1.040253,1.043608,1.042999,1.049724,1.043409,1.037596,1.030423,1.020408,1.016884,0.995180,0.988444,0.996615,1.034154,1.044499,1.013129,0.987799,1.037761
7.746900,1.048501,1.049986,1.043868,1.034720,1.043189,1.047029,1.045672,1.033325,1.047407,1.047988,1.047008,1.039489,1.045326,1.040754,1.038497,1.041262,1.042071,1.041990,1.047242,0.986612,1.041349,1.046556,1.040281,1.043641,1.043066,1.049775,1.043456,1.037641,1.030466,1.020521,1.016910,0.995211,0.988452,0.996632,1.034171,1.044526,1.013193,0.987837,1.037778
7.755230,1.048541,1.050059,1.043923,1.034761,1.043224,1.047064,1.045707,1.033358,1.047431,1.048023,1.047043,1.039525,1.045362,1.040793,1.038533,1.041296,1.042113,1.042037,1.047262,0.986630,1.041379,1.046581,1.040308,1.043674,1.043132,1.049826,1.043503,1.037686,1.030509,1.020634,1.016935,0.995241,0.988460,0.996649,1.034188,1.044553,1.013257,0.987874,1.037794
7.763560,1.048581,1.050131,1.043978,1.034802,1.043260,1.047099,1.045742,1.033391,1.047455,1.048059,1.047079,1.039561,1.045399,1.040831,1.038569,1.041331,1.042156,1.042084,1.047283,0.986649,1.041409,1.046607,1.040336,1.043708,1.043198,1.049877,1.043550,1.037732,1.030553,1.020747,1.016961,0.995272,0.988469,0.996667,1.034205,1.044581,1.013321,0.987912,1.037810
7.771890,1.048621,1.050203,1.044032,1.034843,1.043296,1.047134,1.045777,1.033424,1.047478,1.048095,1.047115,1.039597,1.045435,1.040869,1.038605,1.041365,1.042198,1.042131,1.047303,0.986668,1.041439,1.046633,1.040364,1.043741,1.043264,1.049928,1.043596,1.037777,1.030596,1.020860,1.016987,0.995303,0.988477,0.996685,1.034223,1.044608,1.013385,0.987949,1.037825
7.780220,1.048660,1.050274,1.044086,1.034884,1.043331,1.047169,1.045812,1.033457,1.047501,1.048131,1.047150,1.039633,1.045472,1.040907,1.038641,1.041399,1.042240,1.042177,1.047324,0.986686,1.041470,1.046659,1.040392,1.043775,1.043329,1.049979,1.043643,1.037823,1.030639,1.020972,1.017012,0.995333,0.988486,0.996703,1.034240,1.044635,1.013448,0.987987,1.037840
7.788550,1.048699,1.050346,1.044141,1.034925,1.043367,1.047204,1.045847,1.033490,1.047525,1.048166,1.047186,1.039669,1.045508,1.040946,1.038677,1.041434,1.042282,1.042224,1.047345,0.986706,1.041501,1.046685,1.040420,1.043808,1.043395,1.050030,1.043690,1.037868,1.030682,1.021083,1.017038,0.995364,0.988495,0.996722,1.034258,1.044663,1.013512,0.988024,1.037855
7.796880,1.048738,1.050417,1.044195,1.034966,1.043403,1.047239,1.045882,1.033523,1.047547,1.048202,1.047221,1.039705,1.045544,1.040983,1.038712,1.041468,1.042324,1.042271,1.047366,0.986725,1.041531,1.046711,1.040448,1.043842,1.043460,1.050081,1.043737,1.037913,1.030725,1.021194,1.017063,0.995394,0.988505,0.996741,1.034276,1.044691,1.013575,0.988062,1.037869
7.805210,1.048776,1.050488,1.044249,1.035007,1.043438,1.047274,1.045917,1.033555,1.047570,1.048237,1.047257,1.039741,1.045581,1.041021,1.038748,1.041503,1.042366,1.042318,1.047387,0.986745,1.041562,1.046737,1.040476,1.043876,1.043525,1.050131,1.043783,1.037958,1.030768,1.021305,1.017088,0.995424,0.988514,0.996760,1.034293,1.044719,1.013638,0.988099,1.037883
7.813540,1.048814,1.050558,1.044302,1.035047,1.043473,1.047309,1.045951,1.033587,1.047592,1.048273,1.047292,1.039777,1.045617,1.041059,1.038784,1.041537,1.042409,1.042364,1.047409,0.986765,1.041592,1.046764,1.040504,1.043909,1.043590,1.050182,1.043830,1.038003,1.030811,1.021415,1.017113,0.995454,0.988523,0.996779,1.034311,1.044747,1.013701,0.988136,1.037897
7.821870,1.048852,1.050629,1.044356,1.035088,1.043508,1.047343,1.045986,1.033619,1.047614,1.048308,1.047327,1.039812,1.045653,1.041097,1.038820,1.041572,1.042450,1.042411,1.047430,0.986784,1.041623,1.046790,1.040532,1.043943,1.043654,1.050232,1.043876,1.038048,1.030854,1.021525,1.017138,0.995484,0.988533,0.996798,1.034329,1.044774,1.013763,0.988174,1.037911
7.830200,1.048889,1.050698,1.044409,1.035128,1.043543,1.047378,1.046020,1.033651,1.047636,1.048343,1.047361,1.039848,1.045688,1.041134,1.038855,1.041606,1.042492,1.042457,1.047451,0.986804,1.041654,1.046816,1.040560,1.043977,1.043718,1.050282,1.043922,1.038092,1.030896,1.021634,1.017163,0.995514,0.988543,0.996818,1.034347,1.044802,1.013825,0.988210,1.037924
7.838530,1.048926,1.050768,1.044462,1.035168,1.043578,1.047412,1.046054,1.033683,1.047657,1.048378,1.047396,1.039883,1.045724,1.041172,1.038891,1.041640,1.042534,1.042503,1.047473,0.986824,1.041684,1.046843,1.040589,1.044010,1.043782,1.050331,1.043968,1.038137,1.030938,1.021743,1.017188,0.995544,0.988552,0.996838,1.034365,1.044830,1.013887,0.988247,1.037937
7.846860,1.048963,1.050837,1.044515,1.035208,1.043612,1.047446,1.046088,1.033715,1.047678,1.048412,1.047431,1.039918,1.045759,1.041209,1.038926,1.041674,1.042575,1.042549,1.047494,0.986845,1.041715,1.046869,1.040617,1.044044,1.043845,1.050381,1.044014,1.038181,1.030981,1.021851,1.017213,0.995574,0.988562,0.996857,1.034383,1.044858,1.013948,0.988284,1.037949
7.855190,1.048999,1.050906,1.044567,1.035248,1.043646,1.047479,1.046122,1.033746,1.047699,1.048447,1.047465,1.039953,1.045795,1.041246,1.038962,1.041708,1.042616,1.042594,1.047516,0.986865,1.041745,1.046895,1.040645,1.044077,1.043908,1.050430,1.044059,1.038225,1.031023,1.021959,1.017237,0.995603,0.988572,0.996877,1.034401,1.044886,1.014009,0.988321,1.037961
7.863520,1.049035,1.050974,1.044619,1.035287,1.043680,1.047513,1.046155,1.033777,1.047719,1.048481,1.047499,1.039987,1.045830,1.041283,1.038997,1.041742,1.042657,1.042640,1.047537,0.986885,1.041775,1.046921,1.040673,1.044110,1.043971,1.050479,1.044104,1.038269,1.031064,1.022066,1.017262,0.995632,0.988582,0.996897,1.034419,1.044914,1.014070,0.988357,1.037973
7.871850,1.049070,1.051042,1.044671,1.035326,1.043714,1.047546,1.046188,1.033808,1.047739,1.048515,1.047533,1.040022,1.045864,1.041320,1.039032,1.041776,1.042698,1.042685,1.047559,0.986905,1.041806,1.046948,1.040701,1.044143,1.044033,1.050528,1.044150,1.038312,1.031106,1.022172,1.017286,0.995661,0.988592,0.996917,1.034437,1.044942,1.014130,0.988393,1.037984
7.880180,1.049105,1.051110,1.044723,1.035365,1.043747,1.047579,1.046221,1.033838,1.047759,1.048549,1.047566,1.040056,1.045899,1.041356,1.039067,1.041810,1.042739,1.042729,1.047580,0.986926,1.041836,1.046973,1.040728,1.044176,1.044095,1.050576,1.044194,1.038355,1.031147,1.022278,1.017310,0.995690,0.988602,0.996937,1.034455,1.044969,1.014190,0.988429,1.037995
7.888510,1.049139,1.051176,1.044774,1.035404,1.043781,1.047612,1.046254,1.033868,1.047778,1.048582,1.047600,1.040090,1.045933,1.041392,1.039101,1.041843,1.042779,1.042774,1.047602,0.986946,1.041865,1.046999,1.040756,1.044209,1.044157,1.050624,1.044239,1.038398,1.031188,1.022383,1.017333,0.995718,0.988612,0.996958,1.034472,1.044997,1.014250,0.988464,1.038006
7.896840,1.049173,1.051243,1.044825,1.035442,1.043814,1.047644,1.046286,1.033898,1.047797,1.048616,1.047633,1.040123,1.045967,1.041428,1.039135,1.041876,1.042819,1.042818,1.047623,0.986966,1.041895,1.047025,1.040783,1.044242,1.044218,1.050672,1.044283,1.038441,1.031228,1.022487,1.017357,0.995746,0.988621,0.996978,1.034490,1.045024,1.014309,0.988499,1.038016
7.905170,1.049207,1.051309,1.044875,1.035480,1.043846,1.047676,1.046318,1.033928,1.047816,1.048648,1.047665,1.040156,1.046001,1.041463,1.039170,1.041909,1.042859,1.042862,1.047644,0.986986,1.041925,1.047050,1.040811,1.044274,1.044278,1.050720,1.044327,1.038483,1.031269,1.022591,1.017380,0.995774,0.988631,0.996998,1.034508,1.045051,1.014368,0.988534,1.038026
7.913500,1.049240,1.051374,1.044925,1.035518,1.043878,1.047708,1.046350,1.033957,1.047834,1.048681,1.047697,1.040189,1.046034,1.041498,1.039203,1.041942,1.042899,1.042906,1.047665,0.987006,1.041954,1.047076,1.040838,1.044306,1.044338,1.050767,1.044370,1.038525,1.031309,1.022694,1.017403,0.995802,0.988641,0.997018,1.034525,1.045078,1.014426,0.988569,1.038035
7.921830,1.049273,1.051440,1.044975,1.035555,1.043910,1.047740,1.046382,1.033986,1.047852,1.048713,1.047730,1.040222,1.046067,1.041533,1.039237,1.041974,1.042938,1.042949,1.047686,0.987026,1.041983,1.047101,1.040865,1.044338,1.044398,1.050813,1.044414,1.038567,1.031348,1.022796,1.017425,0.995829,0.988650,0.997038,1.034542,1.045105,1.014484,0.988604,1.038044
7.930160,1.049305,1.051504,1.045024,1.035592,1.043942,1.047771,1.046413,1.034015,1.047870,1.048745,1.047761,1.040254,1.046100,1.041568,1.039270,1.042007,1.042977,1.042992,1.047707,0.987046,1.042012,1.047126,1.040891,1.044370,1.044458,1.050860,1.044456,1.038609,1.031388,1.022898,1.017448,0.995856,0.988660,0.997058,1.034559,1.045132,1.014541,0.988638,1.038053
7.938490,1.049337,1.051568,1.045073,1.035629,1.043973,1.047802,1.046444,1.034043,1.047887,1.048777,1.047793,1.040286,1.046132,1.041602,1.039303,1.042039,1.043016,1.043035,1.047727,0.987066,1.042040,1.047150,1.040918,1.044401,1.044516,1.050906,1.044499,1.038650,1.031427,1.022999,1.017470,0.995883,0.988669,0.997078,1.034576,1.045158,1.014598,0.988672,1.038061
7.946820,1.049368,1.051632,1.045121,1.035665,1.044004,1.047832,1.046474,1.034071,1.047904,1.048808,1.047824,1.040318,1.046164,1.041636,1.039336,1.042070,1.043054,1.043077,1.047748,0.987086,1.042069,1.047175,1.040944,1.044432,1.044575,1.050951,1.044541,1.038690,1.031466,1.023099,1.017492,0.995909,0.988679,0.997098,1.034593,1.045185,1.014655,0.988705,1.038069
7.955150,1.049399,1.051695,1.045169,1.035701,1.044035,1.047862,1.046504,1.034098,1.047920,1.048839,1.047855,1.040349,1.046196,1.041670,1.039368,1.042102,1.043092,1.043118,1.047768,0.987105,1.042097,1.047199,1.040970,1.044463,1.044632,1.050996,1.044583,1.038730,1.031504,1.023199,1.017513,0.995935,0.988688,0.997118,1.034609,1.045211,1.014711,0.988738,1.038077
7.963480,1.049429,1.051757,1.045217,1.035737,1.044065,1.047892,1.046534,1.034125,1.047936,1.048870,1.047885,1.040380,1.046227,1.041703,1.039400,1.042133,1.043129,1.043160,1.047788,0.987125,1.042124,1.047223,1.040996,1.044493,1.044690,1.051041,1.044624,1.038770,1.031542,1.023298,1.017534,0.995961,0.988697,0.997138,1.034626,1.045236,1.014766,0.988771,1.038084
7.971810,1.049459,1.051819,1.045264,1.035772,1.044095,1.047921,1.046563,1.034152,1.047952,1.048900,1.047915,1.040410,1.046258,1.041735,1.039432,1.042163,1.043166,1.043201,1.047807,0.987144,1.042152,1.047247,1.041021,1.044523,1.044746,1.051085,1.044665,1.038810,1.031579,1.023396,1.017555,0.995986,0.988706,0.997157,1.034642,1.045262,1.014821,0.988803,1.038091
7.980140,1.049488,1.051880,1.045310,1.035806,1.044124,1.047950,1.046592,1.034178,1.047967,1.048929,1.047944,1.040440,1.046288,1.041768,1.039463,1.042193,1.043203,1.043241,1.047827,0.987163,1.042179,1.047270,1.041046,1.044553,1.044802,1.051129,1.044705,1.038848,1.031616,1.023493,1.017576,0.996011,0.988714,0.997177,1.034658,1.045287,1.014876,0.988835,1.038097
7.988470,1.049517,1.051940,1.045356,1.035840,1.044153,1.047979,1.046620,1.034204,1.047982,1.048958,1.047973,1.040470,1.046318,1.041799,1.039494,1.042223,1.043239,1.043281,1.047846,0.987182,1.042205,1.047293,1.041071,1.044583,1.044858,1.051172,1.044745,1.038887,1.031652,1.023589,1.017596,0.996036,0.988723,0.997196,1.034673,1.045312,1.014929,0.988866,1.038103
7.996800,1.049545,1.052000,1.045401,1.035874,1.044181,1.048006,1.046648,1.034229,1.047996,1.048987,1.048001,1.040499,1.046348,1.041831,1.039524,1.042253,1.043275,1.043320,1.047865,0.987200,1.042232,1.047315,1.041095,1.044611,1.044913,1.051215,1.044784,1.038925,1.031688,1.023684,1.017615,0.996060,0.988731,0.997215,1.034688,1.045336,1.014982,0.988897,1.038109
8.005130,1.049573,1.052059,1.045446,1.035907,1.044209,1.048034,1.046675,1.034254,1.048010,1.049015,1.048029,1.040527,1.046377,1.041862,1.039554,1.042282,1.043310,1.043359,1.047884,0.987219,1.042257,1.047337,1.041119,1.044640,1.044967,1.051257,1.044823,1.038962,1.031724,1.023779,1.017634,0.996083,0.988739,0.997234,1.034703,1.045361,1.015035,0.988928,1.038114
8.013460,1.049600,1.052117,1.045490,1.035940,1.044236,1.048061,1.046702,1.034278,1.048023,1.049043,1.048057,1.040555,1.046405,1.041892,1.039583,1.042310,1.043344,1.043397,1.047902,0.987237,1.042283,1.047359,1.041142,1.044668,1.045020,1.051298,1.044861,1.038999,1.031758,1.023872,1.017653,0.996107,0.988747,0.997253,1.034718,1.045384,1.015087,0.988958,1.038119
8.021790,1.049626,1.052175,1.045533,1.035972,1.044263,1.048087,1.046729,1.034302,1.048036,1.049070,1.048084,1.040583,1.046433,1.041922,1.039612,1.042338,1.043379,1.043435,1.047920,0.987254,1.042308,1.047381,1.041165,1.044696,1.045073,1.051339,1.044899,1.039035,1.031793,1.023965,1.017672,0.996129,0.988754,0.997271,1.034732,1.045408,1.015138,0.988987,1.038123
8.030120,1.049652,1.052232,1.045576,1.036003,1.044290,1.048113,1.046755,1.034326,1.048048,1.049097,1.048110,1.040610,1.046461,1.041951,1.039641,1.042366,1.043412,1.043472,1.047937,0.987272,1.042332,1.047402,1.041188,1.044723,1.045125,1.051379,1.044936,1.039071,1.031826,1.024057,1.017689,0.996151,0.988761,0.997289,1.034746,1.045431,1.015189,0.989016,1.038127
8.038450,1.049677,1.052288,1.045618,1.036034,1.044315,1.048139,1.046780,1.034348,1.048060,1.049123,1.048136,1.040636,1.046488,1.041980,1.039669,1.042393,1.043445,1.043509,1.047954,0.987289,1.042356,1.047422,1.041210,1.044749,1.045177,1.051419,1.044973,1.039106,1.031860,1.024148,1.017707,0.996173,0.988768,0.997307,1.034759,1.045453,1.015239,0.989045,1.038130
8.046780,1.049702,1.052343,1.045660,1.036065,1.044341,1.048164,1.046805,1.034371,1.048072,1.049149,1.048162,1.040662,1.046514,1.042008,1.039696,1.042419,1.043478,1.043545,1.047971,0.987306,1.042380,1.047442,1.041232,1.044775,1.045228,1.051458,1.045009,1.039140,1.031892,1.024238,1.017724,0.996194,0.988775,0.997325,1.034772,1.045475,1.015288,0.989073,1.038133
8.055110,1.049726,1.052398,1.045701,1.036095,1.044366,1.048188,1.046829,1.034393,1.048083,1.049174,1.048187,1.040688,1.046540,1.042035,1.039723,1.042446,1.043510,1.043580,1.047987,0.987322,1.042403,1.047462,1.041253,1.044801,1.045278,1.051496,1.045044,1.039174,1.031924,1.024327,1.017740,0.996215,0.988781,0.997342,1.034785,1.045497,1.015337,0.989100,1.038136
8.063440,1.049750,1.052452,1.045741,1.036124,1.044390,1.048212,1.046853,1.034414,1.048093,1.049198,1.048211,1.040713,1.046565,1.042062,1.039749,1.042471,1.043541,1.043615,1.048003,0.987338,1.042425,1.047481,1.041274,1.044826,1.045327,1.051534,1.045079,1.039207,1.031956,1.024415,1.017757,0.996235,0.988787,0.997359,1.034797,1.045518,1.015384,0.989127,1.038138
8.071770,1.049773,1.052505,1.045781,1.036153,1.044413,1.048235,1.046876,1.034434,1.048103,1.049222,1.048235,1.040737,1.046590,1.042089,1.039775,1.042496,1.043571,1.043649,1.048019,0.987354,1.042447,1.047499,1.041294,1.044851,1.045376,1.051571,1.045113,1.039240,1.031987,1.024501,1.017772,0.996255,0.988792,0.997376,1.034809,1.045538,1.015432,0.989153,1.038140
8.080100,1.049795,1.052557,1.045820,1.036181,1.044436,1.048257,1.046899,1.034455,1.048113,1.049246,1.048258,1.040761,1.046614,1.042115,1.039800,1.042520,1.043602,1.043682,1.048034,0.987369,1.042469,1.047517,1.041314,1.044875,1.045424,1.051608,1.045146,1.039272,1.032017,1.024587,1.017787,0.996274,0.988798,0.997392,1.034820,1.045559,1.015478,0.989178,1.038142
8.088430,1.049817,1.052609,1.045858,1.036208,1.044459,1.048279,1.046920,1.034474,1.048122,1.049268,1.048280,1.040784,1.046637,1.042140,1.039824,1.042544,1.043631,1.043715,1.048048,0.987384,1.042489,1.047535,1.041333,1.044898,1.045471,1.051644,1.045179,1.039303,1.032046,1.024672,1.017802,0.996293,0.988802,0.997408,1.034831,1.045578,1.015524,0.989203,1.038143
8.096760,1.049838,1.052659,1.045895,1.036235,1.044481,1.048301,1.046942,1.034493,1.048130,1.049290,1.048302,1.040806,1.046660,1.042165,1.039848,1.042567,1.043660,1.043747,1.048062,0.987399,1.042510,1.047552,1.041352,1.044921,1.045517,1.051679,1.045211,1.039334,1.032075,1.024756,1.017816,0.996310,0.988807,0.997423,1.034842,1.045597,1.015569,0.989228,1.038143
8.105090,1.049859,1.052709,1.045932,1.036261,1.044502,1.048322,1.046963,1.034512,1.048138,1.049312,1.048323,1.040828,1.046682,1.042189,1.039872,1.042590,1.043688,1.043779,1.048076,0.987413,1.042529,1.047569,1.041370,1.044943,1.045563,1.051713,1.045243,1.039364,1.032103,1.024839,1.017829,0.996328,0.988811,0.997439,1.034852,1.045616,1.015613,0.989251,1.038143
8.113420,1.049879,1.052758,1.045968,1.036287,1.044522,1.048342,1.046983,1.034529,1.048146,1.049333,1.048344,1.040849,1.046704,1.042212,1.039894,1.042612,1.043715,1.043810,1.048089,0.987427,1.042549,1.047584,1.041387,1.044965,1.045608,1.051747,1.045273,1.039393,1.032131,1.024921,1.017842,0.996345,0.988814,0.997453,1.034861,1.045634,1.015657,0.989274,1.038143
8.121750,1.049898,1.052806,1.046004,1.036311,1.044542,1.048361,1.047002,1.034547,1.048153,1.049353,1.048364,1.040870,1.046725,1.042235,1.039916,1.042633,1.043742,1.043840,1.048102,0.987440,1.042567,1.047600,1.041404,1.044986,1.045652,1.051780,1.045303,1.039422,1.032158,1.025002,1.017855,0.996361,0.988818,0.997468,1.034871,1.045652,1.015700,0.989297,1.038142
8.130080,1.049917,1.052854,1.046038,1.036336,1.044562,1.048380,1.047021,1.034563,1.048159,1.049373,1.048384,1.040889,1.046745,1.042257,1.039938,1.042654,1.043768,1.043869,1.048114,0.987453,1.042585,1.047615,1.041421,1.045006,1.045695,1.051812,1.045333,1.039450,1.032184,1.025082,1.017866,0.996377,0.988821,0.997482,1.034879,1.045669,1.015742,0.989319,1.038141
8.138410,1.049935,1.052900,1.046072,1.036359,1.044580,1.048399,1.047040,1.034579,1.048166,1.049392,1.048402,1.040909,1.046765,1.042278,1.039958,1.042674,1.043794,1.043898,1.048125,0.987465,1.042602,1.047629,1.041436,1.045026,1.045738,1.051843,1.045361,1.039477,1.032209,1.025161,1.017878,0.996392,0.988823,0.997495,1.034887,1.045685,1.015783,0.989340,1.038140
8.146740,1.049953,1.052946,1.046105,1.036382,1.044598,1.048416,1.047057,1.034595,1.048171,1.049410,1.048420,1.040927,1.046784,1.042299,1.039978,1.042694,1.043818,1.043926,1.048136,0.987477,1.042619,1.047642,1.041452,1.045045,1.045779,1.051874,1.045389,1.039504,1.032234,1.025238,1.017888,0.996406,0.988825,0.997508,1.034895,1.045701,1.015823,0.989360,1.038138
8.155070,1.049970,1.052991,1.046137,1.036404,1.044616,1.048433,1.047074,1.034610,1.048176,1.049427,1.048438,1.040945,1.046802,1.042319,1.039998,1.042712,1.043842,1.043953,1.048147,0.987488,1.042635,1.047655,1.041466,1.045063,1.045820,1.051904,1.045416,1.039529,1.032258,1.025315,1.017899,0.996420,0.988826,0.997521,1.034902,1.045716,1.015863,0.989380,1.038136
8.163400,1.049986,1.053035,1.046169,1.036426,1.044633,1.048450,1.047091,1.034624,1.048181,1.049444,1.048455,1.040963,1.046820,1.042338,1.040017,1.042730,1.043866,1.043979,1.048157,0.987499,1.042650,1.047668,1.041480,1.045081,1.045860,1.051933,1.045443,1.039555,1.032281,1.025391,1.017908,0.996433,0.988827,0.997533,1.034908,1.045731,1.015902,0.989399,1.038133
8.171730,1.050002,1.053078,1.046200,1.036446,1.044649,1.048465,1.047106,1.034637,1.048185,1.049461,1.048471,1.040979,1.046837,1.042357,1.040035,1.042748,1.043888,1.044005,1.048166,0.987509,1.042665,1.047680,1.041493,1.045098,1.045899,1.051962,1.045469,1.039579,1.032304,1.025465,1.017917,0.996446,0.988828,0.997545,1.034914,1.045745,1.015940,0.989418,1.038130
8.180060,1.050017,1.053120,1.046229,1.036466,1.044664,1.048480,1.047121,1.034650,1.048188,1.049476,1.048486,1.040995,1.046853,1.042375,1.040052,1.042765,1.043910,1.044030,1.048175,0.987519,1.042679,1.047691,1.041506,1.045114,1.045938,1.051989,1.045494,1.039602,1.032325,1.025538,1.017926,0.996458,0.988828,0.997556,1.034919,1.045758,1.015977,0.989435,1.038127
8.188390,1.050031,1.053162,1.046259,1.036486,1.044679,1.048495,1.047136,1.034663,1.048192,1.049491,1.048501,1.041010,1.046869,1.042392,1.040069,1.042781,1.043931,1.044054,1.048183,0.987528,1.042693,1.047701,1.041518,1.045130,1.045975,1.052016,1.045518,1.039625,1.032346,1.025611,1.017934,0.996469,0.988828,0.997567,1.034924,1.045771,1.016014,0.989452,1.038123
8.196720,1.050045,1.053202,1.046287,1.036504,1.044693,1.048508,1.047149,1.034674,1.048194,1.049506,1.048515,1.041025,1.046883,1.042408,1.040085,1.042796,1.043952,1.044078,1.048190,0.987537,1.042705,1.047711,1.041529,1.045145,1.046012,1.052042,1.045541,1.039647,1.032367,1.025682,1.017941,0.996480,0.988827,0.997577,1.034928,1.045783,1.016049,0.989469,1.038119
8.205050,1.050059,1.053242,1.046315,1.036522,1.044707,1.048521,1.047162,1.034685,1.048196,1.049519,1.048529,1.041039,1.046898,1.042424,1.040100,1.042811,1.043971,1.044100,1.048197,0.987545,1.042717,1.047720,1.041540,1.045159,1.046048,1.052068,1.045564,1.039668,1.032386,1.025752,1.017947,0.996490,0.988826,0.997587,1.034932,1.045795,1.016084,0.989484,1.038115
8.213380,1.050071,1.053281,1.046341,1.036540,1.044719,1.048534,1.047175,1.034696,1.048198,1.049532,1.048541,1.041052,1.046911,1.042439,1.040114,1.042825,1.043990,1.044122,1.048204,0.987553,1.042729,1.047729,1.041550,1.045173,1.046083,1.052092,1.045586,1.039689,1.032405,1.025821,1.017954,0.996499,0.988824,0.997596,1.034935,1.045805,1.016118,0.989499,1.038110
8.221710,1.050083,1.053318,1.046367,1.036556,1.044731,1.048545,1.047186,1.034706,1.048199,1.049544,1.048553,1.041064,1.046924,1.042454,1.040128,1.042838,1.044008,1.044143,1.048209,0.987560,1.042739,1.047737,1.041559,1.045186,1.046117,1.052116,1.045607,1.039709,1.032423,1.025889,1.017959,0.996508,0.988821,0.997605,1.034937,1.045816,1.016152,0.989513,1.038105
8.230040,1.050095,1.053355,1.046392,1.036572,1.044743,1.048556,1.047197,1.034715,1.048200,1.049556,1.048565,1.041076,1.046936,1.042467,1.040141,1.042850,1.044026,1.044164,1.048214,0.987566,1.042749,1.047744,1.041568,1.045198,1.046151,1.052139,1.045627,1.039728,1.032440,1.025956,1.017964,0.996516,0.988819,0.997613,1.034939,1.045825,1.016184,0.989527,1.038099
8.238370,1.050106,1.053392,1.046417,1.036587,1.044753,1.048567,1.047207,1.034723,1.048200,1.049566,1.048575,1.041087,1.046948,1.042480,1.040153,1.042862,1.044042,1.044183,1.048219,0.987572,1.042759,1.047750,1.041576,1.045210,1.046183,1.052161,1.045647,1.039746,1.032457,1.026022,1.017968,0.996524,0.988815,0.997621,1.034941,1.045834,1.016216,0.989540,1.038093
8.246700,1.050116,1.053427,1.046440,1.036601,1.044763,1.048576,1.047217,1.034731,1.048199,1.049576,1.048585,1.041097,1.046958,1.042493,1.040165,1.042873,1.044058,1.044202,1.048223,0.987578,1.042767,1.047756,1.041583,1.045221,1.046215,1.052182,1.045666,1.039763,1.032473,1.026087,1.017972,0.996531,0.988811,0.997628,1.034941,1.045843,1.016247,0.989552,1.038087
8.255030,1.050126,1.053461,1.046463,1.036615,1.044773,1.048585,1.047226,1.034738,1.048199,1.049586,1.048594,1.041107,1.046968,1.042504,1.040176,1.042884,1.044073,1.044220,1.048226,0.987583,1.042775,1.047762,1.041590,1.045231,1.046246,1.052203,1.045684,1.039780,1.032488,1.026151,1.017975,0.996537,0.988807,0.997635,1.034941,1.045850,1.016277,0.989563,1.038081
8.263360,1.050135,1.053494,1.046485,1.036628,1.044781,1.048594,1.047234,1.034745,1.048197,1.049594,1.048603,1.041116,1.046977,1.042515,1.040186,1.042893,1.044088,1.044237,1.048229,0.987587,1.042782,1.047766,1.041596,1.045240,1.046276,1.052222,1.045701,1.039795,1.032502,1.026213,1.017977,0.996542,0.988802,0.997641,1.034941,1.045857,1.016306,0.989574,1.038074
8.271690,1.050143,1.053527,1.046506,1.036640,1.044789,1.048601,1.047242,1.034751,1.048196,1.049602,1.048611,1.041124,1.046986,1.042525,1.040195,1.042902,1.044101,1.044254,1.048231,0.987591,1.042789,1.047770,1.041601,1.045248,1.046305,1.052241,1.045717,1.039810,1.032515,1.026275,1.017979,0.996547,0.988797,0.997646,1.034940,1.045863,1.016334,0.989583,1.038066
8.280020,1.050151,1.053559,1.046526,1.036651,1.044797,1.048608,1.047249,1.034756,1.048193,1.049610,1.048618,1.041132,1.046994,1.042534,1.040204,1.042910,1.044114,1.044269,1.048232,0.987594,1.042794,1.047773,1.041605,1.045256,1.046333,1.052259,1.045733,1.039825,1.032528,1.026335,1.017981,0.996552,0.988791,0.997651,1.034938,1.045869,1.016362,0.989592,1.038059
8.288350,1.050159,1.053589,1.046546,1.036662,1.044803,1.048614,1.047255,1.034761,1.048191,1.049616,1.048624,1.041139,1.047001,1.042543,1.040212,1.042918,1.044126,1.044284,1.048233,0.987596,1.042799,1.047776,1.041609,1.045263,1.046361,1.052277,1.045748,1.039838,1.032540,1.026394,1.017981,0.996555,0.988784,0.997656,1.034936,1.045874,1.016389,0.989601,1.038051
8.296680,1.050166,1.053619,1.046565,1.036672,1.044809,1.048620,1.047260,1.034765,1.048188,1.049622,1.048630,1.041145,1.047007,1.042551,1.040219,1.042924,1.044137,1.044298,1.048233,0.987598,1.042804,1.047777,1.041612,1.045270,1.046387,1.052293,1.045762,1.039851,1.032551,1.026452,1.017981,0.996558,0.988777,0.997659,1.034933,1.045878,1.016414,0.989608,1.038043
8.305010,1.050172,1.053648,1.046582,1.036681,1.044814,1.048624,1.047265,1.034769,1.048184,1.049627,1.048635,1.041150,1.047013,1.042558,1.040226,1.042930,1.044148,1.044312,1.048232,0.987600,1.042807,1.047778,1.041615,1.045275,1.046413,1.052309,1.045775,1.039863,1.032561,1.026510,1.017981,0.996560,0.988770,0.997663,1.034929,1.045882,1.016439,0.989615,1.038034
8.313340,1.050177,1.053676,1.046599,1.036689,1.044819,1.048629,1.047269,1.034771,1.048180,1.049632,1.048640,1.041155,1.047018,1.042564,1.040231,1.042936,1.044157,1.044324,1.048231,0.987600,1.042810,1.047779,1.041616,1.045280,1.046438,1.052324,1.045787,1.039874,1.032570,1.026566,1.017980,0.996562,0.988762,0.997666,1.034925,1.045885,1.016464,0.989621,1.038025
8.321670,1.050183,1.053704,1.046616,1.036697,1.044823,1.048632,1.047273,1.034774,1.048176,1.049635,1.048643,1.041159,1.047022,1.042570,1.040236,1.042940,1.044166,1.044336,1.048229,0.987601,1.042812,1.047778,1.041618,1.045285,1.046462,1.052338,1.045799,1.039884,1.032579,1.026621,1.017978,0.996563,0.988753,0.997668,1.034920,1.045887,1.016487,0.989627,1.038016
8.330000,1.050187,1.053730,1.046631,1.036704,1.044826,1.048635,1.047275,1.034775,1.048171,1.049638,1.048646,1.041162,1.047026,1.042575,1.040240,1.042944,1.044175,1.044347,1.048226,0.987600,1.042814,1.047777,1.041618,1.045288,1.046486,1.052351,1.045810,1.039893,1.032587,1.026674,1.017976,0.996563,0.988744,0.997669,1.034915,1.045889,1.016510,0.989631,1.038007
8.338330,1.050191,1.053755,1.046646,1.036711,1.044829,1.048637,1.047278,1.034776,1.048165,1.049641,1.048648,1.041165,1.047029,1.042579,1.040244,1.042947,1.044182,1.044357,1.048223,0.987599,1.042814,1.047776,1.041617,1.045291,1.046508,1.052364,1.045820,1.039902,1.032594,1.026727,1.017973,0.996563,0.988734,0.997671,1.034909,1.045890,1.016532,0.989635,1.037997
8.346660,1.050195,1.053780,1.046660,1.036716,1.044830,1.048638,1.047279,1.034776,1.048160,1.049642,1.048650,1.041166,1.047031,1.042583,1.040247,1.042949,1.044189,1.044366,1.048219,0.987598,1.042814,1.047773,1.041616,1.045293,1.046530,1.052375,1.045829,1.039910,1.032600,1.026779,1.017969,0.996562,0.988724,0.997671,1.034902,1.045890,1.016553,0.989638,1.037987
8.354990,1.050198,1.053804,1.046673,1.036721,1.044832,1.048639,1.047280,1.034776,1.048153,1.049643,1.048651,1.041168,1.047033,1.042585,1.040249,1.042951,1.044194,1.044375,1.048215,0.987595,1.042814,1.047770,1.041615,1.045294,1.046550,1.052386,1.045838,1.039917,1.032606,1.026830,1.017965,0.996561,0.988713,0.997671,1.034895,1.045890,1.016573,0.989641,1.037977
8.363320,1.050200,1.053827,1.046685,1.036725,1.044832,1.048639,1.047280,1.034775,1.048147,1.049644,1.048651,1.041168,1.047033,1.042587,1.040250,1.042952,1.044200,1.044383,1.048210,0.987593,1.042812,1.047767,1.041612,1.045295,1.046570,1.052396,1.045846,1.039923,1.032611,1.026879,1.017961,0.996559,0.988702,0.997671,1.034887,1.045889,1.016592,0.989643,1.037967
8.371650,1.050202,1.053849,1.046696,1.036729,1.044832,1.048639,1.047279,1.034774,1.048140,1.049643,1.048651,1.041168,1.047033,1.042589,1.040251,1.042952,1.044204,1.044390,1.048204,0.987589,1.042810,1.047762,1.041609,1.045294,1.046589,1.052405,1.045853,1.039929,1.032615,1.026928,1.017955,0.996556,0.988690,0.997669,1.034878,1.045887,1.016611,0.989644,1.037956
8.379980,1.050203,1.053870,1.046707,1.036731,1.044831,1.048638,1.047278,1.034772,1.048132,1.049642,1.048650,1.041167,1.047033,1.042589,1.040250,1.042951,1.044207,1.044396,1.048198,0.987585,1.042807,1.047757,1.041605,1.045293,1.046608,1.052414,1.045859,1.039934,1.032618,1.026975,1.017950,0.996552,0.988678,0.997668,1.034869,1.045885,1.016629,0.989644,1.037945
8.388310,1.050204,1.053890,1.046717,1.036733,1.044830,1.048636,1.047276,1.034769,1.048125,1.049640,1.048648,1.041166,1.047032,1.042589,1.040250,1.042950,1.044210,1.044402,1.048191,0.987581,1.042804,1.047751,1.041601,1.045292,1.046625,1.052422,1.045864,1.039938,1.032621,1.027022,1.017943,0.996548,0.988665,0.997665,1.034860,1.045882,1.016646,0.989643,1.037934
8.396640,1.050205,1.053910,1.046726,1.036735,1.044828,1.048633,1.047274,1.034766,1.048117,1.049638,1.048645,1.041164,1.047030,1.042589,1.040248,1.042948,1.044212,1.044406,1.048183,0.987576,1.042799,1.047745,1.041596,1.045289,1.046642,1.052429,1.045869,1.039941,1.032623,1.027067,1.017936,0.996544,0.988651,0.997663,1.034849,1.045878,1.016662,0.989642,1.037923
8.404970,1.050205,1.053928,1.046735,1.036735,1.044825,1.048630,1.047271,1.034762,1.048108,1.049635,1.048642,1.041161,1.047027,1.042587,1.040246,1.042945,1.044214,1.044410,1.048175,0.987570,1.042795,1.047738,1.041590,1.045286,1.046658,1.052435,1.045873,1.039943,1.032624,1.027111,1.017929,0.996538,0.988637,0.997659,1.034838,1.045874,1.016678,0.989640,1.037911
8.413300,1.050204,1.053946,1.046742,1.036735,1.044822,1.048626,1.047267,1.034758,1.048099,1.049631,1.048639,1.041157,1.047024,1.042585,1.040243,1.042941,1.044214,1.044414,1.048166,0.987564,1.042789,1.047730,1.041583,1.045283,1.046673,1.052440,1.045876,1.039945,1.032624,1.027155,1.017921,0.996533,0.988623,0.997655,1.034827,1.045869,1.016692,0.989638,1.037899
8.421630,1.050203,1.053963,1.046749,1.036735,1.044818,1.048622,1.047263,1.034753,1.048090,1.049627,1.048634,1.041153,1.047020,1.042582,1.040239,1.042937,1.044214,1.044416,1.048156,0.987557,1.042783,1.047722,1.041576,1.045278,1.046687,1.052445,1.045879,1.039946,1.032623,1.027197,1.017913,0.996526,0.988608,0.997651,1.034815,1.045864,1.016706,0.989634,1.037887
8.429960,1.050201,1.053979,1.046755,1.036733,1.044813,1.048617,1.047258,1.034747,1.048080,1.049622,1.048629,1.041148,1.047015,1.042579,1.040235,1.042932,1.044214,1.044418,1.048146,0.987549,1.042776,1.047713,1.041568,1.045273,1.046701,1.052449,1.045880,1.039946,1.032622,1.027239,1.017904,0.996519,0.988592,0.997646,1.034802,1.045857,1.016719,0.989630,1.037875
8.438290,1.050199,1.053995,1.046760,1.036731,1.044808,1.048611,1.047252,1.034741,1.048070,1.049616,1.048624,1.041143,1.047010,1.042575,1.040229,1.042927,1.044212,1.044419,1.048136,0.987541,1.042768,1.047703,1.041560,1.045267,1.046714,1.052452,1.045881,1.039946,1.032620,1.027279,1.017894,0.996512,0.988576,0.997641,1.034789,1.045851,1.016732,0.989626,1.037862
8.446620,1.050197,1.054009,1.046765,1.036729,1.044802,1.048605,1.047246,1.034735,1.048060,1.049610,1.048618,1.041137,1.047004,1.042570,1.040224,1.042921,1.044210,1.044419,1.048124,0.987533,1.042760,1.047693,1.041551,1.045261,1.046726,1.052454,1.045882,1.039945,1.032618,1.027318,1.017884,0.996503,0.988560,0.997635,1.034775,1.045843,1.016744,0.989620,1.037850
8.454950,1.050194,1.054023,1.046769,1.036725,1.044796,1.048598,1.047239,1.034727,1.048049,1.049603,1.048611,1.041130,1.046998,1.042565,1.040217,1.042914,1.044207,1.044419,1.048112,0.987524,1.042751,1.047682,1.041541,1.045254,1.046737,1.052456,1.045881,1.039943,1.032614,1.027357,1.017873,0.996495,0.988543,0.997628,1.034761,1.045835,1.016754,0.989614,1.037837
8.463280,1.050191,1.054036,1.046772,1.036721,1.044789,1.048591,1.047232,1.034720,1.048038,1.049596,1.048603,1.041123,1.046991,1.042559,1.040210,1.042906,1.044203,1.044418,1.048100,0.987514,1.042741,1.047670,1.041530,1.045246,1.046748,1.052457,1.045880,1.039940,1.032610,1.027394,1.017862,0.996486,0.988526,0.997621,1.034746,1.045827,1.016765,0.989608,1.037824
8.471610,1.050187,1.054048,1.046775,1.036717,1.044781,1.048583,1.047224,1.034712,1.048027,1.049588,1.048595,1.041115,1.046983,1.042552,1.040202,1.042898,1.044199,1.044416,1.048087,0.987504,1.042731,1.047658,1.041519,1.045237,1.046757,1.052457,1.045878,1.039936,1.032605,1.027430,1.017851,0.996476,0.988508,0.997613,1.034730,1.045818,1.016774,0.989600,1.037811
8.479940,1.050183,1.054060,1.046776,1.036712,1.044773,1.048575,1.047215,1.034703,1.048015,1.049579,1.048587,1.041107,1.046975,1.042545,1.040194,1.042889,1.044194,1.044414,1.048073,0.987493,1.042720,1.047645,1.041508,1.045228,1.046766,1.052457,1.045876,1.039932,1.032600,1.027466,1.017839,0.996465,0.988489,0.997605,1.034714,1.045808,1.016783,0.989592,1.037797
8.488270,1.050178,1.054071,1.046778,1.036706,1.044765,1.048566,1.047206,1.034694,1.048003,1.049570,1.048578,1.041098,1.046966,1.042537,1.040185,1.042880,1.044188,1.044411,1.048059,0.987482,1.042709,1.047632,1.041495,1.045218,1.046775,1.052455,1.045872,1.039928,1.032594,1.027500,1.017826,0.996454,0.988470,0.997597,1.034697,1.045797,1.016791,0.989583,1.037784
8.496600,1.050173,1.054081,1.046778,1.036699,1.044756,1.048556,1.047197,1.034684,1.047991,1.049560,1.048568,1.041088,1.046957,1.042529,1.040175,1.042870,1.044182,1.044407,1.048044,0.987470,1.042696,1.047618,1.041483,1.045208,1.046782,1.052454,1.045869,1.039922,1.032587,1.027534,1.017813,0.996443,0.988451,0.997588,1.034680,1.045787,1.016798,0.989574,1.037770
8.504930,1.050168,1.054090,1.046778,1.036692,1.044746,1.048546,1.047186,1.034674,1.047978,1.049549,1.048558,1.041078,1.046947,1.042519,1.040165,1.042859,1.044175,1.044403,1.048028,0.987458,1.042684,1.047603,1.041469,1.045197,1.046789,1.052451,1.045864,1.039916,1.032579,1.027567,1.017800,0.996431,0.988431,0.997578,1.034662,1.045775,1.016805,0.989564,1.037757
8.513260,1.050162,1.054099,1.046777,1.036685,1.044736,1.048535,1.047176,1.034663,1.047965,1.049539,1.048547,1.041067,1.046936,1.042510,1.040154,1.042848,1.044168,1.044398,1.048012,0.987445,1.042670,1.047588,1.041455,1.045185,1.046795,1.052448,1.045859,1.039909,1.032571,1.027598,1.017786,0.996419,0.988411,0.997568,1.034644,1.045763,1.016811,0.989554,1.037743
8.521590,1.050156,1.054106,1.046775,1.036676,1.044725,1.048524,1.047165,1.034652,1.047952,1.049527,1.048535,1.041056,1.046925,1.042500,1.040143,1.042836,1.044159,1.044392,1.047996,0.987432,1.042656,1.047572,1.041441,1.045173,1.046801,1.052444,1.045853,1.039902,1.032562,1.027629,1.017772,0.996406,0.988390,0.997557,1.034626,1.045751,1.016816,0.989542,1.037729
8.529920,1.050149,1.054114,1.046773,1.036668,1.044714,1.048512,1.047153,1.034641,1.047939,1.049515,1.048523,1.041044,1.046913,1.042489,1.040131,1.042823,1.044151,1.044385,1.047979,0.987418,1.042642,1.047556,1.041425,1.045160,1.046806,1.052439,1.045846,1.039893,1.032553,1.027659,1.017757,0.996392,0.988369,0.997547,1.034606,1.045738,1.016821,0.989531,1.037715
8.538250,1.050143,1.054120,1.046770,1.036658,1.044702,1.048500,1.047141,1.034629,1.047925,1.049503,1.048511,1.041032,1.046901,1.042477,1.040118,1.042810,1.044141,1.044379,1.047961,0.987404,1.042627,1.047539,1.041410,1.045147,1.046810,1.052434,1.045839,1.039885,1.032543,1.027688,1.017742,0.996379,0.988347,0.997535,1.034587,1.045724,1.016825,0.989518,1.037700
8.546580,1.050135,1.054126,1.046767,1.036649,1.044689,1.048487,1.047128,1.034616,1.047911,1.049490,1.048498,1.041019,1.046889,1.042465,1.040105,1.042796,1.044131,1.044371,1.047943,0.987389,1.042611,1.047522,1.041393,1.045133,1.046814,1.052428,1.045831,1.039875,1.032532,1.027716,1.017726,0.996364,0.988325,0.997523,1.034566,1.045710,1.016828,0.989505,1.037686
8.554910,1.050128,1.054131,1.046763,1.036638,1.044677,1.048474,1.047115,1.034603,1.047897,1.049476,1.048485,1.041006,1.046875,1.042453,1.040091,1.042782,1.044121,1.044363,1.047925,0.987374,1.042595,1.047504,1.041377,1.045118,1.046816,1.052422,1.045823,1.039865,1.032521,1.027744,1.017710,0.996349,0.988303,0.997511,1.034546,1.045696,1.016831,0.989492,1.037672
8.563240,1.050120,1.054135,1.046758,1.036627,1.044663,1.048460,1.047101,1.034590,1.047883,1.049462,1.048471,1.040992,1.046862,1.042440,1.040077,1.042767,1.044109,1.044354,1.047906,0.987359,1.042578,1.047485,1.041359,1.045103,1.046819,1.052415,1.045814,1.039855,1.032509,1.027770,1.017694,0.996334,0.988280,0.997498,1.034524,1.045681,1.016833,0.989477,1.037657
8.571570,1.050112,1.054139,1.046753,1.036616,1.044650,1.048446,1.047087,1.034576,1.047868,1.049447,1.048456,1.040978,1.046847,1.042427,1.040062,1.042752,1.044098,1.044345,1.047886,0.987343,1.042561,1.047466,1.041342,1.045088,1.046820,1.052407,1.045805,1.039843,1.032496,1.027796,1.017677,0.996319,0.988256,0.997485,1.034503,1.045665,1.016835,0.989463,1.037643
8.579900,1.050103,1.054142,1.046747,1.036604,1.044636,1.048432,1.047073,1.034562,1.047854,1.049432,1.048442,1.040963,1.046833,1.042413,1.040046,1.042736,1.044085,1.044335,1.047866,0.987326,1.042543,1.047447,1.041323,1.045071,1.046821,1.052399,1.045794,1.039831,1.032483,1.027821,1.017660,0.996303,0.988233,0.997472,1.034481,1.045649,1.016836,0.989447,1.037628
8.588230,1.050094,1.054145,1.046741,1.036592,1.044621,1.048417,1.047058,1.034548,1.047839,1.049417,1.048426,1.040947,1.046818,1.042398,1.040031,1.042719,1.044072,1.044324,1.047846,0.987309,1.042525,1.047427,1.041304,1.045055,1.046822,1.052390,1.045784,1.039819,1.032469,1.027845,1.017643,0.996286,0.988209,0.997458,1.034458,1.045633,1.016836,0.989432,1.037613
8.596560,1.050085,1.054147,1.046734,1.036579,1.044606,1.048401,1.047042,1.034533,1.047824,1.049401,1.048411,1.040932,1.046802,1.042383,1.040014,1.042702,1.044059,1.044313,1.047825,0.987292,1.042506,1.047407,1.041285,1.045037,1.046822,1.052381,1.045773,1.039806,1.032455,1.027868,1.017625,0.996269,0.988184,0.997443,1.034435,1.045616,1.016836,0.989415,1.037599
8.604890,1.050076,1.054148,1.046726,1.036565,1.044591,1.048386,1.047026,1.034518,1.047808,1.049385,1.048394,1.040916,1.046786,1.042368,1.039997,1.042685,1.044045,1.044302,1.047804,0.987274,1.042487,1.047386,1.041265,1.045020,1.046821,1.052371,1.045761,1.039793,1.032440,1.027890,1.017607,0.996252,0.988159,0.997429,1.034412,1.045599,1.016835,0.989398,1.037584
8.613220,1.050066,1.054149,1.046718,1.036551,1.044575,1.048369,1.047010,1.034502,1.047793,1.049368,1.048378,1.040899,1.046770,1.042352,1.039980,1.042667,1.044031,1.044290,1.047782,0.987256,1.042467,1.047365,1.041245,1.045001,1.046820,1.052360,1.045749,1.039779,1.032425,1.027912,1.017588,0.996234,0.988134,0.997413,1.034388,1.045581,1.016833,0.989381,1.037569
8.621550,1.050056,1.054149,1.046710,1.036537,1.044559,1.048353,1.046994,1.034486,1.047777,1.049351,1.048361,1.040882,1.046753,1.042336,1.039962,1.042649,1.044016,1.044277,1.047760,0.987238,1.042447,1.047343,1.041225,1.044983,1.046818,1.052349,1.045736,1.039764,1.032409,1.027933,1.017570,0.996216,0.988109,0.997398,1.034364,1.045563,1.016832,0.989363,1.037554
8.629880,1.050046,1.054149,1.046701,1.036523,1.044542,1.048336,1.046977,1.034470,1.047761,1.049334,1.048344,1.040865,1.046735,1.042319,1.039944,1.042630,1.044000,1.044264,1.047737,0.987219,1.042426,1.047321,1.041204,1.044964,1.046815,1.052338,1.045723,1.039749,1.032393,1.027953,1.017550,0.996198,0.988083,0.997382,1.034339,1.045544,1.016829,0.989345,1.037540
8.638210,1.050036,1.054148,1.046691,1.036507,1.044525,1.048318,1.046959,1.034453,1.047745,1.049316,1.048326,1.040847,1.046718,1.042302,1.039925,1.042611,1.043984,1.044251,1.047714,0.987199,1.042405,1.047298,1.041182,1.044944,1.046813,1.052326,1.045709,1.039733,1.032376,1.027973,1.017531,0.996179,0.988057,0.997366,1.034314,1.045526,1.016826,0.989326,1.037525
8.646540,1.050025,1.054146,1.046681,1.036492,1.044508,1.048301,1.046942,1.034436,1.047729,1.049297,1.048308,1.040829,1.046700,1.042284,1.039906,1.042591,1.043968,1.044237,1.047691,0.987180,1.042384,1.047275,1.041160,1.044924,1.046809,1.052313,1.045694,1.039717,1.032359,1.027992,1.017512,0.996160,0.988030,0.997350,1.034289,1.045506,1.016823,0.989307,1.037510
8.654870,1.050015,1.054145,1.046671,1.036476,1.044490,1.048283,1.046924,1.034419,1.047713,1.049279,1.048289,1.040810,1.046681,1.042267,1.039886,1.042571,1.043951,1.044223,1.047667,0.987160,1.042362,1.047252,1.041138,1.044904,1.046805,1.052300,1.045680,1.039701,1.032341,1.028010,1.017492,0.996141,0.988004,0.997333,1.034263,1.045487,1.016819,0.989287,1.037495
8.663200,1.050004,1.054142,1.046660,1.036460,1.044472,1.048264,1.046905,1.034402,1.047697,1.049260,1.048271,1.040792,1.046662,1.042248,1.039866,1.042550,1.043934,1.044208,1.047643,0.987140,1.042340,1.047228,1.041115,1.044883,1.046801,1.052287,1.045665,1.039683,1.032323,1.028027,1.017471,0.996121,0.987977,0.997316,1.034237,1.045467,1.016814,0.989267,1.037480
8.671530,1.049992,1.054139,1.046649,1.036443,1.044454,1.048245,1.046887,1.034384,1.047680,1.049240,1.048251,1.040772,1.046643,1.042230,1.039846,1.042529,1.043917,1.044192,1.047619,0.987119,1.042317,1.047204,1.041092,1.044862,1.046796,1.052273,1.045649,1.039666,1.032304,1.028044,1.017451,0.996101,0.987949,0.997299,1.034211,1.045447,1.016809,0.989246,1.037466
8.679860,1.049981,1.054136,1.046637,1.036426,1.044435,1.048226,1.046868,1.034366,1.047664,1.049221,1.048232,1.040753,1.046624,1.042211,1.039825,1.042508,1.043899,1.044177,1.047594,0.987098,1.042294,1.047179,1.041069,1.044840,1.046791,1.052259,1.045633,1.039648,1.032285,1.028060,1.017430,0.996081,0.987922,0.997281,1.034184,1.045426,1.016804,0.989225,1.037451
8.688190,1.049969,1.054132,1.046625,1.036409,1.044417,1.048207,1.046848,1.034348,1.047647,1.049201,1.048212,1.040733,1.046604,1.042191,1.039804,1.042486,1.043880,1.044161,1.047569,0.987077,1.042271,1.047155,1.041045,1.044818,1.046785,1.052244,1.045617,1.039630,1.032265,1.028076,1.017410,0.996060,0.987894,0.997263,1.034158,1.045405,1.016798,0.989204,1.037436
8.696520,1.049958,1.054128,1.046612,1.036391,1.044397,1.048188,1.046829,1.034329,1.047631,1.049181,1.048192,1.040713,1.046584,1.042172,1.039782,1.042464,1.043861,1.044144,1.047543,0.987055,1.042247,1.047129,1.041021,1.044796,1.046779,1.052229,1.045600,1.039611,1.032245,1.028090,1.017389,0.996040,0.987866,0.997245,1.034130,1.045384,1.016792,0.989182,1.037421
8.704850,1.049946,1.054123,1.046599,1.036373,1.044378,1.048168,1.046809,1.034311,1.047614,1.049160,1.048172,1.040693,1.046564,1.042152,1.039761,1.042442,1.043842,1.044128,1.047518,0.987034,1.042223,1.047104,1.040997,1.044773,1.046772,1.052213,1.045583,1.039592,1.032225,1.028105,1.017367,0.996019,0.987838,0.997227,1.034103,1.045363,1.016785,0.989160,1.037407
8.713180,1.049934,1.054118,1.046586,1.036355,1.044358,1.048148,1.046789,1.034292,1.047597,1.049139,1.048151,1.040672,1.046543,1.042131,1.039739,1.042419,1.043823,1.044110,1.047492,0.987012,1.042199,1.047078,1.040972,1.044750,1.046765,1.052197,1.045565,1.039572,1.032204,1.028118,1.017346,0.995997,0.987809,0.997208,1.034075,1.045341,1.016778,0.989137,1.037392
8.721510,1.049922,1.054112,1.046572,1.036336,1.044338,1.048127,1.046769,1.034273,1.047580,1.049118,1.048131,1.040651,1.046522,1.042111,1.039716,1.042396,1.043803,1.044093,1.047466,0.986990,1.042174,1.047052,1.040947,1.044727,1.046758,1.052181,1.045547,1.039552,1.032183,1.028131,1.017324,0.995976,0.987780,0.997189,1.034047,1.045320,1.016770,0.989115,1.037378
8.729840,1.049909,1.054106,1.046558,1.036317,1.044318,1.048107,1.046748,1.034253,1.047563,1.049097,1.048110,1.040630,1.046501,1.042090,1.039693,1.042373,1.043783,1.044075,1.047439,0.986967,1.042149,1.047026,1.040922,1.044703,1.046750,1.052164,1.045529,1.039532,1.032162,1.028144,1.017302,0.995954,0.987751,0.997170,1.034019,1.045298,1.016763,0.989091,1.037363
8.738170,1.049897,1.054100,1.046544,1.036298,1.044298,1.048086,1.046727,1.034234,1.047546,1.049075,1.048088,1.040609,1.046480,1.042069,1.039670,1.042350,1.043763,1.044057,1.047412,0.986944,1.042124,1.046999,1.040897,1.044679,1.046742,1.052147,1.045510,1.039511,1.032140,1.028156,1.017280,0.995932,0.987722,0.997151,1.033990,1.045275,1.016754,0.989068,1.037349
8.746500,1.049884,1.054093,1.046529,1.036279,1.044277,1.048065,1.046706,1.034214,1.047529,1.049054,1.048067,1.040587,1.046458,1.042048,1.039647,1.042326,1.043742,1.044038,1.047386,0.986922,1.042098,1.046973,1.040871,1.044655,1.046733,1.052130,1.045492,1.039490,1.032118,1.028168,1.017258,0.995910,0.987693,0.997132,1.033961,1.045253,1.016746,0.989044,1.037334
8.754830,1.049872,1.054086,1.046515,1.036259,1.044257,1.048044,1.046685,1.034194,1.047512,1.049032,1.048045,1.040565,1.046436,1.042026,1.039624,1.042302,1.043721,1.044020,1.047358,0.986898,1.042073,1.046946,1.040845,1.044631,1.046725,1.052112,1.045472,1.039469,1.032095,1.028179,1.017236,0.995888,0.987663,0.997112,1.033932,1.045230,1.016737,0.989020,1.037320
8.763160,1.049859,1.054079,1.046499,1.036240,1.044236,1.048022,1.046664,1.034174,1.047495,1.049010,1.048023,1.040543,1.046414,1.042004,1.039600,1.042277,1.043700,1.044001,1.047331,0.986875,1.042047,1.046918,1.040819,1.044606,1.046715,1.052094,1.045453,1.039447,1.032073,1.028189,1.017214,0.995865,0.987634,0.997092,1.033903,1.045207,1.016728,0.988996,1.037306
8.771490,1.049846,1.054071,1.046484,1.036219,1.044214,1.048001,1.046642,1.034154,1.047478,1.048987,1.048001,1.040521,1.046392,1.041982,1.039576,1.042253,1.043678,1.043981,1.047304,0.986852,1.042020,1.046891,1.040793,1.044581,1.046706,1.052076,1.045433,1.039425,1.032049,1.028199,1.017191,0.995843,0.987604,0.997072,1.033874,1.045184,1.016718,0.988971,1.037292
8.779820,1.049834,1.054063,1.046468,1.036199,1.044193,1.047979,1.046621,1.034134,1.047461,1.048965,1.047979,1.040499,1.046369,1.041960,1.039552,1.042228,1.043656,1.043962,1.047276,0.986828,1.041994,1.046863,1.040766,1.044556,1.046696,1.052057,1.045413,1.039403,1.032026,1.028209,1.017169,0.995820,0.987574,0.997052,1.033844,1.045161,1.016708,0.988946,1.037278
8.788150,1.049821,1.054055,1.046452,1.036179,1.044172,1.047957,1.046599,1.034114,1.047444,1.048942,1.047956,1.040476,1.046347,1.041938,1.039527,1.042203,1.043634,1.043942,1.047248,0.986805,1.041968,1.046836,1.040740,1.044531,1.046686,1.052039,1.045393,1.039381,1.032003,1.028218,1.017146,0.995797,0.987544,0.997032,1.033815,1.045138,1.016698,0.988921,1.037264
8.796480,1.049808,1.054046,1.046436,1.036158,1.044150,1.047935,1.046577,1.034093,1.047427,1.048919,1.047934,1.040453,1.046324,1.041915,1.039503,1.042178,1.043612,1.043922,1.047220,0.986781,1.041941,1.046808,1.040713,1.044505,1.046676,1.052020,1.045373,1.039358,1.031979,1.028226,1.017123,0.995774,0.987514,0.997012,1.033785,1.045114,1.016687,0.988895,1.037251
8.804810,1.049795,1.054037,1.046420,1.036137,1.044129,1.047913,1.046555,1.034073,1.047410,1.048896,1.047911,1.040431,1.046301,1.041893,1.039478,1.042152,1.043590,1.043902,1.047192,0.986757,1.041914,1.046780,1.040686,1.044480,1.046665,1.052000,1.045352,1.039335,1.031955,1.028234,1.017100,0.995751,0.987483,0.996992,1.033755,1.045091,1.016677,0.988870,1.037237
8.813140,1.049782,1.054028,1.046403,1.036117,1.044107,1.047891,1.046533,1.034052,1.047394,1.048873,1.047889,1.040408,1.046278,1.041870,1.039453,1.042127,1.043567,1.043882,1.047164,0.986733,1.041887,1.046751,1.040659,1.044454,1.046655,1.051981,1.045331,1.039312,1.031931,1.028242,1.017078,0.995728,0.987453,0.996971,1.033725,1.045067,1.016666,0.988844,1.037224
8.821470,1.049769,1.054019,1.046386,1.036095,1.044085,1.047869,1.046511,1.034031,1.047377,1.048850,1.047866,1.040385,1.046255,1.041847,1.039428,1.042101,1.043545,1.043861,1.047135,0.986708,1.041860,1.046723,1.040632,1.044428,1.046643,1.051961,1.045310,1.039289,1.031906,1.028250,1.017055,0.995705,0.987423,0.996951,1.033695,1.045044,1.016654,0.988818,1.037210
8.829800,1.049756,1.054009,1.046369,1.036074,1.044063,1.047847,1.046488,1.034011,1.047360,1.048827,1.047843,1.040361,1.046232,1.041824,1.039403,1.042076,1.043522,1.043841,1.047107,0.986684,1.041832,1.046695,1.040604,1.044402,1.046632,1.051941,1.045289,1.039265,1.031881,1.028257,1.017032,0.995681,0.987392,0.996930,1.033664,1.045020,1.016643,0.988792,1.037197
8.838130,1.049743,1.053999,1.046352,1.036053,1.044041,1.047824,1.046466,1.033990,1.047343,1.048804,1.047820,1.040338,1.046209,1.041801,1.039378,1.042050,1.043499,1.043820,1.047078,0.986660,1.041805,1.046666,1.040577,1.044375,1.046621,1.051921,1.045268,1.039241,1.031857,1.028263,1.017009,0.995658,0.987362,0.996910,1.033634,1.044996,1.016631,0.988765,1.037184
8.846460,1.049730,1.053989,1.046335,1.036032,1.044019,1.047802,1.046443,1.033969,1.047327,1.048780,1.047797,1.040315,1.046185,1.041777,1.039352,1.042024,1.043476,1.043799,1.047050,0.986636,1.041778,1.046637,1.040550,1.044349,1.046609,1.051901,1.045246,1.039218,1.031832,1.028270,1.016986,0.995635,0.987331,0.996889,1.033603,1.044973,1.016619,0.988739,1.037171
8.854790,1.049717,1.053979,1.046317,1.036010,1.043997,1.047779,1.046421,1.033948,1.047310,1.048757,1.047773,1.040292,1.046162,1.041754,1.039327,1.041998,1.043452,1.043778,1.047021,0.986611,1.041750,1.046609,1.040522,1.044323,1.046597,1.051881,1.045224,1.039194,1.031807,1.028276,1.016963,0.995611,0.987300,0.996869,1.033573,1.044949,1.016607,0.988712,1.037158
8.863120,1.049704,1.053969,1.046300,1.035989,1.043974,1.047756,1.046398,1.033927,1.047294,1.048733,1.047750,1.040268,1.046138,1.041731,1.039301,1.041972,1.043429,1.043757,1.046992,0.986587,1.041722,1.046580,1.040495,1.044296,1.046585,1.051860,1.045203,1.039169,1.031781,1.028281,1.016940,0.995588,0.987270,0.996848,1.033542,1.044925,1.016595,0.988685,1.037146
8.871450,1.049691,1.053958,1.046282,1.035967,1.043952,1.047734,1.046376,1.033906,1.047277,1.048710,1.047727,1.040245,1.046115,1.041707,1.039276,1.041945,1.043406,1.043735,1.046964,0.986562,1.041695,1.046551,1.040467,1.044270,1.046573,1.051840,1.045181,1.039145,1.031756,1.028287,1.016917,0.995564,0.987239,0.996828,1.033512,1.044901,1.016583,0.988658,1.037133
8.879780,1.049678,1.053947,1.046264,1.035945,1.043930,1.047711,1.046353,1.033886,1.047261,1.048686,1.047704,1.040221,1.046091,1.041684,1.039250,1.041919,1.043382,1.043714,1.046935,0.986538,1.041667,1.046522,1.040439,1.044243,1.046561,1.051819,1.045159,1.039121,1.031730,1.028292,1.016894,0.995540,0.987208,0.996807,1.033481,1.044877,1.016570,0.988631,1.037121
8.888110,1.049666,1.053937,1.046247,1.035924,1.043908,1.047689,1.046331,1.033865,1.047245,1.048663,1.047681,1.040198,1.046068,1.041660,1.039224,1.041893,1.043359,1.043693,1.046906,0.986513,1.041639,1.046494,1.040412,1.044217,1.046548,1.051798,1.045137,1.039096,1.031705,1.028297,1.016871,0.995517,0.987178,0.996786,1.033451,1.044854,1.016557,0.988604,1.037109
8.896440,1.049653,1.053926,1.046229,1.035902,1.043886,1.047666,1.046308,1.033844,1.047229,1.048639,1.047657,1.040175,1.046044,1.041637,1.039199,1.041867,1.043335,1.043671,1.046877,0.986489,1.041612,1.046465,1.040384,1.044190,1.046536,1.051777,1.045115,1.039071,1.031679,1.028301,1.016848,0.995493,0.987147,0.996766,1.033420,1.044830,1.016544,0.988577,1.037097
8.904770,1.049640,1.053915,1.046211,1.035880,1.043863,1.047643,1.046285,1.033823,1.047213,1.048616,1.047634,1.040151,1.046021,1.041613,1.039173,1.041840,1.043312,1.043650,1.046849,0.986465,1.041584,1.046436,1.040357,1.044163,1.046523,1.051756,1.045093,1.039047,1.031653,1.028305,1.016825,0.995470,0.987117,0.996746,1.033390,1.044806,1.016531,0.988550,1.037086
8.913100,1.049628,1.053903,1.046193,1.035859,1.043841,1.047621,1.046263,1.033802,1.047197,1.048592,1.047611,1.040128,1.045997,1.041590,1.039147,1.041814,1.043288,1.043628,1.046820,0.986440,1.041556,1.046407,1.040329,1.044137,1.046510,1.051735,1.045070,1.039022,1.031627,1.028309,1.016802,0.995446,0.987086,0.996725,1.033359,1.044783,1.016518,0.988523,1.037074
8.921430,1.049615,1.053892,1.046175,1.035837,1.043819,1.047598,1.046240,1.033782,1.047181,1.048569,1.047588,1.040104,1.045974,1.041566,1.039122,1.041788,1.043264,1.043606,1.046792,0.986416,1.041528,1.046378,1.040302,1.044110,1.046497,1.051714,1.045048,1.038997,1.031602,1.028313,1.016779,0.995423,0.987056,0.996705,1.033329,1.044759,1.016505,0.988495,1.037063
8.929760,1.049603,1.053881,1.046157,1.035815,1.043797,1.047576,1.046218,1.033761,1.047166,1.048545,1.047565,1.040081,1.045950,1.041543,1.039096,1.041761,1.043241,1.043585,1.046763,0.986392,1.041501,1.046350,1.040274,1.044083,1.046484,1.051693,1.045026,1.038972,1.031576,1.028316,1.016757,0.995400,0.987025,0.996685,1.033298,1.044736,1.016492,0.988468,1.037052
8.938090,1.049590,1.053869,1.046139,1.035794,1.043775,1.047553,1.046196,1.033741,1.047151,1.048522,1.047541,1.040058,1.045927,1.041519,1.039070,1.041735,1.043217,1.043563,1.046734,0.986368,1.041473,1.046321,1.040247,1.044057,1.046471,1.051672,1.045004,1.038947,1.031550,1.028320,1.016734,0.995376,0.986995,0.996665,1.033268,1.044713,1.016478,0.988440,1.037041
8.946420,1.049578,1.053858,1.046120,1.035772,1.043753,1.047531,1.046173,1.033720,1.047135,1.048498,1.047518,1.040034,1.045904,1.041496,1.039045,1.041709,1.043193,1.043542,1.046706,0.986344,1.041446,1.046293,1.040220,1.044030,1.046458,1.051651,1.044981,1.038922,1.031524,1.028323,1.016712,0.995353,0.986965,0.996645,1.033237,1.044689,1.016465,0.988413,1.037030
8.954750,1.049566,1.053846,1.046102,1.035750,1.043731,1.047509,1.046151,1.033700,1.047120,1.048475,1.047496,1.040011,1.045880,1.041473,1.039019,1.041683,1.043170,1.043520,1.046678,0.986320,1.041418,1.046264,1.040192,1.044004,1.046445,1.051629,1.044959,1.038898,1.031498,1.028326,1.016689,0.995330,0.986935,0.996625,1.033207,1.044666,1.016451,0.988386,1.037019
8.963080,1.049554,1.053835,1.046084,1.035729,1.043709,1.047487,1.046129,1.033680,1.047106,1.048452,1.047473,1.039988,1.045857,1.041450,1.038994,1.041657,1.043146,1.043499,1.046650,0.986296,1.041391,1.046236,1.040165,1.043978,1.046432,1.051608,1.044937,1.038873,1.031472,1.028328,1.016667,0.995307,0.986905,0.996605,1.033177,1.044644,1.016438,0.988358,1.037009
8.971410,1.049542,1.053823,1.046066,1.035707,1.043688,1.047465,1.046107,1.033659,1.047091,1.048429,1.047450,1.039965,1.045834,1.041426,1.038969,1.041631,1.043123,1.043477,1.046622,0.986272,1.041364,1.046208,1.040138,1.043951,1.046419,1.051587,1.044915,1.038848,1.031446,1.028331,1.016645,0.995284,0.986875,0.996585,1.033147,1.044621,1.016424,0.988331,1.036999
8.979740,1.049530,1.053812,1.046048,1.035686,1.043666,1.047443,1.046085,1.033639,1.047076,1.048406,1.047427,1.039942,1.045811,1.041403,1.038943,1.041605,1.043100,1.043456,1.046594,0.986249,1.041337,1.046180,1.040111,1.043925,1.046406,1.051566,1.044893,1.038823,1.031420,1.028333,1.016623,0.995261,0.986845,0.996566,1.033117,1.044598,1.016410,0.988303,1.036989
8.988070,1.049519,1.053800,1.046030,1.035665,1.043645,1.047421,1.046063,1.033620,1.047062,1.048383,1.047405,1.039920,1.045788,1.041380,1.038918,1.041579,1.043076,1.043435,1.046566,0.986225,1.041309,1.046152,1.040085,1.043899,1.046392,1.051545,1.044871,1.038798,1.031394,1.028336,1.016601,0.995238,0.986815,0.996547,1.033087,1.044576,1.016397,0.988276,1.036979
8.996400,1.049507,1.053789,1.046012,1.035644,1.043623,1.047399,1.046042,1.033600,1.047048,1.048361,1.047383,1.039897,1.045766,1.041358,1.038893,1.041554,1.043053,1.043413,1.046538,0.986202,1.041283,1.046124,1.040058,1.043873,1.046379,1.051524,1.044849,1.038773,1.031368,1.028338,1.016580,0.995216,0.986786,0.996528,1.033058,1.044554,1.016383,0.988249,1.036970
9.004730,1.049496,1.053777,1.045995,1.035623,1.043602,1.047378,1.046020,1.033580,1.047034,1.048338,1.047360,1.039875,1.045743,1.041335,1.038869,1.041528,1.043030,1.043392,1.046511,0.986179,1.041256,1.046096,1.040032,1.043848,1.046366,1.051503,1.044827,1.038749,1.031343,1.028340,1.016558,0.995193,0.986757,0.996509,1.033028,1.044532,1.016369,0.988222,1.036961
9.013060,1.049485,1.053765,1.045977,1.035602,1.043581,1.047356,1.045999,1.033561,1.047020,1.048316,1.047338,1.039852,1.045721,1.041312,1.038844,1.041503,1.043007,1.043371,1.046484,0.986156,1.041229,1.046069,1.040006,1.043822,1.046353,1.051482,1.044805,1.038724,1.031317,1.028342,1.016537,0.995171,0.986728,0.996490,1.032999,1.044510,1.016356,0.988195,1.036952
9.021390,1.049474,1.053754,1.045959,1.035581,1.043560,1.047335,1.045978,1.033542,1.047007,1.048293,1.047316,1.039830,1.045698,1.041290,1.038819,1.041478,1.042985,1.043351,1.046456,0.986133,1.041203,1.046041,1.039980,1.043797,1.046340,1.051461,1.044783,1.038699,1.031291,1.028343,1.016515,0.995149,0.986699,0.996472,1.032970,1.044488,1.016342,0.988168,1.036943
9.029720,1.049463,1.053742,1.045942,1.035561,1.043539,1.047314,1.045956,1.033523,1.046993,1.048271,1.047295,1.039808,1.045676,1.041268,1.038795,1.041453,1.042962,1.043330,1.046430,0.986111,1.041177,1.046014,1.039954,1.043771,1.046327,1.051441,1.044762,1.038675,1.031266,1.028345,1.016494,0.995127,0.986670,0.996453,1.032941,1.044467,1.016328,0.988141,1.036934
9.038050,1.049452,1.053731,1.045924,1.035540,1.043519,1.047293,1.045936,1.033504,1.046980,1.048249,1.047273,1.039786,1.045654,1.041246,1.038771,1.041428,1.042939,1.043309,1.046403,0.986088,1.041151,1.045987,1.039928,1.043746,1.046314,1.051420,1.044740,1.038651,1.031241,1.028347,1.016473,0.995105,0.986641,0.996435,1.032912,1.044446,1.016315,0.988114,1.036926
9.046380,1.049442,1.053720,1.045907,1.035520,1.043498,1.047272,1.045915,1.033485,1.046967,1.048228,1.047252,1.039765,1.045633,1.041224,1.038747,1.041404,1.042917,1.043289,1.046376,0.986066,1.041125,1.045961,1.039903,1.043721,1.046301,1.051400,1.044719,1.038626,1.031215,1.028348,1.016453,0.995084,0.986613,0.996418,1.032884,1.044425,1.016301,0.988087,1.036918
9.054710,1.049432,1.053708,1.045890,1.035500,1.043478,1.047252,1.045894,1.033466,1.046955,1.048206,1.047230,1.039743,1.045611,1.041202,1.038723,1.041379,1.042895,1.043268,1.046350,0.986044,1.041099,1.045934,1.039878,1.043697,1.046288,1.051379,1.044698,1.038602,1.031190,1.028349,1.016432,0.995062,0.986585,0.996400,1.032855,1.044405,1.016288,0.988060,1.036910
9.063040,1.049421,1.053697,1.045873,1.035480,1.043458,1.047232,1.045874,1.033448,1.046942,1.048185,1.047209,1.039722,1.045590,1.041181,1.038699,1.041355,1.042873,1.043248,1.046324,0.986023,1.041074,1.045908,1.039853,1.043672,1.046275,1.051359,1.044677,1.038578,1.031165,1.028351,1.016412,0.995041,0.986557,0.996383,1.032827,1.044384,1.016274,0.988034,1.036902
9.071370,1.049412,1.053686,1.045856,1.035460,1.043439,1.047211,1.045854,1.033430,1.046930,1.048164,1.047189,1.039701,1.045569,1.041160,1.038676,1.041331,1.042851,1.043228,1.046298,0.986001,1.041049,1.045882,1.039828,1.043648,1.046263,1.051339,1.044656,1.038554,1.031140,1.028352,1.016392,0.995020,0.986529,0.996366,1.032799,1.044364,1.016261,0.988008,1.036895
9.079700,1.049402,1.053675,1.045839,1.035440,1.043419,1.047191,1.045834,1.033412,1.046918,1.048143,1.047168,1.039680,1.045548,1.041138,1.038653,1.041308,1.042830,1.043209,1.046273,0.985980,1.041024,1.045856,1.039804,1.043624,1.046250,1.051319,1.044636,1.038531,1.031116,1.028353,1.016372,0.994999,0.986502,0.996349,1.032772,1.044345,1.016247,0.987982,1.036888
9.088030,1.049392,1.053664,1.045823,1.035421,1.043400,1.047172,1.045815,1.033394,1.046906,1.048122,1.047148,1.039660,1.045527,1.041118,1.038630,1.041284,1.042808,1.043189,1.046248,0.985959,1.040999,1.045831,1.039780,1.043600,1.046237,1.051300,1.044615,1.038507,1.031091,1.028355,1.016353,0.994979,0.986475,0.996333,1.032744,1.044325,1.016234,0.987956,1.036881
9.096360,1.049383,1.053653,1.045806,1.035402,1.043381,1.047152,1.045795,1.033377,1.046895,1.048102,1.047128,1.039639,1.045506,1.041097,1.038607,1.041261,1.042787,1.043170,1.046223,0.985939,1.040975,1.045806,1.039756,1.043577,1.046225,1.051280,1.044595,1.038484,1.031067,1.028356,1.016333,0.994959,0.986448,0.996317,1.032717,1.044306,1.016221,0.987930,1.036874
9.104690,1.049374,1.053643,1.045790,1.035383,1.043362,1.047133,1.045776,1.033360,1.046884,1.048082,1.047108,1.039619,1.045486,1.041077,1.038585,1.041238,1.042766,1.043151,1.046198,0.985919,1.040951,1.045781,1.039733,1.043553,1.046213,1.051261,1.044575,1.038461,1.031043,1.028357,1.016314,0.994938,0.986421,0.996301,1.032690,1.044288,1.016208,0.987904,1.036868
9.113020,1.049365,1.053632,1.045774,1.035364,1.043343,1.047114,1.045757,1.033343,1.046873,1.048062,1.047088,1.039599,1.045466,1.041057,1.038563,1.041215,1.042746,1.043132,1.046174,0.985899,1.040927,1.045756,1.039710,1.043530,1.046201,1.051241,1.044555,1.038438,1.031019,1.028358,1.016295,0.994919,0.986395,0.996285,1.032664,1.044269,1.016195,0.987879,1.036861
9.121350,1.049356,1.053622,1.045758,1.035346,1.043325,1.047095,1.045738,1.033326,1.046862,1.048042,1.047069,1.039580,1.045447,1.041037,1.038541,1.041193,1.042725,1.043113,1.046150,0.985879,1.040904,1.045732,1.039687,1.043508,1.046189,1.051222,1.044535,1.038415,1.030995,1.028359,1.016277,0.994899,0.986369,0.996270,1.032638,1.044251,1.016182,0.987853,1.036855
9.129680,1.049348,1.053612,1.045743,1.035328,1.043307,1.047077,1.045720,1.033310,1.046851,1.048023,1.047050,1.039561,1.045427,1.041017,1.038519,1.041171,1.042705,1.043094,1.046126,0.985859,1.040880,1.045708,1.039664,1.043485,1.046177,1.051204,1.044516,1.038392,1.030971,1.028360,1.016258,0.994880,0.986343,0.996255,1.032611,1.044233,1.016169,0.987828,1.036850
9.138010,1.049340,1.053601,1.045728,1.035310,1.043289,1.047059,1.045702,1.033293,1.046841,1.048004,1.047031,1.039541,1.045408,1.040998,1.038498,1.041149,1.042685,1.043076,1.046103,0.985840,1.040857,1.045684,1.039642,1.043463,1.046165,1.051185,1.044497,1.038370,1.030948,1.028361,1.016240,0.994861,0.986318,0.996241,1.032586,1.044216,1.016157,0.987803,1.036844
9.146340,1.049332,1.053592,1.045712,1.035292,1.043271,1.047041,1.045684,1.033277,1.046831,1.047985,1.047012,1.039523,1.045389,1.040979,1.038477,1.041127,1.042666,1.043058,1.046080,0.985822,1.040835,1.045661,1.039620,1.043442,1.046154,1.051167,1.044478,1.038348,1.030925,1.028362,1.016222,0.994842,0.986293,0.996227,1.032560,1.044199,1.016144,0.987779,1.036839
9.154670,1.049324,1.053582,1.045697,1.035275,1.043254,1.047023,1.045666,1.033262,1.046821,1.047966,1.046994,1.039504,1.045370,1.040960,1.038456,1.041106,1.042646,1.043041,1.046057,0.985803,1.040813,1.045638,1.039598,1.043420,1.046142,1.051148,1.044459,1.038326,1.030902,1.028364,1.016205,0.994823,0.986268,0.996213,1.032535,1.044182,1.016132,0.987754,1.036834
9.163000,1.049316,1.053572,1.045683,1.035257,1.043237,1.047006,1.045649,1.033246,1.046812,1.047948,1.046976,1.039486,1.045352,1.040941,1.038436,1.041085,1.042627,1.043023,1.046035,0.985785,1.040791,1.045615,1.039577,1.043399,1.046131,1.051130,1.044441,1.038304,1.030879,1.028365,1.016187,0.994805,0.986243,0.996199,1.032511,1.044166,1.016120,0.987730,1.036829
9.171330,1.049309,1.053563,1.045668,1.035240,1.043220,1.046989,1.045632,1.033231,1.046803,1.047930,1.046958,1.039468,1.045334,1.040923,1.038416,1.041065,1.042608,1.043006,1.046013,0.985768,1.040769,1.045593,1.039556,1.043378,1.046120,1.051113,1.044423,1.038283,1.030857,1.028366,1.016170,0.994787,0.986219,0.996186,1.032486,1.044150,1.016108,0.987706,1.036825
9.179660,1.049302,1.053553,1.045654,1.035224,1.043203,1.046972,1.045615,1.033216,1.046794,1.047912,1.046941,1.039450,1.045316,1.040905,1.038396,1.041044,1.042590,1.042989,1.045991,0.985750,1.040748,1.045571,1.039536,1.043358,1.046109,1.051095,1.044405,1.038261,1.030835,1.028367,1.016154,0.994769,0.986195,0.996174,1.032462,1.044135,1.016096,0.987683,1.036820
9.187990,1.049295,1.053544,1.045640,1.035208,1.043187,1.046956,1.045599,1.033202,1.046785,1.047895,1.046924,1.039433,1.045299,1.040888,1.038377,1.041025,1.042572,1.042972,1.045970,0.985733,1.040727,1.045549,1.039516,1.043337,1.046098,1.051078,1.044387,1.038240,1.030813,1.028368,1.016137,0.994752,0.986172,0.996161,1.032438,1.044120,1.016084,0.987659,1.036816
9.196320,1.049288,1.053535,1.045626,1.035192,1.043171,1.046939,1.045583,1.033187,1.046777,1.047878,1.046907,1.039416,1.045282,1.040870,1.038358,1.041005,1.042554,1.042956,1.045949,0.985717,1.040706,1.045528,1.039496,1.043318,1.046088,1.051061,1.044370,1.038220,1.030791,1.028370,1.016121,0.994735,0.986149,0.996149,1.032415,1.044105,1.016072,0.987636,1.036813
9.204650,1.049282,1.053527,1.045613,1.035176,1.043156,1.046924,1.045567,1.033174,1.046769,1.047861,1.046891,1.039399,1.045265,1.040854,1.038339,1.040986,1.042537,1.042940,1.045928,0.985700,1.040686,1.045507,1.039476,1.043298,1.046077,1.051045,1.044353,1.038199,1.030770,1.028371,1.016105,0.994718,0.986126,0.996138,1.032392,1.044091,1.016061,0.987613,1.036809
9.212980,1.049276,1.053518,1.045600,1.035160,1.043141,1.046908,1.045551,1.033160,1.046761,1.047845,1.046875,1.039383,1.045248,1.040837,1.038321,1.040967,1.042519,1.042925,1.045908,0.985685,1.040667,1.045487,1.039457,1.043279,1.046067,1.051028,1.044336,1.038179,1.030748,1.028372,1.016090,0.994702,0.986104,0.996127,1.032369,1.044077,1.016050,0.987590,1.036806
9.221310,1.049270,1.053510,1.045587,1.035145,1.043126,1.046893,1.045536,1.033147,1.046753,1.047828,1.046859,1.039367,1.045232,1.040821,1.038303,1.040949,1.042503,1.042909,1.045889,0.985669,1.040647,1.045466,1.039439,1.043261,1.046057,1.051012,1.044320,1.038159,1.030728,1.028374,1.016074,0.994685,0.986081,0.996116,1.032347,1.044063,1.016039,0.987568,1.036803
9.229640,1.049265,1.053502,1.045574,1.035130,1.043111,1.046878,1.045521,1.033134,1.046746,1.047813,1.046843,1.039351,1.045216,1.040805,1.038285,1.040931,1.042486,1.042894,1.045869,0.985654,1.040628,1.045447,1.039421,1.043242,1.046048,1.050996,1.044304,1.038140,1.030707,1.028375,1.016060,0.994670,0.986060,0.996106,1.032325,1.044050,1.016028,0.987546,1.036800
9.237970,1.049259,1.053494,1.045562,1.035116,1.043097,1.046863,1.045507,1.033121,1.046739,1.047797,1.046828,1.039336,1.045201,1.040789,1.038268,1.040913,1.042470,1.042879,1.045850,0.985639,1.040610,1.045428,1.039403,1.043224,1.046038,1.050981,1.044288,1.038120,1.030687,1.028377,1.016045,0.994654,0.986038,0.996096,1.032304,1.044038,1.016017,0.987524,1.036797
9.246300,1.049254,1.053486,1.045550,1.035102,1.043083,1.046849,1.045492,1.033108,1.046732,1.047782,1.046813,1.039321,1.045186,1.040774,1.038251,1.040896,1.042454,1.042865,1.045832,0.985625,1.040591,1.045409,1.039386,1.043207,1.046029,1.050966,1.044273,1.038101,1.030667,1.028379,1.016031,0.994639,0.986018,0.996087,1.032283,1.044026,1.016007,0.987503,1.036795
9.254630,1.049249,1.053479,1.045538,1.035088,1.043069,1.046835,1.045479,1.033096,1.046726,1.047767,1.046799,1.039306,1.045171,1.040759,1.038234,1.040879,1.042439,1.042851,1.045814,0.985611,1.040574,1.045390,1.039369,1.043190,1.046020,1.050951,1.044257,1.038083,1.030647,1.028380,1.016017,0.994624,0.985997,0.996078,1.032262,1.044014,1.015996,0.987482,1.036793
9.262960,1.049245,1.053471,1.045527,1.035075,1.043056,1.046822,1.045465,1.033085,1.046720,1.047753,1.046785,1.039292,1.045157,1.040744,1.038218,1.040862,1.042423,1.042837,1.045796,0.985598,1.040556,1.045372,1.039352,1.043173,1.046011,1.050936,1.044243,1.038064,1.030628,1.028382,1.016003,0.994610,0.985977,0.996069,1.032242,1.044003,1.015986,0.987461,1.036791
9.271290,1.049240,1.053464,1.045516,1.035061,1.043043,1.046809,1.045452,1.033073,1.046714,1.047739,1.046771,1.039278,1.045143,1.040730,1.038203,1.040846,1.042409,1.042824,1.045779,0.985585,1.040539,1.045355,1.039336,1.043157,1.046002,1.050922,1.044228,1.038046,1.030609,1.028384,1.015990,0.994595,0.985957,0.996061,1.032222,1.043992,1.015976,0.987440,1.036789
9.279620,1.049236,1.053458,1.045505,1.035049,1.043031,1.046796,1.045439,1.033062,1.046708,1.047725,1.046758,1.039265,1.045129,1.040716,1.038187,1.040830,1.042394,1.042811,1.045762,0.985572,1.040523,1.045337,1.039321,1.043141,1.045994,1.050908,1.044214,1.038029,1.030590,1.028386,1.015977,0.994582,0.985938,0.996053,1.032202,1.043982,1.015966,0.987420,1.036788
9.287950,1.049232,1.053451,1.045494,1.035036,1.043018,1.046783,1.045427,1.033051,1.046703,1.047712,1.046745,1.039251,1.045115,1.040703,1.038172,1.040815,1.042380,1.042798,1.045746,0.985560,1.040507,1.045321,1.039305,1.043125,1.045986,1.050894,1.044200,1.038011,1.030572,1.028388,1.015964,0.994568,0.985919,0.996046,1.032183,1.043972,1.015957,0.987400,1.036786
9.296280,1.049229,1.053445,1.045484,1.035024,1.043006,1.046771,1.045414,1.033041,1.046698,1.047699,1.046732,1.039238,1.045102,1.040690,1.038158,1.040800,1.042367,1.042786,1.045730,0.985549,1.040491,1.045304,1.039291,1.043110,1.045978,1.050880,1.044187,1.037994,1.030554,1.028390,1.015952,0.994555,0.985900,0.996039,1.032164,1.043963,1.015948,0.987380,1.036786
9.304610,1.049225,1.053439,1.045474,1.035012,1.042995,1.046759,1.045403,1.033031,1.046693,1.047687,1.046720,1.039226,1.045090,1.040677,1.038144,1.040786,1.042354,1.042774,1.045715,0.985537,1.040476,1.045289,1.039276,1.043096,1.045970,1.050867,1.044174,1.037977,1.030536,1.028392,1.015940,0.994542,0.985882,0.996033,1.032146,1.043954,1.015939,0.987361,1.036785
9.312940,1.049222,1.053433,1.045465,1.035001,1.042984,1.046748,1.045391,1.033021,1.046688,1.047674,1.046708,1.039214,1.045078,1.040665,1.038130,1.040772,1.042341,1.042762,1.045700,0.985527,1.040461,1.045273,1.039263,1.043081,1.045963,1.050855,1.044161,1.037961,1.030519,1.028395,1.015928,0.994530,0.985865,0.996027,1.032128,1.043945,1.015930,0.987342,1.036784
9.321270,1.049219,1.053427,1.045456,1.034990,1.042973,1.046737,1.045380,1.033011,1.046684,1.047663,1.046696,1.039202,1.045066,1.040653,1.038117,1.040758,1.042328,1.042751,1.045685,0.985516,1.040446,1.045258,1.039249,1.043068,1.045956,1.050842,1.044148,1.037945,1.030502,1.028397,1.015917,0.994518,0.985848,0.996022,1.032111,1.043937,1.015921,0.987323,1.036784
9.329600,1.049217,1.053422,1.045447,1.034979,1.042962,1.046726,1.045369,1.033002,1.046680,1.047651,1.046685,1.039191,1.045054,1.040641,1.038104,1.040745,1.042316,1.042740,1.045671,0.985506,1.040433,1.045244,1.039236,1.043054,1.045949,1.050830,1.044136,1.037929,1.030485,1.028399,1.015906,0.994506,0.985831,0.996017,1.032094,1.043930,1.015913,0.987305,1.036784
9.337930,1.049214,1.053417,1.045438,1.034969,1.042952,1.046716,1.045359,1.032994,1.046677,1.047640,1.046674,1.039180,1.045043,1.040630,1.038092,1.040732,1.042305,1.042729,1.045658,0.985497,1.040419,1.045230,1.039224,1.043041,1.045942,1.050818,1.044125,1.037914,1.030469,1.028402,1.015896,0.994495,0.985814,0.996012,1.032078,1.043923,1.015905,0.987287,1.036784
9.346260,1.049212,1.053412,1.045430,1.034959,1.042943,1.046706,1.045349,1.032985,1.046673,1.047629,1.046663,1.039169,1.045032,1.040619,1.038080,1.040720,1.042293,1.042719,1.045645,0.985488,1.040406,1.045216,1.039212,1.043029,1.045936,1.050807,1.044113,1.037899,1.030453,1.028405,1.015885,0.994484,0.985798,0.996008,1.032062,1.043917,1.015897,0.987269,1.036784
9.354590,1.049211,1.053408,1.045422,1.034949,1.042933,1.046696,1.045340,1.032977,1.046670,1.047619,1.046653,1.039159,1.045022,1.040609,1.038068,1.040708,1.042283,1.042710,1.045632,0.985480,1.040394,1.045203,1.039201,1.043017,1.045930,1.050796,1.044103,1.037884,1.030437,1.028408,1.015876,0.994473,0.985783,0.996005,1.032046,1.043911,1.015889,0.987252,1.036785
9.362920,1.049209,1.053403,1.045414,1.034940,1.042924,1.046687,1.045330,1.032970,1.046667,1.047609,1.046644,1.039149,1.045012,1.040599,1.038057,1.040697,1.042272,1.042700,1.045620,0.985472,1.040381,1.045191,1.039190,1.043005,1.045924,1.050785,1.044092,1.037870,1.030422,1.028410,1.015866,0.994463,0.985768,0.996002,1.032031,1.043905,1.015881,0.987235,1.036786
9.371250,1.049208,1.053399,1.045407,1.034931,1.042916,1.046678,1.045322,1.032962,1.046665,1.047600,1.046634,1.039140,1.045003,1.040589,1.038046,1.040686,1.042262,1.042691,1.045608,0.985464,1.040370,1.045178,1.039179,1.042994,1.045918,1.050775,1.044082,1.037856,1.030407,1.028413,1.015857,0.994453,0.985753,0.995999,1.032016,1.043900,1.015874,0.987219,1.036787
9.379580,1.049207,1.053395,1.045400,1.034923,1.042907,1.046670,1.045313,1.032955,1.046662,1.047590,1.046625,1.039131,1.044994,1.040580,1.038036,1.040675,1.042252,1.042683,1.045597,0.985457,1.040359,1.045167,1.039169,1.042984,1.045913,1.050765,1.044072,1.037842,1.030392,1.028417,1.015848,0.994443,0.985739,0.995997,1.032002,1.043896,1.015867,0.987203,1.036788
9.387910,1.049206,1.053392,1.045393,1.034915,1.042899,1.046661,1.045305,1.032948,1.046660,1.047582,1.046617,1.039122,1.044985,1.040571,1.038026,1.040665,1.042243,1.042674,1.045587,0.985450,1.040348,1.045156,1.039160,1.042974,1.045908,1.050755,1.044062,1.037829,1.030378,1.028420,1.015840,0.994434,0.985725,0.995996,1.031988,1.043892,1.015860,0.987187,1.036789
9.396240,1.049205,1.053389,1.045387,1.034907,1.042892,1.046654,1.045297,1.032942,1.046659,1.047573,1.046609,1.039114,1.044976,1.040563,1.038017,1.040655,1.042234,1.042666,1.045576,0.985444,1.040338,1.045145,1.039151,1.042964,1.045903,1.050746,1.044053,1.037816,1.030364,1.028423,1.015832,0.994425,0.985712,0.995995,1.031975,1.043888,1.015854,0.987171,1.036791
9.404570,1.049205,1.053386,1.045381,1.034900,1.042885,1.046646,1.045290,1.032936,1.046657,1.047565,1.046601,1.039106,1.044968,1.040555,1.038008,1.040646,1.042226,1.042659,1.045567,0.985439,1.040328,1.045135,1.039142,1.042955,1.045898,1.050737,1.044045,1.037803,1.030351,1.028427,1.015824,0.994417,0.985699,0.995994,1.031962,1.043885,1.015847,0.987156,1.036792
9.412900,1.049205,1.053383,1.045376,1.034893,1.042878,1.046639,1.045283,1.032931,1.046656,1.047558,1.046594,1.039098,1.044961,1.040547,1.037999,1.040638,1.042218,1.042652,1.045558,0.985433,1.040319,1.045125,1.039134,1.042946,1.045894,1.050728,1.044036,1.037791,1.030338,1.028430,1.015817,0.994409,0.985687,0.995994,1.031950,1.043883,1.015841,0.987141,1.036794
9.421230,1.049205,1.053380,1.045371,1.034886,1.042872,1.046633,1.045276,1.032925,1.046655,1.047551,1.046587,1.039091,1.044954,1.040540,1.037991,1.040629,1.042211,1.042645,1.045549,0.985429,1.040310,1.045116,1.039126,1.042938,1.045890,1.050720,1.044029,1.037779,1.030325,1.028434,1.015810,0.994401,0.985675,0.995995,1.031938,1.043881,1.015835,0.987127,1.036797
9.429560,1.049205,1.053378,1.045366,1.034880,1.042866,1.046627,1.045270,1.032920,1.046654,1.047544,1.046580,1.039084,1.044947,1.040533,1.037984,1.040621,1.042203,1.042639,1.045541,0.985425,1.040302,1.045107,1.039119,1.042930,1.045886,1.050712,1.044021,1.037768,1.030313,1.028438,1.015803,0.994394,0.985664,0.995996,1.031926,1.043879,1.015830,0.987113,1.036799
9.437890,1.049206,1.053376,1.045361,1.034874,1.042860,1.046621,1.045264,1.032916,1.046654,1.047537,1.046574,1.039078,1.044940,1.040527,1.037977,1.040614,1.042197,1.042633,1.045533,0.985421,1.040294,1.045099,1.039113,1.042922,1.045882,1.050704,1.044014,1.037757,1.030301,1.028442,1.015797,0.994387,0.985653,0.995997,1.031915,1.043878,1.015824,0.987099,1.036801
9.446220,1.049207,1.053374,1.045357,1.034869,1.042855,1.046615,1.045259,1.032912,1.046653,1.047531,1.046568,1.039072,1.044934,1.040521,1.037970,1.040607,1.042190,1.042628,1.045526,0.985418,1.040286,1.045091,1.039107,1.042915,1.045879,1.050697,1.044007,1.037746,1.030289,1.028446,1.015791,0.994381,0.985642,0.995999,1.031905,1.043878,1.015819,0.987086,1.036804
9.454550,1.049208,1.053373,1.045353,1.034863,1.042850,1.046610,1.045254,1.032908,1.046654,1.047526,1.046562,1.039066,1.044929,1.040515,1.037964,1.040601,1.042184,1.042622,1.045519,0.985415,1.040280,1.045083,1.039101,1.042909,1.045876,1.050690,1.044001,1.037736,1.030278,1.028450,1.015785,0.994374,0.985632,0.996001,1.031895,1.043878,1.015814,0.987073,1.036807
9.462880,1.049209,1.053372,1.045350,1.034859,1.042845,1.046605,1.045249,1.032904,1.046654,1.047520,1.046557,1.039061,1.044923,1.040510,1.037958,1.040595,1.042179,1.042618,1.045513,0.985413,1.040273,1.045077,1.039096,1.042903,1.045873,1.050684,1.043995,1.037726,1.030267,1.028454,1.015780,0.994369,0.985622,0.996004,1.031885,1.043879,1.015810,0.987060,1.036810
9.471210,1.049210,1.053371,1.045346,1.034854,1.042841,1.046601,1.045244,1.032901,1.046654,1.047515,1.046553,1.039056,1.044919,1.040505,1.037952,1.040589,1.042174,1.042613,1.045507,0.985411,1.040267,1.045070,1.039091,1.042897,1.045870,1.050678,1.043989,1.037716,1.030257,1.028458,1.015775,0.994363,0.985613,0.996008,1.031876,1.043880,1.015805,0.987048,1.036813
9.479540,1.049212,1.053370,1.045344,1.034850,1.042837,1.046597,1.045240,1.032898,1.046655,1.047511,1.046548,1.039052,1.044914,1.040501,1.037947,1.040584,1.042169,1.042609,1.045502,0.985410,1.040262,1.045064,1.039087,1.042892,1.045868,1.050672,1.043984,1.037707,1.030246,1.028463,1.015770,0.994358,0.985605,0.996012,1.031867,1.043881,1.015801,0.987036,1.036816
9.487870,1.049214,1.053369,1.045341,1.034847,1.042834,1.046593,1.045237,1.032895,1.046656,1.047507,1.046544,1.039048,1.044910,1.040497,1.037943,1.040580,1.042165,1.042606,1.045497,0.985409,1.040257,1.045059,1.039084,1.042888,1.045866,1.050666,1.043979,1.037698,1.030237,1.028467,1.015766,0.994353,0.985596,0.996016,1.031859,1.043883,1.015797,0.987025,1.036820
9.496200,1.049216,1.053369,1.045339,1.034843,1.042830,1.046590,1.045233,1.032893,1.046657,1.047503,1.046541,1.039044,1.044906,1.040493,1.037939,1.040576,1.042161,1.042602,1.045493,0.985408,1.040252,1.045054,1.039080,1.042883,1.045864,1.050661,1.043974,1.037690,1.030227,1.028472,1.015762,0.994349,0.985589,0.996021,1.031852,1.043886,1.015793,0.987014,1.036824
9.504530,1.049219,1.053369,1.045337,1.034841,1.042828,1.046587,1.045231,1.032891,1.046659,1.047500,1.046537,1.039041,1.044903,1.040490,1.037935,1.040572,1.042158,1.042600,1.045489,0.985409,1.040248,1.045050,1.039078,1.042880,1.045863,1.050657,1.043970,1.037682,1.030218,1.028476,1.015759,0.994345,0.985581,0.996027,1.031844,1.043889,1.015790,0.987003,1.036828
9.512860,1.049221,1.053370,1.045335,1.034838,1.042825,1.046584,1.045228,1.032890,1.046661,1.047497,1.046535,1.039038,1.044900,1.040487,1.037932,1.040569,1.042155,1.042597,1.045486,0.985409,1.040245,1.045046,1.039076,1.042877,1.045862,1.050652,1.043967,1.037674,1.030210,1.028481,1.015756,0.994341,0.985574,0.996033,1.031838,1.043892,1.015787,0.986993,1.036831
9.521190,1.049224,1.053370,1.045334,1.034836,1.042823,1.046582,1.045226,1.032888,1.046663,1.047494,1.046532,1.039036,1.044897,1.040484,1.037929,1.040566,1.042152,1.042595,1.045483,0.985410,1.040241,1.045042,1.039074,1.042874,1.045861,1.050648,1.043963,1.037667,1.030201,1.028486,1.015753,0.994338,0.985568,0.996039,1.031831,1.043896,1.015784,0.986983,1.036836
9.529520,1.049227,1.053371,1.045333,1.034834,1.042822,1.046580,1.045224,1.032887,1.046665,1.047492,1.046530,1.039033,1.044895,1.040482,1.037927,1.040564,1.042150,1.042593,1.045481,0.985412,1.040239,1.045040,1.039073,1.042872,1.045860,1.050644,1.043960,1.037660,1.030193,1.028491,1.015751,0.994335,0.985562,0.996046,1.031825,1.043901,1.015781,0.986973,1.036840
9.537850,1.049230,1.053372,1.045333,1.034833,1.042820,1.046579,1.045223,1.032887,1.046667,1.047490,1.046528,1.039032,1.044893,1.040481,1.037925,1.040562,1.042148,1.042592,1.045479,0.985414,1.040237,1.045037,1.039072,1.042870,1.045859,1.050641,1.043958,1.037653,1.030186,1.028496,1.015749,0.994332,0.985557,0.996053,1.031820,1.043906,1.015778,0.986964,1.036844
9.546180,1.049233,1.053373,1.045333,1.034832,1.042819,1.046578,1.045221,1.032887,1.046670,1.047489,1.046527,1.039030,1.044892,1.040479,1.037924,1.040560,1.042147,1.042591,1.045478,0.985417,1.040235,1.045035,1.039072,1.042868,1.045859,1.050638,1.043955,1.037647,1.030179,1.028501,1.015747,0.994330,0.985552,0.996061,1.031815,1.043912,1.015776,0.986955,1.036849
9.554510,1.049237,1.053375,1.045333,1.034831,1.042819,1.046577,1.045221,1.032887,1.046673,1.047487,1.046526,1.039029,1.044891,1.040478,1.037923,1.040559,1.042146,1.042591,1.045477,0.985420,1.040234,1.045034,1.039072,1.042867,1.045859,1.050635,1.043953,1.037641,1.030172,1.028507,1.015745,0.994328,0.985547,0.996070,1.031811,1.043918,1.015774,0.986946,1.036853
9.562840,1.049241,1.053376,1.045333,1.034831,1.042818,1.046577,1.045220,1.032887,1.046676,1.047487,1.046525,1.039029,1.044890,1.040478,1.037922,1.040559,1.042145,1.042591,1.045477,0.985423,1.040233,1.045033,1.039073,1.042867,1.045859,1.050633,1.043952,1.037635,1.030166,1.028512,1.015744,0.994327,0.985543,0.996079,1.031807,1.043924,1.015772,0.986938,1.036858
9.571170,1.049245,1.053378,1.045334,1.034831,1.042819,1.046577,1.045220,1.032888,1.046679,1.047486,1.046525,1.039028,1.044890,1.040478,1.037922,1.040559,1.042145,1.042591,1.045477,0.985427,1.040233,1.045032,1.039074,1.042867,1.045860,1.050631,1.043951,1.037630,1.030159,1.028517,1.015744,0.994325,0.985539,0.996088,1.031803,1.043931,1.015770,0.986930,1.036863
9.579500,1.049249,1.053380,1.045335,1.034831,1.042819,1.046577,1.045221,1.032889,1.046683,1.047486,1.046525,1.039028,1.044890,1.040478,1.037922,1.040559,1.042145,1.042591,1.045477,0.985432,1.040233,1.045032,1.039076,1.042867,1.045860,1.050629,1.043950,1.037625,1.030154,1.028523,1.015743,0.994325,0.985536,0.996098,1.031800,1.043939,1.015768,0.986923,1.036868
9.587830,1.049253,1.053383,1.045336,1.034832,1.042820,1.046578,1.045221,1.032890,1.046686,1.047487,1.046526,1.039029,1.044891,1.040479,1.037923,1.040560,1.042146,1.042592,1.045478,0.985437,1.040233,1.045032,1.039078,1.042868,1.045861,1.050628,1.043950,1.037620,1.030148,1.028528,1.015743,0.994324,0.985533,0.996108,1.031798,1.043947,1.015767,0.986916,1.036873
9.596160,1.049258,1.053385,1.045338,1.034833,1.042821,1.046579,1.045222,1.032892,1.046690,1.047487,1.046526,1.039030,1.044891,1.040479,1.037924,1.040561,1.042147,1.042593,1.045480,0.985442,1.040234,1.045033,1.039080,1.042869,1.045862,1.050627,1.043949,1.037616,1.030143,1.028534,1.015743,0.994324,0.985531,0.996119,1.031796,1.043955,1.015766,0.986909,1.036879
9.604490,1.049262,1.053388,1.045340,1.034834,1.042822,1.046580,1.045223,1.032894,1.046694,1.047488,1.046528,1.039031,1.044892,1.040481,1.037926,1.040563,1.042148,1.042595,1.045482,0.985448,1.040236,1.045034,1.039083,1.042871,1.045864,1.050626,1.043950,1.037612,1.030139,1.028540,1.015744,0.994324,0.985529,0.996130,1.031794,1.043964,1.015765,0.986902,1.036884
9.612820,1.049267,1.053391,1.045342,1.034836,1.042824,1.046581,1.045225,1.032896,1.046698,1.047490,1.046529,1.039032,1.044894,1.040482,1.037928,1.040565,1.042150,1.042597,1.045485,0.985454,1.040238,1.045036,1.039087,1.042873,1.045865,1.050626,1.043950,1.037609,1.030134,1.028546,1.015745,0.994325,0.985527,0.996142,1.031793,1.043973,1.015764,0.986896,1.036889
9.621150,1.049272,1.053394,1.045345,1.034838,1.042826,1.046583,1.045227,1.032899,1.046703,1.047492,1.046531,1.039034,1.044896,1.040484,1.037930,1.040567,1.042152,1.042599,1.045488,0.985461,1.040240,1.045038,1.039091,1.042876,1.045867,1.050626,1.043951,1.037606,1.030130,1.028551,1.015746,0.994325,0.985526,0.996154,1.031792,1.043983,1.015764,0.986890,1.036895
9.629480,1.049277,1.053398,1.045348,1.034840,1.042828,1.046586,1.045229,1.032901,1.046707,1.047494,1.046533,1.039036,1.044898,1.040487,1.037933,1.040570,1.042155,1.042602,1.045491,0.985468,1.040243,1.045041,1.039095,1.042879,1.045869,1.050626,1.043953,1.037603,1.030127,1.028557,1.015747,0.994327,0.985526,0.996167,1.031792,1.043994,1.015763,0.986885,1.036901
9.637810,1.049282,1.053401,1.045351,1.034843,1.042831,1.046588,1.045232,1.032904,1.046712,1.047496,1.046535,1.039039,1.044900,1.040490,1.037936,1.040573,1.042157,1.042605,1.045495,0.985476,1.040246,1.045044,1.039100,1.042882,1.045871,1.050626,1.043954,1.037600,1.030123,1.028563,1.015749,0.994328,0.985526,0.996180,1.031792,1.044004,1.015763,0.986880,1.036906
9.646140,1.049288,1.053405,1.045354,1.034846,1.042834,1.046591,1.045235,1.032908,1.046717,1.047499,1.046538,1.039041,1.044903,1.040493,1.037939,1.040577,1.042161,1.042608,1.045499,0.985484,1.040250,1.045048,1.039106,1.042886,1.045873,1.050627,1.043956,1.037598,1.030120,1.028569,1.015751,0.994330,0.985526,0.996193,1.031792,1.044015,1.015763,0.986875,1.036912
9.654470,1.049293,1.053409,1.045358,1.034849,1.042837,1.046594,1.045238,1.032911,1.046722,1.047502,1.046541,1.039045,1.044906,1.040496,1.037943,1.040581,1.042164,1.042612,1.045504,0.985492,1.040254,1.045052,1.039111,1.042890,1.045876,1.050628,1.043958,1.037596,1.030118,1.028575,1.015754,0.994332,0.985527,0.996207,1.031793,1.044027,1.015763,0.986871,1.036918
9.662800,1.049299,1.053413,1.045362,1.034852,1.042841,1.046598,1.045241,1.032915,1.046728,1.047505,1.046545,1.039048,1.044910,1.040500,1.037947,1.040586,1.042168,1.042616,1.045509,0.985501,1.040258,1.045056,1.039118,1.042895,1.045879,1.050630,1.043961,1.037595,1.030115,1.028581,1.015756,0.994334,0.985528,0.996222,1.031795,1.044039,1.015764,0.986867,1.036924
9.671130,1.049304,1.053418,1.045366,1.034856,1.042845,1.046602,1.045245,1.032919,1.046733,1.047509,1.046548,1.039052,1.044914,1.040504,1.037952,1.040590,1.042172,1.042620,1.045515,0.985511,1.040263,1.045061,1.039124,1.042900,1.045882,1.050632,1.043964,1.037594,1.030113,1.028587,1.015759,0.994337,0.985529,0.996237,1.031797,1.044052,1.015764,0.986863,1.036930
9.679460,1.049310,1.053422,1.045371,1.034861,1.042849,1.046606,1.045249,1.032924,1.046739,1.047513,1.046552,1.039056,1.044918,1.040508,1.037957,1.040596,1.042177,1.042624,1.045521,0.985521,1.040269,1.045066,1.039131,1.042906,1.045885,1.050634,1.043967,1.037593,1.030111,1.028593,1.015763,0.994340,0.985531,0.996252,1.031799,1.044064,1.015765,0.986859,1.036936
9.687790,1.049316,1.053427,1.045375,1.034865,1.042853,1.046610,1.045254,1.032928,1.046744,1.047517,1.046557,1.039060,1.044922,1.040513,1.037962,1.040601,1.042182,1.042629,1.045528,0.985531,1.040274,1.045072,1.039139,1.042911,1.045888,1.050636,1.043970,1.037592,1.030110,1.028599,1.015766,0.994343,0.985534,0.996268,1.031801,1.044078,1.015766,0.986856,1.036942
9.696120,1.049322,1.053432,1.045380,1.034870,1.042858,1.046615,1.045258,1.032933,1.046750,1.047522,1.046561,1.039065,1.044927,1.040518,1.037968,1.040607,1.042187,1.042634,1.045535,0.985541,1.040280,1.045078,1.039146,1.042918,1.045891,1.050638,1.043974,1.037592,1.030109,1.028605,1.015770,0.994346,0.985536,0.996284,1.031804,1.044092,1.015767,0.986853,1.036949
9.704450,1.049329,1.053437,1.045385,1.034875,1.042863,1.046620,1.045263,1.032939,1.046756,1.047526,1.046566,1.039070,1.044932,1.040523,1.037974,1.040614,1.042193,1.042640,1.045542,0.985553,1.040287,1.045084,1.039155,1.042924,1.045895,1.050641,1.043978,1.037592,1.030108,1.028611,1.015774,0.994350,0.985539,0.996300,1.031808,1.044106,1.015768,0.986851,1.036955
9.712780,1.049335,1.053442,1.045391,1.034880,1.042868,1.046625,1.045268,1.032944,1.046762,1.047532,1.046571,1.039075,1.044937,1.040528,1.037981,1.040620,1.042199,1.042646,1.045550,0.985564,1.040294,1.045091,1.039163,1.042931,1.045899,1.050644,1.043983,1.037592,1.030107,1.028617,1.015778,0.994354,0.985543,0.996317,1.031812,1.044120,1.015769,0.986848,1.036961
9.721110,1.049341,1.053447,1.045396,1.034886,1.042874,1.046630,1.045274,1.032950,1.046769,1.047537,1.046577,1.039080,1.044942,1.040534,1.037987,1.040628,1.042205,1.042652,1.045558,0.985576,1.040301,1.045098,1.039172,1.042938,1.045903,1.050647,1.043987,1.037592,1.030107,1.028623,1.015783,0.994358,0.985547,0.996335,1.031816,1.044135,1.015771,0.986846,1.036968
9.729440,1.049348,1.053452,1.045402,1.034891,1.042880,1.046636,1.045279,1.032955,1.046775,1.047543,1.046582,1.039086,1.044948,1.040540,1.037995,1.040635,1.042211,1.042658,1.045567,0.985588,1.040309,1.045106,1.039182,1.042946,1.045907,1.050651,1.043992,1.037593,1.030107,1.028629,1.015788,0.994363,0.985551,0.996353,1.031821,1.044150,1.015772,0.986845,1.036974
9.737770,1.049354,1.053458,1.045408,1.034897,1.042886,1.046642,1.045285,1.032961,1.046781,1.047549,1.046588,1.039092,1.044954,1.040547,1.038002,1.040643,1.042218,1.042664,1.045575,0.985601,1.040316,1.045114,1.039192,1.042954,1.045911,1.050655,1.043997,1.037594,1.030107,1.028635,1.015793,0.994368,0.985556,0.996371,1.031826,1.044166,1.015774,0.986843,1.036980
9.746100,1.049361,1.053463,1.045415,1.034904,1.042892,1.046648,1.045292,1.032968,1.046788,1.047555,1.046595,1.039098,1.044961,1.040554,1.038010,1.040651,1.042225,1.042671,1.045585,0.985614,1.040325,1.045122,1.039202,1.042962,1.045915,1.050659,1.044003,1.037596,1.030108,1.028641,1.015798,0.994373,0.985561,0.996389,1.031831,1.044182,1.015776,0.986842,1.036987
9.754430,1.049368,1.053469,1.045421,1.034910,1.042898,1.046654,1.045298,1.032974,1.046795,1.047561,1.046601,1.039105,1.044967,1.040560,1.038018,1.040659,1.042233,1.042678,1.045595,0.985627,1.040333,1.045131,1.039212,1.042971,1.045920,1.050663,1.044009,1.037597,1.030109,1.028647,1.015803,0.994378,0.985566,0.996408,1.031837,1.044199,1.015778,0.986841,1.036993
9.762760,1.049374,1.053475,1.045428,1.034917,1.042905,1.046661,1.045305,1.032981,1.046801,1.047568,1.046608,1.039112,1.044974,1.040568,1.038026,1.040668,1.042240,1.042686,1.045605,0.985641,1.040342,1.045140,1.039223,1.042980,1.045924,1.050667,1.044015,1.037599,1.030110,1.028653,1.015809,0.994384,0.985572,0.996428,1.031843,1.044215,1.015780,0.986841,1.037000
9.771090,1.049381,1.053481,1.045435,1.034924,1.042912,1.046668,1.045312,1.032988,1.046808,1.047575,1.046615,1.039119,1.044981,1.040575,1.038035,1.040677,1.042248,1.042693,1.045615,0.985655,1.040352,1.045150,1.039234,1.042990,1.045929,1.050672,1.044021,1.037601,1.030111,1.028659,1.015815,0.994389,0.985578,0.996447,1.031849,1.044233,1.015782,0.986840,1.037006
9.779420,1.049388,1.053487,1.045442,1.034931,1.042919,1.046675,1.045319,1.032995,1.046815,1.047582,1.046622,1.039126,1.044988,1.040583,1.038044,1.040687,1.042256,1.042701,1.045626,0.985669,1.040362,1.045159,1.039246,1.042999,1.045934,1.050677,1.044027,1.037603,1.030113,1.028664,1.015821,0.994395,0.985584,0.996467,1.031856,1.044250,1.015784,0.986840,1.037013
9.787750,1.049395,1.053493,1.045449,1.034939,1.042926,1.046682,1.045326,1.033002,1.046822,1.047589,1.046629,1.039133,1.044996,1.040591,1.038053,1.040696,1.042265,1.042709,1.045637,0.985684,1.040371,1.045170,1.039258,1.043009,1.045939,1.050682,1.044034,1.037606,1.030115,1.028670,1.015828,0.994402,0.985591,0.996488,1.031863,1.044268,1.015786,0.986840,1.037019
9.796080,1.049402,1.053499,1.045456,1.034946,1.042934,1.046690,1.045333,1.033009,1.046829,1.047597,1.046637,1.039141,1.045004,1.040599,1.038062,1.040706,1.042273,1.042717,1.045649,0.985699,1.040382,1.045180,1.039270,1.043020,1.045944,1.050687,1.044041,1.037609,1.030117,1.028676,1.015834,0.994408,0.985598,0.996508,1.031871,1.044286,1.015789,0.986841,1.037026
9.804410,1.049409,1.053505,1.045464,1.034954,1.042941,1.046698,1.045341,1.033017,1.046837,1.047605,1.046645,1.039149,1.045012,1.040607,1.038072,1.040716,1.042282,1.042726,1.045660,0.985715,1.040392,1.045191,1.039283,1.043030,1.045949,1.050693,1.044048,1.037612,1.030119,1.028681,1.015841,0.994415,0.985606,0.996529,1.031878,1.044305,1.015791,0.986841,1.037032
9.812740,1.049416,1.053512,1.045472,1.034962,1.042949,1.046706,1.045349,1.033025,1.046844,1.047613,1.046653,1.039157,1.045020,1.040616,1.038082,1.040727,1.042292,1.042734,1.045673,0.985731,1.040403,1.045202,1.039296,1.043041,1.045954,1.050698,1.044055,1.037615,1.030121,1.028687,1.015848,0.994421,0.985614,0.996551,1.031887,1.044323,1.015794,0.986842,1.037039
9.821070,1.049423,1.053518,1.045480,1.034971,1.042957,1.046714,1.045357,1.033032,1.046851,1.047621,1.046661,1.039166,1.045028,1.040625,1.038093,1.040738,1.042301,1.042743,1.045685,0.985747,1.040415,1.045213,1.039309,1.043052,1.045959,1.050704,1.044062,1.037618,1.030124,1.028692,1.015855,0.994428,0.985622,0.996572,1.031895,1.044343,1.015796,0.986843,1.037046
9.829400,1.049430,1.053525,1.045488,1.034979,1.042966,1.046722,1.045365,1.033040,1.046859,1.047630,1.046669,1.039174,1.045037,1.040634,1.038103,1.040749,1.042311,1.042752,1.045698,0.985763,1.040426,1.045225,1.039322,1.043064,1.045965,1.050710,1.044070,1.037622,1.030127,1.028697,1.015862,0.994436,0.985630,0.996595,1.031904,1.044362,1.015799,0.986844,1.037052
9.837730,1.049438,1.053531,1.045496,1.034988,1.042974,1.046730,1.045374,1.033049,1.046866,1.047638,1.046678,1.039183,1.045046,1.040643,1.038114,1.040760,1.042320,1.042761,1.045711,0.985780,1.040438,1.045237,1.039336,1.043075,1.045970,1.050716,1.044078,1.037626,1.030130,1.028703,1.015870,0.994443,0.985639,0.996617,1.031913,1.044382,1.015802,0.986846,1.037059
9.846060,1.049445,1.053538,1.045504,1.034996,1.042983,1.046739,1.045382,1.033057,1.046874,1.047647,1.046686,1.039192,1.045055,1.040652,1.038125,1.040772,1.042330,1.042771,1.045725,0.985797,1.040450,1.045250,1.039350,1.043087,1.045975,1.050723,1.044086,1.037630,1.030133,1.028708,1.015878,0.994450,0.985648,0.996639,1.031922,1.044402,1.015805,0.986847,1.037065
9.854390,1.049452,1.053544,1.045512,1.035005,1.042991,1.046748,1.045391,1.033065,1.046881,1.047656,1.046695,1.039201,1.045064,1.040662,1.038136,1.040784,1.042341,1.042780,1.045738,0.985814,1.040462,1.045262,1.039365,1.043099,1.045981,1.050729,1.044094,1.037634,1.030137,1.028713,1.015885,0.994458,0.985657,0.996662,1.031932,1.044422,1.015807,0.986849,1.037072
9.862720,1.049459,1.053551,1.045521,1.035014,1.043000,1.046757,1.045400,1.033074,1.046889,1.047665,1.046704,1.039210,1.045073,1.040672,1.038148,1.040796,1.042351,1.042790,1.045752,0.985832,1.040475,1.045275,1.039379,1.043112,1.045986,1.050736,1.044102,1.037638,1.030140,1.028717,1.015893,0.994466,0.985667,0.996686,1.031942,1.044442,1.015810,0.986851,1.037078
9.871050,1.049466,1.053557,1.045529,1.035023,1.043009,1.046766,1.045409,1.033083,1.046896,1.047674,1.046714,1.039219,1.045083,1.040681,1.038159,1.040808,1.042362,1.042800,1.045767,0.985849,1.040488,1.045288,1.039394,1.043124,1.045992,1.050742,1.044111,1.037643,1.030144,1.028722,1.015901,0.994474,0.985676,0.996709,1.031952,1.044463,1.015813,0.986853,1.037084
9.879380,1.049473,1.053564,1.045538,1.035033,1.043019,1.046775,1.045418,1.033091,1.046904,1.047684,1.046723,1.039229,1.045092,1.040691,1.038171,1.040821,1.042372,1.042810,1.045781,0.985868,1.040501,1.045301,1.039409,1.043137,1.045997,1.050749,1.044120,1.037647,1.030148,1.028727,1.015910,0.994482,0.985687,0.996733,1.031963,1.044484,1.015816,0.986856,1.037091
9.887710,1.049480,1.053570,1.045547,1.035042,1.043028,1.046784,1.045427,1.033100,1.046911,1.047693,1.046732,1.039238,1.045102,1.040702,1.038183,1.040833,1.042383,1.042820,1.045796,0.985886,1.040514,1.045315,1.039425,1.043150,1.046003,1.050756,1.044128,1.037652,1.030152,1.028731,1.015918,0.994490,0.985697,0.996757,1.031973,1.044506,1.015819,0.986858,1.037097
9.896040,1.049487,1.053577,1.045556,1.035052,1.043037,1.046793,1.045437,1.033109,1.046919,1.047703,1.046742,1.039248,1.045112,1.040712,1.038195,1.040846,1.042394,1.042830,1.045811,0.985905,1.040527,1.045329,1.039440,1.043164,1.046009,1.050763,1.044137,1.037657,1.030156,1.028735,1.015927,0.994499,0.985708,0.996781,1.031985,1.044527,1.015822,0.986861,1.037103
9.904370,1.049494,1.053584,1.045565,1.035062,1.043047,1.046803,1.045446,1.033118,1.046927,1.047713,1.046752,1.039258,1.045122,1.040723,1.038208,1.040859,1.042406,1.042841,1.045826,0.985923,1.040541,1.045343,1.039456,1.043177,1.046014,1.050770,1.044146,1.037662,1.030161,1.028739,1.015935,0.994507,0.985719,0.996806,1.031996,1.044549,1.015825,0.986864,1.037110
9.912700,1.049501,1.053590,1.045574,1.035071,1.043056,1.046813,1.045456,1.033127,1.046934,1.047723,1.046762,1.039268,1.045132,1.040733,1.038220,1.040873,1.042417,1.042851,1.045842,0.985943,1.040555,1.045357,1.039472,1.043191,1.046020,1.050778,1.044155,1.037667,1.030165,1.028743,1.015944,0.994516,0.985730,0.996830,1.032007,1.044571,1.015828,0.986867,1.037116
9.921030,1.049508,1.053597,1.045583,1.035081,1.043066,1.046822,1.045466,1.033137,1.046942,1.047733,1.046772,1.039278,1.045142,1.040744,1.038233,1.040886,1.042429,1.042862,1.045858,0.985962,1.040569,1.045372,1.039488,1.043205,1.046025,1.050785,1.044165,1.037672,1.030170,1.028747,1.015953,0.994525,0.985741,0.996855,1.032019,1.044593,1.015830,0.986870,1.037122
9.929360,1.049515,1.053603,1.045592,1.035091,1.043076,1.046832,1.045476,1.033146,1.046950,1.047743,1.046782,1.039288,1.045152,1.040755,1.038246,1.040900,1.042440,1.042872,1.045874,0.985981,1.040583,1.045387,1.039505,1.043219,1.046031,1.050792,1.044174,1.037678,1.030175,1.028751,1.015962,0.994533,0.985753,0.996881,1.032031,1.044615,1.015833,0.986873,1.037128
9.937690,1.049522,1.053610,1.045601,1.035101,1.043086,1.046842,1.045485,1.033155,1.046957,1.047753,1.046792,1.039299,1.045163,1.040766,1.038259,1.040913,1.042452,1.042883,1.045890,0.986001,1.040598,1.045402,1.039522,1.043233,1.046037,1.050800,1.044184,1.037683,1.030180,1.028754,1.015971,0.994542,0.985764,0.996906,1.032043,1.044638,1.015836,0.986877,1.037134
9.946020,1.049529,1.053616,1.045610,1.035111,1.043096,1.046852,1.045495,1.033165,1.046965,1.047763,1.046802,1.039309,1.045173,1.040777,1.038272,1.040927,1.042464,1.042894,1.045906,0.986021,1.040612,1.045417,1.039538,1.043248,1.046042,1.050807,1.044193,1.037689,1.030185,1.028757,1.015980,0.994551,0.985777,0.996932,1.032056,1.044661,1.015839,0.986880,1.037140
9.954350,1.049536,1.053622,1.045619,1.035122,1.043106,1.046862,1.045506,1.033174,1.046973,1.047774,1.046812,1.039319,1.045184,1.040788,1.038286,1.040941,1.042476,1.042905,1.045923,0.986041,1.040627,1.045432,1.039555,1.043262,1.046048,1.050815,1.044203,1.037695,1.030190,1.028760,1.015989,0.994561,0.985789,0.996957,1.032068,1.044683,1.015842,0.986884,1.037146
9.962680,1.049542,1.053629,1.045628,1.035132,1.043116,1.046872,1.045516,1.033184,1.046980,1.047784,1.046823,1.039330,1.045195,1.040799,1.038299,1.040956,1.042488,1.042916,1.045940,0.986062,1.040642,1.045448,1.039573,1.043277,1.046053,1.050823,1.044212,1.037700,1.030195,1.028763,1.015999,0.994570,0.985801,0.996983,1.032081,1.044707,1.015844,0.986888,1.037152
9.971010,1.049549,1.053635,1.045638,1.035142,1.043126,1.046883,1.045526,1.033193,1.046988,1.047795,1.046833,1.039341,1.045206,1.040810,1.038313,1.040970,1.042500,1.042927,1.045957,0.986082,1.040657,1.045463,1.039590,1.043292,1.046058,1.050830,1.044222,1.037706,1.030200,1.028765,1.016008,0.994579,0.985814,0.997010,1.032094,1.044730,1.015847,0.986892,1.037157
9.979340,1.049556,1.053641,1.045647,1.035153,1.043136,1.046893,1.045536,1.033203,1.046995,1.047805,1.046844,1.039351,1.045216,1.040822,1.038326,1.040984,1.042512,1.042938,1.045974,0.986103,1.040673,1.045479,1.039608,1.043307,1.046064,1.050838,1.044232,1.037712,1.030206,1.028768,1.016017,0.994588,0.985827,0.997036,1.032107,1.044753,1.015850,0.986896,1.037163
9.987670,1.049562,1.053647,1.045656,1.035163,1.043146,1.046903,1.045546,1.033213,1.047003,1.047816,1.046854,1.039362,1.045227,1.040833,1.038340,1.040999,1.042525,1.042949,1.045991,0.986124,1.040688,1.045495,1.039625,1.043322,1.046069,1.050846,1.044242,1.037718,1.030211,1.028770,1.016027,0.994598,0.985840,0.997062,1.032121,1.044777,1.015852,0.986900,1.037169
9.996000,1.049568,1.053653,1.045665,1.035174,1.043157,1.046914,1.045557,1.033222,1.047010,1.047827,1.046865,1.039373,1.045238,1.040845,1.038354,1.041014,1.042537,1.042960,1.046008,0.986145,1.040704,1.045511,1.039643,1.043337,1.046074,1.050854,1.044252,1.037724,1.030217,1.028772,1.016036,0.994607,0.985853,0.997089,1.032134,1.044800,1.015855,0.986904,1.037174
10.000000,1.049571,1.053656,1.045670,1.035179,1.043162,1.046919,1.045562,1.033227,1.047014,1.047832,1.046870,1.039378,1.045243,1.040850,1.038361,1.041021,1.042543,1.042966,1.046017,0.986155,1.040711,1.045519,1.039652,1.043344,1.046077,1.050857,1.044257,1.037727,1.030219,1.028772,1.016041,0.994612,0.985859,0.997102,1.032141,1.044812,1.015856,0.986906,1.037177
10.000000,1.049571,1.053656,1.045670,1.035179,1.043162,1.046919,1.045562,1.033227,1.047014,1.047832,1.046870,1.039378,1.045244,1.040850,1.038361,1.041021,1.042543,1.042966,1.046017,0.986155,1.040711,1.045519,1.039652,1.043344,1.046077,1.050858,1.044257,1.037727,1.030219,1.028772,1.016041,0.994612,0.985859,0.997102,1.032141,1.044812,1.015856,0.986906,1.037177
