Results,B01,B02,B03,B04,B05,B06,B07,B08,B09,B10,B11,B12,B13,B14,B15,B16,B17,B18,B19,B20,B21,B22,B23,B24,B25,B26,B27,B28,B29,B30,B31,B32,B33,B34,B35,B36,B37,B38,B39
Time in s,u. Magnitude in p.u.,u. Magnitude in p.u.,u. Magnitude in p.u.,u. Magnitude in p.u.,u. Magnitude in p.u.,u. Magnitude in p.u.,u. Magnitude in p.u.,u. Magnitude in p.u.,u. Magnitude in p.u.,u. Magnitude in p.u.,u. Magnitude in p.u.,u. Magnitude in p.u.,u. Magnitude in p.u.,u. Magnitude in p.u.,u. Magnitude in p.u.,u. Magnitude in p.u.,u. Magnitude in p.u.,u. Magnitude in p.u.,u. Magnitude in p.u.,u. Magnitude in p.u.,u. Magnitude in p.u.,u. Magnitude in p.u.,u. Magnitude in p.u.,u. Magnitude in p.u.,u. Magnitude in p.u.,u. Magnitude in p.u.,u. Magnitude in p.u.,u. Magnitude in p.u.,u. Magnitude in p.u.,u. Magnitude in p.u.,u. Magnitude in p.u.,u. Magnitude in p.u.,u. Magnitude in p.u.,u. Magnitude in p.u.,u. Magnitude in p.u.,u. Magnitude in p.u.,u. Magnitude in p.u.,u. Magnitude in p.u.,u. Magnitude in p.u.
0.000000,1.046350,1.030728,1.021391,1.016225,1.034838,1.039861,1.029358,1.027868,1.047580,1.050027,1.045170,1.026691,1.042324,1.028221,1.015943,1.027174,1.028136,1.024166,1.050038,0.993442,1.026145,1.042826,1.033793,1.031690,1.050030,1.048940,1.034141,1.050040,1.048851,1.004895,1.032675,1.041518,1.003077,1.014597,1.050000,1.050000,1.031944,1.023937,1.041944
0.008330,1.046350,1.030728,1.021391,1.016225,1.034838,1.039861,1.029358,1.027868,1.047580,1.050027,1.045170,1.026691,1.042324,1.028221,1.015943,1.027174,1.028136,1.024166,1.050038,0.993442,1.026145,1.042826,1.033793,1.031690,1.050030,1.048940,1.034141,1.050040,1.048851,1.004895,1.032675,1.041518,1.003077,1.014597,1.050000,1.050000,1.031944,1.023937,1.041944
0.016660,1.046350,1.030728,1.021391,1.016225,1.034838,1.039861,1.029358,1.027868,1.047580,1.050027,1.045170,1.026691,1.042324,1.028221,1.015943,1.027174,1.028136,1.024166,1.050038,0.993442,1.026145,1.042826,1.033793,1.031690,1.050030,1.048940,1.034141,1.050040,1.048851,1.004895,1.032675,1.041518,1.003077,1.014597,1.050000,1.050000,1.031944,1.023937,1.041944
0.024990,1.046350,1.030728,1.021391,1.016225,1.034838,1.039861,1.029358,1.027868,1.047580,1.050027,1.045170,1.026691,1.042324,1.028221,1.015943,1.027174,1.028136,1.024166,1.050038,0.993442,1.026145,1.042826,1.033793,1.031690,1.050030,1.048940,1.034141,1.050040,1.048851,1.004895,1.032675,1.041518,1.003077,1.014597,1.050000,1.050000,1.031944,1.023937,1.041944
0.033320,1.046350,1.030728,1.021391,1.016225,1.034838,1.039861,1.029358,1.027868,1.047580,1.050027,1.045170,1.026691,1.042324,1.028221,1.015943,1.027174,1.028136,1.024166,1.050038,0.993442,1.026145,1.042826,1.033793,1.031690,1.050030,1.048940,1.034141,1.050040,1.048851,1.004895,1.032675,1.041518,1.003077,1.014597,1.050000,1.050000,1.031944,1.023937,1.041944
0.041650,1.046350,1.030728,1.021391,1.016225,1.034838,1.039861,1.029358,1.027868,1.047580,1.050027,1.045170,1.026691,1.042324,1.028221,1.015943,1.027174,1.028136,1.024166,1.050038,0.993442,1.026145,1.042826,1.033793,1.031690,1.050030,1.048940,1.034141,1.050040,1.048851,1.004895,1.032675,1.041518,1.003077,1.014597,1.050000,1.050000,1.031944,1.023937,1.041944
0.049980,1.046350,1.030728,1.021391,1.016225,1.034838,1.039861,1.029358,1.027868,1.047580,1.050027,1.045170,1.026691,1.042324,1.028221,1.015943,1.027174,1.028136,1.024166,1.050038,0.993442,1.026145,1.042826,1.033793,1.031690,1.050030,1.048940,1.034141,1.050040,1.048851,1.004895,1.032675,1.041518,1.003077,1.014597,1.050000,1.050000,1.031944,1.023937,1.041944
0.058310,1.046350,1.030728,1.021391,1.016225,1.034838,1.039861,1.029358,1.027868,1.047580,1.050027,1.045170,1.026691,1.042324,1.028221,1.015943,1.027174,1.028136,1.024166,1.050038,0.993442,1.026145,1.042826,1.033793,1.031690,1.050030,1.048940,1.034141,1.050040,1.048851,1.004895,1.032675,1.041518,1.003077,1.014597,1.050000,1.050000,1.031944,1.023937,1.041944
0.066640,1.046350,1.030728,1.021391,1.016225,1.034838,1.039861,1.029358,1.027868,1.047580,1.050027,1.045170,1.026691,1.042324,1.028221,1.015943,1.027174,1.028136,1.024166,1.050038,0.993442,1.026145,1.042826,1.033793,1.031690,1.050030,1.048940,1.034141,1.050040,1.048851,1.004895,1.032675,1.041518,1.003077,1.014597,1.050000,1.050000,1.031944,1.023937,1.041944
0.074970,1.046350,1.030728,1.021391,1.016225,1.034838,1.039861,1.029358,1.027868,1.047580,1.050027,1.045170,1.026691,1.042324,1.028221,1.015943,1.027174,1.028136,1.024166,1.050038,0.993442,1.026145,1.042826,1.033793,1.031690,1.050030,1.048940,1.034141,1.050040,1.048851,1.004895,1.032675,1.041518,1.003077,1.014597,1.050000,1.050000,1.031944,1.023937,1.041944
0.083300,1.046350,1.030728,1.021391,1.016225,1.034838,1.039861,1.029358,1.027868,1.047580,1.050027,1.045170,1.026691,1.042324,1.028221,1.015943,1.027174,1.028136,1.024166,1.050038,0.993442,1.026145,1.042826,1.033793,1.031690,1.050030,1.048940,1.034141,1.050040,1.048851,1.004895,1.032675,1.041518,1.003077,1.014597,1.050000,1.050000,1.031944,1.023937,1.041944
0.091630,1.046350,1.030728,1.021391,1.016225,1.034838,1.039861,1.029358,1.027868,1.047580,1.050027,1.045170,1.026691,1.042324,1.028221,1.015943,1.027174,1.028136,1.024166,1.050038,0.993442,1.026145,1.042826,1.033793,1.031690,1.050030,1.048940,1.034141,1.050040,1.048851,1.004895,1.032675,1.041518,1.003077,1.014597,1.050000,1.050000,1.031944,1.023937,1.041944
0.099960,1.046350,1.030728,1.021391,1.016225,1.034838,1.039861,1.029358,1.027868,1.047580,1.050027,1.045170,1.026691,1.042324,1.028221,1.015943,1.027174,1.028136,1.024166,1.050038,0.993442,1.026145,1.042826,1.033793,1.031690,1.050030,1.048940,1.034141,1.050040,1.048851,1.004895,1.032675,1.041518,1.003077,1.014597,1.050000,1.050000,1.031944,1.023937,1.041944
0.108290,1.046350,1.030728,1.021391,1.016225,1.034838,1.039861,1.029358,1.027868,1.047580,1.050027,1.045170,1.026691,1.042324,1.028221,1.015943,1.027174,1.028136,1.024166,1.050038,0.993442,1.026145,1.042826,1.033793,1.031690,1.050030,1.048940,1.034141,1.050040,1.048851,1.004895,1.032675,1.041518,1.003077,1.014597,1.050000,1.050000,1.031944,1.023937,1.041944
0.116620,1.046350,1.030728,1.021391,1.016225,1.034838,1.039861,1.029358,1.027868,1.047580,1.050027,1.045170,1.026691,1.042324,1.028221,1.015943,1.027174,1.028136,1.024166,1.050038,0.993442,1.026145,1.042826,1.033793,1.031690,1.050030,1.048940,1.034141,1.050040,1.048851,1.004895,1.032675,1.041518,1.003077,1.014597,1.050000,1.050000,1.031944,1.023937,1.041944
0.124950,1.046350,1.030728,1.021391,1.016225,1.034838,1.039861,1.029358,1.027868,1.047580,1.050027,1.045170,1.026691,1.042324,1.028221,1.015943,1.027174,1.028136,1.024166,1.050038,0.993442,1.026145,1.042826,1.033793,1.031690,1.050030,1.048940,1.034141,1.050040,1.048851,1.004895,1.032675,1.041518,1.003077,1.014597,1.050000,1.050000,1.031944,1.023937,1.041944
0.133280,1.046350,1.030728,1.021391,1.016225,1.034838,1.039861,1.029358,1.027868,1.047580,1.050027,1.045170,1.026691,1.042324,1.028221,1.015943,1.027174,1.028136,1.024166,1.050038,0.993442,1.026145,1.042826,1.033793,1.031690,1.050030,1.048940,1.034141,1.050040,1.048851,1.004895,1.032675,1.041518,1.003077,1.014597,1.050000,1.050000,1.031944,1.023937,1.041944
0.141610,1.046350,1.030728,1.021391,1.016225,1.034838,1.039861,1.029358,1.027868,1.047580,1.050027,1.045170,1.026691,1.042324,1.028221,1.015943,1.027174,1.028136,1.024166,1.050038,0.993442,1.026145,1.042826,1.033793,1.031690,1.050030,1.048940,1.034141,1.050040,1.048851,1.004895,1.032675,1.041518,1.003077,1.014597,1.050000,1.050000,1.031944,1.023937,1.041944
0.149940,1.046350,1.030728,1.021391,1.016225,1.034838,1.039861,1.029358,1.027868,1.047580,1.050027,1.045170,1.026691,1.042324,1.028221,1.015943,1.027174,1.028136,1.024166,1.050038,0.993442,1.026145,1.042826,1.033793,1.031690,1.050030,1.048940,1.034141,1.050040,1.048851,1.004895,1.032675,1.041518,1.003077,1.014597,1.050000,1.050000,1.031944,1.023937,1.041944
0.158270,1.046350,1.030728,1.021391,1.016225,1.034838,1.039861,1.029358,1.027868,1.047580,1.050027,1.045170,1.026691,1.042324,1.028221,1.015943,1.027174,1.028136,1.024166,1.050038,0.993442,1.026145,1.042826,1.033793,1.031690,1.050030,1.048940,1.034141,1.050040,1.048851,1.004895,1.032675,1.041518,1.003077,1.014597,1.050000,1.050000,1.031944,1.023937,1.041944
0.166600,1.046350,1.030728,1.021391,1.016225,1.034838,1.039861,1.029358,1.027868,1.047580,1.050027,1.045170,1.026691,1.042324,1.028221,1.015943,1.027174,1.028136,1.024166,1.050038,0.993442,1.026145,1.042826,1.033793,1.031690,1.050030,1.048940,1.034141,1.050040,1.048851,1.004895,1.032675,1.041518,1.003077,1.014597,1.050000,1.050000,1.031944,1.023937,1.041944
0.174930,1.046350,1.030728,1.021391,1.016225,1.034838,1.039861,1.029358,1.027868,1.047580,1.050027,1.045170,1.026691,1.042324,1.028221,1.015943,1.027174,1.028136,1.024166,1.050038,0.993442,1.026145,1.042826,1.033793,1.031690,1.050030,1.048940,1.034141,1.050040,1.048851,1.004895,1.032675,1.041518,1.003077,1.014597,1.050000,1.050000,1.031944,1.023937,1.041944
0.183260,1.046350,1.030728,1.021391,1.016225,1.034838,1.039861,1.029358,1.027868,1.047580,1.050027,1.045170,1.026691,1.042324,1.028221,1.015943,1.027174,1.028136,1.024166,1.050038,0.993442,1.026145,1.042826,1.033793,1.031690,1.050030,1.048940,1.034141,1.050040,1.048851,1.004895,1.032675,1.041518,1.003077,1.014597,1.050000,1.050000,1.031944,1.023937,1.041944
0.191590,1.046350,1.030728,1.021391,1.016225,1.034838,1.039861,1.029358,1.027868,1.047580,1.050027,1.045170,1.026691,1.042324,1.028221,1.015943,1.027174,1.028136,1.024166,1.050038,0.993442,1.026145,1.042826,1.033793,1.031690,1.050030,1.048940,1.034141,1.050040,1.048851,1.004895,1.032675,1.041518,1.003077,1.014597,1.050000,1.050000,1.031944,1.023937,1.041944
0.199920,1.041576,1.022700,1.008366,0.993835,1.000949,1.002899,0.996660,0.997179,1.032994,1.022618,1.014594,0.998432,1.016338,1.006153,1.003483,1.018104,1.018376,1.013162,1.044355,0.989434,1.018611,1.036865,1.027911,1.023603,1.042959,1.041615,1.025743,1.044549,1.043718,1.000458,0.935837,1.024366,0.999122,1.011644,1.045789,1.046215,1.027252,1.019945,1.039193
0.208250,1.040626,1.020938,1.005854,0.990463,0.997720,0.999699,0.993455,0.993960,1.031316,1.019584,1.011502,0.995353,1.013268,1.003005,1.000689,1.015601,1.015964,1.010710,1.042126,0.987542,1.016280,1.034731,1.025702,1.021120,1.041283,1.039704,1.023610,1.042877,1.042141,0.999364,0.932847,1.021971,0.997144,1.009951,1.044080,1.044166,1.025856,1.018622,1.038723
0.216580,1.039860,1.019505,1.003872,0.987934,0.995313,0.997311,0.991079,0.991581,1.030044,1.017289,1.009173,0.993028,1.010943,1.000609,0.998493,1.013598,1.014034,1.008759,1.040349,0.985987,1.014384,1.032970,1.023902,1.019124,1.039910,1.038139,1.021885,1.041482,1.040815,0.998442,0.930616,1.020123,0.995625,1.008534,1.042615,1.042554,1.024671,1.017492,1.038346
0.224910,1.039213,1.018284,1.002218,0.985883,0.993369,0.995382,0.989168,0.989671,1.029010,1.015425,1.007286,0.991140,1.009051,0.998653,0.996665,1.011911,1.012410,1.007122,1.038854,0.984664,1.012773,1.031460,1.022371,1.017439,1.038737,1.036803,1.020421,1.040277,1.039664,0.997637,0.928814,1.018615,0.994366,1.007326,1.041331,1.041213,1.023638,1.016501,1.038030
0.233240,1.038655,1.017229,1.000801,0.984140,0.991724,0.993751,0.987553,0.988057,1.028136,1.013845,1.005687,0.989538,1.007447,0.996990,0.995096,1.010458,1.011011,1.005716,1.037569,0.983520,1.011379,1.030149,1.021047,1.015982,1.037717,1.035643,1.019156,1.039224,1.038657,0.996925,0.927290,1.017343,0.993294,1.006282,1.040200,1.040075,1.022733,1.015632,1.037760
0.241570,1.038173,1.016318,0.999584,0.982631,0.990307,0.992345,0.986163,0.986669,1.027393,1.012484,1.004310,0.988158,1.006064,0.995556,0.993740,1.009201,1.009804,1.004505,1.036461,0.982525,1.010173,1.029013,1.019904,1.014717,1.036833,1.034640,1.018064,1.038309,1.037785,0.996300,0.925977,1.016253,0.992371,1.005376,1.039212,1.039106,1.021944,1.014881,1.037532
0.249900,1.037763,1.015544,0.998552,0.981330,0.989089,0.991139,0.984970,0.985479,1.026768,1.011313,1.003127,0.986972,1.004875,0.994324,0.992576,1.008125,1.008775,1.003475,1.035510,0.981665,1.009143,1.028043,1.018929,1.013628,1.036078,1.033787,1.017133,1.037529,1.037045,0.995761,0.924849,1.015319,0.991578,1.004594,1.038361,1.038288,1.021267,1.014247,1.037341
0.258230,1.037420,1.014903,0.997696,0.980223,0.988058,0.990118,0.983962,0.984473,1.026252,1.010319,1.002124,0.985966,1.003866,0.993282,0.991593,1.007220,1.007914,1.002616,1.034706,0.980931,1.008281,1.027231,1.018117,1.012705,1.035449,1.033077,1.016358,1.036882,1.036436,0.995307,0.923895,1.014522,0.990903,1.003927,1.037644,1.037613,1.020697,1.013730,1.037187
0.266560,1.037139,1.014384,0.997003,0.979301,0.987202,0.989269,0.983126,0.983640,1.025839,1.009489,1.001288,0.985127,1.003025,0.992416,0.990778,1.006475,1.007210,1.001917,1.034040,0.980313,1.007577,1.026569,1.017455,1.011939,1.034937,1.032503,1.015728,1.036361,1.035950,0.994932,0.923102,1.013851,0.990339,1.003368,1.037052,1.037071,1.020228,1.013325,1.037065
0.274890,1.036915,1.013973,0.996454,0.978547,0.986503,0.988577,0.982446,0.982963,1.025515,1.008806,1.000602,0.984437,1.002335,0.991709,0.990116,1.005873,1.006646,1.001360,1.033496,0.979801,1.007013,1.026040,1.016930,1.011316,1.034530,1.032051,1.015228,1.035955,1.035577,0.994630,0.922455,1.013289,0.989874,1.002909,1.036575,1.036649,1.019848,1.013022,1.036973
0.283220,1.036739,1.013652,0.996025,0.977937,0.985939,0.988018,0.981898,0.982419,1.025266,1.008248,1.000045,0.983876,1.001772,0.991138,0.989584,1.005394,1.006201,1.000922,1.033059,0.979384,1.006568,1.025626,1.016522,1.010815,1.034213,1.031702,1.014838,1.035647,1.035300,0.994390,0.921932,1.012820,0.989496,1.002539,1.036195,1.036334,1.019543,1.012807,1.036906
0.291550,1.036601,1.013401,0.995690,0.977445,0.985483,0.987565,0.981457,0.981981,1.025076,1.007791,0.999590,0.983418,1.001313,0.990674,0.989155,1.005011,1.005849,1.000576,1.032709,0.979046,1.006218,1.025302,1.016206,1.010413,1.033966,1.031434,1.014535,1.035417,1.035100,0.994200,0.921509,1.012426,0.989188,1.002246,1.035894,1.036106,1.019299,1.012661,1.036861
0.299880,1.036491,1.013198,0.995418,0.977039,0.985106,0.987190,0.981093,0.981621,1.024928,1.007408,0.999211,0.983036,1.000929,0.990289,0.988801,1.004700,1.005563,1.000296,1.032425,0.978771,1.005935,1.025044,1.015958,1.010085,1.033769,1.031225,1.014293,1.035245,1.034954,0.994047,0.921159,1.012090,0.988937,1.002016,1.035651,1.035945,1.019098,1.012566,1.036832
0.308210,1.036399,1.013024,0.995184,0.976691,0.984782,0.986868,0.980780,0.981313,1.024805,1.007076,0.998883,0.982704,1.000596,0.989956,0.988496,1.004433,1.005319,1.000055,1.032184,0.978542,1.005695,1.024828,1.015753,1.009804,1.033605,1.031051,1.014089,1.035109,1.034843,0.993918,0.920858,1.011794,0.988725,1.001833,1.035446,1.035830,1.018925,1.012503,1.036816
0.316540,1.036319,1.012862,0.994966,0.976373,0.984485,0.986573,0.980495,0.981031,1.024695,1.006770,0.998581,0.982400,1.000289,0.989649,0.988215,1.004188,1.005094,0.999832,1.031970,0.978342,1.005475,1.024631,1.015569,1.009549,1.033457,1.030895,1.013903,1.034991,1.034749,0.993804,0.920582,1.011522,0.988537,1.001683,1.035261,1.035743,1.018767,1.012455,1.036808
0.324870,1.036243,1.012699,0.994745,0.976065,0.984198,0.986286,0.980218,0.980758,1.024588,1.006474,0.998289,0.982105,0.999992,0.989349,0.987938,1.003947,1.004870,0.999608,1.031765,0.978159,1.005256,1.024437,1.015389,1.009300,1.033311,1.030739,1.013718,1.034875,1.034656,0.993694,0.920314,1.011263,0.988362,1.001555,1.035082,1.035668,1.018612,1.012410,1.036806
0.333200,1.036167,1.012526,0.994510,0.975751,0.983904,0.985994,0.979936,0.980479,1.024477,1.006175,0.997992,0.981805,0.999689,0.989041,0.987652,1.003696,1.004635,0.999372,1.031559,0.977982,1.005026,1.024234,1.015199,1.009043,1.033160,1.030574,1.013522,1.034751,1.034554,0.993584,0.920041,1.011007,0.988190,1.001436,1.034898,1.035593,1.018454,1.012357,1.036807
0.341530,1.036087,1.012339,0.994254,0.975420,0.983597,0.985688,0.979640,0.980186,1.024358,1.005863,0.997683,0.981492,0.999374,0.988717,0.987348,1.003427,1.004381,0.999116,1.031343,0.977801,1.004777,1.024013,1.014992,1.008770,1.032996,1.030394,1.013308,1.034612,1.034437,0.993469,0.919755,1.010748,0.988014,1.001319,1.034704,1.035511,1.018288,1.012292,1.036810
0.349860,1.036004,1.012137,0.993976,0.975069,0.983272,0.985365,0.979326,0.979877,1.024231,1.005537,0.997358,0.981164,0.999041,0.988373,0.987022,1.003137,1.004107,0.998839,1.031115,0.977613,1.004506,1.023774,1.014765,1.008477,1.032820,1.030195,1.013076,1.034457,1.034303,0.993350,0.919454,1.010484,0.987831,1.001198,1.034495,1.035417,1.018112,1.012211,1.036814
0.358190,1.035916,1.011923,0.993678,0.974697,0.982930,0.985025,0.978997,0.979551,1.024095,1.005195,0.997017,0.980820,0.998693,0.988011,0.986676,1.002828,1.003814,0.998543,1.030872,0.977416,1.004215,1.023515,1.014520,1.008164,1.032633,1.029980,1.012825,1.034285,1.034154,0.993226,0.919136,1.010214,0.987640,1.001071,1.034274,1.035309,1.017928,1.012116,1.036819
0.366520,1.035826,1.011699,0.993367,0.974310,0.982575,0.984673,0.978655,0.979213,1.023954,1.004843,0.996664,0.980463,0.998333,0.987634,0.986313,1.002503,1.003505,0.998232,1.030618,0.977210,1.003909,1.023243,1.014259,1.007835,1.032436,1.029753,1.012562,1.034101,1.033992,0.993099,0.918807,1.009940,0.987442,1.000936,1.034042,1.035188,1.017738,1.012010,1.036825
0.374850,1.035735,1.011472,0.993049,0.973914,0.982213,0.984315,0.978307,0.978870,1.023813,1.004485,0.996306,0.980101,0.997967,0.987249,0.985941,1.002168,1.003189,0.997914,1.030358,0.976998,1.003594,1.022961,1.013988,1.007497,1.032236,1.029519,1.012291,1.033910,1.033823,0.992973,0.918472,1.009666,0.987240,1.000796,1.033804,1.035058,1.017545,1.011897,1.036833
0.383180,1.035646,1.011246,0.992731,0.973517,0.981852,0.983957,0.977961,0.978527,1.023674,1.004127,0.995949,0.979740,0.997601,0.986863,0.985567,1.001832,1.002872,0.997595,1.030095,0.976783,1.003276,1.022678,1.013715,1.007156,1.032038,1.029285,1.012019,1.033717,1.033652,0.992851,0.918138,1.009395,0.987038,1.000653,1.033565,1.034922,1.017355,1.011783,1.036843
0.391510,1.035560,1.011028,0.992422,0.973127,0.981498,0.983607,0.977622,0.978192,1.023541,1.003777,0.995599,0.979385,0.997242,0.986485,0.985198,1.001501,1.002560,0.997283,1.029837,0.976570,1.002964,1.022398,1.013445,1.006818,1.031845,1.029056,1.011753,1.033529,1.033485,0.992735,0.917811,1.009133,0.986839,1.000510,1.033331,1.034785,1.017170,1.011671,1.036857
0.399840,1.035480,1.010821,0.992126,0.972751,0.981159,0.983270,0.977296,0.977872,1.023418,1.003440,0.995262,0.979044,0.996896,0.986120,0.984842,1.001181,1.002261,0.996984,1.029586,0.976363,1.002662,1.022129,1.013184,1.006491,1.031663,1.028838,1.011498,1.033350,1.033328,0.992629,0.917497,1.008882,0.986647,1.000371,1.033104,1.034649,1.016995,1.011566,1.036874
0.408170,1.035406,1.010629,0.991849,0.972394,0.980837,0.982952,0.976990,0.977570,1.023307,1.003121,0.994943,0.978721,0.996568,0.985774,0.984502,1.000877,1.001977,0.996701,1.029348,0.976165,1.002376,1.021873,1.012936,1.006180,1.031494,1.028634,1.011259,1.033183,1.033182,0.992534,0.917199,1.008646,0.986465,1.000238,1.032890,1.034519,1.016830,1.011471,1.036895
0.416500,1.035341,1.010453,0.991592,0.972060,0.980538,0.982656,0.976705,0.977289,1.023208,1.002822,0.994645,0.978418,0.996261,0.985450,0.984183,1.000592,1.001713,0.996439,1.029125,0.975979,1.002108,1.021634,1.012705,1.005887,1.031340,1.028447,1.011037,1.033031,1.033050,0.992452,0.916922,1.008427,0.986295,1.000114,1.032689,1.034397,1.016679,1.011387,1.036920
0.424830,1.035283,1.010294,0.991357,0.971751,0.980262,0.982382,0.976442,0.977031,1.023123,1.002545,0.994370,0.978138,0.995977,0.985149,0.983886,1.000327,1.001469,0.996197,1.028918,0.975807,1.001859,1.021412,1.012491,1.005614,1.031201,1.028278,1.010834,1.032895,1.032933,0.992384,0.916667,1.008226,0.986139,1.000000,1.032503,1.034285,1.016541,1.011315,1.036949
0.433160,1.035233,1.010151,0.991143,0.971467,0.980008,0.982131,0.976202,0.976795,1.023051,1.002291,0.994117,0.977881,0.995715,0.984872,0.983611,1.000082,1.001244,0.995975,1.028728,0.975648,1.001629,1.021207,1.012293,1.005362,1.031078,1.028125,1.010649,1.032774,1.032830,0.992329,0.916433,1.008044,0.985996,0.999899,1.032331,1.034181,1.016416,1.011255,1.036983
0.441490,1.035190,1.010023,0.990947,0.971206,0.979777,0.981902,0.975983,0.976581,1.022991,1.002057,0.993885,0.977644,0.995475,0.984616,0.983356,0.999855,1.001038,0.995771,1.028554,0.975504,1.001417,1.021018,1.012111,1.005128,1.030969,1.027987,1.010481,1.032666,1.032740,0.992287,0.916218,1.007879,0.985866,0.999808,1.032172,1.034087,1.016302,1.011204,1.037020
0.449820,1.035153,1.009908,0.990769,0.970967,0.979565,0.981692,0.975783,0.976385,1.022940,1.001843,0.993672,0.977427,0.995253,0.984380,0.983119,0.999645,1.000847,0.995583,1.028393,0.975372,1.001219,1.020842,1.011942,1.004911,1.030872,1.027862,1.010327,1.032570,1.032659,0.992256,0.916022,1.007731,0.985748,0.999728,1.032024,1.034001,1.016199,1.011160,1.037061
0.458150,1.035122,1.009803,0.990603,0.970745,0.979369,0.981498,0.975599,0.976205,1.022899,1.001645,0.993476,0.977227,0.995049,0.984160,0.982897,0.999448,1.000669,0.995409,1.028243,0.975251,1.001033,1.020677,1.011784,1.004707,1.030785,1.027748,1.010184,1.032482,1.032587,0.992235,0.915841,1.007599,0.985640,0.999658,1.031885,1.033921,1.016105,1.011123,1.037104
0.466480,1.035096,1.009707,0.990448,0.970537,0.979187,0.981319,0.975429,0.976039,1.022864,1.001462,0.993294,0.977040,0.994858,0.983955,0.982687,0.999261,1.000500,0.995244,1.028103,0.975139,1.000856,1.020519,1.011633,1.004514,1.030705,1.027642,1.010050,1.032401,1.032520,0.992224,0.915673,1.007479,0.985541,0.999596,1.031753,1.033846,1.016017,1.011088,1.037150
0.474810,1.035073,1.009619,0.990301,0.970342,0.979017,0.981151,0.975270,0.975884,1.022835,1.001290,0.993124,0.976865,0.994679,0.983761,0.982486,0.999082,1.000340,0.995087,1.027971,0.975034,1.000686,1.020368,1.011489,1.004330,1.030632,1.027542,1.009923,1.032325,1.032456,0.992220,0.915516,1.007372,0.985448,0.999540,1.031626,1.033774,1.015935,1.011055,1.037198
0.483140,1.035054,1.009535,0.990161,0.970156,0.978856,0.980992,0.975120,0.975738,1.022811,1.001129,0.992963,0.976700,0.994510,0.983576,0.982292,0.998909,1.000185,0.994936,1.027843,0.974935,1.000520,1.020220,1.011348,1.004151,1.030564,1.027445,1.009801,1.032250,1.032394,0.992223,0.915368,1.007276,0.985361,0.999489,1.031503,1.033705,1.015858,1.011022,1.037248
0.491470,1.035036,1.009457,0.990025,0.969977,0.978703,0.980840,0.974977,0.975599,1.022790,1.000976,0.992810,0.976544,0.994349,0.983398,0.982104,0.998740,1.000034,0.994790,1.027720,0.974840,1.000358,1.020075,1.011209,1.003977,1.030499,1.027352,1.009682,1.032178,1.032333,0.992233,0.915226,1.007190,0.985278,0.999441,1.031381,1.033636,1.015783,1.010988,1.037299
0.499800,1.035021,1.009382,0.989894,0.969805,0.978556,0.980695,0.974841,0.975466,1.022773,1.000830,0.992665,0.976394,0.994196,0.983226,0.981920,0.998575,0.999887,0.994647,1.027600,0.974749,1.000199,1.019932,1.011073,1.003806,1.030437,1.027261,1.009566,1.032106,1.032273,0.992247,0.915091,1.007112,0.985198,0.999396,1.031262,1.033568,1.015712,1.010953,1.037352
0.508130,1.035008,1.009311,0.989766,0.969639,0.978415,0.980557,0.974710,0.975339,1.022759,1.000692,0.992527,0.976251,0.994049,0.983061,0.981741,0.998412,0.999743,0.994508,1.027482,0.974660,1.000042,1.019791,1.010938,1.003639,1.030378,1.027172,1.009452,1.032036,1.032212,0.992266,0.914961,1.007043,0.985121,0.999353,1.031145,1.033501,1.015644,1.010917,1.037406
0.516460,1.034997,1.009243,0.989643,0.969478,0.978280,0.980424,0.974586,0.975218,1.022748,1.000560,0.992395,0.976115,0.993909,0.982902,0.981566,0.998254,0.999603,0.994373,1.027368,0.974574,0.999889,1.019653,1.010806,1.003476,1.030322,1.027086,1.009342,1.031966,1.032153,0.992290,0.914838,1.006983,0.985046,0.999312,1.031029,1.033435,1.015579,1.010879,1.037461
0.524790,1.034989,1.009181,0.989526,0.969325,0.978152,0.980299,0.974468,0.975104,1.022740,1.000437,0.992270,0.975987,0.993777,0.982749,0.981397,0.998100,0.999467,0.994243,1.027257,0.974490,0.999739,1.019518,1.010677,1.003316,1.030269,1.027003,1.009235,1.031899,1.032094,0.992317,0.914720,1.006932,0.984975,0.999272,1.030916,1.033370,1.015518,1.010842,1.037517
0.533120,1.034982,1.009122,0.989414,0.969178,0.978031,0.980180,0.974357,0.974996,1.022736,1.000322,0.992154,0.975866,0.993652,0.982604,0.981234,0.997951,0.999336,0.994118,1.027149,0.974410,0.999595,1.019387,1.010552,1.003162,1.030220,1.026924,1.009134,1.031835,1.032038,0.992349,0.914610,1.006890,0.984906,0.999235,1.030807,1.033307,1.015460,1.010806,1.037574
0.541450,1.034978,1.009070,0.989309,0.969040,0.977919,0.980070,0.974254,0.974896,1.022737,1.000215,0.992046,0.975754,0.993537,0.982468,0.981078,0.997809,0.999212,0.994000,1.027047,0.974334,0.999456,1.019262,1.010433,1.003014,1.030175,1.026849,1.009037,1.031774,1.031985,0.992385,0.914507,1.006857,0.984841,0.999200,1.030702,1.033247,1.015407,1.010770,1.037632
0.549780,1.034977,1.009023,0.989211,0.968911,0.977815,0.979969,0.974160,0.974805,1.022742,1.000119,0.991948,0.975652,0.993431,0.982341,0.980931,0.997674,0.999095,0.993889,1.026949,0.974261,0.999324,1.019142,1.010319,1.002874,1.030136,1.026781,1.008947,1.031717,1.031936,0.992424,0.914413,1.006835,0.984781,0.999168,1.030602,1.033191,1.015358,1.010738,1.037692
0.558110,1.034978,1.008982,0.989122,0.968792,0.977721,0.979878,0.974075,0.974723,1.022753,1.000033,0.991860,0.975560,0.993335,0.982224,0.980793,0.997547,0.998986,0.993787,1.026858,0.974194,0.999200,1.019030,1.010213,1.002741,1.030101,1.026718,1.008864,1.031666,1.031892,0.992467,0.914327,1.006823,0.984724,0.999139,1.030507,1.033139,1.015314,1.010708,1.037753
0.566440,1.034983,1.008947,0.989042,0.968684,0.977637,0.979797,0.974000,0.974651,1.022768,0.999958,0.991783,0.975479,0.993251,0.982118,0.980665,0.997429,0.998885,0.993692,1.026773,0.974132,0.999084,1.018925,1.010113,1.002618,1.030072,1.026662,1.008788,1.031620,1.031852,0.992512,0.914251,1.006821,0.984673,0.999115,1.030418,1.033092,1.015275,1.010681,1.037816
0.574770,1.034991,1.008919,0.988971,0.968586,0.977563,0.979726,0.973935,0.974588,1.022789,0.999894,0.991716,0.975409,0.993178,0.982024,0.980547,0.997321,0.998794,0.993608,1.026696,0.974076,0.998978,1.018828,1.010023,1.002503,1.030049,1.026613,1.008721,1.031581,1.031819,0.992562,0.914185,1.006830,0.984627,0.999095,1.030336,1.033051,1.015242,1.010660,1.037879
0.583100,1.035001,1.008895,0.988908,0.968500,0.977501,0.979666,0.973880,0.974536,1.022815,0.999842,0.991661,0.975351,0.993116,0.981940,0.980439,0.997221,0.998710,0.993531,1.026625,0.974025,0.998879,1.018739,1.009938,1.002398,1.030030,1.026570,1.008660,1.031546,1.031789,0.992611,0.914129,1.006851,0.984584,0.999079,1.030258,1.033014,1.015213,1.010640,1.037944
0.591430,1.035014,1.008879,0.988854,0.968425,0.977448,0.979616,0.973835,0.974493,1.022846,0.999801,0.991617,0.975303,0.993065,0.981868,0.980342,0.997131,0.998636,0.993463,1.026562,0.973982,0.998790,1.018658,1.009863,1.002302,1.030017,1.026535,1.008608,1.031518,1.031766,0.992665,0.914083,1.006881,0.984548,0.999069,1.030189,1.032984,1.015190,1.010626,1.038010
0.599760,1.035030,1.008867,0.988808,0.968360,0.977406,0.979577,0.973800,0.974460,1.022882,0.999771,0.991583,0.975266,0.993026,0.981807,0.980255,0.997049,0.998570,0.993404,1.026505,0.973943,0.998709,1.018584,1.009795,1.002215,1.030009,1.026505,1.008562,1.031495,1.031748,0.992718,0.914046,1.006923,0.984516,0.999062,1.030124,1.032958,1.015171,1.010615,1.038077
0.608090,1.035048,1.008860,0.988770,0.968306,0.977374,0.979548,0.973775,0.974437,1.022923,0.999752,0.991560,0.975240,0.992997,0.981756,0.980178,0.996976,0.998512,0.993352,1.026454,0.973910,0.998636,1.018517,1.009733,1.002136,1.030004,1.026481,1.008523,1.031477,1.031734,0.992772,0.914019,1.006975,0.984489,0.999060,1.030065,1.032937,1.015156,1.010608,1.038146
0.616420,1.035068,1.008856,0.988739,0.968262,0.977351,0.979528,0.973759,0.974422,1.022968,0.999743,0.991547,0.975225,0.992979,0.981716,0.980109,0.996911,0.998460,0.993308,1.026409,0.973882,0.998569,1.018456,1.009678,1.002065,1.030003,1.026462,1.008490,1.031463,1.031724,0.992825,0.914000,1.007038,0.984465,0.999061,1.030011,1.032920,1.015144,1.010603,1.038215
0.624750,1.035091,1.008857,0.988715,0.968227,0.977337,0.979516,0.973751,0.974415,1.023018,0.999744,0.991544,0.975218,0.992970,0.981684,0.980050,0.996853,0.998416,0.993270,1.026370,0.973859,0.998510,1.018402,1.009630,1.002002,1.030007,1.026448,1.008463,1.031455,1.031718,0.992878,0.913989,1.007109,0.984445,0.999067,1.029962,1.032909,1.015137,1.010602,1.038285
0.633080,1.035115,1.008861,0.988697,0.968200,0.977331,0.979513,0.973750,0.974417,1.023070,0.999755,0.991549,0.975221,0.992971,0.981662,0.979999,0.996802,0.998379,0.993239,1.026337,0.973841,0.998458,1.018354,1.009587,1.001947,1.030013,1.026439,1.008442,1.031450,1.031717,0.992930,0.913987,1.007190,0.984429,0.999077,1.029918,1.032901,1.015133,1.010604,1.038355
0.641410,1.035142,1.008868,0.988685,0.968182,0.977333,0.979519,0.973758,0.974425,1.023127,0.999774,0.991563,0.975232,0.992980,0.981649,0.979955,0.996758,0.998348,0.993214,1.026308,0.973827,0.998412,1.018311,1.009549,1.001897,1.030022,1.026434,1.008426,1.031449,1.031719,0.992982,0.913991,1.007279,0.984416,0.999089,1.029878,1.032897,1.015131,1.010608,1.038427
0.649740,1.035169,1.008878,0.988678,0.968171,0.977343,0.979531,0.973773,0.974441,1.023187,0.999801,0.991585,0.975252,0.992998,0.981643,0.979919,0.996721,0.998322,0.993195,1.026284,0.973817,0.998372,1.018273,1.009517,1.001855,1.030034,1.026433,1.008415,1.031452,1.031724,0.993031,0.914003,1.007377,0.984406,0.999104,1.029842,1.032896,1.015133,1.010616,1.038498
0.658070,1.035199,1.008891,0.988676,0.968168,0.977360,0.979551,0.973794,0.974464,1.023249,0.999837,0.991614,0.975279,0.993024,0.981646,0.979890,0.996689,0.998302,0.993181,1.026264,0.973810,0.998338,1.018240,1.009489,1.001818,1.030049,1.026436,1.008408,1.031459,1.031733,0.993079,0.914022,1.007483,0.984398,0.999122,1.029809,1.032898,1.015137,1.010626,1.038571
0.666400,1.035230,1.008905,0.988680,0.968172,0.977383,0.979578,0.973822,0.974492,1.023315,0.999880,0.991651,0.975315,0.993057,0.981656,0.979868,0.996663,0.998287,0.993173,1.026249,0.973807,0.998309,1.018212,1.009466,1.001787,1.030065,1.026443,1.008405,1.031468,1.031745,0.993124,0.914047,1.007596,0.984393,0.999142,1.029781,1.032903,1.015144,1.010638,1.038643
0.674730,1.035262,1.008922,0.988688,0.968183,0.977414,0.979611,0.973857,0.974527,1.023383,0.999931,0.991696,0.975357,0.993098,0.981674,0.979853,0.996644,0.998278,0.993169,1.026237,0.973807,0.998285,1.018189,1.009447,1.001762,1.030084,1.026453,1.008407,1.031481,1.031759,0.993167,0.914078,1.007718,0.984390,0.999165,1.029756,1.032910,1.015153,1.010654,1.038716
0.683060,1.035295,1.008942,0.988701,0.968200,0.977451,0.979651,0.973897,0.974569,1.023455,0.999990,0.991748,0.975407,0.993147,0.981698,0.979844,0.996630,0.998274,0.993171,1.026230,0.973810,0.998267,1.018170,1.009433,1.001743,1.030105,1.026467,1.008413,1.031497,1.031777,0.993209,0.914115,1.007847,0.984389,0.999189,1.029735,1.032920,1.015164,1.010671,1.038790
0.691390,1.035330,1.008963,0.988719,0.968225,0.977494,0.979698,0.973944,0.974616,1.023529,1.000056,0.991807,0.975465,0.993203,0.981730,0.979843,0.996621,0.998275,0.993178,1.026227,0.973816,0.998254,1.018156,1.009423,1.001729,1.030129,1.026484,1.008424,1.031516,1.031798,0.993247,0.914159,1.007983,0.984391,0.999215,1.029717,1.032931,1.015178,1.010692,1.038864
0.699720,1.035367,1.008987,0.988742,0.968256,0.977544,0.979751,0.973997,0.974669,1.023605,1.000130,0.991872,0.975529,0.993266,0.981770,0.979848,0.996619,0.998281,0.993190,1.026227,0.973825,0.998246,1.018147,1.009417,1.001721,1.030154,1.026505,1.008439,1.031539,1.031822,0.993284,0.914209,1.008126,0.984394,0.999243,1.029703,1.032945,1.015195,1.010715,1.038938
0.708050,1.035404,1.009012,0.988769,0.968294,0.977600,0.979811,0.974056,0.974728,1.023684,1.000210,0.991945,0.975600,0.993337,0.981816,0.979859,0.996622,0.998293,0.993207,1.026232,0.973837,0.998244,1.018142,1.009416,1.001719,1.030182,1.026529,1.008457,1.031565,1.031849,0.993317,0.914265,1.008276,0.984400,0.999272,1.029693,1.032961,1.015213,1.010741,1.039012
0.716380,1.035444,1.009040,0.988801,0.968339,0.977663,0.979877,0.974121,0.974793,1.023766,1.000298,0.992025,0.975679,0.993414,0.981869,0.979877,0.996630,0.998309,0.993229,1.026240,0.973852,0.998247,1.018141,1.009419,1.001722,1.030212,1.026556,1.008480,1.031594,1.031879,0.993349,0.914326,1.008433,0.984408,0.999303,1.029686,1.032978,1.015234,1.010770,1.039086
0.724710,1.035484,1.009070,0.988838,0.968390,0.977731,0.979949,0.974192,0.974863,1.023850,1.000392,0.992110,0.975764,0.993499,0.981929,0.979902,0.996644,0.998331,0.993255,1.026252,0.973869,0.998255,1.018145,1.009426,1.001731,1.030243,1.026587,1.008507,1.031625,1.031912,0.993378,0.914393,1.008597,0.984418,0.999336,1.029682,1.032997,1.015258,1.010801,1.039161
0.733040,1.035525,1.009101,0.988878,0.968447,0.977805,0.980026,0.974268,0.974938,1.023936,1.000492,0.992203,0.975855,0.993589,0.981996,0.979932,0.996664,0.998357,0.993286,1.026268,0.973889,0.998268,1.018153,1.009436,1.001745,1.030277,1.026621,1.008538,1.031660,1.031947,0.993404,0.914466,1.008766,0.984430,0.999370,1.029682,1.033017,1.015283,1.010834,1.039235
0.741370,1.035568,1.009134,0.988923,0.968510,0.977885,0.980109,0.974349,0.975019,1.024024,1.000599,0.992300,0.975952,0.993686,0.982068,0.979968,0.996688,0.998387,0.993322,1.026287,0.973912,0.998285,1.018164,1.009450,1.001764,1.030313,1.026658,1.008573,1.031697,1.031985,0.993427,0.914543,1.008940,0.984444,0.999405,1.029684,1.033038,1.015310,1.010870,1.039310
0.749700,1.035612,1.009168,0.988972,0.968578,0.977970,0.980198,0.974435,0.975104,1.024114,1.000711,0.992404,0.976055,0.993788,0.982147,0.980010,0.996717,0.998422,0.993362,1.026309,0.973937,0.998307,1.018180,1.009468,1.001788,1.030350,1.026697,1.008610,1.031737,1.032026,0.993448,0.914626,1.009120,0.984459,0.999441,1.029690,1.033060,1.015339,1.010908,1.039385
0.758030,1.035657,1.009204,0.989024,0.968651,0.978059,0.980290,0.974526,0.975194,1.024205,1.000828,0.992512,0.976162,0.993896,0.982230,0.980058,0.996751,0.998461,0.993405,1.026335,0.973964,0.998333,1.018198,1.009489,1.001816,1.030388,1.026739,1.008651,1.031779,1.032068,0.993466,0.914712,1.009304,0.984476,0.999477,1.029698,1.033083,1.015370,1.010947,1.039459
0.766360,1.035703,1.009240,0.989079,0.968729,0.978153,0.980387,0.974620,0.975287,1.024298,1.000950,0.992624,0.976274,0.994008,0.982318,0.980110,0.996788,0.998503,0.993452,1.026363,0.973993,0.998362,1.018220,1.009512,1.001848,1.030428,1.026783,1.008695,1.031822,1.032112,0.993480,0.914803,1.009490,0.984495,0.999515,1.029709,1.033106,1.015402,1.010988,1.039534
0.774690,1.035749,1.009278,0.989136,0.968811,0.978250,0.980488,0.974718,0.975384,1.024392,1.001075,0.992740,0.976390,0.994123,0.982411,0.980166,0.996829,0.998549,0.993502,1.026394,0.974023,0.998395,1.018245,1.009538,1.001884,1.030468,1.026828,1.008740,1.031867,1.032157,0.993492,0.914897,1.009680,0.984514,0.999552,1.029721,1.033129,1.015435,1.011030,1.039608
0.783020,1.035796,1.009315,0.989196,0.968897,0.978350,0.980592,0.974818,0.975483,1.024486,1.001204,0.992859,0.976509,0.994243,0.982507,0.980226,0.996874,0.998597,0.993554,1.026427,0.974055,0.998431,1.018272,1.009566,1.001924,1.030509,1.026875,1.008788,1.031913,1.032203,0.993499,0.914994,1.009870,0.984535,0.999589,1.029736,1.033151,1.015470,1.011073,1.039682
0.791350,1.035844,1.009353,0.989258,0.968985,0.978453,0.980698,0.974921,0.975585,1.024581,1.001334,0.992981,0.976631,0.994364,0.982606,0.980289,0.996921,0.998648,0.993609,1.026461,0.974088,0.998470,1.018301,1.009595,1.001966,1.030551,1.026923,1.008838,1.031960,1.032250,0.993504,0.915093,1.010062,0.984557,0.999627,1.029752,1.033173,1.015505,1.011117,1.039756
0.799680,1.035892,1.009390,0.989321,0.969076,0.978558,0.980806,0.975026,0.975689,1.024677,1.001467,0.993104,0.976754,0.994488,0.982708,0.980355,0.996971,0.998700,0.993665,1.026497,0.974121,0.998510,1.018331,1.009626,1.002011,1.030592,1.026972,1.008888,1.032007,1.032297,0.993504,0.915194,1.010253,0.984579,0.999664,1.029770,1.033194,1.015541,1.011161,1.039829
0.808010,1.035940,1.009427,0.989385,0.969169,0.978664,0.980915,0.975132,0.975793,1.024772,1.001600,0.993229,0.976879,0.994613,0.982811,0.980424,0.997023,0.998755,0.993723,1.026535,0.974155,0.998553,1.018363,1.009659,1.002058,1.030634,1.027021,1.008940,1.032055,1.032344,0.993501,0.915296,1.010443,0.984601,0.999700,1.029789,1.033215,1.015577,1.011205,1.039901
0.816340,1.035988,1.009463,0.989450,0.969263,0.978771,0.981025,0.975239,0.975899,1.024867,1.001734,0.993354,0.977004,0.994738,0.982916,0.980495,0.997077,0.998810,0.993782,1.026573,0.974189,0.998597,1.018397,1.009691,1.002106,1.030674,1.027070,1.008992,1.032102,1.032391,0.993494,0.915399,1.010631,0.984624,0.999735,1.029809,1.033233,1.015613,1.011248,1.039973
0.824670,1.036036,1.009499,0.989515,0.969359,0.978878,0.981135,0.975346,0.976005,1.024961,1.001868,0.993479,0.977129,0.994864,0.983022,0.980567,0.997132,0.998866,0.993841,1.026612,0.974223,0.998642,1.018431,1.009725,1.002157,1.030714,1.027119,1.009044,1.032148,1.032437,0.993483,0.915502,1.010816,0.984647,0.999769,1.029829,1.033251,1.015649,1.011291,1.040044
0.833000,1.036084,1.009533,0.989580,0.969454,0.978986,0.981246,0.975453,0.976111,1.025055,1.002001,0.993603,0.977254,0.994989,0.983128,0.980640,0.997188,0.998923,0.993901,1.026652,0.974257,0.998688,1.018465,1.009758,1.002208,1.030754,1.027167,1.009096,1.032194,1.032482,0.993468,0.915605,1.010998,0.984670,0.999802,1.029850,1.033266,1.015685,1.011332,1.040115
0.841330,1.036132,1.009566,0.989644,0.969550,0.979093,0.981356,0.975560,0.976216,1.025147,1.002133,0.993727,0.977378,0.995114,0.983234,0.980714,0.997244,0.998980,0.993961,1.026692,0.974291,0.998735,1.018500,1.009792,1.002260,1.030792,1.027215,1.009148,1.032239,1.032526,0.993449,0.915708,1.011176,0.984693,0.999833,1.029872,1.033280,1.015721,1.011373,1.040184
0.849660,1.036179,1.009597,0.989708,0.969646,0.979199,0.981465,0.975665,0.976320,1.025239,1.002263,0.993849,0.977501,0.995237,0.983339,0.980789,0.997301,0.999037,0.994021,1.026731,0.974324,0.998782,1.018535,1.009826,1.002312,1.030829,1.027261,1.009200,1.032283,1.032569,0.993426,0.915809,1.011350,0.984715,0.999863,1.029893,1.033292,1.015756,1.011412,1.040253
0.857990,1.036226,1.009627,0.989771,0.969741,0.979305,0.981572,0.975770,0.976424,1.025329,1.002391,0.993970,0.977622,0.995359,0.983444,0.980863,0.997358,0.999094,0.994080,1.026771,0.974357,0.998829,1.018570,1.009859,1.002365,1.030864,1.027307,1.009250,1.032325,1.032610,0.993399,0.915910,1.011519,0.984737,0.999891,1.029914,1.033302,1.015791,1.011450,1.040321
0.866320,1.036273,1.009656,0.989833,0.969835,0.979408,0.981678,0.975873,0.976526,1.025418,1.002517,0.994089,0.977741,0.995478,0.983547,0.980938,0.997415,0.999150,0.994138,1.026810,0.974389,0.998876,1.018605,1.009891,1.002417,1.030898,1.027351,1.009300,1.032366,1.032650,0.993368,0.916009,1.011684,0.984759,0.999917,1.029936,1.033310,1.015824,1.011485,1.040388
0.874650,1.036319,1.009683,0.989894,0.969928,0.979510,0.981783,0.975974,0.976626,1.025505,1.002641,0.994205,0.977858,0.995596,0.983649,0.981012,0.997472,0.999205,0.994196,1.026849,0.974419,0.998922,1.018639,1.009923,1.002470,1.030931,1.027394,1.009348,1.032404,1.032687,0.993334,0.916107,1.011842,0.984780,0.999942,1.029957,1.033316,1.015857,1.011519,1.040454
0.882980,1.036365,1.009708,0.989953,0.970020,0.979610,0.981885,0.976074,0.976725,1.025590,1.002761,0.994318,0.977972,0.995710,0.983749,0.981085,0.997527,0.999260,0.994252,1.026887,0.974449,0.998968,1.018672,1.009953,1.002521,1.030962,1.027434,1.009395,1.032441,1.032722,0.993297,0.916202,1.011995,0.984800,0.999964,1.029977,1.033319,1.015889,1.011550,1.040519
0.891310,1.036410,1.009732,0.990011,0.970109,0.979708,0.981985,0.976171,0.976821,1.025673,1.002878,0.994429,0.978083,0.995822,0.983847,0.981157,0.997583,0.999313,0.994307,1.026925,0.974478,0.999014,1.018705,1.009983,1.002573,1.030991,1.027474,1.009441,1.032476,1.032755,0.993257,0.916296,1.012142,0.984820,0.999985,1.029997,1.033321,1.015921,1.011579,1.040583
0.899640,1.036455,1.009753,0.990067,0.970197,0.979804,0.982082,0.976266,0.976915,1.025754,1.002991,0.994536,0.978191,0.995931,0.983942,0.981228,0.997637,0.999365,0.994361,1.026961,0.974505,0.999058,1.018737,1.010012,1.002623,1.031019,1.027511,1.009485,1.032508,1.032786,0.993213,0.916387,1.012283,0.984839,1.000004,1.030016,1.033320,1.015951,1.011606,1.040646
0.907970,1.036499,1.009774,0.990121,0.970283,0.979897,0.982177,0.976358,0.977006,1.025834,1.003101,0.994640,0.978296,0.996036,0.984035,0.981297,0.997690,0.999416,0.994413,1.026996,0.974532,0.999101,1.018768,1.010039,1.002672,1.031045,1.027546,1.009527,1.032538,1.032814,0.993168,0.916475,1.012417,0.984857,1.000021,1.030035,1.033317,1.015980,1.011630,1.040708
0.916300,1.036542,1.009792,0.990173,0.970366,0.979987,0.982269,0.976448,0.977095,1.025911,1.003207,0.994741,0.978397,0.996138,0.984126,0.981365,0.997741,0.999465,0.994464,1.027031,0.974557,0.999143,1.018797,1.010065,1.002720,1.031069,1.027580,1.009567,1.032566,1.032840,0.993120,0.916561,1.012545,0.984875,1.000036,1.030052,1.033312,1.016008,1.011651,1.040768
0.924630,1.036585,1.009809,0.990223,0.970447,0.980074,0.982357,0.976534,0.977181,1.025986,1.003309,0.994838,0.978494,0.996236,0.984213,0.981431,0.997791,0.999512,0.994513,1.027064,0.974580,0.999184,1.018825,1.010090,1.002767,1.031092,1.027611,1.009606,1.032591,1.032863,0.993070,0.916643,1.012667,0.984892,1.000049,1.030069,1.033304,1.016035,1.011669,1.040828
0.932960,1.036627,1.009825,0.990271,0.970525,0.980158,0.982443,0.976618,0.977264,1.026058,1.003407,0.994931,0.978588,0.996330,0.984297,0.981495,0.997840,0.999558,0.994559,1.027096,0.974603,0.999223,1.018852,1.010113,1.002812,1.031113,1.027640,1.009642,1.032613,1.032883,0.993018,0.916723,1.012782,0.984908,1.000060,1.030085,1.033295,1.016061,1.011685,1.040886
0.941290,1.036669,1.009839,0.990317,0.970600,0.980238,0.982525,0.976698,0.977344,1.026128,1.003500,0.995019,0.978677,0.996420,0.984379,0.981557,0.997886,0.999602,0.994604,1.027127,0.974624,0.999261,1.018877,1.010134,1.002856,1.031132,1.027667,1.009677,1.032633,1.032900,0.992965,0.916800,1.012890,0.984923,1.000070,1.030099,1.033283,1.016086,1.011698,1.040943
0.949620,1.036710,1.009851,0.990361,0.970672,0.980316,0.982603,0.976775,0.977420,1.026196,1.003589,0.995104,0.978763,0.996505,0.984456,0.981616,0.997931,0.999643,0.994647,1.027156,0.974643,0.999296,1.018901,1.010154,1.002898,1.031149,1.027692,1.009709,1.032651,1.032915,0.992911,0.916873,1.012992,0.984937,1.000078,1.030113,1.033270,1.016110,1.011707,1.040999
0.957950,1.036750,1.009863,0.990402,0.970741,0.980389,0.982678,0.976849,0.977493,1.026261,1.003673,0.995185,0.978844,0.996587,0.984530,0.981673,0.997974,0.999683,0.994687,1.027184,0.974661,0.999331,1.018924,1.010172,1.002938,1.031165,1.027714,1.009739,1.032666,1.032927,0.992857,0.916943,1.013086,0.984951,1.000084,1.030125,1.033254,1.016133,1.011714,1.041054
0.966280,1.036790,1.009872,0.990441,0.970807,0.980460,0.982749,0.976919,0.977563,1.026323,1.003752,0.995261,0.978920,0.996664,0.984601,0.981728,0.998015,0.999721,0.994726,1.027210,0.974678,0.999363,1.018944,1.010188,1.002976,1.031179,1.027734,1.009767,1.032678,1.032937,0.992801,0.917010,1.013174,0.984963,1.000089,1.030137,1.033237,1.016155,1.011718,1.041107
0.974610,1.036829,1.009881,0.990478,0.970869,0.980526,0.982817,0.976985,0.977629,1.026383,1.003827,0.995333,0.978993,0.996737,0.984668,0.981780,0.998054,0.999756,0.994762,1.027235,0.974694,0.999393,1.018963,1.010203,1.003012,1.031192,1.027752,1.009793,1.032687,1.032943,0.992745,0.917073,1.013256,0.984975,1.000092,1.030147,1.033218,1.016176,1.011719,1.041160
0.982940,1.036868,1.009889,0.990512,0.970929,0.980589,0.982880,0.977048,0.977692,1.026440,1.003897,0.995401,0.979061,0.996805,0.984730,0.981829,0.998090,0.999789,0.994796,1.027259,0.974708,0.999422,1.018981,1.010216,1.003046,1.031203,1.027768,1.009816,1.032694,1.032947,0.992690,0.917132,1.013330,0.984986,1.000094,1.030156,1.033198,1.016197,1.011717,1.041211
0.991270,1.036906,1.009895,0.990544,0.970984,0.980648,0.982940,0.977107,0.977751,1.026495,1.003962,0.995464,0.979124,0.996868,0.984790,0.981875,0.998125,0.999820,0.994827,1.027281,0.974721,0.999448,1.018996,1.010227,1.003078,1.031212,1.027782,1.009837,1.032699,1.032948,0.992634,0.917188,1.013398,0.984997,1.000095,1.030163,1.033176,1.016216,1.011713,1.041261
0.999600,1.036944,1.009901,0.990573,0.971037,0.980704,0.982996,0.977162,0.977806,1.026547,1.004022,0.995522,0.979183,0.996927,0.984845,0.981918,0.998157,0.999849,0.994857,1.027301,0.974733,0.999473,1.019010,1.010236,1.003108,1.031221,1.027793,1.009857,1.032701,1.032947,0.992579,0.917240,1.013460,0.985007,1.000094,1.030170,1.033152,1.016234,1.011705,1.041309
1.007930,1.036981,1.009905,0.990600,0.971086,0.980755,0.983048,0.977214,0.977857,1.026596,1.004078,0.995576,0.979238,0.996982,0.984896,0.981959,0.998187,0.999875,0.994884,1.027320,0.974744,0.999495,1.019023,1.010244,1.003136,1.031228,1.027802,1.009874,1.032701,1.032943,0.992525,0.917289,1.013514,0.985016,1.000093,1.030175,1.033127,1.016252,1.011695,1.041357
1.016260,1.037017,1.009909,0.990625,0.971131,0.980803,0.983096,0.977262,0.977905,1.026642,1.004128,0.995626,0.979287,0.997032,0.984943,0.981996,0.998214,0.999899,0.994908,1.027338,0.974753,0.999516,1.019033,1.010250,1.003161,1.031233,1.027810,1.009888,1.032698,1.032937,0.992472,0.917334,1.013563,0.985024,1.000091,1.030179,1.033101,1.016268,1.011683,1.041403
1.024590,1.037053,1.009912,0.990647,0.971172,0.980847,0.983140,0.977306,0.977950,1.026686,1.004174,0.995671,0.979333,0.997077,0.984987,0.982031,0.998240,0.999921,0.994931,1.027355,0.974762,0.999534,1.019042,1.010255,1.003185,1.031237,1.027815,1.009901,1.032693,1.032928,0.992419,0.917375,1.013605,0.985032,1.000088,1.030182,1.033074,1.016284,1.011668,1.041448
1.032920,1.037089,1.009914,0.990667,0.971211,0.980887,0.983181,0.977346,0.977990,1.026727,1.004215,0.995712,0.979373,0.997117,0.985026,0.982063,0.998263,0.999941,0.994951,1.027370,0.974769,0.999551,1.019050,1.010258,1.003206,1.031241,1.027819,1.009912,1.032686,1.032917,0.992368,0.917413,1.013641,0.985039,1.000084,1.030184,1.033046,1.016300,1.011650,1.041491
1.041250,1.037124,1.009915,0.990684,0.971245,0.980923,0.983217,0.977383,0.978027,1.026766,1.004251,0.995748,0.979409,0.997153,0.985061,0.982091,0.998283,0.999958,0.994969,1.027383,0.974776,0.999565,1.019056,1.010259,1.003225,1.031243,1.027820,1.009920,1.032677,1.032904,0.992318,0.917446,1.013670,0.985046,1.000080,1.030184,1.033017,1.016314,1.011630,1.041534
1.049580,1.037158,1.009916,0.990700,0.971276,0.980955,0.983249,0.977415,0.978060,1.026802,1.004282,0.995779,0.979441,0.997185,0.985092,0.982117,0.998302,0.999974,0.994984,1.027396,0.974782,0.999578,1.019060,1.010259,1.003242,1.031243,1.027820,1.009927,1.032666,1.032889,0.992270,0.917477,1.013694,0.985052,1.000076,1.030184,1.032988,1.016328,1.011609,1.041575
1.057910,1.037192,1.009916,0.990713,0.971303,0.980984,0.983278,0.977444,0.978089,1.026835,1.004308,0.995806,0.979468,0.997211,0.985120,0.982139,0.998318,0.999987,0.994998,1.027407,0.974787,0.999589,1.019063,1.010257,1.003257,1.031243,1.027818,1.009932,1.032653,1.032873,0.992223,0.917503,1.013711,0.985058,1.000071,1.030183,1.032957,1.016342,1.011585,1.041615
1.066240,1.037226,1.009916,0.990723,0.971327,0.981009,0.983302,0.977469,0.978115,1.026866,1.004330,0.995829,0.979491,0.997234,0.985143,0.982159,0.998332,0.999998,0.995009,1.027417,0.974792,0.999597,1.019064,1.010254,1.003270,1.031242,1.027814,1.009934,1.032638,1.032854,0.992178,0.917526,1.013723,0.985063,1.000067,1.030180,1.032927,1.016354,1.011559,1.041654
1.074570,1.037259,1.009915,0.990732,0.971347,0.981030,0.983323,0.977491,0.978137,1.026894,1.004347,0.995848,0.979509,0.997252,0.985163,0.982176,0.998344,1.000007,0.995018,1.027426,0.974795,0.999604,1.019064,1.010250,1.003280,1.031240,1.027809,1.009935,1.032622,1.032834,0.992135,0.917546,1.013728,0.985068,1.000062,1.030177,1.032895,1.016367,1.011532,1.041692
1.082900,1.037291,1.009913,0.990738,0.971364,0.981047,0.983340,0.977509,0.978155,1.026919,1.004359,0.995862,0.979523,0.997265,0.985178,0.982190,0.998353,1.000013,0.995025,1.027434,0.974799,0.999610,1.019062,1.010244,1.003289,1.031237,1.027802,1.009935,1.032604,1.032812,0.992093,0.917561,1.013728,0.985073,1.000057,1.030173,1.032864,1.016379,1.011503,1.041729
1.091230,1.037323,1.009911,0.990742,0.971377,0.981060,0.983353,0.977523,0.978170,1.026942,1.004367,0.995872,0.979533,0.997274,0.985190,0.982201,0.998361,1.000018,0.995030,1.027441,0.974802,0.999613,1.019059,1.010237,1.003296,1.031234,1.027794,1.009932,1.032585,1.032788,0.992053,0.917574,1.013723,0.985077,1.000053,1.030168,1.032832,1.016390,1.011473,1.041764
1.099560,1.037354,1.009909,0.990745,0.971387,0.981070,0.983362,0.977534,0.978182,1.026962,1.004371,0.995877,0.979538,0.997279,0.985198,0.982209,0.998366,1.000021,0.995033,1.027446,0.974804,0.999615,1.019055,1.010229,1.003300,1.031229,1.027784,1.009928,1.032564,1.032764,0.992015,0.917582,1.013712,0.985081,1.000049,1.030162,1.032800,1.016401,1.011441,1.041798
1.107890,1.037385,1.009906,0.990745,0.971393,0.981077,0.983368,0.977541,0.978189,1.026980,1.004369,0.995879,0.979539,0.997279,0.985202,0.982215,0.998370,1.000022,0.995034,1.027451,0.974807,0.999615,1.019050,1.010220,1.003303,1.031223,1.027773,1.009922,1.032542,1.032738,0.991979,0.917588,1.013696,0.985085,1.000046,1.030156,1.032768,1.016411,1.011408,1.041831
1.116220,1.037415,1.009903,0.990743,0.971396,0.981079,0.983370,0.977544,0.978194,1.026995,1.004364,0.995876,0.979536,0.997276,0.985203,0.982218,0.998372,1.000021,0.995033,1.027455,0.974809,0.999613,1.019044,1.010210,1.003304,1.031217,1.027761,1.009915,1.032519,1.032711,0.991944,0.917590,1.013674,0.985089,1.000043,1.030149,1.032737,1.016421,1.011374,1.041863
1.124550,1.037445,1.009900,0.990739,0.971396,0.981079,0.983369,0.977544,0.978195,1.027008,1.004354,0.995870,0.979529,0.997268,0.985200,0.982218,0.998371,1.000019,0.995031,1.027459,0.974811,0.999610,1.019037,1.010199,1.003304,1.031211,1.027747,1.009906,1.032495,1.032683,0.991912,0.917588,1.013647,0.985093,1.000041,1.030141,1.032705,1.016431,1.011340,1.041894
1.132880,1.037473,1.009895,0.990733,0.971393,0.981074,0.983364,0.977541,0.978192,1.027019,1.004341,0.995860,0.979519,0.997257,0.985193,0.982215,0.998369,1.000014,0.995026,1.027461,0.974812,0.999606,1.019028,1.010187,1.003301,1.031203,1.027732,1.009896,1.032469,1.032654,0.991879,0.917584,1.013617,0.985096,1.000039,1.030132,1.032673,1.016440,1.011304,1.041924
1.141210,1.037502,1.009890,0.990725,0.971386,0.981067,0.983356,0.977535,0.978187,1.027027,1.004323,0.995846,0.979504,0.997241,0.985184,0.982211,0.998365,1.000008,0.995020,1.027463,0.974814,0.999600,1.019019,1.010175,1.003297,1.031194,1.027717,1.009884,1.032444,1.032625,0.991849,0.917576,1.013581,0.985099,1.000039,1.030123,1.032643,1.016449,1.011269,1.041953
1.149540,1.037530,1.009885,0.990715,0.971377,0.981057,0.983344,0.977525,0.978178,1.027033,1.004302,0.995828,0.979486,0.997222,0.985170,0.982204,0.998360,1.000000,0.995012,1.027464,0.974816,0.999593,1.019009,1.010161,1.003292,1.031185,1.027700,1.009872,1.032417,1.032595,0.991821,0.917566,1.013539,0.985103,1.000039,1.030114,1.032612,1.016458,1.011233,1.041980
1.157870,1.037557,1.009880,0.990704,0.971364,0.981043,0.983329,0.977513,0.978166,1.027037,1.004276,0.995807,0.979464,0.997199,0.985154,0.982194,0.998353,0.999991,0.995002,1.027465,0.974818,0.999585,1.018998,1.010148,1.003285,1.031176,1.027683,1.009858,1.032390,1.032565,0.991795,0.917552,1.013494,0.985106,1.000040,1.030105,1.032582,1.016466,1.011196,1.042007
1.166200,1.037583,1.009874,0.990691,0.971349,0.981026,0.983311,0.977497,0.978152,1.027039,1.004247,0.995782,0.979438,0.997173,0.985134,0.982183,0.998345,0.999981,0.994991,1.027466,0.974820,0.999576,1.018987,1.010134,1.003277,1.031166,1.027665,1.009843,1.032363,1.032534,0.991769,0.917535,1.013443,0.985110,1.000043,1.030096,1.032553,1.016474,1.011160,1.042032
1.174530,1.037609,1.009868,0.990676,0.971330,0.981006,0.983290,0.977478,0.978134,1.027038,1.004214,0.995753,0.979409,0.997143,0.985112,0.982169,0.998335,0.999969,0.994979,1.027466,0.974823,0.999566,1.018976,1.010119,1.003267,1.031156,1.027646,1.009827,1.032336,1.032503,0.991746,0.917515,1.013388,0.985114,1.000047,1.030086,1.032526,1.016483,1.011124,1.042056
1.182860,1.037635,1.009862,0.990660,0.971309,0.980983,0.983266,0.977456,0.978113,1.027035,1.004178,0.995722,0.979377,0.997110,0.985087,0.982154,0.998325,0.999957,0.994965,1.027466,0.974826,0.999555,1.018964,1.010105,1.003257,1.031145,1.027627,1.009811,1.032308,1.032473,0.991723,0.917493,1.013329,0.985118,1.000053,1.030077,1.032499,1.016491,1.011088,1.042080
1.191190,1.037659,1.009856,0.990643,0.971286,0.980957,0.983240,0.977432,0.978090,1.027031,1.004138,0.995687,0.979342,0.997073,0.985059,0.982137,0.998313,0.999943,0.994951,1.027466,0.974830,0.999544,1.018952,1.010091,1.003246,1.031134,1.027608,1.009794,1.032280,1.032442,0.991702,0.917468,1.013266,0.985123,1.000060,1.030068,1.032473,1.016498,1.011052,1.042102
1.199520,1.037684,1.009849,0.990625,0.971260,0.980929,0.983211,0.977405,0.978064,1.027025,1.004096,0.995650,0.979304,0.997035,0.985028,0.982119,0.998301,0.999929,0.994935,1.027467,0.974834,0.999533,1.018940,1.010077,1.003234,1.031123,1.027588,1.009776,1.032253,1.032412,0.991682,0.917441,1.013200,0.985128,1.000068,1.030059,1.032449,1.016506,1.011017,1.042123
1.207850,1.037707,1.009842,0.990605,0.971233,0.980899,0.983179,0.977376,0.978037,1.027017,1.004051,0.995610,0.979264,0.996993,0.984996,0.982099,0.998288,0.999914,0.994919,1.027467,0.974840,0.999521,1.018929,1.010063,1.003222,1.031112,1.027568,1.009759,1.032226,1.032383,0.991663,0.917412,1.013131,0.985133,1.000078,1.030051,1.032427,1.016514,1.010983,1.042144
1.216180,1.037730,1.009835,0.990585,0.971203,0.980868,0.983146,0.977346,0.978007,1.027008,1.004004,0.995569,0.979222,0.996950,0.984962,0.982079,0.998275,0.999898,0.994902,1.027468,0.974846,0.999509,1.018918,1.010050,1.003209,1.031100,1.027548,1.009740,1.032199,1.032354,0.991645,0.917381,1.013059,0.985139,1.000091,1.030043,1.032406,1.016522,1.010950,1.042163
1.224510,1.037753,1.009828,0.990564,0.971173,0.980834,0.983112,0.977313,0.977976,1.026997,1.003955,0.995526,0.979178,0.996905,0.984927,0.982058,0.998261,0.999882,0.994884,1.027470,0.974853,0.999497,1.018907,1.010038,1.003196,1.031089,1.027529,1.009722,1.032173,1.032325,0.991628,0.917348,1.012986,0.985146,1.000104,1.030036,1.032387,1.016530,1.010918,1.042182
1.232840,1.037775,1.009822,0.990543,0.971141,0.980800,0.983076,0.977280,0.977944,1.026985,1.003906,0.995481,0.979133,0.996859,0.984890,0.982036,0.998248,0.999867,0.994867,1.027472,0.974862,0.999486,1.018897,1.010026,1.003183,1.031078,1.027510,1.009705,1.032148,1.032298,0.991612,0.917315,1.012912,0.985154,1.000120,1.030030,1.032371,1.016539,1.010887,1.042200
1.241170,1.037797,1.009815,0.990522,0.971108,0.980764,0.983039,0.977246,0.977910,1.026972,1.003855,0.995436,0.979087,0.996812,0.984853,0.982014,0.998234,0.999851,0.994850,1.027476,0.974871,0.999475,1.018889,1.010016,1.003171,1.031068,1.027491,1.009687,1.032124,1.032272,0.991597,0.917281,1.012838,0.985163,1.000139,1.030025,1.032356,1.016548,1.010858,1.042217
1.249500,1.037819,1.009809,0.990500,0.971075,0.980728,0.983002,0.977211,0.977876,1.026959,1.003804,0.995391,0.979041,0.996765,0.984816,0.981992,0.998222,0.999836,0.994833,1.027480,0.974883,0.999466,1.018881,1.010007,1.003159,1.031058,1.027473,1.009670,1.032101,1.032248,0.991583,0.917246,1.012764,0.985173,1.000159,1.030021,1.032344,1.016557,1.010830,1.042233
1.257830,1.037840,1.009804,0.990479,0.971042,0.980692,0.982965,0.977176,0.977842,1.026944,1.003754,0.995345,0.978995,0.996719,0.984778,0.981971,0.998210,0.999822,0.994816,1.027486,0.974896,0.999457,1.018875,1.010000,1.003149,1.031048,1.027456,1.009654,1.032079,1.032225,0.991570,0.917211,1.012692,0.985184,1.000181,1.030019,1.032334,1.016567,1.010804,1.042248
1.266160,1.037862,1.009799,0.990459,0.971009,0.980657,0.982928,0.977141,0.977808,1.026930,1.003704,0.995301,0.978949,0.996673,0.984742,0.981951,0.998199,0.999809,0.994800,1.027493,0.974911,0.999449,1.018870,1.009994,1.003139,1.031040,1.027441,1.009640,1.032059,1.032203,0.991559,0.917177,1.012621,0.985197,1.000206,1.030018,1.032327,1.016578,1.010780,1.042264
1.274490,1.037883,1.009795,0.990439,0.970977,0.980622,0.982892,0.977107,0.977775,1.026915,1.003656,0.995257,0.978905,0.996628,0.984706,0.981932,0.998190,0.999796,0.994786,1.027502,0.974927,0.999444,1.018867,1.009991,1.003130,1.031032,1.027426,1.009626,1.032040,1.032184,0.991548,0.917143,1.012553,0.985211,1.000234,1.030019,1.032323,1.016589,1.010758,1.042278
1.282820,1.037904,1.009792,0.990421,0.970946,0.980588,0.982857,0.977073,0.977742,1.026901,1.003609,0.995215,0.978862,0.996584,0.984671,0.981913,0.998182,0.999785,0.994772,1.027512,0.974946,0.999439,1.018866,1.009989,1.003123,1.031025,1.027413,1.009614,1.032024,1.032166,0.991538,0.917110,1.012488,0.985226,1.000264,1.030022,1.032322,1.016601,1.010738,1.042292
1.291150,1.037926,1.009790,0.990404,0.970916,0.980556,0.982824,0.977042,0.977711,1.026886,1.003565,0.995175,0.978822,0.996543,0.984639,0.981898,0.998176,0.999777,0.994761,1.027526,0.974967,0.999438,1.018868,1.009990,1.003119,1.031020,1.027403,1.009604,1.032009,1.032151,0.991530,0.917080,1.012428,0.985244,1.000298,1.030027,1.032325,1.016615,1.010721,1.042305
1.299480,1.037947,1.009789,0.990388,0.970888,0.980525,0.982792,0.977011,0.977681,1.026872,1.003522,0.995137,0.978784,0.996504,0.984608,0.981883,0.998172,0.999770,0.994751,1.027541,0.974991,0.999438,1.018872,1.009994,1.003116,1.031016,1.027393,1.009595,1.031997,1.032137,0.991523,0.917050,1.012371,0.985264,1.000333,1.030034,1.032331,1.016630,1.010706,1.042319
1.307810,1.037969,1.009790,0.990375,0.970862,0.980497,0.982764,0.976983,0.977654,1.026859,1.003484,0.995103,0.978749,0.996469,0.984581,0.981872,0.998171,0.999765,0.994743,1.027559,0.975017,0.999441,1.018879,1.010001,1.003116,1.031014,1.027387,1.009589,1.031987,1.032127,0.991517,0.917023,1.012320,0.985286,1.000372,1.030045,1.032341,1.016646,1.010695,1.042331
1.316140,1.037991,1.009792,0.990364,0.970838,0.980471,0.982737,0.976957,0.977628,1.026846,1.003448,0.995071,0.978717,0.996436,0.984555,0.981863,0.998172,0.999763,0.994738,1.027579,0.975046,0.999446,1.018888,1.010011,1.003118,1.031014,1.027382,1.009585,1.031980,1.032119,0.991512,0.916998,1.012273,0.985310,1.000414,1.030057,1.032354,1.016663,1.010685,1.042344
1.324470,1.038013,1.009796,0.990355,0.970817,0.980448,0.982713,0.976934,0.977605,1.026834,1.003417,0.995043,0.978689,0.996407,0.984534,0.981857,0.998176,0.999763,0.994735,1.027603,0.975077,0.999455,1.018901,1.010024,1.003123,1.031015,1.027380,1.009584,1.031975,1.032114,0.991509,0.916976,1.012234,0.985337,1.000460,1.030073,1.032372,1.016682,1.010679,1.042356
1.332800,1.038036,1.009802,0.990348,0.970799,0.980428,0.982692,0.976913,0.977584,1.026823,1.003389,0.995018,0.978663,0.996382,0.984515,0.981854,0.998183,0.999767,0.994735,1.027629,0.975112,0.999467,1.018917,1.010040,1.003131,1.031019,1.027380,1.009585,1.031973,1.032112,0.991508,0.916956,1.012199,0.985366,1.000508,1.030091,1.032393,1.016703,1.010675,1.042368
1.341130,1.038059,1.009810,0.990345,0.970785,0.980411,0.982675,0.976896,0.977566,1.026814,1.003366,0.994998,0.978643,0.996361,0.984501,0.981855,0.998194,0.999773,0.994738,1.027659,0.975150,0.999483,1.018937,1.010061,1.003143,1.031025,1.027384,1.009589,1.031975,1.032113,0.991508,0.916941,1.012173,0.985398,1.000560,1.030113,1.032419,1.016725,1.010675,1.042379
1.349460,1.038083,1.009820,0.990345,0.970773,0.980398,0.982662,0.976882,0.977552,1.026805,1.003348,0.994982,0.978627,0.996345,0.984490,0.981859,0.998208,0.999783,0.994744,1.027692,0.975191,0.999502,1.018961,1.010085,1.003158,1.031033,1.027390,1.009597,1.031979,1.032118,0.991510,0.916928,1.012152,0.985433,1.000615,1.030138,1.032449,1.016750,1.010678,1.042391
1.357790,1.038108,1.009832,0.990347,0.970765,0.980387,0.982651,0.976870,0.977540,1.026798,1.003333,0.994969,0.978614,0.996332,0.984482,0.981866,0.998225,0.999795,0.994753,1.027728,0.975234,0.999523,1.018986,1.010112,1.003176,1.031043,1.027399,1.009607,1.031986,1.032124,0.991513,0.916918,1.012135,0.985469,1.000673,1.030165,1.032482,1.016776,1.010683,1.042402
1.366120,1.038134,1.009848,0.990353,0.970761,0.980382,0.982646,0.976863,0.977533,1.026794,1.003325,0.994962,0.978607,0.996325,0.984481,0.981879,0.998248,0.999813,0.994767,1.027769,0.975283,0.999551,1.019018,1.010145,1.003199,1.031057,1.027412,1.009622,1.031997,1.032135,0.991519,0.916913,1.012128,0.985511,1.000736,1.030198,1.032522,1.016804,1.010693,1.042414
1.374450,1.038160,1.009865,0.990363,0.970761,0.980381,0.982644,0.976860,0.977529,1.026790,1.003322,0.994960,0.978605,0.996324,0.984483,0.981896,0.998274,0.999834,0.994784,1.027813,0.975334,0.999582,1.019053,1.010182,1.003226,1.031073,1.027428,1.009639,1.032011,1.032149,0.991527,0.916912,1.012128,0.985555,1.000802,1.030233,1.032565,1.016835,1.010706,1.042426
1.382780,1.038187,1.009886,0.990377,0.970766,0.980384,0.982648,0.976862,0.977529,1.026789,1.003324,0.994963,0.978609,0.996327,0.984491,0.981917,0.998304,0.999859,0.994805,1.027862,0.975390,0.999617,1.019093,1.010223,1.003257,1.031092,1.027448,1.009661,1.032029,1.032167,0.991537,0.916915,1.012135,0.985602,1.000872,1.030273,1.032614,1.016868,1.010723,1.042437
1.391110,1.038215,1.009908,0.990394,0.970775,0.980390,0.982654,0.976866,0.977533,1.026789,1.003331,0.994970,0.978616,0.996335,0.984502,0.981942,0.998338,0.999887,0.994829,1.027913,0.975448,0.999655,1.019136,1.010267,1.003291,1.031114,1.027470,1.009686,1.032050,1.032188,0.991548,0.916921,1.012148,0.985652,1.000944,1.030315,1.032665,1.016903,1.010741,1.042449
1.399440,1.038245,1.009936,0.990416,0.970789,0.980403,0.982668,0.976877,0.977542,1.026792,1.003346,0.994985,0.978632,0.996351,0.984521,0.981974,0.998378,0.999922,0.994859,1.027971,0.975512,0.999701,1.019185,1.010319,1.003332,1.031140,1.027498,1.009716,1.032076,1.032214,0.991564,0.916934,1.012171,0.985707,1.001023,1.030363,1.032724,1.016942,1.010765,1.042460
1.407770,1.038275,1.009965,0.990443,0.970809,0.980421,0.982686,0.976892,0.977556,1.026796,1.003366,0.995006,0.978653,0.996372,0.984545,0.982010,0.998422,0.999961,0.994894,1.028032,0.975579,0.999750,1.019239,1.010374,1.003377,1.031168,1.027530,1.009750,1.032105,1.032243,0.991581,0.916950,1.012202,0.985765,1.001104,1.030415,1.032787,1.016983,1.010793,1.042472
1.416100,1.038307,1.009999,0.990474,0.970833,0.980444,0.982709,0.976912,0.977574,1.026804,1.003393,0.995032,0.978680,0.996400,0.984574,0.982052,0.998472,1.000004,0.994933,1.028098,0.975650,0.999805,1.019297,1.010435,1.003428,1.031201,1.027565,1.009789,1.032138,1.032276,0.991601,0.916972,1.012241,0.985827,1.001189,1.030471,1.032856,1.017027,1.010824,1.042484
1.424430,1.038339,1.010035,0.990508,0.970862,0.980471,0.982736,0.976936,0.977596,1.026813,1.003425,0.995063,0.978711,0.996432,0.984608,0.982098,0.998526,1.000051,0.994975,1.028168,0.975725,0.999863,1.019359,1.010499,1.003482,1.031236,1.027604,1.009831,1.032175,1.032312,0.991624,0.916998,1.012284,0.985892,1.001278,1.030530,1.032927,1.017073,1.010858,1.042496
1.432760,1.038373,1.010076,0.990550,0.970898,0.980505,0.982771,0.976966,0.977625,1.026825,1.003466,0.995102,0.978751,0.996474,0.984651,0.982152,0.998587,1.000105,0.995025,1.028245,0.975806,0.999929,1.019429,1.010571,1.003543,1.031276,1.027649,1.009880,1.032217,1.032355,0.991650,0.917030,1.012340,0.985963,1.001373,1.030596,1.033008,1.017123,1.010897,1.042509
1.441090,1.038409,1.010120,0.990596,0.970939,0.980544,0.982811,0.977002,0.977658,1.026840,1.003513,0.995147,0.978797,0.996521,0.984699,0.982210,0.998652,1.000164,0.995079,1.028325,0.975890,0.999999,1.019503,1.010647,1.003609,1.031319,1.027698,1.009932,1.032263,1.032400,0.991680,0.917068,1.012403,0.986037,1.001471,1.030666,1.033092,1.017176,1.010940,1.042522
1.449420,1.038446,1.010168,0.990647,0.970986,0.980589,0.982857,0.977043,0.977697,1.026857,1.003567,0.995199,0.978850,0.996575,0.984753,0.982275,0.998724,1.000228,0.995138,1.028411,0.975980,1.000075,1.019582,1.010729,1.003681,1.031367,1.027751,1.009990,1.032313,1.032450,0.991713,0.917110,1.012475,0.986115,1.001573,1.030741,1.033181,1.017233,1.010986,1.042534
1.457750,1.038484,1.010219,0.990702,0.971038,0.980639,0.982907,0.977088,0.977740,1.026876,1.003626,0.995255,0.978908,0.996634,0.984812,0.982345,0.998799,1.000296,0.995202,1.028501,0.976072,1.000155,1.019666,1.010815,1.003757,1.031417,1.027808,1.010051,1.032367,1.032504,0.991748,0.917158,1.012551,0.986196,1.001679,1.030818,1.033274,1.017291,1.011036,1.042548
1.466080,1.038524,1.010277,0.990764,0.971097,0.980696,0.982966,0.977141,0.977790,1.026899,1.003695,0.995321,0.978975,0.996702,0.984880,0.982423,0.998883,1.000372,0.995273,1.028598,0.976172,1.000243,1.019757,1.010910,1.003841,1.031473,1.027871,1.010120,1.032427,1.032563,0.991788,0.917212,1.012640,0.986285,1.001791,1.030904,1.033377,1.017355,1.011091,1.042561
1.474410,1.038565,1.010337,0.990831,0.971162,0.980758,0.983030,0.977199,0.977845,1.026925,1.003770,0.995392,0.979048,0.996777,0.984954,0.982507,0.998972,1.000452,0.995349,1.028700,0.976275,1.000336,1.019853,1.011009,1.003931,1.031533,1.027939,1.010193,1.032490,1.032626,0.991831,0.917272,1.012736,0.986376,1.001907,1.030993,1.033482,1.017421,1.011149,1.042575
1.482740,1.038609,1.010402,0.990904,0.971233,0.980827,0.983100,0.977262,0.977905,1.026953,1.003853,0.995471,0.979128,0.996859,0.985035,0.982597,0.999067,1.000539,0.995430,1.028807,0.976383,1.000435,1.019955,1.011114,1.004026,1.031597,1.028011,1.010271,1.032559,1.032694,0.991879,0.917337,1.012840,0.986472,1.002027,1.031087,1.033594,1.017492,1.011212,1.042589
1.491070,1.038653,1.010472,0.990983,0.971311,0.980902,0.983176,0.977332,0.977972,1.026985,1.003943,0.995557,0.979216,0.996948,0.985123,0.982693,0.999168,1.000631,0.995518,1.028919,0.976496,1.000540,1.020063,1.011225,1.004127,1.031665,1.028089,1.010354,1.032631,1.032766,0.991930,0.917409,1.012953,0.986573,1.002151,1.031187,1.033711,1.017565,1.011278,1.042604
1.499400,1.038699,1.010545,0.991066,0.971394,0.980983,0.983258,0.977406,0.978043,1.027018,1.004039,0.995647,0.979308,0.997043,0.985216,0.982795,0.999274,1.000728,0.995610,1.029036,0.976613,1.000650,1.020174,1.011340,1.004233,1.031737,1.028170,1.010442,1.032708,1.032841,0.991984,0.917485,1.013071,0.986677,1.002279,1.031289,1.033832,1.017642,1.011348,1.042619
1.507730,1.038748,1.010624,0.991157,0.971485,0.981070,0.983347,0.977488,0.978121,1.027056,1.004144,0.995747,0.979410,0.997147,0.985318,0.982905,0.999388,1.000833,0.995710,1.029161,0.976737,1.000768,1.020295,1.011463,1.004347,1.031815,1.028258,1.010537,1.032791,1.032923,0.992044,0.917568,1.013200,0.986788,1.002414,1.031400,1.033962,1.017724,1.011423,1.042634
1.516060,1.038797,1.010707,0.991253,0.971582,0.981164,0.983442,0.977575,0.978205,1.027096,1.004255,0.995854,0.979518,0.997258,0.985427,0.983021,0.999507,1.000943,0.995815,1.029290,0.976865,1.000891,1.020419,1.011592,1.004467,1.031896,1.028350,1.010637,1.032877,1.033008,0.992107,0.917657,1.013337,0.986902,1.002552,1.031514,1.034095,1.017808,1.011501,1.042650
1.524390,1.038849,1.010795,0.991354,0.971685,0.981264,0.983543,0.977668,0.978294,1.027139,1.004374,0.995967,0.979634,0.997375,0.985542,0.983144,0.999633,1.001059,0.995925,1.029425,0.976998,1.001020,1.020550,1.011726,1.004593,1.031982,1.028448,1.010742,1.032969,1.033098,0.992175,0.917751,1.013481,0.987022,1.002695,1.031634,1.034234,1.017897,1.011583,1.042666
1.532720,1.038902,1.010888,0.991462,0.971795,0.981370,0.983651,0.977768,0.978390,1.027185,1.004501,0.996087,0.979756,0.997500,0.985664,0.983274,0.999765,1.001181,0.996042,1.029565,0.977136,1.001155,1.020687,1.011866,1.004725,1.032073,1.028550,1.010853,1.033065,1.033192,0.992247,0.917852,1.013634,0.987146,1.002843,1.031759,1.034378,1.017989,1.011669,1.042682
1.541050,1.038957,1.010985,0.991576,0.971911,0.981482,0.983765,0.977873,0.978491,1.027234,1.004634,0.996214,0.979886,0.997632,0.985793,0.983410,0.999903,1.001308,0.996165,1.029711,0.977279,1.001296,1.020829,1.012012,1.004863,1.032168,1.028658,1.010969,1.033165,1.033291,0.992323,0.917959,1.013794,0.987274,1.002995,1.031889,1.034528,1.018086,1.011759,1.042699
1.549380,1.039014,1.011086,0.991695,0.972034,0.981601,0.983885,0.977984,0.978597,1.027286,1.004775,0.996347,0.980022,0.997772,0.985929,0.983552,1.000047,1.001442,0.996293,1.029862,0.977428,1.001444,1.020977,1.012164,1.005007,1.032267,1.028770,1.011090,1.033270,1.033394,0.992404,0.918071,1.013963,0.987408,1.003151,1.032024,1.034683,1.018186,1.011853,1.042716
1.557710,1.039072,1.011193,0.991820,0.972163,0.981725,0.984012,0.978100,0.978710,1.027341,1.004922,0.996488,0.980165,0.997918,0.986071,0.983701,1.000197,1.001581,0.996428,1.030019,0.977580,1.001597,1.021131,1.012322,1.005157,1.032371,1.028888,1.011217,1.033380,1.033502,0.992489,0.918189,1.014138,0.987546,1.003312,1.032164,1.034844,1.018290,1.011951,1.042734
1.566040,1.039132,1.011304,0.991950,0.972298,0.981856,0.984144,0.978223,0.978828,1.027399,1.005077,0.996635,0.980315,0.998071,0.986221,0.983857,1.000353,1.001726,0.996567,1.030182,0.977738,1.001756,1.021290,1.012485,1.005313,1.032479,1.029010,1.011349,1.033494,1.033613,0.992578,0.918313,1.014321,0.987689,1.003478,1.032308,1.035009,1.018397,1.012052,1.042752
1.574370,1.039194,1.011419,0.992087,0.972439,0.981992,0.984282,0.978351,0.978951,1.027459,1.005238,0.996788,0.980471,0.998230,0.986376,0.984018,1.000515,1.001877,0.996713,1.030350,0.977901,1.001920,1.021455,1.012654,1.005476,1.032592,1.029137,1.011486,1.033612,1.033729,0.992671,0.918442,1.014511,0.987836,1.003648,1.032458,1.035180,1.018508,1.012156,1.042770
1.582700,1.039257,1.011539,0.992228,0.972587,0.982135,0.984426,0.978484,0.979080,1.027522,1.005406,0.996948,0.980634,0.998396,0.986538,0.984186,1.000683,1.002034,0.996864,1.030523,0.978069,1.002090,1.021625,1.012828,1.005644,1.032708,1.029269,1.011628,1.033735,1.033849,0.992768,0.918577,1.014708,0.987988,1.003822,1.032613,1.035355,1.018623,1.012264,1.042789
1.591030,1.039322,1.011663,0.992375,0.972740,0.982282,0.984576,0.978623,0.979214,1.027588,1.005580,0.997114,0.980803,0.998569,0.986706,0.984360,1.000857,1.002195,0.997021,1.030701,0.978241,1.002266,1.021801,1.013008,1.005817,1.032829,1.029405,1.011775,1.033862,1.033973,0.992870,0.918717,1.014911,0.988145,1.004001,1.032772,1.035535,1.018742,1.012376,1.042808
1.599360,1.039389,1.011791,0.992528,0.972899,0.982436,0.984732,0.978767,0.979353,1.027657,1.005761,0.997286,0.980979,0.998748,0.986881,0.984540,1.001036,1.002362,0.997183,1.030885,0.978417,1.002448,1.021981,1.013192,1.005997,1.032954,1.029546,1.011927,1.033992,1.034100,0.992975,0.918862,1.015122,0.988306,1.004183,1.032936,1.035720,1.018864,1.012491,1.042827
1.607690,1.039457,1.011924,0.992685,0.973064,0.982594,0.984892,0.978917,0.979497,1.027728,1.005947,0.997464,0.981160,0.998932,0.987061,0.984725,1.001221,1.002535,0.997349,1.031073,0.978599,1.002634,1.022167,1.013382,1.006181,1.033083,1.029691,1.012084,1.034127,1.034232,0.993084,0.919012,1.015338,0.988471,1.004370,1.033104,1.035909,1.018990,1.012609,1.042847
1.616020,1.039526,1.012060,0.992847,0.973234,0.982758,0.985058,0.979071,0.979646,1.027801,1.006140,0.997647,0.981347,0.999123,0.987247,0.984916,1.001411,1.002712,0.997521,1.031266,0.978784,1.002826,1.022358,1.013577,1.006371,1.033215,1.029840,1.012245,1.034266,1.034367,0.993197,0.919167,1.015561,0.988640,1.004561,1.033277,1.036102,1.019118,1.012730,1.042866
1.624350,1.039597,1.012200,0.993014,0.973409,0.982927,0.985229,0.979230,0.979800,1.027877,1.006338,0.997836,0.981539,0.999319,0.987438,0.985113,1.001605,1.002894,0.997698,1.031464,0.978974,1.003022,1.022553,1.013777,1.006566,1.033351,1.029994,1.012410,1.034408,1.034505,0.993313,0.919327,1.015789,0.988813,1.004756,1.033454,1.036300,1.019250,1.012854,1.042886
1.632680,1.039669,1.012344,0.993186,0.973589,0.983101,0.985405,0.979393,0.979957,1.027954,1.006541,0.998029,0.981736,0.999520,0.987635,0.985314,1.001805,1.003080,0.997879,1.031666,0.979168,1.003223,1.022753,1.013981,1.006766,1.033491,1.030151,1.012580,1.034554,1.034647,0.993433,0.919491,1.016023,0.988990,1.004954,1.033635,1.036502,1.019386,1.012980,1.042906
1.641010,1.039742,1.012491,0.993361,0.973774,0.983279,0.985585,0.979561,0.980119,1.028034,1.006749,0.998228,0.981938,0.999726,0.987836,0.985521,1.002009,1.003271,0.998065,1.031873,0.979366,1.003429,1.022957,1.014189,1.006971,1.033633,1.030312,1.012754,1.034703,1.034792,0.993555,0.919659,1.016261,0.989171,1.005156,1.033819,1.036707,1.019524,1.013110,1.042927
1.649340,1.039816,1.012641,0.993541,0.973963,0.983461,0.985769,0.979732,0.980285,1.028116,1.006962,0.998431,0.982145,0.999937,0.988042,0.985731,1.002218,1.003466,0.998254,1.032083,0.979568,1.003639,1.023165,1.014402,1.007179,1.033779,1.030476,1.012931,1.034855,1.034940,0.993681,0.919831,1.016504,0.989356,1.005362,1.034008,1.036916,1.019665,1.013241,1.042947
1.657670,1.039891,1.012795,0.993724,0.974157,0.983646,0.985957,0.979907,0.980455,1.028199,1.007178,0.998637,0.982356,1.000152,0.988252,0.985947,1.002430,1.003665,0.998448,1.032298,0.979773,1.003853,1.023377,1.014618,1.007392,1.033928,1.030644,1.013112,1.035010,1.035091,0.993809,0.920006,1.016750,0.989544,1.005571,1.034200,1.037128,1.019808,1.013376,1.042967
1.666000,1.039967,1.012951,0.993911,0.974354,0.983835,0.986148,0.980086,0.980627,1.028284,1.007399,0.998847,0.982570,1.000370,0.988466,0.986166,1.002647,1.003868,0.998644,1.032516,0.979982,1.004070,1.023593,1.014838,1.007609,1.034079,1.030814,1.013297,1.035168,1.035244,0.993940,0.920185,1.016999,0.989735,1.005782,1.034395,1.037343,1.019954,1.013512,1.042988
1.674330,1.040043,1.013109,0.994100,0.974554,0.984028,0.986342,0.980267,0.980802,1.028371,1.007622,0.999061,0.982787,1.000592,0.988683,0.986388,1.002867,1.004073,0.998844,1.032737,0.980194,1.004292,1.023812,1.015061,1.007830,1.034233,1.030988,1.013484,1.035328,1.035399,0.994073,0.920367,1.017250,0.989929,1.005997,1.034593,1.037561,1.020102,1.013650,1.043008
1.682660,1.040121,1.013270,0.994293,0.974757,0.984222,0.986539,0.980450,0.980980,1.028458,1.007848,0.999276,0.983007,1.000816,0.988903,0.986614,1.003090,1.004282,0.999047,1.032962,0.980408,1.004516,1.024034,1.015287,1.008054,1.034389,1.031163,1.013674,1.035491,1.035557,0.994208,0.920550,1.017503,0.990126,1.006215,1.034794,1.037782,1.020252,1.013790,1.043028
1.690990,1.040198,1.013432,0.994487,0.974963,0.984419,0.986738,0.980636,0.981160,1.028546,1.008075,0.999494,0.983229,1.001042,0.989126,0.986843,1.003316,1.004493,0.999252,1.033189,0.980626,1.004743,1.024259,1.015516,1.008280,1.034546,1.031341,1.013866,1.035655,1.035716,0.994344,0.920736,1.017757,0.990325,1.006435,1.034998,1.038005,1.020404,1.013931,1.043048
1.699320,1.040276,1.013596,0.994684,0.975171,0.984617,0.986938,0.980823,0.981341,1.028635,1.008305,0.999713,0.983452,1.001270,0.989350,0.987074,1.003544,1.004706,0.999460,1.033419,0.980845,1.004972,1.024486,1.015747,1.008509,1.034705,1.031521,1.014060,1.035821,1.035877,0.994482,0.920923,1.018011,0.990527,1.006657,1.035204,1.038230,1.020558,1.014074,1.043068
1.707650,1.040354,1.013761,0.994882,0.975380,0.984817,0.987140,0.981012,0.981524,1.028724,1.008535,0.999933,0.983676,1.001499,0.989576,0.987307,1.003774,1.004922,0.999669,1.033651,0.981067,1.005203,1.024715,1.015981,1.008741,1.034866,1.031702,1.014256,1.035989,1.036040,0.994621,0.921111,1.018264,0.990730,1.006881,1.035412,1.038456,1.020713,1.014217,1.043088
1.715980,1.040432,1.013927,0.995081,0.975591,0.985017,0.987342,0.981201,0.981707,1.028814,1.008765,1.000154,0.983901,1.001728,0.989802,0.987542,1.004006,1.005138,0.999879,1.033884,0.981291,1.005437,1.024946,1.016216,1.008974,1.035027,1.031884,1.014453,1.036158,1.036203,0.994760,0.921300,1.018516,0.990935,1.007107,1.035622,1.038684,1.020869,1.014362,1.043107
1.724310,1.040510,1.014094,0.995281,0.975802,0.985218,0.987544,0.981390,0.981890,1.028903,1.008995,1.000374,0.984126,1.001958,0.990030,0.987778,1.004239,1.005356,1.000091,1.034119,0.981516,1.005671,1.025179,1.016453,1.009208,1.035189,1.032067,1.014651,1.036327,1.036367,0.994900,0.921489,1.018765,0.991142,1.007334,1.035833,1.038914,1.021026,1.014507,1.043126
1.732640,1.040587,1.014261,0.995482,0.976014,0.985419,0.987747,0.981579,0.982074,1.028992,1.009224,1.000594,0.984350,1.002186,0.990257,0.988014,1.004474,1.005575,1.000303,1.034356,0.981743,1.005907,1.025412,1.016690,1.009444,1.035351,1.032251,1.014849,1.036497,1.036532,0.995039,0.921678,1.019011,0.991350,1.007563,1.036046,1.039144,1.021184,1.014652,1.043144
1.740970,1.040664,1.014428,0.995683,0.976225,0.985618,0.987948,0.981768,0.982257,1.029081,1.009452,1.000813,0.984573,1.002414,0.990484,0.988251,1.004709,1.005793,1.000515,1.034593,0.981971,1.006143,1.025647,1.016928,1.009681,1.035513,1.032435,1.015048,1.036668,1.036697,0.995179,0.921867,1.019254,0.991559,1.007793,1.036259,1.039374,1.021342,1.014798,1.043162
1.749300,1.040740,1.014594,0.995883,0.976436,0.985817,0.988148,0.981955,0.982439,1.029169,1.009678,1.001030,0.984795,1.002640,0.990709,0.988488,1.004944,1.006012,1.000727,1.034831,0.982199,1.006380,1.025882,1.017167,1.009917,1.035676,1.032619,1.015247,1.036838,1.036861,0.995317,0.922054,1.019493,0.991769,1.008023,1.036474,1.039605,1.021500,1.014943,1.043179
1.757630,1.040816,1.014760,0.996082,0.976645,0.986015,0.988347,0.982142,0.982619,1.029256,1.009902,1.001245,0.985014,1.002864,0.990934,0.988725,1.005178,1.006231,1.000939,1.035069,0.982428,1.006616,1.026117,1.017406,1.010154,1.035837,1.032802,1.015446,1.037008,1.037026,0.995455,0.922240,1.019727,0.991979,1.008254,1.036688,1.039835,1.021658,1.015088,1.043196
1.765960,1.040891,1.014924,0.996280,0.976854,0.986211,0.988544,0.982326,0.982799,1.029342,1.010123,1.001458,0.985231,1.003086,0.991157,0.988960,1.005413,1.006449,1.001149,1.035307,0.982656,1.006852,1.026351,1.017644,1.010391,1.035998,1.032985,1.015644,1.037178,1.037190,0.995591,0.922424,1.019956,0.992189,1.008484,1.036903,1.040065,1.021816,1.015233,1.043211
1.774290,1.040964,1.015087,0.996477,0.977060,0.986405,0.988739,0.982509,0.982976,1.029427,1.010341,1.001668,0.985446,1.003305,0.991377,0.989195,1.005646,1.006665,1.001359,1.035544,0.982885,1.007088,1.026585,1.017882,1.010626,1.036157,1.033167,1.015841,1.037347,1.037352,0.995725,0.922606,1.020180,0.992399,1.008715,1.037117,1.040295,1.021973,1.015376,1.043226
1.782620,1.041036,1.015248,0.996672,0.977265,0.986596,0.988932,0.982690,0.983151,1.029510,1.010556,1.001875,0.985657,1.003521,0.991595,0.989428,1.005878,1.006881,1.001567,1.035781,0.983113,1.007322,1.026819,1.018119,1.010861,1.036315,1.033347,1.016036,1.037514,1.037514,0.995857,0.922785,1.020398,0.992608,1.008945,1.037331,1.040523,1.022129,1.015519,1.043241
1.790950,1.041107,1.015408,0.996865,0.977467,0.986785,0.989121,0.982867,0.983324,1.029592,1.010767,1.002078,0.985865,1.003733,0.991810,0.989659,1.006109,1.007094,1.001773,1.036016,0.983341,1.007555,1.027051,1.018354,1.011094,1.036472,1.033526,1.016230,1.037680,1.037674,0.995987,0.922962,1.020610,0.992817,1.009175,1.037544,1.040750,1.022284,1.015660,1.043254
1.799280,1.041177,1.015565,0.997055,0.977666,0.986970,0.989307,0.983042,0.983494,1.029672,1.010974,1.002278,0.986069,1.003942,0.992023,0.989887,1.006337,1.007306,1.001977,1.036250,0.983567,1.007786,1.027281,1.018588,1.011326,1.036626,1.033703,1.016422,1.037844,1.037833,0.996115,0.923136,1.020816,0.993024,1.009404,1.037756,1.040976,1.022437,1.015799,1.043267
1.807610,1.041245,1.015719,0.997243,0.977863,0.987152,0.989490,0.983214,0.983660,1.029750,1.011177,1.002474,0.986269,1.004146,0.992231,0.990113,1.006564,1.007515,1.002178,1.036483,0.983792,1.008015,1.027510,1.018820,1.011555,1.036779,1.033877,1.016611,1.038007,1.037989,0.996239,0.923307,1.021015,0.993231,1.009631,1.037966,1.041199,1.022590,1.015937,1.043278
1.815940,1.041311,1.015871,0.997427,0.978056,0.987331,0.989669,0.983382,0.983824,1.029826,1.011374,1.002665,0.986465,1.004346,0.992436,0.990336,1.006788,1.007722,1.002376,1.036713,0.984016,1.008242,1.027736,1.019050,1.011782,1.036928,1.034050,1.016798,1.038167,1.038144,0.996360,0.923475,1.021207,0.993436,1.009857,1.038176,1.041421,1.022740,1.016072,1.043289
1.824270,1.041375,1.016019,0.997608,0.978245,0.987506,0.989844,0.983547,0.983984,1.029900,1.011567,1.002852,0.986656,1.004541,0.992637,0.990556,1.007009,1.007925,1.002572,1.036942,0.984238,1.008466,1.027961,1.019277,1.012007,1.037075,1.034219,1.016982,1.038324,1.038296,0.996477,0.923638,1.021393,0.993639,1.010081,1.038383,1.041640,1.022888,1.016206,1.043298
1.832600,1.041438,1.016165,0.997785,0.978430,0.987676,0.990015,0.983707,0.984140,1.029971,1.011755,1.003034,0.986842,1.004731,0.992833,0.990773,1.007227,1.008125,1.002763,1.037167,0.984457,1.008688,1.028182,1.019502,1.012228,1.037219,1.034385,1.017163,1.038479,1.038445,0.996591,0.923798,1.021571,0.993840,1.010303,1.038588,1.041857,1.023034,1.016337,1.043307
1.840930,1.041498,1.016306,0.997959,0.978611,0.987842,0.990182,0.983864,0.984292,1.030041,1.011937,1.003210,0.987023,1.004917,0.993024,0.990985,1.007441,1.008322,1.002952,1.037390,0.984675,1.008905,1.028401,1.019723,1.012446,1.037360,1.034548,1.017341,1.038631,1.038591,0.996700,0.923953,1.021741,0.994039,1.010523,1.038791,1.042071,1.023178,1.016465,1.043314
1.849260,1.041557,1.016443,0.998128,0.978788,0.988004,0.990344,0.984016,0.984439,1.030107,1.012114,1.003382,0.987198,1.005096,0.993211,0.991194,1.007652,1.008515,1.003136,1.037610,0.984889,1.009120,1.028616,1.019941,1.012660,1.037498,1.034708,1.017515,1.038779,1.038734,0.996805,0.924105,1.021905,0.994235,1.010741,1.038991,1.042281,1.023319,1.016590,1.043321
1.857590,1.041613,1.016577,0.998293,0.978959,0.988161,0.990501,0.984163,0.984583,1.030171,1.012285,1.003548,0.987368,1.005270,0.993393,0.991398,1.007858,1.008703,1.003316,1.037826,0.985101,1.009331,1.028828,1.020156,1.012871,1.037631,1.034864,1.017685,1.038924,1.038873,0.996906,0.924251,1.022060,0.994429,1.010955,1.039189,1.042488,1.023457,1.016712,1.043326
1.865920,1.041666,1.016706,0.998453,0.979126,0.988313,0.990653,0.984306,0.984722,1.030232,1.012450,1.003708,0.987533,1.005439,0.993569,0.991597,1.008061,1.008888,1.003491,1.038039,0.985309,1.009537,1.029036,1.020366,1.013078,1.037761,1.035015,1.017851,1.039066,1.039009,0.997001,0.924393,1.022208,0.994620,1.011167,1.039384,1.042692,1.023592,1.016831,1.043330
1.874250,1.041718,1.016831,0.998608,0.979288,0.988460,0.990799,0.984444,0.984856,1.030290,1.012608,1.003863,0.987691,1.005601,0.993740,0.991792,1.008259,1.009068,1.003662,1.038248,0.985515,1.009739,1.029240,1.020573,1.013280,1.037887,1.035163,1.018012,1.039203,1.039141,0.997092,0.924530,1.022349,0.994808,1.011376,1.039575,1.042891,1.023723,1.016947,1.043333
1.882580,1.041767,1.016950,0.998758,0.979445,0.988602,0.990941,0.984577,0.984985,1.030346,1.012761,1.004011,0.987843,1.005757,0.993905,0.991981,1.008452,1.009243,1.003827,1.038453,0.985716,1.009937,1.029440,1.020775,1.013478,1.038008,1.035306,1.018169,1.039336,1.039269,0.997177,0.924662,1.022481,0.994992,1.011581,1.039763,1.043087,1.023852,1.017058,1.043335
1.890910,1.041813,1.017065,0.998902,0.979596,0.988738,0.991077,0.984705,0.985109,1.030398,1.012906,1.004154,0.987990,1.005907,0.994064,0.992165,1.008640,1.009413,1.003988,1.038653,0.985914,1.010130,1.029636,1.020973,1.013671,1.038126,1.035444,1.018321,1.039465,1.039392,0.997256,0.924789,1.022606,0.995173,1.011782,1.039947,1.043278,1.023977,1.017166,1.043335
1.899240,1.041857,1.017175,0.999041,0.979741,0.988868,0.991207,0.984827,0.985228,1.030447,1.013046,1.004290,0.988129,1.006050,0.994217,0.992344,1.008823,1.009577,1.004143,1.038849,0.986108,1.010318,1.029827,1.021165,1.013858,1.038238,1.035578,1.018468,1.039590,1.039511,0.997330,0.924911,1.022723,0.995350,1.011979,1.040128,1.043465,1.024098,1.017270,1.043334
1.907570,1.041898,1.017279,0.999175,0.979881,0.988993,0.991331,0.984944,0.985342,1.030494,1.013178,1.004420,0.988263,1.006187,0.994364,0.992517,1.009001,1.009737,1.004293,1.039040,0.986297,1.010501,1.030013,1.021353,1.014041,1.038346,1.035707,1.018610,1.039709,1.039626,0.997398,0.925027,1.022831,0.995523,1.012173,1.040304,1.043647,1.024215,1.017369,1.043332
1.915900,1.041936,1.017379,0.999302,0.980015,0.989112,0.991449,0.985055,0.985450,1.030536,1.013304,1.004543,0.988389,1.006317,0.994505,0.992684,1.009173,1.009891,1.004437,1.039227,0.986482,1.010679,1.030194,1.021536,1.014218,1.038449,1.035830,1.018747,1.039824,1.039735,0.997460,0.925138,1.022932,0.995692,1.012362,1.040476,1.043824,1.024329,1.017464,1.043329
1.924230,1.041972,1.017472,0.999424,0.980142,0.989225,0.991562,0.985161,0.985553,1.030576,1.013422,1.004659,0.988509,1.006440,0.994638,0.992845,1.009339,1.010039,1.004575,1.039408,0.986663,1.010851,1.030369,1.021713,1.014390,1.038547,1.035948,1.018878,1.039933,1.039840,0.997516,0.925243,1.023025,0.995856,1.012546,1.040644,1.043996,1.024438,1.017554,1.043325
1.932560,1.042004,1.017560,0.999539,0.980263,0.989332,0.991668,0.985261,0.985650,1.030612,1.013534,1.004769,0.988622,1.006556,0.994766,0.993000,1.009500,1.010181,1.004707,1.039584,0.986838,1.011017,1.030540,1.021885,1.014555,1.038640,1.036061,1.019003,1.040038,1.039939,0.997565,0.925342,1.023110,0.996017,1.012726,1.040807,1.044162,1.024543,1.017640,1.043319
1.940890,1.042034,1.017642,0.999648,0.980378,0.989433,0.991768,0.985355,0.985741,1.030645,1.013638,1.004872,0.988728,1.006665,0.994886,0.993148,1.009655,1.010317,1.004833,1.039754,0.987009,1.011178,1.030704,1.022051,1.014715,1.038727,1.036167,1.019123,1.040137,1.040033,0.997609,0.925435,1.023188,0.996172,1.012901,1.040966,1.044324,1.024644,1.017721,1.043312
1.949220,1.042061,1.017719,0.999751,0.980487,0.989527,0.991862,0.985443,0.985826,1.030675,1.013736,1.004969,0.988828,1.006768,0.995000,0.993290,1.009803,1.010447,1.004953,1.039919,0.987175,1.011332,1.030864,1.022211,1.014869,1.038809,1.036269,1.019236,1.040230,1.040122,0.997645,0.925523,1.023257,0.996323,1.013071,1.041120,1.044479,1.024740,1.017796,1.043304
1.957550,1.042085,1.017789,0.999847,0.980588,0.989616,0.991949,0.985525,0.985906,1.030701,1.013826,1.005058,0.988920,1.006863,0.995107,0.993425,1.009945,1.010571,1.005067,1.040078,0.987335,1.011481,1.031017,1.022365,1.015016,1.038886,1.036364,1.019344,1.040318,1.040205,0.997676,0.925605,1.023318,0.996470,1.013235,1.041269,1.044629,1.024832,1.017867,1.043295
1.965880,1.042107,1.017853,0.999937,0.980684,0.989698,0.992030,0.985601,0.985980,1.030724,1.013909,1.005141,0.989005,1.006951,0.995207,0.993554,1.010081,1.010688,1.005174,1.040232,0.987490,1.011623,1.031164,1.022513,1.015157,1.038957,1.036453,1.019446,1.040400,1.040282,0.997699,0.925680,1.023372,0.996611,1.013394,1.041412,1.044774,1.024919,1.017932,1.043284
1.974210,1.042125,1.017912,1.000020,0.980773,0.989773,0.992105,0.985671,0.986048,1.030744,1.013985,1.005216,0.989084,1.007031,0.995300,0.993676,1.010210,1.010799,1.005274,1.040379,0.987639,1.011759,1.031305,1.022655,1.015292,1.039023,1.036537,1.019541,1.040476,1.040353,0.997716,0.925750,1.023417,0.996747,1.013548,1.041551,1.044912,1.025001,1.017992,1.043272
1.982540,1.042140,1.017964,1.000096,0.980855,0.989843,0.992173,0.985735,0.986110,1.030759,1.014053,1.005285,0.989155,1.007105,0.995386,0.993791,1.010332,1.010903,1.005368,1.040520,0.987783,1.011888,1.031441,1.022791,1.015420,1.039083,1.036614,1.019630,1.040546,1.040419,0.997727,0.925814,1.023455,0.996878,1.013696,1.041684,1.045044,1.025079,1.018047,1.043259
1.990870,1.042153,1.018010,1.000166,0.980930,0.989905,0.992235,0.985792,0.986166,1.030772,1.014114,1.005346,0.989219,1.007171,0.995465,0.993899,1.010448,1.011001,1.005455,1.040656,0.987921,1.012011,1.031569,1.022920,1.015542,1.039137,1.036685,1.019713,1.040610,1.040478,0.997730,0.925872,1.023486,0.997004,1.013839,1.041813,1.045170,1.025152,1.018096,1.043245
1.999200,1.042162,1.018050,1.000229,0.980998,0.989962,0.992290,0.985844,0.986216,1.030781,1.014168,1.005401,0.989276,1.007230,0.995537,0.994000,1.010557,1.011092,1.005536,1.040785,0.988053,1.012128,1.031692,1.023043,1.015657,1.039186,1.036750,1.019789,1.040668,1.040532,0.997727,0.925923,1.023508,0.997125,1.013976,1.041935,1.045290,1.025221,1.018139,1.043229
2.007530,1.042169,1.018084,1.000286,0.981060,0.990012,0.992339,0.985890,0.986260,1.030787,1.014215,1.005449,0.989326,1.007282,0.995601,0.994094,1.010660,1.011176,1.005610,1.040907,0.988180,1.012237,1.031808,1.023159,1.015765,1.039229,1.036808,1.019859,1.040720,1.040579,0.997718,0.925969,1.023524,0.997240,1.014106,1.042052,1.045404,1.025284,1.018177,1.043213
2.015860,1.042172,1.018112,1.000336,0.981115,0.990055,0.992381,0.985929,0.986298,1.030789,1.014255,1.005490,0.989369,1.007327,0.995659,0.994181,1.010756,1.011254,1.005677,1.041024,0.988300,1.012341,1.031918,1.023269,1.015867,1.039266,1.036861,1.019922,1.040765,1.040620,0.997701,0.926009,1.023531,0.997350,1.014231,1.042164,1.045511,1.025343,1.018209,1.043195
2.024190,1.042173,1.018133,1.000379,0.981163,0.990092,0.992417,0.985962,0.986330,1.030788,1.014287,1.005524,0.989405,1.007365,0.995710,0.994261,1.010845,1.011325,1.005738,1.041134,0.988414,1.012437,1.032022,1.023372,1.015962,1.039298,1.036907,1.019979,1.040805,1.040655,0.997678,0.926042,1.023532,0.997455,1.014350,1.042270,1.045612,1.025397,1.018235,1.043176
2.032520,1.042171,1.018149,1.000415,0.981205,0.990123,0.992447,0.985990,0.986356,1.030784,1.014313,1.005551,0.989434,1.007396,0.995753,0.994335,1.010927,1.011390,1.005792,1.041238,0.988523,1.012527,1.032119,1.023469,1.016050,1.039324,1.036946,1.020030,1.040838,1.040684,0.997649,0.926070,1.023525,0.997554,1.014462,1.042371,1.045707,1.025446,1.018255,1.043156
2.040850,1.042166,1.018159,1.000445,0.981240,0.990148,0.992470,0.986011,0.986377,1.030776,1.014331,1.005571,0.989456,1.007419,0.995790,0.994401,1.011002,1.011447,1.005839,1.041335,0.988625,1.012611,1.032210,1.023559,1.016131,1.039344,1.036980,1.020074,1.040865,1.040707,0.997613,0.926092,1.023510,0.997647,1.014569,1.042466,1.045795,1.025490,1.018270,1.043135
2.049180,1.042158,1.018163,1.000469,0.981269,0.990166,0.992487,0.986026,0.986391,1.030765,1.014342,1.005585,0.989471,1.007436,0.995820,0.994461,1.011071,1.011499,1.005880,1.041426,0.988721,1.012688,1.032295,1.023642,1.016206,1.039359,1.037007,1.020112,1.040885,1.040723,0.997571,0.926108,1.023489,0.997736,1.014670,1.042556,1.045878,1.025530,1.018279,1.043112
2.057510,1.042148,1.018161,1.000486,0.981291,0.990178,0.992498,0.986036,0.986400,1.030751,1.014347,1.005592,0.989480,1.007446,0.995843,0.994513,1.011133,1.011544,1.005914,1.041511,0.988812,1.012758,1.032373,1.023720,1.016274,1.039368,1.037028,1.020143,1.040900,1.040734,0.997523,0.926118,1.023461,0.997819,1.014764,1.042640,1.045953,1.025564,1.018282,1.043089
2.065840,1.042135,1.018153,1.000496,0.981306,0.990184,0.992503,0.986040,0.986404,1.030734,1.014345,1.005592,0.989482,1.007449,0.995859,0.994559,1.011189,1.011582,1.005942,1.041589,0.988896,1.012822,1.032445,1.023790,1.016335,1.039372,1.037043,1.020169,1.040908,1.040738,0.997468,0.926122,1.023426,0.997896,1.014852,1.042719,1.046023,1.025595,1.018279,1.043065
2.074170,1.042119,1.018139,1.000501,0.981315,0.990185,0.992502,0.986038,0.986401,1.030714,1.014336,1.005587,0.989478,1.007446,0.995869,0.994599,1.011238,1.011614,1.005964,1.041662,0.988974,1.012879,1.032511,1.023855,1.016390,1.039371,1.037052,1.020188,1.040910,1.040736,0.997408,0.926121,1.023384,0.997969,1.014934,1.042792,1.046086,1.025620,1.018270,1.043040
2.082500,1.042101,1.018121,1.000499,0.981318,0.990179,0.992495,0.986030,0.986393,1.030690,1.014321,1.005575,0.989467,1.007436,0.995873,0.994632,1.011281,1.011640,1.005979,1.041728,0.989047,1.012931,1.032570,1.023913,1.016439,1.039364,1.037055,1.020201,1.040906,1.040728,0.997342,0.926114,1.023335,0.998036,1.015010,1.042860,1.046143,1.025641,1.018256,1.043014
2.090830,1.042080,1.018096,1.000492,0.981315,0.990167,0.992482,0.986017,0.986380,1.030664,1.014299,1.005556,0.989450,1.007420,0.995870,0.994658,1.011318,1.011659,1.005989,1.041788,0.989113,1.012976,1.032624,1.023965,1.016481,1.039352,1.037053,1.020208,1.040896,1.040714,0.997270,0.926102,1.023280,0.998097,1.015080,1.042922,1.046195,1.025658,1.018236,1.042987
2.099160,1.042057,1.018067,1.000478,0.981306,0.990150,0.992463,0.985999,0.986362,1.030635,1.014271,1.005532,0.989427,1.007397,0.995860,0.994678,1.011348,1.011673,1.005992,1.041842,0.989174,1.013015,1.032672,1.024011,1.016517,1.039335,1.037044,1.020210,1.040881,1.040694,0.997192,0.926085,1.023218,0.998154,1.015144,1.042979,1.046240,1.025670,1.018210,1.042959
2.107490,1.042031,1.018032,1.000459,0.981291,0.990128,0.992439,0.985975,0.986339,1.030603,1.014238,1.005502,0.989397,1.007369,0.995845,0.994692,1.011372,1.011681,1.005990,1.041891,0.989229,1.013048,1.032714,1.024051,1.016547,1.039313,1.037030,1.020205,1.040859,1.040669,0.997109,0.926063,1.023151,0.998206,1.015203,1.043032,1.046279,1.025678,1.018179,1.042931
2.115820,1.042003,1.017993,1.000434,0.981270,0.990100,0.992410,0.985947,0.986310,1.030569,1.014198,1.005466,0.989363,1.007335,0.995824,0.994700,1.011391,1.011683,1.005982,1.041933,0.989278,1.013075,1.032750,1.024085,1.016572,1.039287,1.037011,1.020195,1.040832,1.040638,0.997022,0.926035,1.023078,0.998253,1.015255,1.043079,1.046313,1.025682,1.018143,1.042901
2.124150,1.041973,1.017948,1.000405,0.981245,0.990067,0.992376,0.985913,0.986277,1.030532,1.014153,1.005426,0.989323,1.007295,0.995798,0.994703,1.011404,1.011679,1.005969,1.041970,0.989322,1.013097,1.032781,1.024113,1.016590,1.039255,1.036986,1.020180,1.040799,1.040601,0.996929,0.926003,1.022999,0.998295,1.015302,1.043121,1.046341,1.025682,1.018101,1.042871
2.132480,1.041941,1.017900,1.000370,0.981213,0.990030,0.992337,0.985875,0.986240,1.030493,1.014103,1.005380,0.989277,1.007250,0.995766,0.994699,1.011411,1.011670,1.005950,1.042002,0.989361,1.013113,1.032806,1.024136,1.016603,1.039220,1.036956,1.020159,1.040761,1.040559,0.996831,0.925967,1.022916,0.998332,1.015343,1.043159,1.046364,1.025678,1.018054,1.042841
2.140810,1.041907,1.017846,1.000330,0.981177,0.989987,0.992293,0.985833,0.986198,1.030452,1.014048,1.005329,0.989227,1.007201,0.995729,0.994691,1.011413,1.011656,1.005926,1.042028,0.989394,1.013124,1.032826,1.024154,1.016610,1.039180,1.036921,1.020134,1.040718,1.040512,0.996729,0.925926,1.022828,0.998365,1.015379,1.043191,1.046381,1.025671,1.018002,1.042809
2.149140,1.041871,1.017789,1.000286,0.981137,0.989941,0.992246,0.985787,0.986153,1.030408,1.013989,1.005274,0.989173,1.007146,0.995688,0.994677,1.011410,1.011637,1.005898,1.042050,0.989422,1.013130,1.032842,1.024167,1.016612,1.039136,1.036881,1.020104,1.040670,1.040459,0.996622,0.925882,1.022737,0.998393,1.015410,1.043220,1.046394,1.025659,1.017945,1.042778
2.157470,1.041833,1.017728,1.000237,0.981092,0.989891,0.992194,0.985737,0.986104,1.030363,1.013925,1.005215,0.989114,1.007088,0.995642,0.994659,1.011402,1.011614,1.005865,1.042066,0.989446,1.013131,1.032852,1.024175,1.016610,1.039088,1.036837,1.020069,1.040617,1.040402,0.996512,0.925833,1.022642,0.998417,1.015435,1.043244,1.046401,1.025645,1.017884,1.042745
2.165800,1.041794,1.017663,1.000184,0.981043,0.989837,0.992138,0.985684,0.986051,1.030316,1.013858,1.005152,0.989052,1.007026,0.995592,0.994636,1.011389,1.011586,1.005828,1.042078,0.989464,1.013128,1.032858,1.024178,1.016602,1.039036,1.036788,1.020029,1.040559,1.040340,0.996397,0.925782,1.022544,0.998438,1.015456,1.043264,1.046404,1.025627,1.017818,1.042712
2.174130,1.041753,1.017594,1.000128,0.980990,0.989779,0.992080,0.985627,0.985995,1.030267,1.013787,1.005086,0.988986,1.006960,0.995538,0.994609,1.011373,1.011553,1.005786,1.042086,0.989479,1.013120,1.032860,1.024176,1.016590,1.038981,1.036735,1.019986,1.040496,1.040274,0.996279,0.925727,1.022443,0.998454,1.015472,1.043280,1.046402,1.025606,1.017747,1.042679
2.182460,1.041710,1.017523,1.000067,0.980934,0.989719,0.992018,0.985568,0.985937,1.030217,1.013714,1.005017,0.988917,1.006891,0.995481,0.994577,1.011352,1.011517,1.005741,1.042089,0.989489,1.013108,1.032858,1.024171,1.016574,1.038923,1.036679,1.019938,1.040430,1.040203,0.996158,0.925669,1.022341,0.998467,1.015483,1.043293,1.046397,1.025582,1.017672,1.042646
2.190790,1.041666,1.017448,1.000004,0.980874,0.989656,0.991954,0.985506,0.985876,1.030166,1.013638,1.004946,0.988846,1.006820,0.995421,0.994543,1.011327,1.011478,1.005693,1.042088,0.989495,1.013093,1.032852,1.024161,1.016554,1.038861,1.036618,1.019888,1.040359,1.040128,0.996034,0.925609,1.022238,0.998476,1.015491,1.043302,1.046387,1.025555,1.017593,1.042612
2.199120,1.041622,1.017371,0.999938,0.980812,0.989591,0.991888,0.985442,0.985813,1.030114,1.013560,1.004872,0.988773,1.006746,0.995358,0.994504,1.011299,1.011435,1.005641,1.042084,0.989497,1.013074,1.032842,1.024148,1.016531,1.038797,1.036555,1.019833,1.040284,1.040049,0.995906,0.925547,1.022134,0.998483,1.015494,1.043307,1.046373,1.025526,1.017510,1.042578
2.207450,1.041576,1.017291,0.999869,0.980748,0.989524,0.991819,0.985376,0.985748,1.030061,1.013481,1.004797,0.988697,1.006671,0.995293,0.994463,1.011267,1.011388,1.005586,1.042076,0.989495,1.013051,1.032829,1.024132,1.016504,1.038730,1.036488,1.019776,1.040206,1.039966,0.995777,0.925483,1.022029,0.998486,1.015493,1.043310,1.046356,1.025495,1.017423,1.042544
2.215780,1.041529,1.017209,0.999798,0.980681,0.989455,0.991749,0.985308,0.985681,1.030007,1.013400,1.004720,0.988621,1.006594,0.995226,0.994419,1.011233,1.011339,1.005529,1.042065,0.989490,1.013026,1.032813,1.024112,1.016474,1.038661,1.036418,1.019716,1.040125,1.039880,0.995644,0.925418,1.021926,0.998486,1.015488,1.043309,1.046336,1.025461,1.017333,1.042510
2.224110,1.041481,1.017125,0.999724,0.980613,0.989385,0.991679,0.985240,0.985614,1.029953,1.013319,1.004643,0.988544,1.006516,0.995157,0.994373,1.011196,1.011288,1.005469,1.042051,0.989482,1.012998,1.032794,1.024090,1.016441,1.038590,1.036346,1.019653,1.040040,1.039791,0.995510,0.925352,1.021824,0.998484,1.015480,1.043306,1.046312,1.025425,1.017240,1.042476
2.232440,1.041432,1.017039,0.999649,0.980544,0.989314,0.991607,0.985171,0.985545,1.029899,1.013237,1.004565,0.988466,1.006438,0.995088,0.994325,1.011156,1.011234,1.005408,1.042035,0.989471,1.012967,1.032773,1.024065,1.016406,1.038517,1.036271,1.019588,1.039952,1.039699,0.995374,0.925285,1.021723,0.998480,1.015469,1.043301,1.046286,1.025388,1.017143,1.042442
2.240770,1.041383,1.016952,0.999573,0.980473,0.989243,0.991535,0.985101,0.985477,1.029845,1.013155,1.004487,0.988388,1.006360,0.995017,0.994275,1.011115,1.011179,1.005344,1.042016,0.989457,1.012935,1.032749,1.024037,1.016368,1.038443,1.036194,1.019521,1.039862,1.039604,0.995236,0.925218,1.021624,0.998473,1.015456,1.043294,1.046258,1.025349,1.017044,1.042408
2.249100,1.041334,1.016864,0.999496,0.980402,0.989172,0.991463,0.985031,0.985408,1.029790,1.013074,1.004409,0.988310,1.006282,0.994947,0.994223,1.011072,1.011122,1.005280,1.041995,0.989441,1.012900,1.032724,1.024008,1.016329,1.038367,1.036115,1.019452,1.039769,1.039507,0.995097,0.925150,1.021529,0.998465,1.015439,1.043284,1.046227,1.025309,1.016942,1.042374
2.257430,1.041284,1.016774,0.999417,0.980330,0.989100,0.991391,0.984961,0.985339,1.029736,1.012994,1.004332,0.988233,1.006204,0.994876,0.994171,1.011027,1.011063,1.005214,1.041972,0.989423,1.012864,1.032697,1.023977,1.016288,1.038290,1.036035,1.019381,1.039675,1.039407,0.994957,0.925083,1.021436,0.998455,1.015420,1.043273,1.046194,1.025267,1.016838,1.042341
2.265760,1.041234,1.016684,0.999338,0.980259,0.989029,0.991319,0.984892,0.985270,1.029683,1.012915,1.004256,0.988157,1.006128,0.994805,0.994117,1.010981,1.011003,1.005147,1.041947,0.989403,1.012827,1.032668,1.023944,1.016245,1.038212,1.035953,1.019310,1.039578,1.039305,0.994816,0.925016,1.021347,0.998444,1.015399,1.043261,1.046159,1.025225,1.016731,1.042307
2.274090,1.041184,1.016594,0.999259,0.980187,0.988959,0.991249,0.984823,0.985203,1.029630,1.012838,1.004182,0.988082,1.006052,0.994735,0.994063,1.010934,1.010943,1.005079,1.041921,0.989381,1.012788,1.032638,1.023910,1.016202,1.038133,1.035870,1.019237,1.039479,1.039202,0.994675,0.924950,1.021262,0.998431,1.015376,1.043247,1.046123,1.025181,1.016623,1.042274
2.282420,1.041134,1.016503,0.999180,0.980116,0.988890,0.991179,0.984756,0.985136,1.029578,1.012763,1.004109,0.988009,1.005979,0.994666,0.994009,1.010887,1.010882,1.005012,1.041894,0.989358,1.012749,1.032607,1.023875,1.016157,1.038054,1.035787,1.019164,1.039379,1.039097,0.994533,0.924886,1.021182,0.998417,1.015351,1.043232,1.046086,1.025137,1.016513,1.042242
2.290750,1.041084,1.016412,0.999100,0.980046,0.988822,0.991111,0.984690,0.985070,1.029527,1.012690,1.004038,0.987937,1.005907,0.994598,0.993955,1.010839,1.010821,1.004944,1.041866,0.989333,1.012709,1.032576,1.023840,1.016112,1.037975,1.035702,1.019090,1.039278,1.038990,0.994390,0.924822,1.021106,0.998403,1.015324,1.043216,1.046048,1.025093,1.016401,1.042210
2.299080,1.041034,1.016321,0.999022,0.979978,0.988756,0.991045,0.984625,0.985006,1.029476,1.012619,1.003969,0.987868,1.005838,0.994532,0.993901,1.010791,1.010760,1.004876,1.041838,0.989308,1.012670,1.032544,1.023803,1.016067,1.037895,1.035617,1.019017,1.039176,1.038883,0.994248,0.924760,1.021035,0.998388,1.015297,1.043200,1.046009,1.025048,1.016287,1.042178
2.307410,1.040984,1.016230,0.998944,0.979910,0.988692,0.990981,0.984562,0.984944,1.029427,1.012551,1.003903,0.987802,1.005771,0.994467,0.993848,1.010743,1.010698,1.004809,1.041809,0.989281,1.012630,1.032512,1.023767,1.016022,1.037816,1.035532,1.018942,1.039073,1.038774,0.994106,0.924700,1.020970,0.998373,1.015268,1.043183,1.045969,1.025003,1.016173,1.042147
2.315740,1.040934,1.016140,0.998867,0.979844,0.988629,0.990918,0.984501,0.984883,1.029380,1.012487,1.003839,0.987738,1.005706,0.994404,0.993796,1.010695,1.010638,1.004742,1.041779,0.989254,1.012590,1.032480,1.023731,1.015977,1.037737,1.035447,1.018869,1.038969,1.038665,0.993964,0.924642,1.020910,0.998358,1.015239,1.043167,1.045929,1.024958,1.016057,1.042116
2.324070,1.040885,1.016050,0.998791,0.979779,0.988569,0.990858,0.984442,0.984825,1.029333,1.012425,1.003778,0.987677,1.005645,0.994343,0.993744,1.010648,1.010578,1.004676,1.041750,0.989227,1.012550,1.032448,1.023695,1.015932,1.037658,1.035362,1.018795,1.038865,1.038555,0.993823,0.924586,1.020855,0.998342,1.015209,1.043150,1.045890,1.024913,1.015941,1.042086
2.332400,1.040837,1.015961,0.998716,0.979717,0.988511,0.990801,0.984386,0.984769,1.029288,1.012366,1.003720,0.987618,1.005586,0.994285,0.993694,1.010602,1.010518,1.004611,1.041721,0.989200,1.012511,1.032416,1.023659,1.015888,1.037580,1.035278,1.018722,1.038760,1.038445,0.993683,0.924532,1.020807,0.998327,1.015178,1.043133,1.045850,1.024869,1.015824,1.042057
2.340730,1.040789,1.015873,0.998642,0.979657,0.988455,0.990746,0.984332,0.984715,1.029245,1.012312,1.003666,0.987564,1.005531,0.994229,0.993645,1.010557,1.010460,1.004547,1.041693,0.989172,1.012473,1.032385,1.023624,1.015844,1.037502,1.035193,1.018650,1.038656,1.038334,0.993543,0.924481,1.020764,0.998313,1.015148,1.043117,1.045810,1.024825,1.015706,1.042028
2.349060,1.040741,1.015787,0.998570,0.979599,0.988402,0.990694,0.984280,0.984663,1.029204,1.012261,1.003614,0.987512,1.005479,0.994175,0.993598,1.010512,1.010403,1.004484,1.041665,0.989145,1.012436,1.032355,1.023589,1.015802,1.037426,1.035110,1.018579,1.038551,1.038224,0.993404,0.924432,1.020727,0.998298,1.015117,1.043101,1.045771,1.024781,1.015588,1.042000
2.357390,1.040695,1.015701,0.998500,0.979543,0.988352,0.990644,0.984231,0.984614,1.029164,1.012213,1.003566,0.987464,1.005431,0.994125,0.993552,1.010469,1.010347,1.004423,1.041638,0.989119,1.012400,1.032326,1.023556,1.015761,1.037351,1.035027,1.018508,1.038447,1.038114,0.993267,0.924386,1.020696,0.998285,1.015087,1.043086,1.045733,1.024738,1.015470,1.041973
2.365720,1.040649,1.015617,0.998432,0.979490,0.988305,0.990598,0.984185,0.984569,1.029126,1.012170,1.003522,0.987420,1.005386,0.994077,0.993508,1.010428,1.010292,1.004363,1.041612,0.989092,1.012366,1.032298,1.023524,1.015721,1.037276,1.034946,1.018439,1.038343,1.038004,0.993131,0.924343,1.020672,0.998272,1.015057,1.043072,1.045696,1.024696,1.015352,1.041946
2.374050,1.040603,1.015534,0.998366,0.979440,0.988261,0.990555,0.984142,0.984525,1.029090,1.012131,1.003482,0.987379,1.005345,0.994032,0.993466,1.010388,1.010239,1.004305,1.041587,0.989067,1.012333,1.032272,1.023493,1.015682,1.037203,1.034865,1.018372,1.038240,1.037894,0.992996,0.924302,1.020653,0.998260,1.015028,1.043059,1.045659,1.024654,1.015234,1.041920
2.382380,1.040559,1.015453,0.998302,0.979392,0.988220,0.990515,0.984103,0.984485,1.029055,1.012095,1.003445,0.987342,1.005308,0.993991,0.993427,1.010349,1.010188,1.004249,1.041563,0.989042,1.012301,1.032246,1.023463,1.015645,1.037132,1.034786,1.018305,1.038138,1.037785,0.992862,0.924265,1.020641,0.998250,1.014999,1.043047,1.045624,1.024614,1.015117,1.041895
2.390710,1.040515,1.015373,0.998240,0.979348,0.988182,0.990479,0.984066,0.984448,1.029023,1.012064,1.003412,0.987309,1.005275,0.993953,0.993390,1.010313,1.010139,1.004196,1.041541,0.989019,1.012271,1.032223,1.023435,1.015610,1.037061,1.034708,1.018241,1.038036,1.037677,0.992731,0.924231,1.020635,0.998240,1.014971,1.043037,1.045591,1.024574,1.014999,1.041870
2.399040,1.040473,1.015295,0.998180,0.979306,0.988148,0.990446,0.984032,0.984414,1.028993,1.012038,1.003384,0.987280,1.005246,0.993918,0.993355,1.010278,1.010092,1.004144,1.041520,0.988996,1.012244,1.032201,1.023409,1.015577,1.036993,1.034632,1.018178,1.037935,1.037569,0.992600,0.924200,1.020635,0.998232,1.014945,1.043027,1.045558,1.024536,1.014883,1.041847
2.407370,1.040431,1.015219,0.998123,0.979268,0.988117,0.990416,0.984002,0.984384,1.028965,1.012015,1.003359,0.987255,1.005221,0.993887,0.993322,1.010246,1.010047,1.004094,1.041500,0.988975,1.012218,1.032181,1.023385,1.015546,1.036926,1.034557,1.018117,1.037836,1.037463,0.992472,0.924173,1.020642,0.998226,1.014919,1.043020,1.045528,1.024499,1.014766,1.041824
2.415700,1.040390,1.015145,0.998068,0.979232,0.988090,0.990390,0.983975,0.984356,1.028939,1.011997,1.003338,0.987235,1.005200,0.993859,0.993293,1.010216,1.010004,1.004047,1.041483,0.988956,1.012194,1.032163,1.023362,1.015516,1.036861,1.034484,1.018058,1.037737,1.037357,0.992345,0.924148,1.020655,0.998221,1.014895,1.043013,1.045499,1.024463,1.014651,1.041802
2.424030,1.040350,1.015073,0.998016,0.979200,0.988066,0.990368,0.983952,0.984332,1.028915,1.011984,1.003322,0.987218,1.005183,0.993835,0.993266,1.010188,1.009963,1.004002,1.041467,0.988937,1.012172,1.032147,1.023342,1.015489,1.036798,1.034413,1.018001,1.037640,1.037253,0.992221,0.924128,1.020674,0.998217,1.014872,1.043009,1.045472,1.024428,1.014536,1.041781
2.432360,1.040311,1.015002,0.997967,0.979172,0.988045,0.990349,0.983932,0.984312,1.028894,1.011975,1.003309,0.987205,1.005171,0.993815,0.993241,1.010162,1.009924,1.003959,1.041453,0.988921,1.012153,1.032133,1.023324,1.015465,1.036736,1.034343,1.017945,1.037544,1.037150,0.992098,0.924110,1.020699,0.998215,1.014850,1.043006,1.045447,1.024395,1.014423,1.041760
2.440690,1.040273,1.014934,0.997920,0.979146,0.988028,0.990334,0.983915,0.984294,1.028874,1.011970,1.003301,0.987197,1.005162,0.993798,0.993220,1.010139,1.009888,1.003919,1.041441,0.988906,1.012136,1.032121,1.023308,1.015442,1.036676,1.034276,1.017892,1.037450,1.037048,0.991977,0.924096,1.020731,0.998215,1.014830,1.043006,1.045425,1.024363,1.014310,1.041741
2.449020,1.040235,1.014867,0.997876,0.979124,0.988015,0.990322,0.983902,0.984280,1.028857,1.011970,1.003297,0.987193,1.005158,0.993784,0.993201,1.010118,1.009855,1.003882,1.041431,0.988892,1.012121,1.032111,1.023295,1.015422,1.036619,1.034210,1.017842,1.037357,1.036948,0.991858,0.924085,1.020768,0.998217,1.014812,1.043007,1.045404,1.024332,1.014198,1.041722
2.457350,1.040199,1.014803,0.997834,0.979105,0.988005,0.990314,0.983892,0.984270,1.028842,1.011974,1.003297,0.987193,1.005158,0.993775,0.993185,1.010100,1.009823,1.003847,1.041424,0.988881,1.012109,1.032104,1.023283,1.015405,1.036563,1.034146,1.017793,1.037266,1.036849,0.991741,0.924078,1.020812,0.998221,1.014796,1.043010,1.045386,1.024303,1.014088,1.041704
2.465680,1.040164,1.014741,0.997795,0.979090,0.987998,0.990310,0.983886,0.984263,1.028829,1.011982,1.003301,0.987197,1.005162,0.993769,0.993172,1.010084,1.009795,1.003814,1.041418,0.988872,1.012099,1.032099,1.023275,1.015389,1.036509,1.034085,1.017747,1.037176,1.036752,0.991626,0.924074,1.020861,0.998226,1.014781,1.043015,1.045369,1.024276,1.013979,1.041687
2.474010,1.040130,1.014680,0.997759,0.979078,0.987996,0.990309,0.983883,0.984259,1.028818,1.011995,1.003309,0.987205,1.005171,0.993766,0.993162,1.010071,1.009768,1.003784,1.041415,0.988864,1.012091,1.032096,1.023268,1.015377,1.036458,1.034025,1.017702,1.037088,1.036656,0.991513,0.924073,1.020916,0.998234,1.014768,1.043022,1.045356,1.024249,1.013870,1.041671
2.482340,1.040097,1.014622,0.997725,0.979069,0.987996,0.990312,0.983884,0.984258,1.028810,1.012012,1.003321,0.987217,1.005183,0.993768,0.993155,1.010061,1.009745,1.003757,1.041413,0.988858,1.012086,1.032096,1.023264,1.015367,1.036408,1.033968,1.017660,1.037002,1.036562,0.991403,0.924076,1.020977,0.998243,1.014757,1.043032,1.045344,1.024225,1.013764,1.041655
2.490670,1.040064,1.014566,0.997695,0.979064,0.988000,0.990319,0.983888,0.984261,1.028803,1.012033,1.003337,0.987233,1.005199,0.993772,0.993151,1.010052,1.009723,1.003732,1.041414,0.988855,1.012084,1.032098,1.023263,1.015359,1.036360,1.033912,1.017621,1.036917,1.036469,0.991294,0.924082,1.021043,0.998254,1.014748,1.043043,1.045336,1.024201,1.013658,1.041640
2.499000,1.040033,1.014511,0.997666,0.979061,0.988008,0.990328,0.983895,0.984267,1.028799,1.012058,1.003356,0.987253,1.005219,0.993780,0.993149,1.010047,1.009704,1.003709,1.041417,0.988853,1.012084,1.032103,1.023264,1.015354,1.036314,1.033859,1.017583,1.036835,1.036378,0.991187,0.924091,1.021114,0.998267,1.014741,1.043057,1.045329,1.024180,1.013554,1.041626
2.507330,1.040003,1.014459,0.997640,0.979062,0.988018,0.990341,0.983905,0.984276,1.028796,1.012087,1.003379,0.987276,1.005243,0.993791,0.993150,1.010044,1.009688,1.003689,1.041423,0.988853,1.012086,1.032110,1.023267,1.015351,1.036270,1.033807,1.017548,1.036753,1.036289,0.991082,0.924103,1.021189,0.998283,1.014736,1.043072,1.045325,1.024159,1.013451,1.041613
2.515660,1.039973,1.014408,0.997617,0.979066,0.988032,0.990357,0.983918,0.984287,1.028795,1.012119,1.003406,0.987303,1.005270,0.993806,0.993154,1.010043,1.009674,1.003672,1.041430,0.988855,1.012091,1.032119,1.023273,1.015350,1.036228,1.033758,1.017515,1.036674,1.036201,0.990979,0.924117,1.021270,0.998300,1.014733,1.043090,1.045323,1.024140,1.013350,1.041601
2.523990,1.039944,1.014359,0.997596,0.979072,0.988048,0.990376,0.983934,0.984302,1.028797,1.012155,1.003436,0.987333,1.005300,0.993823,0.993160,1.010044,1.009662,1.003656,1.041440,0.988859,1.012097,1.032130,1.023281,1.015352,1.036188,1.033710,1.017484,1.036596,1.036115,0.990878,0.924135,1.021354,0.998318,1.014732,1.043110,1.045324,1.024123,1.013249,1.041589
2.532320,1.039916,1.014312,0.997577,0.979081,0.988067,0.990398,0.983953,0.984319,1.028800,1.012194,1.003469,0.987366,1.005333,0.993843,0.993169,1.010048,1.009652,1.003643,1.041451,0.988865,1.012107,1.032144,1.023291,1.015356,1.036150,1.033664,1.017454,1.036519,1.036030,0.990779,0.924155,1.021442,0.998339,1.014733,1.043132,1.045327,1.024106,1.013150,1.041578
2.540650,1.039888,1.014266,0.997560,0.979093,0.988089,0.990422,0.983974,0.984339,1.028804,1.012236,1.003504,0.987402,1.005370,0.993866,0.993180,1.010054,1.009644,1.003632,1.041464,0.988873,1.012118,1.032160,1.023303,1.015362,1.036113,1.033620,1.017427,1.036444,1.035947,0.990681,0.924178,1.021534,0.998361,1.014736,1.043155,1.045333,1.024091,1.013053,1.041567
2.548980,1.039862,1.014222,0.997545,0.979107,0.988113,0.990449,0.983998,0.984361,1.028811,1.012280,1.003542,0.987441,1.005408,0.993891,0.993193,1.010061,1.009638,1.003622,1.041480,0.988883,1.012131,1.032178,1.023318,1.015371,1.036078,1.033578,1.017402,1.036371,1.035865,0.990585,0.924203,1.021629,0.998385,1.014740,1.043181,1.045340,1.024077,1.012956,1.041557
2.557310,1.039835,1.014180,0.997532,0.979123,0.988139,0.990477,0.984023,0.984385,1.028818,1.012327,1.003583,0.987481,1.005450,0.993919,0.993208,1.010071,1.009634,1.003615,1.041497,0.988894,1.012146,1.032197,1.023334,1.015381,1.036044,1.033537,1.017378,1.036299,1.035784,0.990490,0.924230,1.021726,0.998411,1.014746,1.043208,1.045350,1.024064,1.012861,1.041548
2.565640,1.039810,1.014138,0.997521,0.979141,0.988167,0.990508,0.984051,0.984411,1.028827,1.012376,1.003625,0.987524,1.005493,0.993948,0.993225,1.010082,1.009631,1.003609,1.041515,0.988907,1.012163,1.032218,1.023352,1.015392,1.036011,1.033498,1.017355,1.036228,1.035705,0.990397,0.924258,1.021825,0.998438,1.014754,1.043237,1.045362,1.024052,1.012766,1.041539
2.573970,1.039785,1.014098,0.997511,0.979161,0.988197,0.990540,0.984080,0.984439,1.028838,1.012427,1.003670,0.987569,1.005538,0.993979,0.993244,1.010095,1.009630,1.003604,1.041535,0.988921,1.012181,1.032241,1.023372,1.015406,1.035980,1.033460,1.017334,1.036159,1.035626,0.990305,0.924289,1.021926,0.998466,1.014763,1.043267,1.045376,1.024041,1.012673,1.041531
2.582300,1.039760,1.014059,0.997502,0.979182,0.988229,0.990574,0.984111,0.984468,1.028849,1.012479,1.003715,0.987615,1.005584,0.994012,0.993264,1.010110,1.009631,1.003601,1.041557,0.988937,1.012201,1.032266,1.023394,1.015421,1.035950,1.033423,1.017315,1.036090,1.035549,0.990214,0.924320,1.022028,0.998496,1.014774,1.043299,1.045391,1.024031,1.012581,1.041523
2.590630,1.039735,1.014020,0.997495,0.979205,0.988261,0.990609,0.984143,0.984499,1.028861,1.012532,1.003762,0.987662,1.005632,0.994046,0.993286,1.010125,1.009632,1.003599,1.041579,0.988953,1.012222,1.032292,1.023417,1.015437,1.035921,1.033387,1.017296,1.036023,1.035473,0.990125,0.924353,1.022131,0.998527,1.014786,1.043333,1.045408,1.024022,1.012489,1.041516
2.598960,1.039711,1.013982,0.997488,0.979229,0.988295,0.990646,0.984176,0.984530,1.028874,1.012586,1.003810,0.987710,1.005680,0.994081,0.993308,1.010142,1.009635,1.003598,1.041603,0.988971,1.012244,1.032319,1.023441,1.015454,1.035893,1.033353,1.017279,1.035956,1.035397,0.990036,0.924387,1.022234,0.998558,1.014800,1.043367,1.045427,1.024013,1.012398,1.041509
2.607290,1.039687,1.013945,0.997482,0.979253,0.988329,0.990682,0.984209,0.984562,1.028888,1.012641,1.003858,0.987759,1.005729,0.994116,0.993331,1.010160,1.009638,1.003598,1.041628,0.988990,1.012267,1.032347,1.023467,1.015473,1.035866,1.033319,1.017262,1.035890,1.035323,0.989948,0.924421,1.022337,0.998591,1.014814,1.043403,1.045448,1.024005,1.012308,1.041503
2.615620,1.039663,1.013909,0.997477,0.979278,0.988363,0.990719,0.984243,0.984595,1.028903,1.012696,1.003907,0.987808,1.005779,0.994152,0.993355,1.010178,1.009642,1.003599,1.041653,0.989010,1.012291,1.032376,1.023493,1.015492,1.035839,1.033285,1.017246,1.035825,1.035249,0.989861,0.924456,1.022440,0.998624,1.014830,1.043439,1.045469,1.023997,1.012218,1.041497
2.623950,1.039639,1.013872,0.997472,0.979304,0.988398,0.990757,0.984278,0.984628,1.028918,1.012751,1.003955,0.987857,1.005828,0.994188,0.993380,1.010197,1.009646,1.003600,1.041679,0.989031,1.012316,1.032406,1.023521,1.015511,1.035812,1.033252,1.017230,1.035760,1.035175,0.989774,0.924491,1.022541,0.998658,1.014846,1.043477,1.045492,1.023989,1.012129,1.041491
2.632280,1.039615,1.013836,0.997467,0.979329,0.988433,0.990794,0.984312,0.984661,1.028933,1.012805,1.004004,0.987905,1.005877,0.994224,0.993404,1.010216,1.009651,1.003601,1.041706,0.989052,1.012341,1.032437,1.023548,1.015531,1.035786,1.033220,1.017215,1.035696,1.035102,0.989688,0.924525,1.022640,0.998693,1.014863,1.043515,1.045516,1.023982,1.012040,1.041485
2.640610,1.039591,1.013799,0.997463,0.979354,0.988468,0.990831,0.984346,0.984694,1.028948,1.012859,1.004051,0.987953,1.005925,0.994260,0.993429,1.010235,1.009656,1.003602,1.041733,0.989074,1.012366,1.032467,1.023577,1.015552,1.035760,1.033187,1.017200,1.035632,1.035028,0.989602,0.924560,1.022737,0.998727,1.014880,1.043553,1.045540,1.023974,1.011951,1.041479
2.648940,1.039567,1.013763,0.997458,0.979379,0.988501,0.990867,0.984380,0.984726,1.028964,1.012911,1.004097,0.988000,1.005972,0.994295,0.993453,1.010254,1.009660,1.003602,1.041760,0.989096,1.012391,1.032498,1.023605,1.015572,1.035734,1.033155,1.017184,1.035568,1.034955,0.989516,0.924593,1.022832,0.998762,1.014898,1.043592,1.045566,1.023967,1.011862,1.041474
2.657270,1.039542,1.013726,0.997452,0.979403,0.988534,0.990902,0.984412,0.984758,1.028979,1.012962,1.004143,0.988045,1.006018,0.994329,0.993477,1.010273,1.009665,1.003603,1.041786,0.989118,1.012416,1.032529,1.023634,1.015592,1.035708,1.033122,1.017169,1.035503,1.034882,0.989430,0.924626,1.022924,0.998797,1.014917,1.043631,1.045591,1.023959,1.011773,1.041469
2.665600,1.039517,1.013688,0.997446,0.979426,0.988566,0.990936,0.984444,0.984789,1.028994,1.013011,1.004186,0.988089,1.006062,0.994361,0.993500,1.010291,1.009668,1.003603,1.041813,0.989139,1.012441,1.032560,1.023662,1.015611,1.035682,1.033089,1.017153,1.035439,1.034808,0.989344,0.924658,1.023012,0.998832,1.014935,1.043670,1.045617,1.023951,1.011684,1.041464
2.673930,1.039492,1.013650,0.997439,0.979448,0.988596,0.990968,0.984474,0.984818,1.029009,1.013058,1.004228,0.988131,1.006105,0.994392,0.993522,1.010309,1.009671,1.003601,1.041839,0.989161,1.012465,1.032590,1.023690,1.015630,1.035655,1.033056,1.017136,1.035374,1.034734,0.989258,0.924688,1.023096,0.998866,1.014953,1.043709,1.045644,1.023943,1.011595,1.041459
2.682260,1.039466,1.013611,0.997430,0.979469,0.988625,0.990999,0.984503,0.984846,1.029023,1.013102,1.004267,0.988170,1.006145,0.994422,0.993543,1.010325,1.009673,1.003599,1.041864,0.989182,1.012488,1.032620,1.023718,1.015648,1.035627,1.033021,1.017118,1.035308,1.034660,0.989170,0.924717,1.023177,0.998900,1.014971,1.043748,1.045670,1.023934,1.011505,1.041454
2.690590,1.039439,1.013571,0.997421,0.979487,0.988652,0.991027,0.984530,0.984872,1.029036,1.013144,1.004304,0.988208,1.006182,0.994449,0.993562,1.010341,1.009674,1.003596,1.041889,0.989203,1.012510,1.032649,1.023744,1.015666,1.035599,1.032986,1.017100,1.035242,1.034585,0.989083,0.924743,1.023252,0.998933,1.014988,1.043786,1.045695,1.023924,1.011414,1.041449
2.698920,1.039412,1.013529,0.997410,0.979504,0.988676,0.991054,0.984555,0.984897,1.029049,1.013183,1.004338,0.988242,1.006217,0.994474,0.993580,1.010355,1.009674,1.003591,1.041912,0.989223,1.012531,1.032677,1.023770,1.015681,1.035570,1.032950,1.017080,1.035175,1.034509,0.988994,0.924768,1.023323,0.998965,1.015005,1.043823,1.045721,1.023913,1.011323,1.041444
2.707250,1.039384,1.013487,0.997397,0.979519,0.988699,0.991078,0.984578,0.984919,1.029061,1.013218,1.004370,0.988274,1.006249,0.994497,0.993596,1.010367,1.009671,1.003585,1.041934,0.989241,1.012551,1.032704,1.023795,1.015696,1.035539,1.032912,1.017059,1.035106,1.034431,0.988905,0.924791,1.023389,0.998996,1.015021,1.043860,1.045746,1.023902,1.011231,1.041439
2.715580,1.039355,1.013442,0.997382,0.979531,0.988719,0.991099,0.984599,0.984940,1.029072,1.013250,1.004398,0.988302,1.006277,0.994517,0.993610,1.010378,1.009668,1.003577,1.041955,0.989259,1.012569,1.032729,1.023818,1.015709,1.035507,1.032873,1.017036,1.035037,1.034353,0.988814,0.924811,1.023449,0.999026,1.015036,1.043896,1.045770,1.023889,1.011138,1.041433
2.723910,1.039326,1.013396,0.997365,0.979541,0.988736,0.991118,0.984617,0.984957,1.029081,1.013279,1.004423,0.988327,1.006303,0.994534,0.993622,1.010387,1.009662,1.003567,1.041975,0.989276,1.012585,1.032753,1.023840,1.015720,1.035474,1.032833,1.017012,1.034966,1.034273,0.988722,0.924828,1.023503,0.999055,1.015050,1.043930,1.045793,1.023876,1.011043,1.041428
2.732240,1.039295,1.013349,0.997346,0.979549,0.988750,0.991134,0.984632,0.984973,1.029090,1.013304,1.004444,0.988349,1.006324,0.994548,0.993631,1.010394,1.009654,1.003555,1.041992,0.989291,1.012599,1.032776,1.023860,1.015729,1.035440,1.032791,1.016986,1.034894,1.034192,0.988629,0.924843,1.023552,0.999082,1.015063,1.043963,1.045815,1.023861,1.010948,1.041422
2.740570,1.039263,1.013299,0.997325,0.979553,0.988762,0.991146,0.984645,0.984985,1.029097,1.013325,1.004462,0.988366,1.006342,0.994558,0.993638,1.010399,1.009644,1.003540,1.042008,0.989304,1.012612,1.032796,1.023879,1.015736,1.035403,1.032747,1.016958,1.034820,1.034110,0.988534,0.924855,1.023595,0.999108,1.015074,1.043995,1.045835,1.023844,1.010851,1.041416
2.748900,1.039231,1.013248,0.997301,0.979554,0.988770,0.991156,0.984655,0.984995,1.029103,1.013342,1.004476,0.988380,1.006356,0.994566,0.993642,1.010401,1.009632,1.003523,1.042022,0.989316,1.012622,1.032815,1.023895,1.015741,1.035365,1.032701,1.016928,1.034744,1.034025,0.988437,0.924863,1.023632,0.999132,1.015084,1.044025,1.045854,1.023826,1.010752,1.041410
2.757230,1.039197,1.013194,0.997275,0.979553,0.988775,0.991162,0.984661,0.985002,1.029108,1.013354,1.004486,0.988391,1.006366,0.994569,0.993643,1.010401,1.009617,1.003504,1.042033,0.989326,1.012629,1.032831,1.023909,1.015743,1.035325,1.032653,1.016895,1.034666,1.033939,0.988339,0.924869,1.023663,0.999154,1.015092,1.044053,1.045872,1.023807,1.010652,1.041404
2.765560,1.039162,1.013138,0.997246,0.979548,0.988776,0.991164,0.984664,0.985005,1.029111,1.013363,1.004492,0.988396,1.006372,0.994570,0.993641,1.010398,1.009600,1.003482,1.042042,0.989334,1.012634,1.032845,1.023921,1.015742,1.035283,1.032603,1.016860,1.034586,1.033851,0.988238,0.924871,1.023688,0.999175,1.015098,1.044080,1.045888,1.023785,1.010550,1.041397
2.773890,1.039127,1.013080,0.997214,0.979539,0.988774,0.991163,0.984664,0.985006,1.029113,1.013366,1.004494,0.988398,1.006374,0.994566,0.993637,1.010392,1.009579,1.003457,1.042049,0.989340,1.012637,1.032856,1.023931,1.015739,1.035239,1.032550,1.016823,1.034504,1.033760,0.988136,0.924870,1.023706,0.999193,1.015102,1.044104,1.045901,1.023762,1.010446,1.041390
2.782220,1.039089,1.013019,0.997178,0.979527,0.988769,0.991158,0.984661,0.985003,1.029113,1.013366,1.004492,0.988396,1.006371,0.994559,0.993628,1.010383,1.009556,1.003429,1.042053,0.989344,1.012636,1.032865,1.023938,1.015733,1.035193,1.032495,1.016782,1.034420,1.033667,0.988031,0.924866,1.023718,0.999209,1.015104,1.044127,1.045913,1.023738,1.010340,1.041383
2.790550,1.039051,1.012956,0.997140,0.979512,0.988760,0.991150,0.984654,0.984997,1.029111,1.013360,1.004485,0.988389,1.006364,0.994547,0.993617,1.010372,1.009530,1.003398,1.042054,0.989345,1.012633,1.032872,1.023942,1.015724,1.035144,1.032437,1.016739,1.034334,1.033572,0.987924,0.924858,1.023724,0.999223,1.015104,1.044147,1.045922,1.023711,1.010232,1.041376
2.798880,1.039011,1.012890,0.997099,0.979493,0.988747,0.991137,0.984643,0.984987,1.029108,1.013350,1.004474,0.988377,1.006352,0.994531,0.993601,1.010357,1.009501,1.003364,1.042053,0.989343,1.012626,1.032875,1.023943,1.015712,1.035093,1.032377,1.016693,1.034245,1.033475,0.987815,0.924847,1.023723,0.999234,1.015102,1.044164,1.045929,1.023682,1.010122,1.041368
2.807210,1.038971,1.012821,0.997054,0.979469,0.988730,0.991121,0.984629,0.984974,1.029103,1.013335,1.004458,0.988362,1.006336,0.994512,0.993583,1.010338,1.009468,1.003326,1.042049,0.989339,1.012617,1.032875,1.023942,1.015697,1.035039,1.032313,1.016645,1.034153,1.033375,0.987703,0.924831,1.023716,0.999243,1.015096,1.044180,1.045934,1.023651,1.010010,1.041359
2.815540,1.038928,1.012749,0.997006,0.979443,0.988709,0.991101,0.984611,0.984957,1.029096,1.013316,1.004438,0.988341,1.006315,0.994488,0.993560,1.010317,1.009432,1.003285,1.042041,0.989333,1.012604,1.032873,1.023937,1.015678,1.034983,1.032247,1.016593,1.034058,1.033272,0.987589,0.924812,1.023703,0.999249,1.015089,1.044192,1.045936,1.023618,1.009895,1.041351
2.823870,1.038885,1.012675,0.996954,0.979412,0.988684,0.991076,0.984590,0.984937,1.029087,1.013291,1.004414,0.988316,1.006289,0.994459,0.993534,1.010291,1.009393,1.003241,1.042030,0.989323,1.012588,1.032867,1.023929,1.015656,1.034924,1.032178,1.016537,1.033961,1.033167,0.987471,0.924790,1.023683,0.999252,1.015078,1.044202,1.045935,1.023583,1.009778,1.041342
2.832200,1.038840,1.012597,0.996899,0.979377,0.988655,0.991048,0.984564,0.984913,1.029077,1.013262,1.004384,0.988286,1.006259,0.994427,0.993504,1.010262,1.009350,1.003193,1.042017,0.989310,1.012568,1.032858,1.023918,1.015630,1.034863,1.032106,1.016479,1.033861,1.033059,0.987352,0.924763,1.023656,0.999253,1.015064,1.044209,1.045931,1.023545,1.009658,1.041333
2.840530,1.038794,1.012517,0.996840,0.979338,0.988623,0.991015,0.984535,0.984885,1.029064,1.013227,1.004350,0.988251,1.006224,0.994389,0.993469,1.010230,1.009304,1.003142,1.041999,0.989295,1.012545,1.032846,1.023903,1.015601,1.034798,1.032030,1.016417,1.033758,1.032947,0.987229,0.924732,1.023624,0.999250,1.015048,1.044213,1.045924,1.023505,1.009535,1.041323
2.848860,1.038746,1.012433,0.996777,0.979295,0.988586,0.990978,0.984501,0.984853,1.029050,1.013188,1.004311,0.988212,1.006183,0.994348,0.993431,1.010194,1.009253,1.003086,1.041979,0.989276,1.012518,1.032830,1.023885,1.015568,1.034731,1.031952,1.016352,1.033652,1.032833,0.987103,0.924698,1.023585,0.999245,1.015028,1.044215,1.045914,1.023463,1.009410,1.041313
2.857190,1.038697,1.012347,0.996711,0.979247,0.988544,0.990937,0.984464,0.984818,1.029034,1.013143,1.004268,0.988168,1.006139,0.994302,0.993389,1.010153,1.009200,1.003028,1.041954,0.989254,1.012487,1.032810,1.023863,1.015531,1.034660,1.031870,1.016283,1.033543,1.032716,0.986974,0.924660,1.023539,0.999237,1.015006,1.044213,1.045901,1.023418,1.009282,1.041303
2.865520,1.038646,1.012257,0.996641,0.979196,0.988499,0.990892,0.984423,0.984778,1.029016,1.013094,1.004220,0.988119,1.006089,0.994251,0.993342,1.010109,1.009142,1.002965,1.041927,0.989229,1.012452,1.032787,1.023838,1.015491,1.034587,1.031785,1.016211,1.033430,1.032595,0.986843,0.924617,1.023488,0.999225,1.014980,1.044208,1.045885,1.023370,1.009151,1.041292
2.873850,1.038594,1.012164,0.996567,0.979140,0.988449,0.990842,0.984378,0.984735,1.028996,1.013039,1.004167,0.988065,1.006034,0.994196,0.993292,1.010062,1.009081,1.002898,1.041895,0.989200,1.012414,1.032761,1.023809,1.015446,1.034511,1.031696,1.016135,1.033314,1.032472,0.986708,0.924571,1.023430,0.999211,1.014951,1.044200,1.045865,1.023320,1.009017,1.041281
2.882180,1.038541,1.012068,0.996489,0.979080,0.988396,0.990788,0.984329,0.984688,1.028973,1.012980,1.004109,0.988006,1.005974,0.994136,0.993237,1.010010,1.009015,1.002828,1.041860,0.989168,1.012372,1.032730,1.023776,1.015398,1.034431,1.031604,1.016056,1.033195,1.032345,0.986570,0.924521,1.023366,0.999193,1.014918,1.044188,1.045842,1.023268,1.008880,1.041269
2.890510,1.038486,1.011968,0.996408,0.979016,0.988338,0.990730,0.984275,0.984637,1.028949,1.012915,1.004046,0.987943,1.005910,0.994071,0.993178,1.009954,1.008946,1.002754,1.041821,0.989133,1.012326,1.032696,1.023739,1.015345,1.034349,1.031508,1.015973,1.033073,1.032215,0.986428,0.924466,1.023295,0.999172,1.014882,1.044174,1.045815,1.023213,1.008740,1.041257
2.898840,1.038430,1.011866,0.996322,0.978947,0.988276,0.990668,0.984218,0.984582,1.028923,1.012846,1.003979,0.987874,1.005840,0.994002,0.993114,1.009894,1.008873,1.002676,1.041779,0.989094,1.012276,1.032658,1.023699,1.015289,1.034263,1.031409,1.015886,1.032947,1.032081,0.986284,0.924408,1.023219,0.999148,1.014843,1.044156,1.045785,1.023155,1.008597,1.041245
2.907170,1.038373,1.011760,0.996233,0.978874,0.988209,0.990601,0.984157,0.984523,1.028895,1.012771,1.003907,0.987801,1.005766,0.993929,0.993046,1.009830,1.008796,1.002593,1.041732,0.989051,1.012222,1.032617,1.023654,1.015229,1.034175,1.031306,1.015796,1.032818,1.031944,0.986136,0.924346,1.023137,0.999121,1.014800,1.044135,1.045751,1.023095,1.008451,1.041233
2.915500,1.038314,1.011650,0.996140,0.978797,0.988139,0.990530,0.984092,0.984461,1.028865,1.012692,1.003830,0.987724,1.005687,0.993850,0.992974,1.009762,1.008715,1.002507,1.041682,0.989005,1.012164,1.032571,1.023606,1.015164,1.034083,1.031200,1.015702,1.032685,1.031804,0.985985,0.924279,1.023048,0.999090,1.014753,1.044110,1.045713,1.023032,1.008302,1.041220
2.923830,1.038253,1.011538,0.996042,0.978716,0.988064,0.990455,0.984022,0.984394,1.028834,1.012607,1.003749,0.987641,1.005603,0.993768,0.992898,1.009689,1.008630,1.002418,1.041628,0.988955,1.012102,1.032522,1.023554,1.015096,1.033988,1.031090,1.015604,1.032549,1.031660,0.985831,0.924209,1.022954,0.999056,1.014703,1.044082,1.045672,1.022967,1.008150,1.041206
2.932160,1.038192,1.011422,0.995941,0.978630,0.987985,0.990376,0.983949,0.984324,1.028800,1.012518,1.003663,0.987554,1.005514,0.993680,0.992817,1.009613,1.008541,1.002324,1.041570,0.988902,1.012036,1.032468,1.023498,1.015023,1.033890,1.030977,1.015502,1.032409,1.031513,0.985673,0.924135,1.022854,0.999018,1.014649,1.044050,1.045627,1.022899,1.007994,1.041193
2.940490,1.038129,1.011303,0.995836,0.978540,0.987902,0.990292,0.983872,0.984250,1.028764,1.012424,1.003573,0.987462,1.005421,0.993588,0.992733,1.009533,1.008448,1.002226,1.041508,0.988845,1.011966,1.032411,1.023438,1.014946,1.033788,1.030860,1.015397,1.032266,1.031362,0.985512,0.924057,1.022748,0.998978,1.014591,1.044016,1.045578,1.022828,1.007836,1.041179
2.948820,1.038064,1.011181,0.995728,0.978446,0.987815,0.990204,0.983791,0.984172,1.028727,1.012325,1.003477,0.987365,1.005323,0.993492,0.992644,1.009449,1.008351,1.002124,1.041443,0.988784,1.011893,1.032351,1.023374,1.014866,1.033684,1.030740,1.015288,1.032119,1.031208,0.985348,0.923975,1.022637,0.998934,1.014530,1.043977,1.045526,1.022755,1.007674,1.041164
2.957150,1.037999,1.011055,0.995615,0.978348,0.987724,0.990113,0.983706,0.984090,1.028687,1.012222,1.003378,0.987264,1.005220,0.993392,0.992550,1.009361,1.008251,1.002019,1.041373,0.988720,1.011815,1.032286,1.023306,1.014781,1.033576,1.030616,1.015175,1.031969,1.031050,0.985180,0.923889,1.022520,0.998886,1.014466,1.043936,1.045470,1.022679,1.007509,1.041150
2.965480,1.037932,1.010927,0.995499,0.978246,0.987629,0.990017,0.983618,0.984005,1.028646,1.012114,1.003274,0.987159,1.005113,0.993287,0.992453,1.009268,1.008146,1.001910,1.041300,0.988652,1.011734,1.032218,1.023234,1.014693,1.033466,1.030489,1.015059,1.031815,1.030890,0.985010,0.923800,1.022398,0.998836,1.014397,1.043891,1.045410,1.022600,1.007340,1.041135
2.973810,1.037864,1.010795,0.995380,0.978140,0.987530,0.989917,0.983526,0.983916,1.028603,1.012001,1.003166,0.987049,1.005001,0.993178,0.992352,1.009172,1.008038,1.001797,1.041223,0.988581,1.011648,1.032145,1.023159,1.014600,1.033352,1.030358,1.014939,1.031658,1.030725,0.984836,0.923707,1.022270,0.998782,1.014326,1.043842,1.045346,1.022519,1.007169,1.041119
2.982140,1.037794,1.010660,0.995256,0.978030,0.987427,0.989814,0.983430,0.983824,1.028558,1.011884,1.003054,0.986935,1.004886,0.993064,0.992247,1.009072,1.007927,1.001681,1.041143,0.988506,1.011559,1.032070,1.023080,1.014504,1.033236,1.030224,1.014816,1.031498,1.030558,0.984659,0.923610,1.022138,0.998725,1.014250,1.043791,1.045279,1.022436,1.006995,1.041104
2.990470,1.037724,1.010523,0.995130,0.977916,0.987321,0.989707,0.983331,0.983729,1.028512,1.011763,1.002938,0.986817,1.004766,0.992947,0.992138,1.008969,1.007811,1.001561,1.041059,0.988428,1.011467,1.031991,1.022997,1.014404,1.033116,1.030086,1.014689,1.031335,1.030387,0.984480,0.923510,1.022001,0.998665,1.014171,1.043736,1.045208,1.022350,1.006817,1.041088
2.998800,1.037652,1.010382,0.994999,0.977798,0.987211,0.989596,0.983228,0.983630,1.028464,1.011639,1.002818,0.986696,1.004642,0.992826,0.992025,1.008862,1.007692,1.001437,1.040971,0.988346,1.011370,1.031908,1.022911,1.014301,1.032994,1.029946,1.014559,1.031168,1.030213,0.984297,0.923407,1.021859,0.998602,1.014089,1.043678,1.045134,1.022261,1.006637,1.041072
3.007130,1.037580,1.010239,0.994866,0.977677,0.987098,0.989483,0.983123,0.983528,1.028414,1.011510,1.002694,0.986570,1.004515,0.992702,0.991908,1.008751,1.007570,1.001310,1.040880,0.988261,1.011271,1.031822,1.022821,1.014193,1.032869,1.029802,1.014426,1.030998,1.030036,0.984111,0.923301,1.021714,0.998536,1.014003,1.043617,1.045056,1.022171,1.006453,1.041056
3.015460,1.037506,1.010094,0.994730,0.977553,0.986982,0.989365,0.983014,0.983423,1.028363,1.011378,1.002567,0.986441,1.004384,0.992574,0.991788,1.008637,1.007445,1.001181,1.040786,0.988173,1.011168,1.031732,1.022728,1.014083,1.032742,1.029655,1.014289,1.030825,1.029856,0.983923,0.923191,1.021564,0.998467,1.013914,1.043553,1.044975,1.022078,1.006267,1.041040
3.023790,1.037432,1.009945,0.994590,0.977426,0.986863,0.989245,0.982903,0.983315,1.028311,1.011242,1.002436,0.986309,1.004249,0.992442,0.991665,1.008520,1.007316,1.001048,1.040688,0.988081,1.011062,1.031640,1.022632,1.013969,1.032612,1.029505,1.014150,1.030649,1.029673,0.983732,0.923079,1.021411,0.998395,1.013822,1.043486,1.044891,1.021983,1.006078,1.041024
3.032120,1.037357,1.009795,0.994448,0.977295,0.986740,0.989122,0.982788,0.983205,1.028258,1.011103,1.002303,0.986174,1.004112,0.992308,0.991539,1.008399,1.007185,1.000912,1.040588,0.987987,1.010952,1.031544,1.022532,1.013852,1.032479,1.029353,1.014008,1.030470,1.029487,0.983539,0.922964,1.021255,0.998320,1.013727,1.043416,1.044804,1.021886,1.005887,1.041007
3.040450,1.037280,1.009642,0.994303,0.977162,0.986616,0.988997,0.982672,0.983092,1.028203,1.010962,1.002167,0.986035,1.003971,0.992170,0.991409,1.008276,1.007050,1.000773,1.040484,0.987890,1.010840,1.031445,1.022430,1.013732,1.032344,1.029198,1.013863,1.030289,1.029298,0.983343,0.922847,1.021095,0.998243,1.013628,1.043344,1.044713,1.021787,1.005693,1.040991
3.048780,1.037204,1.009487,0.994156,0.977026,0.986488,0.988869,0.982552,0.982977,1.028147,1.010817,1.002028,0.985895,1.003828,0.992030,0.991277,1.008150,1.006913,1.000632,1.040378,0.987789,1.010725,1.031344,1.022324,1.013609,1.032208,1.029040,1.013715,1.030104,1.029107,0.983145,0.922727,1.020933,0.998163,1.013527,1.043269,1.044620,1.021686,1.005496,1.040974
3.057110,1.037126,1.009330,0.994007,0.976887,0.986359,0.988738,0.982431,0.982860,1.028090,1.010671,1.001887,0.985751,1.003683,0.991888,0.991142,1.008021,1.006774,1.000488,1.040268,0.987687,1.010608,1.031240,1.022216,1.013484,1.032069,1.028880,1.013565,1.029918,1.028913,0.982944,0.922605,1.020769,0.998081,1.013423,1.043192,1.044524,1.021583,1.005297,1.040957
3.065440,1.037048,1.009171,0.993855,0.976746,0.986228,0.988606,0.982308,0.982741,1.028033,1.010522,1.001744,0.985606,1.003535,0.991743,0.991004,1.007890,1.006632,1.000342,1.040157,0.987581,1.010488,1.031134,1.022106,1.013355,1.031928,1.028717,1.013413,1.029729,1.028717,0.982742,0.922482,1.020604,0.997997,1.013316,1.043112,1.044426,1.021479,1.005095,1.040941
3.073770,1.036970,1.009010,0.993701,0.976604,0.986094,0.988472,0.982183,0.982620,1.027974,1.010371,1.001599,0.985459,1.003385,0.991596,0.990865,1.007756,1.006488,1.000194,1.040043,0.987473,1.010365,1.031025,1.021993,1.013225,1.031785,1.028553,1.013258,1.029537,1.028519,0.982538,0.922356,1.020436,0.997911,1.013207,1.043030,1.044325,1.021373,1.004892,1.040924
3.082100,1.036891,1.008848,0.993545,0.976459,0.985959,0.988336,0.982057,0.982498,1.027915,1.010219,1.001452,0.985310,1.003234,0.991447,0.990723,1.007620,1.006341,1.000044,1.039926,0.987363,1.010241,1.030914,1.021878,1.013092,1.031641,1.028387,1.013102,1.029344,1.028318,0.982332,0.922230,1.020268,0.997822,1.013096,1.042946,1.044222,1.021266,1.004687,1.040908
3.090430,1.036811,1.008684,0.993388,0.976313,0.985823,0.988199,0.981929,0.982374,1.027856,1.010066,1.001304,0.985160,1.003082,0.991297,0.990579,1.007483,1.006193,0.999892,1.039808,0.987251,1.010114,1.030801,1.021761,1.012958,1.031495,1.028218,1.012944,1.029149,1.028116,0.982125,0.922101,1.020099,0.997732,1.012982,1.042861,1.044116,1.021157,1.004479,1.040891
3.098760,1.036732,1.008520,0.993230,0.976165,0.985686,0.988061,0.981800,0.982249,1.027796,1.009911,1.001155,0.985009,1.002928,0.991145,0.990434,1.007343,1.006044,0.999739,1.039687,0.987136,1.009986,1.030687,1.021642,1.012821,1.031348,1.028049,1.012784,1.028952,1.027912,0.981916,0.921972,1.019930,0.997640,1.012866,1.042773,1.044009,1.021047,1.004270,1.040875
3.107090,1.036652,1.008354,0.993070,0.976017,0.985547,0.987922,0.981670,0.982124,1.027735,1.009756,1.001006,0.984856,1.002773,0.990992,0.990287,1.007202,1.005893,0.999584,1.039565,0.987020,1.009857,1.030571,1.021521,1.012683,1.031200,1.027877,1.012623,1.028753,1.027706,0.981707,0.921842,1.019760,0.997546,1.012748,1.042684,1.043900,1.020936,1.004060,1.040859
3.115420,1.036572,1.008187,0.992909,0.975867,0.985408,0.987782,0.981540,0.981998,1.027675,1.009600,1.000855,0.984704,1.002618,0.990839,0.990139,1.007060,1.005740,0.999429,1.039442,0.986903,1.009726,1.030453,1.021399,1.012543,1.031051,1.027705,1.012460,1.028553,1.027499,0.981496,0.921712,1.019592,0.997451,1.012629,1.042594,1.043789,1.020824,1.003848,1.040843
3.123750,1.036493,1.008020,0.992748,0.975716,0.985269,0.987642,0.981409,0.981871,1.027614,1.009444,1.000705,0.984551,1.002463,0.990685,0.989990,1.006916,1.005587,0.999272,1.039317,0.986783,1.009593,1.030334,1.021276,1.012403,1.030901,1.027531,1.012297,1.028351,1.027290,0.981285,0.921581,1.019424,0.997355,1.012508,1.042502,1.043677,1.020712,1.003634,1.040827
3.132080,1.036413,1.007852,0.992586,0.975566,0.985129,0.987501,0.981278,0.981744,1.027554,1.009288,1.000554,0.984398,1.002307,0.990530,0.989841,1.006772,1.005433,0.999115,1.039191,0.986663,1.009460,1.030214,1.021151,1.012261,1.030750,1.027357,1.012132,1.028149,1.027081,0.981072,0.921450,1.019257,0.997258,1.012385,1.042410,1.043564,1.020598,1.003420,1.040812
3.140410,1.036333,1.007684,0.992423,0.975415,0.984989,0.987361,0.981147,0.981617,1.027493,1.009133,1.000404,0.984246,1.002152,0.990376,0.989690,1.006627,1.005278,0.998957,1.039064,0.986541,1.009326,1.030094,1.021026,1.012118,1.030599,1.027182,1.011967,1.027945,1.026870,0.980860,0.921319,1.019092,0.997160,1.012262,1.042316,1.043449,1.020485,1.003204,1.040797
3.148740,1.036254,1.007516,0.992261,0.975264,0.984850,0.987221,0.981016,0.981491,1.027433,1.008978,1.000254,0.984093,1.001998,0.990222,0.989540,1.006481,1.005123,0.998798,1.038936,0.986418,1.009192,1.029972,1.020900,1.011975,1.030447,1.027006,1.011802,1.027741,1.026659,0.980647,0.921188,1.018928,0.997061,1.012137,1.042222,1.043334,1.020370,1.002988,1.040782
3.157070,1.036175,1.007347,0.992098,0.975112,0.984710,0.987081,0.980886,0.981364,1.027373,1.008824,1.000105,0.983942,1.001843,0.990067,0.989389,1.006335,1.004968,0.998640,1.038807,0.986295,1.009057,1.029851,1.020774,1.011831,1.030296,1.026830,1.011636,1.027536,1.026447,0.980434,0.921057,1.018766,0.996961,1.012012,1.042127,1.043218,1.020256,1.002771,1.040768
3.165400,1.036096,1.007179,0.991936,0.974962,0.984572,0.986942,0.980756,0.981238,1.027314,1.008671,0.999957,0.983791,1.001690,0.989914,0.989238,1.006189,1.004812,0.998482,1.038679,0.986171,1.008922,1.029729,1.020647,1.011687,1.030144,1.026654,1.011470,1.027331,1.026235,0.980222,0.920927,1.018606,0.996861,1.011885,1.042032,1.043102,1.020141,1.002554,1.040754
3.173730,1.036018,1.007012,0.991774,0.974812,0.984434,0.986805,0.980627,0.981113,1.027255,1.008520,0.999810,0.983642,1.001539,0.989762,0.989088,1.006043,1.004657,0.998323,1.038549,0.986047,1.008787,1.029606,1.020520,1.011544,1.029993,1.026478,1.011304,1.027126,1.026022,0.980009,0.920799,1.018451,0.996761,1.011758,1.041936,1.042985,1.020026,1.002336,1.040740
3.182060,1.035940,1.006844,0.991612,0.974663,0.984297,0.986668,0.980498,0.980989,1.027197,1.008369,0.999664,0.983494,1.001388,0.989610,0.988937,1.005897,1.004502,0.998166,1.038420,0.985922,1.008652,1.029484,1.020393,1.011400,1.029841,1.026301,1.011138,1.026920,1.025809,0.979797,0.920671,1.018297,0.996661,1.011631,1.041841,1.042869,1.019912,1.002118,1.040727
3.190390,1.035863,1.006677,0.991451,0.974514,0.984162,0.986532,0.980372,0.980866,1.027139,1.008221,0.999520,0.983347,1.001239,0.989460,0.988788,1.005752,1.004347,0.998009,1.038291,0.985797,1.008518,1.029363,1.020267,1.011257,1.029691,1.026126,1.010973,1.026715,1.025597,0.979586,0.920544,1.018146,0.996560,1.011504,1.041746,1.042752,1.019797,1.001900,1.040714
3.198720,1.035787,1.006512,0.991292,0.974368,0.984028,0.986398,0.980247,0.980745,1.027083,1.008076,0.999379,0.983204,1.001093,0.989311,0.988640,1.005608,1.004194,0.997853,1.038162,0.985672,1.008384,1.029242,1.020141,1.011114,1.029541,1.025951,1.010808,1.026510,1.025385,0.979376,0.920419,1.018001,0.996460,1.011376,1.041651,1.042636,1.019684,1.001683,1.040703
3.207050,1.035712,1.006347,0.991133,0.974222,0.983896,0.986266,0.980122,0.980624,1.027027,1.007932,0.999239,0.983061,1.000948,0.989164,0.988492,1.005464,1.004041,0.997697,1.038034,0.985548,1.008251,1.029121,1.020016,1.010972,1.029391,1.025776,1.010644,1.026305,1.025172,0.979166,0.920295,1.017858,0.996360,1.011249,1.041556,1.042520,1.019570,1.001465,1.040691
3.215380,1.035637,1.006183,0.990976,0.974079,0.983766,0.986136,0.980000,0.980506,1.026972,1.007791,0.999101,0.982921,1.000805,0.989019,0.988347,1.005322,1.003889,0.997543,1.037907,0.985424,1.008120,1.029002,1.019892,1.010831,1.029243,1.025603,1.010482,1.026101,1.024961,0.978958,0.920174,1.017719,0.996261,1.011123,1.041462,1.042405,1.019457,1.001248,1.040680
3.223710,1.035563,1.006022,0.990821,0.973937,0.983638,0.986008,0.979881,0.980390,1.026919,1.007653,0.998967,0.982785,1.000667,0.988877,0.988203,1.005180,1.003739,0.997391,1.037780,0.985301,1.007989,1.028883,1.019769,1.010691,1.029096,1.025430,1.010320,1.025898,1.024751,0.978752,0.920055,1.017587,0.996163,1.010996,1.041369,1.042291,1.019346,1.001032,1.040670
3.232040,1.035490,1.005860,0.990667,0.973797,0.983511,0.985882,0.979763,0.980275,1.026867,1.007517,0.998835,0.982650,1.000529,0.988735,0.988059,1.005040,1.003590,0.997240,1.037654,0.985178,1.007859,1.028765,1.019646,1.010552,1.028950,1.025259,1.010160,1.025695,1.024541,0.978547,0.919937,1.017456,0.996064,1.010870,1.041276,1.042178,1.019234,1.000816,1.040660
3.240370,1.035419,1.005701,0.990515,0.973660,0.983388,0.985759,0.979647,0.980163,1.026816,1.007385,0.998706,0.982519,1.000395,0.988598,0.987919,1.004902,1.003443,0.997091,1.037530,0.985057,1.007732,1.028650,1.019526,1.010416,1.028805,1.025089,1.010001,1.025494,1.024332,0.978343,0.919822,1.017332,0.995968,1.010746,1.041186,1.042066,1.019124,1.000601,1.040651
3.248700,1.035348,1.005545,0.990366,0.973525,0.983268,0.985639,0.979535,0.980054,1.026768,1.007257,0.998581,0.982391,1.000266,0.988463,0.987780,1.004766,1.003298,0.996944,1.037407,0.984936,1.007606,1.028535,1.019407,1.010281,1.028663,1.024921,1.009844,1.025295,1.024125,0.978142,0.919710,1.017214,0.995872,1.010622,1.041096,1.041956,1.019016,1.000388,1.040643
3.257030,1.035279,1.005389,0.990218,0.973392,0.983149,0.985520,0.979424,0.979946,1.026719,1.007131,0.998457,0.982265,1.000137,0.988330,0.987643,1.004631,1.003154,0.996798,1.037285,0.984816,1.007481,1.028422,1.019290,1.010147,1.028521,1.024754,1.009689,1.025096,1.023919,0.977942,0.919599,1.017099,0.995777,1.010499,1.041007,1.041847,1.018908,1.000175,1.040635
3.265360,1.035211,1.005236,0.990073,0.973262,0.983034,0.985406,0.979316,0.979842,1.026673,1.007010,0.998338,0.982144,1.000014,0.988201,0.987510,1.004499,1.003013,0.996656,1.037166,0.984699,1.007360,1.028312,1.019175,1.010016,1.028381,1.024589,1.009536,1.024900,1.023715,0.977745,0.919492,1.016990,0.995685,1.010379,1.040921,1.041740,1.018802,0.999964,1.040627
3.273690,1.035144,1.005085,0.989931,0.973136,0.982922,0.985295,0.979212,0.979741,1.026629,1.006893,0.998223,0.982027,0.999894,0.988075,0.987378,1.004369,1.002874,0.996516,1.037048,0.984583,1.007240,1.028204,1.019062,1.009887,1.028244,1.024427,1.009385,1.024705,1.023513,0.977551,0.919388,1.016888,0.995594,1.010259,1.040836,1.041635,1.018697,0.999754,1.040621
3.282020,1.035078,1.004936,0.989790,0.973011,0.982812,0.985185,0.979110,0.979641,1.026586,1.006779,0.998110,0.981912,0.999777,0.987951,0.987249,1.004241,1.002737,0.996377,1.036932,0.984468,1.007122,1.028096,1.018951,1.009760,1.028108,1.024266,1.009235,1.024511,1.023312,0.977358,0.919286,1.016789,0.995503,1.010141,1.040752,1.041531,1.018594,0.999546,1.040616
3.290350,1.035014,1.004790,0.989653,0.972891,0.982706,0.985080,0.979011,0.979545,1.026545,1.006669,0.998002,0.981802,0.999665,0.987832,0.987123,1.004116,1.002604,0.996242,1.036819,0.984356,1.007007,1.027993,1.018843,1.009636,1.027975,1.024108,1.009089,1.024320,1.023113,0.977168,0.919188,1.016697,0.995416,1.010025,1.040671,1.041431,1.018493,0.999340,1.040611
3.298680,1.034952,1.004646,0.989519,0.972774,0.982604,0.984979,0.978916,0.979453,1.026506,1.006565,0.997899,0.981696,0.999557,0.987717,0.987001,1.003994,1.002473,0.996110,1.036707,0.984245,1.006895,1.027891,1.018737,1.009514,1.027845,1.023952,1.008945,1.024132,1.022917,0.976982,0.919094,1.016613,0.995330,1.009911,1.040592,1.041333,1.018393,0.999136,1.040607
3.307010,1.034890,1.004505,0.989387,0.972659,0.982504,0.984880,0.978823,0.979363,1.026468,1.006462,0.997797,0.981593,0.999452,0.987604,0.986880,1.003873,1.002344,0.995979,1.036598,0.984136,1.006784,1.027792,1.018633,1.009395,1.027715,1.023798,1.008803,1.023945,1.022722,0.976797,0.919001,1.016531,0.995245,1.009798,1.040515,1.041236,1.018295,0.998933,1.040603
3.315340,1.034830,1.004366,0.989259,0.972548,0.982409,0.984786,0.978734,0.979277,1.026432,1.006366,0.997701,0.981495,0.999351,0.987496,0.986763,1.003757,1.002219,0.995853,1.036492,0.984031,1.006678,1.027696,1.018533,1.009279,1.027589,1.023647,1.008665,1.023761,1.022530,0.976615,0.918913,1.016456,0.995163,1.009689,1.040440,1.041144,1.018199,0.998733,1.040601
3.323670,1.034772,1.004231,0.989134,0.972441,0.982317,0.984696,0.978650,0.979194,1.026399,1.006274,0.997610,0.981401,0.999256,0.987392,0.986650,1.003644,1.002097,0.995730,1.036388,0.983927,1.006574,1.027603,1.018436,1.009166,1.027466,1.023500,1.008530,1.023579,1.022341,0.976438,0.918829,1.016389,0.995084,1.009581,1.040369,1.041054,1.018106,0.998536,1.040599
3.332000,1.034715,1.004098,0.989011,0.972337,0.982228,0.984608,0.978567,0.979114,1.026367,1.006185,0.997521,0.981310,0.999163,0.987290,0.986539,1.003533,1.001976,0.995608,1.036287,0.983825,1.006473,1.027511,1.018340,1.009056,1.027345,1.023354,1.008396,1.023400,1.022153,0.976262,0.918746,1.016325,0.995006,1.009475,1.040298,1.040965,1.018013,0.998339,1.040598
3.340330,1.034660,1.003968,0.988893,0.972237,0.982144,0.984524,0.978489,0.979038,1.026337,1.006102,0.997438,0.981225,0.999076,0.987194,0.986433,1.003426,1.001861,0.995491,1.036189,0.983727,1.006375,1.027424,1.018249,1.008949,1.027227,1.023211,1.008267,1.023223,1.021969,0.976090,0.918669,1.016268,0.994931,1.009374,1.040231,1.040882,1.017924,0.998146,1.040598
3.348660,1.034607,1.003842,0.988778,0.972141,0.982063,0.984445,0.978414,0.978966,1.026309,1.006023,0.997359,0.981145,0.998994,0.987101,0.986331,1.003322,1.001748,0.995378,1.036094,0.983631,1.006281,1.027340,1.018161,1.008846,1.027112,1.023072,1.008141,1.023050,1.021788,0.975923,0.918595,1.016218,0.994859,1.009274,1.040167,1.040800,1.017837,0.997956,1.040599
3.356990,1.034555,1.003718,0.988665,0.972048,0.981985,0.984369,0.978342,0.978896,1.026283,1.005947,0.997283,0.981067,0.998914,0.987012,0.986230,1.003221,1.001638,0.995267,1.036001,0.983537,1.006189,1.027258,1.018075,1.008745,1.026998,1.022935,1.008016,1.022879,1.021608,0.975757,0.918523,1.016171,0.994788,1.009176,1.040105,1.040721,1.017751,0.997767,1.040600
3.365320,1.034505,1.003598,0.988558,0.971959,0.981912,0.984297,0.978275,0.978830,1.026259,1.005878,0.997213,0.980995,0.998840,0.986928,0.986135,1.003124,1.001532,0.995160,1.035913,0.983447,1.006102,1.027181,1.017995,1.008649,1.026889,1.022802,1.007896,1.022712,1.021433,0.975595,0.918456,1.016133,0.994721,1.009082,1.040047,1.040647,1.017669,0.997582,1.040602
3.373650,1.034456,1.003481,0.988453,0.971874,0.981843,0.984229,0.978211,0.978768,1.026238,1.005813,0.997146,0.980926,0.998770,0.986847,0.986043,1.003031,1.001430,0.995057,1.035827,0.983359,1.006017,1.027106,1.017917,1.008555,1.026783,1.022672,1.007780,1.022547,1.021260,0.975437,0.918393,1.016099,0.994656,1.008991,1.039991,1.040576,1.017589,0.997400,1.040605
3.381980,1.034409,1.003365,0.988351,0.971792,0.981776,0.984164,0.978150,0.978709,1.026217,1.005750,0.997083,0.980861,0.998703,0.986769,0.985954,1.002939,1.001330,0.994956,1.035743,0.983274,1.005935,1.027034,1.017841,1.008464,1.026678,1.022545,1.007665,1.022384,1.021089,0.975281,0.918332,1.016069,0.994593,1.008902,1.039937,1.040506,1.017510,0.997219,1.040608
3.390310,1.034364,1.003255,0.988254,0.971715,0.981714,0.984104,0.978093,0.978654,1.026199,1.005694,0.997025,0.980802,0.998643,0.986698,0.985870,1.002854,1.001235,0.994860,1.035664,0.983193,1.005859,1.026967,1.017770,1.008379,1.026577,1.022421,1.007555,1.022227,1.020923,0.975131,0.918276,1.016047,0.994535,1.008817,1.039888,1.040443,1.017435,0.997043,1.040613
3.398640,1.034320,1.003147,0.988160,0.971642,0.981656,0.984047,0.978040,0.978602,1.026183,1.005642,0.996971,0.980747,0.998586,0.986629,0.985789,1.002771,1.001143,0.994767,1.035588,0.983115,1.005785,1.026902,1.017703,1.008296,1.026480,1.022301,1.007448,1.022071,1.020760,0.974983,0.918223,1.016029,0.994478,1.008735,1.039842,1.040382,1.017362,0.996869,1.040618
3.406970,1.034277,1.003042,0.988068,0.971571,0.981600,0.983993,0.977990,0.978553,1.026169,1.005593,0.996920,0.980694,0.998532,0.986563,0.985711,1.002690,1.001053,0.994676,1.035514,0.983038,1.005713,1.026840,1.017637,1.008216,1.026384,1.022183,1.007344,1.021918,1.020598,0.974838,0.918172,1.016015,0.994424,1.008655,1.039797,1.040323,1.017290,0.996697,1.040623
3.415300,1.034237,1.002941,0.987982,0.971505,0.981550,0.983945,0.977944,0.978508,1.026157,1.005550,0.996875,0.980647,0.998483,0.986504,0.985638,1.002615,1.000969,0.994591,1.035445,0.982967,1.005647,1.026784,1.017577,1.008141,1.026293,1.022069,1.007244,1.021770,1.020442,0.974698,0.918127,1.016008,0.994373,1.008580,1.039757,1.040270,1.017222,0.996529,1.040630
3.423630,1.034198,1.002843,0.987898,0.971443,0.981502,0.983899,0.977901,0.978467,1.026147,1.005510,0.996833,0.980604,0.998439,0.986447,0.985568,1.002543,1.000887,0.994508,1.035379,0.982898,1.005584,1.026730,1.017521,1.008069,1.026204,1.021959,1.007147,1.021624,1.020288,0.974561,0.918084,1.016005,0.994325,1.008507,1.039719,1.040220,1.017157,0.996364,1.040637
3.431960,1.034161,1.002747,0.987817,0.971383,0.981458,0.983856,0.977860,0.978427,1.026138,1.005473,0.996794,0.980563,0.998397,0.986393,0.985501,1.002473,1.000808,0.994429,1.035315,0.982831,1.005523,1.026678,1.017466,1.007999,1.026117,1.021851,1.007053,1.021481,1.020136,0.974426,0.918044,1.016005,0.994279,1.008437,1.039684,1.040172,1.017092,0.996201,1.040645
3.440290,1.034125,1.002656,0.987741,0.971328,0.981418,0.983818,0.977825,0.978393,1.026131,1.005442,0.996760,0.980528,0.998361,0.986344,0.985439,1.002409,1.000734,0.994354,1.035257,0.982769,1.005467,1.026632,1.017417,1.007935,1.026035,1.021747,1.006963,1.021342,1.019989,0.974296,0.918008,1.016012,0.994238,1.008371,1.039653,1.040130,1.017032,0.996042,1.040654
3.448620,1.034090,1.002566,0.987667,0.971276,0.981379,0.983781,0.977791,0.978360,1.026126,1.005413,0.996728,0.980495,0.998326,0.986298,0.985379,1.002346,1.000662,0.994281,1.035199,0.982708,1.005414,1.026587,1.017369,1.007872,1.025954,1.021645,1.006875,1.021205,1.019844,0.974169,0.917974,1.016021,0.994197,1.008307,1.039624,1.040089,1.016973,0.995885,1.040663
3.456950,1.034058,1.002481,0.987598,0.971228,0.981346,0.983750,0.977761,0.978331,1.026123,1.005389,0.996701,0.980467,0.998297,0.986257,0.985325,1.002289,1.000595,0.994213,1.035147,0.982653,1.005365,1.026547,1.017327,1.007815,1.025877,1.021548,1.006793,1.021073,1.019703,0.974046,0.917945,1.016036,0.994161,1.008248,1.039599,1.040054,1.016917,0.995732,1.040673
3.465280,1.034027,1.002398,0.987531,0.971182,0.981315,0.983721,0.977734,0.978305,1.026121,1.005368,0.996677,0.980442,0.998271,0.986218,0.985273,1.002234,1.000530,0.994147,1.035097,0.982599,1.005319,1.026510,1.017288,1.007760,1.025803,1.021454,1.006712,1.020943,1.019565,0.973925,0.917918,1.016053,0.994127,1.008192,1.039577,1.040021,1.016863,0.995582,1.040683
3.473610,1.033997,1.002319,0.987468,0.971141,0.981288,0.983696,0.977710,0.978282,1.026121,1.005351,0.996657,0.980421,0.998249,0.986183,0.985225,1.002183,1.000470,0.994085,1.035052,0.982550,1.005277,1.026477,1.017253,1.007710,1.025732,1.021363,1.006635,1.020817,1.019431,0.973810,0.917894,1.016076,0.994097,1.008139,1.039558,1.039993,1.016812,0.995436,1.040694
3.481940,1.033969,1.002241,0.987407,0.971102,0.981262,0.983672,0.977689,0.978261,1.026122,1.005336,0.996639,0.980402,0.998229,0.986151,0.985179,1.002134,1.000411,0.994026,1.035008,0.982502,1.005237,1.026446,1.017219,1.007661,1.025663,1.021274,1.006561,1.020693,1.019298,0.973696,0.917872,1.016100,0.994067,1.008088,1.039541,1.039967,1.016763,0.995291,1.040706
3.490270,1.033942,1.002168,0.987351,0.971067,0.981241,0.983653,0.977671,0.978243,1.026125,1.005325,0.996625,0.980387,0.998213,0.986123,0.985138,1.002090,1.000357,0.993971,1.034969,0.982459,1.005201,1.026420,1.017191,1.007618,1.025597,1.021190,1.006491,1.020574,1.019171,0.973586,0.917855,1.016128,0.994043,1.008042,1.039528,1.039946,1.016716,0.995150,1.040718
3.498600,1.033916,1.002096,0.987296,0.971034,0.981221,0.983635,0.977654,0.978228,1.026129,1.005316,0.996613,0.980374,0.998199,0.986097,0.985099,1.002048,1.000305,0.993917,1.034931,0.982417,1.005168,1.026395,1.017164,1.007576,1.025533,1.021107,1.006422,1.020456,1.019044,0.973478,0.917838,1.016158,0.994019,1.007997,1.039517,1.039927,1.016671,0.995011,1.040730
3.506930,1.033892,1.002027,0.987245,0.971005,0.981205,0.983621,0.977641,0.978215,1.026135,1.005311,0.996605,0.980365,0.998189,0.986074,0.985064,1.002010,1.000257,0.993868,1.034898,0.982380,1.005139,1.026375,1.017142,1.007538,1.025473,1.021028,1.006358,1.020343,1.018923,0.973374,0.917825,1.016192,0.993999,1.007958,1.039510,1.039913,1.016629,0.994877,1.040743
3.515260,1.033869,1.001962,0.987197,0.970978,0.981192,0.983609,0.977630,0.978205,1.026142,1.005309,0.996599,0.980358,0.998181,0.986055,0.985032,1.001975,1.000212,0.993822,1.034867,0.982346,1.005112,1.026358,1.017123,1.007503,1.025415,1.020952,1.006296,1.020232,1.018803,0.973274,0.917814,1.016228,0.993982,1.007920,1.039506,1.039901,1.016589,0.994744,1.040757
3.523590,1.033848,1.001899,0.987151,0.970954,0.981180,0.983600,0.977622,0.978197,1.026150,1.005309,0.996595,0.980353,0.998176,0.986038,0.985003,1.001943,1.000170,0.993778,1.034840,0.982314,1.005089,1.026344,1.017107,1.007472,1.025360,1.020879,1.006237,1.020125,1.018687,0.973176,0.917805,1.016266,0.993967,1.007886,1.039504,1.039893,1.016552,0.994615,1.040771
3.531920,1.033827,1.001838,0.987108,0.970932,0.981171,0.983592,0.977615,0.978190,1.026159,1.005310,0.996594,0.980351,0.998173,0.986023,0.984976,1.001913,1.000130,0.993737,1.034814,0.982285,1.005068,1.026332,1.017094,1.007442,1.025307,1.020808,1.006181,1.020019,1.018574,0.973081,0.917798,1.016305,0.993954,1.007854,1.039504,1.039888,1.016516,0.994488,1.040785
3.540250,1.033808,1.001781,0.987068,0.970913,0.981164,0.983588,0.977611,0.978187,1.026170,1.005315,0.996595,0.980352,0.998173,0.986011,0.984953,1.001887,1.000093,0.993699,1.034793,0.982259,1.005051,1.026324,1.017085,1.007417,1.025256,1.020740,1.006128,1.019918,1.018464,0.972989,0.917793,1.016347,0.993944,1.007827,1.039509,1.039887,1.016482,0.994365,1.040800
3.548580,1.033789,1.001724,0.987029,0.970895,0.981159,0.983584,0.977608,0.978184,1.026181,1.005321,0.996597,0.980353,0.998174,0.986001,0.984931,1.001863,1.000058,0.993662,1.034773,0.982235,1.005035,1.026317,1.017076,1.007393,1.025207,1.020674,1.006076,1.019818,1.018355,0.972898,0.917790,1.016389,0.993936,1.007800,1.039514,1.039887,1.016450,0.994243,1.040815
3.556910,1.033772,1.001670,0.986994,0.970881,0.981156,0.983583,0.977608,0.978184,1.026193,1.005329,0.996602,0.980358,0.998178,0.985993,0.984913,1.001842,1.000027,0.993629,1.034757,0.982215,1.005023,1.026314,1.017072,1.007373,1.025161,1.020612,1.006028,1.019721,1.018251,0.972811,0.917789,1.016433,0.993931,1.007778,1.039522,1.039892,1.016420,0.994125,1.040831
3.565240,1.033756,1.001619,0.986961,0.970868,0.981154,0.983583,0.977609,0.978185,1.026206,1.005339,0.996609,0.980363,0.998183,0.985988,0.984897,1.001824,0.999998,0.993599,1.034743,0.982197,1.005014,1.026314,1.017071,1.007356,1.025117,1.020552,1.005983,1.019628,1.018149,0.972727,0.917789,1.016478,0.993928,1.007758,1.039534,1.039900,1.016392,0.994009,1.040847
3.573570,1.033741,1.001569,0.986929,0.970856,0.981154,0.983585,0.977610,0.978187,1.026220,1.005350,0.996616,0.980370,0.998189,0.985983,0.984882,1.001806,0.999970,0.993569,1.034731,0.982181,1.005005,1.026315,1.017071,1.007339,1.025074,1.020493,1.005938,1.019535,1.018048,0.972643,0.917790,1.016523,0.993925,1.007740,1.039546,1.039908,1.016365,0.993895,1.040863
3.581900,1.033726,1.001522,0.986899,0.970847,0.981156,0.983588,0.977614,0.978191,1.026235,1.005362,0.996625,0.980379,0.998198,0.985981,0.984871,1.001793,0.999945,0.993542,1.034722,0.982168,1.005001,1.026320,1.017075,1.007327,1.025034,1.020437,1.005897,1.019447,1.017951,0.972563,0.917794,1.016569,0.993927,1.007726,1.039562,1.039921,1.016340,0.993785,1.040879
3.590230,1.033713,1.001476,0.986872,0.970840,0.981159,0.983593,0.977619,0.978196,1.026250,1.005376,0.996635,0.980388,0.998207,0.985981,0.984861,1.001781,0.999923,0.993518,1.034716,0.982158,1.004998,1.026327,1.017081,1.007316,1.024996,1.020384,1.005858,1.019360,1.017857,0.972485,0.917798,1.016614,0.993930,1.007714,1.039580,1.039937,1.016318,0.993676,1.040895
3.598560,1.033700,1.001432,0.986846,0.970833,0.981162,0.983598,0.977625,0.978202,1.026265,1.005390,0.996646,0.980399,0.998217,0.985981,0.984852,1.001771,0.999901,0.993495,1.034710,0.982148,1.004997,1.026335,1.017088,1.007306,1.024958,1.020331,1.005820,1.019275,1.017763,0.972408,0.917803,1.016660,0.993934,1.007703,1.039599,1.039954,1.016295,0.993569,1.040912
3.606890,1.033688,1.001390,0.986822,0.970828,0.981167,0.983605,0.977632,0.978209,1.026282,1.005406,0.996659,0.980411,0.998229,0.985983,0.984847,1.001763,0.999883,0.993474,1.034708,0.982142,1.004998,1.026346,1.017098,1.007300,1.024923,1.020282,1.005785,1.019193,1.017673,0.972334,0.917809,1.016705,0.993941,1.007696,1.039620,1.039974,1.016275,0.993466,1.040929
3.615220,1.033678,1.001349,0.986799,0.970825,0.981173,0.983612,0.977640,0.978217,1.026298,1.005421,0.996671,0.980423,0.998240,0.985986,0.984842,1.001758,0.999866,0.993455,1.034707,0.982138,1.005002,1.026359,1.017111,1.007296,1.024890,1.020234,1.005752,1.019114,1.017585,0.972262,0.917816,1.016750,0.993949,1.007691,1.039644,1.039997,1.016257,0.993364,1.040946
3.623550,1.033667,1.001310,0.986777,0.970822,0.981179,0.983620,0.977648,0.978225,1.026315,1.005437,0.996684,0.980435,0.998253,0.985989,0.984839,1.001752,0.999850,0.993436,1.034708,0.982135,1.005006,1.026373,1.017124,1.007292,1.024857,1.020188,1.005719,1.019035,1.017498,0.972190,0.917823,1.016794,0.993958,1.007686,1.039669,1.040020,1.016239,0.993264,1.040963
3.631880,1.033657,1.001272,0.986757,0.970820,0.981187,0.983629,0.977657,0.978235,1.026332,1.005454,0.996698,0.980449,0.998266,0.985994,0.984838,1.001750,0.999836,0.993420,1.034711,0.982135,1.005013,1.026390,1.017140,1.007291,1.024826,1.020143,1.005689,1.018959,1.017415,0.972121,0.917832,1.016837,0.993970,1.007686,1.039696,1.040047,1.016223,0.993166,1.040980
3.640210,1.033648,1.001235,0.986739,0.970819,0.981195,0.983638,0.977666,0.978244,1.026349,1.005470,0.996712,0.980463,0.998279,0.986000,0.984838,1.001749,0.999824,0.993405,1.034716,0.982136,1.005022,1.026408,1.017158,1.007292,1.024797,1.020101,1.005661,1.018885,1.017333,0.972054,0.917840,1.016879,0.993983,1.007687,1.039725,1.040076,1.016208,0.993071,1.040997
3.648540,1.033639,1.001199,0.986720,0.970819,0.981202,0.983647,0.977676,0.978254,1.026366,1.005487,0.996726,0.980476,0.998292,0.986005,0.984838,1.001749,0.999812,0.993391,1.034721,0.982139,1.005031,1.026427,1.017177,1.007293,1.024768,1.020059,1.005633,1.018812,1.017251,0.971987,0.917849,1.016920,0.993996,1.007688,1.039754,1.040105,1.016194,0.992976,1.041015
3.656870,1.033631,1.001165,0.986704,0.970819,0.981211,0.983657,0.977686,0.978264,1.026384,1.005504,0.996740,0.980490,0.998306,0.986012,0.984840,1.001751,0.999802,0.993378,1.034729,0.982144,1.005042,1.026448,1.017198,1.007296,1.024741,1.020019,1.005607,1.018741,1.017173,0.971921,0.917858,1.016959,0.994012,1.007693,1.039785,1.040138,1.016181,0.992884,1.041032
3.665200,1.033624,1.001132,0.986688,0.970820,0.981219,0.983666,0.977696,0.978274,1.026401,1.005520,0.996753,0.980503,0.998319,0.986019,0.984843,1.001754,0.999794,0.993367,1.034739,0.982150,1.005055,1.026471,1.017220,1.007301,1.024715,1.019980,1.005582,1.018672,1.017096,0.971858,0.917867,1.016996,0.994029,1.007699,1.039818,1.040171,1.016170,0.992794,1.041049
3.673530,1.033616,1.001099,0.986672,0.970821,0.981227,0.983676,0.977705,0.978284,1.026418,1.005535,0.996767,0.980516,0.998332,0.986025,0.984846,1.001757,0.999785,0.993355,1.034748,0.982157,1.005067,1.026494,1.017243,1.007306,1.024689,1.019942,1.005557,1.018604,1.017020,0.971794,0.917876,1.017033,0.994046,1.007706,1.039852,1.040206,1.016158,0.992704,1.041066
3.681860,1.033609,1.001067,0.986658,0.970822,0.981236,0.983685,0.977716,0.978295,1.026436,1.005551,0.996780,0.980530,0.998346,0.986032,0.984851,1.001762,0.999779,0.993346,1.034760,0.982166,1.005082,1.026519,1.017268,1.007313,1.024664,1.019906,1.005535,1.018538,1.016946,0.971732,0.917885,1.017067,0.994064,1.007715,1.039887,1.040242,1.016148,0.992617,1.041084
3.690190,1.033603,1.001037,0.986644,0.970824,0.981244,0.983694,0.977725,0.978304,1.026453,1.005565,0.996792,0.980542,0.998358,0.986039,0.984856,1.001768,0.999773,0.993337,1.034773,0.982176,1.005098,1.026545,1.017294,1.007320,1.024640,1.019870,1.005513,1.018473,1.016873,0.971671,0.917893,1.017098,0.994084,1.007725,1.039923,1.040280,1.016139,0.992531,1.041101
3.698520,1.033597,1.001006,0.986630,0.970825,0.981252,0.983703,0.977734,0.978314,1.026469,1.005579,0.996804,0.980553,0.998369,0.986045,0.984861,1.001773,0.999767,0.993327,1.034786,0.982186,1.005113,1.026571,1.017320,1.007328,1.024617,1.019835,1.005491,1.018408,1.016801,0.971610,0.917901,1.017128,0.994104,1.007736,1.039959,1.040318,1.016130,0.992446,1.041118
3.706850,1.033591,1.000976,0.986617,0.970826,0.981260,0.983712,0.977744,0.978323,1.026486,1.005592,0.996816,0.980565,0.998380,0.986052,0.984868,1.001781,0.999762,0.993320,1.034800,0.982199,1.005131,1.026599,1.017347,1.007338,1.024594,1.019801,1.005471,1.018346,1.016731,0.971551,0.917909,1.017156,0.994125,1.007749,1.039997,1.040358,1.016122,0.992362,1.041135
3.715180,1.033585,1.000947,0.986604,0.970827,0.981266,0.983719,0.977752,0.978332,1.026502,1.005604,0.996826,0.980575,0.998390,0.986058,0.984874,1.001788,0.999758,0.993312,1.034816,0.982212,1.005149,1.026627,1.017376,1.007348,1.024572,1.019768,1.005451,1.018284,1.016662,0.971492,0.917917,1.017180,0.994147,1.007763,1.040036,1.040399,1.016115,0.992281,1.041152
3.723510,1.033579,1.000918,0.986591,0.970828,0.981272,0.983726,0.977759,0.978340,1.026517,1.005614,0.996835,0.980584,0.998400,0.986064,0.984880,1.001796,0.999754,0.993304,1.034831,0.982225,1.005166,1.026656,1.017404,1.007357,1.024550,1.019735,1.005432,1.018223,1.016593,0.971433,0.917923,1.017203,0.994169,1.007777,1.040075,1.040440,1.016108,0.992199,1.041168
3.731840,1.033574,1.000890,0.986578,0.970829,0.981279,0.983733,0.977767,0.978348,1.026533,1.005625,0.996844,0.980593,0.998408,0.986069,0.984887,1.001805,0.999751,0.993297,1.034848,0.982241,1.005185,1.026686,1.017434,1.007369,1.024529,1.019704,1.005413,1.018163,1.016526,0.971375,0.917930,1.017223,0.994192,1.007793,1.040115,1.040482,1.016101,0.992119,1.041185
3.740170,1.033569,1.000862,0.986566,0.970829,0.981284,0.983739,0.977774,0.978355,1.026547,1.005633,0.996852,0.980600,0.998415,0.986074,0.984894,1.001814,0.999748,0.993291,1.034865,0.982256,1.005205,1.026716,1.017465,1.007380,1.024508,1.019672,1.005395,1.018105,1.016460,0.971317,0.917935,1.017239,0.994216,1.007809,1.040155,1.040526,1.016095,0.992041,1.041201
3.748500,1.033564,1.000834,0.986553,0.970828,0.981288,0.983744,0.977779,0.978361,1.026562,1.005640,0.996858,0.980606,0.998422,0.986077,0.984901,1.001822,0.999744,0.993284,1.034882,0.982272,1.005224,1.026746,1.017495,1.007391,1.024487,1.019641,1.005376,1.018046,1.016394,0.971260,0.917939,1.017254,0.994239,1.007826,1.040196,1.040569,1.016089,0.991962,1.041217
3.756830,1.033559,1.000806,0.986540,0.970828,0.981292,0.983748,0.977785,0.978367,1.026576,1.005647,0.996864,0.980612,0.998427,0.986081,0.984908,1.001832,0.999742,0.993277,1.034900,0.982289,1.005244,1.026777,1.017526,1.007404,1.024466,1.019611,1.005359,1.017988,1.016330,0.971203,0.917943,1.017267,0.994264,1.007844,1.040237,1.040613,1.016084,0.991885,1.041233
3.765160,1.033555,1.000779,0.986528,0.970826,0.981294,0.983751,0.977789,0.978371,1.026589,1.005651,0.996867,0.980616,0.998431,0.986083,0.984915,1.001842,0.999739,0.993271,1.034919,0.982306,1.005264,1.026808,1.017557,1.007416,1.024446,1.019580,1.005341,1.017932,1.016266,0.971146,0.917946,1.017275,0.994288,1.007863,1.040279,1.040657,1.016079,0.991809,1.041249
3.773490,1.033550,1.000751,0.986515,0.970824,0.981296,0.983753,0.977792,0.978375,1.026601,1.005654,0.996870,0.980618,0.998434,0.986085,0.984921,1.001851,0.999737,0.993264,1.034937,0.982323,1.005284,1.026840,1.017589,1.007428,1.024425,1.019550,1.005324,1.017875,1.016203,0.971089,0.917948,1.017281,0.994313,1.007881,1.040320,1.040702,1.016074,0.991734,1.041265
3.781820,1.033545,1.000723,0.986501,0.970821,0.981297,0.983754,0.977794,0.978378,1.026613,1.005656,0.996871,0.980620,0.998435,0.986085,0.984927,1.001860,0.999734,0.993257,1.034956,0.982340,1.005304,1.026871,1.017620,1.007440,1.024405,1.019520,1.005306,1.017819,1.016139,0.971032,0.917949,1.017285,0.994337,1.007900,1.040362,1.040747,1.016069,0.991658,1.041280
3.790150,1.033541,1.000696,0.986488,0.970818,0.981297,0.983755,0.977796,0.978380,1.026625,1.005656,0.996872,0.980620,0.998436,0.986086,0.984933,1.001870,0.999731,0.993250,1.034975,0.982359,1.005325,1.026903,1.017652,1.007453,1.024385,1.019491,1.005289,1.017764,1.016077,0.970975,0.917950,1.017286,0.994362,1.007920,1.040405,1.040792,1.016065,0.991584,1.041295
3.798480,1.033536,1.000669,0.986474,0.970814,0.981296,0.983754,0.977796,0.978381,1.026635,1.005655,0.996871,0.980619,0.998434,0.986084,0.984939,1.001880,0.999729,0.993244,1.034994,0.982377,1.005345,1.026935,1.017684,1.007465,1.024365,1.019462,1.005272,1.017709,1.016016,0.970919,0.917949,1.017283,0.994387,1.007940,1.040447,1.040837,1.016061,0.991511,1.041310
3.806810,1.033532,1.000641,0.986460,0.970808,0.981294,0.983752,0.977795,0.978381,1.026645,1.005652,0.996868,0.980617,0.998432,0.986082,0.984945,1.001889,0.999726,0.993236,1.035013,0.982396,1.005365,1.026967,1.017716,1.007477,1.024344,1.019432,1.005255,1.017655,1.015954,0.970862,0.917947,1.017278,0.994412,1.007960,1.040490,1.040882,1.016056,0.991438,1.041325
3.815140,1.033527,1.000613,0.986445,0.970802,0.981290,0.983749,0.977793,0.978380,1.026654,1.005648,0.996864,0.980613,0.998428,0.986079,0.984949,1.001898,0.999723,0.993229,1.035032,0.982414,1.005385,1.026998,1.017747,1.007489,1.024323,1.019402,1.005238,1.017600,1.015893,0.970805,0.917944,1.017272,0.994437,1.007980,1.040532,1.040927,1.016052,0.991365,1.041339
3.823470,1.033523,1.000586,0.986431,0.970796,0.981287,0.983745,0.977791,0.978378,1.026663,1.005643,0.996860,0.980608,0.998423,0.986076,0.984954,1.001907,0.999720,0.993221,1.035051,0.982433,1.005406,1.027030,1.017780,1.007502,1.024303,1.019373,1.005221,1.017546,1.015833,0.970749,0.917941,1.017262,0.994462,1.008001,1.040574,1.040973,1.016048,0.991294,1.041353
3.831800,1.033519,1.000559,0.986416,0.970789,0.981282,0.983740,0.977788,0.978376,1.026671,1.005636,0.996853,0.980602,0.998417,0.986071,0.984959,1.001916,0.999717,0.993214,1.035071,0.982452,1.005426,1.027062,1.017811,1.007514,1.024283,1.019344,1.005204,1.017493,1.015773,0.970692,0.917936,1.017249,0.994487,1.008022,1.040617,1.041018,1.016044,0.991223,1.041367
3.840130,1.033514,1.000531,0.986401,0.970781,0.981276,0.983734,0.977783,0.978372,1.026679,1.005628,0.996846,0.980594,0.998409,0.986066,0.984963,1.001925,0.999713,0.993206,1.035090,0.982471,1.005446,1.027093,1.017843,1.007526,1.024262,1.019315,1.005186,1.017440,1.015713,0.970635,0.917930,1.017234,0.994512,1.008043,1.040660,1.041063,1.016040,0.991152,1.041381
3.848460,1.033510,1.000503,0.986384,0.970771,0.981268,0.983727,0.977777,0.978367,1.026685,1.005618,0.996837,0.980585,0.998401,0.986059,0.984966,1.001933,0.999709,0.993197,1.035108,0.982490,1.005465,1.027124,1.017874,1.007537,1.024241,1.019286,1.005168,1.017386,1.015653,0.970578,0.917923,1.017217,0.994536,1.008063,1.040702,1.041108,1.016036,0.991081,1.041394
3.856790,1.033505,1.000475,0.986369,0.970762,0.981261,0.983719,0.977771,0.978362,1.026692,1.005608,0.996828,0.980576,0.998391,0.986052,0.984969,1.001942,0.999706,0.993189,1.035128,0.982509,1.005485,1.027156,1.017906,1.007549,1.024220,1.019257,1.005151,1.017334,1.015594,0.970521,0.917916,1.017198,0.994561,1.008084,1.040744,1.041153,1.016032,0.991011,1.041407
3.865120,1.033501,1.000447,0.986352,0.970752,0.981252,0.983710,0.977764,0.978355,1.026697,1.005595,0.996816,0.980565,0.998380,0.986044,0.984972,1.001950,0.999702,0.993180,1.035147,0.982528,1.005505,1.027188,1.017937,1.007561,1.024199,1.019228,1.005133,1.017281,1.015535,0.970464,0.917908,1.017176,0.994586,1.008106,1.040787,1.041197,1.016029,0.990941,1.041420
3.873450,1.033497,1.000419,0.986336,0.970741,0.981243,0.983700,0.977756,0.978348,1.026702,1.005582,0.996804,0.980553,0.998368,0.986035,0.984975,1.001958,0.999698,0.993171,1.035166,0.982547,1.005524,1.027219,1.017969,1.007572,1.024178,1.019198,1.005116,1.017229,1.015476,0.970406,0.917898,1.017152,0.994610,1.008126,1.040829,1.041241,1.016025,0.990872,1.041433
3.881780,1.033493,1.000391,0.986318,0.970729,0.981232,0.983689,0.977747,0.978339,1.026706,1.005567,0.996791,0.980539,0.998355,0.986025,0.984976,1.001966,0.999693,0.993161,1.035184,0.982566,1.005543,1.027249,1.017999,1.007582,1.024157,1.019169,1.005097,1.017176,1.015417,0.970349,0.917888,1.017127,0.994634,1.008147,1.040871,1.041285,1.016021,0.990803,1.041446
3.890110,1.033489,1.000363,0.986301,0.970717,0.981221,0.983678,0.977737,0.978331,1.026710,1.005552,0.996777,0.980526,0.998341,0.986015,0.984978,1.001974,0.999689,0.993152,1.035203,0.982585,1.005563,1.027281,1.018030,1.007594,1.024136,1.019140,1.005080,1.017125,1.015359,0.970292,0.917878,1.017100,0.994659,1.008168,1.040913,1.041329,1.016017,0.990734,1.041458
3.898440,1.033485,1.000335,0.986284,0.970704,0.981209,0.983666,0.977727,0.978321,1.026713,1.005536,0.996762,0.980511,0.998326,0.986004,0.984980,1.001981,0.999685,0.993143,1.035222,0.982604,1.005582,1.027312,1.018061,1.007605,1.024114,1.019111,1.005062,1.017073,1.015302,0.970234,0.917866,1.017070,0.994683,1.008189,1.040956,1.041373,1.016014,0.990666,1.041470
3.906770,1.033481,1.000307,0.986266,0.970691,0.981197,0.983653,0.977716,0.978311,1.026716,1.005518,0.996746,0.980495,0.998311,0.985993,0.984981,1.001989,0.999680,0.993133,1.035240,0.982623,1.005601,1.027343,1.018092,1.007616,1.024093,1.019082,1.005044,1.017022,1.015244,0.970177,0.917854,1.017039,0.994707,1.008210,1.040998,1.041416,1.016010,0.990599,1.041482
3.915100,1.033477,1.000279,0.986248,0.970676,0.981183,0.983639,0.977704,0.978300,1.026718,1.005500,0.996730,0.980478,0.998294,0.985980,0.984982,1.001996,0.999674,0.993123,1.035258,0.982642,1.005619,1.027373,1.018122,1.007626,1.024071,1.019052,1.005026,1.016970,1.015187,0.970119,0.917841,1.017007,0.994731,1.008230,1.041039,1.041459,1.016007,0.990531,1.041493
3.923430,1.033473,1.000251,0.986230,0.970663,0.981170,0.983625,0.977692,0.978289,1.026720,1.005482,0.996713,0.980462,0.998277,0.985968,0.984983,1.002004,0.999670,0.993114,1.035277,0.982661,1.005639,1.027404,1.018153,1.007637,1.024050,1.019023,1.005008,1.016919,1.015130,0.970062,0.917829,1.016975,0.994755,1.008251,1.041082,1.041502,1.016003,0.990464,1.041505
3.931760,1.033469,1.000223,0.986212,0.970648,0.981156,0.983611,0.977679,0.978277,1.026721,1.005462,0.996695,0.980444,0.998260,0.985955,0.984984,1.002011,0.999666,0.993104,1.035296,0.982680,1.005658,1.027435,1.018184,1.007648,1.024029,1.018995,1.004990,1.016869,1.015073,0.970005,0.917815,1.016940,0.994779,1.008272,1.041124,1.041545,1.016001,0.990398,1.041516
3.940090,1.033466,1.000196,0.986194,0.970633,0.981141,0.983596,0.977666,0.978265,1.026722,1.005442,0.996677,0.980426,0.998242,0.985942,0.984985,1.002019,0.999661,0.993094,1.035315,0.982699,1.005677,1.027466,1.018214,1.007659,1.024008,1.018966,1.004973,1.016819,1.015017,0.969948,0.917801,1.016905,0.994802,1.008293,1.041166,1.041588,1.015998,0.990332,1.041527
3.948420,1.033462,1.000168,0.986176,0.970617,0.981126,0.983580,0.977652,0.978252,1.026723,1.005421,0.996658,0.980407,0.998223,0.985928,0.984986,1.002025,0.999656,0.993084,1.035333,0.982717,1.005695,1.027496,1.018244,1.007669,1.023986,1.018937,1.004955,1.016768,1.014961,0.969891,0.917786,1.016868,0.994826,1.008313,1.041207,1.041630,1.015994,0.990265,1.041538
3.956750,1.033459,1.000141,0.986158,0.970603,0.981111,0.983565,0.977639,0.978239,1.026723,1.005401,0.996640,0.980389,0.998205,0.985915,0.984987,1.002034,0.999652,0.993075,1.035352,0.982737,1.005715,1.027528,1.018275,1.007681,1.023965,1.018909,1.004938,1.016719,1.014905,0.969834,0.917772,1.016832,0.994850,1.008334,1.041250,1.041673,1.015992,0.990200,1.041549
3.965080,1.033457,1.000114,0.986141,0.970588,0.981096,0.983549,0.977625,0.978226,1.026723,1.005380,0.996621,0.980370,0.998186,0.985902,0.984988,1.002042,0.999648,0.993066,1.035371,0.982757,1.005735,1.027559,1.018306,1.007693,1.023945,1.018881,1.004921,1.016670,1.014851,0.969778,0.917758,1.016795,0.994875,1.008356,1.041293,1.041715,1.015990,0.990136,1.041559
3.973410,1.033454,1.000088,0.986123,0.970573,0.981081,0.983534,0.977611,0.978213,1.026723,1.005359,0.996602,0.980351,0.998167,0.985888,0.984990,1.002050,0.999644,0.993057,1.035391,0.982776,1.005755,1.027591,1.018338,1.007704,1.023924,1.018854,1.004904,1.016621,1.014796,0.969721,0.917743,1.016758,0.994899,1.008377,1.041335,1.041758,1.015988,0.990072,1.041570
3.981740,1.033451,1.000061,0.986105,0.970557,0.981065,0.983517,0.977596,0.978199,1.026722,1.005338,0.996582,0.980332,0.998148,0.985874,0.984991,1.002058,0.999640,0.993048,1.035410,0.982795,1.005774,1.027622,1.018368,1.007715,1.023903,1.018826,1.004887,1.016572,1.014742,0.969665,0.917728,1.016720,0.994923,1.008397,1.041377,1.041800,1.015986,0.990008,1.041580
3.990070,1.033449,1.000036,0.986089,0.970542,0.981051,0.983503,0.977583,0.978187,1.026722,1.005317,0.996564,0.980314,0.998130,0.985862,0.984993,1.002067,0.999637,0.993040,1.035430,0.982816,1.005795,1.027654,1.018400,1.007728,1.023884,1.018800,1.004871,1.016525,1.014689,0.969610,0.917714,1.016683,0.994948,1.008419,1.041421,1.041842,1.015985,0.989945,1.041590
3.998400,1.033448,1.000011,0.986073,0.970528,0.981036,0.983487,0.977569,0.978174,1.026722,1.005297,0.996545,0.980295,0.998112,0.985849,0.984996,1.002077,0.999635,0.993032,1.035451,0.982837,1.005816,1.027687,1.018433,1.007741,1.023864,1.018774,1.004856,1.016478,1.014636,0.969555,0.917700,1.016646,0.994973,1.008441,1.041464,1.041885,1.015984,0.989883,1.041600
4.006730,1.033447,0.999987,0.986057,0.970514,0.981022,0.983472,0.977556,0.978161,1.026721,1.005277,0.996527,0.980278,0.998094,0.985837,0.984999,1.002087,0.999633,0.993025,1.035471,0.982857,1.005838,1.027720,1.018465,1.007755,1.023845,1.018748,1.004841,1.016432,1.014584,0.969501,0.917686,1.016609,0.994998,1.008463,1.041508,1.041928,1.015984,0.989821,1.041610
4.015060,1.033445,0.999962,0.986041,0.970499,0.981007,0.983457,0.977542,0.978148,1.026720,1.005257,0.996508,0.980259,0.998076,0.985824,0.985002,1.002096,0.999631,0.993018,1.035492,0.982878,1.005859,1.027753,1.018497,1.007768,1.023826,1.018722,1.004826,1.016385,1.014532,0.969447,0.917671,1.016573,0.995023,1.008485,1.041552,1.041970,1.015983,0.989760,1.041620
4.023390,1.033445,0.999939,0.986027,0.970487,0.980994,0.983444,0.977530,0.978137,1.026720,1.005238,0.996492,0.980243,0.998060,0.985814,0.985007,1.002108,0.999630,0.993012,1.035515,0.982900,1.005883,1.027788,1.018531,1.007783,1.023809,1.018698,1.004813,1.016341,1.014482,0.969394,0.917659,1.016538,0.995050,1.008508,1.041597,1.042014,1.015984,0.989700,1.041630
4.031720,1.033445,0.999917,0.986013,0.970474,0.980981,0.983430,0.977518,0.978125,1.026719,1.005220,0.996475,0.980227,0.998044,0.985804,0.985012,1.002120,0.999631,0.993007,1.035537,0.982922,1.005906,1.027823,1.018566,1.007798,1.023792,1.018675,1.004800,1.016297,1.014432,0.969342,0.917646,1.016504,0.995076,1.008532,1.041643,1.042058,1.015986,0.989641,1.041640
4.040050,1.033445,0.999896,0.986000,0.970463,0.980969,0.983417,0.977507,0.978114,1.026719,1.005203,0.996460,0.980212,0.998029,0.985794,0.985018,1.002133,0.999631,0.993003,1.035560,0.982945,1.005931,1.027858,1.018600,1.007814,1.023775,1.018652,1.004788,1.016254,1.014383,0.969290,0.917634,1.016470,0.995104,1.008556,1.041689,1.042102,1.015987,0.989582,1.041649
4.048380,1.033446,0.999874,0.985987,0.970451,0.980956,0.983405,0.977495,0.978103,1.026719,1.005185,0.996444,0.980196,0.998014,0.985785,0.985024,1.002146,0.999632,0.992999,1.035584,0.982968,1.005955,1.027894,1.018635,1.007830,1.023758,1.018629,1.004776,1.016211,1.014335,0.969239,0.917622,1.016438,0.995131,1.008579,1.041735,1.042146,1.015990,0.989524,1.041659
4.056710,1.033447,0.999855,0.985976,0.970441,0.980946,0.983394,0.977486,0.978094,1.026719,1.005171,0.996431,0.980183,0.998002,0.985778,0.985032,1.002161,0.999635,0.992997,1.035609,0.982993,1.005982,1.027931,1.018672,1.007849,1.023743,1.018608,1.004766,1.016169,1.014288,0.969189,0.917613,1.016407,0.995160,1.008605,1.041782,1.042191,1.015993,0.989468,1.041669
4.065040,1.033449,0.999836,0.985966,0.970432,0.980937,0.983384,0.977477,0.978086,1.026719,1.005157,0.996419,0.980171,0.997990,0.985771,0.985041,1.002177,0.999639,0.992996,1.035635,0.983018,1.006009,1.027970,1.018710,1.007868,1.023729,1.018589,1.004757,1.016129,1.014242,0.969140,0.917603,1.016379,0.995189,1.008631,1.041831,1.042237,1.015997,0.989412,1.041678
4.073370,1.033451,0.999818,0.985957,0.970425,0.980928,0.983375,0.977468,0.978078,1.026720,1.005144,0.996407,0.980161,0.997979,0.985766,0.985051,1.002194,0.999644,0.992995,1.035662,0.983044,1.006037,1.028009,1.018748,1.007888,1.023716,1.018570,1.004749,1.016090,1.014198,0.969093,0.917595,1.016352,0.995219,1.008657,1.041879,1.042284,1.016002,0.989358,1.041688
4.081700,1.033454,0.999801,0.985949,0.970417,0.980920,0.983367,0.977461,0.978070,1.026721,1.005132,0.996397,0.980150,0.997969,0.985761,0.985062,1.002211,0.999650,0.992995,1.035689,0.983070,1.006066,1.028048,1.018787,1.007908,1.023703,1.018551,1.004741,1.016051,1.014153,0.969045,0.917587,1.016325,0.995249,1.008684,1.041929,1.042330,1.016007,0.989304,1.041698
4.090030,1.033457,0.999786,0.985942,0.970412,0.980914,0.983361,0.977455,0.978065,1.026723,1.005122,0.996388,0.980142,0.997962,0.985759,0.985075,1.002231,0.999657,0.992998,1.035718,0.983098,1.006097,1.028090,1.018828,1.007931,1.023692,1.018534,1.004735,1.016015,1.014111,0.969000,0.917581,1.016302,0.995281,1.008712,1.041980,1.042379,1.016014,0.989252,1.041707
4.098360,1.033462,0.999772,0.985937,0.970408,0.980910,0.983356,0.977451,0.978061,1.026725,1.005115,0.996382,0.980136,0.997956,0.985758,0.985089,1.002252,0.999666,0.993002,1.035749,0.983127,1.006129,1.028133,1.018869,1.007955,1.023682,1.018519,1.004731,1.015979,1.014070,0.968956,0.917577,1.016281,0.995314,1.008742,1.042032,1.042428,1.016022,0.989201,1.041717
4.106690,1.033467,0.999759,0.985934,0.970406,0.980906,0.983352,0.977447,0.978058,1.026727,1.005108,0.996376,0.980131,0.997952,0.985759,0.985105,1.002274,0.999676,0.993007,1.035780,0.983157,1.006162,1.028176,1.018912,1.007980,1.023673,1.018505,1.004728,1.015945,1.014030,0.968912,0.917573,1.016262,0.995348,1.008772,1.042085,1.042478,1.016030,0.989151,1.041727
4.115020,1.033472,0.999747,0.985930,0.970403,0.980903,0.983349,0.977444,0.978055,1.026730,1.005102,0.996372,0.980127,0.997948,0.985760,0.985121,1.002296,0.999687,0.993012,1.035812,0.983187,1.006196,1.028221,1.018956,1.008006,1.023664,1.018491,1.004725,1.015911,1.013991,0.968870,0.917570,1.016244,0.995382,1.008802,1.042138,1.042528,1.016039,0.989102,1.041737
4.123350,1.033478,0.999737,0.985930,0.970404,0.980903,0.983349,0.977444,0.978055,1.026734,1.005100,0.996370,0.980126,0.997948,0.985765,0.985140,1.002322,0.999701,0.993021,1.035846,0.983220,1.006233,1.028267,1.019002,1.008034,1.023658,1.018480,1.004725,1.015880,1.013955,0.968829,0.917570,1.016230,0.995418,1.008835,1.042194,1.042580,1.016050,0.989055,1.041747
4.131680,1.033485,0.999729,0.985931,0.970407,0.980905,0.983350,0.977445,0.978056,1.026738,1.005100,0.996371,0.980127,0.997949,0.985771,0.985161,1.002349,0.999715,0.993030,1.035882,0.983253,1.006271,1.028316,1.019049,1.008064,1.023653,1.018471,1.004726,1.015851,1.013919,0.968791,0.917571,1.016219,0.995455,1.008868,1.042251,1.042634,1.016062,0.989010,1.041757
4.140010,1.033492,0.999721,0.985932,0.970410,0.980907,0.983352,0.977447,0.978057,1.026742,1.005100,0.996371,0.980129,0.997952,0.985778,0.985182,1.002376,0.999731,0.993041,1.035918,0.983287,1.006309,1.028364,1.019097,1.008095,1.023648,1.018461,1.004728,1.015821,1.013885,0.968753,0.917573,1.016209,0.995493,1.008902,1.042308,1.042687,1.016074,0.988965,1.041766
4.148340,1.033501,0.999715,0.985937,0.970416,0.980912,0.983357,0.977452,0.978062,1.026748,1.005104,0.996376,0.980134,0.997957,0.985788,0.985207,1.002407,0.999749,0.993054,1.035957,0.983324,1.006351,1.028416,1.019147,1.008128,1.023645,1.018455,1.004733,1.015795,1.013852,0.968717,0.917578,1.016203,0.995533,1.008939,1.042368,1.042743,1.016088,0.988922,1.041777
4.156670,1.033510,0.999711,0.985943,0.970424,0.980918,0.983363,0.977458,0.978068,1.026754,1.005110,0.996382,0.980141,0.997965,0.985800,0.985233,1.002439,0.999769,0.993069,1.035997,0.983362,1.006394,1.028469,1.019199,1.008163,1.023644,1.018450,1.004739,1.015770,1.013822,0.968683,0.917584,1.016200,0.995574,1.008977,1.042429,1.042801,1.016104,0.988881,1.041787
4.165000,1.033519,0.999708,0.985950,0.970432,0.980926,0.983370,0.977464,0.978074,1.026761,1.005117,0.996389,0.980149,0.997974,0.985812,0.985260,1.002472,0.999790,0.993084,1.036038,0.983400,1.006437,1.028522,1.019252,1.008199,1.023644,1.018445,1.004746,1.015745,1.013792,0.968649,0.917591,1.016198,0.995616,1.009015,1.042490,1.042858,1.016120,0.988841,1.041797
4.173330,1.033530,0.999707,0.985959,0.970444,0.980936,0.983381,0.977474,0.978084,1.026769,1.005127,0.996400,0.980160,0.997986,0.985829,0.985291,1.002508,0.999814,0.993103,1.036082,0.983441,1.006484,1.028579,1.019308,1.008238,1.023646,1.018444,1.004756,1.015724,1.013765,0.968618,0.917600,1.016201,0.995660,1.009055,1.042554,1.042919,1.016138,0.988803,1.041808
4.181660,1.033542,0.999709,0.985971,0.970457,0.980949,0.983394,0.977486,0.978095,1.026777,1.005140,0.996413,0.980174,0.998001,0.985847,0.985323,1.002546,0.999840,0.993124,1.036128,0.983484,1.006533,1.028637,1.019365,1.008278,1.023649,1.018444,1.004768,1.015704,1.013740,0.968589,0.917612,1.016207,0.995706,1.009097,1.042620,1.042980,1.016158,0.988767,1.041818
4.189990,1.033554,0.999711,0.985985,0.970473,0.980963,0.983408,0.977499,0.978107,1.026787,1.005156,0.996428,0.980190,0.998017,0.985868,0.985357,1.002585,0.999867,0.993146,1.036175,0.983528,1.006583,1.028696,1.019424,1.008321,1.023654,1.018446,1.004781,1.015686,1.013716,0.968562,0.917626,1.016216,0.995753,1.009141,1.042687,1.043043,1.016178,0.988733,1.041829
4.198320,1.033566,0.999715,0.985999,0.970490,0.980978,0.983423,0.977513,0.978121,1.026796,1.005172,0.996444,0.980207,0.998035,0.985889,0.985392,1.002626,0.999895,0.993169,1.036223,0.983572,1.006634,1.028757,1.019483,1.008364,1.023660,1.018449,1.004795,1.015669,1.013694,0.968535,0.917640,1.016226,0.995800,1.009185,1.042754,1.043107,1.016199,0.988699,1.041839
4.206650,1.033580,0.999721,0.986017,0.970510,0.980997,0.983442,0.977530,0.978138,1.026808,1.005193,0.996465,0.980228,0.998057,0.985915,0.985431,1.002670,0.999927,0.993196,1.036274,0.983620,1.006689,1.028821,1.019547,1.008411,1.023668,1.018455,1.004813,1.015655,1.013674,0.968511,0.917658,1.016241,0.995851,1.009232,1.042825,1.043174,1.016223,0.988669,1.041850
4.214980,1.033595,0.999730,0.986036,0.970532,0.981018,0.983463,0.977550,0.978156,1.026819,1.005216,0.996487,0.980252,0.998081,0.985942,0.985472,1.002716,0.999961,0.993225,1.036327,0.983670,1.006745,1.028887,1.019611,1.008459,1.023679,1.018462,1.004832,1.015643,1.013656,0.968489,0.917677,1.016260,0.995903,1.009281,1.042897,1.043242,1.016248,0.988640,1.041861
4.223310,1.033610,0.999739,0.986057,0.970555,0.981040,0.983485,0.977570,0.978176,1.026832,1.005240,0.996510,0.980276,0.998107,0.985971,0.985514,1.002763,0.999995,0.993254,1.036381,0.983719,1.006802,1.028953,1.019677,1.008509,1.023689,1.018471,1.004852,1.015631,1.013639,0.968468,0.917698,1.016279,0.995955,1.009330,1.042970,1.043311,1.016274,0.988612,1.041872
4.231640,1.033627,0.999751,0.986081,0.970582,0.981065,0.983510,0.977593,0.978198,1.026846,1.005268,0.996538,0.980304,0.998136,0.986004,0.985559,1.002813,1.000033,0.993287,1.036438,0.983773,1.006863,1.029023,1.019746,1.008562,1.023703,1.018483,1.004876,1.015623,1.013626,0.968449,0.917721,1.016304,0.996011,1.009382,1.043046,1.043383,1.016301,0.988587,1.041884
4.239970,1.033644,0.999764,0.986107,0.970611,0.981092,0.983538,0.977619,0.978223,1.026860,1.005298,0.996567,0.980335,0.998168,0.986038,0.985607,1.002866,1.000073,0.993322,1.036497,0.983828,1.006926,1.029095,1.019817,1.008617,1.023718,1.018496,1.004901,1.015617,1.013614,0.968433,0.917747,1.016332,0.996068,1.009436,1.043123,1.043456,1.016331,0.988563,1.041895
4.248300,1.033662,0.999779,0.986134,0.970641,0.981120,0.983566,0.977645,0.978248,1.026875,1.005330,0.996598,0.980367,0.998201,0.986074,0.985655,1.002919,1.000114,0.993358,1.036557,0.983883,1.006990,1.029167,1.019889,1.008673,1.023734,1.018511,1.004927,1.015612,1.013603,0.968418,0.917773,1.016361,0.996125,1.009491,1.043202,1.043530,1.016361,0.988541,1.041906
4.256630,1.033680,0.999797,0.986164,0.970674,0.981152,0.983598,0.977675,0.978276,1.026892,1.005366,0.996633,0.980403,0.998238,0.986114,0.985708,1.002976,1.000159,0.993397,1.036620,0.983942,1.007057,1.029243,1.019964,1.008733,1.023753,1.018528,1.004957,1.015610,1.013595,0.968405,0.917803,1.016395,0.996186,1.009549,1.043283,1.043608,1.016393,0.988521,1.041918
4.264960,1.033700,0.999816,0.986196,0.970710,0.981186,0.983632,0.977706,0.978307,1.026909,1.005404,0.996670,0.980441,0.998277,0.986156,0.985762,1.003035,1.000205,0.993438,1.036685,0.984003,1.007126,1.029321,1.020041,1.008794,1.023773,1.018548,1.004988,1.015610,1.013590,0.968395,0.917835,1.016432,0.996248,1.009609,1.043366,1.043687,1.016427,0.988504,1.041930
4.273290,1.033720,0.999836,0.986230,0.970746,0.981221,0.983668,0.977738,0.978338,1.026927,1.005444,0.996708,0.980480,0.998318,0.986199,0.985818,1.003095,1.000253,0.993481,1.036751,0.984064,1.007196,1.029400,1.020119,1.008857,1.023795,1.018569,1.005021,1.015610,1.013585,0.968385,0.917868,1.016471,0.996311,1.009669,1.043450,1.043767,1.016462,0.988487,1.041941
4.281620,1.033742,0.999859,0.986266,0.970786,0.981259,0.983706,0.977774,0.978372,1.026946,1.005487,0.996750,0.980523,0.998362,0.986246,0.985877,1.003159,1.000304,0.993527,1.036821,0.984129,1.007270,1.029482,1.020200,1.008923,1.023819,1.018592,1.005057,1.015615,1.013583,0.968378,0.917904,1.016514,0.996377,1.009733,1.043537,1.043850,1.016498,0.988474,1.041953
4.289950,1.033764,0.999884,0.986304,0.970828,0.981299,0.983746,0.977812,0.978408,1.026966,1.005533,0.996794,0.980569,0.998409,0.986295,0.985939,1.003224,1.000357,0.993574,1.036892,0.984195,1.007345,1.029566,1.020284,1.008991,1.023844,1.018618,1.005095,1.015620,1.013584,0.968373,0.917942,1.016559,0.996444,1.009798,1.043625,1.043935,1.016537,0.988462,1.041965
4.298280,1.033786,0.999911,0.986344,0.970872,0.981340,0.983788,0.977850,0.978446,1.026987,1.005580,0.996839,0.980615,0.998457,0.986345,0.986001,1.003291,1.000411,0.993623,1.036964,0.984263,1.007422,1.029651,1.020368,1.009061,1.023871,1.018645,1.005134,1.015628,1.013586,0.968370,0.917981,1.016607,0.996513,1.009864,1.043715,1.044021,1.016576,0.988452,1.041977
4.306610,1.033810,0.999939,0.986387,0.970919,0.981385,0.983833,0.977892,0.978486,1.027008,1.005631,0.996888,0.980666,0.998509,0.986399,0.986068,1.003362,1.000469,0.993675,1.037040,0.984333,1.007503,1.029740,1.020456,1.009134,1.023900,1.018675,1.005176,1.015638,1.013590,0.968369,0.918023,1.016659,0.996585,1.009934,1.043807,1.044110,1.016617,0.988444,1.041990
4.314940,1.033834,0.999969,0.986431,0.970967,0.981430,0.983879,0.977935,0.978527,1.027031,1.005683,0.996938,0.980717,0.998562,0.986454,0.986135,1.003433,1.000527,0.993729,1.037117,0.984405,1.007584,1.029829,1.020545,1.009208,1.023931,1.018706,1.005219,1.015650,1.013596,0.968369,0.918066,1.016712,0.996657,1.010004,1.043901,1.044199,1.016659,0.988438,1.042002
4.323270,1.033859,1.000001,0.986478,0.971018,0.981479,0.983928,0.977980,0.978571,1.027054,1.005738,0.996992,0.980772,0.998618,0.986512,0.986205,1.003507,1.000589,0.993785,1.037196,0.984479,1.007668,1.029922,1.020637,1.009285,1.023963,1.018739,1.005265,1.015664,1.013605,0.968372,0.918112,1.016769,0.996732,1.010078,1.043997,1.044292,1.016704,0.988434,1.042014
4.331600,1.033885,1.000035,0.986526,0.971070,0.981528,0.983978,0.978027,0.978616,1.027078,1.005795,0.997046,0.980828,0.998675,0.986572,0.986277,1.003583,1.000651,0.993842,1.037277,0.984554,1.007753,1.030015,1.020730,1.009363,1.023997,1.018774,1.005312,1.015680,1.013615,0.968376,0.918158,1.016827,0.996807,1.010152,1.044094,1.044386,1.016749,0.988431,1.042027
4.339930,1.033911,1.000071,0.986577,0.971125,0.981581,0.984031,0.978076,0.978663,1.027103,1.005855,0.997104,0.980887,0.998736,0.986635,0.986352,1.003662,1.000717,0.993903,1.037361,0.984633,1.007842,1.030111,1.020826,1.009444,1.024033,1.018812,1.005362,1.015699,1.013628,0.968382,0.918208,1.016889,0.996886,1.010229,1.044193,1.044482,1.016796,0.988432,1.042039
4.348260,1.033938,1.000108,0.986629,0.971181,0.981634,0.984085,0.978126,0.978711,1.027129,1.005916,0.997162,0.980947,0.998798,0.986698,0.986428,1.003742,1.000784,0.993964,1.037446,0.984712,1.007931,1.030209,1.020922,1.009527,1.024070,1.018851,1.005414,1.015718,1.013642,0.968390,0.918258,1.016952,0.996965,1.010307,1.044294,1.044579,1.016844,0.988433,1.042052
4.356590,1.033966,1.000146,0.986683,0.971240,0.981690,0.984141,0.978178,0.978762,1.027155,1.005979,0.997223,0.981010,0.998862,0.986764,0.986506,1.003823,1.000853,0.994028,1.037533,0.984793,1.008023,1.030308,1.021021,1.009611,1.024109,1.018892,1.005467,1.015740,1.013659,0.968399,0.918310,1.017017,0.997046,1.010387,1.044397,1.044679,1.016893,0.988436,1.042065
4.364920,1.033994,1.000186,0.986739,0.971300,0.981747,0.984199,0.978231,0.978813,1.027182,1.006044,0.997286,0.981074,0.998928,0.986832,0.986586,1.003908,1.000924,0.994093,1.037622,0.984876,1.008116,1.030410,1.021123,1.009698,1.024149,1.018934,1.005522,1.015764,1.013677,0.968410,0.918364,1.017085,0.997129,1.010469,1.044501,1.044780,1.016944,0.988441,1.042077
4.373250,1.034023,1.000228,0.986797,0.971362,0.981806,0.984258,0.978286,0.978867,1.027210,1.006111,0.997351,0.981140,0.998996,0.986902,0.986669,1.003993,1.000996,0.994160,1.037712,0.984961,1.008212,1.030513,1.021226,1.009787,1.024191,1.018979,1.005579,1.015790,1.013697,0.968423,0.918420,1.017154,0.997213,1.010553,1.044607,1.044883,1.016996,0.988449,1.042090
4.381580,1.034053,1.000272,0.986856,0.971426,0.981866,0.984319,0.978343,0.978922,1.027239,1.006180,0.997417,0.981208,0.999066,0.986974,0.986753,1.004081,1.001071,0.994229,1.037805,0.985048,1.008309,1.030619,1.021330,1.009877,1.024235,1.019025,1.005638,1.015817,1.013719,0.968437,0.918477,1.017226,0.997299,1.010639,1.044715,1.044987,1.017050,0.988457,1.042103
4.389910,1.034083,1.000317,0.986917,0.971492,0.981928,0.984382,0.978402,0.978978,1.027268,1.006251,0.997485,0.981278,0.999137,0.987048,0.986839,1.004171,1.001147,0.994300,1.037899,0.985136,1.008408,1.030726,1.021437,1.009969,1.024280,1.019073,1.005698,1.015847,1.013743,0.968453,0.918536,1.017299,0.997386,1.010726,1.044824,1.045094,1.017104,0.988468,1.042116
4.398240,1.034114,1.000363,0.986980,0.971559,0.981992,0.984446,0.978461,0.979036,1.027297,1.006323,0.997555,0.981350,0.999210,0.987123,0.986926,1.004262,1.001225,0.994373,1.037995,0.985227,1.008509,1.030834,1.021545,1.010063,1.024326,1.019123,1.005761,1.015878,1.013769,0.968470,0.918595,1.017373,0.997475,1.010815,1.044935,1.045202,1.017160,0.988481,1.042129
4.406570,1.034145,1.000411,0.987044,0.971628,0.982057,0.984512,0.978522,0.979095,1.027328,1.006397,0.997626,0.981422,0.999285,0.987200,0.987016,1.004355,1.001305,0.994447,1.038093,0.985318,1.008612,1.030944,1.021655,1.010159,1.024374,1.019174,1.005824,1.015911,1.013796,0.968489,0.918657,1.017450,0.997566,1.010906,1.045047,1.045311,1.017217,0.988495,1.042141
4.414900,1.034177,1.000460,0.987110,0.971698,0.982123,0.984579,0.978585,0.979155,1.027358,1.006473,0.997698,0.981497,0.999361,0.987278,0.987107,1.004450,1.001386,0.994522,1.038193,0.985412,1.008716,1.031056,1.021766,1.010256,1.024423,1.019227,1.005890,1.015946,1.013825,0.968510,0.918719,1.017527,0.997658,1.010998,1.045161,1.045422,1.017276,0.988511,1.042154
4.423230,1.034209,1.000510,0.987177,0.971770,0.982191,0.984647,0.978648,0.979216,1.027390,1.006549,0.997772,0.981573,0.999439,0.987358,0.987200,1.004546,1.001469,0.994599,1.038294,0.985507,1.008822,1.031170,1.021879,1.010356,1.024473,1.019281,1.005957,1.015982,1.013856,0.968532,0.918783,1.017606,0.997751,1.011092,1.045276,1.045535,1.017335,0.988528,1.042167
4.431560,1.034241,1.000562,0.987245,0.971843,0.982260,0.984716,0.978713,0.979279,1.027421,1.006627,0.997848,0.981650,0.999518,0.987439,0.987294,1.004644,1.001553,0.994678,1.038396,0.985603,1.008929,1.031285,1.021994,1.010456,1.024525,1.019337,1.006025,1.016020,1.013889,0.968555,0.918848,1.017686,0.997846,1.011188,1.045393,1.045649,1.017396,0.988547,1.042179
4.439890,1.034274,1.000615,0.987315,0.971917,0.982330,0.984787,0.978778,0.979342,1.027453,1.006706,0.997924,0.981728,0.999598,0.987522,0.987389,1.004743,1.001639,0.994758,1.038500,0.985701,1.009037,1.031401,1.022110,1.010558,1.024577,1.019395,1.006095,1.016059,1.013923,0.968580,0.918914,1.017767,0.997942,1.011285,1.045511,1.045764,1.017457,0.988568,1.042192
4.448220,1.034307,1.000669,0.987386,0.971993,0.982401,0.984859,0.978845,0.979407,1.027486,1.006787,0.998001,0.981807,0.999679,0.987605,0.987486,1.004844,1.001726,0.994839,1.038606,0.985801,1.009147,1.031518,1.022227,1.010662,1.024631,1.019453,1.006166,1.016101,1.013958,0.968606,0.918981,1.017848,0.998039,1.011383,1.045630,1.045881,1.017520,0.988590,1.042205
4.456550,1.034341,1.000724,0.987458,0.972070,0.982473,0.984931,0.978913,0.979472,1.027519,1.006868,0.998080,0.981887,0.999761,0.987690,0.987584,1.004946,1.001814,0.994922,1.038712,0.985901,1.009259,1.031637,1.022346,1.010766,1.024686,1.019513,1.006239,1.016143,1.013995,0.968633,0.919048,1.017931,0.998137,1.011483,1.045751,1.045999,1.017583,0.988614,1.042217
4.464880,1.034375,1.000780,0.987532,0.972147,0.982546,0.985005,0.978981,0.979538,1.027552,1.006950,0.998159,0.981968,0.999845,0.987776,0.987684,1.005049,1.001904,0.995005,1.038820,0.986003,1.009371,1.031758,1.022466,1.010873,1.024742,1.019575,1.006312,1.016187,1.014034,0.968661,0.919117,1.018014,0.998237,1.011584,1.045873,1.046118,1.017648,0.988639,1.042229
4.473210,1.034409,1.000837,0.987606,0.972226,0.982620,0.985079,0.979050,0.979605,1.027585,1.007033,0.998239,0.982050,0.999928,0.987862,0.987784,1.005153,1.001995,0.995090,1.038930,0.986106,1.009485,1.031879,1.022587,1.010980,1.024799,1.019637,1.006387,1.016232,1.014074,0.968690,0.919186,1.018097,0.998337,1.011686,1.045995,1.046239,1.017713,0.988665,1.042241
4.481540,1.034443,1.000895,0.987681,0.972305,0.982694,0.985153,0.979120,0.979672,1.027618,1.007116,0.998319,0.982133,1.000013,0.987950,0.987886,1.005259,1.002086,0.995176,1.039040,0.986211,1.009599,1.032001,1.022709,1.011088,1.024857,1.019700,1.006463,1.016279,1.014115,0.968720,0.919256,1.018180,0.998439,1.011790,1.046119,1.046360,1.017779,0.988693,1.042254
4.489870,1.034478,1.000954,0.987757,0.972386,0.982769,0.985229,0.979190,0.979740,1.027652,1.007200,0.998400,0.982216,1.000098,0.988038,0.987988,1.005365,1.002179,0.995262,1.039151,0.986316,1.009715,1.032125,1.022832,1.011197,1.024915,1.019765,1.006540,1.016326,1.014157,0.968751,0.919327,1.018264,0.998541,1.011895,1.046244,1.046482,1.017846,0.988722,1.042265
4.498200,1.034513,1.001013,0.987834,0.972466,0.982845,0.985305,0.979261,0.979809,1.027686,1.007284,0.998482,0.982299,1.000184,0.988127,0.988092,1.005472,1.002272,0.995350,1.039264,0.986422,1.009832,1.032249,1.022956,1.011308,1.024975,1.019830,1.006618,1.016375,1.014201,0.968783,0.919398,1.018347,0.998644,1.012000,1.046370,1.046606,1.017914,0.988752,1.042277
4.506530,1.034548,1.001073,0.987911,0.972548,0.982920,0.985381,0.979332,0.979878,1.027720,1.007369,0.998564,0.982383,1.000270,0.988216,0.988196,1.005580,1.002367,0.995438,1.039377,0.986530,1.009949,1.032374,1.023081,1.011419,1.025035,1.019897,1.006696,1.016425,1.014245,0.968816,0.919469,1.018431,0.998748,1.012107,1.046496,1.046730,1.017982,0.988783,1.042289
4.514860,1.034583,1.001134,0.987990,0.972630,0.982997,0.985458,0.979404,0.979947,1.027753,1.007454,0.998646,0.982468,1.000356,0.988306,0.988300,1.005689,1.002462,0.995527,1.039491,0.986638,1.010067,1.032500,1.023207,1.011531,1.025096,1.019964,1.006775,1.016476,1.014291,0.968850,0.919540,1.018514,0.998853,1.012215,1.046623,1.046854,1.018051,0.988815,1.042300
4.523190,1.034618,1.001195,0.988068,0.972712,0.983073,0.985534,0.979475,0.980016,1.027787,1.007538,0.998728,0.982552,1.000442,0.988396,0.988405,1.005799,1.002557,0.995616,1.039606,0.986747,1.010186,1.032627,1.023333,1.011643,1.025157,1.020032,1.006855,1.016527,1.014337,0.968884,0.919612,1.018596,0.998959,1.012323,1.046751,1.046980,1.018120,0.988848,1.042311
4.531520,1.034653,1.001257,0.988147,0.972795,0.983150,0.985611,0.979547,0.980086,1.027821,1.007623,0.998810,0.982636,1.000529,0.988486,0.988511,1.005909,1.002653,0.995706,1.039721,0.986857,1.010305,1.032754,1.023460,1.011757,1.025219,1.020100,1.006936,1.016580,1.014384,0.968919,0.919684,1.018678,0.999065,1.012432,1.046880,1.047106,1.018190,0.988882,1.042322
4.539850,1.034688,1.001319,0.988227,0.972878,0.983226,0.985688,0.979619,0.980155,1.027855,1.007708,0.998892,0.982720,1.000615,0.988577,0.988617,1.006019,1.002750,0.995796,1.039837,0.986967,1.010425,1.032881,1.023587,1.011870,1.025281,1.020169,1.007017,1.016633,1.014433,0.968954,0.919756,1.018759,0.999171,1.012542,1.047009,1.047232,1.018260,0.988917,1.042333
4.548180,1.034723,1.001381,0.988306,0.972961,0.983303,0.985765,0.979691,0.980225,1.027888,1.007793,0.998974,0.982805,1.000702,0.988667,0.988724,1.006130,1.002847,0.995887,1.039954,0.987078,1.010545,1.033009,1.023715,1.011984,1.025343,1.020239,1.007099,1.016687,1.014481,0.968990,0.919828,1.018840,0.999278,1.012653,1.047138,1.047359,1.018330,0.988953,1.042344
4.556510,1.034757,1.001444,0.988386,0.973043,0.983379,0.985842,0.979762,0.980294,1.027921,1.007877,0.999056,0.982888,1.000788,0.988757,0.988830,1.006241,1.002944,0.995978,1.040070,0.987189,1.010666,1.033138,1.023843,1.012099,1.025406,1.020309,1.007181,1.016742,1.014531,0.969026,0.919899,1.018919,0.999386,1.012764,1.047268,1.047486,1.018401,0.988989,1.042354
4.564840,1.034792,1.001506,0.988466,0.973126,0.983456,0.985918,0.979834,0.980363,1.027954,1.007961,0.999138,0.982972,1.000873,0.988848,0.988937,1.006352,1.003042,0.996069,1.040188,0.987301,1.010787,1.033266,1.023972,1.012214,1.025469,1.020379,1.007263,1.016797,1.014581,0.969062,0.919971,1.018998,0.999493,1.012875,1.047398,1.047613,1.018472,0.989026,1.042364
4.573170,1.034827,1.001569,0.988546,0.973209,0.983532,0.985994,0.979905,0.980432,1.027987,1.008044,0.999219,0.983055,1.000958,0.988937,0.989044,1.006464,1.003139,0.996160,1.040305,0.987413,1.010907,1.033395,1.024100,1.012328,1.025533,1.020450,1.007345,1.016853,1.014631,0.969099,0.920042,1.019075,0.999601,1.012987,1.047529,1.047741,1.018544,0.989063,1.042374
4.581500,1.034861,1.001632,0.988626,0.973292,0.983607,0.986070,0.979975,0.980501,1.028020,1.008127,0.999299,0.983138,1.001043,0.989027,0.989151,1.006575,1.003237,0.996251,1.040423,0.987525,1.011028,1.033524,1.024229,1.012443,1.025596,1.020520,1.007428,1.016909,1.014682,0.969135,0.920113,1.019151,0.999709,1.013099,1.047659,1.047868,1.018615,0.989101,1.042383
4.589830,1.034895,1.001695,0.988705,0.973374,0.983682,0.986145,0.980046,0.980569,1.028052,1.008208,0.999379,0.983219,1.001127,0.989116,0.989257,1.006687,1.003334,0.996342,1.040540,0.987638,1.011149,1.033653,1.024357,1.012558,1.025659,1.020591,1.007510,1.016965,1.014734,0.969172,0.920183,1.019225,0.999817,1.013211,1.047790,1.047996,1.018687,0.989140,1.042392
4.598160,1.034929,1.001758,0.988785,0.973456,0.983757,0.986220,0.980116,0.980637,1.028083,1.008290,0.999458,0.983301,1.001210,0.989205,0.989363,1.006798,1.003432,0.996433,1.040658,0.987750,1.011270,1.033781,1.024486,1.012673,1.025722,1.020662,1.007593,1.017021,1.014785,0.969209,0.920253,1.019298,0.999926,1.013323,1.047920,1.048123,1.018759,0.989179,1.042401
4.606490,1.034963,1.001820,0.988864,0.973537,0.983831,0.986294,0.980185,0.980704,1.028115,1.008370,0.999536,0.983381,1.001293,0.989293,0.989469,1.006909,1.003529,0.996523,1.040776,0.987863,1.011391,1.033910,1.024614,1.012788,1.025786,1.020733,1.007675,1.017078,1.014837,0.969246,0.920322,1.019369,1.000034,1.013435,1.048051,1.048250,1.018830,0.989218,1.042409
4.614820,1.034996,1.001883,0.988943,0.973618,0.983904,0.986367,0.980253,0.980770,1.028145,1.008449,0.999613,0.983461,1.001375,0.989380,0.989575,1.007020,1.003626,0.996614,1.040893,0.987975,1.011511,1.034038,1.024742,1.012902,1.025849,1.020804,1.007758,1.017135,1.014889,0.969282,0.920390,1.019439,1.000142,1.013547,1.048181,1.048377,1.018902,0.989257,1.042418
4.623150,1.035029,1.001945,0.989022,0.973698,0.983977,0.986440,0.980321,0.980836,1.028176,1.008527,0.999690,0.983539,1.001455,0.989467,0.989680,1.007131,1.003722,0.996704,1.041010,0.988087,1.011631,1.034167,1.024870,1.013016,1.025912,1.020874,1.007840,1.017191,1.014941,0.969319,0.920458,1.019507,1.000250,1.013659,1.048312,1.048504,1.018973,0.989296,1.042426
4.631480,1.035062,1.002006,0.989099,0.973777,0.984049,0.986512,0.980388,0.980901,1.028205,1.008605,0.999765,0.983617,1.001535,0.989553,0.989785,1.007241,1.003819,0.996793,1.041127,0.988199,1.011750,1.034294,1.024997,1.013130,1.025974,1.020945,1.007921,1.017248,1.014992,0.969355,0.920525,1.019573,1.000357,1.013771,1.048442,1.048630,1.019044,0.989335,1.042433
4.639810,1.035094,1.002067,0.989177,0.973856,0.984120,0.986583,0.980454,0.980965,1.028234,1.008681,0.999840,0.983693,1.001614,0.989638,0.989889,1.007350,1.003914,0.996882,1.041243,0.988311,1.011869,1.034421,1.025124,1.013243,1.026036,1.021015,1.008002,1.017305,1.015044,0.969391,0.920591,1.019637,1.000465,1.013883,1.048571,1.048755,1.019115,0.989375,1.042440
4.648140,1.035126,1.002128,0.989254,0.973934,0.984190,0.986652,0.980520,0.981028,1.028263,1.008755,0.999913,0.983768,1.001691,0.989722,0.989992,1.007459,1.004009,0.996970,1.041359,0.988422,1.011988,1.034548,1.025250,1.013356,1.026098,1.021085,1.008083,1.017361,1.015096,0.969426,0.920656,1.019700,1.000571,1.013994,1.048700,1.048880,1.019186,0.989414,1.042447
4.656470,1.035158,1.002188,0.989330,0.974011,0.984259,0.986721,0.980584,0.981090,1.028291,1.008829,0.999985,0.983842,1.001767,0.989805,0.990095,1.007567,1.004104,0.997058,1.041475,0.988533,1.012106,1.034674,1.025375,1.013468,1.026159,1.021154,1.008163,1.017417,1.015147,0.969461,0.920721,1.019760,1.000678,1.014105,1.048829,1.049004,1.019256,0.989453,1.042453
4.664800,1.035189,1.002248,0.989405,0.974087,0.984326,0.986789,0.980647,0.981152,1.028318,1.008901,1.000055,0.983915,1.001842,0.989887,0.990196,1.007675,1.004198,0.997145,1.041590,0.988644,1.012223,1.034799,1.025500,1.013579,1.026220,1.021223,1.008243,1.017473,1.015198,0.969496,0.920784,1.019818,1.000784,1.014215,1.048957,1.049128,1.019326,0.989492,1.042460
4.673130,1.035219,1.002307,0.989479,0.974162,0.984393,0.986855,0.980710,0.981212,1.028345,1.008971,1.000125,0.983987,1.001916,0.989967,0.990297,1.007782,1.004291,0.997231,1.041704,0.988754,1.012339,1.034924,1.025624,1.013690,1.026280,1.021291,1.008322,1.017528,1.015249,0.969530,0.920846,1.019874,1.000889,1.014325,1.049085,1.049250,1.019396,0.989531,1.042465
4.681460,1.035249,1.002365,0.989553,0.974236,0.984459,0.986921,0.980771,0.981271,1.028371,1.009040,1.000193,0.984057,1.001988,0.990047,0.990397,1.007888,1.004383,0.997316,1.041817,0.988863,1.012454,1.035048,1.025747,1.013799,1.026340,1.021358,1.008400,1.017583,1.015299,0.969563,0.920907,1.019928,1.000994,1.014434,1.049212,1.049372,1.019465,0.989570,1.042471
4.689790,1.035279,1.002423,0.989626,0.974308,0.984523,0.986985,0.980831,0.981330,1.028396,1.009108,1.000259,0.984125,1.002059,0.990125,0.990496,1.007993,1.004474,0.997401,1.041930,0.988971,1.012569,1.035171,1.025869,1.013908,1.026399,1.021425,1.008478,1.017637,1.015349,0.969596,0.920967,1.019979,1.001098,1.014542,1.049338,1.049492,1.019534,0.989608,1.042475
4.698120,1.035308,1.002479,0.989697,0.974380,0.984587,0.987048,0.980889,0.981386,1.028421,1.009174,1.000324,0.984193,1.002128,0.990202,0.990593,1.008097,1.004564,0.997484,1.042042,0.989079,1.012682,1.035293,1.025990,1.014016,1.026457,1.021491,1.008555,1.017691,1.015398,0.969628,0.921026,1.020029,1.001201,1.014649,1.049463,1.049612,1.019602,0.989645,1.042480
4.706450,1.035336,1.002535,0.989768,0.974450,0.984648,0.987109,0.980947,0.981442,1.028444,1.009238,1.000388,0.984258,1.002195,0.990277,0.990690,1.008200,1.004654,0.997567,1.042152,0.989186,1.012795,1.035414,1.026111,1.014123,1.026515,1.021557,1.008631,1.017744,1.015447,0.969659,0.921083,1.020076,1.001304,1.014756,1.049588,1.049731,1.019669,0.989683,1.042484
4.714780,1.035364,1.002590,0.989837,0.974520,0.984709,0.987169,0.981003,0.981497,1.028467,1.009301,1.000450,0.984322,1.002262,0.990352,0.990785,1.008301,1.004742,0.997648,1.042262,0.989292,1.012906,1.035534,1.026230,1.014229,1.026571,1.021621,1.008705,1.017797,1.015495,0.969689,0.921140,1.020121,1.001406,1.014862,1.049712,1.049848,1.019736,0.989719,1.042488
4.723110,1.035391,1.002644,0.989906,0.974587,0.984768,0.987228,0.981058,0.981550,1.028490,1.009362,1.000511,0.984385,1.002326,0.990424,0.990880,1.008402,1.004829,0.997728,1.042371,0.989397,1.013017,1.035653,1.026348,1.014333,1.026627,1.021685,1.008779,1.017849,1.015542,0.969719,0.921195,1.020163,1.001507,1.014966,1.049835,1.049964,1.019802,0.989755,1.042491
4.731440,1.035417,1.002698,0.989973,0.974654,0.984826,0.987286,0.981112,0.981602,1.028511,1.009422,1.000569,0.984446,1.002389,0.990496,0.990972,1.008502,1.004915,0.997808,1.042479,0.989501,1.013126,1.035770,1.026464,1.014437,1.026682,1.021748,1.008852,1.017900,1.015589,0.969748,0.921248,1.020203,1.001607,1.015070,1.049956,1.050079,1.019868,0.989791,1.042494
4.739770,1.035443,1.002750,0.990039,0.974719,0.984883,0.987342,0.981164,0.981653,1.028532,1.009480,1.000627,0.984505,1.002450,0.990565,0.991064,1.008600,1.005000,0.997886,1.042585,0.989604,1.013234,1.035887,1.026580,1.014539,1.026737,1.021809,1.008924,1.017950,1.015634,0.969775,0.921300,1.020241,1.001706,1.015173,1.050077,1.050192,1.019933,0.989825,1.042497
4.748100,1.035469,1.002801,0.990104,0.974783,0.984938,0.987396,0.981215,0.981702,1.028552,1.009536,1.000682,0.984563,1.002510,0.990634,0.991154,1.008697,1.005084,0.997962,1.042691,0.989706,1.013341,1.036002,1.026694,1.014640,1.026790,1.021870,1.008995,1.017999,1.015679,0.969802,0.921351,1.020277,1.001804,1.015274,1.050197,1.050305,1.019997,0.989859,1.042499
4.756430,1.035493,1.002851,0.990168,0.974845,0.984991,0.987449,0.981265,0.981750,1.028571,1.009590,1.000737,0.984619,1.002568,0.990700,0.991243,1.008793,1.005166,0.998038,1.042795,0.989806,1.013446,1.036116,1.026807,1.014740,1.026842,1.021930,1.009065,1.018047,1.015723,0.969828,0.921401,1.020311,1.001901,1.015374,1.050316,1.050415,1.020060,0.989893,1.042501
4.764760,1.035517,1.002900,0.990230,0.974906,0.985044,0.987501,0.981313,0.981797,1.028589,1.009643,1.000789,0.984673,1.002624,0.990766,0.991331,1.008887,1.005248,0.998112,1.042898,0.989906,1.013550,1.036229,1.026918,1.014839,1.026893,1.021988,1.009133,1.018095,1.015766,0.969853,0.921449,1.020342,1.001996,1.015474,1.050433,1.050524,1.020122,0.989925,1.042502
4.773090,1.035541,1.002948,0.990292,0.974966,0.985094,0.987551,0.981360,0.981842,1.028606,1.009693,1.000840,0.984726,1.002679,0.990829,0.991417,1.008981,1.005327,0.998185,1.043000,0.990004,1.013653,1.036340,1.027028,1.014936,1.026943,1.022046,1.009200,1.018141,1.015808,0.969877,0.921496,1.020371,1.002091,1.015571,1.050549,1.050632,1.020184,0.989957,1.042503
4.781420,1.035563,1.002995,0.990351,0.975024,0.985144,0.987600,0.981405,0.981886,1.028623,1.009743,1.000889,0.984777,1.002732,0.990891,0.991501,1.009072,1.005406,0.998257,1.043100,0.990101,1.013754,1.036450,1.027137,1.015031,1.026993,1.022102,1.009266,1.018186,1.015850,0.969900,0.921541,1.020398,1.002185,1.015668,1.050665,1.050738,1.020245,0.989987,1.042504
4.789750,1.035585,1.003041,0.990410,0.975080,0.985191,0.987647,0.981449,0.981929,1.028638,1.009790,1.000936,0.984826,1.002783,0.990952,0.991584,1.009163,1.005483,0.998327,1.043199,0.990197,1.013854,1.036558,1.027244,1.015126,1.027041,1.022158,1.009331,1.018230,1.015890,0.969921,0.921585,1.020422,1.002277,1.015763,1.050778,1.050843,1.020305,0.990017,1.042504
4.798080,1.035607,1.003085,0.990467,0.975136,0.985238,0.987692,0.981492,0.981970,1.028653,1.009836,1.000982,0.984874,1.002832,0.991011,0.991666,1.009251,1.005559,0.998396,1.043297,0.990292,1.013953,1.036666,1.027350,1.015218,1.027088,1.022212,1.009395,1.018274,1.015929,0.969942,0.921628,1.020445,1.002369,1.015857,1.050891,1.050946,1.020364,0.990046,1.042504
4.806410,1.035627,1.003129,0.990523,0.975189,0.985283,0.987736,0.981533,0.982010,1.028667,1.009879,1.001026,0.984920,1.002880,0.991068,0.991746,1.009339,1.005633,0.998463,1.043393,0.990385,1.014050,1.036771,1.027454,1.015310,1.027134,1.022264,1.009457,1.018316,1.015966,0.969962,0.921669,1.020465,1.002459,1.015949,1.051002,1.051047,1.020422,0.990073,1.042503
4.814740,1.035647,1.003171,0.990577,0.975241,0.985326,0.987779,0.981573,0.982048,1.028681,1.009922,1.001069,0.984964,1.002926,0.991124,0.991825,1.009425,1.005706,0.998529,1.043488,0.990477,1.014145,1.036875,1.027556,1.015400,1.027179,1.022316,1.009518,1.018357,1.016003,0.969980,0.921709,1.020483,1.002548,1.016040,1.051113,1.051147,1.020479,0.990100,1.042503
4.823070,1.035667,1.003212,0.990630,0.975292,0.985368,0.987820,0.981611,0.982086,1.028693,1.009962,1.001110,0.985007,1.002971,0.991178,0.991902,1.009509,1.005778,0.998594,1.043581,0.990567,1.014239,1.036978,1.027657,1.015488,1.027223,1.022366,1.009578,1.018396,1.016039,0.969997,0.921748,1.020500,1.002635,1.016130,1.051221,1.051245,1.020536,0.990126,1.042501
4.831400,1.035685,1.003252,0.990682,0.975341,0.985408,0.987860,0.981648,0.982121,1.028705,1.010001,1.001149,0.985048,1.003014,0.991231,0.991978,1.009592,1.005848,0.998658,1.043673,0.990656,1.014332,1.037079,1.027757,1.015575,1.027265,1.022415,1.009636,1.018435,1.016073,0.970013,0.921785,1.020514,1.002722,1.016218,1.051329,1.051341,1.020591,0.990151,1.042500
4.839730,1.035703,1.003290,0.990732,0.975389,0.985448,0.987898,0.981684,0.982156,1.028716,1.010038,1.001187,0.985088,1.003055,0.991282,0.992052,1.009673,1.005917,0.998720,1.043764,0.990744,1.014423,1.037179,1.027855,1.015661,1.027307,1.022463,1.009693,1.018472,1.016106,0.970028,0.921821,1.020527,1.002807,1.016304,1.051435,1.051435,1.020646,0.990174,1.042498
4.848060,1.035720,1.003328,0.990781,0.975436,0.985485,0.987935,0.981718,0.982189,1.028726,1.010074,1.001223,0.985126,1.003095,0.991331,0.992124,1.009753,1.005984,0.998780,1.043853,0.990830,1.014512,1.037277,1.027951,1.015744,1.027347,1.022510,1.009748,1.018508,1.016139,0.970042,0.921855,1.020538,1.002891,1.016389,1.051540,1.051528,1.020699,0.990197,1.042495
4.856390,1.035737,1.003364,0.990829,0.975480,0.985522,0.987971,0.981751,0.982221,1.028736,1.010108,1.001258,0.985162,1.003133,0.991379,0.992195,1.009832,1.006050,0.998839,1.043940,0.990914,1.014600,1.037374,1.028045,1.015827,1.027387,1.022555,1.009803,1.018543,1.016169,0.970055,0.921888,1.020547,1.002973,1.016473,1.051643,1.051619,1.020752,0.990218,1.042493
4.864720,1.035753,1.003399,0.990875,0.975524,0.985556,0.988005,0.981783,0.982252,1.028744,1.010141,1.001291,0.985197,1.003170,0.991426,0.992265,1.009909,1.006114,0.998897,1.044026,0.990998,1.014687,1.037469,1.028138,1.015908,1.027425,1.022599,1.009856,1.018577,1.016199,0.970066,0.921920,1.020554,1.003055,1.016555,1.051745,1.051708,1.020803,0.990239,1.042490
4.873050,1.035768,1.003433,0.990920,0.975566,0.985590,0.988038,0.981813,0.982281,1.028752,1.010172,1.001323,0.985231,1.003205,0.991471,0.992332,1.009984,1.006177,0.998953,1.044111,0.991079,1.014772,1.037562,1.028230,1.015987,1.027462,1.022642,1.009907,1.018609,1.016227,0.970076,0.921951,1.020560,1.003135,1.016635,1.051846,1.051796,1.020854,0.990258,1.042486
4.881380,1.035782,1.003466,0.990964,0.975607,0.985622,0.988069,0.981842,0.982309,1.028759,1.010201,1.001353,0.985263,1.003239,0.991514,0.992399,1.010058,1.006239,0.999008,1.044194,0.991160,1.014855,1.037654,1.028320,1.016065,1.027498,1.022684,1.009958,1.018640,1.016255,0.970086,0.921980,1.020564,1.003213,1.016714,1.051945,1.051882,1.020904,0.990276,1.042483
4.889710,1.035796,1.003498,0.991006,0.975646,0.985653,0.988099,0.981870,0.982336,1.028766,1.010230,1.001383,0.985294,1.003271,0.991556,0.992464,1.010130,1.006299,0.999062,1.044275,0.991238,1.014937,1.037745,1.028408,1.016141,1.027533,1.022724,1.010007,1.018670,1.016281,0.970094,0.922008,1.020566,1.003291,1.016791,1.052043,1.051966,1.020952,0.990293,1.042479
4.898040,1.035809,1.003528,0.991047,0.975684,0.985683,0.988128,0.981897,0.982362,1.028772,1.010257,1.001410,0.985323,1.003302,0.991597,0.992527,1.010201,1.006358,0.999114,1.044355,0.991316,1.015017,1.037834,1.028494,1.016216,1.027566,1.022763,1.010054,1.018699,1.016305,0.970101,0.922035,1.020568,1.003367,1.016867,1.052139,1.052048,1.021000,0.990308,1.042474
4.906370,1.035822,1.003558,0.991087,0.975721,0.985712,0.988156,0.981923,0.982387,1.028777,1.010282,1.001437,0.985351,1.003331,0.991637,0.992589,1.010271,1.006415,0.999165,1.044434,0.991391,1.015096,1.037921,1.028579,1.016289,1.027599,1.022801,1.010101,1.018727,1.016329,0.970107,0.922061,1.020568,1.003442,1.016941,1.052234,1.052128,1.021047,0.990323,1.042470
4.914700,1.035834,1.003586,0.991126,0.975756,0.985739,0.988182,0.981947,0.982410,1.028782,1.010306,1.001462,0.985378,1.003360,0.991675,0.992650,1.010339,1.006471,0.999214,1.044511,0.991466,1.015173,1.038007,1.028663,1.016361,1.027631,1.022837,1.010146,1.018753,1.016351,0.970111,0.922086,1.020566,1.003515,1.017014,1.052328,1.052207,1.021093,0.990336,1.042465
4.923030,1.035845,1.003613,0.991163,0.975790,0.985765,0.988208,0.981971,0.982433,1.028786,1.010329,1.001486,0.985403,1.003387,0.991711,0.992709,1.010405,1.006526,0.999262,1.044586,0.991539,1.015249,1.038091,1.028745,1.016431,1.027661,1.022872,1.010189,1.018778,1.016372,0.970115,0.922109,1.020564,1.003587,1.017085,1.052420,1.052284,1.021138,0.990349,1.042460
4.931360,1.035856,1.003639,0.991199,0.975824,0.985790,0.988232,0.981993,0.982454,1.028789,1.010351,1.001509,0.985428,1.003413,0.991747,0.992767,1.010470,1.006579,0.999309,1.044660,0.991610,1.015324,1.038174,1.028825,1.016500,1.027691,1.022906,1.010232,1.018801,1.016392,0.970118,0.922132,1.020560,1.003658,1.017154,1.052511,1.052359,1.021182,0.990360,1.042454
4.939690,1.035866,1.003664,0.991234,0.975855,0.985814,0.988255,0.982014,0.982475,1.028792,1.010372,1.001530,0.985451,1.003437,0.991781,0.992823,1.010534,1.006631,0.999355,1.044733,0.991680,1.015397,1.038256,1.028904,1.016568,1.027719,1.022939,1.010273,1.018824,1.016410,0.970120,0.922154,1.020555,1.003728,1.017222,1.052601,1.052433,1.021225,0.990370,1.042449
4.948020,1.035876,1.003688,0.991268,0.975886,0.985837,0.988277,0.982034,0.982494,1.028795,1.010391,1.001551,0.985473,1.003461,0.991814,0.992879,1.010597,1.006682,0.999399,1.044804,0.991749,1.015468,1.038336,1.028981,1.016634,1.027747,1.022971,1.010313,1.018845,1.016428,0.970120,0.922174,1.020550,1.003797,1.017288,1.052690,1.052505,1.021267,0.990378,1.042443
4.956350,1.035885,1.003711,0.991300,0.975916,0.985859,0.988298,0.982054,0.982513,1.028796,1.010410,1.001570,0.985494,1.003483,0.991846,0.992932,1.010658,1.006731,0.999443,1.044874,0.991816,1.015539,1.038414,1.029057,1.016698,1.027773,1.023001,1.010352,1.018865,1.016444,0.970120,0.922194,1.020543,1.003864,1.017353,1.052777,1.052575,1.021309,0.990386,1.042437
4.964680,1.035893,1.003733,0.991332,0.975944,0.985880,0.988318,0.982072,0.982530,1.028798,1.010427,1.001589,0.985514,1.003505,0.991877,0.992985,1.010717,1.006779,0.999485,1.044943,0.991881,1.015607,1.038491,1.029131,1.016762,1.027799,1.023031,1.010390,1.018884,1.016459,0.970119,0.922213,1.020536,1.003930,1.017417,1.052863,1.052643,1.021349,0.990393,1.042430
4.973010,1.035901,1.003754,0.991362,0.975972,0.985900,0.988337,0.982090,0.982547,1.028799,1.010444,1.001607,0.985533,1.003525,0.991907,0.993036,1.010776,1.006826,0.999525,1.045010,0.991946,1.015675,1.038567,1.029204,1.016824,1.027823,1.023059,1.010426,1.018902,1.016473,0.970116,0.922231,1.020528,1.003995,1.017479,1.052947,1.052710,1.021389,0.990398,1.042424
4.981340,1.035908,1.003774,0.991391,0.975998,0.985919,0.988356,0.982106,0.982563,1.028799,1.010460,1.001623,0.985551,1.003545,0.991936,0.993086,1.010833,1.006872,0.999565,1.045075,0.992009,1.015741,1.038641,1.029275,1.016884,1.027847,1.023086,1.010461,1.018919,1.016485,0.970113,0.922248,1.020520,1.004059,1.017539,1.053030,1.052775,1.021428,0.990402,1.042417
4.989670,1.035915,1.003793,0.991420,0.976024,0.985937,0.988373,0.982122,0.982578,1.028799,1.010474,1.001639,0.985569,1.003563,0.991964,0.993135,1.010888,1.006917,0.999604,1.045140,0.992070,1.015806,1.038714,1.029345,1.016944,1.027870,1.023112,1.010496,1.018934,1.016497,0.970109,0.922264,1.020511,1.004121,1.017598,1.053112,1.052839,1.021466,0.990406,1.042410
4.998000,1.035921,1.003811,0.991447,0.976048,0.985955,0.988390,0.982138,0.982593,1.028799,1.010489,1.001655,0.985585,1.003581,0.991991,0.993183,1.010943,1.006960,0.999641,1.045203,0.992131,1.015869,1.038786,1.029414,1.017002,1.027892,1.023137,1.010529,1.018948,1.016507,0.970104,0.922280,1.020501,1.004183,1.017656,1.053193,1.052901,1.021503,0.990408,1.042403
5.006330,1.035927,1.003828,0.991473,0.976072,0.985972,0.988406,0.982152,0.982606,1.028798,1.010502,1.001669,0.985601,1.003598,0.992017,0.993229,1.010996,1.007002,0.999677,1.045265,0.992189,1.015932,1.038857,1.029481,1.017058,1.027913,1.023161,1.010561,1.018962,1.016517,0.970099,0.922295,1.020491,1.004243,1.017712,1.053273,1.052962,1.021539,0.990409,1.042395
5.014660,1.035933,1.003844,0.991499,0.976095,0.985988,0.988421,0.982166,0.982619,1.028797,1.010515,1.001683,0.985616,1.003615,0.992042,0.993275,1.011048,1.007043,0.999713,1.045325,0.992247,1.015993,1.038926,1.029547,1.017114,1.027933,1.023184,1.010592,1.018974,1.016525,0.970092,0.922309,1.020480,1.004302,1.017766,1.053352,1.053021,1.021575,0.990409,1.042388
5.022990,1.035937,1.003860,0.991523,0.976117,0.986003,0.988435,0.982179,0.982632,1.028795,1.010527,1.001696,0.985630,1.003630,0.992066,0.993319,1.011099,1.007083,0.999747,1.045385,0.992304,1.016053,1.038994,1.029611,1.017168,1.027952,1.023206,1.010621,1.018985,1.016532,0.970085,0.922322,1.020470,1.004361,1.017820,1.053429,1.053079,1.021610,0.990408,1.042380
5.031320,1.035942,1.003875,0.991547,0.976138,0.986018,0.988449,0.982191,0.982644,1.028793,1.010538,1.001708,0.985644,1.003645,0.992089,0.993362,1.011149,1.007122,0.999780,1.045443,0.992359,1.016111,1.039060,1.029675,1.017222,1.027971,1.023226,1.010650,1.018995,1.016538,0.970077,0.922335,1.020459,1.004418,1.017872,1.053505,1.053135,1.021644,0.990406,1.042373
5.039650,1.035946,1.003889,0.991570,0.976159,0.986032,0.988463,0.982203,0.982655,1.028791,1.010549,1.001720,0.985657,1.003660,0.992112,0.993405,1.011198,1.007161,0.999813,1.045500,0.992413,1.016169,1.039126,1.029737,1.017274,1.027989,1.023246,1.010678,1.019004,1.016543,0.970068,0.922348,1.020448,1.004474,1.017923,1.053580,1.053190,1.021678,0.990403,1.042365
5.047980,1.035949,1.003902,0.991592,0.976178,0.986045,0.988475,0.982215,0.982666,1.028789,1.010559,1.001731,0.985670,1.003673,0.992134,0.993446,1.011246,1.007198,0.999844,1.045555,0.992465,1.016225,1.039190,1.029797,1.017325,1.028006,1.023266,1.010705,1.019012,1.016547,0.970058,0.922360,1.020437,1.004529,1.017972,1.053654,1.053243,1.021710,0.990399,1.042357
5.056310,1.035952,1.003914,0.991613,0.976197,0.986058,0.988488,0.982225,0.982676,1.028787,1.010569,1.001742,0.985682,1.003687,0.992156,0.993486,1.011292,1.007234,0.999875,1.045610,0.992517,1.016280,1.039253,1.029857,1.017374,1.028022,1.023284,1.010731,1.019019,1.016550,0.970048,0.922371,1.020425,1.004583,1.018020,1.053727,1.053295,1.021742,0.990394,1.042348
5.064640,1.035955,1.003926,0.991633,0.976216,0.986070,0.988499,0.982236,0.982686,1.028784,1.010579,1.001753,0.985693,1.003699,0.992176,0.993526,1.011338,1.007269,0.999905,1.045663,0.992567,1.016335,1.039315,1.029915,1.017423,1.028038,1.023301,1.010757,1.019025,1.016552,0.970038,0.922382,1.020414,1.004636,1.018067,1.053799,1.053346,1.021774,0.990388,1.042340
5.072970,1.035957,1.003937,0.991653,0.976234,0.986082,0.988511,0.982246,0.982695,1.028781,1.010588,1.001762,0.985705,1.003712,0.992197,0.993564,1.011383,1.007303,0.999934,1.045716,0.992616,1.016388,1.039376,1.029973,1.017471,1.028053,1.023317,1.010781,1.019030,1.016553,0.970026,0.922393,1.020403,1.004688,1.018113,1.053870,1.053395,1.021804,0.990381,1.042332
5.081300,1.035959,1.003947,0.991672,0.976251,0.986094,0.988521,0.982255,0.982704,1.028778,1.010596,1.001772,0.985715,1.003724,0.992216,0.993602,1.011426,1.007336,0.999962,1.045767,0.992665,1.016440,1.039436,1.030029,1.017518,1.028067,1.023333,1.010804,1.019034,1.016554,0.970014,0.922403,1.020392,1.004740,1.018157,1.053940,1.053443,1.021834,0.990373,1.042323
5.089630,1.035961,1.003957,0.991691,0.976268,0.986105,0.988532,0.982265,0.982713,1.028775,1.010605,1.001781,0.985726,1.003735,0.992235,0.993639,1.011469,1.007369,0.999989,1.045817,0.992712,1.016491,1.039495,1.030084,1.017564,1.028081,1.023348,1.010827,1.019038,1.016553,0.970002,0.922412,1.020381,1.004790,1.018201,1.054009,1.053490,1.021864,0.990365,1.042315
5.097960,1.035962,1.003966,0.991708,0.976284,0.986116,0.988542,0.982273,0.982721,1.028771,1.010613,1.001790,0.985736,1.003746,0.992254,0.993675,1.011511,1.007401,1.000015,1.045867,0.992758,1.016541,1.039553,1.030138,1.017608,1.028094,1.023362,1.010849,1.019040,1.016551,0.969989,0.922422,1.020370,1.004839,1.018243,1.054077,1.053536,1.021893,0.990355,1.042306
5.106290,1.035962,1.003975,0.991725,0.976300,0.986126,0.988552,0.982282,0.982729,1.028768,1.010621,1.001799,0.985746,1.003757,0.992272,0.993710,1.011552,1.007431,1.000041,1.045915,0.992802,1.016591,1.039609,1.030191,1.017652,1.028106,1.023375,1.010870,1.019042,1.016549,0.969976,0.922431,1.020359,1.004888,1.018284,1.054144,1.053581,1.021921,0.990345,1.042298
5.114620,1.035963,1.003983,0.991742,0.976315,0.986136,0.988561,0.982290,0.982737,1.028764,1.010628,1.001807,0.985755,1.003768,0.992289,0.993745,1.011592,1.007461,1.000066,1.045962,0.992846,1.016639,1.039665,1.030243,1.017695,1.028118,1.023387,1.010890,1.019042,1.016546,0.969962,0.922440,1.020349,1.004936,1.018324,1.054210,1.053624,1.021949,0.990333,1.042289
5.122950,1.035963,1.003990,0.991758,0.976330,0.986145,0.988570,0.982298,0.982744,1.028760,1.010636,1.001815,0.985764,1.003778,0.992306,0.993779,1.011631,1.007491,1.000091,1.046009,0.992889,1.016686,1.039720,1.030294,1.017737,1.028130,1.023399,1.010910,1.019042,1.016542,0.969947,0.922448,1.020339,1.004983,1.018363,1.054275,1.053666,1.021976,0.990321,1.042280
5.131280,1.035963,1.003997,0.991773,0.976344,0.986155,0.988579,0.982306,0.982751,1.028756,1.010643,1.001823,0.985773,1.003788,0.992323,0.993812,1.011670,1.007519,1.000114,1.046054,0.992931,1.016733,1.039774,1.030344,1.017779,1.028141,1.023410,1.010929,1.019042,1.016537,0.969932,0.922456,1.020329,1.005029,1.018401,1.054340,1.053707,1.022002,0.990308,1.042271
5.139610,1.035962,1.004003,0.991788,0.976358,0.986164,0.988587,0.982313,0.982758,1.028752,1.010650,1.001831,0.985782,1.003798,0.992339,0.993844,1.011707,1.007547,1.000137,1.046098,0.992972,1.016779,1.039827,1.030393,1.017819,1.028151,1.023421,1.010947,1.019040,1.016531,0.969917,0.922464,1.020320,1.005074,1.018437,1.054403,1.053747,1.022028,0.990294,1.042262
5.147940,1.035961,1.004009,0.991802,0.976372,0.986173,0.988596,0.982320,0.982765,1.028749,1.010657,1.001838,0.985791,1.003807,0.992355,0.993876,1.011744,1.007574,1.000160,1.046142,0.993012,1.016823,1.039879,1.030441,1.017859,1.028161,1.023430,1.010964,1.019038,1.016524,0.969902,0.922472,1.020310,1.005119,1.018473,1.054466,1.053786,1.022054,0.990280,1.042254
5.156270,1.035960,1.004014,0.991816,0.976385,0.986181,0.988604,0.982327,0.982771,1.028745,1.010664,1.001846,0.985799,1.003817,0.992371,0.993907,1.011780,1.007601,1.000181,1.046185,0.993051,1.016867,1.039930,1.030488,1.017897,1.028170,1.023440,1.010981,1.019034,1.016517,0.969886,0.922480,1.020302,1.005163,1.018508,1.054528,1.053824,1.022079,0.990265,1.042245
5.164600,1.035959,1.004019,0.991829,0.976398,0.986190,0.988612,0.982334,0.982777,1.028741,1.010671,1.001853,0.985807,1.003826,0.992386,0.993937,1.011815,1.007626,1.000202,1.046227,0.993090,1.016910,1.039981,1.030534,1.017935,1.028179,1.023448,1.010997,1.019030,1.016509,0.969869,0.922487,1.020293,1.005206,1.018542,1.054589,1.053861,1.022104,0.990249,1.042236
5.172930,1.035957,1.004023,0.991842,0.976410,0.986198,0.988620,0.982341,0.982784,1.028737,1.010677,1.001860,0.985815,1.003835,0.992401,0.993966,1.011850,1.007651,1.000223,1.046267,0.993127,1.016953,1.040030,1.030579,1.017972,1.028188,1.023456,1.011013,1.019026,1.016500,0.969853,0.922494,1.020285,1.005248,1.018575,1.054649,1.053897,1.022128,0.990232,1.042227
5.181260,1.035955,1.004027,0.991855,0.976423,0.986206,0.988627,0.982347,0.982789,1.028732,1.010684,1.001867,0.985823,1.003844,0.992416,0.993996,1.011883,1.007676,1.000243,1.046308,0.993163,1.016994,1.040079,1.030624,1.018009,1.028196,1.023463,1.011028,1.019021,1.016491,0.969836,0.922501,1.020277,1.005289,1.018606,1.054708,1.053932,1.022151,0.990214,1.042218
5.189590,1.035953,1.004031,0.991866,0.976434,0.986214,0.988634,0.982353,0.982795,1.028728,1.010690,1.001874,0.985831,1.003853,0.992430,0.994024,1.011916,1.007699,1.000262,1.046347,0.993199,1.017035,1.040127,1.030667,1.018044,1.028203,1.023470,1.011042,1.019014,1.016480,0.969819,0.922508,1.020270,1.005330,1.018637,1.054767,1.053967,1.022174,0.990196,1.042209
5.197920,1.035950,1.004034,0.991878,0.976446,0.986221,0.988641,0.982360,0.982801,1.028724,1.010696,1.001881,0.985839,1.003861,0.992444,0.994052,1.011949,1.007723,1.000281,1.046385,0.993234,1.017075,1.040174,1.030710,1.018079,1.028211,1.023476,1.011056,1.019008,1.016469,0.969801,0.922515,1.020263,1.005371,1.018668,1.054825,1.054000,1.022197,0.990177,1.042200
5.206250,1.035947,1.004036,0.991889,0.976457,0.986228,0.988648,0.982365,0.982806,1.028720,1.010703,1.001887,0.985846,1.003870,0.992457,0.994079,1.011980,1.007745,1.000299,1.046423,0.993268,1.017114,1.040220,1.030752,1.018113,1.028217,1.023481,1.011069,1.019000,1.016458,0.969783,0.922521,1.020256,1.005410,1.018697,1.054882,1.054032,1.022219,0.990157,1.042191
5.214580,1.035944,1.004038,0.991899,0.976468,0.986236,0.988655,0.982371,0.982812,1.028716,1.010709,1.001894,0.985853,1.003878,0.992471,0.994105,1.012011,1.007767,1.000317,1.046460,0.993301,1.017153,1.040265,1.030793,1.018146,1.028224,1.023486,1.011081,1.018992,1.016445,0.969765,0.922528,1.020249,1.005449,1.018725,1.054938,1.054063,1.022241,0.990137,1.042182
5.222910,1.035941,1.004040,0.991909,0.976479,0.986243,0.988662,0.982377,0.982817,1.028712,1.010715,1.001900,0.985861,1.003886,0.992484,0.994131,1.012041,1.007788,1.000334,1.046496,0.993333,1.017190,1.040310,1.030834,1.018179,1.028230,1.023490,1.011093,1.018984,1.016432,0.969747,0.922534,1.020243,1.005487,1.018752,1.054994,1.054094,1.022262,0.990116,1.042173
5.231240,1.035937,1.004041,0.991919,0.976489,0.986249,0.988668,0.982382,0.982822,1.028708,1.010721,1.001906,0.985868,1.003894,0.992496,0.994157,1.012071,1.007809,1.000350,1.046531,0.993364,1.017227,1.040354,1.030873,1.018211,1.028235,1.023494,1.011104,1.018974,1.016419,0.969728,0.922540,1.020237,1.005524,1.018779,1.055049,1.054123,1.022283,0.990094,1.042164
5.239570,1.035933,1.004042,0.991928,0.976499,0.986256,0.988675,0.982388,0.982827,1.028704,1.010726,1.001912,0.985875,1.003901,0.992509,0.994181,1.012099,1.007829,1.000366,1.046566,0.993395,1.017263,1.040397,1.030912,1.018242,1.028241,1.023497,1.011115,1.018964,1.016404,0.969709,0.922546,1.020232,1.005561,1.018805,1.055103,1.054152,1.022304,0.990072,1.042155
5.247900,1.035929,1.004043,0.991937,0.976509,0.986262,0.988681,0.982393,0.982831,1.028700,1.010732,1.001918,0.985881,1.003909,0.992521,0.994206,1.012128,1.007848,1.000382,1.046599,0.993425,1.017299,1.040439,1.030949,1.018272,1.028245,1.023499,1.011125,1.018953,1.016389,0.969690,0.922551,1.020226,1.005597,1.018830,1.055156,1.054180,1.022324,0.990049,1.042146
5.256230,1.035925,1.004043,0.991945,0.976518,0.986268,0.988686,0.982398,0.982836,1.028696,1.010738,1.001923,0.985888,1.003916,0.992532,0.994229,1.012155,1.007867,1.000397,1.046632,0.993454,1.017333,1.040480,1.030986,1.018302,1.028250,1.023501,1.011135,1.018942,1.016374,0.969671,0.922557,1.020221,1.005632,1.018854,1.055209,1.054207,1.022343,0.990025,1.042137
5.264560,1.035920,1.004042,0.991953,0.976527,0.986274,0.988692,0.982402,0.982840,1.028692,1.010743,1.001929,0.985894,1.003923,0.992544,0.994252,1.012182,1.007885,1.000411,1.046665,0.993482,1.017367,1.040521,1.031023,1.018331,1.028254,1.023503,1.011143,1.018930,1.016357,0.969651,0.922562,1.020216,1.005667,1.018877,1.055261,1.054233,1.022362,0.990001,1.042129
5.272890,1.035915,1.004041,0.991960,0.976535,0.986280,0.988697,0.982407,0.982844,1.028688,1.010748,1.001934,0.985900,1.003930,0.992554,0.994274,1.012207,1.007902,1.000424,1.046696,0.993509,1.017400,1.040561,1.031058,1.018359,1.028257,1.023504,1.011152,1.018917,1.016340,0.969631,0.922567,1.020211,1.005701,1.018899,1.055312,1.054258,1.022381,0.989975,1.042120
5.281220,1.035910,1.004040,0.991967,0.976544,0.986285,0.988703,0.982411,0.982848,1.028684,1.010753,1.001939,0.985906,1.003937,0.992565,0.994296,1.012233,1.007919,1.000438,1.046726,0.993536,1.017433,1.040600,1.031093,1.018386,1.028260,1.023504,1.011159,1.018904,1.016322,0.969611,0.922572,1.020207,1.005734,1.018921,1.055363,1.054283,1.022399,0.989950,1.042111
5.289550,1.035904,1.004038,0.991974,0.976552,0.986291,0.988708,0.982415,0.982852,1.028680,1.010758,1.001944,0.985912,1.003943,0.992575,0.994317,1.012257,1.007935,1.000450,1.046756,0.993561,1.017464,1.040638,1.031126,1.018413,1.028263,1.023504,1.011167,1.018890,1.016304,0.969591,0.922577,1.020202,1.005767,1.018941,1.055413,1.054307,1.022417,0.989923,1.042102
5.297880,1.035899,1.004036,0.991980,0.976559,0.986295,0.988712,0.982419,0.982855,1.028676,1.010762,1.001949,0.985917,1.003949,0.992585,0.994337,1.012281,1.007950,1.000462,1.046785,0.993586,1.017495,1.040675,1.031159,1.018439,1.028266,1.023503,1.011173,1.018875,1.016285,0.969570,0.922581,1.020197,1.005799,1.018961,1.055461,1.054329,1.022434,0.989896,1.042093
5.306210,1.035892,1.004033,0.991985,0.976566,0.986300,0.988716,0.982423,0.982859,1.028672,1.010766,1.001953,0.985922,1.003955,0.992594,0.994357,1.012304,1.007965,1.000473,1.046813,0.993610,1.017525,1.040712,1.031191,1.018464,1.028267,1.023501,1.011179,1.018860,1.016265,0.969550,0.922585,1.020193,1.005830,1.018980,1.055510,1.054351,1.022451,0.989868,1.042085
5.314540,1.035886,1.004030,0.991990,0.976573,0.986304,0.988720,0.982426,0.982862,1.028668,1.010770,1.001957,0.985926,1.003960,0.992603,0.994376,1.012326,1.007979,1.000484,1.046840,0.993634,1.017554,1.040748,1.031223,1.018488,1.028269,1.023499,1.011184,1.018844,1.016245,0.969528,0.922589,1.020188,1.005861,1.018998,1.055557,1.054372,1.022467,0.989840,1.042076
5.322870,1.035879,1.004027,0.991994,0.976579,0.986308,0.988724,0.982429,0.982864,1.028664,1.010774,1.001960,0.985931,1.003965,0.992611,0.994394,1.012347,1.007993,1.000494,1.046867,0.993656,1.017583,1.040783,1.031253,1.018512,1.028270,1.023496,1.011189,1.018827,1.016224,0.969507,0.922592,1.020183,1.005891,1.019015,1.055604,1.054392,1.022483,0.989810,1.042067
5.331200,1.035873,1.004022,0.991998,0.976585,0.986311,0.988727,0.982432,0.982867,1.028660,1.010777,1.001964,0.985935,1.003969,0.992619,0.994412,1.012368,1.008005,1.000503,1.046892,0.993678,1.017610,1.040817,1.031282,1.018534,1.028271,1.023493,1.011193,1.018810,1.016202,0.969485,0.922595,1.020178,1.005920,1.019032,1.055650,1.054412,1.022499,0.989781,1.042058
5.339530,1.035865,1.004018,0.992001,0.976590,0.986314,0.988730,0.982434,0.982869,1.028655,1.010780,1.001966,0.985938,1.003973,0.992626,0.994428,1.012388,1.008017,1.000512,1.046917,0.993698,1.017637,1.040850,1.031311,1.018556,1.028271,1.023489,1.011196,1.018792,1.016179,0.969463,0.922598,1.020173,1.005948,1.019047,1.055695,1.054430,1.022513,0.989750,1.042050
5.347860,1.035858,1.004013,0.992004,0.976594,0.986317,0.988733,0.982436,0.982870,1.028651,1.010782,1.001969,0.985941,1.003977,0.992633,0.994444,1.012407,1.008029,1.000520,1.046941,0.993718,1.017663,1.040882,1.031339,1.018577,1.028270,1.023484,1.011198,1.018773,1.016156,0.969441,0.922600,1.020167,1.005976,1.019062,1.055739,1.054448,1.022528,0.989719,1.042041
5.356190,1.035850,1.004007,0.992006,0.976599,0.986319,0.988735,0.982438,0.982872,1.028647,1.010784,1.001971,0.985944,1.003980,0.992639,0.994460,1.012425,1.008039,1.000527,1.046964,0.993737,1.017688,1.040914,1.031365,1.018597,1.028269,1.023479,1.011200,1.018753,1.016132,0.969418,0.922602,1.020161,1.006002,1.019075,1.055782,1.054464,1.022542,0.989687,1.042032
5.364520,1.035842,1.004001,0.992007,0.976602,0.986321,0.988736,0.982439,0.982873,1.028642,1.010785,1.001972,0.985946,1.003983,0.992645,0.994474,1.012442,1.008049,1.000534,1.046986,0.993755,1.017712,1.040944,1.031391,1.018617,1.028268,1.023473,1.011201,1.018733,1.016107,0.969395,0.922603,1.020155,1.006028,1.019088,1.055825,1.054480,1.022555,0.989654,1.042024
5.372850,1.035833,1.003994,0.992008,0.976605,0.986322,0.988737,0.982439,0.982873,1.028637,1.010786,1.001973,0.985947,1.003985,0.992650,0.994488,1.012459,1.008058,1.000540,1.047007,0.993773,1.017735,1.040974,1.031416,1.018635,1.028266,1.023466,1.011202,1.018712,1.016081,0.969372,0.922604,1.020149,1.006054,1.019100,1.055867,1.054495,1.022568,0.989620,1.042015
5.381180,1.035824,1.003987,0.992008,0.976608,0.986323,0.988738,0.982440,0.982873,1.028633,1.010786,1.001973,0.985948,1.003986,0.992654,0.994500,1.012474,1.008066,1.000545,1.047027,0.993789,1.017757,1.041002,1.031440,1.018652,1.028264,1.023459,1.011201,1.018690,1.016055,0.969348,0.922605,1.020142,1.006078,1.019111,1.055908,1.054509,1.022580,0.989586,1.042006
5.389510,1.035815,1.003979,0.992008,0.976609,0.986323,0.988738,0.982439,0.982873,1.028628,1.010786,1.001973,0.985948,1.003987,0.992657,0.994512,1.012489,1.008073,1.000549,1.047046,0.993804,1.017778,1.041030,1.031463,1.018669,1.028261,1.023450,1.011200,1.018667,1.016028,0.969324,0.922605,1.020134,1.006102,1.019121,1.055948,1.054522,1.022592,0.989551,1.041998
5.397840,1.035806,1.003970,0.992006,0.976610,0.986323,0.988737,0.982438,0.982872,1.028623,1.010785,1.001972,0.985948,1.003987,0.992660,0.994523,1.012502,1.008079,1.000552,1.047065,0.993819,1.017798,1.041057,1.031485,1.018684,1.028257,1.023441,1.011198,1.018644,1.016000,0.969300,0.922604,1.020126,1.006124,1.019130,1.055987,1.054533,1.022603,0.989515,1.041989
5.406170,1.035796,1.003961,0.992004,0.976611,0.986322,0.988736,0.982437,0.982870,1.028617,1.010783,1.001971,0.985947,1.003986,0.992662,0.994533,1.012515,1.008084,1.000555,1.047082,0.993832,1.017817,1.041082,1.031506,1.018699,1.028253,1.023432,1.011195,1.018619,1.015971,0.969275,0.922603,1.020117,1.006146,1.019138,1.056025,1.054544,1.022613,0.989478,1.041981
5.414500,1.035785,1.003951,0.992001,0.976610,0.986320,0.988734,0.982435,0.982868,1.028612,1.010780,1.001968,0.985945,1.003985,0.992663,0.994542,1.012527,1.008089,1.000556,1.047098,0.993844,1.017836,1.041107,1.031526,1.018712,1.028248,1.023421,1.011192,1.018594,1.015941,0.969249,0.922601,1.020108,1.006167,1.019145,1.056062,1.054554,1.022623,0.989441,1.041972
5.422830,1.035775,1.003940,0.991998,0.976609,0.986317,0.988731,0.982432,0.982865,1.028606,1.010777,1.001965,0.985942,1.003983,0.992664,0.994550,1.012537,1.008093,1.000557,1.047113,0.993856,1.017853,1.041130,1.031544,1.018725,1.028243,1.023410,1.011187,1.018568,1.015911,0.969223,0.922599,1.020098,1.006187,1.019151,1.056098,1.054563,1.022632,0.989402,1.041963
5.431160,1.035764,1.003929,0.991993,0.976607,0.986314,0.988728,0.982429,0.982862,1.028601,1.010773,1.001962,0.985939,1.003980,0.992663,0.994557,1.012547,1.008095,1.000557,1.047127,0.993866,1.017869,1.041153,1.031562,1.018736,1.028237,1.023398,1.011182,1.018542,1.015879,0.969197,0.922596,1.020087,1.006206,1.019156,1.056134,1.054571,1.022641,0.989363,1.041955
5.439490,1.035753,1.003917,0.991988,0.976605,0.986310,0.988724,0.982425,0.982858,1.028595,1.010769,1.001957,0.985935,1.003976,0.992662,0.994563,1.012556,1.008097,1.000556,1.047140,0.993876,1.017884,1.041174,1.031579,1.018747,1.028230,1.023385,1.011175,1.018514,1.015847,0.969170,0.922592,1.020075,1.006225,1.019160,1.056168,1.054578,1.022649,0.989323,1.041946
5.447820,1.035741,1.003904,0.991982,0.976601,0.986306,0.988719,0.982420,0.982854,1.028588,1.010763,1.001952,0.985930,1.003971,0.992659,0.994568,1.012563,1.008097,1.000554,1.047152,0.993884,1.017897,1.041195,1.031594,1.018756,1.028223,1.023371,1.011168,1.018485,1.015814,0.969143,0.922588,1.020062,1.006242,1.019163,1.056201,1.054583,1.022656,0.989282,1.041937
5.456150,1.035729,1.003891,0.991975,0.976597,0.986301,0.988714,0.982415,0.982848,1.028582,1.010756,1.001946,0.985924,1.003966,0.992656,0.994572,1.012569,1.008097,1.000551,1.047163,0.993891,1.017910,1.041214,1.031608,1.018764,1.028215,1.023356,1.011160,1.018456,1.015779,0.969115,0.922582,1.020049,1.006258,1.019165,1.056233,1.054588,1.022663,0.989240,1.041929
5.464480,1.035716,1.003876,0.991967,0.976591,0.986294,0.988707,0.982409,0.982842,1.028575,1.010749,1.001938,0.985917,1.003959,0.992652,0.994575,1.012575,1.008096,1.000547,1.047172,0.993897,1.017922,1.041232,1.031622,1.018771,1.028206,1.023340,1.011151,1.018425,1.015744,0.969087,0.922576,1.020034,1.006273,1.019165,1.056264,1.054591,1.022669,0.989197,1.041920
5.472810,1.035703,1.003861,0.991958,0.976585,0.986287,0.988700,0.982402,0.982836,1.028568,1.010740,1.001930,0.985909,1.003952,0.992647,0.994576,1.012579,1.008093,1.000543,1.047181,0.993902,1.017932,1.041248,1.031633,1.018777,1.028196,1.023324,1.011141,1.018393,1.015708,0.969058,0.922570,1.020019,1.006288,1.019165,1.056294,1.054593,1.022674,0.989154,1.041911
5.481140,1.035690,1.003845,0.991949,0.976578,0.986279,0.988692,0.982395,0.982828,1.028561,1.010731,1.001921,0.985901,1.003943,0.992640,0.994577,1.012581,1.008089,1.000537,1.047188,0.993906,1.017941,1.041264,1.031644,1.018782,1.028186,1.023306,1.011130,1.018361,1.015671,0.969028,0.922562,1.020003,1.006301,1.019163,1.056323,1.054594,1.022679,0.989109,1.041903
5.489470,1.035676,1.003829,0.991938,0.976570,0.986271,0.988683,0.982386,0.982820,1.028553,1.010721,1.001911,0.985891,1.003934,0.992633,0.994576,1.012583,1.008085,1.000530,1.047194,0.993909,1.017949,1.041278,1.031654,1.018785,1.028175,1.023288,1.011117,1.018327,1.015633,0.968998,0.922554,1.019985,1.006313,1.019160,1.056351,1.054594,1.022682,0.989063,1.041894
5.497800,1.035662,1.003811,0.991926,0.976561,0.986261,0.988673,0.982377,0.982811,1.028545,1.010709,1.001900,0.985880,1.003923,0.992625,0.994574,1.012584,1.008079,1.000521,1.047199,0.993910,1.017956,1.041291,1.031662,1.018787,1.028163,1.023268,1.011104,1.018293,1.015594,0.968967,0.922544,1.019966,1.006324,1.019156,1.056378,1.054593,1.022685,0.989017,1.041885
5.506130,1.035647,1.003793,0.991913,0.976551,0.986250,0.988662,0.982367,0.982801,1.028537,1.010696,1.001888,0.985868,1.003912,0.992615,0.994571,1.012583,1.008072,1.000512,1.047203,0.993910,1.017961,1.041303,1.031669,1.018788,1.028151,1.023248,1.011090,1.018257,1.015554,0.968936,0.922534,1.019947,1.006334,1.019151,1.056403,1.054590,1.022688,0.988969,1.041876
5.514460,1.035632,1.003774,0.991900,0.976539,0.986239,0.988650,0.982355,0.982790,1.028528,1.010683,1.001875,0.985855,1.003899,0.992605,0.994567,1.012581,1.008064,1.000502,1.047205,0.993909,1.017965,1.041314,1.031674,1.018788,1.028137,1.023226,1.011075,1.018221,1.015513,0.968904,0.922523,1.019926,1.006343,1.019145,1.056428,1.054587,1.022689,0.988921,1.041868
5.522790,1.035617,1.003754,0.991885,0.976527,0.986226,0.988637,0.982343,0.982779,1.028519,1.010668,1.001861,0.985841,1.003885,0.992593,0.994561,1.012578,1.008054,1.000490,1.047206,0.993907,1.017968,1.041323,1.031679,1.018786,1.028123,1.023203,1.011058,1.018183,1.015470,0.968871,0.922511,1.019903,1.006351,1.019137,1.056451,1.054581,1.022690,0.988871,1.041859
5.531120,1.035601,1.003733,0.991869,0.976514,0.986213,0.988624,0.982330,0.982766,1.028510,1.010652,1.001846,0.985826,1.003870,0.992580,0.994554,1.012573,1.008044,1.000478,1.047206,0.993904,1.017970,1.041331,1.031682,1.018783,1.028108,1.023180,1.011041,1.018144,1.015427,0.968837,0.922498,1.019880,1.006357,1.019128,1.056473,1.054575,1.022690,0.988820,1.041850
5.539450,1.035584,1.003711,0.991852,0.976499,0.986198,0.988609,0.982317,0.982753,1.028500,1.010635,1.001830,0.985810,1.003854,0.992566,0.994546,1.012567,1.008032,1.000464,1.047204,0.993899,1.017970,1.041338,1.031683,1.018779,1.028092,1.023155,1.011022,1.018104,1.015382,0.968803,0.922484,1.019855,1.006363,1.019118,1.056494,1.054567,1.022689,0.988769,1.041841
5.547780,1.035567,1.003688,0.991834,0.976484,0.986182,0.988593,0.982302,0.982738,1.028490,1.010617,1.001812,0.985793,1.003836,0.992551,0.994537,1.012560,1.008019,1.000449,1.047201,0.993893,1.017969,1.041343,1.031683,1.018773,1.028075,1.023129,1.011002,1.018063,1.015337,0.968768,0.922469,1.019829,1.006367,1.019106,1.056513,1.054558,1.022687,0.988716,1.041832
5.556110,1.035550,1.003664,0.991815,0.976467,0.986166,0.988576,0.982286,0.982723,1.028480,1.010597,1.001793,0.985774,1.003818,0.992534,0.994526,1.012551,1.008005,1.000433,1.047197,0.993886,1.017966,1.041347,1.031682,1.018766,1.028057,1.023102,1.010981,1.018021,1.015290,0.968733,0.922454,1.019802,1.006370,1.019094,1.056531,1.054548,1.022684,0.988662,1.041823
5.564440,1.035532,1.003639,0.991795,0.976450,0.986148,0.988558,0.982269,0.982707,1.028469,1.010576,1.001773,0.985754,1.003798,0.992516,0.994514,1.012541,1.007989,1.000416,1.047191,0.993877,1.017962,1.041349,1.031680,1.018758,1.028039,1.023074,1.010959,1.017978,1.015242,0.968696,0.922437,1.019774,1.006372,1.019079,1.056548,1.054536,1.022681,0.988607,1.041814
5.572770,1.035514,1.003614,0.991774,0.976431,0.986129,0.988539,0.982251,0.982690,1.028458,1.010554,1.001752,0.985733,1.003777,0.992497,0.994500,1.012530,1.007972,1.000397,1.047184,0.993867,1.017957,1.041350,1.031676,1.018748,1.028019,1.023045,1.010935,1.017933,1.015193,0.968659,0.922419,1.019744,1.006373,1.019064,1.056564,1.054523,1.022677,0.988551,1.041805
5.581100,1.035496,1.003587,0.991751,0.976410,0.986109,0.988518,0.982233,0.982671,1.028446,1.010531,1.001730,0.985711,1.003754,0.992477,0.994485,1.012517,1.007954,1.000377,1.047175,0.993856,1.017950,1.041350,1.031670,1.018737,1.027999,1.023015,1.010911,1.017888,1.015143,0.968622,0.922400,1.019713,1.006372,1.019047,1.056578,1.054509,1.022672,0.988494,1.041796
5.589430,1.035477,1.003560,0.991728,0.976389,0.986088,0.988497,0.982213,0.982652,1.028434,1.010507,1.001707,0.985687,1.003731,0.992455,0.994469,1.012503,1.007935,1.000356,1.047165,0.993843,1.017942,1.041348,1.031663,1.018725,1.027978,1.022983,1.010885,1.017841,1.015091,0.968583,0.922380,1.019680,1.006371,1.019029,1.056592,1.054493,1.022666,0.988436,1.041787
5.597760,1.035457,1.003531,0.991703,0.976367,0.986066,0.988475,0.982192,0.982632,1.028422,1.010481,1.001682,0.985663,1.003706,0.992432,0.994451,1.012488,1.007914,1.000334,1.047154,0.993829,1.017932,1.041345,1.031655,1.018711,1.027955,1.022951,1.010858,1.017793,1.015039,0.968544,0.922359,1.019646,1.006368,1.019009,1.056603,1.054476,1.022659,0.988376,1.041778
5.606090,1.035437,1.003502,0.991677,0.976343,0.986043,0.988451,0.982170,0.982611,1.028409,1.010454,1.001656,0.985637,1.003680,0.992408,0.994432,1.012471,1.007892,1.000310,1.047141,0.993814,1.017921,1.041341,1.031645,1.018695,1.027932,1.022917,1.010830,1.017743,1.014985,0.968504,0.922337,1.019611,1.006363,1.018988,1.056614,1.054457,1.022651,0.988316,1.041769
5.614420,1.035417,1.003471,0.991650,0.976318,0.986019,0.988427,0.982147,0.982589,1.028396,1.010426,1.001629,0.985609,1.003652,0.992383,0.994412,1.012453,1.007869,1.000285,1.047127,0.993797,1.017909,1.041335,1.031634,1.018678,1.027908,1.022882,1.010800,1.017693,1.014930,0.968463,0.922314,1.019574,1.006358,1.018966,1.056623,1.054437,1.022642,0.988254,1.041760
5.622750,1.035396,1.003440,0.991622,0.976292,0.985993,0.988401,0.982123,0.982566,1.028383,1.010396,1.001601,0.985581,1.003624,0.992356,0.994390,1.012433,1.007844,1.000259,1.047112,0.993779,1.017895,1.041327,1.031621,1.018660,1.027883,1.022846,1.010770,1.017641,1.014874,0.968421,0.922290,1.019537,1.006351,1.018942,1.056631,1.054415,1.022633,0.988191,1.041751
5.631080,1.035374,1.003407,0.991592,0.976265,0.985966,0.988374,0.982098,0.982542,1.028369,1.010366,1.001571,0.985551,1.003594,0.992328,0.994366,1.012412,1.007818,1.000232,1.047095,0.993760,1.017880,1.041318,1.031607,1.018641,1.027857,1.022809,1.010738,1.017589,1.014816,0.968378,0.922265,1.019497,1.006343,1.018917,1.056637,1.054392,1.022623,0.988127,1.041742
5.639410,1.035352,1.003374,0.991562,0.976236,0.985939,0.988346,0.982072,0.982516,1.028354,1.010333,1.001541,0.985520,1.003562,0.992299,0.994342,1.012389,1.007791,1.000203,1.047076,0.993739,1.017863,1.041308,1.031592,1.018619,1.027830,1.022770,1.010704,1.017534,1.014757,0.968335,0.922239,1.019457,1.006334,1.018890,1.056642,1.054368,1.022611,0.988062,1.041733
5.647740,1.035330,1.003339,0.991530,0.976207,0.985910,0.988317,0.982045,0.982490,1.028339,1.010300,1.001509,0.985488,1.003530,0.992268,0.994316,1.012365,1.007762,1.000173,1.047056,0.993717,1.017845,1.041296,1.031574,1.018597,1.027802,1.022731,1.010670,1.017479,1.014698,0.968291,0.922211,1.019415,1.006323,1.018862,1.056646,1.054342,1.022599,0.987995,1.041723
5.656070,1.035308,1.003304,0.991497,0.976176,0.985880,0.988286,0.982017,0.982463,1.028324,1.010266,1.001476,0.985455,1.003496,0.992236,0.994288,1.012340,1.007732,1.000142,1.047035,0.993693,1.017825,1.041283,1.031556,1.018573,1.027773,1.022690,1.010634,1.017423,1.014636,0.968246,0.922183,1.019372,1.006311,1.018833,1.056648,1.054315,1.022586,0.987928,1.041714
5.664400,1.035285,1.003268,0.991463,0.976144,0.985849,0.988255,0.981988,0.982435,1.028308,1.010230,1.001441,0.985420,1.003461,0.992203,0.994259,1.012313,1.007701,1.000110,1.047012,0.993668,1.017804,1.041268,1.031536,1.018547,1.027744,1.022648,1.010597,1.017365,1.014574,0.968201,0.922154,1.019327,1.006298,1.018802,1.056649,1.054286,1.022572,0.987859,1.041705
5.672730,1.035261,1.003230,0.991428,0.976110,0.985817,0.988222,0.981958,0.982406,1.028292,1.010193,1.001406,0.985384,1.003425,0.992169,0.994229,1.012285,1.007669,1.000076,1.046988,0.993641,1.017781,1.041252,1.031514,1.018521,1.027713,1.022605,1.010559,1.017306,1.014511,0.968154,0.922123,1.019281,1.006284,1.018770,1.056649,1.054256,1.022557,0.987789,1.041696
5.681060,1.035237,1.003192,0.991391,0.976076,0.985784,0.988189,0.981926,0.982376,1.028276,1.010155,1.001369,0.985347,1.003387,0.992133,0.994197,1.012255,1.007635,1.000041,1.046962,0.993613,1.017757,1.041234,1.031491,1.018492,1.027681,1.022560,1.010520,1.017246,1.014446,0.968107,0.922092,1.019234,1.006268,1.018736,1.056647,1.054224,1.022542,0.987718,1.041686
5.689390,1.035213,1.003153,0.991354,0.976040,0.985750,0.988154,0.981894,0.982345,1.028259,1.010115,1.001331,0.985309,1.003349,0.992096,0.994164,1.012224,1.007600,1.000005,1.046935,0.993584,1.017732,1.041215,1.031467,1.018463,1.027649,1.022515,1.010479,1.017184,1.014380,0.968059,0.922060,1.019186,1.006251,1.018701,1.056644,1.054191,1.022525,0.987646,1.041677
5.697720,1.035188,1.003113,0.991315,0.976004,0.985714,0.988119,0.981861,0.982313,1.028242,1.010074,1.001292,0.985269,1.003309,0.992058,0.994130,1.012192,1.007563,0.999967,1.046906,0.993553,1.017705,1.041195,1.031441,1.018432,1.027615,1.022468,1.010438,1.017122,1.014313,0.968011,0.922026,1.019137,1.006233,1.018665,1.056640,1.054156,1.022508,0.987573,1.041668
5.706050,1.035163,1.003072,0.991276,0.975966,0.985678,0.988082,0.981827,0.982280,1.028224,1.010033,1.001252,0.985229,1.003268,0.992019,0.994094,1.012158,1.007525,0.999929,1.046876,0.993521,1.017677,1.041173,1.031414,1.018399,1.027581,1.022420,1.010395,1.017058,1.014244,0.967961,0.921992,1.019086,1.006213,1.018627,1.056634,1.054120,1.022490,0.987498,1.041659
5.714380,1.035137,1.003030,0.991235,0.975927,0.985641,0.988044,0.981792,0.982246,1.028206,1.009990,1.001211,0.985187,1.003225,0.991978,0.994057,1.012123,1.007486,0.999889,1.046845,0.993488,1.017647,1.041150,1.031385,1.018365,1.027545,1.022372,1.010351,1.016993,1.014175,0.967911,0.921957,1.019035,1.006193,1.018588,1.056628,1.054083,1.022471,0.987423,1.041649
5.722710,1.035112,1.002987,0.991193,0.975887,0.985602,0.988005,0.981756,0.982211,1.028188,1.009946,1.001169,0.985144,1.003182,0.991936,0.994019,1.012086,1.007446,0.999848,1.046812,0.993453,1.017617,1.041125,1.031355,1.018330,1.027509,1.022321,1.010305,1.016927,1.014104,0.967860,0.921921,1.018982,1.006171,1.018547,1.056619,1.054044,1.022451,0.987346,1.041640
5.731040,1.035085,1.002943,0.991150,0.975846,0.985563,0.987966,0.981719,0.982175,1.028169,1.009901,1.001125,0.985100,1.003138,0.991893,0.993979,1.012048,1.007405,0.999806,1.046778,0.993417,1.017584,1.041099,1.031323,1.018293,1.027472,1.022270,1.010259,1.016860,1.014032,0.967809,0.921883,1.018928,1.006147,1.018505,1.056610,1.054004,1.022430,0.987268,1.041631
5.739370,1.035059,1.002899,0.991106,0.975803,0.985523,0.987925,0.981681,0.982139,1.028150,1.009854,1.001081,0.985055,1.003092,0.991849,0.993938,1.012009,1.007362,0.999763,1.046743,0.993379,1.017551,1.041071,1.031290,1.018255,1.027434,1.022218,1.010211,1.016791,1.013959,0.967757,0.921845,1.018873,1.006123,1.018461,1.056599,1.053963,1.022408,0.987189,1.041622
5.747700,1.035032,1.002853,0.991061,0.975760,0.985481,0.987883,0.981642,0.982101,1.028131,1.009807,1.001036,0.985010,1.003046,0.991804,0.993896,1.011969,1.007318,0.999718,1.046706,0.993341,1.017516,1.041043,1.031256,1.018216,1.027396,1.022165,1.010163,1.016722,1.013885,0.967704,0.921806,1.018818,1.006097,1.018417,1.056587,1.053920,1.022386,0.987109,1.041612
5.756030,1.035005,1.002807,0.991015,0.975716,0.985439,0.987841,0.981603,0.982063,1.028111,1.009759,1.000989,0.984963,1.002998,0.991758,0.993852,1.011927,1.007273,0.999673,1.046668,0.993301,1.017479,1.041013,1.031220,1.018176,1.027356,1.022111,1.010113,1.016651,1.013809,0.967650,0.921767,1.018761,1.006071,1.018371,1.056573,1.053876,1.022363,0.987028,1.041603
5.764360,1.034977,1.002760,0.990968,0.975671,0.985396,0.987797,0.981562,0.982024,1.028091,1.009710,1.000942,0.984915,1.002949,0.991711,0.993807,1.011884,1.007227,0.999626,1.046628,0.993259,1.017442,1.040981,1.031183,1.018134,1.027316,1.022055,1.010062,1.016579,1.013733,0.967596,0.921726,1.018703,1.006043,1.018323,1.056559,1.053831,1.022339,0.986946,1.041594
5.772690,1.034949,1.002712,0.990920,0.975624,0.985352,0.987753,0.981521,0.981984,1.028070,1.009660,1.000894,0.984866,1.002900,0.991663,0.993762,1.011840,1.007180,0.999578,1.046587,0.993217,1.017403,1.040949,1.031145,1.018091,1.027275,1.021999,1.010010,1.016506,1.013656,0.967541,0.921685,1.018645,1.006014,1.018275,1.056543,1.053784,1.022314,0.986863,1.041585
5.781020,1.034921,1.002663,0.990871,0.975577,0.985307,0.987708,0.981479,0.981944,1.028050,1.009609,1.000845,0.984816,1.002849,0.991614,0.993715,1.011795,1.007131,0.999530,1.046545,0.993173,1.017363,1.040915,1.031106,1.018047,1.027233,1.021941,1.009957,1.016432,1.013577,0.967486,0.921642,1.018586,1.005983,1.018225,1.056526,1.053736,1.022289,0.986779,1.041576
5.789350,1.034893,1.002614,0.990822,0.975529,0.985262,0.987662,0.981436,0.981902,1.028029,1.009557,1.000795,0.984766,1.002798,0.991563,0.993666,1.011749,1.007082,0.999480,1.046502,0.993128,1.017322,1.040880,1.031065,1.018001,1.027190,1.021883,1.009903,1.016357,1.013497,0.967430,0.921599,1.018526,1.005952,1.018173,1.056508,1.053687,1.022263,0.986693,1.041567
5.797680,1.034864,1.002564,0.990771,0.975480,0.985216,0.987615,0.981393,0.981860,1.028008,1.009504,1.000744,0.984714,1.002746,0.991512,0.993617,1.011701,1.007031,0.999429,1.046458,0.993081,1.017279,1.040843,1.031023,1.017954,1.027146,1.021824,1.009848,1.016281,1.013417,0.967374,0.921556,1.018465,1.005919,1.018121,1.056488,1.053636,1.022236,0.986607,1.041558
5.806010,1.034835,1.002513,0.990720,0.975430,0.985168,0.987567,0.981349,0.981818,1.027986,1.009451,1.000693,0.984662,1.002693,0.991460,0.993567,1.011652,1.006980,0.999378,1.046412,0.993034,1.017236,1.040806,1.030980,1.017907,1.027102,1.021764,1.009792,1.016205,1.013335,0.967317,0.921511,1.018404,1.005886,1.018067,1.056468,1.053584,1.022208,0.986520,1.041549
5.814340,1.034806,1.002462,0.990667,0.975380,0.985121,0.987519,0.981304,0.981774,1.027965,1.009397,1.000640,0.984609,1.002639,0.991408,0.993516,1.011602,1.006927,0.999325,1.046365,0.992985,1.017191,1.040767,1.030935,1.017858,1.027058,1.021702,1.009735,1.016127,1.013253,0.967259,0.921466,1.018342,1.005851,1.018013,1.056446,1.053532,1.022180,0.986432,1.041540
5.822670,1.034776,1.002410,0.990614,0.975328,0.985072,0.987470,0.981258,0.981730,1.027943,1.009342,1.000588,0.984555,1.002584,0.991354,0.993463,1.011551,1.006874,0.999272,1.046317,0.992936,1.017145,1.040727,1.030890,1.017808,1.027012,1.021640,1.009677,1.016048,1.013169,0.967201,0.921421,1.018280,1.005816,1.017957,1.056424,1.053478,1.022151,0.986343,1.041532
5.831000,1.034747,1.002357,0.990561,0.975276,0.985023,0.987421,0.981212,0.981686,1.027921,1.009286,1.000534,0.984501,1.002529,0.991299,0.993410,1.011500,1.006819,0.999217,1.046268,0.992885,1.017098,1.040686,1.030843,1.017757,1.026966,1.021578,1.009618,1.015968,1.013085,0.967143,0.921375,1.018217,1.005779,1.017900,1.056400,1.053423,1.022122,0.986253,1.041523
5.839330,1.034717,1.002304,0.990506,0.975224,0.984973,0.987371,0.981166,0.981641,1.027899,1.009230,1.000480,0.984446,1.002473,0.991244,0.993356,1.011447,1.006764,0.999162,1.046218,0.992833,1.017051,1.040644,1.030796,1.017705,1.026919,1.021514,1.009559,1.015887,1.012999,0.967085,0.921328,1.018154,1.005742,1.017841,1.056375,1.053367,1.022092,0.986162,1.041514
5.847660,1.034687,1.002250,0.990451,0.975170,0.984923,0.987320,0.981119,0.981595,1.027877,1.009173,1.000425,0.984390,1.002417,0.991188,0.993300,1.011393,1.006708,0.999106,1.046167,0.992780,1.017002,1.040601,1.030747,1.017652,1.026872,1.021450,1.009499,1.015806,1.012913,0.967025,0.921280,1.018090,1.005703,1.017782,1.056350,1.053309,1.022061,0.986070,1.041506
5.855990,1.034657,1.002196,0.990395,0.975116,0.984872,0.987269,0.981071,0.981549,1.027854,1.009116,1.000370,0.984334,1.002360,0.991132,0.993244,1.011338,1.006651,0.999050,1.046115,0.992726,1.016952,1.040558,1.030697,1.017598,1.026824,1.021384,1.009438,1.015723,1.012826,0.966966,0.921233,1.018027,1.005664,1.017722,1.056323,1.053251,1.022030,0.985978,1.041497
5.864320,1.034627,1.002141,0.990339,0.975061,0.984821,0.987217,0.981023,0.981503,1.027832,1.009058,1.000314,0.984277,1.002302,0.991075,0.993188,1.011283,1.006593,0.998992,1.046062,0.992671,1.016901,1.040513,1.030647,1.017543,1.026776,1.021319,1.009376,1.015640,1.012738,0.966906,0.921184,1.017962,1.005623,1.017661,1.056295,1.053192,1.021998,0.985884,1.041489
5.872650,1.034596,1.002086,0.990282,0.975006,0.984769,0.987165,0.980974,0.981456,1.027809,1.009000,1.000258,0.984220,1.002244,0.991017,0.993130,1.011226,1.006535,0.998934,1.046008,0.992615,1.016850,1.040467,1.030595,1.017487,1.026727,1.021252,1.009313,1.015556,1.012649,0.966846,0.921136,1.017898,1.005582,1.017599,1.056267,1.053132,1.021966,0.985790,1.041481
5.880980,1.034566,1.002031,0.990224,0.974950,0.984717,0.987112,0.980925,0.981409,1.027786,1.008941,1.000201,0.984163,1.002186,0.990959,0.993072,1.011169,1.006475,0.998875,1.045953,0.992558,1.016797,1.040420,1.030543,1.017430,1.026678,1.021185,1.009250,1.015472,1.012560,0.966786,0.921086,1.017833,1.005540,1.017535,1.056237,1.053071,1.021933,0.985695,1.041473
5.889310,1.034535,1.001975,0.990166,0.974894,0.984664,0.987059,0.980876,0.981361,1.027763,1.008882,1.000144,0.984105,1.002127,0.990900,0.993013,1.011111,1.006415,0.998816,1.045897,0.992501,1.016744,1.040373,1.030489,1.017373,1.026628,1.021117,1.009186,1.015386,1.012470,0.966726,0.921037,1.017769,1.005497,1.017471,1.056207,1.053010,1.021900,0.985600,1.041465
5.897640,1.034504,1.001918,0.990107,0.974837,0.984611,0.987006,0.980827,0.981313,1.027740,1.008823,1.000087,0.984046,1.002067,0.990841,0.992953,1.011052,1.006355,0.998756,1.045840,0.992442,1.016690,1.040324,1.030435,1.017315,1.026578,1.021049,1.009122,1.015300,1.012379,0.966665,0.920987,1.017704,1.005454,1.017407,1.056176,1.052947,1.021866,0.985504,1.041457
5.905970,1.034474,1.001862,0.990048,0.974780,0.984558,0.986953,0.980777,0.981265,1.027718,1.008763,1.000029,0.983988,1.002008,0.990781,0.992893,1.010993,1.006294,0.998696,1.045783,0.992383,1.016635,1.040275,1.030380,1.017256,1.026528,1.020980,1.009057,1.015214,1.012288,0.966605,0.920937,1.017640,1.005410,1.017341,1.056144,1.052884,1.021832,0.985407,1.041449
5.914300,1.034443,1.001805,0.989989,0.974722,0.984504,0.986899,0.980727,0.981217,1.027695,1.008703,0.999971,0.983929,1.001948,0.990721,0.992832,1.010933,1.006232,0.998635,1.045725,0.992323,1.016580,1.040225,1.030325,1.017196,1.026477,1.020910,1.008991,1.015126,1.012196,0.966544,0.920887,1.017575,1.005365,1.017274,1.056111,1.052820,1.021798,0.985310,1.041441
5.922630,1.034412,1.001747,0.989929,0.974664,0.984451,0.986845,0.980676,0.981168,1.027672,1.008643,0.999913,0.983870,1.001888,0.990661,0.992770,1.010872,1.006170,0.998573,1.045666,0.992262,1.016524,1.040175,1.030268,1.017136,1.026426,1.020840,1.008925,1.015039,1.012103,0.966483,0.920836,1.017511,1.005319,1.017207,1.056078,1.052755,1.021763,0.985212,1.041434
5.930960,1.034381,1.001690,0.989869,0.974606,0.984397,0.986790,0.980626,0.981119,1.027649,1.008583,0.999855,0.983811,1.001827,0.990600,0.992708,1.010811,1.006107,0.998511,1.045606,0.992201,1.016467,1.040123,1.030211,1.017075,1.026375,1.020770,1.008858,1.014950,1.012010,0.966422,0.920786,1.017446,1.005273,1.017139,1.056044,1.052689,1.021728,0.985113,1.041427
5.939290,1.034351,1.001632,0.989809,0.974548,0.984342,0.986736,0.980575,0.981070,1.027626,1.008523,0.999797,0.983751,1.001767,0.990539,0.992646,1.010749,1.006044,0.998449,1.045546,0.992139,1.016410,1.040072,1.030154,1.017014,1.026323,1.020699,1.008791,1.014861,1.011917,0.966361,0.920735,1.017382,1.005226,1.017071,1.056009,1.052623,1.021692,0.985014,1.041420
5.947620,1.034320,1.001575,0.989748,0.974489,0.984288,0.986681,0.980524,0.981021,1.027603,1.008462,0.999738,0.983692,1.001706,0.990478,0.992583,1.010687,1.005980,0.998386,1.045485,0.992076,1.016352,1.040019,1.030096,1.016952,1.026271,1.020628,1.008724,1.014772,1.011823,0.966300,0.920684,1.017318,1.005178,1.017001,1.055974,1.052557,1.021656,0.984915,1.041413
5.955950,1.034289,1.001517,0.989688,0.974430,0.984234,0.986627,0.980474,0.980972,1.027580,1.008402,0.999680,0.983632,1.001646,0.990417,0.992520,1.010624,1.005916,0.998323,1.045424,0.992013,1.016294,1.039966,1.030037,1.016890,1.026219,1.020557,1.008656,1.014682,1.011728,0.966239,0.920633,1.017255,1.005130,1.016932,1.055938,1.052490,1.021620,0.984815,1.041406
5.964280,1.034259,1.001459,0.989627,0.974371,0.984179,0.986572,0.980423,0.980923,1.027558,1.008342,0.999621,0.983573,1.001585,0.990356,0.992456,1.010561,1.005852,0.998260,1.045362,0.991949,1.016235,1.039913,1.029978,1.016827,1.026167,1.020485,1.008588,1.014592,1.011633,0.966179,0.920582,1.017192,1.005082,1.016861,1.055902,1.052422,1.021584,0.984715,1.041399
5.972610,1.034228,1.001401,0.989566,0.974312,0.984125,0.986517,0.980372,0.980874,1.027535,1.008281,0.999563,0.983513,1.001524,0.990294,0.992392,1.010497,1.005787,0.998197,1.045300,0.991885,1.016176,1.039859,1.029918,1.016764,1.026115,1.020413,1.008520,1.014502,1.011538,0.966118,0.920531,1.017129,1.005033,1.016790,1.055865,1.052354,1.021548,0.984614,1.041392
5.980940,1.034198,1.001343,0.989504,0.974253,0.984070,0.986463,0.980321,0.980824,1.027513,1.008221,0.999504,0.983454,1.001464,0.990233,0.992328,1.010433,1.005722,0.998133,1.045237,0.991820,1.016116,1.039805,1.029858,1.016700,1.026062,1.020341,1.008451,1.014411,1.011443,0.966058,0.920480,1.017067,1.004983,1.016719,1.055828,1.052286,1.021511,0.984513,1.041386
5.989270,1.034167,1.001285,0.989443,0.974194,0.984016,0.986408,0.980270,0.980775,1.027490,1.008161,0.999446,0.983394,1.001403,0.990171,0.992264,1.010369,1.005657,0.998069,1.045174,0.991755,1.016057,1.039750,1.029798,1.016636,1.026010,1.020268,1.008383,1.014320,1.011347,0.965998,0.920429,1.017005,1.004934,1.016647,1.055790,1.052217,1.021475,0.984412,1.041380
5.997600,1.034137,1.001227,0.989382,0.974135,0.983962,0.986354,0.980220,0.980726,1.027468,1.008101,0.999388,0.983335,1.001343,0.990110,0.992199,1.010305,1.005592,0.998005,1.045110,0.991689,1.015996,1.039695,1.029737,1.016572,1.025957,1.020195,1.008314,1.014229,1.011251,0.965938,0.920378,1.016944,1.004883,1.016575,1.055752,1.052148,1.021438,0.984310,1.041374
6.005930,1.034107,1.001169,0.989321,0.974076,0.983908,0.986300,0.980169,0.980678,1.027446,1.008042,0.999330,0.983276,1.001283,0.990048,0.992134,1.010240,1.005527,0.997941,1.045046,0.991623,1.015936,1.039639,1.029676,1.016508,1.025905,1.020123,1.008245,1.014138,1.011155,0.965878,0.920327,1.016883,1.004833,1.016503,1.055713,1.052078,1.021401,0.984209,1.041368
6.014260,1.034077,1.001111,0.989259,0.974017,0.983854,0.986245,0.980119,0.980629,1.027425,1.007982,0.999273,0.983218,1.001223,0.989987,0.992070,1.010176,1.005461,0.997877,1.044982,0.991557,1.015875,1.039584,1.029615,1.016443,1.025853,1.020050,1.008176,1.014046,1.011058,0.965819,0.920276,1.016823,1.004782,1.016430,1.055674,1.052009,1.021364,0.984107,1.041363
6.022590,1.034047,1.001053,0.989198,0.973958,0.983800,0.986191,0.980068,0.980580,1.027403,1.007923,0.999215,0.983159,1.001163,0.989926,0.992005,1.010111,1.005395,0.997813,1.044918,0.991490,1.015815,1.039528,1.029553,1.016378,1.025800,1.019977,1.008107,1.013955,1.010962,0.965760,0.920226,1.016763,1.004731,1.016357,1.055635,1.051939,1.021327,0.984005,1.041357
6.030920,1.034017,1.000996,0.989137,0.973899,0.983746,0.986138,0.980018,0.980532,1.027382,1.007865,0.999158,0.983101,1.001104,0.989865,0.991940,1.010046,1.005330,0.997749,1.044853,0.991423,1.015754,1.039472,1.029491,1.016313,1.025748,1.019904,1.008037,1.013863,1.010865,0.965701,0.920176,1.016705,1.004680,1.016283,1.055596,1.051869,1.021290,0.983902,1.041352
6.039250,1.033988,1.000938,0.989076,0.973841,0.983693,0.986084,0.979969,0.980484,1.027360,1.007806,0.999101,0.983043,1.001045,0.989804,0.991875,1.009981,1.005264,0.997685,1.044788,0.991356,1.015692,1.039416,1.029430,1.016248,1.025696,1.019831,1.007968,1.013771,1.010768,0.965643,0.920126,1.016647,1.004628,1.016210,1.055556,1.051799,1.021252,0.983800,1.041347
6.047580,1.033959,1.000881,0.989015,0.973783,0.983640,0.986031,0.979919,0.980436,1.027340,1.007748,0.999045,0.982985,1.000986,0.989743,0.991810,1.009915,1.005199,0.997621,1.044723,0.991289,1.015631,1.039359,1.029368,1.016183,1.025644,1.019759,1.007899,1.013679,1.010672,0.965585,0.920076,1.016589,1.004577,1.016136,1.055516,1.051729,1.021215,0.983698,1.041342
6.055910,1.033930,1.000824,0.988955,0.973725,0.983587,0.985978,0.979870,0.980389,1.027319,1.007691,0.998989,0.982928,1.000928,0.989683,0.991745,1.009850,1.005133,0.997558,1.044658,0.991222,1.015570,1.039303,1.029306,1.016118,1.025592,1.019686,1.007830,1.013587,1.010575,0.965528,0.920027,1.016533,1.004525,1.016062,1.055476,1.051659,1.021178,0.983595,1.041338
6.064240,1.033901,1.000768,0.988895,0.973667,0.983534,0.985926,0.979821,0.980341,1.027299,1.007634,0.998933,0.982871,1.000870,0.989623,0.991680,1.009785,1.005068,0.997494,1.044593,0.991155,1.015509,1.039246,1.029244,1.016053,1.025540,1.019613,1.007761,1.013496,1.010478,0.965471,0.919978,1.016477,1.004473,1.015989,1.055436,1.051589,1.021142,0.983493,1.041333
6.072570,1.033872,1.000712,0.988835,0.973609,0.983482,0.985874,0.979773,0.980294,1.027278,1.007577,0.998878,0.982815,1.000812,0.989563,0.991616,1.009720,1.005002,0.997431,1.044528,0.991087,1.015448,1.039190,1.029182,1.015988,1.025489,1.019541,1.007692,1.013404,1.010382,0.965415,0.919929,1.016422,1.004421,1.015915,1.055396,1.051519,1.021105,0.983391,1.041329
6.080900,1.033844,1.000656,0.988775,0.973552,0.983431,0.985822,0.979724,0.980248,1.027259,1.007521,0.998823,0.982759,1.000755,0.989504,0.991552,1.009655,1.004937,0.997367,1.044463,0.991020,1.015387,1.039134,1.029120,1.015923,1.025438,1.019469,1.007623,1.013312,1.010285,0.965359,0.919881,1.016368,1.004369,1.015841,1.055355,1.051449,1.021068,0.983289,1.041325
6.089230,1.033816,1.000600,0.988716,0.973495,0.983379,0.985770,0.979677,0.980202,1.027239,1.007465,0.998769,0.982704,1.000699,0.989445,0.991487,1.009591,1.004872,0.997304,1.044398,0.990952,1.015326,1.039077,1.029058,1.015858,1.025387,1.019396,1.007555,1.013221,1.010189,0.965304,0.919833,1.016315,1.004317,1.015767,1.055315,1.051379,1.021032,0.983186,1.041321
6.097560,1.033789,1.000545,0.988656,0.973439,0.983328,0.985720,0.979629,0.980156,1.027220,1.007410,0.998715,0.982649,1.000643,0.989386,0.991423,1.009526,1.004808,0.997242,1.044333,0.990885,1.015265,1.039021,1.028996,1.015793,1.025337,1.019325,1.007487,1.013130,1.010093,0.965249,0.919785,1.016262,1.004265,1.015693,1.055275,1.051309,1.020995,0.983085,1.041318
6.105890,1.033761,1.000490,0.988598,0.973383,0.983278,0.985669,0.979583,0.980111,1.027201,1.007356,0.998662,0.982594,1.000587,0.989328,0.991360,1.009462,1.004743,0.997179,1.044268,0.990818,1.015204,1.038965,1.028935,1.015729,1.025287,1.019253,1.007419,1.013039,1.009997,0.965195,0.919738,1.016211,1.004213,1.015619,1.055234,1.051240,1.020959,0.982983,1.041315
6.114220,1.033734,1.000436,0.988539,0.973327,0.983228,0.985619,0.979536,0.980066,1.027182,1.007302,0.998609,0.982541,1.000532,0.989271,0.991296,1.009398,1.004679,0.997117,1.044203,0.990750,1.015144,1.038909,1.028873,1.015664,1.025237,1.019182,1.007351,1.012948,1.009901,0.965142,0.919692,1.016160,1.004161,1.015546,1.055194,1.051170,1.020923,0.982881,1.041312
6.122550,1.033707,1.000382,0.988482,0.973272,0.983178,0.985570,0.979490,0.980021,1.027164,1.007249,0.998557,0.982487,1.000478,0.989213,0.991233,1.009334,1.004615,0.997055,1.044139,0.990683,1.015083,1.038853,1.028812,1.015600,1.025187,1.019111,1.007284,1.012858,1.009806,0.965089,0.919645,1.016111,1.004109,1.015472,1.055154,1.051101,1.020887,0.982780,1.041309
6.130880,1.033681,1.000329,0.988424,0.973217,0.983130,0.985521,0.979445,0.979978,1.027146,1.007196,0.998506,0.982435,1.000424,0.989157,0.991171,1.009270,1.004552,0.996994,1.044074,0.990616,1.015023,1.038797,1.028751,1.015536,1.025138,1.019040,1.007217,1.012767,1.009711,0.965037,0.919600,1.016062,1.004058,1.015399,1.055114,1.051033,1.020852,0.982679,1.041306
6.139210,1.033655,1.000276,0.988367,0.973163,0.983081,0.985473,0.979400,0.979934,1.027129,1.007144,0.998455,0.982383,1.000371,0.989101,0.991108,1.009207,1.004488,0.996933,1.044010,0.990550,1.014964,1.038742,1.028690,1.015473,1.025090,1.018970,1.007150,1.012678,1.009616,0.964986,0.919554,1.016014,1.004006,1.015326,1.055074,1.050964,1.020817,0.982578,1.041304
6.147540,1.033629,1.000224,0.988311,0.973109,0.983033,0.985425,0.979355,0.979891,1.027111,1.007093,0.998405,0.982331,1.000318,0.989045,0.991046,1.009144,1.004426,0.996872,1.043946,0.990483,1.014904,1.038686,1.028630,1.015410,1.025041,1.018900,1.007084,1.012588,1.009521,0.964936,0.919510,1.015967,1.003955,1.015253,1.055034,1.050896,1.020782,0.982478,1.041302
6.155870,1.033603,1.000172,0.988255,0.973056,0.982986,0.985377,0.979311,0.979849,1.027095,1.007042,0.998355,0.982281,1.000266,0.988990,0.990985,1.009082,1.004363,0.996812,1.043882,0.990417,1.014845,1.038631,1.028570,1.015347,1.024994,1.018831,1.007018,1.012499,1.009427,0.964886,0.919466,1.015921,1.003903,1.015181,1.054994,1.050828,1.020747,0.982377,1.041300
6.164200,1.033578,1.000121,0.988199,0.973004,0.982939,0.985331,0.979268,0.979807,1.027078,1.006992,0.998306,0.982230,1.000215,0.988936,0.990924,1.009020,1.004301,0.996753,1.043819,0.990351,1.014786,1.038577,1.028510,1.015284,1.024946,1.018762,1.006953,1.012410,1.009334,0.964837,0.919422,1.015876,1.003852,1.015109,1.054955,1.050761,1.020713,0.982278,1.041298
6.172530,1.033553,1.000070,0.988145,0.972952,0.982893,0.985285,0.979225,0.979766,1.027062,1.006943,0.998258,0.982181,1.000164,0.988882,0.990863,1.008958,1.004240,0.996694,1.043756,0.990285,1.014728,1.038523,1.028451,1.015222,1.024900,1.018693,1.006888,1.012322,1.009240,0.964789,0.919379,1.015832,1.003802,1.015037,1.054915,1.050694,1.020679,0.982178,1.041297
6.180860,1.033529,1.000020,0.988090,0.972900,0.982847,0.985239,0.979183,0.979725,1.027046,1.006894,0.998210,0.982132,1.000114,0.988828,0.990803,1.008897,1.004179,0.996635,1.043693,0.990220,1.014670,1.038469,1.028392,1.015160,1.024853,1.018625,1.006823,1.012234,1.009148,0.964742,0.919336,1.015790,1.003751,1.014965,1.054876,1.050628,1.020645,0.982079,1.041295
6.189190,1.033505,0.999970,0.988037,0.972849,0.982802,0.985194,0.979141,0.979685,1.027031,1.006846,0.998163,0.982084,1.000065,0.988776,0.990744,1.008836,1.004118,0.996577,1.043631,0.990155,1.014612,1.038415,1.028333,1.015099,1.024808,1.018558,1.006759,1.012147,1.009055,0.964696,0.919295,1.015747,1.003701,1.014894,1.054838,1.050562,1.020612,0.981981,1.041294
6.197520,1.033481,0.999922,0.987983,0.972799,0.982758,0.985150,0.979100,0.979645,1.027016,1.006799,0.998117,0.982037,1.000017,0.988724,0.990684,1.008775,1.004058,0.996519,1.043569,0.990091,1.014555,1.038362,1.028275,1.015038,1.024763,1.018491,1.006696,1.012060,1.008964,0.964650,0.919253,1.015706,1.003651,1.014824,1.054799,1.050496,1.020579,0.981883,1.041294
6.205850,1.033458,0.999873,0.987931,0.972749,0.982714,0.985106,0.979060,0.979606,1.027001,1.006753,0.998072,0.981990,0.999969,0.988672,0.990626,1.008715,1.003999,0.996462,1.043507,0.990026,1.014498,1.038309,1.028217,1.014978,1.024718,1.018424,1.006633,1.011974,1.008872,0.964605,0.919212,1.015666,1.003601,1.014753,1.054761,1.050431,1.020546,0.981785,1.041293
6.214180,1.033435,0.999826,0.987879,0.972700,0.982671,0.985063,0.979020,0.979567,1.026987,1.006707,0.998027,0.981944,0.999922,0.988622,0.990568,1.008656,1.003940,0.996406,1.043446,0.989963,1.014442,1.038257,1.028160,1.014918,1.024674,1.018358,1.006571,1.011888,1.008782,0.964562,0.919172,1.015627,1.003552,1.014684,1.054723,1.050367,1.020514,0.981688,1.041293
6.222510,1.033413,0.999779,0.987828,0.972652,0.982628,0.985021,0.978981,0.979530,1.026973,1.006662,0.997983,0.981899,0.999875,0.988572,0.990510,1.008597,1.003882,0.996350,1.043386,0.989899,1.014386,1.038205,1.028103,1.014859,1.024630,1.018293,1.006509,1.011803,1.008691,0.964519,0.919133,1.015589,1.003503,1.014614,1.054686,1.050303,1.020482,0.981592,1.041293
6.230840,1.033391,0.999733,0.987777,0.972604,0.982586,0.984979,0.978942,0.979492,1.026959,1.006618,0.997939,0.981854,0.999829,0.988522,0.990453,1.008539,1.003824,0.996295,1.043325,0.989836,1.014331,1.038154,1.028047,1.014800,1.024587,1.018228,1.006448,1.011718,1.008602,0.964477,0.919094,1.015552,1.003454,1.014546,1.054648,1.050240,1.020451,0.981496,1.041293
6.239170,1.033369,0.999687,0.987727,0.972557,0.982545,0.984938,0.978904,0.979456,1.026946,1.006574,0.997896,0.981810,0.999784,0.988474,0.990397,1.008481,1.003767,0.996240,1.043266,0.989774,1.014276,1.038103,1.027991,1.014742,1.024545,1.018164,1.006387,1.011634,1.008513,0.964436,0.919055,1.015515,1.003406,1.014477,1.054611,1.050177,1.020420,0.981400,1.041293
6.247500,1.033348,0.999642,0.987678,0.972511,0.982504,0.984898,0.978867,0.979420,1.026934,1.006532,0.997854,0.981767,0.999740,0.988426,0.990341,1.008424,1.003710,0.996186,1.043206,0.989712,1.014222,1.038053,1.027936,1.014684,1.024503,1.018101,1.006327,1.011551,1.008424,0.964395,0.919018,1.015480,1.003358,1.014410,1.054575,1.050115,1.020390,0.981306,1.041293
6.255830,1.033327,0.999598,0.987629,0.972465,0.982465,0.984858,0.978830,0.979384,1.026921,1.006490,0.997813,0.981725,0.999697,0.988378,0.990286,1.008367,1.003654,0.996133,1.043148,0.989651,1.014168,1.038003,1.027882,1.014627,1.024462,1.018038,1.006267,1.011468,1.008336,0.964356,0.918981,1.015445,1.003310,1.014342,1.054539,1.050054,1.020360,0.981211,1.041294
6.264160,1.033307,0.999555,0.987581,0.972420,0.982425,0.984819,0.978794,0.979349,1.026909,1.006449,0.997772,0.981683,0.999654,0.988332,0.990232,1.008311,1.003599,0.996080,1.043090,0.989590,1.014115,1.037953,1.027828,1.014571,1.024422,1.017976,1.006209,1.011386,1.008249,0.964318,0.918944,1.015411,1.003263,1.014276,1.054503,1.049993,1.020331,0.981118,1.041295
6.272490,1.033287,0.999512,0.987534,0.972375,0.982387,0.984781,0.978758,0.979315,1.026898,1.006408,0.997733,0.981642,0.999612,0.988286,0.990178,1.008256,1.003544,0.996028,1.043032,0.989529,1.014063,1.037905,1.027774,1.014515,1.024382,1.017914,1.006151,1.011304,1.008163,0.964280,0.918908,1.015379,1.003217,1.014210,1.054468,1.049933,1.020302,0.981025,1.041296
6.280820,1.033267,0.999470,0.987487,0.972332,0.982349,0.984743,0.978723,0.979281,1.026886,1.006368,0.997693,0.981602,0.999570,0.988240,0.990125,1.008201,1.003490,0.995977,1.042975,0.989470,1.014011,1.037856,1.027722,1.014459,1.024343,1.017853,1.006093,1.011224,1.008077,0.964244,0.918873,1.015347,1.003170,1.014144,1.054433,1.049874,1.020273,0.980932,1.041298
6.289150,1.033248,0.999429,0.987442,0.972289,0.982311,0.984706,0.978689,0.979248,1.026875,1.006329,0.997655,0.981562,0.999530,0.988196,0.990072,1.008147,1.003436,0.995926,1.042918,0.989410,1.013960,1.037809,1.027669,1.014405,1.024304,1.017793,1.006036,1.011144,1.007992,0.964208,0.918838,1.015316,1.003125,1.014080,1.054399,1.049815,1.020245,0.980841,1.041299
6.297480,1.033229,0.999388,0.987396,0.972246,0.982275,0.984670,0.978655,0.979216,1.026865,1.006291,0.997617,0.981523,0.999490,0.988152,0.990021,1.008094,1.003384,0.995876,1.042862,0.989352,1.013909,1.037762,1.027618,1.014351,1.024266,1.017733,1.005980,1.011064,1.007908,0.964174,0.918804,1.015285,1.003079,1.014016,1.054365,1.049757,1.020217,0.980750,1.041301
6.305810,1.033211,0.999348,0.987352,0.972204,0.982239,0.984634,0.978622,0.979184,1.026855,1.006253,0.997580,0.981485,0.999451,0.988109,0.989969,1.008041,1.003332,0.995827,1.042807,0.989294,1.013859,1.037715,1.027567,1.014297,1.024229,1.017674,1.005925,1.010985,1.007824,0.964140,0.918771,1.015256,1.003034,1.013952,1.054331,1.049700,1.020190,0.980659,1.041303
6.314140,1.033193,0.999309,0.987308,0.972163,0.982203,0.984599,0.978590,0.979153,1.026845,1.006217,0.997544,0.981448,0.999412,0.988066,0.989919,1.007989,1.003280,0.995778,1.042752,0.989236,1.013809,1.037669,1.027516,1.014244,1.024193,1.017616,1.005870,1.010907,1.007741,0.964107,0.918738,1.015227,1.002990,1.013889,1.054298,1.049643,1.020164,0.980570,1.041305
6.322470,1.033176,0.999271,0.987265,0.972123,0.982168,0.984564,0.978558,0.979122,1.026835,1.006180,0.997508,0.981411,0.999374,0.988025,0.989869,1.007937,1.003229,0.995730,1.042698,0.989179,1.013761,1.037624,1.027467,1.014192,1.024157,1.017558,1.005816,1.010830,1.007659,0.964076,0.918706,1.015200,1.002946,1.013827,1.054266,1.049587,1.020138,0.980481,1.041308
6.330800,1.033159,0.999233,0.987223,0.972083,0.982134,0.984530,0.978527,0.979092,1.026826,1.006145,0.997473,0.981375,0.999337,0.987983,0.989820,1.007886,1.003179,0.995683,1.042645,0.989123,1.013712,1.037579,1.027418,1.014141,1.024121,1.017502,1.005762,1.010753,1.007577,0.964045,0.918674,1.015173,1.002903,1.013765,1.054234,1.049532,1.020112,0.980392,1.041310
6.339130,1.033142,0.999196,0.987181,0.972044,0.982101,0.984497,0.978496,0.979063,1.026818,1.006110,0.997439,0.981340,0.999301,0.987943,0.989771,1.007836,1.003130,0.995636,1.042592,0.989067,1.013665,1.037535,1.027369,1.014090,1.024087,1.017446,1.005709,1.010678,1.007496,0.964015,0.918643,1.015146,1.002860,1.013704,1.054202,1.049477,1.020087,0.980305,1.041313
6.347460,1.033126,0.999160,0.987141,0.972006,0.982068,0.984465,0.978466,0.979034,1.026809,1.006076,0.997405,0.981305,0.999265,0.987903,0.989723,1.007786,1.003081,0.995591,1.042539,0.989012,1.013618,1.037491,1.027322,1.014040,1.024053,1.017390,1.005657,1.010602,1.007416,0.963986,0.918613,1.015121,1.002817,1.013644,1.054171,1.049424,1.020063,0.980218,1.041316
6.355790,1.033110,0.999125,0.987100,0.971968,0.982036,0.984433,0.978436,0.979005,1.026801,1.006043,0.997372,0.981271,0.999230,0.987864,0.989676,1.007737,1.003033,0.995545,1.042488,0.988958,1.013572,1.037448,1.027274,1.013990,1.024020,1.017335,1.005606,1.010528,1.007337,0.963958,0.918583,1.015096,1.002775,1.013585,1.054140,1.049371,1.020039,0.980132,1.041319
6.364120,1.033095,0.999090,0.987061,0.971931,0.982004,0.984401,0.978408,0.978978,1.026793,1.006010,0.997340,0.981238,0.999196,0.987826,0.989630,1.007689,1.002986,0.995501,1.042437,0.988904,1.013526,1.037406,1.027228,1.013942,1.023987,1.017281,1.005555,1.010455,1.007258,0.963932,0.918554,1.015072,1.002734,1.013526,1.054110,1.049319,1.020015,0.980047,1.041322
6.372450,1.033080,0.999057,0.987022,0.971895,0.981973,0.984371,0.978379,0.978951,1.026786,1.005978,0.997308,0.981205,0.999162,0.987788,0.989584,1.007642,1.002939,0.995457,1.042386,0.988851,1.013481,1.037364,1.027182,1.013894,1.023955,1.017228,1.005505,1.010382,1.007181,0.963906,0.918525,1.015048,1.002693,1.013468,1.054080,1.049267,1.019992,0.979962,1.041326
6.380780,1.033066,0.999024,0.986984,0.971859,0.981943,0.984341,0.978352,0.978924,1.026779,1.005947,0.997277,0.981173,0.999129,0.987751,0.989539,1.007595,1.002894,0.995414,1.042337,0.988798,1.013437,1.037323,1.027137,1.013846,1.023924,1.017176,1.005456,1.010310,1.007104,0.963881,0.918497,1.015025,1.002652,1.013410,1.054051,1.049216,1.019970,0.979878,1.041329
6.389110,1.033051,0.998991,0.986947,0.971824,0.981913,0.984311,0.978325,0.978898,1.026772,1.005916,0.997247,0.981142,0.999097,0.987715,0.989494,1.007549,1.002848,0.995372,1.042288,0.988746,1.013393,1.037283,1.027093,1.013799,1.023894,1.017124,1.005408,1.010238,1.007027,0.963856,0.918470,1.015003,1.002612,1.013354,1.054023,1.049166,1.019948,0.979795,1.041333
6.397440,1.033038,0.998960,0.986910,0.971790,0.981884,0.984282,0.978298,0.978873,1.026766,1.005886,0.997217,0.981111,0.999065,0.987679,0.989451,1.007503,1.002804,0.995330,1.042239,0.988695,1.013350,1.037243,1.027049,1.013753,1.023864,1.017073,1.005360,1.010168,1.006952,0.963833,0.918443,1.014982,1.002573,1.013298,1.053994,1.049117,1.019926,0.979713,1.041337
6.405770,1.033025,0.998929,0.986875,0.971757,0.981856,0.984254,0.978272,0.978848,1.026759,1.005857,0.997188,0.981081,0.999034,0.987644,0.989408,1.007458,1.002760,0.995289,1.042191,0.988645,1.013308,1.037204,1.027006,1.013708,1.023834,1.017023,1.005313,1.010098,1.006877,0.963811,0.918416,1.014961,1.002534,1.013242,1.053967,1.049069,1.019906,0.979631,1.041341
6.414100,1.033012,0.998899,0.986840,0.971724,0.981828,0.984227,0.978247,0.978823,1.026754,1.005828,0.997160,0.981051,0.999004,0.987610,0.989365,1.007414,1.002717,0.995249,1.042144,0.988595,1.013266,1.037166,1.026964,1.013663,1.023806,1.016973,1.005267,1.010029,1.006804,0.963790,0.918390,1.014941,1.002495,1.013188,1.053940,1.049021,1.019885,0.979551,1.041345
6.422430,1.033000,0.998869,0.986805,0.971691,0.981800,0.984200,0.978222,0.978800,1.026748,1.005800,0.997132,0.981023,0.998974,0.987577,0.989324,1.007371,1.002675,0.995210,1.042098,0.988546,1.013225,1.037128,1.026922,1.013619,1.023778,1.016924,1.005221,1.009961,1.006730,0.963770,0.918365,1.014921,1.002457,1.013134,1.053913,1.048974,1.019866,0.979471,1.041350
6.430760,1.032988,0.998841,0.986771,0.971659,0.981774,0.984173,0.978198,0.978776,1.026743,1.005772,0.997104,0.980994,0.998945,0.987544,0.989283,1.007328,1.002633,0.995171,1.042052,0.988497,1.013185,1.037091,1.026881,1.013576,1.023751,1.016876,1.005176,1.009894,1.006658,0.963750,0.918340,1.014902,1.002420,1.013081,1.053887,1.048928,1.019846,0.979391,1.041354
6.439090,1.032976,0.998813,0.986738,0.971628,0.981748,0.984147,0.978174,0.978754,1.026738,1.005746,0.997078,0.980967,0.998916,0.987511,0.989242,1.007286,1.002592,0.995133,1.042007,0.988449,1.013145,1.037054,1.026841,1.013533,1.023724,1.016829,1.005132,1.009827,1.006587,0.963732,0.918316,1.014883,1.002383,1.013028,1.053861,1.048882,1.019828,0.979313,1.041359
6.447420,1.032965,0.998786,0.986706,0.971598,0.981722,0.984122,0.978151,0.978731,1.026733,1.005719,0.997052,0.980940,0.998889,0.987479,0.989203,1.007245,1.002552,0.995095,1.041962,0.988402,1.013106,1.037018,1.026801,1.013492,1.023698,1.016782,1.005088,1.009761,1.006516,0.963714,0.918293,1.014865,1.002347,1.012977,1.053836,1.048837,1.019809,0.979235,1.041364
6.455750,1.032955,0.998760,0.986675,0.971568,0.981697,0.984097,0.978128,0.978710,1.026729,1.005694,0.997026,0.980913,0.998861,0.987448,0.989164,1.007204,1.002512,0.995059,1.041918,0.988356,1.013068,1.036983,1.026762,1.013450,1.023673,1.016736,1.005046,1.009696,1.006446,0.963698,0.918270,1.014848,1.002311,1.012926,1.053812,1.048793,1.019792,0.979158,1.041369
6.464080,1.032944,0.998734,0.986644,0.971539,0.981673,0.984073,0.978106,0.978688,1.026724,1.005668,0.997001,0.980888,0.998835,0.987418,0.989126,1.007164,1.002474,0.995023,1.041875,0.988310,1.013030,1.036948,1.026724,1.013410,1.023649,1.016691,1.005003,1.009632,1.006377,0.963682,0.918247,1.014831,1.002276,1.012875,1.053788,1.048750,1.019775,0.979082,1.041374
6.472410,1.032935,0.998709,0.986614,0.971510,0.981649,0.984049,0.978085,0.978668,1.026720,1.005644,0.996977,0.980862,0.998808,0.987388,0.989088,1.007125,1.002435,0.994988,1.041833,0.988265,1.012993,1.036914,1.026686,1.013370,1.023625,1.016646,1.004962,1.009569,1.006309,0.963667,0.918225,1.014814,1.002241,1.012826,1.053764,1.048708,1.019758,0.979007,1.041379
6.480740,1.032925,0.998685,0.986584,0.971483,0.981625,0.984026,0.978063,0.978648,1.026717,1.005620,0.996953,0.980838,0.998783,0.987359,0.989051,1.007087,1.002398,0.994953,1.041791,0.988220,1.012957,1.036881,1.026650,1.013331,1.023602,1.016603,1.004922,1.009506,1.006242,0.963653,0.918203,1.014798,1.002207,1.012777,1.053741,1.048666,1.019742,0.978933,1.041384
6.489070,1.032916,0.998662,0.986555,0.971455,0.981603,0.984004,0.978043,0.978628,1.026713,1.005597,0.996930,0.980814,0.998758,0.987331,0.989015,1.007049,1.002361,0.994919,1.041750,0.988177,1.012921,1.036848,1.026613,1.013293,1.023579,1.016560,1.004882,1.009444,1.006175,0.963640,0.918182,1.014783,1.002173,1.012729,1.053719,1.048625,1.019727,0.978859,1.041390
6.497400,1.032908,0.998639,0.986527,0.971429,0.981580,0.983982,0.978023,0.978609,1.026710,1.005574,0.996907,0.980790,0.998734,0.987303,0.988980,1.007012,1.002325,0.994886,1.041709,0.988133,1.012886,1.036816,1.026578,1.013255,1.023557,1.016517,1.004842,1.009383,1.006109,0.963628,0.918162,1.014768,1.002140,1.012682,1.053697,1.048585,1.019712,0.978786,1.041395
6.505730,1.032900,0.998617,0.986500,0.971403,0.981559,0.983960,0.978003,0.978590,1.026707,1.005551,0.996885,0.980767,0.998710,0.987275,0.988945,1.006975,1.002290,0.994854,1.041669,0.988091,1.012852,1.036784,1.026543,1.013218,1.023536,1.016476,1.004804,1.009323,1.006044,0.963617,0.918142,1.014753,1.002107,1.012635,1.053675,1.048545,1.019697,0.978714,1.041401
6.514060,1.032892,0.998596,0.986473,0.971377,0.981538,0.983940,0.977984,0.978572,1.026705,1.005530,0.996864,0.980745,0.998687,0.987249,0.988911,1.006940,1.002255,0.994822,1.041630,0.988049,1.012818,1.036754,1.026509,1.013182,1.023515,1.016435,1.004766,1.009264,1.005980,0.963607,0.918122,1.014739,1.002075,1.012589,1.053654,1.048506,1.019683,0.978643,1.041407
6.522390,1.032884,0.998576,0.986447,0.971352,0.981517,0.983919,0.977966,0.978554,1.026702,1.005509,0.996843,0.980723,0.998664,0.987223,0.988877,1.006905,1.002222,0.994791,1.041592,0.988008,1.012785,1.036724,1.026476,1.013146,1.023495,1.016395,1.004729,1.009205,1.005917,0.963597,0.918103,1.014726,1.002043,1.012544,1.053634,1.048468,1.019670,0.978572,1.041413
6.530720,1.032878,0.998556,0.986422,0.971328,0.981497,0.983899,0.977948,0.978537,1.026700,1.005488,0.996822,0.980702,0.998642,0.987197,0.988845,1.006870,1.002188,0.994761,1.041554,0.987968,1.012753,1.036694,1.026443,1.013111,1.023476,1.016356,1.004693,1.009147,1.005854,0.963589,0.918085,1.014713,1.002012,1.012500,1.053614,1.048431,1.019657,0.978503,1.041419
6.539050,1.032871,0.998537,0.986398,0.971304,0.981477,0.983880,0.977930,0.978520,1.026698,1.005468,0.996803,0.980681,0.998621,0.987172,0.988813,1.006837,1.002156,0.994731,1.041517,0.987928,1.012722,1.036665,1.026411,1.013077,1.023458,1.016317,1.004657,1.009091,1.005793,0.963581,0.918067,1.014700,1.001982,1.012456,1.053594,1.048394,1.019645,0.978434,1.041425
6.547380,1.032865,0.998519,0.986374,0.971281,0.981458,0.983861,0.977913,0.978504,1.026696,1.005448,0.996783,0.980661,0.998600,0.987148,0.988781,1.006804,1.002124,0.994702,1.041481,0.987889,1.012691,1.036637,1.026379,1.013044,1.023440,1.016279,1.004623,1.009034,1.005732,0.963574,0.918049,1.014688,1.001952,1.012413,1.053575,1.048358,1.019633,0.978366,1.041431
6.555710,1.032859,0.998501,0.986351,0.971259,0.981440,0.983843,0.977897,0.978488,1.026695,1.005429,0.996764,0.980642,0.998580,0.987125,0.988751,1.006772,1.002093,0.994674,1.041445,0.987851,1.012661,1.036609,1.026349,1.013011,1.023422,1.016242,1.004588,1.008979,1.005672,0.963568,0.918032,1.014676,1.001922,1.012371,1.053557,1.048323,1.019622,0.978299,1.041438
6.564040,1.032854,0.998485,0.986328,0.971237,0.981422,0.983826,0.977881,0.978473,1.026694,1.005411,0.996746,0.980623,0.998560,0.987102,0.988721,1.006740,1.002063,0.994647,1.041410,0.987813,1.012631,1.036583,1.026319,1.012979,1.023406,1.016206,1.004555,1.008925,1.005613,0.963563,0.918016,1.014665,1.001893,1.012330,1.053539,1.048289,1.019611,0.978232,1.041444
6.572370,1.032849,0.998469,0.986306,0.971216,0.981405,0.983808,0.977865,0.978458,1.026693,1.005393,0.996729,0.980604,0.998541,0.987079,0.988692,1.006709,1.002033,0.994620,1.041375,0.987776,1.012602,1.036556,1.026289,1.012948,1.023390,1.016170,1.004522,1.008871,1.005554,0.963559,0.918000,1.014654,1.001865,1.012289,1.053522,1.048255,1.019601,0.978167,1.041450
6.580700,1.032845,0.998453,0.986285,0.971196,0.981388,0.983792,0.977850,0.978444,1.026692,1.005376,0.996711,0.980586,0.998522,0.987058,0.988663,1.006679,1.002005,0.994594,1.041342,0.987740,1.012574,1.036531,1.026261,1.012917,1.023374,1.016135,1.004490,1.008818,1.005497,0.963556,0.917984,1.014643,1.001837,1.012249,1.053505,1.048222,1.019591,0.978102,1.041457
6.589030,1.032841,0.998439,0.986265,0.971176,0.981372,0.983776,0.977836,0.978430,1.026691,1.005359,0.996695,0.980569,0.998504,0.987036,0.988635,1.006650,1.001976,0.994569,1.041309,0.987704,1.012547,1.036506,1.026233,1.012887,1.023359,1.016101,1.004459,1.008766,1.005440,0.963553,0.917969,1.014633,1.001810,1.012210,1.053489,1.048189,1.019582,0.978038,1.041464
6.597360,1.032837,0.998425,0.986245,0.971156,0.981356,0.983760,0.977822,0.978417,1.026691,1.005343,0.996679,0.980552,0.998487,0.987016,0.988608,1.006621,1.001949,0.994544,1.041276,0.987670,1.012520,1.036482,1.026206,1.012858,1.023345,1.016068,1.004429,1.008715,1.005384,0.963551,0.917955,1.014624,1.001783,1.012171,1.053473,1.048158,1.019573,0.977975,1.041471
6.605690,1.032834,0.998412,0.986226,0.971138,0.981341,0.983745,0.977808,0.978404,1.026691,1.005327,0.996663,0.980536,0.998470,0.986996,0.988581,1.006593,1.001922,0.994520,1.041245,0.987636,1.012494,1.036458,1.026179,1.012830,1.023332,1.016035,1.004399,1.008664,1.005329,0.963551,0.917941,1.014615,1.001757,1.012134,1.053458,1.048127,1.019565,0.977913,1.041477
6.614020,1.032831,0.998400,0.986208,0.971120,0.981326,0.983731,0.977795,0.978392,1.026691,1.005312,0.996648,0.980520,0.998453,0.986977,0.988556,1.006566,1.001896,0.994497,1.041214,0.987602,1.012469,1.036435,1.026153,1.012802,1.023319,1.016003,1.004370,1.008615,1.005275,0.963551,0.917927,1.014606,1.001731,1.012097,1.053443,1.048097,1.019558,0.977852,1.041484
6.622350,1.032829,0.998388,0.986190,0.971102,0.981312,0.983717,0.977782,0.978380,1.026691,1.005298,0.996634,0.980505,0.998438,0.986958,0.988531,1.006540,1.001871,0.994475,1.041184,0.987569,1.012444,1.036413,1.026128,1.012775,1.023307,1.015972,1.004342,1.008566,1.005222,0.963552,0.917914,1.014598,1.001706,1.012060,1.053429,1.048067,1.019551,0.977791,1.041491
6.630680,1.032827,0.998377,0.986174,0.971085,0.981298,0.983703,0.977770,0.978368,1.026691,1.005284,0.996620,0.980491,0.998422,0.986940,0.988506,1.006514,1.001847,0.994453,1.041154,0.987537,1.012420,1.036391,1.026104,1.012749,1.023295,1.015942,1.004314,1.008518,1.005169,0.963553,0.917902,1.014590,1.001682,1.012025,1.053416,1.048039,1.019544,0.977731,1.041498
6.639010,1.032825,0.998367,0.986157,0.971069,0.981285,0.983691,0.977759,0.978357,1.026692,1.005270,0.996607,0.980477,0.998408,0.986923,0.988483,1.006489,1.001823,0.994432,1.041126,0.987506,1.012397,1.036370,1.026080,1.012723,1.023285,1.015912,1.004287,1.008471,1.005118,0.963556,0.917890,1.014583,1.001658,1.011990,1.053403,1.048011,1.019539,0.977672,1.041506
6.647340,1.032824,0.998358,0.986142,0.971054,0.981273,0.983678,0.977748,0.978347,1.026693,1.005257,0.996594,0.980464,0.998394,0.986906,0.988460,1.006465,1.001800,0.994412,1.041097,0.987476,1.012375,1.036350,1.026057,1.012699,1.023275,1.015883,1.004261,1.008424,1.005067,0.963559,0.917878,1.014576,1.001634,1.011956,1.053390,1.047984,1.019533,0.977614,1.041513
6.655670,1.032823,0.998349,0.986127,0.971039,0.981261,0.983667,0.977737,0.978337,1.026694,1.005245,0.996582,0.980451,0.998381,0.986890,0.988438,1.006442,1.001778,0.994393,1.041070,0.987446,1.012353,1.036331,1.026035,1.012675,1.023265,1.015855,1.004236,1.008379,1.005017,0.963564,0.917867,1.014570,1.001611,1.011923,1.053378,1.047957,1.019528,0.977557,1.041520
6.664000,1.032823,0.998341,0.986113,0.971024,0.981250,0.983655,0.977727,0.978328,1.026695,1.005234,0.996570,0.980439,0.998368,0.986875,0.988417,1.006419,1.001756,0.994374,1.041044,0.987417,1.012332,1.036312,1.026013,1.012651,1.023256,1.015828,1.004211,1.008334,1.004968,0.963569,0.917857,1.014564,1.001589,1.011890,1.053367,1.047931,1.019524,0.977501,1.041528
6.672330,1.032823,0.998334,0.986100,0.971011,0.981239,0.983645,0.977718,0.978319,1.026697,1.005223,0.996560,0.980427,0.998356,0.986860,0.988396,1.006397,1.001735,0.994356,1.041018,0.987388,1.012312,1.036294,1.025993,1.012629,1.023248,1.015801,1.004188,1.008291,1.004920,0.963575,0.917847,1.014559,1.001568,1.011859,1.053356,1.047906,1.019521,0.977445,1.041535
6.680660,1.032824,0.998328,0.986088,0.970998,0.981229,0.983635,0.977709,0.978310,1.026698,1.005212,0.996549,0.980416,0.998344,0.986846,0.988376,1.006376,1.001715,0.994339,1.040993,0.987361,1.012292,1.036276,1.025973,1.012607,1.023240,1.015776,1.004165,1.008248,1.004872,0.963581,0.917838,1.014554,1.001546,1.011828,1.053346,1.047882,1.019517,0.977391,1.041542
6.688990,1.032824,0.998322,0.986076,0.970986,0.981219,0.983625,0.977701,0.978302,1.026700,1.005202,0.996539,0.980406,0.998333,0.986833,0.988357,1.006355,1.001696,0.994322,1.040968,0.987334,1.012274,1.036260,1.025953,1.012586,1.023234,1.015751,1.004142,1.008206,1.004826,0.963589,0.917829,1.014550,1.001526,1.011798,1.053336,1.047859,1.019515,0.977337,1.041550
6.697320,1.032826,0.998317,0.986065,0.970974,0.981210,0.983616,0.977693,0.978295,1.026702,1.005193,0.996530,0.980396,0.998323,0.986820,0.988339,1.006336,1.001678,0.994307,1.040945,0.987308,1.012256,1.036244,1.025935,1.012566,1.023227,1.015727,1.004121,1.008165,1.004780,0.963598,0.917820,1.014546,1.001506,1.011768,1.053327,1.047836,1.019513,0.977284,1.041558
6.705650,1.032827,0.998313,0.986055,0.970963,0.981201,0.983608,0.977685,0.978288,1.026705,1.005184,0.996522,0.980387,0.998314,0.986808,0.988321,1.006317,1.001660,0.994292,1.040922,0.987282,1.012238,1.036228,1.025917,1.012547,1.023222,1.015703,1.004100,1.008125,1.004735,0.963607,0.917813,1.014543,1.001487,1.011740,1.053319,1.047814,1.019512,0.977232,1.041565
6.713980,1.032830,0.998310,0.986045,0.970953,0.981194,0.983600,0.977679,0.978282,1.026707,1.005176,0.996514,0.980379,0.998305,0.986797,0.988304,1.006299,1.001643,0.994278,1.040900,0.987258,1.012222,1.036214,1.025900,1.012529,1.023217,1.015681,1.004080,1.008085,1.004692,0.963617,0.917806,1.014540,1.001468,1.011712,1.053311,1.047792,1.019511,0.977181,1.041573
6.722310,1.032832,0.998307,0.986036,0.970943,0.981186,0.983593,0.977673,0.978276,1.026710,1.005169,0.996507,0.980371,0.998296,0.986787,0.988288,1.006282,1.001627,0.994264,1.040879,0.987234,1.012206,1.036200,1.025884,1.012511,1.023213,1.015659,1.004061,1.008047,1.004649,0.963628,0.917799,1.014538,1.001450,1.011685,1.053303,1.047772,1.019511,0.977131,1.041581
6.730640,1.032835,0.998306,0.986029,0.970934,0.981180,0.983587,0.977667,0.978271,1.026713,1.005162,0.996500,0.980364,0.998289,0.986777,0.988273,1.006265,1.001612,0.994252,1.040858,0.987211,1.012191,1.036187,1.025868,1.012494,1.023210,1.015638,1.004043,1.008009,1.004607,0.963640,0.917793,1.014537,1.001433,1.011659,1.053297,1.047752,1.019511,0.977081,1.041589
6.738970,1.032839,0.998305,0.986021,0.970926,0.981174,0.983581,0.977662,0.978266,1.026716,1.005156,0.996494,0.980357,0.998282,0.986768,0.988259,1.006250,1.001598,0.994240,1.040838,0.987188,1.012177,1.036175,1.025854,1.012478,1.023207,1.015618,1.004026,1.007972,1.004566,0.963653,0.917787,1.014536,1.001416,1.011633,1.053291,1.047733,1.019512,0.977033,1.041597
6.747300,1.032843,0.998304,0.986015,0.970919,0.981168,0.983576,0.977657,0.978262,1.026720,1.005151,0.996489,0.980352,0.998276,0.986759,0.988245,1.006235,1.001584,0.994229,1.040819,0.987167,1.012164,1.036163,1.025840,1.012463,1.023205,1.015598,1.004009,1.007937,1.004526,0.963667,0.917783,1.014535,1.001400,1.011609,1.053285,1.047715,1.019513,0.976985,1.041605
6.755630,1.032847,0.998305,0.986009,0.970912,0.981164,0.983571,0.977654,0.978259,1.026724,1.005146,0.996484,0.980346,0.998270,0.986752,0.988233,1.006221,1.001571,0.994219,1.040801,0.987146,1.012151,1.036153,1.025827,1.012448,1.023204,1.015580,1.003993,1.007902,1.004486,0.963681,0.917778,1.014536,1.001385,1.011585,1.053280,1.047698,1.019515,0.976939,1.041613
6.763960,1.032851,0.998307,0.986005,0.970906,0.981160,0.983567,0.977650,0.978256,1.026728,1.005143,0.996480,0.980342,0.998265,0.986745,0.988221,1.006208,1.001560,0.994210,1.040784,0.987126,1.012140,1.036143,1.025815,1.012435,1.023203,1.015562,1.003978,1.007868,1.004448,0.963697,0.917775,1.014537,1.001370,1.011562,1.053276,1.047681,1.019518,0.976893,1.041621
6.772290,1.032857,0.998309,0.986001,0.970901,0.981156,0.983564,0.977648,0.978253,1.026732,1.005139,0.996477,0.980338,0.998261,0.986739,0.988210,1.006196,1.001549,0.994201,1.040768,0.987107,1.012129,1.036133,1.025803,1.012422,1.023203,1.015545,1.003964,1.007835,1.004411,0.963713,0.917772,1.014538,1.001356,1.011540,1.053273,1.047665,1.019521,0.976848,1.041629
6.780620,1.032862,0.998312,0.985997,0.970896,0.981154,0.983562,0.977646,0.978252,1.026736,1.005137,0.996474,0.980335,0.998258,0.986733,0.988199,1.006184,1.001538,0.994194,1.040752,0.987089,1.012119,1.036125,1.025792,1.012410,1.023204,1.015529,1.003951,1.007803,1.004374,0.963730,0.917769,1.014540,1.001342,1.011519,1.053270,1.047650,1.019525,0.976804,1.041637
6.788950,1.032868,0.998316,0.985995,0.970892,0.981151,0.983560,0.977644,0.978250,1.026741,1.005135,0.996472,0.980333,0.998255,0.986729,0.988190,1.006174,1.001529,0.994187,1.040737,0.987071,1.012110,1.036117,1.025783,1.012399,1.023206,1.015514,1.003938,1.007771,1.004339,0.963748,0.917767,1.014543,1.001329,1.011499,1.053268,1.047636,1.019530,0.976761,1.041645
6.797280,1.032875,0.998320,0.985994,0.970889,0.981150,0.983558,0.977643,0.978250,1.026746,1.005134,0.996471,0.980332,0.998253,0.986725,0.988182,1.006164,1.001520,0.994181,1.040723,0.987055,1.012102,1.036111,1.025774,1.012389,1.023208,1.015500,1.003927,1.007741,1.004304,0.963767,0.917766,1.014547,1.001317,1.011479,1.053266,1.047622,1.019535,0.976719,1.041653
6.805610,1.032881,0.998326,0.985993,0.970887,0.981149,0.983558,0.977643,0.978250,1.026751,1.005133,0.996471,0.980331,0.998252,0.986722,0.988174,1.006155,1.001513,0.994176,1.040710,0.987039,1.012094,1.036105,1.025766,1.012380,1.023211,1.015486,1.003916,1.007712,1.004271,0.963787,0.917766,1.014551,1.001306,1.011461,1.053265,1.047610,1.019541,0.976678,1.041662
6.813940,1.032889,0.998332,0.985993,0.970886,0.981149,0.983558,0.977644,0.978250,1.026756,1.005134,0.996471,0.980331,0.998252,0.986720,0.988167,1.006147,1.001506,0.994172,1.040698,0.987024,1.012088,1.036099,1.025758,1.012372,1.023215,1.015474,1.003906,1.007683,1.004238,0.963808,0.917766,1.014556,1.001295,1.011443,1.053265,1.047598,1.019547,0.976638,1.041670
6.822270,1.032896,0.998340,0.985994,0.970885,0.981150,0.983559,0.977645,0.978252,1.026762,1.005135,0.996472,0.980331,0.998252,0.986719,0.988162,1.006140,1.001500,0.994169,1.040687,0.987010,1.012082,1.036095,1.025752,1.012364,1.023219,1.015462,1.003897,1.007656,1.004206,0.963830,0.917767,1.014562,1.001285,1.011426,1.053265,1.047587,1.019554,0.976599,1.041678
6.830600,1.032904,0.998348,0.985996,0.970885,0.981151,0.983560,0.977647,0.978254,1.026768,1.005137,0.996474,0.980333,0.998253,0.986718,0.988157,1.006134,1.001495,0.994166,1.040676,0.986997,1.012077,1.036092,1.025746,1.012358,1.023225,1.015451,1.003889,1.007630,1.004176,0.963852,0.917768,1.014568,1.001276,1.011410,1.053267,1.047577,1.019562,0.976561,1.041687
6.838930,1.032913,0.998356,0.985999,0.970886,0.981153,0.983563,0.977649,0.978256,1.026774,1.005140,0.996476,0.980335,0.998255,0.986718,0.988153,1.006129,1.001491,0.994165,1.040667,0.986985,1.012073,1.036089,1.025742,1.012352,1.023231,1.015442,1.003882,1.007604,1.004146,0.963876,0.917770,1.014575,1.001267,1.011395,1.053268,1.047568,1.019570,0.976523,1.041695
6.847260,1.032922,0.998366,0.986002,0.970888,0.981156,0.983566,0.977652,0.978259,1.026780,1.005143,0.996480,0.980338,0.998258,0.986720,0.988150,1.006125,1.001488,0.994164,1.040658,0.986973,1.012070,1.036087,1.025738,1.012348,1.023237,1.015433,1.003875,1.007580,1.004118,0.963900,0.917773,1.014583,1.001259,1.011381,1.053271,1.047560,1.019579,0.976487,1.041704
6.855590,1.032931,0.998377,0.986007,0.970890,0.981160,0.983569,0.977656,0.978263,1.026787,1.005147,0.996484,0.980342,0.998262,0.986722,0.988147,1.006122,1.001486,0.994165,1.040650,0.986963,1.012068,1.036086,1.025735,1.012344,1.023245,1.015425,1.003870,1.007556,1.004090,0.963925,0.917776,1.014592,1.001252,1.011368,1.053274,1.047552,1.019589,0.976452,1.041712
6.863920,1.032941,0.998388,0.986012,0.970894,0.981164,0.983574,0.977660,0.978268,1.026794,1.005153,0.996489,0.980347,0.998266,0.986724,0.988146,1.006120,1.001485,0.994166,1.040643,0.986953,1.012067,1.036086,1.025733,1.012341,1.023253,1.015417,1.003866,1.007534,1.004063,0.963952,0.917780,1.014601,1.001246,1.011355,1.053278,1.047546,1.019599,0.976417,1.041721
6.872250,1.032952,0.998401,0.986018,0.970898,0.981169,0.983579,0.977665,0.978273,1.026801,1.005158,0.996494,0.980352,0.998272,0.986728,0.988146,1.006118,1.001484,0.994168,1.040637,0.986944,1.012067,1.036087,1.025732,1.012339,1.023262,1.015411,1.003862,1.007512,1.004038,0.963979,0.917785,1.014611,1.001240,1.011344,1.053283,1.047540,1.019610,0.976384,1.041729
6.880580,1.032962,0.998414,0.986025,0.970903,0.981175,0.983585,0.977671,0.978278,1.026808,1.005165,0.996501,0.980358,0.998278,0.986733,0.988147,1.006118,1.001485,0.994171,1.040632,0.986937,1.012067,1.036089,1.025732,1.012339,1.023272,1.015406,1.003859,1.007492,1.004013,0.964007,0.917791,1.014622,1.001235,1.011334,1.053288,1.047535,1.019621,0.976352,1.041738
6.888910,1.032974,0.998428,0.986033,0.970909,0.981182,0.983592,0.977678,0.978285,1.026816,1.005173,0.996508,0.980365,0.998285,0.986738,0.988148,1.006118,1.001487,0.994175,1.040628,0.986930,1.012069,1.036091,1.025733,1.012339,1.023283,1.015402,1.003858,1.007472,1.003989,0.964036,0.917797,1.014634,1.001231,1.011324,1.053295,1.047531,1.019633,0.976321,1.041747
6.897240,1.032985,0.998443,0.986042,0.970915,0.981189,0.983599,0.977685,0.978292,1.026824,1.005181,0.996516,0.980373,0.998292,0.986745,0.988151,1.006120,1.001489,0.994180,1.040625,0.986924,1.012071,1.036095,1.025735,1.012340,1.023294,1.015398,1.003857,1.007454,1.003967,0.964066,0.917804,1.014647,1.001228,1.011316,1.053302,1.047528,1.019646,0.976290,1.041755
6.905570,1.032997,0.998459,0.986052,0.970923,0.981197,0.983607,0.977693,0.978300,1.026832,1.005190,0.996525,0.980382,0.998301,0.986752,0.988154,1.006122,1.001493,0.994186,1.040623,0.986919,1.012075,1.036099,1.025737,1.012342,1.023307,1.015396,1.003857,1.007436,1.003945,0.964097,0.917812,1.014660,1.001226,1.011308,1.053309,1.047526,1.019660,0.976261,1.041764
6.913900,1.033010,0.998475,0.986063,0.970931,0.981206,0.983616,0.977702,0.978309,1.026841,1.005200,0.996535,0.980392,0.998311,0.986760,0.988159,1.006126,1.001497,0.994193,1.040622,0.986915,1.012079,1.036105,1.025741,1.012345,1.023320,1.015394,1.003858,1.007420,1.003925,0.964129,0.917820,1.014674,1.001224,1.011302,1.053318,1.047525,1.019674,0.976233,1.041773
6.922230,1.033023,0.998493,0.986074,0.970940,0.981215,0.983626,0.977711,0.978318,1.026849,1.005211,0.996545,0.980402,0.998321,0.986769,0.988164,1.006130,1.001502,0.994201,1.040622,0.986911,1.012085,1.036111,1.025745,1.012349,1.023334,1.015394,1.003860,1.007405,1.003905,0.964161,0.917829,1.014689,1.001223,1.011296,1.053327,1.047524,1.019689,0.976206,1.041781
6.930560,1.033036,0.998511,0.986087,0.970951,0.981226,0.983637,0.977721,0.978328,1.026859,1.005223,0.996556,0.980413,0.998332,0.986779,0.988171,1.006136,1.001509,0.994209,1.040622,0.986909,1.012091,1.036118,1.025751,1.012354,1.023348,1.015394,1.003863,1.007390,1.003887,0.964195,0.917839,1.014705,1.001223,1.011291,1.053337,1.047525,1.019704,0.976179,1.041790
6.938890,1.033050,0.998531,0.986100,0.970962,0.981237,0.983648,0.977732,0.978338,1.026868,1.005236,0.996569,0.980426,0.998344,0.986790,0.988178,1.006142,1.001516,0.994219,1.040624,0.986908,1.012098,1.036126,1.025757,1.012360,1.023364,1.015395,1.003867,1.007377,1.003870,0.964230,0.917850,1.014722,1.001224,1.011288,1.053348,1.047527,1.019720,0.976154,1.041799
6.947220,1.033064,0.998551,0.986115,0.970974,0.981249,0.983660,0.977744,0.978350,1.026877,1.005249,0.996582,0.980439,0.998357,0.986802,0.988187,1.006149,1.001524,0.994230,1.040627,0.986908,1.012107,1.036135,1.025765,1.012367,1.023380,1.015397,1.003872,1.007365,1.003853,0.964265,0.917861,1.014739,1.001225,1.011285,1.053359,1.047529,1.019737,0.976130,1.041808
6.955550,1.033079,0.998572,0.986130,0.970986,0.981262,0.983673,0.977756,0.978362,1.026887,1.005263,0.996595,0.980452,0.998371,0.986814,0.988196,1.006158,1.001534,0.994241,1.040631,0.986908,1.012116,1.036145,1.025773,1.012375,1.023397,1.015401,1.003878,1.007354,1.003838,0.964302,0.917873,1.014758,1.001227,1.011284,1.053372,1.047533,1.019755,0.976107,1.041817
6.963880,1.033094,0.998594,0.986146,0.971000,0.981275,0.983687,0.977769,0.978374,1.026897,1.005279,0.996610,0.980467,0.998386,0.986828,0.988207,1.006167,1.001544,0.994254,1.040635,0.986910,1.012126,1.036156,1.025782,1.012384,1.023415,1.015405,1.003885,1.007343,1.003824,0.964339,0.917886,1.014777,1.001230,1.011283,1.053385,1.047537,1.019773,0.976085,1.041826
6.972210,1.033109,0.998617,0.986164,0.971014,0.981290,0.983701,0.977783,0.978388,1.026908,1.005295,0.996626,0.980483,0.998401,0.986842,0.988218,1.006178,1.001555,0.994267,1.040641,0.986913,1.012137,1.036168,1.025793,1.012394,1.023433,1.015410,1.003893,1.007334,1.003811,0.964378,0.917900,1.014797,1.001234,1.011283,1.053399,1.047542,1.019792,0.976064,1.041834
6.980540,1.033125,0.998641,0.986182,0.971030,0.981305,0.983716,0.977797,0.978402,1.026919,1.005312,0.996642,0.980499,0.998418,0.986858,0.988231,1.006189,1.001567,0.994282,1.040647,0.986916,1.012150,1.036180,1.025804,1.012405,1.023453,1.015416,1.003902,1.007326,1.003799,0.964417,0.917914,1.014818,1.001239,1.011285,1.053414,1.047549,1.019811,0.976044,1.041843
6.988870,1.033141,0.998665,0.986201,0.971046,0.981321,0.983733,0.977812,0.978417,1.026930,1.005329,0.996659,0.980516,0.998435,0.986874,0.988244,1.006202,1.001581,0.994297,1.040655,0.986921,1.012163,1.036194,1.025816,1.012417,1.023473,1.015423,1.003912,1.007319,1.003788,0.964458,0.917929,1.014840,1.001245,1.011287,1.053429,1.047556,1.019832,0.976025,1.041852
6.997200,1.033158,0.998691,0.986221,0.971063,0.981337,0.983749,0.977828,0.978432,1.026941,1.005348,0.996677,0.980535,0.998454,0.986891,0.988259,1.006215,1.001595,0.994314,1.040664,0.986927,1.012177,1.036209,1.025830,1.012430,1.023494,1.015431,1.003923,1.007313,1.003778,0.964499,0.917945,1.014862,1.001251,1.011290,1.053445,1.047564,1.019853,0.976007,1.041861
7.005530,1.033175,0.998717,0.986242,0.971081,0.981355,0.983767,0.977845,0.978449,1.026952,1.005368,0.996696,0.980554,0.998473,0.986910,0.988274,1.006230,1.001610,0.994331,1.040673,0.986933,1.012192,1.036224,1.025844,1.012445,1.023516,1.015440,1.003934,1.007308,1.003769,0.964541,0.917961,1.014885,1.001258,1.011295,1.053463,1.047573,1.019874,0.975990,1.041870
7.013860,1.033193,0.998745,0.986263,0.971100,0.981373,0.983786,0.977862,0.978466,1.026964,1.005388,0.996716,0.980573,0.998493,0.986929,0.988291,1.006245,1.001626,0.994350,1.040684,0.986941,1.012208,1.036241,1.025859,1.012460,1.023539,1.015450,1.003947,1.007305,1.003762,0.964584,0.917978,1.014910,1.001267,1.011300,1.053480,1.047583,1.019897,0.975975,1.041879
7.022190,1.033211,0.998773,0.986286,0.971120,0.981392,0.983805,0.977881,0.978483,1.026976,1.005409,0.996737,0.980594,0.998514,0.986949,0.988308,1.006261,1.001644,0.994369,1.040696,0.986949,1.012226,1.036258,1.025875,1.012476,1.023562,1.015461,1.003961,1.007302,1.003755,0.964628,0.917996,1.014935,1.001276,1.011307,1.053499,1.047594,1.019920,0.975960,1.041888
7.030520,1.033229,0.998802,0.986310,0.971141,0.981412,0.983825,0.977899,0.978502,1.026989,1.005431,0.996758,0.980616,0.998535,0.986970,0.988327,1.006279,1.001662,0.994389,1.040708,0.986959,1.012244,1.036277,1.025892,1.012493,1.023587,1.015473,1.003975,1.007300,1.003749,0.964673,0.918015,1.014961,1.001285,1.011314,1.053519,1.047606,1.019943,0.975946,1.041897
7.038850,1.033248,0.998832,0.986334,0.971162,0.981433,0.983846,0.977919,0.978521,1.027001,1.005454,0.996780,0.980638,0.998558,0.986992,0.988346,1.006297,1.001681,0.994410,1.040722,0.986969,1.012263,1.036296,1.025911,1.012511,1.023612,1.015486,1.003991,1.007299,1.003745,0.964719,0.918035,1.014987,1.001296,1.011323,1.053539,1.047619,1.019968,0.975934,1.041906
7.047180,1.033267,0.998863,0.986360,0.971185,0.981454,0.983867,0.977939,0.978541,1.027014,1.005478,0.996804,0.980661,0.998581,0.987014,0.988367,1.006317,1.001701,0.994433,1.040736,0.986981,1.012283,1.036316,1.025930,1.012530,1.023638,1.015500,1.004007,1.007300,1.003741,0.964766,0.918055,1.015015,1.001307,1.011332,1.053560,1.047633,1.019992,0.975922,1.041915
7.055510,1.033286,0.998894,0.986386,0.971208,0.981476,0.983890,0.977960,0.978561,1.027027,1.005503,0.996827,0.980686,0.998606,0.987038,0.988388,1.006337,1.001722,0.994456,1.040752,0.986993,1.012304,1.036338,1.025950,1.012550,1.023664,1.015515,1.004025,1.007301,1.003739,0.964814,0.918076,1.015043,1.001320,1.011343,1.053582,1.047648,1.020018,0.975912,1.041924
7.063840,1.033306,0.998927,0.986413,0.971232,0.981499,0.983913,0.977982,0.978582,1.027041,1.005528,0.996852,0.980711,0.998631,0.987062,0.988410,1.006359,1.001744,0.994480,1.040769,0.987007,1.012326,1.036360,1.025971,1.012572,1.023692,1.015530,1.004044,1.007304,1.003738,0.964862,0.918097,1.015072,1.001333,1.011354,1.053605,1.047664,1.020044,0.975902,1.041933
7.072170,1.033327,0.998960,0.986442,0.971257,0.981523,0.983937,0.978005,0.978604,1.027054,1.005555,0.996878,0.980736,0.998657,0.987088,0.988434,1.006381,1.001767,0.994505,1.040786,0.987021,1.012349,1.036383,1.025993,1.012594,1.023720,1.015547,1.004063,1.007307,1.003737,0.964912,0.918120,1.015102,1.001347,1.011367,1.053629,1.047681,1.020071,0.975894,1.041942
7.080500,1.033347,0.998994,0.986471,0.971283,0.981548,0.983961,0.978028,0.978626,1.027068,1.005582,0.996904,0.980763,0.998684,0.987114,0.988458,1.006405,1.001791,0.994531,1.040805,0.987037,1.012373,1.036407,1.026016,1.012617,1.023749,1.015565,1.004083,1.007312,1.003738,0.964962,0.918143,1.015132,1.001361,1.011380,1.053653,1.047699,1.020099,0.975886,1.041951
7.088830,1.033368,0.999029,0.986501,0.971309,0.981573,0.983987,0.978052,0.978650,1.027082,1.005610,0.996931,0.980790,0.998712,0.987141,0.988484,1.006429,1.001816,0.994558,1.040824,0.987053,1.012398,1.036432,1.026040,1.012641,1.023779,1.015583,1.004105,1.007317,1.003740,0.965014,0.918166,1.015164,1.001377,1.011395,1.053678,1.047717,1.020127,0.975880,1.041960
7.097160,1.033390,0.999065,0.986532,0.971337,0.981599,0.984013,0.978076,0.978673,1.027097,1.005639,0.996959,0.980818,0.998740,0.987169,0.988510,1.006455,1.001842,0.994586,1.040845,0.987070,1.012424,1.036458,1.026065,1.012666,1.023809,1.015603,1.004127,1.007324,1.003743,0.965066,0.918191,1.015196,1.001393,1.011411,1.053704,1.047737,1.020156,0.975874,1.041968
7.105490,1.033411,0.999102,0.986563,0.971365,0.981626,0.984040,0.978101,0.978698,1.027111,1.005668,0.996988,0.980847,0.998770,0.987198,0.988537,1.006481,1.001869,0.994614,1.040866,0.987089,1.012450,1.036485,1.026090,1.012692,1.023841,1.015623,1.004150,1.007332,1.003746,0.965119,0.918216,1.015229,1.001411,1.011427,1.053731,1.047757,1.020186,0.975870,1.041977
7.113820,1.033433,0.999139,0.986596,0.971394,0.981653,0.984067,0.978127,0.978723,1.027126,1.005698,0.997017,0.980877,0.998800,0.987228,0.988565,1.006508,1.001896,0.994644,1.040889,0.987108,1.012478,1.036512,1.026117,1.012719,1.023873,1.015645,1.004174,1.007340,1.003751,0.965173,0.918242,1.015262,1.001429,1.011445,1.053758,1.047779,1.020216,0.975867,1.041986
7.122150,1.033456,0.999178,0.986629,0.971424,0.981681,0.984096,0.978154,0.978749,1.027141,1.005730,0.997047,0.980908,0.998831,0.987258,0.988594,1.006537,1.001925,0.994675,1.040912,0.987128,1.012507,1.036541,1.026145,1.012747,1.023906,1.015667,1.004199,1.007350,1.003757,0.965228,0.918268,1.015296,1.001447,1.011463,1.053786,1.047801,1.020247,0.975864,1.041995
7.130480,1.033479,0.999217,0.986663,0.971455,0.981710,0.984125,0.978181,0.978775,1.027157,1.005761,0.997078,0.980939,0.998862,0.987290,0.988624,1.006566,1.001955,0.994706,1.040937,0.987149,1.012536,1.036570,1.026173,1.012776,1.023939,1.015690,1.004225,1.007360,1.003764,0.965283,0.918295,1.015331,1.001467,1.011483,1.053815,1.047824,1.020278,0.975863,1.042004
7.138810,1.033502,0.999257,0.986698,0.971486,0.981740,0.984154,0.978209,0.978802,1.027172,1.005794,0.997110,0.980971,0.998895,0.987322,0.988655,1.006596,1.001985,0.994738,1.040962,0.987172,1.012567,1.036601,1.026203,1.012806,1.023973,1.015714,1.004252,1.007372,1.003772,0.965340,0.918323,1.015367,1.001488,1.011503,1.053845,1.047848,1.020310,0.975863,1.042013
7.147140,1.033525,0.999297,0.986734,0.971519,0.981770,0.984185,0.978237,0.978830,1.027188,1.005827,0.997142,0.981004,0.998928,0.987355,0.988687,1.006627,1.002017,0.994771,1.040988,0.987195,1.012598,1.036632,1.026233,1.012837,1.024008,1.015739,1.004279,1.007385,1.003781,0.965397,0.918351,1.015403,1.001509,1.011525,1.053876,1.047873,1.020343,0.975863,1.042021
7.155470,1.033549,0.999339,0.986771,0.971552,0.981801,0.984216,0.978266,0.978858,1.027204,1.005861,0.997175,0.981037,0.998962,0.987389,0.988720,1.006659,1.002049,0.994805,1.041015,0.987218,1.012631,1.036664,1.026264,1.012869,1.024044,1.015765,1.004308,1.007398,1.003791,0.965455,0.918380,1.015440,1.001531,1.011547,1.053907,1.047899,1.020376,0.975865,1.042030
7.163800,1.033573,0.999381,0.986808,0.971586,0.981832,0.984247,0.978296,0.978887,1.027220,1.005896,0.997209,0.981072,0.998997,0.987423,0.988754,1.006692,1.002082,0.994840,1.041043,0.987243,1.012664,1.036697,1.026297,1.012901,1.024080,1.015791,1.004337,1.007413,1.003802,0.965514,0.918410,1.015477,1.001553,1.011571,1.053939,1.047926,1.020410,0.975868,1.042039
7.172130,1.033597,0.999424,0.986847,0.971620,0.981864,0.984280,0.978326,0.978916,1.027236,1.005931,0.997243,0.981106,0.999032,0.987459,0.988788,1.006725,1.002116,0.994876,1.041072,0.987269,1.012698,1.036731,1.026330,1.012935,1.024117,1.015819,1.004368,1.007428,1.003814,0.965573,0.918440,1.015515,1.001577,1.011595,1.053971,1.047954,1.020444,0.975871,1.042047
7.180460,1.033622,0.999467,0.986886,0.971655,0.981897,0.984313,0.978357,0.978946,1.027253,1.005968,0.997278,0.981142,0.999068,0.987495,0.988823,1.006760,1.002151,0.994912,1.041102,0.987296,1.012733,1.036765,1.026363,1.012969,1.024155,1.015847,1.004399,1.007444,1.003826,0.965633,0.918471,1.015554,1.001601,1.011620,1.054005,1.047982,1.020479,0.975875,1.042056
7.188790,1.033647,0.999511,0.986925,0.971691,0.981931,0.984346,0.978389,0.978977,1.027270,1.006004,0.997314,0.981178,0.999105,0.987531,0.988859,1.006795,1.002186,0.994950,1.041133,0.987323,1.012768,1.036801,1.026398,1.013004,1.024193,1.015876,1.004430,1.007462,1.003840,0.965695,0.918502,1.015593,1.001626,1.011646,1.054039,1.048011,1.020514,0.975881,1.042064
7.197120,1.033672,0.999556,0.986966,0.971728,0.981965,0.984380,0.978421,0.979008,1.027286,1.006042,0.997350,0.981215,0.999142,0.987569,0.988896,1.006832,1.002223,0.994988,1.041164,0.987352,1.012805,1.036837,1.026433,1.013040,1.024232,1.015906,1.004463,1.007480,1.003855,0.965756,0.918534,1.015633,1.001652,1.011673,1.054073,1.048041,1.020550,0.975887,1.042073
7.205450,1.033697,0.999602,0.987007,0.971765,0.981999,0.984415,0.978453,0.979039,1.027303,1.006080,0.997387,0.981252,0.999180,0.987607,0.988934,1.006869,1.002260,0.995027,1.041197,0.987381,1.012842,1.036874,1.026470,1.013077,1.024272,1.015937,1.004497,1.007499,1.003870,0.965819,0.918566,1.015673,1.001678,1.011701,1.054109,1.048072,1.020587,0.975894,1.042081
7.213780,1.033723,0.999648,0.987049,0.971803,0.982035,0.984450,0.978486,0.979071,1.027321,1.006118,0.997425,0.981291,0.999219,0.987646,0.988973,1.006906,1.002298,0.995066,1.041230,0.987411,1.012880,1.036911,1.026507,1.013115,1.024312,1.015968,1.004531,1.007519,1.003887,0.965882,0.918599,1.015714,1.001705,1.011730,1.054145,1.048104,1.020624,0.975903,1.042090
7.222110,1.033749,0.999695,0.987091,0.971842,0.982070,0.984486,0.978520,0.979104,1.027338,1.006157,0.997463,0.981329,0.999258,0.987685,0.989012,1.006945,1.002336,0.995106,1.041264,0.987442,1.012919,1.036950,1.026545,1.013153,1.024353,1.016001,1.004566,1.007540,1.003904,0.965946,0.918633,1.015755,1.001733,1.011760,1.054182,1.048136,1.020662,0.975911,1.042098
7.230440,1.033775,0.999743,0.987135,0.971881,0.982107,0.984523,0.978554,0.979137,1.027356,1.006197,0.997502,0.981368,0.999298,0.987725,0.989052,1.006985,1.002376,0.995147,1.041299,0.987473,1.012959,1.036989,1.026583,1.013193,1.024395,1.016034,1.004602,1.007562,1.003922,0.966011,0.918667,1.015797,1.001762,1.011790,1.054219,1.048169,1.020700,0.975921,1.042106
7.238770,1.033801,0.999791,0.987179,0.971921,0.982143,0.984560,0.978588,0.979170,1.027373,1.006238,0.997541,0.981408,0.999338,0.987766,0.989093,1.007025,1.002416,0.995189,1.041334,0.987506,1.012999,1.037029,1.026623,1.013233,1.024437,1.016067,1.004638,1.007584,1.003941,0.966076,0.918701,1.015839,1.001791,1.011821,1.054257,1.048203,1.020738,0.975932,1.042114
7.247100,1.033828,0.999840,0.987223,0.971961,0.982181,0.984597,0.978623,0.979204,1.027391,1.006278,0.997581,0.981449,0.999379,0.987808,0.989134,1.007066,1.002457,0.995232,1.041371,0.987539,1.013040,1.037069,1.026663,1.013274,1.024479,1.016102,1.004675,1.007607,1.003961,0.966142,0.918736,1.015881,1.001821,1.011854,1.054296,1.048238,1.020777,0.975944,1.042122
7.255430,1.033855,0.999889,0.987268,0.972002,0.982219,0.984635,0.978659,0.979239,1.027409,1.006320,0.997621,0.981489,0.999421,0.987850,0.989177,1.007107,1.002499,0.995275,1.041408,0.987573,1.013082,1.037111,1.026704,1.013315,1.024522,1.016137,1.004713,1.007632,1.003982,0.966208,0.918772,1.015924,1.001851,1.011887,1.054335,1.048273,1.020817,0.975956,1.042130
7.263760,1.033882,0.999939,0.987314,0.972044,0.982257,0.984673,0.978695,0.979273,1.027427,1.006362,0.997661,0.981531,0.999463,0.987892,0.989219,1.007150,1.002541,0.995318,1.041446,0.987608,1.013124,1.037153,1.026745,1.013358,1.024566,1.016173,1.004752,1.007657,1.004003,0.966275,0.918808,1.015967,1.001882,1.011920,1.054374,1.048309,1.020857,0.975969,1.042138
7.272090,1.033909,0.999989,0.987361,0.972086,0.982296,0.984712,0.978731,0.979309,1.027445,1.006404,0.997703,0.981573,0.999506,0.987935,0.989263,1.007193,1.002584,0.995363,1.041484,0.987643,1.013167,1.037195,1.026787,1.013401,1.024610,1.016209,1.004791,1.007682,1.004026,0.966343,0.918844,1.016011,1.001914,1.011955,1.054415,1.048346,1.020897,0.975983,1.042146
7.280420,1.033937,1.000040,0.987407,0.972128,0.982335,0.984751,0.978768,0.979344,1.027463,1.006447,0.997744,0.981615,0.999549,0.987979,0.989307,1.007236,1.002628,0.995408,1.041523,0.987680,1.013211,1.037238,1.026830,1.013444,1.024655,1.016246,1.004831,1.007709,1.004049,0.966411,0.918881,1.016055,1.001946,1.011990,1.054456,1.048383,1.020938,0.975998,1.042154
7.288750,1.033964,1.000092,0.987455,0.972172,0.982374,0.984791,0.978805,0.979380,1.027482,1.006490,0.997786,0.981658,0.999592,0.988023,0.989352,1.007281,1.002672,0.995453,1.041563,0.987717,1.013256,1.037282,1.026873,1.013489,1.024700,1.016284,1.004871,1.007736,1.004073,0.966479,0.918918,1.016099,1.001979,1.012026,1.054497,1.048421,1.020979,0.976013,1.042162
7.297080,1.033992,1.000144,0.987503,0.972215,0.982414,0.984831,0.978842,0.979416,1.027500,1.006533,0.997829,0.981701,0.999636,0.988068,0.989397,1.007326,1.002717,0.995499,1.041604,0.987754,1.013301,1.037327,1.026917,1.013533,1.024746,1.016323,1.004912,1.007764,1.004097,0.966549,0.918955,1.016143,1.002012,1.012063,1.054539,1.048460,1.021021,0.976030,1.042169
7.305410,1.034020,1.000196,0.987551,0.972259,0.982455,0.984872,0.978880,0.979453,1.027519,1.006577,0.997872,0.981744,0.999680,0.988113,0.989443,1.007371,1.002762,0.995546,1.041645,0.987792,1.013346,1.037372,1.026962,1.013579,1.024792,1.016362,1.004954,1.007792,1.004122,0.966618,0.918993,1.016188,1.002046,1.012100,1.054581,1.048499,1.021063,0.976047,1.042177
7.313740,1.034048,1.000249,0.987600,0.972304,0.982496,0.984913,0.978918,0.979490,1.027537,1.006622,0.997915,0.981788,0.999725,0.988158,0.989490,1.007418,1.002808,0.995593,1.041687,0.987831,1.013393,1.037417,1.027007,1.013625,1.024838,1.016401,1.004996,1.007822,1.004148,0.966689,0.919031,1.016233,1.002081,1.012138,1.054624,1.048538,1.021105,0.976064,1.042184
7.322070,1.034076,1.000303,0.987650,0.972349,0.982537,0.984954,0.978957,0.979527,1.027556,1.006666,0.997958,0.981833,0.999770,0.988204,0.989537,1.007464,1.002855,0.995641,1.041730,0.987871,1.013439,1.037463,1.027053,1.013672,1.024885,1.016441,1.005039,1.007852,1.004175,0.966759,0.919070,1.016278,1.002116,1.012177,1.054667,1.048579,1.021148,0.976083,1.042192
7.330400,1.034104,1.000356,0.987700,0.972394,0.982578,0.984995,0.978996,0.979565,1.027574,1.006711,0.998002,0.981877,0.999815,0.988251,0.989585,1.007512,1.002902,0.995689,1.041773,0.987911,1.013487,1.037510,1.027099,1.013719,1.024933,1.016482,1.005082,1.007882,1.004202,0.966830,0.919108,1.016323,1.002152,1.012216,1.054711,1.048619,1.021191,0.976102,1.042199
7.338730,1.034133,1.000411,0.987750,0.972440,0.982620,0.985037,0.979035,0.979603,1.027593,1.006757,0.998046,0.981922,0.999861,0.988297,0.989633,1.007559,1.002949,0.995738,1.041816,0.987952,1.013534,1.037557,1.027146,1.013767,1.024980,1.016523,1.005126,1.007913,1.004230,0.966902,0.919147,1.016369,1.002188,1.012256,1.054755,1.048661,1.021234,0.976121,1.042206
7.347060,1.034161,1.000465,0.987801,0.972486,0.982662,0.985079,0.979074,0.979641,1.027612,1.006802,0.998091,0.981967,0.999907,0.988344,0.989682,1.007608,1.002997,0.995787,1.041860,0.987993,1.013583,1.037605,1.027193,1.013816,1.025028,1.016565,1.005170,1.007945,1.004259,0.966974,0.919187,1.016414,1.002224,1.012296,1.054800,1.048702,1.021278,0.976141,1.042213
7.355390,1.034190,1.000520,0.987852,0.972532,0.982704,0.985121,0.979114,0.979679,1.027630,1.006848,0.998136,0.982013,0.999953,0.988392,0.989731,1.007657,1.003046,0.995837,1.041905,0.988035,1.013631,1.037653,1.027241,1.013864,1.025077,1.016607,1.005215,1.007977,1.004288,0.967046,0.919226,1.016460,1.002261,1.012338,1.054845,1.048745,1.021322,0.976162,1.042220
7.363720,1.034219,1.000575,0.987904,0.972579,0.982747,0.985164,0.979153,0.979718,1.027649,1.006894,0.998181,0.982059,1.000000,0.988440,0.989780,1.007706,1.003095,0.995887,1.041950,0.988077,1.013681,1.037701,1.027289,1.013914,1.025126,1.016649,1.005260,1.008010,1.004317,0.967119,0.919266,1.016505,1.002298,1.012379,1.054890,1.048787,1.021366,0.976184,1.042227
7.372050,1.034247,1.000631,0.987956,0.972626,0.982790,0.985207,0.979193,0.979756,1.027668,1.006941,0.998226,0.982105,1.000047,0.988488,0.989830,1.007755,1.003144,0.995937,1.041996,0.988120,1.013730,1.037750,1.027338,1.013963,1.025175,1.016692,1.005306,1.008044,1.004348,0.967192,0.919306,1.016551,1.002336,1.012421,1.054936,1.048830,1.021410,0.976206,1.042233
7.380380,1.034276,1.000687,0.988008,0.972674,0.982833,0.985250,0.979234,0.979795,1.027687,1.006987,0.998271,0.982151,1.000094,0.988536,0.989880,1.007806,1.003194,0.995988,1.042042,0.988163,1.013780,1.037799,1.027387,1.014014,1.025224,1.016736,1.005352,1.008078,1.004379,0.967265,0.919346,1.016597,1.002374,1.012464,1.054982,1.048874,1.021455,0.976229,1.042240
7.388710,1.034305,1.000743,0.988060,0.972721,0.982876,0.985293,0.979274,0.979834,1.027705,1.007034,0.998317,0.982197,1.000141,0.988585,0.989931,1.007856,1.003244,0.996039,1.042089,0.988207,1.013831,1.037849,1.027437,1.014064,1.025274,1.016780,1.005398,1.008112,1.004410,0.967339,0.919387,1.016643,1.002413,1.012507,1.055029,1.048918,1.021500,0.976252,1.042246
7.397040,1.034334,1.000799,0.988113,0.972769,0.982920,0.985337,0.979314,0.979874,1.027724,1.007081,0.998363,0.982244,1.000189,0.988634,0.989982,1.007907,1.003295,0.996091,1.042136,0.988251,1.013882,1.037899,1.027486,1.014115,1.025324,1.016824,1.005445,1.008147,1.004442,0.967412,0.919427,1.016689,1.002452,1.012551,1.055075,1.048962,1.021545,0.976275,1.042252
7.405370,1.034363,1.000856,0.988166,0.972817,0.982963,0.985380,0.979355,0.979913,1.027743,1.007128,0.998409,0.982291,1.000236,0.988683,0.990033,1.007958,1.003345,0.996143,1.042183,0.988296,1.013933,1.037949,1.027537,1.014167,1.025374,1.016869,1.005492,1.008183,1.004474,0.967487,0.919468,1.016735,1.002491,1.012595,1.055122,1.049006,1.021591,0.976300,1.042259
7.413700,1.034392,1.000913,0.988219,0.972866,0.983007,0.985424,0.979396,0.979953,1.027761,1.007175,0.998455,0.982338,1.000284,0.988732,0.990085,1.008010,1.003397,0.996195,1.042231,0.988341,1.013984,1.038000,1.027587,1.014218,1.025424,1.016914,1.005540,1.008219,1.004507,0.967561,0.919509,1.016780,1.002531,1.012640,1.055169,1.049051,1.021636,0.976324,1.042265
7.422030,1.034421,1.000970,0.988273,0.972914,0.983051,0.985468,0.979437,0.979992,1.027780,1.007222,0.998501,0.982385,1.000332,0.988782,0.990137,1.008062,1.003448,0.996247,1.042279,0.988387,1.014036,1.038051,1.027638,1.014271,1.025475,1.016959,1.005587,1.008255,1.004540,0.967635,0.919550,1.016826,1.002570,1.012685,1.055217,1.049096,1.021682,0.976349,1.042271
7.430360,1.034450,1.001028,0.988327,0.972963,0.983095,0.985512,0.979478,0.980032,1.027799,1.007269,0.998547,0.982432,1.000380,0.988832,0.990189,1.008114,1.003500,0.996300,1.042328,0.988432,1.014088,1.038102,1.027689,1.014323,1.025525,1.017004,1.005635,1.008291,1.004573,0.967710,0.919591,1.016872,1.002611,1.012730,1.055264,1.049142,1.021728,0.976375,1.042276
7.438690,1.034479,1.001085,0.988381,0.973012,0.983139,0.985556,0.979519,0.980072,1.027817,1.007317,0.998593,0.982479,1.000428,0.988881,0.990242,1.008166,1.003552,0.996353,1.042377,0.988478,1.014140,1.038153,1.027740,1.014375,1.025576,1.017050,1.005684,1.008328,1.004607,0.967785,0.919632,1.016917,1.002651,1.012776,1.055312,1.049187,1.021774,0.976401,1.042282
7.447020,1.034508,1.001143,0.988435,0.973061,0.983183,0.985600,0.979560,0.980112,1.027835,1.007364,0.998640,0.982526,1.000476,0.988931,0.990294,1.008219,1.003604,0.996406,1.042426,0.988525,1.014193,1.038205,1.027792,1.014428,1.025627,1.017096,1.005732,1.008366,1.004642,0.967860,0.919673,1.016963,1.002692,1.012822,1.055360,1.049233,1.021820,0.976427,1.042288
7.455350,1.034537,1.001201,0.988489,0.973110,0.983227,0.985644,0.979601,0.980151,1.027854,1.007412,0.998686,0.982574,1.000525,0.988981,0.990347,1.008272,1.003656,0.996459,1.042475,0.988572,1.014246,1.038257,1.027843,1.014481,1.025679,1.017143,1.005781,1.008404,1.004676,0.967935,0.919715,1.017008,1.002733,1.012868,1.055409,1.049279,1.021866,0.976454,1.042293
7.463680,1.034566,1.001258,0.988544,0.973159,0.983272,0.985688,0.979643,0.980191,1.027872,1.007459,0.998733,0.982621,1.000573,0.989032,0.990400,1.008325,1.003709,0.996512,1.042525,0.988619,1.014299,1.038309,1.027895,1.014535,1.025730,1.017189,1.005830,1.008442,1.004711,0.968011,0.919756,1.017053,1.002774,1.012915,1.055457,1.049325,1.021912,0.976481,1.042298
7.472010,1.034595,1.001316,0.988598,0.973208,0.983316,0.985733,0.979684,0.980231,1.027890,1.007507,0.998779,0.982668,1.000621,0.989082,0.990454,1.008378,1.003762,0.996566,1.042574,0.988666,1.014352,1.038361,1.027947,1.014588,1.025781,1.017236,1.005879,1.008480,1.004747,0.968086,0.919797,1.017098,1.002815,1.012962,1.055506,1.049372,1.021959,0.976508,1.042303
7.480340,1.034624,1.001375,0.988653,0.973258,0.983360,0.985777,0.979725,0.980271,1.027908,1.007554,0.998825,0.982716,1.000669,0.989132,0.990507,1.008432,1.003815,0.996620,1.042625,0.988714,1.014405,1.038413,1.027999,1.014642,1.025833,1.017283,1.005929,1.008518,1.004782,0.968162,0.919839,1.017143,1.002857,1.013009,1.055554,1.049418,1.022005,0.976536,1.042308
7.488670,1.034653,1.001433,0.988707,0.973307,0.983404,0.985821,0.979766,0.980311,1.027926,1.007601,0.998872,0.982763,1.000718,0.989182,0.990560,1.008485,1.003868,0.996673,1.042675,0.988761,1.014458,1.038466,1.028052,1.014696,1.025885,1.017330,1.005978,1.008557,1.004818,0.968237,0.919880,1.017188,1.002898,1.013056,1.055603,1.049465,1.022052,0.976564,1.042313
7.497000,1.034682,1.001491,0.988762,0.973356,0.983449,0.985865,0.979808,0.980351,1.027944,1.007649,0.998918,0.982810,1.000766,0.989233,0.990614,1.008539,1.003921,0.996727,1.042725,0.988809,1.014512,1.038518,1.028104,1.014750,1.025936,1.017377,1.006028,1.008596,1.004854,0.968313,0.919921,1.017232,1.002940,1.013104,1.055652,1.049511,1.022098,0.976592,1.042318
7.505330,1.034710,1.001549,0.988817,0.973406,0.983493,0.985909,0.979849,0.980391,1.027962,1.007696,0.998964,0.982857,1.000814,0.989283,0.990668,1.008593,1.003974,0.996781,1.042776,0.988858,1.014566,1.038571,1.028157,1.014804,1.025988,1.017424,1.006077,1.008635,1.004890,0.968389,0.919962,1.017276,1.002982,1.013152,1.055701,1.049558,1.022145,0.976621,1.042322
7.513660,1.034739,1.001607,0.988872,0.973455,0.983537,0.985953,0.979890,0.980431,1.027980,1.007743,0.999011,0.982904,1.000862,0.989333,0.990721,1.008647,1.004027,0.996835,1.042827,0.988906,1.014619,1.038624,1.028209,1.014858,1.026040,1.017472,1.006127,1.008675,1.004927,0.968464,0.920004,1.017320,1.003024,1.013200,1.055749,1.049605,1.022191,0.976649,1.042326
7.521990,1.034767,1.001666,0.988927,0.973505,0.983581,0.985997,0.979931,0.980470,1.027997,1.007790,0.999057,0.982952,1.000910,0.989384,0.990775,1.008701,1.004081,0.996889,1.042877,0.988954,1.014673,1.038676,1.028262,1.014912,1.026091,1.017519,1.006177,1.008714,1.004964,0.968540,0.920045,1.017364,1.003067,1.013248,1.055798,1.049652,1.022238,0.976678,1.042331
7.530320,1.034796,1.001724,0.988982,0.973554,0.983625,0.986041,0.979972,0.980510,1.028014,1.007837,0.999103,0.982998,1.000958,0.989434,0.990829,1.008755,1.004134,0.996943,1.042928,0.989003,1.014727,1.038729,1.028315,1.014967,1.026143,1.017567,1.006227,1.008754,1.005000,0.968615,0.920086,1.017407,1.003109,1.013296,1.055847,1.049699,1.022284,0.976707,1.042335
7.538650,1.034824,1.001782,0.989036,0.973603,0.983669,0.986085,0.980013,0.980549,1.028032,1.007884,0.999148,0.983045,1.001006,0.989484,0.990883,1.008809,1.004187,0.996997,1.042979,0.989051,1.014780,1.038782,1.028367,1.015021,1.026195,1.017614,1.006277,1.008794,1.005037,0.968691,0.920127,1.017450,1.003151,1.013345,1.055896,1.049746,1.022331,0.976737,1.042339
7.546980,1.034852,1.001840,0.989091,0.973652,0.983713,0.986129,0.980053,0.980589,1.028049,1.007930,0.999194,0.983092,1.001053,0.989534,0.990936,1.008863,1.004241,0.997051,1.043030,0.989100,1.014834,1.038834,1.028420,1.015075,1.026246,1.017662,1.006327,1.008834,1.005075,0.968766,0.920168,1.017493,1.003193,1.013393,1.055945,1.049792,1.022377,0.976766,1.042342
7.555310,1.034880,1.001898,0.989146,0.973701,0.983757,0.986172,0.980094,0.980628,1.028066,1.007977,0.999240,0.983138,1.001101,0.989584,0.990990,1.008917,1.004294,0.997105,1.043081,0.989149,1.014888,1.038887,1.028473,1.015130,1.026298,1.017710,1.006377,1.008874,1.005112,0.968842,0.920208,1.017535,1.003236,1.013442,1.055994,1.049839,1.022424,0.976796,1.042346
7.563640,1.034908,1.001956,0.989200,0.973750,0.983800,0.986216,0.980134,0.980667,1.028082,1.008023,0.999285,0.983185,1.001148,0.989634,0.991044,1.008971,1.004348,0.997159,1.043132,0.989198,1.014942,1.038940,1.028525,1.015184,1.026349,1.017757,1.006427,1.008914,1.005149,0.968917,0.920249,1.017578,1.003278,1.013490,1.056043,1.049886,1.022470,0.976826,1.042349
7.571970,1.034936,1.002014,0.989255,0.973799,0.983844,0.986259,0.980175,0.980706,1.028099,1.008069,0.999330,0.983231,1.001195,0.989683,0.991097,1.009025,1.004401,0.997213,1.043183,0.989247,1.014995,1.038992,1.028578,1.015238,1.026401,1.017805,1.006477,1.008954,1.005186,0.968992,0.920289,1.017619,1.003321,1.013539,1.056091,1.049932,1.022516,0.976855,1.042353
7.580300,1.034964,1.002072,0.989309,0.973848,0.983887,0.986302,0.980215,0.980745,1.028116,1.008115,0.999375,0.983277,1.001242,0.989733,0.991151,1.009079,1.004454,0.997267,1.043234,0.989296,1.015049,1.039045,1.028630,1.015293,1.026452,1.017852,1.006526,1.008994,1.005224,0.969067,0.920330,1.017661,1.003363,1.013588,1.056140,1.049979,1.022562,0.976885,1.042356
7.588630,1.034991,1.002129,0.989363,0.973897,0.983930,0.986345,0.980255,0.980783,1.028132,1.008161,0.999420,0.983323,1.001289,0.989782,0.991204,1.009133,1.004507,0.997321,1.043285,0.989344,1.015102,1.039097,1.028682,1.015347,1.026503,1.017900,1.006576,1.009034,1.005261,0.969142,0.920370,1.017702,1.003405,1.013636,1.056188,1.050025,1.022608,0.976915,1.042359
7.596960,1.035019,1.002187,0.989417,0.973945,0.983973,0.986388,0.980295,0.980822,1.028148,1.008206,0.999465,0.983368,1.001335,0.989831,0.991258,1.009186,1.004560,0.997374,1.043336,0.989393,1.015156,1.039149,1.028734,1.015401,1.026554,1.017947,1.006626,1.009075,1.005299,0.969217,0.920410,1.017743,1.003448,1.013685,1.056237,1.050071,1.022654,0.976945,1.042361
7.605290,1.035046,1.002244,0.989471,0.973993,0.984016,0.986430,0.980334,0.980860,1.028164,1.008251,0.999509,0.983413,1.001381,0.989880,0.991311,1.009240,1.004613,0.997428,1.043387,0.989442,1.015209,1.039201,1.028786,1.015455,1.026605,1.017995,1.006675,1.009115,1.005336,0.969291,0.920449,1.017783,1.003490,1.013734,1.056285,1.050117,1.022700,0.976975,1.042364
7.613620,1.035073,1.002301,0.989525,0.974041,0.984058,0.986473,0.980373,0.980898,1.028180,1.008296,0.999553,0.983459,1.001428,0.989929,0.991364,1.009293,1.004666,0.997481,1.043438,0.989491,1.015262,1.039253,1.028838,1.015508,1.026656,1.018042,1.006725,1.009155,1.005373,0.969365,0.920489,1.017823,1.003532,1.013782,1.056333,1.050163,1.022745,0.977005,1.042367
7.621950,1.035100,1.002358,0.989579,0.974089,0.984100,0.986515,0.980413,0.980936,1.028195,1.008341,0.999597,0.983503,1.001473,0.989978,0.991417,1.009347,1.004718,0.997534,1.043489,0.989539,1.015315,1.039305,1.028890,1.015562,1.026706,1.018089,1.006774,1.009195,1.005411,0.969440,0.920528,1.017863,1.003574,1.013831,1.056381,1.050209,1.022790,0.977035,1.042369
7.630280,1.035126,1.002415,0.989632,0.974137,0.984142,0.986557,0.980452,0.980974,1.028211,1.008385,0.999641,0.983548,1.001519,0.990026,0.991469,1.009400,1.004771,0.997587,1.043539,0.989588,1.015367,1.039357,1.028941,1.015615,1.026757,1.018136,1.006823,1.009235,1.005448,0.969513,0.920567,1.017902,1.003616,1.013879,1.056428,1.050254,1.022836,0.977065,1.042371
7.638610,1.035153,1.002471,0.989685,0.974184,0.984184,0.986598,0.980490,0.981011,1.028226,1.008429,0.999684,0.983592,1.001564,0.990074,0.991522,1.009453,1.004823,0.997639,1.043590,0.989636,1.015420,1.039408,1.028992,1.015669,1.026807,1.018183,1.006872,1.009275,1.005485,0.969587,0.920606,1.017941,1.003658,1.013927,1.056476,1.050299,1.022880,0.977095,1.042373
7.646940,1.035179,1.002528,0.989738,0.974232,0.984226,0.986640,0.980529,0.981048,1.028241,1.008473,0.999727,0.983636,1.001609,0.990122,0.991574,1.009505,1.004875,0.997692,1.043640,0.989685,1.015472,1.039459,1.029043,1.015722,1.026857,1.018229,1.006921,1.009314,1.005522,0.969660,0.920645,1.017980,1.003700,1.013975,1.056523,1.050344,1.022925,0.977125,1.042375
7.655270,1.035205,1.002584,0.989791,0.974278,0.984267,0.986681,0.980567,0.981085,1.028256,1.008517,0.999770,0.983680,1.001654,0.990169,0.991626,1.009558,1.004927,0.997744,1.043690,0.989733,1.015524,1.039510,1.029094,1.015775,1.026907,1.018276,1.006969,1.009354,1.005559,0.969734,0.920683,1.018018,1.003742,1.014023,1.056570,1.050389,1.022970,0.977155,1.042376
7.663600,1.035231,1.002639,0.989843,0.974325,0.984308,0.986721,0.980605,0.981122,1.028270,1.008560,0.999812,0.983723,1.001698,0.990217,0.991678,1.009610,1.004978,0.997796,1.043740,0.989781,1.015576,1.039561,1.029145,1.015827,1.026956,1.018322,1.007018,1.009394,1.005596,0.969806,0.920721,1.018055,1.003783,1.014071,1.056617,1.050433,1.023014,0.977184,1.042378
7.671930,1.035257,1.002695,0.989896,0.974372,0.984349,0.986762,0.980642,0.981158,1.028285,1.008603,0.999854,0.983766,1.001742,0.990264,0.991729,1.009662,1.005030,0.997848,1.043789,0.989829,1.015628,1.039611,1.029195,1.015880,1.027005,1.018368,1.007066,1.009433,1.005633,0.969879,0.920759,1.018093,1.003824,1.014119,1.056664,1.050477,1.023058,0.977214,1.042379
7.680260,1.035282,1.002750,0.989947,0.974418,0.984389,0.986802,0.980680,0.981194,1.028299,1.008645,0.999896,0.983809,1.001786,0.990310,0.991780,1.009714,1.005081,0.997899,1.043839,0.989876,1.015679,1.039661,1.029245,1.015932,1.027054,1.018414,1.007114,1.009472,1.005669,0.969951,0.920797,1.018130,1.003865,1.014166,1.056710,1.050521,1.023102,0.977243,1.042381
7.688590,1.035307,1.002805,0.989999,0.974463,0.984429,0.986842,0.980717,0.981230,1.028313,1.008687,0.999938,0.983852,1.001829,0.990357,0.991831,1.009765,1.005131,0.997951,1.043888,0.989924,1.015730,1.039711,1.029295,1.015984,1.027103,1.018459,1.007161,1.009511,1.005706,0.970023,0.920834,1.018166,1.003906,1.014214,1.056756,1.050565,1.023146,0.977273,1.042382
7.696920,1.035332,1.002860,0.990050,0.974509,0.984469,0.986882,0.980754,0.981266,1.028326,1.008729,0.999979,0.983894,1.001872,0.990403,0.991882,1.009816,1.005182,0.998002,1.043937,0.989971,1.015781,1.039760,1.029344,1.016035,1.027152,1.018505,1.007209,1.009550,1.005742,0.970095,0.920871,1.018202,1.003947,1.014261,1.056802,1.050608,1.023189,0.977302,1.042382
7.705250,1.035357,1.002914,0.990101,0.974554,0.984509,0.986921,0.980790,0.981301,1.028340,1.008771,1.000019,0.983935,1.001915,0.990448,0.991932,1.009867,1.005232,0.998052,1.043986,0.990018,1.015831,1.039809,1.029393,1.016086,1.027200,1.018550,1.007256,1.009588,1.005778,0.970166,0.920908,1.018237,1.003987,1.014307,1.056847,1.050651,1.023232,0.977331,1.042383
7.713580,1.035382,1.002968,0.990152,0.974599,0.984548,0.986960,0.980826,0.981336,1.028353,1.008812,1.000060,0.983977,1.001957,0.990494,0.991982,1.009918,1.005282,0.998102,1.044034,0.990064,1.015881,1.039858,1.029442,1.016137,1.027248,1.018594,1.007303,1.009626,1.005813,0.970237,0.920944,1.018273,1.004028,1.014354,1.056892,1.050693,1.023275,0.977360,1.042384
7.721910,1.035406,1.003022,0.990202,0.974644,0.984587,0.986999,0.980862,0.981371,1.028367,1.008852,1.000100,0.984018,1.001999,0.990539,0.992032,1.009968,1.005331,0.998152,1.044082,0.990111,1.015931,1.039907,1.029490,1.016188,1.027295,1.018639,1.007349,1.009665,1.005849,0.970308,0.920980,1.018307,1.004068,1.014400,1.056937,1.050735,1.023317,0.977388,1.042384
7.730240,1.035430,1.003075,0.990252,0.974688,0.984625,0.987037,0.980898,0.981405,1.028379,1.008893,1.000140,0.984058,1.002041,0.990583,0.992081,1.010018,1.005381,0.998202,1.044130,0.990157,1.015980,1.039955,1.029538,1.016238,1.027342,1.018683,1.007395,1.009702,1.005884,0.970378,0.921016,1.018341,1.004107,1.014446,1.056981,1.050777,1.023359,0.977417,1.042384
7.738570,1.035454,1.003128,0.990302,0.974732,0.984664,0.987075,0.980933,0.981439,1.028392,1.008933,1.000179,0.984099,1.002082,0.990628,0.992130,1.010067,1.005429,0.998251,1.044178,0.990203,1.016029,1.040003,1.029585,1.016288,1.027389,1.018727,1.007441,1.009740,1.005919,0.970448,0.921051,1.018375,1.004147,1.014492,1.057025,1.050818,1.023401,0.977445,1.042385
7.746900,1.035477,1.003180,0.990351,0.974775,0.984701,0.987112,0.980968,0.981473,1.028405,1.008972,1.000218,0.984139,1.002123,0.990672,0.992179,1.010117,1.005478,0.998300,1.044225,0.990249,1.016078,1.040050,1.029633,1.016338,1.027436,1.018770,1.007487,1.009777,1.005954,0.970517,0.921086,1.018409,1.004186,1.014538,1.057069,1.050859,1.023443,0.977473,1.042384
7.755230,1.035501,1.003233,0.990400,0.974818,0.984739,0.987150,0.981003,0.981506,1.028417,1.009011,1.000257,0.984178,1.002163,0.990715,0.992227,1.010165,1.005526,0.998349,1.044272,0.990294,1.016126,1.040097,1.029679,1.016387,1.027482,1.018814,1.007532,1.009814,1.005988,0.970586,0.921121,1.018442,1.004225,1.014583,1.057112,1.050900,1.023484,0.977501,1.042384
7.763560,1.035524,1.003285,0.990449,0.974861,0.984776,0.987187,0.981037,0.981539,1.028429,1.009050,1.000295,0.984217,1.002203,0.990758,0.992275,1.010214,1.005574,0.998397,1.044318,0.990339,1.016174,1.040144,1.029726,1.016436,1.027528,1.018856,1.007576,1.009851,1.006022,0.970655,0.921156,1.018474,1.004264,1.014628,1.057155,1.050940,1.023525,0.977528,1.042384
7.771890,1.035546,1.003336,0.990497,0.974904,0.984813,0.987223,0.981071,0.981572,1.028441,1.009089,1.000333,0.984256,1.002243,0.990801,0.992322,1.010262,1.005621,0.998445,1.044364,0.990383,1.016221,1.040190,1.029772,1.016484,1.027574,1.018899,1.007621,1.009887,1.006056,0.970723,0.921190,1.018506,1.004302,1.014672,1.057198,1.050979,1.023565,0.977555,1.042383
7.780220,1.035569,1.003387,0.990544,0.974946,0.984849,0.987259,0.981104,0.981604,1.028452,1.009127,1.000370,0.984294,1.002282,0.990843,0.992369,1.010310,1.005668,0.998492,1.044410,0.990428,1.016268,1.040235,1.029817,1.016532,1.027619,1.018941,1.007665,1.009923,1.006090,0.970791,0.921224,1.018538,1.004340,1.014716,1.057240,1.051018,1.023605,0.977582,1.042383
7.788550,1.035591,1.003438,0.990592,0.974987,0.984885,0.987295,0.981137,0.981636,1.028464,1.009164,1.000407,0.984332,1.002321,0.990885,0.992416,1.010357,1.005715,0.998539,1.044455,0.990472,1.016315,1.040281,1.029862,1.016580,1.027664,1.018983,1.007709,1.009959,1.006123,0.970858,0.921257,1.018569,1.004378,1.014760,1.057282,1.051057,1.023645,0.977609,1.042382
7.796880,1.035613,1.003488,0.990639,0.975028,0.984921,0.987330,0.981170,0.981668,1.028475,1.009201,1.000444,0.984370,1.002360,0.990927,0.992462,1.010403,1.005761,0.998585,1.044500,0.990515,1.016361,1.040325,1.029907,1.016627,1.027708,1.019024,1.007752,1.009994,1.006156,0.970925,0.921290,1.018599,1.004415,1.014803,1.057323,1.051095,1.023684,0.977635,1.042381
7.805210,1.035635,1.003538,0.990685,0.975069,0.984956,0.987365,0.981203,0.981699,1.028486,1.009238,1.000480,0.984407,1.002398,0.990968,0.992508,1.010450,1.005806,0.998632,1.044545,0.990558,1.016407,1.040370,1.029951,1.016674,1.027752,1.019065,1.007795,1.010029,1.006188,0.970992,0.921323,1.018629,1.004452,1.014847,1.057364,1.051133,1.023723,0.977661,1.042380
7.813540,1.035656,1.003587,0.990731,0.975110,0.984991,0.987400,0.981235,0.981730,1.028496,1.009274,1.000516,0.984444,1.002435,0.991008,0.992553,1.010496,1.005852,0.998677,1.044589,0.990601,1.016452,1.040414,1.029994,1.016720,1.027796,1.019106,1.007837,1.010063,1.006220,0.971058,0.921355,1.018659,1.004489,1.014889,1.057404,1.051170,1.023762,0.977687,1.042379
7.821870,1.035677,1.003636,0.990777,0.975150,0.985025,0.987434,0.981266,0.981760,1.028507,1.009310,1.000551,0.984480,1.002472,0.991049,0.992598,1.010541,1.005897,0.998722,1.044633,0.990644,1.016497,1.040457,1.030037,1.016766,1.027839,1.019146,1.007879,1.010097,1.006252,0.971123,0.921387,1.018688,1.004525,1.014931,1.057444,1.051207,1.023800,0.977712,1.042377
7.830200,1.035698,1.003685,0.990822,0.975189,0.985059,0.987468,0.981298,0.981790,1.028517,1.009345,1.000586,0.984516,1.002509,0.991088,0.992642,1.010586,1.005941,0.998767,1.044676,0.990686,1.016541,1.040500,1.030080,1.016811,1.027882,1.019185,1.007921,1.010131,1.006283,0.971189,0.921419,1.018717,1.004561,1.014973,1.057484,1.051244,1.023838,0.977737,1.042376
7.838530,1.035718,1.003733,0.990866,0.975228,0.985093,0.987501,0.981328,0.981820,1.028527,1.009380,1.000620,0.984551,1.002545,0.991128,0.992686,1.010630,1.005985,0.998811,1.044719,0.990727,1.016585,1.040542,1.030122,1.016856,1.027924,1.019225,1.007962,1.010164,1.006314,0.971253,0.921450,1.018746,1.004597,1.015015,1.057523,1.051279,1.023876,0.977762,1.042374
7.846860,1.035738,1.003780,0.990911,0.975267,0.985126,0.987534,0.981359,0.981850,1.028537,1.009415,1.000655,0.984586,1.002581,0.991167,0.992730,1.010674,1.006028,0.998855,1.044761,0.990768,1.016628,1.040584,1.030164,1.016900,1.027966,1.019264,1.008002,1.010197,1.006344,0.971317,0.921480,1.018774,1.004632,1.015056,1.057562,1.051315,1.023913,0.977786,1.042373
7.855190,1.035758,1.003827,0.990954,0.975305,0.985159,0.987567,0.981389,0.981879,1.028547,1.009449,1.000688,0.984620,1.002616,0.991205,0.992773,1.010718,1.006071,0.998899,1.044803,0.990809,1.016671,1.040626,1.030205,1.016944,1.028007,1.019302,1.008042,1.010230,1.006375,0.971381,0.921511,1.018801,1.004667,1.015096,1.057600,1.051349,1.023949,0.977810,1.042371
7.863520,1.035778,1.003874,0.990998,0.975343,0.985192,0.987599,0.981419,0.981907,1.028556,1.009482,1.000721,0.984654,1.002651,0.991243,0.992815,1.010761,1.006113,0.998941,1.044845,0.990849,1.016713,1.040667,1.030246,1.016987,1.028048,1.019340,1.008082,1.010262,1.006404,0.971444,0.921541,1.018828,1.004701,1.015136,1.057638,1.051383,1.023985,0.977833,1.042369
7.871850,1.035797,1.003920,0.991040,0.975380,0.985223,0.987631,0.981448,0.981936,1.028565,1.009515,1.000754,0.984688,1.002685,0.991280,0.992857,1.010803,1.006155,0.998984,1.044886,0.990889,1.016755,1.040707,1.030286,1.017030,1.028089,1.019377,1.008121,1.010293,1.006433,0.971507,0.921570,1.018854,1.004735,1.015176,1.057675,1.051417,1.024021,0.977856,1.042366
7.880180,1.035816,1.003966,0.991083,0.975417,0.985255,0.987662,0.981477,0.981963,1.028574,1.009548,1.000786,0.984721,1.002719,0.991317,0.992898,1.010845,1.006197,0.999026,1.044926,0.990929,1.016796,1.040747,1.030325,1.017072,1.028129,1.019414,1.008160,1.010325,1.006462,0.971569,0.921600,1.018881,1.004769,1.015215,1.057712,1.051450,1.024056,0.977879,1.042364
7.888510,1.035835,1.004011,0.991125,0.975453,0.985286,0.987693,0.981506,0.981991,1.028583,1.009580,1.000818,0.984753,1.002753,0.991354,0.992939,1.010887,1.006238,0.999067,1.044966,0.990967,1.016837,1.040786,1.030364,1.017114,1.028169,1.019451,1.008198,1.010355,1.006490,0.971631,0.921628,1.018906,1.004802,1.015254,1.057748,1.051483,1.024091,0.977901,1.042362
7.896840,1.035853,1.004056,0.991166,0.975489,0.985317,0.987723,0.981534,0.982018,1.028591,1.009612,1.000849,0.984786,1.002786,0.991390,0.992979,1.010927,1.006278,0.999108,1.045006,0.991006,1.016877,1.040825,1.030402,1.017155,1.028208,1.019487,1.008236,1.010385,1.006518,0.971692,0.921657,1.018931,1.004835,1.015292,1.057783,1.051515,1.024126,0.977923,1.042359
7.905170,1.035871,1.004100,0.991207,0.975525,0.985347,0.987753,0.981561,0.982045,1.028599,1.009643,1.000880,0.984817,1.002818,0.991425,0.993019,1.010968,1.006318,0.999148,1.045045,0.991044,1.016916,1.040863,1.030440,1.017196,1.028247,1.019522,1.008273,1.010415,1.006545,0.971753,0.921685,1.018956,1.004867,1.015330,1.057819,1.051546,1.024160,0.977944,1.042356
7.913500,1.035889,1.004143,0.991247,0.975559,0.985377,0.987782,0.981589,0.982071,1.028607,1.009674,1.000911,0.984848,1.002850,0.991460,0.993059,1.011008,1.006357,0.999188,1.045083,0.991081,1.016955,1.040901,1.030477,1.017236,1.028285,1.019557,1.008310,1.010444,1.006572,0.971813,0.921712,1.018980,1.004899,1.015367,1.057853,1.051577,1.024193,0.977965,1.042354
7.921830,1.035906,1.004187,0.991287,0.975594,0.985406,0.987811,0.981615,0.982097,1.028615,1.009704,1.000940,0.984879,1.002881,0.991494,0.993097,1.011047,1.006396,0.999227,1.045121,0.991118,1.016994,1.040938,1.030514,1.017275,1.028323,1.019592,1.008346,1.010473,1.006599,0.971873,0.921739,1.019004,1.004930,1.015404,1.057887,1.051607,1.024226,0.977985,1.042351
7.930160,1.035924,1.004229,0.991326,0.975628,0.985435,0.987840,0.981642,0.982122,1.028623,1.009734,1.000970,0.984909,1.002912,0.991528,0.993135,1.011085,1.006434,0.999266,1.045159,0.991155,1.017031,1.040974,1.030550,1.017314,1.028360,1.019626,1.008382,1.010501,1.006625,0.971932,0.921766,1.019027,1.004961,1.015440,1.057921,1.051637,1.024259,0.978005,1.042348
7.938490,1.035940,1.004271,0.991364,0.975661,0.985463,0.987868,0.981668,0.982147,1.028630,1.009763,1.000999,0.984939,1.002943,0.991562,0.993173,1.011123,1.006472,0.999304,1.045196,0.991191,1.017069,1.041010,1.030585,1.017353,1.028397,1.019659,1.008417,1.010529,1.006650,0.971990,0.921792,1.019050,1.004992,1.015476,1.057954,1.051666,1.024291,0.978025,1.042344
7.946820,1.035957,1.004313,0.991403,0.975694,0.985491,0.987896,0.981693,0.982172,1.028637,1.009792,1.001027,0.984968,1.002973,0.991595,0.993210,1.011161,1.006509,0.999341,1.045232,0.991226,1.017105,1.041045,1.030620,1.017391,1.028433,1.019692,1.008452,1.010556,1.006675,0.972048,0.921818,1.019072,1.005022,1.015511,1.057986,1.051694,1.024322,0.978044,1.042341
7.955150,1.035973,1.004354,0.991440,0.975727,0.985519,0.987923,0.981718,0.982196,1.028644,1.009820,1.001055,0.984997,1.003002,0.991627,0.993246,1.011198,1.006545,0.999378,1.045268,0.991261,1.017141,1.041080,1.030654,1.017428,1.028469,1.019724,1.008486,1.010583,1.006699,0.972106,0.921844,1.019094,1.005052,1.015546,1.058018,1.051722,1.024353,0.978062,1.042338
7.963480,1.035989,1.004394,0.991477,0.975759,0.985546,0.987950,0.981743,0.982220,1.028650,1.009848,1.001083,0.985025,1.003031,0.991659,0.993282,1.011234,1.006581,0.999415,1.045303,0.991295,1.017177,1.041114,1.030688,1.017464,1.028504,1.019756,1.008519,1.010609,1.006723,0.972163,0.921869,1.019115,1.005081,1.015580,1.058049,1.051749,1.024384,0.978080,1.042334
7.971810,1.036004,1.004434,0.991514,0.975790,0.985572,0.987976,0.981767,0.982243,1.028657,1.009875,1.001110,0.985053,1.003060,0.991690,0.993317,1.011270,1.006616,0.999450,1.045337,0.991329,1.017211,1.041147,1.030721,1.017500,1.028539,1.019787,1.008552,1.010634,1.006746,0.972219,0.921893,1.019136,1.005110,1.015614,1.058080,1.051776,1.024414,0.978098,1.042331
7.980140,1.036019,1.004473,0.991549,0.975821,0.985598,0.988002,0.981791,0.982266,1.028663,1.009902,1.001136,0.985080,1.003088,0.991721,0.993352,1.011305,1.006651,0.999486,1.045371,0.991362,1.017246,1.041180,1.030753,1.017536,1.028574,1.019818,1.008584,1.010659,1.006768,0.972275,0.921917,1.019157,1.005138,1.015647,1.058110,1.051802,1.024444,0.978115,1.042327
7.988470,1.036034,1.004512,0.991585,0.975851,0.985624,0.988027,0.981814,0.982288,1.028669,1.009928,1.001162,0.985107,1.003115,0.991751,0.993386,1.011339,1.006685,0.999520,1.045405,0.991395,1.017279,1.041212,1.030785,1.017570,1.028607,1.019848,1.008616,1.010683,1.006791,0.972330,0.921941,1.019177,1.005165,1.015679,1.058140,1.051827,1.024473,0.978131,1.042323
7.996800,1.036049,1.004550,0.991619,0.975881,0.985649,0.988052,0.981837,0.982310,1.028675,1.009954,1.001188,0.985133,1.003142,0.991780,0.993419,1.011373,1.006719,0.999554,1.045438,0.991427,1.017312,1.041243,1.030816,1.017604,1.028641,1.019878,1.008647,1.010707,1.006812,0.972385,0.921964,1.019196,1.005192,1.015711,1.058169,1.051852,1.024501,0.978147,1.042319
8.005130,1.036063,1.004588,0.991654,0.975910,0.985673,0.988076,0.981860,0.982332,1.028680,1.009979,1.001213,0.985159,1.003168,0.991809,0.993452,1.011406,1.006751,0.999588,1.045470,0.991458,1.017344,1.041274,1.030846,1.017638,1.028673,1.019907,1.008678,1.010730,1.006833,0.972439,0.921987,1.019215,1.005219,1.015742,1.058197,1.051876,1.024529,0.978162,1.042315
8.013460,1.036076,1.004625,0.991687,0.975939,0.985698,0.988100,0.981882,0.982353,1.028686,1.010004,1.001237,0.985184,1.003194,0.991838,0.993484,1.011439,1.006784,0.999621,1.045501,0.991489,1.017376,1.041304,1.030876,1.017671,1.028705,1.019935,1.008708,1.010753,1.006853,0.972492,0.922009,1.019233,1.005245,1.015773,1.058225,1.051900,1.024557,0.978177,1.042311
8.021790,1.036090,1.004662,0.991720,0.975967,0.985721,0.988123,0.981903,0.982373,1.028691,1.010028,1.001261,0.985208,1.003219,0.991866,0.993516,1.011471,1.006815,0.999653,1.045532,0.991519,1.017407,1.041334,1.030905,1.017703,1.028737,1.019963,1.008737,1.010775,1.006873,0.972545,0.922031,1.019251,1.005271,1.015803,1.058252,1.051923,1.024584,0.978192,1.042307
8.030120,1.036103,1.004697,0.991753,0.975994,0.985744,0.988146,0.981924,0.982394,1.028696,1.010051,1.001284,0.985232,1.003244,0.991893,0.993547,1.011502,1.006846,0.999684,1.045563,0.991549,1.017437,1.041363,1.030933,1.017734,1.028768,1.019990,1.008766,1.010797,1.006892,0.972597,0.922052,1.019269,1.005296,1.015833,1.058278,1.051945,1.024610,0.978205,1.042302
8.038450,1.036116,1.004733,0.991784,0.976022,0.985767,0.988168,0.981945,0.982413,1.028700,1.010074,1.001307,0.985256,1.003268,0.991920,0.993577,1.011532,1.006877,0.999715,1.045592,0.991578,1.017467,1.041391,1.030961,1.017765,1.028799,1.020017,1.008794,1.010817,1.006911,0.972649,0.922073,1.019286,1.005320,1.015861,1.058304,1.051966,1.024636,0.978218,1.042298
8.046780,1.036128,1.004767,0.991815,0.976048,0.985789,0.988190,0.981965,0.982433,1.028705,1.010097,1.001329,0.985279,1.003292,0.991946,0.993607,1.011562,1.006906,0.999746,1.045621,0.991607,1.017496,1.041418,1.030988,1.017795,1.028828,1.020043,1.008821,1.010838,1.006929,0.972700,0.922093,1.019302,1.005344,1.015890,1.058329,1.051987,1.024662,0.978231,1.042293
8.055110,1.036140,1.004801,0.991846,0.976074,0.985810,0.988211,0.981984,0.982451,1.028709,1.010119,1.001351,0.985301,1.003315,0.991971,0.993635,1.011591,1.006935,0.999775,1.045650,0.991635,1.017524,1.041445,1.031014,1.017825,1.028858,1.020068,1.008848,1.010857,1.006946,0.972750,0.922113,1.019318,1.005368,1.015917,1.058354,1.052007,1.024686,0.978243,1.042289
8.063440,1.036152,1.004835,0.991876,0.976099,0.985831,0.988232,0.982003,0.982470,1.028713,1.010140,1.001372,0.985323,1.003337,0.991996,0.993664,1.011620,1.006964,0.999804,1.045678,0.991662,1.017551,1.041471,1.031039,1.017853,1.028887,1.020093,1.008874,1.010876,1.006963,0.972800,0.922132,1.019334,1.005391,1.015944,1.058378,1.052027,1.024711,0.978255,1.042284
8.071770,1.036163,1.004868,0.991905,0.976124,0.985852,0.988252,0.982022,0.982488,1.028716,1.010161,1.001393,0.985344,1.003359,0.992021,0.993691,1.011648,1.006991,0.999833,1.045705,0.991688,1.017578,1.041497,1.031064,1.017881,1.028915,1.020117,1.008900,1.010895,1.006979,0.972849,0.922151,1.019349,1.005413,1.015971,1.058401,1.052045,1.024734,0.978265,1.042279
8.080100,1.036174,1.004900,0.991934,0.976148,0.985872,0.988272,0.982040,0.982505,1.028720,1.010181,1.001413,0.985365,1.003380,0.992045,0.993718,1.011675,1.007018,0.999860,1.045731,0.991714,1.017604,1.041521,1.031088,1.017909,1.028943,1.020140,1.008925,1.010912,1.006994,0.972898,0.922170,1.019363,1.005435,1.015997,1.058424,1.052063,1.024758,0.978276,1.042274
8.088430,1.036185,1.004932,0.991962,0.976172,0.985891,0.988291,0.982058,0.982522,1.028723,1.010201,1.001433,0.985385,1.003401,0.992068,0.993744,1.011701,1.007045,0.999887,1.045757,0.991740,1.017630,1.041545,1.031112,1.017935,1.028970,1.020163,1.008949,1.010929,1.007009,0.972946,0.922188,1.019377,1.005456,1.016022,1.058446,1.052081,1.024780,0.978285,1.042269
8.096760,1.036196,1.004962,0.991989,0.976195,0.985910,0.988310,0.982075,0.982538,1.028726,1.010220,1.001452,0.985405,1.003421,0.992090,0.993770,1.011727,1.007070,0.999914,1.045782,0.991764,1.017654,1.041568,1.031134,1.017961,1.028996,1.020185,1.008973,1.010946,1.007023,0.972993,0.922205,1.019390,1.005477,1.016046,1.058467,1.052098,1.024802,0.978294,1.042264
8.105090,1.036205,1.004993,0.992016,0.976217,0.985929,0.988328,0.982091,0.982554,1.028729,1.010239,1.001470,0.985424,1.003441,0.992112,0.993795,1.011752,1.007095,0.999940,1.045806,0.991788,1.017678,1.041591,1.031156,1.017986,1.029022,1.020207,1.008996,1.010961,1.007037,0.973040,0.922222,1.019403,1.005497,1.016070,1.058488,1.052114,1.024824,0.978303,1.042259
8.113420,1.036215,1.005023,0.992042,0.976239,0.985947,0.988346,0.982108,0.982570,1.028732,1.010257,1.001488,0.985442,1.003459,0.992133,0.993819,1.011776,1.007120,0.999965,1.045830,0.991812,1.017701,1.041613,1.031178,1.018011,1.029047,1.020228,1.009018,1.010976,1.007049,0.973086,0.922238,1.019416,1.005516,1.016093,1.058508,1.052129,1.024844,0.978310,1.042254
8.121750,1.036224,1.005052,0.992067,0.976260,0.985964,0.988363,0.982123,0.982585,1.028734,1.010274,1.001505,0.985460,1.003478,0.992154,0.993842,1.011800,1.007143,0.999989,1.045853,0.991835,1.017724,1.041634,1.031198,1.018035,1.029072,1.020248,1.009039,1.010991,1.007062,0.973131,0.922254,1.019427,1.005535,1.016116,1.058527,1.052143,1.024865,0.978318,1.042248
8.130080,1.036233,1.005080,0.992092,0.976280,0.985981,0.988379,0.982138,0.982599,1.028736,1.010291,1.001522,0.985477,1.003496,0.992174,0.993865,1.011823,1.007166,1.000012,1.045875,0.991857,1.017746,1.041654,1.031218,1.018058,1.029096,1.020267,1.009060,1.011005,1.007073,0.973176,0.922270,1.019439,1.005553,1.016138,1.058546,1.052157,1.024884,0.978324,1.042243
8.138410,1.036242,1.005108,0.992116,0.976300,0.985997,0.988395,0.982153,0.982613,1.028738,1.010307,1.001538,0.985494,1.003513,0.992193,0.993887,1.011845,1.007188,1.000035,1.045897,0.991878,1.017767,1.041674,1.031237,1.018080,1.029120,1.020286,1.009081,1.011018,1.007084,0.973220,0.922285,1.019449,1.005571,1.016159,1.058564,1.052170,1.024903,0.978330,1.042238
8.146740,1.036250,1.005135,0.992140,0.976320,0.986012,0.988410,0.982167,0.982627,1.028740,1.010323,1.001554,0.985510,1.003529,0.992212,0.993908,1.011866,1.007210,1.000058,1.045918,0.991899,1.017787,1.041693,1.031255,1.018101,1.029143,1.020304,1.009100,1.011030,1.007094,0.973264,0.922299,1.019460,1.005588,1.016179,1.058581,1.052183,1.024922,0.978335,1.042232
8.155070,1.036258,1.005161,0.992163,0.976338,0.986028,0.988425,0.982180,0.982640,1.028741,1.010338,1.001569,0.985525,1.003545,0.992230,0.993928,1.011887,1.007230,1.000079,1.045938,0.991919,1.017806,1.041711,1.031272,1.018122,1.029165,1.020322,1.009119,1.011041,1.007103,0.973307,0.922313,1.019469,1.005605,1.016199,1.058598,1.052195,1.024940,0.978340,1.042226
8.163400,1.036265,1.005187,0.992185,0.976356,0.986042,0.988439,0.982194,0.982652,1.028743,1.010352,1.001583,0.985540,1.003560,0.992247,0.993948,1.011907,1.007250,1.000100,1.045957,0.991938,1.017825,1.041728,1.031289,1.018142,1.029187,1.020339,1.009137,1.011052,1.007112,0.973349,0.922326,1.019478,1.005620,1.016218,1.058614,1.052206,1.024957,0.978344,1.042221
8.171730,1.036273,1.005212,0.992206,0.976374,0.986056,0.988453,0.982206,0.982664,1.028744,1.010366,1.001597,0.985554,1.003575,0.992264,0.993967,1.011926,1.007270,1.000120,1.045976,0.991956,1.017843,1.041744,1.031305,1.018161,1.029208,1.020355,1.009154,1.011063,1.007120,0.973390,0.922339,1.019487,1.005636,1.016237,1.058629,1.052216,1.024974,0.978347,1.042215
8.180060,1.036279,1.005237,0.992227,0.976390,0.986069,0.988466,0.982218,0.982676,1.028745,1.010379,1.001610,0.985568,1.003589,0.992280,0.993985,1.011944,1.007288,1.000139,1.045994,0.991974,1.017860,1.041760,1.031320,1.018180,1.029228,1.020370,1.009171,1.011072,1.007127,0.973431,0.922351,1.019495,1.005650,1.016254,1.058643,1.052225,1.024990,0.978349,1.042209
8.188390,1.036286,1.005260,0.992247,0.976407,0.986082,0.988479,0.982229,0.982687,1.028745,1.010392,1.001623,0.985581,1.003602,0.992295,0.994003,1.011962,1.007306,1.000158,1.046011,0.991991,1.017877,1.041775,1.031334,1.018197,1.029248,1.020385,1.009187,1.011081,1.007134,0.973471,0.922363,1.019502,1.005664,1.016271,1.058657,1.052234,1.025005,0.978351,1.042203
8.196720,1.036292,1.005284,0.992266,0.976422,0.986094,0.988491,0.982240,0.982697,1.028745,1.010404,1.001635,0.985593,1.003615,0.992310,0.994020,1.011978,1.007323,1.000176,1.046027,0.992008,1.017892,1.041789,1.031348,1.018214,1.029267,1.020399,1.009202,1.011089,1.007140,0.973511,0.922374,1.019509,1.005677,1.016287,1.058670,1.052242,1.025020,0.978353,1.042197
8.205050,1.036298,1.005306,0.992285,0.976437,0.986106,0.988502,0.982251,0.982707,1.028746,1.010415,1.001646,0.985605,1.003627,0.992324,0.994036,1.011994,1.007339,1.000193,1.046043,0.992024,1.017907,1.041803,1.031360,1.018230,1.029286,1.020412,1.009217,1.011096,1.007145,0.973550,0.922385,1.019516,1.005690,1.016303,1.058682,1.052249,1.025034,0.978353,1.042191
8.213380,1.036303,1.005328,0.992303,0.976451,0.986117,0.988513,0.982261,0.982716,1.028746,1.010426,1.001657,0.985616,1.003639,0.992338,0.994051,1.012010,1.007354,1.000210,1.046058,0.992039,1.017921,1.041815,1.031372,1.018246,1.029304,1.020425,1.009231,1.011103,1.007149,0.973588,0.922395,1.019521,1.005702,1.016318,1.058694,1.052256,1.025048,0.978353,1.042185
8.221710,1.036308,1.005349,0.992320,0.976465,0.986128,0.988523,0.982270,0.982725,1.028745,1.010436,1.001667,0.985627,1.003650,0.992350,0.994065,1.012024,1.007369,1.000225,1.046072,0.992053,1.017934,1.041827,1.031383,1.018260,1.029321,1.020437,1.009244,1.011109,1.007153,0.973625,0.922404,1.019526,1.005713,1.016332,1.058704,1.052261,1.025061,0.978352,1.042179
8.230040,1.036313,1.005369,0.992336,0.976477,0.986137,0.988533,0.982279,0.982734,1.028745,1.010445,1.001677,0.985637,1.003660,0.992362,0.994079,1.012038,1.007383,1.000240,1.046085,0.992066,1.017947,1.041838,1.031394,1.018274,1.029337,1.020448,1.009256,1.011114,1.007156,0.973662,0.922413,1.019531,1.005724,1.016345,1.058714,1.052266,1.025073,0.978350,1.042173
8.238370,1.036317,1.005389,0.992352,0.976490,0.986147,0.988542,0.982287,0.982741,1.028744,1.010454,1.001686,0.985646,1.003669,0.992373,0.994092,1.012051,1.007396,1.000254,1.046098,0.992079,1.017958,1.041848,1.031403,1.018287,1.029353,1.020458,1.009268,1.011118,1.007158,0.973698,0.922422,1.019535,1.005734,1.016358,1.058724,1.052271,1.025085,0.978348,1.042166
8.246700,1.036321,1.005408,0.992367,0.976501,0.986155,0.988550,0.982294,0.982749,1.028743,1.010462,1.001694,0.985655,1.003678,0.992384,0.994104,1.012063,1.007409,1.000268,1.046110,0.992091,1.017969,1.041858,1.031412,1.018299,1.029369,1.020468,1.009279,1.011122,1.007159,0.973734,0.922430,1.019538,1.005743,1.016370,1.058732,1.052274,1.025096,0.978345,1.042160
8.255030,1.036324,1.005426,0.992381,0.976512,0.986164,0.988558,0.982302,0.982755,1.028742,1.010470,1.001702,0.985662,1.003687,0.992394,0.994115,1.012074,1.007420,1.000281,1.046121,0.992102,1.017979,1.041866,1.031420,1.018310,1.029383,1.020477,1.009289,1.011125,1.007160,0.973768,0.922437,1.019541,1.005752,1.016381,1.058740,1.052277,1.025107,0.978341,1.042154
8.263360,1.036327,1.005444,0.992395,0.976522,0.986171,0.988565,0.982308,0.982762,1.028740,1.010477,1.001709,0.985670,1.003694,0.992403,0.994126,1.012084,1.007431,1.000292,1.046131,0.992113,1.017988,1.041874,1.031427,1.018321,1.029397,1.020485,1.009298,1.011127,1.007160,0.973802,0.922444,1.019544,1.005760,1.016391,1.058747,1.052278,1.025117,0.978337,1.042147
8.271690,1.036330,1.005461,0.992408,0.976532,0.986178,0.988572,0.982314,0.982767,1.028739,1.010483,1.001715,0.985676,1.003701,0.992412,0.994136,1.012094,1.007441,1.000304,1.046140,0.992123,1.017997,1.041881,1.031433,1.018330,1.029411,1.020493,1.009307,1.011128,1.007159,0.973836,0.922450,1.019545,1.005768,1.016401,1.058753,1.052280,1.025126,0.978332,1.042141
8.280020,1.036333,1.005477,0.992420,0.976541,0.986184,0.988578,0.982319,0.982772,1.028737,1.010489,1.001721,0.985682,1.003707,0.992419,0.994145,1.012103,1.007451,1.000314,1.046149,0.992132,1.018004,1.041887,1.031438,1.018339,1.029423,1.020499,1.009314,1.011129,1.007157,0.973868,0.922455,1.019546,1.005774,1.016409,1.058759,1.052280,1.025134,0.978326,1.042134
8.288350,1.036335,1.005492,0.992432,0.976549,0.986190,0.988583,0.982324,0.982777,1.028734,1.010494,1.001726,0.985688,1.003713,0.992426,0.994153,1.012111,1.007459,1.000324,1.046157,0.992140,1.018011,1.041892,1.031443,1.018347,1.029435,1.020505,1.009321,1.011128,1.007155,0.973900,0.922461,1.019547,1.005780,1.016417,1.058763,1.052279,1.025142,0.978320,1.042128
8.296680,1.036337,1.005507,0.992442,0.976556,0.986195,0.988588,0.982329,0.982781,1.028732,1.010498,1.001730,0.985693,1.003718,0.992433,0.994160,1.012118,1.007467,1.000332,1.046164,0.992147,1.018017,1.041897,1.031447,1.018354,1.029447,1.020510,1.009328,1.011127,1.007152,0.973931,0.922465,1.019547,1.005786,1.016425,1.058767,1.052278,1.025149,0.978312,1.042121
8.305010,1.036338,1.005521,0.992452,0.976563,0.986199,0.988592,0.982332,0.982785,1.028730,1.010502,1.001734,0.985697,1.003722,0.992438,0.994167,1.012124,1.007474,1.000341,1.046170,0.992154,1.018022,1.041901,1.031449,1.018360,1.029458,1.020515,1.009333,1.011126,1.007148,0.973962,0.922469,1.019546,1.005790,1.016431,1.058770,1.052276,1.025156,0.978304,1.042114
8.313340,1.036339,1.005534,0.992461,0.976569,0.986203,0.988596,0.982336,0.982787,1.028727,1.010505,1.001737,0.985700,1.003726,0.992443,0.994172,1.012130,1.007480,1.000348,1.046175,0.992160,1.018026,1.041903,1.031451,1.018366,1.029468,1.020519,1.009338,1.011123,1.007143,0.973992,0.922472,1.019545,1.005794,1.016437,1.058773,1.052273,1.025162,0.978295,1.042108
8.321670,1.036340,1.005547,0.992470,0.976575,0.986207,0.988599,0.982338,0.982790,1.028724,1.010507,1.001740,0.985703,1.003728,0.992448,0.994177,1.012134,1.007485,1.000354,1.046180,0.992165,1.018029,1.041905,1.031453,1.018370,1.029477,1.020522,1.009342,1.011120,1.007138,0.974021,0.922475,1.019543,1.005797,1.016442,1.058775,1.052270,1.025167,0.978286,1.042101
8.330000,1.036340,1.005559,0.992478,0.976579,0.986209,0.988601,0.982340,0.982792,1.028720,1.010509,1.001742,0.985705,1.003731,0.992451,0.994181,1.012138,1.007490,1.000360,1.046184,0.992169,1.018032,1.041906,1.031453,1.018374,1.029486,1.020524,1.009345,1.011116,1.007131,0.974049,0.922477,1.019540,1.005800,1.016446,1.058775,1.052265,1.025172,0.978276,1.042094
8.338330,1.036340,1.005570,0.992485,0.976583,0.986211,0.988603,0.982342,0.982793,1.028717,1.010510,1.001743,0.985706,1.003732,0.992454,0.994185,1.012141,1.007493,1.000365,1.046187,0.992173,1.018033,1.041907,1.031452,1.018377,1.029494,1.020525,1.009348,1.011111,1.007124,0.974077,0.922479,1.019537,1.005802,1.016449,1.058775,1.052260,1.025176,0.978265,1.042087
8.346660,1.036340,1.005581,0.992491,0.976587,0.986213,0.988604,0.982342,0.982794,1.028713,1.010510,1.001744,0.985707,1.003733,0.992456,0.994187,1.012143,1.007496,1.000369,1.046189,0.992176,1.018034,1.041906,1.031451,1.018379,1.029501,1.020526,1.009349,1.011105,1.007116,0.974104,0.922480,1.019534,1.005803,1.016452,1.058775,1.052254,1.025179,0.978253,1.042080
8.354990,1.036339,1.005590,0.992497,0.976589,0.986213,0.988605,0.982343,0.982794,1.028709,1.010510,1.001744,0.985707,1.003733,0.992457,0.994189,1.012145,1.007499,1.000373,1.046190,0.992178,1.018034,1.041905,1.031449,1.018381,1.029508,1.020526,1.009350,1.011099,1.007108,0.974130,0.922481,1.019530,1.005803,1.016454,1.058773,1.052247,1.025182,0.978240,1.042074
8.363320,1.036338,1.005600,0.992501,0.976591,0.986214,0.988605,0.982343,0.982794,1.028705,1.010509,1.001743,0.985706,1.003733,0.992458,0.994190,1.012145,1.007500,1.000375,1.046191,0.992179,1.018033,1.041903,1.031446,1.018381,1.029514,1.020525,1.009350,1.011092,1.007098,0.974155,0.922481,1.019525,1.005803,1.016455,1.058771,1.052239,1.025184,0.978227,1.042067
8.371650,1.036336,1.005608,0.992505,0.976593,0.986213,0.988604,0.982342,0.982793,1.028701,1.010507,1.001742,0.985705,1.003732,0.992458,0.994190,1.012145,1.007500,1.000377,1.046190,0.992179,1.018031,1.041899,1.031442,1.018381,1.029519,1.020523,1.009350,1.011084,1.007088,0.974180,0.922480,1.019519,1.005802,1.016455,1.058768,1.052231,1.025185,0.978213,1.042060
8.379980,1.036335,1.005616,0.992509,0.976593,0.986212,0.988603,0.982340,0.982791,1.028696,1.010505,1.001740,0.985703,1.003730,0.992457,0.994189,1.012144,1.007500,1.000378,1.046189,0.992179,1.018029,1.041896,1.031437,1.018379,1.029524,1.020521,1.009348,1.011075,1.007077,0.974205,0.922479,1.019513,1.005800,1.016455,1.058764,1.052222,1.025186,0.978198,1.042053
8.388310,1.036332,1.005623,0.992511,0.976593,0.986210,0.988601,0.982338,0.982789,1.028692,1.010502,1.001737,0.985701,1.003727,0.992456,0.994187,1.012142,1.007499,1.000378,1.046187,0.992178,1.018025,1.041891,1.031432,1.018377,1.029528,1.020518,1.009346,1.011065,1.007065,0.974228,0.922477,1.019507,1.005798,1.016453,1.058759,1.052212,1.025186,0.978183,1.042046
8.396640,1.036330,1.005629,0.992513,0.976592,0.986208,0.988598,0.982336,0.982787,1.028687,1.010498,1.001734,0.985698,1.003724,0.992453,0.994185,1.012139,1.007497,1.000378,1.046184,0.992176,1.018021,1.041885,1.031425,1.018374,1.029531,1.020514,1.009343,1.011055,1.007053,0.974251,0.922475,1.019500,1.005795,1.016451,1.058754,1.052201,1.025186,0.978167,1.042039
8.404970,1.036327,1.005634,0.992514,0.976591,0.986205,0.988595,0.982333,0.982784,1.028681,1.010494,1.001730,0.985694,1.003720,0.992450,0.994182,1.012135,1.007494,1.000377,1.046181,0.992173,1.018016,1.041879,1.031418,1.018370,1.029534,1.020509,1.009339,1.011044,1.007040,0.974273,0.922472,1.019492,1.005791,1.016448,1.058748,1.052190,1.025184,0.978150,1.042032
8.413300,1.036324,1.005639,0.992515,0.976589,0.986202,0.988591,0.982329,0.982780,1.028676,1.010489,1.001726,0.985689,1.003716,0.992447,0.994178,1.012131,1.007491,1.000375,1.046176,0.992169,1.018010,1.041871,1.031410,1.018366,1.029536,1.020504,1.009335,1.011032,1.007025,0.974294,0.922468,1.019483,1.005787,1.016444,1.058741,1.052177,1.025183,0.978132,1.042025
8.421630,1.036321,1.005643,0.992514,0.976586,0.986198,0.988587,0.982325,0.982776,1.028670,1.010484,1.001721,0.985684,1.003710,0.992442,0.994173,1.012126,1.007486,1.000372,1.046171,0.992165,1.018003,1.041863,1.031401,1.018360,1.029537,1.020498,1.009329,1.011019,1.007010,0.974315,0.922464,1.019475,1.005781,1.016440,1.058733,1.052164,1.025180,0.978114,1.042018
8.429960,1.036317,1.005647,0.992513,0.976582,0.986193,0.988582,0.982320,0.982771,1.028664,1.010477,1.001715,0.985678,1.003705,0.992437,0.994167,1.012119,1.007481,1.000368,1.046165,0.992160,1.017996,1.041854,1.031391,1.018354,1.029538,1.020491,1.009323,1.011005,1.006995,0.974335,0.922460,1.019465,1.005775,1.016435,1.058724,1.052150,1.025177,0.978094,1.042010
8.438290,1.036313,1.005650,0.992511,0.976578,0.986188,0.988577,0.982315,0.982766,1.028658,1.010471,1.001709,0.985672,1.003698,0.992431,0.994161,1.012112,1.007475,1.000364,1.046158,0.992154,1.017987,1.041844,1.031380,1.018347,1.029538,1.020483,1.009317,1.010991,1.006978,0.974354,0.922454,1.019455,1.005769,1.016429,1.058715,1.052135,1.025173,0.978074,1.042003
8.446620,1.036308,1.005652,0.992509,0.976573,0.986182,0.988571,0.982309,0.982760,1.028652,1.010463,1.001701,0.985665,1.003691,0.992425,0.994153,1.012105,1.007469,1.000359,1.046150,0.992147,1.017978,1.041834,1.031369,1.018339,1.029537,1.020474,1.009309,1.010976,1.006961,0.974373,0.922449,1.019444,1.005761,1.016422,1.058705,1.052120,1.025169,0.978054,1.041996
8.454950,1.036304,1.005653,0.992505,0.976568,0.986175,0.988564,0.982303,0.982754,1.028646,1.010455,1.001694,0.985657,1.003683,0.992418,0.994145,1.012096,1.007461,1.000353,1.046142,0.992140,1.017968,1.041822,1.031357,1.018330,1.029536,1.020465,1.009301,1.010960,1.006943,0.974390,0.922442,1.019433,1.005753,1.016414,1.058694,1.052104,1.025163,0.978032,1.041989
8.463280,1.036298,1.005654,0.992501,0.976561,0.986168,0.988556,0.982296,0.982747,1.028639,1.010446,1.001686,0.985649,1.003674,0.992410,0.994136,1.012086,1.007453,1.000346,1.046133,0.992131,1.017957,1.041810,1.031343,1.018320,1.029534,1.020455,1.009291,1.010943,1.006924,0.974408,0.922436,1.019422,1.005745,1.016406,1.058682,1.052087,1.025158,0.978010,1.041982
8.471610,1.036293,1.005654,0.992497,0.976555,0.986160,0.988549,0.982288,0.982740,1.028632,1.010437,1.001677,0.985640,1.003665,0.992401,0.994127,1.012076,1.007444,1.000338,1.046122,0.992122,1.017945,1.041797,1.031329,1.018310,1.029531,1.020445,1.009281,1.010926,1.006904,0.974424,0.922428,1.019409,1.005735,1.016396,1.058670,1.052069,1.025151,0.977987,1.041975
8.479940,1.036287,1.005653,0.992491,0.976547,0.986152,0.988540,0.982280,0.982732,1.028625,1.010427,1.001667,0.985630,1.003656,0.992392,0.994116,1.012065,1.007434,1.000330,1.046111,0.992113,1.017933,1.041783,1.031315,1.018298,1.029528,1.020433,1.009271,1.010908,1.006884,0.974440,0.922420,1.019396,1.005725,1.016387,1.058657,1.052050,1.025144,0.977963,1.041968
8.488270,1.036281,1.005652,0.992485,0.976539,0.986143,0.988531,0.982272,0.982724,1.028618,1.010416,1.001657,0.985620,1.003645,0.992382,0.994105,1.012053,1.007423,1.000321,1.046100,0.992102,1.017919,1.041768,1.031299,1.018286,1.029524,1.020421,1.009259,1.010889,1.006863,0.974455,0.922412,1.019383,1.005714,1.016376,1.058643,1.052031,1.025137,0.977939,1.041961
8.496600,1.036275,1.005650,0.992478,0.976530,0.986134,0.988521,0.982262,0.982715,1.028610,1.010405,1.001646,0.985609,1.003634,0.992371,0.994093,1.012041,1.007412,1.000312,1.046087,0.992091,1.017905,1.041753,1.031282,1.018273,1.029520,1.020408,1.009247,1.010869,1.006841,0.974470,0.922403,1.019369,1.005703,1.016364,1.058628,1.052011,1.025128,0.977914,1.041953
8.504930,1.036268,1.005647,0.992471,0.976520,0.986124,0.988511,0.982253,0.982706,1.028603,1.010393,1.001635,0.985597,1.003622,0.992360,0.994080,1.012027,1.007400,1.000301,1.046074,0.992078,1.017890,1.041736,1.031265,1.018259,1.029515,1.020394,1.009234,1.010848,1.006818,0.974484,0.922393,1.019355,1.005690,1.016352,1.058612,1.051990,1.025119,0.977888,1.041946
8.513260,1.036261,1.005644,0.992462,0.976510,0.986113,0.988500,0.982243,0.982696,1.028595,1.010381,1.001623,0.985585,1.003610,0.992348,0.994067,1.012013,1.007387,1.000290,1.046060,0.992066,1.017874,1.041719,1.031247,1.018245,1.029509,1.020380,1.009221,1.010827,1.006795,0.974497,0.922383,1.019340,1.005678,1.016339,1.058596,1.051968,1.025110,0.977862,1.041939
8.521590,1.036254,1.005640,0.992454,0.976499,0.986102,0.988489,0.982232,0.982685,1.028587,1.010368,1.001611,0.985573,1.003597,0.992335,0.994052,1.011998,1.007373,1.000278,1.046045,0.992052,1.017857,1.041701,1.031228,1.018230,1.029502,1.020365,1.009206,1.010805,1.006771,0.974509,0.922373,1.019324,1.005664,1.016325,1.058579,1.051946,1.025100,0.977834,1.041932
8.529920,1.036247,1.005635,0.992444,0.976488,0.986090,0.988477,0.982221,0.982674,1.028579,1.010354,1.001598,0.985559,1.003584,0.992322,0.994037,1.011982,1.007359,1.000265,1.046029,0.992037,1.017840,1.041682,1.031209,1.018213,1.029495,1.020349,1.009191,1.010782,1.006746,0.974521,0.922361,1.019308,1.005650,1.016311,1.058561,1.051923,1.025089,0.977806,1.041925
8.538250,1.036239,1.005630,0.992434,0.976476,0.986078,0.988465,0.982209,0.982663,1.028570,1.010340,1.001584,0.985545,1.003569,0.992308,0.994021,1.011965,1.007344,1.000252,1.046012,0.992022,1.017822,1.041663,1.031188,1.018196,1.029488,1.020333,1.009175,1.010759,1.006720,0.974533,0.922350,1.019292,1.005635,1.016295,1.058543,1.051899,1.025077,0.977778,1.041918
8.546580,1.036231,1.005624,0.992423,0.976463,0.986065,0.988452,0.982197,0.982651,1.028562,1.010325,1.001570,0.985531,1.003555,0.992293,0.994005,1.011948,1.007328,1.000238,1.045995,0.992006,1.017803,1.041642,1.031167,1.018179,1.029479,1.020315,1.009159,1.010735,1.006694,0.974543,0.922338,1.019275,1.005619,1.016279,1.058524,1.051874,1.025065,0.977748,1.041911
8.554910,1.036222,1.005617,0.992411,0.976450,0.986052,0.988438,0.982184,0.982639,1.028553,1.010310,1.001555,0.985516,1.003539,0.992278,0.993987,1.011930,1.007311,1.000223,1.045977,0.991990,1.017783,1.041621,1.031145,1.018160,1.029471,1.020297,1.009141,1.010710,1.006667,0.974553,0.922325,1.019258,1.005603,1.016262,1.058504,1.051849,1.025053,0.977718,1.041904
8.563240,1.036214,1.005610,0.992399,0.976436,0.986038,0.988424,0.982171,0.982626,1.028544,1.010294,1.001540,0.985500,1.003523,0.992262,0.993969,1.011911,1.007294,1.000207,1.045958,0.991972,1.017762,1.041599,1.031122,1.018141,1.029461,1.020279,1.009123,1.010684,1.006639,0.974563,0.922312,1.019240,1.005586,1.016245,1.058483,1.051823,1.025040,0.977687,1.041897
8.571570,1.036205,1.005602,0.992386,0.976421,0.986024,0.988409,0.982157,0.982612,1.028535,1.010277,1.001524,0.985484,1.003507,0.992245,0.993950,1.011891,1.007276,1.000191,1.045939,0.991954,1.017741,1.041577,1.031099,1.018121,1.029451,1.020259,1.009105,1.010657,1.006610,0.974572,0.922298,1.019221,1.005568,1.016227,1.058461,1.051797,1.025026,0.977656,1.041890
8.579900,1.036196,1.005593,0.992372,0.976406,0.986009,0.988394,0.982143,0.982599,1.028526,1.010260,1.001507,0.985467,1.003490,0.992228,0.993931,1.011870,1.007257,1.000174,1.045918,0.991935,1.017719,1.041553,1.031074,1.018100,1.029440,1.020239,1.009085,1.010630,1.006581,0.974580,0.922284,1.019203,1.005550,1.016208,1.058439,1.051769,1.025011,0.977624,1.041883
8.588230,1.036186,1.005584,0.992358,0.976390,0.985993,0.988379,0.982128,0.982584,1.028516,1.010242,1.001490,0.985450,1.003472,0.992210,0.993910,1.011849,1.007237,1.000157,1.045897,0.991916,1.017696,1.041529,1.031049,1.018078,1.029429,1.020219,1.009065,1.010603,1.006551,0.974587,0.922270,1.019183,1.005531,1.016188,1.058416,1.051741,1.024996,0.977591,1.041876
8.596560,1.036177,1.005575,0.992343,0.976374,0.985978,0.988363,0.982113,0.982570,1.028507,1.010224,1.001473,0.985432,1.003454,0.992192,0.993889,1.011827,1.007217,1.000138,1.045876,0.991896,1.017672,1.041504,1.031023,1.018056,1.029417,1.020197,1.009045,1.010574,1.006520,0.974594,0.922254,1.019164,1.005512,1.016168,1.058393,1.051712,1.024981,0.977557,1.041869
8.604890,1.036167,1.005565,0.992328,0.976357,0.985961,0.988346,0.982098,0.982555,1.028497,1.010206,1.001455,0.985414,1.003435,0.992173,0.993868,1.011805,1.007196,1.000120,1.045853,0.991875,1.017648,1.041479,1.030997,1.018033,1.029405,1.020176,1.009023,1.010545,1.006489,0.974601,0.922239,1.019144,1.005492,1.016147,1.058369,1.051683,1.024965,0.977523,1.041862
8.613220,1.036156,1.005554,0.992311,0.976340,0.985944,0.988329,0.982082,0.982539,1.028488,1.010187,1.001436,0.985395,1.003416,0.992153,0.993845,1.011781,1.007174,1.000100,1.045830,0.991853,1.017623,1.041452,1.030970,1.018009,1.029392,1.020153,1.009001,1.010515,1.006457,0.974607,0.922223,1.019123,1.005471,1.016125,1.058344,1.051653,1.024948,0.977489,1.041855
8.621550,1.036146,1.005542,0.992295,0.976322,0.985927,0.988311,0.982065,0.982523,1.028478,1.010167,1.001417,0.985376,1.003396,0.992133,0.993822,1.011757,1.007152,1.000080,1.045806,0.991831,1.017597,1.041425,1.030942,1.017985,1.029378,1.020130,1.008979,1.010484,1.006424,0.974612,0.922207,1.019102,1.005450,1.016102,1.058318,1.051622,1.024931,0.977453,1.041848
8.629880,1.036135,1.005530,0.992277,0.976303,0.985909,0.988293,0.982048,0.982507,1.028467,1.010147,1.001398,0.985356,1.003376,0.992113,0.993799,1.011733,1.007129,1.000059,1.045781,0.991808,1.017571,1.041397,1.030913,1.017959,1.029364,1.020106,1.008955,1.010453,1.006391,0.974617,0.922190,1.019081,1.005428,1.016079,1.058292,1.051591,1.024913,0.977417,1.041841
8.638210,1.036124,1.005518,0.992260,0.976284,0.985891,0.988275,0.982031,0.982490,1.028457,1.010126,1.001378,0.985335,1.003355,0.992091,0.993774,1.011707,1.007106,1.000037,1.045756,0.991784,1.017544,1.041369,1.030884,1.017933,1.029350,1.020081,1.008931,1.010421,1.006357,0.974621,0.922172,1.019059,1.005405,1.016056,1.058265,1.051559,1.024895,0.977380,1.041834
8.646540,1.036113,1.005505,0.992241,0.976264,0.985872,0.988256,0.982013,0.982473,1.028447,1.010105,1.001358,0.985314,1.003334,0.992070,0.993749,1.011681,1.007081,1.000015,1.045730,0.991760,1.017516,1.041340,1.030854,1.017907,1.029334,1.020056,1.008907,1.010389,1.006322,0.974625,0.922155,1.019037,1.005382,1.016031,1.058237,1.051527,1.024876,0.977343,1.041827
8.654870,1.036102,1.005491,0.992222,0.976244,0.985852,0.988236,0.981995,0.982455,1.028436,1.010083,1.001337,0.985293,1.003312,0.992047,0.993724,1.011654,1.007057,0.999993,1.045703,0.991735,1.017487,1.041310,1.030823,1.017880,1.029319,1.020030,1.008881,1.010355,1.006287,0.974628,0.922137,1.019015,1.005358,1.016006,1.058209,1.051494,1.024856,0.977305,1.041821
8.663200,1.036090,1.005477,0.992203,0.976223,0.985833,0.988217,0.981976,0.982437,1.028426,1.010061,1.001315,0.985271,1.003290,0.992024,0.993697,1.011627,1.007031,0.999969,1.045676,0.991709,1.017458,1.041279,1.030792,1.017852,1.029303,1.020004,1.008856,1.010322,1.006251,0.974631,0.922118,1.018992,1.005334,1.015980,1.058180,1.051460,1.024836,0.977267,1.041814
8.671530,1.036079,1.005463,0.992182,0.976202,0.985813,0.988196,0.981957,0.982419,1.028415,1.010039,1.001294,0.985249,1.003267,0.992001,0.993670,1.011599,1.007005,0.999945,1.045648,0.991683,1.017428,1.041248,1.030760,1.017823,1.029286,1.019977,1.008829,1.010287,1.006214,0.974633,0.922099,1.018969,1.005309,1.015954,1.058151,1.051425,1.024816,0.977228,1.041807
8.679860,1.036067,1.005447,0.992162,0.976181,0.985792,0.988176,0.981938,0.982400,1.028404,1.010016,1.001271,0.985226,1.003244,0.991977,0.993643,1.011570,1.006978,0.999921,1.045620,0.991656,1.017398,1.041216,1.030727,1.017794,1.029269,1.019950,1.008802,1.010252,1.006177,0.974635,0.922080,1.018946,1.005284,1.015927,1.058121,1.051391,1.024795,0.977188,1.041801
8.688190,1.036055,1.005432,0.992141,0.976158,0.985771,0.988154,0.981918,0.982381,1.028393,1.009993,1.001249,0.985203,1.003220,0.991953,0.993615,1.011541,1.006951,0.999896,1.045590,0.991629,1.017367,1.041184,1.030694,1.017764,1.029251,1.019922,1.008775,1.010217,1.006139,0.974636,0.922060,1.018922,1.005258,1.015900,1.058090,1.051355,1.024774,0.977148,1.041794
8.696520,1.036042,1.005416,0.992119,0.976136,0.985750,0.988133,0.981898,0.982361,1.028382,1.009969,1.001226,0.985180,1.003196,0.991928,0.993586,1.011511,1.006923,0.999870,1.045561,0.991600,1.017335,1.041151,1.030660,1.017734,1.029233,1.019893,1.008747,1.010180,1.006101,0.974637,0.922040,1.018898,1.005231,1.015872,1.058059,1.051319,1.024752,0.977107,1.041788
8.704850,1.036030,1.005399,0.992097,0.976113,0.985728,0.988111,0.981878,0.982342,1.028371,1.009945,1.001202,0.985156,1.003171,0.991902,0.993557,1.011480,1.006895,0.999844,1.045530,0.991572,1.017303,1.041117,1.030626,1.017703,1.029214,1.019864,1.008718,1.010144,1.006062,0.974637,0.922019,1.018874,1.005204,1.015843,1.058027,1.051283,1.024729,0.977066,1.041781
8.713180,1.036017,1.005382,0.992074,0.976089,0.985706,0.988089,0.981857,0.982321,1.028360,1.009920,1.001178,0.985131,1.003146,0.991877,0.993527,1.011449,1.006866,0.999817,1.045499,0.991543,1.017270,1.041083,1.030590,1.017671,1.029195,1.019834,1.008689,1.010106,1.006023,0.974637,0.921999,1.018849,1.005176,1.015814,1.057994,1.051246,1.024706,0.977024,1.041775
8.721510,1.036004,1.005364,0.992051,0.976065,0.985683,0.988066,0.981836,0.982301,1.028349,1.009895,1.001154,0.985107,1.003121,0.991850,0.993496,1.011418,1.006836,0.999790,1.045467,0.991513,1.017237,1.041048,1.030555,1.017639,1.029176,1.019804,1.008659,1.010069,1.005983,0.974636,0.921978,1.018824,1.005148,1.015784,1.057961,1.051208,1.024683,0.976982,1.041769
8.729840,1.035991,1.005346,0.992027,0.976041,0.985661,0.988043,0.981814,0.982280,1.028337,1.009870,1.001130,0.985081,1.003095,0.991824,0.993465,1.011386,1.006806,0.999762,1.045435,0.991482,1.017203,1.041013,1.030519,1.017606,1.029156,1.019773,1.008629,1.010030,1.005942,0.974635,0.921956,1.018799,1.005120,1.015754,1.057927,1.051170,1.024659,0.976939,1.041762
8.738170,1.035978,1.005328,0.992003,0.976016,0.985637,0.988020,0.981793,0.982259,1.028326,1.009844,1.001105,0.985056,1.003069,0.991797,0.993434,1.011353,1.006776,0.999734,1.045403,0.991452,1.017168,1.040977,1.030482,1.017572,1.029136,1.019742,1.008598,1.009991,1.005901,0.974634,0.921934,1.018774,1.005091,1.015723,1.057893,1.051131,1.024635,0.976896,1.041756
8.746500,1.035965,1.005309,0.991978,0.975991,0.985614,0.987996,0.981770,0.982238,1.028315,1.009818,1.001079,0.985030,1.003043,0.991769,0.993402,1.011319,1.006744,0.999705,1.045369,0.991420,1.017133,1.040941,1.030445,1.017538,1.029115,1.019710,1.008567,1.009952,1.005860,0.974632,0.921912,1.018748,1.005061,1.015691,1.057859,1.051092,1.024610,0.976852,1.041750
8.754830,1.035951,1.005290,0.991953,0.975965,0.985590,0.987972,0.981748,0.982216,1.028303,1.009792,1.001054,0.985004,1.003016,0.991741,0.993370,1.011286,1.006713,0.999676,1.045335,0.991388,1.017097,1.040903,1.030407,1.017504,1.029094,1.019678,1.008535,1.009912,1.005818,0.974630,0.921890,1.018723,1.005031,1.015659,1.057823,1.051053,1.024585,0.976808,1.041744
8.763160,1.035938,1.005270,0.991928,0.975939,0.985566,0.987948,0.981725,0.982194,1.028291,1.009765,1.001028,0.984977,1.002989,0.991713,0.993337,1.011251,1.006681,0.999647,1.045301,0.991356,1.017061,1.040866,1.030368,1.017469,1.029072,1.019645,1.008503,1.009871,1.005775,0.974627,0.921867,1.018697,1.005001,1.015627,1.057788,1.051013,1.024559,0.976763,1.041738
8.771490,1.035924,1.005250,0.991902,0.975913,0.985541,0.987923,0.981702,0.982172,1.028280,1.009738,1.001002,0.984951,1.002961,0.991684,0.993303,1.011216,1.006648,0.999616,1.045266,0.991323,1.017024,1.040828,1.030330,1.017433,1.029050,1.019612,1.008470,1.009831,1.005732,0.974624,0.921844,1.018671,1.004970,1.015594,1.057751,1.050973,1.024534,0.976718,1.041732
8.779820,1.035910,1.005230,0.991876,0.975886,0.985516,0.987898,0.981679,0.982149,1.028268,1.009711,1.000975,0.984923,1.002934,0.991655,0.993269,1.011181,1.006615,0.999586,1.045231,0.991290,1.016987,1.040789,1.030290,1.017397,1.029028,1.019579,1.008437,1.009789,1.005689,0.974621,0.921821,1.018644,1.004938,1.015561,1.057715,1.050932,1.024507,0.976672,1.041726
8.788150,1.035896,1.005209,0.991849,0.975859,0.985491,0.987873,0.981656,0.982127,1.028256,1.009683,1.000948,0.984896,1.002905,0.991625,0.993235,1.011145,1.006582,0.999555,1.045195,0.991256,1.016949,1.040750,1.030250,1.017361,1.029005,1.019545,1.008403,1.009747,1.005645,0.974617,0.921797,1.018618,1.004906,1.015527,1.057678,1.050891,1.024480,0.976626,1.041720
8.796480,1.035882,1.005188,0.991822,0.975831,0.985466,0.987848,0.981632,0.982104,1.028244,1.009656,1.000921,0.984868,1.002877,0.991596,0.993200,1.011109,1.006548,0.999524,1.045159,0.991221,1.016911,1.040711,1.030210,1.017324,1.028982,1.019511,1.008370,1.009705,1.005600,0.974613,0.921773,1.018591,1.004874,1.015493,1.057640,1.050849,1.024453,0.976580,1.041715
8.804810,1.035867,1.005167,0.991795,0.975804,0.985440,0.987822,0.981608,0.982080,1.028232,1.009627,1.000894,0.984840,1.002848,0.991566,0.993165,1.011072,1.006514,0.999492,1.045122,0.991187,1.016873,1.040671,1.030169,1.017287,1.028959,1.019476,1.008335,1.009663,1.005556,0.974609,0.921749,1.018564,1.004842,1.015458,1.057602,1.050808,1.024426,0.976533,1.041709
8.813140,1.035853,1.005145,0.991767,0.975776,0.985414,0.987796,0.981584,0.982057,1.028220,1.009599,1.000866,0.984812,1.002819,0.991535,0.993129,1.011035,1.006479,0.999460,1.045085,0.991151,1.016834,1.040630,1.030128,1.017249,1.028935,1.019441,1.008300,1.009619,1.005511,0.974604,0.921725,1.018538,1.004808,1.015423,1.057563,1.050765,1.024398,0.976486,1.041704
8.821470,1.035839,1.005123,0.991739,0.975747,0.985388,0.987770,0.981559,0.982033,1.028208,1.009571,1.000839,0.984783,1.002790,0.991504,0.993093,1.010998,1.006444,0.999427,1.045047,0.991116,1.016794,1.040590,1.030087,1.017210,1.028911,1.019405,1.008265,1.009576,1.005465,0.974599,0.921701,1.018511,1.004775,1.015388,1.057524,1.050723,1.024370,0.976438,1.041698
8.829800,1.035824,1.005100,0.991711,0.975719,0.985362,0.987744,0.981535,0.982009,1.028196,1.009542,1.000811,0.984755,1.002761,0.991473,0.993057,1.010960,1.006408,0.999394,1.045009,0.991080,1.016754,1.040548,1.030045,1.017172,1.028887,1.019369,1.008230,1.009532,1.005419,0.974594,0.921676,1.018483,1.004741,1.015352,1.057485,1.050680,1.024341,0.976390,1.041693
8.838130,1.035810,1.005078,0.991682,0.975690,0.985335,0.987717,0.981510,0.981985,1.028184,1.009513,1.000782,0.984726,1.002731,0.991442,0.993020,1.010921,1.006372,0.999361,1.044971,0.991043,1.016714,1.040507,1.030003,1.017133,1.028862,1.019333,1.008194,1.009488,1.005373,0.974588,0.921651,1.018456,1.004707,1.015316,1.057445,1.050637,1.024312,0.976342,1.041687
8.846460,1.035795,1.005055,0.991653,0.975661,0.985309,0.987690,0.981485,0.981961,1.028173,1.009484,1.000754,0.984697,1.002701,0.991410,0.992983,1.010883,1.006336,0.999327,1.044932,0.991007,1.016673,1.040465,1.029960,1.017093,1.028837,1.019297,1.008158,1.009443,1.005326,0.974583,0.921626,1.018429,1.004673,1.015279,1.057405,1.050593,1.024283,0.976293,1.041682
8.854790,1.035780,1.005031,0.991624,0.975631,0.985282,0.987663,0.981460,0.981937,1.028160,1.009454,1.000725,0.984667,1.002671,0.991379,0.992945,1.010844,1.006300,0.999294,1.044893,0.990970,1.016632,1.040422,1.029917,1.017053,1.028812,1.019260,1.008121,1.009399,1.005279,0.974577,0.921601,1.018402,1.004638,1.015242,1.057365,1.050549,1.024253,0.976244,1.041677
8.863120,1.035765,1.005008,0.991594,0.975601,0.985255,0.987636,0.981434,0.981912,1.028148,1.009425,1.000696,0.984638,1.002641,0.991347,0.992908,1.010804,1.006263,0.999259,1.044853,0.990932,1.016591,1.040379,1.029873,1.017013,1.028786,1.019223,1.008084,1.009353,1.005232,0.974570,0.921575,1.018374,1.004603,1.015205,1.057324,1.050505,1.024223,0.976195,1.041672
8.871450,1.035750,1.004984,0.991564,0.975571,0.985227,0.987608,0.981409,0.981888,1.028136,1.009395,1.000668,0.984608,1.002610,0.991314,0.992870,1.010764,1.006226,0.999225,1.044813,0.990894,1.016549,1.040336,1.029830,1.016973,1.028761,1.019185,1.008047,1.009308,1.005184,0.974564,0.921550,1.018347,1.004567,1.015167,1.057282,1.050461,1.024193,0.976145,1.041667
8.879780,1.035736,1.004960,0.991534,0.975541,0.985200,0.987581,0.981383,0.981863,1.028124,1.009365,1.000638,0.984578,1.002580,0.991282,0.992831,1.010724,1.006188,0.999190,1.044773,0.990856,1.016507,1.040293,1.029786,1.016932,1.028735,1.019147,1.008010,1.009262,1.005136,0.974557,0.921524,1.018320,1.004532,1.015129,1.057241,1.050416,1.024163,0.976096,1.041662
8.888110,1.035721,1.004936,0.991504,0.975511,0.985172,0.987553,0.981357,0.981838,1.028113,1.009335,1.000609,0.984548,1.002549,0.991249,0.992793,1.010684,1.006151,0.999155,1.044732,0.990818,1.016465,1.040249,1.029741,1.016890,1.028708,1.019109,1.007972,1.009216,1.005088,0.974551,0.921498,1.018292,1.004496,1.015091,1.057199,1.050372,1.024132,0.976046,1.041658
8.896440,1.035706,1.004911,0.991473,0.975481,0.985144,0.987525,0.981332,0.981813,1.028101,1.009305,1.000580,0.984518,1.002518,0.991216,0.992754,1.010643,1.006113,0.999120,1.044691,0.990779,1.016422,1.040205,1.029697,1.016849,1.028682,1.019071,1.007934,1.009170,1.005040,0.974544,0.921472,1.018265,1.004459,1.015053,1.057157,1.050327,1.024101,0.975995,1.041653
8.904770,1.035690,1.004887,0.991443,0.975450,0.985116,0.987498,0.981306,0.981788,1.028089,1.009275,1.000550,0.984488,1.002487,0.991183,0.992714,1.010602,1.006074,0.999084,1.044650,0.990740,1.016379,1.040161,1.029652,1.016807,1.028655,1.019033,1.007896,1.009123,1.004991,0.974536,0.921446,1.018237,1.004423,1.015014,1.057114,1.050282,1.024070,0.975945,1.041648
8.913100,1.035675,1.004862,0.991412,0.975419,0.985088,0.987469,0.981279,0.981762,1.028077,1.009244,1.000521,0.984457,1.002456,0.991150,0.992675,1.010561,1.006036,0.999049,1.044609,0.990701,1.016336,1.040116,1.029607,1.016765,1.028629,1.018994,1.007858,1.009076,1.004942,0.974529,0.921420,1.018210,1.004386,1.014975,1.057071,1.050236,1.024039,0.975894,1.041644
8.921430,1.035660,1.004837,0.991381,0.975388,0.985060,0.987441,0.981253,0.981737,1.028065,1.009214,1.000491,0.984427,1.002425,0.991117,0.992635,1.010520,1.005997,0.999013,1.044567,0.990661,1.016293,1.040071,1.029561,1.016723,1.028602,1.018955,1.007819,1.009029,1.004893,0.974522,0.921394,1.018183,1.004349,1.014936,1.057028,1.050191,1.024007,0.975843,1.041639
8.929760,1.035645,1.004812,0.991349,0.975357,0.985032,0.987413,0.981227,0.981712,1.028053,1.009183,1.000461,0.984396,1.002393,0.991083,0.992595,1.010478,1.005958,0.998976,1.044525,0.990621,1.016249,1.040026,1.029516,1.016680,1.028574,1.018916,1.007780,1.008982,1.004844,0.974514,0.921367,1.018155,1.004312,1.014897,1.056985,1.050145,1.023975,0.975792,1.041635
8.938090,1.035630,1.004787,0.991318,0.975326,0.985004,0.987385,0.981201,0.981686,1.028041,1.009153,1.000431,0.984366,1.002362,0.991049,0.992555,1.010436,1.005919,0.998940,1.044483,0.990581,1.016205,1.039981,1.029470,1.016638,1.028547,1.018876,1.007741,1.008934,1.004794,0.974506,0.921341,1.018128,1.004274,1.014857,1.056941,1.050099,1.023943,0.975741,1.041631
8.946420,1.035615,1.004761,0.991286,0.975294,0.984975,0.987356,0.981174,0.981661,1.028029,1.009122,1.000401,0.984335,1.002330,0.991016,0.992515,1.010394,1.005880,0.998904,1.044441,0.990541,1.016161,1.039935,1.029424,1.016595,1.028520,1.018837,1.007702,1.008886,1.004745,0.974499,0.921314,1.018101,1.004236,1.014817,1.056897,1.050053,1.023911,0.975689,1.041627
8.954750,1.035600,1.004736,0.991255,0.975263,0.984947,0.987328,0.981148,0.981635,1.028018,1.009092,1.000371,0.984304,1.002299,0.990982,0.992475,1.010352,1.005840,0.998867,1.044398,0.990501,1.016117,1.039890,1.029378,1.016551,1.028492,1.018797,1.007663,1.008839,1.004695,0.974491,0.921288,1.018074,1.004198,1.014777,1.056853,1.050007,1.023878,0.975637,1.041623
8.963080,1.035585,1.004710,0.991223,0.975231,0.984918,0.987299,0.981121,0.981609,1.028006,1.009061,1.000341,0.984273,1.002267,0.990948,0.992434,1.010309,1.005800,0.998830,1.044355,0.990460,1.016072,1.039844,1.029331,1.016508,1.028464,1.018757,1.007623,1.008791,1.004645,0.974483,0.921261,1.018047,1.004160,1.014737,1.056809,1.049961,1.023845,0.975586,1.041619
8.971410,1.035570,1.004684,0.991191,0.975199,0.984890,0.987271,0.981095,0.981584,1.027994,1.009030,1.000311,0.984242,1.002235,0.990914,0.992393,1.010267,1.005761,0.998793,1.044312,0.990420,1.016028,1.039797,1.029285,1.016465,1.028436,1.018717,1.007583,1.008742,1.004595,0.974475,0.921235,1.018020,1.004122,1.014697,1.056765,1.049915,1.023812,0.975534,1.041615
8.979740,1.035555,1.004658,0.991159,0.975168,0.984861,0.987242,0.981068,0.981558,1.027983,1.009000,1.000281,0.984211,1.002204,0.990880,0.992352,1.010224,1.005721,0.998756,1.044269,0.990379,1.015983,1.039751,1.029238,1.016421,1.028408,1.018677,1.007544,1.008694,1.004544,0.974466,0.921208,1.017993,1.004084,1.014656,1.056720,1.049869,1.023779,0.975482,1.041612
8.988070,1.035540,1.004633,0.991127,0.975136,0.984833,0.987214,0.981041,0.981532,1.027971,1.008969,1.000251,0.984181,1.002172,0.990846,0.992311,1.010181,1.005681,0.998719,1.044226,0.990338,1.015938,1.039705,1.029191,1.016377,1.028380,1.018637,1.007504,1.008646,1.004494,0.974458,0.921181,1.017966,1.004045,1.014616,1.056675,1.049823,1.023746,0.975430,1.041608
8.996400,1.035525,1.004607,0.991094,0.975104,0.984804,0.987185,0.981015,0.981507,1.027960,1.008938,1.000221,0.984150,1.002140,0.990811,0.992270,1.010138,1.005640,0.998682,1.044182,0.990297,1.015893,1.039658,1.029144,1.016333,1.028352,1.018597,1.007464,1.008597,1.004443,0.974450,0.921155,1.017939,1.004007,1.014575,1.056630,1.049776,1.023713,0.975378,1.041605
9.004730,1.035510,1.004580,0.991062,0.975072,0.984775,0.987157,0.980988,0.981481,1.027948,1.008907,1.000191,0.984119,1.002108,0.990777,0.992229,1.010095,1.005600,0.998644,1.044139,0.990255,1.015848,1.039612,1.029097,1.016289,1.028324,1.018557,1.007424,1.008549,1.004393,0.974442,0.921128,1.017913,1.003968,1.014535,1.056585,1.049730,1.023679,0.975325,1.041602
9.013060,1.035495,1.004554,0.991030,0.975040,0.984747,0.987128,0.980962,0.981455,1.027937,1.008877,1.000161,0.984088,1.002077,0.990743,0.992188,1.010052,1.005560,0.998607,1.044095,0.990214,1.015802,1.039565,1.029050,1.016245,1.028296,1.018516,1.007383,1.008500,1.004342,0.974433,0.921101,1.017887,1.003929,1.014494,1.056540,1.049684,1.023646,0.975273,1.041598
9.021390,1.035480,1.004528,0.990998,0.975008,0.984718,0.987100,0.980935,0.981430,1.027926,1.008846,1.000131,0.984057,1.002045,0.990709,0.992147,1.010009,1.005520,0.998570,1.044052,0.990172,1.015757,1.039518,1.029003,1.016201,1.028267,1.018476,1.007343,1.008452,1.004292,0.974425,0.921074,1.017861,1.003890,1.014453,1.056494,1.049637,1.023612,0.975221,1.041595
9.029720,1.035465,1.004502,0.990965,0.974976,0.984690,0.987071,0.980909,0.981404,1.027915,1.008816,1.000101,0.984026,1.002014,0.990675,0.992105,1.009965,1.005479,0.998532,1.044008,0.990131,1.015711,1.039471,1.028956,1.016156,1.028239,1.018435,1.007303,1.008403,1.004241,0.974417,0.921048,1.017835,1.003851,1.014412,1.056449,1.049591,1.023578,0.975168,1.041592
9.038050,1.035450,1.004476,0.990933,0.974944,0.984661,0.987043,0.980882,0.981379,1.027904,1.008785,1.000071,0.983996,1.001982,0.990640,0.992064,1.009922,1.005439,0.998495,1.043964,0.990089,1.015666,1.039424,1.028909,1.016112,1.028211,1.018395,1.007263,1.008354,1.004190,0.974409,0.921021,1.017809,1.003812,1.014371,1.056403,1.049545,1.023545,0.975116,1.041589
9.046380,1.035436,1.004450,0.990900,0.974913,0.984633,0.987014,0.980856,0.981353,1.027893,1.008755,1.000042,0.983965,1.001950,0.990606,0.992022,1.009878,1.005398,0.998457,1.043920,0.990048,1.015620,1.039377,1.028861,1.016068,1.028182,1.018354,1.007222,1.008305,1.004140,0.974400,0.920995,1.017783,1.003773,1.014330,1.056358,1.049499,1.023511,0.975064,1.041587
9.054710,1.035421,1.004424,0.990868,0.974881,0.984604,0.986986,0.980830,0.981328,1.027882,1.008725,1.000012,0.983935,1.001919,0.990572,0.991981,1.009835,1.005358,0.998419,1.043876,0.990006,1.015575,1.039330,1.028814,1.016023,1.028154,1.018314,1.007182,1.008257,1.004089,0.974392,0.920968,1.017758,1.003733,1.014290,1.056312,1.049453,1.023477,0.975011,1.041584
9.063040,1.035407,1.004398,0.990836,0.974849,0.984576,0.986958,0.980803,0.981302,1.027871,1.008694,0.999982,0.983904,1.001888,0.990538,0.991940,1.009792,1.005317,0.998382,1.043832,0.989964,1.015529,1.039283,1.028767,1.015979,1.028125,1.018273,1.007142,1.008208,1.004038,0.974384,0.920942,1.017732,1.003694,1.014249,1.056266,1.049407,1.023442,0.974959,1.041581
9.071370,1.035392,1.004372,0.990803,0.974817,0.984548,0.986929,0.980777,0.981277,1.027861,1.008664,0.999953,0.983874,1.001856,0.990504,0.991898,1.009748,1.005277,0.998344,1.043788,0.989923,1.015484,1.039236,1.028720,1.015934,1.028097,1.018232,1.007101,1.008159,1.003988,0.974376,0.920916,1.017707,1.003655,1.014208,1.056220,1.049361,1.023408,0.974907,1.041579
9.079700,1.035378,1.004346,0.990771,0.974785,0.984519,0.986901,0.980751,0.981252,1.027850,1.008634,0.999923,0.983843,1.001825,0.990470,0.991857,1.009705,1.005236,0.998307,1.043744,0.989881,1.015438,1.039189,1.028672,1.015890,1.028068,1.018192,1.007061,1.008111,1.003937,0.974368,0.920889,1.017683,1.003616,1.014167,1.056174,1.049315,1.023374,0.974855,1.041577
9.088030,1.035363,1.004320,0.990739,0.974754,0.984491,0.986873,0.980725,0.981227,1.027840,1.008604,0.999894,0.983813,1.001794,0.990436,0.991815,1.009661,1.005196,0.998270,1.043700,0.989840,1.015393,1.039142,1.028625,1.015845,1.028040,1.018152,1.007021,1.008062,1.003887,0.974360,0.920863,1.017658,1.003576,1.014126,1.056129,1.049269,1.023340,0.974803,1.041575
9.096360,1.035349,1.004294,0.990707,0.974722,0.984463,0.986845,0.980699,0.981202,1.027829,1.008575,0.999865,0.983783,1.001763,0.990402,0.991774,1.009618,1.005155,0.998232,1.043656,0.989798,1.015347,1.039094,1.028578,1.015801,1.028012,1.018111,1.006981,1.008014,1.003836,0.974352,0.920837,1.017634,1.003537,1.014085,1.056083,1.049223,1.023306,0.974751,1.041573
9.104690,1.035335,1.004268,0.990675,0.974691,0.984436,0.986818,0.980673,0.981177,1.027819,1.008545,0.999836,0.983753,1.001733,0.990369,0.991733,1.009575,1.005115,0.998195,1.043612,0.989756,1.015302,1.039047,1.028531,1.015757,1.027984,1.018071,1.006941,1.007965,1.003786,0.974345,0.920811,1.017610,1.003498,1.014045,1.056037,1.049178,1.023271,0.974699,1.041571
9.113020,1.035321,1.004242,0.990643,0.974660,0.984408,0.986790,0.980648,0.981152,1.027809,1.008516,0.999807,0.983724,1.001702,0.990335,0.991692,1.009531,1.005075,0.998158,1.043568,0.989715,1.015256,1.039001,1.028484,1.015712,1.027955,1.018031,1.006901,1.007917,1.003736,0.974337,0.920785,1.017586,1.003458,1.014004,1.055991,1.049133,1.023237,0.974647,1.041569
9.121350,1.035308,1.004217,0.990611,0.974628,0.984380,0.986763,0.980622,0.981128,1.027799,1.008486,0.999778,0.983694,1.001672,0.990302,0.991651,1.009488,1.005035,0.998121,1.043525,0.989673,1.015211,1.038954,1.028437,1.015668,1.027927,1.017990,1.006861,1.007868,1.003686,0.974330,0.920760,1.017562,1.003419,1.013964,1.055945,1.049088,1.023203,0.974595,1.041567
9.129680,1.035294,1.004191,0.990579,0.974597,0.984353,0.986735,0.980597,0.981103,1.027789,1.008457,0.999750,0.983665,1.001641,0.990269,0.991610,1.009445,1.004995,0.998084,1.043481,0.989632,1.015166,1.038907,1.028390,1.015624,1.027899,1.017950,1.006821,1.007820,1.003636,0.974322,0.920734,1.017539,1.003380,1.013923,1.055899,1.049043,1.023169,0.974544,1.041565
9.138010,1.035280,1.004166,0.990548,0.974566,0.984326,0.986708,0.980572,0.981079,1.027780,1.008429,0.999721,0.983635,1.001611,0.990236,0.991569,1.009402,1.004955,0.998047,1.043437,0.989591,1.015121,1.038860,1.028344,1.015580,1.027871,1.017910,1.006781,1.007772,1.003586,0.974315,0.920709,1.017516,1.003341,1.013883,1.055853,1.048998,1.023134,0.974493,1.041564
9.146340,1.035267,1.004140,0.990516,0.974535,0.984298,0.986681,0.980547,0.981054,1.027770,1.008400,0.999693,0.983606,1.001581,0.990203,0.991528,1.009359,1.004915,0.998010,1.043394,0.989550,1.015076,1.038814,1.028297,1.015536,1.027843,1.017871,1.006742,1.007725,1.003536,0.974308,0.920683,1.017493,1.003302,1.013843,1.055807,1.048953,1.023100,0.974441,1.041563
9.154670,1.035253,1.004115,0.990485,0.974505,0.984271,0.986654,0.980522,0.981030,1.027760,1.008371,0.999665,0.983577,1.001551,0.990170,0.991488,1.009317,1.004875,0.997973,1.043350,0.989509,1.015031,1.038767,1.028251,1.015493,1.027816,1.017831,1.006702,1.007677,1.003487,0.974301,0.920658,1.017470,1.003263,1.013803,1.055762,1.048909,1.023066,0.974390,1.041561
9.163000,1.035240,1.004090,0.990453,0.974474,0.984245,0.986627,0.980497,0.981007,1.027751,1.008343,0.999637,0.983549,1.001522,0.990137,0.991447,1.009274,1.004836,0.997937,1.043307,0.989468,1.014986,1.038721,1.028204,1.015449,1.027788,1.017791,1.006663,1.007629,1.003437,0.974294,0.920633,1.017448,1.003224,1.013763,1.055716,1.048865,1.023032,0.974340,1.041560
9.171330,1.035227,1.004065,0.990422,0.974444,0.984218,0.986601,0.980472,0.980983,1.027742,1.008315,0.999610,0.983520,1.001493,0.990105,0.991407,1.009232,1.004796,0.997900,1.043264,0.989427,1.014941,1.038675,1.028158,1.015405,1.027761,1.017752,1.006624,1.007582,1.003388,0.974288,0.920609,1.017426,1.003185,1.013723,1.055671,1.048821,1.022998,0.974289,1.041559
9.179660,1.035214,1.004041,0.990392,0.974414,0.984191,0.986575,0.980448,0.980959,1.027733,1.008287,0.999582,0.983492,1.001463,0.990073,0.991367,1.009189,1.004757,0.997864,1.043221,0.989386,1.014897,1.038628,1.028113,1.015362,1.027733,1.017713,1.006585,1.007535,1.003339,0.974282,0.920584,1.017404,1.003147,1.013684,1.055625,1.048778,1.022964,0.974239,1.041558
9.187990,1.035202,1.004016,0.990361,0.974384,0.984165,0.986549,0.980424,0.980936,1.027724,1.008259,0.999555,0.983464,1.001435,0.990041,0.991327,1.009147,1.004718,0.997828,1.043178,0.989346,1.014853,1.038583,1.028067,1.015319,1.027706,1.017674,1.006546,1.007488,1.003290,0.974275,0.920560,1.017383,1.003108,1.013645,1.055580,1.048734,1.022930,0.974188,1.041557
9.196320,1.035189,1.003992,0.990330,0.974354,0.984139,0.986523,0.980400,0.980913,1.027715,1.008232,0.999528,0.983436,1.001406,0.990009,0.991287,1.009106,1.004679,0.997793,1.043136,0.989306,1.014808,1.038537,1.028021,1.015276,1.027679,1.017635,1.006507,1.007441,1.003242,0.974269,0.920536,1.017362,1.003070,1.013605,1.055535,1.048691,1.022896,0.974138,1.041557
9.204650,1.035177,1.003968,0.990300,0.974325,0.984113,0.986497,0.980376,0.980890,1.027707,1.008205,0.999501,0.983408,1.001377,0.989977,0.991248,1.009064,1.004641,0.997757,1.043093,0.989266,1.014765,1.038491,1.027976,1.015233,1.027652,1.017597,1.006469,1.007395,1.003194,0.974264,0.920512,1.017341,1.003032,1.013567,1.055490,1.048648,1.022862,0.974089,1.041556
9.212980,1.035164,1.003944,0.990270,0.974295,0.984088,0.986472,0.980352,0.980867,1.027698,1.008178,0.999475,0.983381,1.001349,0.989946,0.991209,1.009022,1.004602,0.997722,1.043051,0.989226,1.014721,1.038446,1.027931,1.015191,1.027625,1.017558,1.006431,1.007349,1.003146,0.974258,0.920488,1.017321,1.002994,1.013528,1.055445,1.048606,1.022829,0.974039,1.041556
9.221310,1.035152,1.003920,0.990240,0.974266,0.984062,0.986446,0.980329,0.980845,1.027690,1.008151,0.999449,0.983354,1.001321,0.989915,0.991170,1.008981,1.004564,0.997686,1.043009,0.989186,1.014677,1.038401,1.027886,1.015149,1.027599,1.017520,1.006393,1.007303,1.003098,0.974253,0.920464,1.017301,1.002956,1.013490,1.055400,1.048564,1.022795,0.973990,1.041556
9.229640,1.035140,1.003897,0.990211,0.974237,0.984037,0.986421,0.980306,0.980822,1.027682,1.008125,0.999423,0.983327,1.001294,0.989884,0.991131,1.008940,1.004526,0.997652,1.042967,0.989147,1.014634,1.038356,1.027842,1.015106,1.027572,1.017482,1.006355,1.007257,1.003051,0.974248,0.920441,1.017281,1.002918,1.013451,1.055355,1.048522,1.022762,0.973941,1.041555
9.237970,1.035128,1.003874,0.990181,0.974209,0.984012,0.986397,0.980283,0.980800,1.027674,1.008099,0.999397,0.983301,1.001266,0.989853,0.991092,1.008899,1.004489,0.997617,1.042926,0.989107,1.014591,1.038311,1.027797,1.015065,1.027546,1.017444,1.006318,1.007212,1.003004,0.974243,0.920418,1.017261,1.002880,1.013414,1.055311,1.048481,1.022728,0.973893,1.041555
9.246300,1.035117,1.003851,0.990152,0.974180,0.983988,0.986372,0.980260,0.980778,1.027666,1.008073,0.999372,0.983274,1.001239,0.989823,0.991054,1.008859,1.004451,0.997583,1.042884,0.989068,1.014548,1.038267,1.027753,1.015023,1.027520,1.017407,1.006280,1.007167,1.002957,0.974238,0.920395,1.017242,1.002843,1.013376,1.055267,1.048439,1.022695,0.973844,1.041555
9.254630,1.035106,1.003828,0.990123,0.974152,0.983963,0.986348,0.980238,0.980757,1.027658,1.008048,0.999346,0.983248,1.001212,0.989793,0.991016,1.008819,1.004414,0.997548,1.042843,0.989030,1.014506,1.038223,1.027710,1.014982,1.027494,1.017370,1.006243,1.007122,1.002910,0.974234,0.920372,1.017224,1.002806,1.013339,1.055223,1.048399,1.022662,0.973797,1.041555
9.262960,1.035094,1.003805,0.990095,0.974124,0.983939,0.986324,0.980216,0.980735,1.027651,1.008023,0.999322,0.983223,1.001186,0.989763,0.990978,1.008779,1.004377,0.997515,1.042802,0.988991,1.014464,1.038179,1.027666,1.014941,1.027469,1.017333,1.006207,1.007077,1.002864,0.974230,0.920350,1.017205,1.002769,1.013302,1.055179,1.048358,1.022629,0.973749,1.041556
9.271290,1.035083,1.003783,0.990066,0.974097,0.983915,0.986300,0.980194,0.980714,1.027643,1.007998,0.999297,0.983197,1.001160,0.989734,0.990941,1.008739,1.004340,0.997481,1.042762,0.988953,1.014422,1.038135,1.027623,1.014900,1.027444,1.017296,1.006170,1.007033,1.002818,0.974226,0.920328,1.017187,1.002732,1.013265,1.055135,1.048318,1.022596,0.973702,1.041556
9.279620,1.035072,1.003761,0.990038,0.974070,0.983892,0.986277,0.980172,0.980693,1.027636,1.007973,0.999273,0.983172,1.001134,0.989705,0.990904,1.008700,1.004304,0.997448,1.042722,0.988915,1.014380,1.038092,1.027580,1.014860,1.027419,1.017260,1.006134,1.006989,1.002773,0.974223,0.920306,1.017169,1.002696,1.013228,1.055092,1.048278,1.022564,0.973655,1.041556
9.287950,1.035062,1.003739,0.990011,0.974043,0.983868,0.986254,0.980151,0.980673,1.027629,1.007949,0.999249,0.983147,1.001108,0.989676,0.990867,1.008661,1.004268,0.997415,1.042682,0.988878,1.014339,1.038049,1.027538,1.014819,1.027394,1.017224,1.006098,1.006946,1.002727,0.974219,0.920284,1.017152,1.002659,1.013192,1.055048,1.048239,1.022531,0.973608,1.041557
9.296280,1.035051,1.003718,0.989983,0.974016,0.983845,0.986231,0.980129,0.980652,1.027622,1.007925,0.999225,0.983123,1.001083,0.989647,0.990830,1.008622,1.004232,0.997382,1.042642,0.988840,1.014298,1.038006,1.027496,1.014780,1.027369,1.017188,1.006063,1.006903,1.002683,0.974216,0.920263,1.017135,1.002623,1.013157,1.055005,1.048200,1.022499,0.973562,1.041558
9.304610,1.035041,1.003697,0.989956,0.973990,0.983823,0.986208,0.980109,0.980632,1.027615,1.007901,0.999202,0.983099,1.001058,0.989619,0.990794,1.008583,1.004197,0.997350,1.042603,0.988803,1.014257,1.037964,1.027454,1.014740,1.027345,1.017153,1.006028,1.006860,1.002638,0.974214,0.920242,1.017119,1.002588,1.013121,1.054963,1.048161,1.022467,0.973516,1.041559
9.312940,1.035031,1.003676,0.989929,0.973963,0.983800,0.986186,0.980088,0.980612,1.027609,1.007878,0.999179,0.983075,1.001033,0.989591,0.990758,1.008545,1.004162,0.997318,1.042563,0.988767,1.014217,1.037922,1.027412,1.014701,1.027321,1.017118,1.005993,1.006818,1.002594,0.974211,0.920221,1.017102,1.002552,1.013086,1.054920,1.048123,1.022435,0.973471,1.041559
9.321270,1.035021,1.003656,0.989903,0.973938,0.983778,0.986164,0.980068,0.980593,1.027602,1.007855,0.999156,0.983052,1.001009,0.989564,0.990723,1.008508,1.004127,0.997286,1.042525,0.988730,1.014177,1.037880,1.027371,1.014662,1.027297,1.017083,1.005958,1.006776,1.002551,0.974209,0.920200,1.017087,1.002517,1.013051,1.054878,1.048085,1.022403,0.973426,1.041560
9.329600,1.035012,1.003635,0.989876,0.973912,0.983756,0.986142,0.980048,0.980574,1.027596,1.007833,0.999134,0.983028,1.000985,0.989537,0.990687,1.008470,1.004093,0.997255,1.042486,0.988694,1.014137,1.037839,1.027330,1.014624,1.027273,1.017049,1.005924,1.006734,1.002507,0.974208,0.920180,1.017071,1.002482,1.013017,1.054836,1.048048,1.022372,0.973381,1.041562
9.337930,1.035002,1.003615,0.989851,0.973887,0.983735,0.986121,0.980028,0.980555,1.027590,1.007810,0.999112,0.983006,1.000961,0.989510,0.990653,1.008433,1.004059,0.997224,1.042448,0.988659,1.014098,1.037797,1.027290,1.014586,1.027250,1.017015,1.005890,1.006693,1.002465,0.974206,0.920160,1.017056,1.002447,1.012983,1.054794,1.048011,1.022341,0.973337,1.041563
9.346260,1.034993,1.003596,0.989825,0.973862,0.983714,0.986100,0.980009,0.980536,1.027584,1.007788,0.999090,0.982983,1.000938,0.989483,0.990618,1.008397,1.004025,0.997193,1.042411,0.988623,1.014059,1.037757,1.027250,1.014548,1.027227,1.016982,1.005857,1.006652,1.002422,0.974205,0.920141,1.017042,1.002413,1.012949,1.054753,1.047975,1.022310,0.973293,1.041564
9.354590,1.034984,1.003577,0.989800,0.973838,0.983693,0.986079,0.979990,0.980518,1.027579,1.007767,0.999069,0.982961,1.000915,0.989457,0.990584,1.008360,1.003992,0.997163,1.042374,0.988589,1.014020,1.037716,1.027210,1.014510,1.027205,1.016948,1.005824,1.006611,1.002380,0.974205,0.920121,1.017027,1.002379,1.012916,1.054712,1.047939,1.022279,0.973250,1.041566
9.362920,1.034976,1.003558,0.989775,0.973814,0.983672,0.986059,0.979971,0.980500,1.027573,1.007746,0.999048,0.982939,1.000893,0.989431,0.990550,1.008325,1.003959,0.997133,1.042337,0.988554,1.013982,1.037676,1.027171,1.014474,1.027182,1.016915,1.005791,1.006572,1.002339,0.974204,0.920102,1.017013,1.002345,1.012884,1.054671,1.047904,1.022248,0.973207,1.041567
9.371250,1.034967,1.003539,0.989751,0.973790,0.983652,0.986039,0.979952,0.980482,1.027568,1.007725,0.999027,0.982918,1.000871,0.989406,0.990517,1.008289,1.003927,0.997103,1.042300,0.988520,1.013944,1.037637,1.027132,1.014437,1.027160,1.016883,1.005759,1.006532,1.002298,0.974204,0.920084,1.017000,1.002311,1.012851,1.054631,1.047868,1.022218,0.973165,1.041569
9.379580,1.034959,1.003521,0.989727,0.973767,0.983632,0.986020,0.979934,0.980465,1.027563,1.007705,0.999007,0.982897,1.000849,0.989381,0.990484,1.008254,1.003895,0.997074,1.042264,0.988486,1.013907,1.037598,1.027094,1.014401,1.027139,1.016851,1.005727,1.006493,1.002257,0.974205,0.920065,1.016987,1.002278,1.012819,1.054591,1.047834,1.022187,0.973123,1.041571
9.387910,1.034951,1.003503,0.989703,0.973744,0.983613,0.986000,0.979917,0.980447,1.027558,1.007685,0.998987,0.982877,1.000828,0.989357,0.990452,1.008219,1.003863,0.997045,1.042228,0.988453,1.013870,1.037559,1.027056,1.014365,1.027117,1.016819,1.005696,1.006454,1.002217,0.974205,0.920047,1.016974,1.002245,1.012788,1.054551,1.047800,1.022158,0.973081,1.041572
9.396240,1.034943,1.003486,0.989680,0.973721,0.983594,0.985981,0.979899,0.980431,1.027553,1.007665,0.998968,0.982856,1.000807,0.989332,0.990420,1.008185,1.003832,0.997017,1.042193,0.988420,1.013834,1.037521,1.027019,1.014330,1.027096,1.016788,1.005665,1.006416,1.002177,0.974206,0.920030,1.016962,1.002213,1.012757,1.054511,1.047766,1.022128,0.973040,1.041574
9.404570,1.034936,1.003469,0.989657,0.973699,0.983575,0.985963,0.979882,0.980414,1.027548,1.007646,0.998949,0.982837,1.000786,0.989309,0.990388,1.008151,1.003801,0.996989,1.042158,0.988387,1.013797,1.037483,1.026982,1.014295,1.027075,1.016757,1.005634,1.006379,1.002138,0.974208,0.920012,1.016950,1.002181,1.012726,1.054472,1.047733,1.022098,0.973000,1.041576
9.412900,1.034928,1.003452,0.989635,0.973677,0.983557,0.985945,0.979865,0.980398,1.027544,1.007627,0.998930,0.982817,1.000766,0.989285,0.990357,1.008118,1.003770,0.996962,1.042124,0.988355,1.013762,1.037445,1.026945,1.014261,1.027055,1.016727,1.005604,1.006341,1.002100,0.974209,0.919995,1.016939,1.002149,1.012696,1.054433,1.047701,1.022069,0.972960,1.041579
9.421230,1.034921,1.003436,0.989613,0.973656,0.983539,0.985927,0.979849,0.980382,1.027539,1.007609,0.998912,0.982798,1.000746,0.989262,0.990326,1.008085,1.003741,0.996935,1.042090,0.988324,1.013727,1.037408,1.026909,1.014227,1.027035,1.016697,1.005574,1.006305,1.002062,0.974212,0.919979,1.016928,1.002118,1.012666,1.054395,1.047669,1.022040,0.972921,1.041581
9.429560,1.034914,1.003420,0.989591,0.973635,0.983521,0.985909,0.979833,0.980367,1.027535,1.007591,0.998894,0.982780,1.000727,0.989240,0.990296,1.008053,1.003711,0.996908,1.042056,0.988292,1.013692,1.037371,1.026873,1.014193,1.027015,1.016667,1.005545,1.006269,1.002024,0.974214,0.919963,1.016917,1.002087,1.012637,1.054357,1.047637,1.022012,0.972882,1.041583
9.437890,1.034908,1.003404,0.989570,0.973614,0.983504,0.985892,0.979817,0.980352,1.027531,1.007573,0.998877,0.982761,1.000708,0.989218,0.990266,1.008021,1.003682,0.996882,1.042023,0.988262,1.013658,1.037335,1.026838,1.014160,1.026996,1.016638,1.005516,1.006233,1.001987,0.974217,0.919947,1.016907,1.002056,1.012608,1.054319,1.047606,1.021983,0.972843,1.041586
9.446220,1.034902,1.003389,0.989549,0.973594,0.983487,0.985876,0.979802,0.980337,1.027528,1.007556,0.998860,0.982744,1.000690,0.989196,0.990237,1.007989,1.003653,0.996856,1.041991,0.988231,1.013624,1.037300,1.026804,1.014128,1.026977,1.016610,1.005487,1.006198,1.001950,0.974220,0.919931,1.016898,1.002026,1.012580,1.054282,1.047576,1.021955,0.972805,1.041588
9.454550,1.034896,1.003374,0.989529,0.973575,0.983470,0.985859,0.979787,0.980323,1.027524,1.007539,0.998843,0.982726,1.000672,0.989175,0.990208,1.007958,1.003625,0.996831,1.041959,0.988201,1.013590,1.037264,1.026769,1.014096,1.026958,1.016582,1.005459,1.006163,1.001914,0.974224,0.919916,1.016888,1.001996,1.012552,1.054245,1.047546,1.021928,0.972768,1.041591
9.462880,1.034890,1.003360,0.989509,0.973555,0.983454,0.985844,0.979772,0.980309,1.027521,1.007523,0.998827,0.982710,1.000654,0.989154,0.990180,1.007928,1.003598,0.996806,1.041927,0.988172,1.013558,1.037230,1.026736,1.014064,1.026940,1.016554,1.005432,1.006129,1.001879,0.974228,0.919901,1.016879,1.001967,1.012525,1.054209,1.047516,1.021900,0.972731,1.041593
9.471210,1.034884,1.003346,0.989489,0.973536,0.983438,0.985828,0.979758,0.980295,1.027518,1.007507,0.998811,0.982693,1.000637,0.989134,0.990152,1.007898,1.003571,0.996782,1.041896,0.988143,1.013525,1.037195,1.026703,1.014033,1.026922,1.016527,1.005405,1.006096,1.001844,0.974233,0.919887,1.016871,1.001937,1.012498,1.054173,1.047488,1.021873,0.972695,1.041596
9.479540,1.034879,1.003333,0.989470,0.973518,0.983423,0.985813,0.979744,0.980282,1.027515,1.007492,0.998796,0.982677,1.000620,0.989114,0.990125,1.007868,1.003544,0.996758,1.041865,0.988115,1.013493,1.037162,1.026670,1.014003,1.026905,1.016500,1.005378,1.006063,1.001810,0.974238,0.919872,1.016863,1.001909,1.012472,1.054137,1.047459,1.021846,0.972660,1.041599
9.487870,1.034874,1.003320,0.989452,0.973500,0.983408,0.985798,0.979731,0.980269,1.027512,1.007477,0.998781,0.982661,1.000604,0.989095,0.990098,1.007839,1.003518,0.996735,1.041835,0.988087,1.013462,1.037128,1.026638,1.013972,1.026888,1.016474,1.005352,1.006030,1.001776,0.974243,0.919859,1.016856,1.001881,1.012446,1.054102,1.047432,1.021820,0.972625,1.041602
9.496200,1.034869,1.003307,0.989434,0.973482,0.983394,0.985784,0.979718,0.980256,1.027510,1.007463,0.998766,0.982646,1.000588,0.989076,0.990072,1.007811,1.003492,0.996712,1.041805,0.988060,1.013431,1.037096,1.026606,1.013943,1.026871,1.016448,1.005327,1.005998,1.001743,0.974249,0.919845,1.016849,1.001853,1.012421,1.054067,1.047404,1.021793,0.972590,1.041605
9.504530,1.034865,1.003295,0.989416,0.973465,0.983380,0.985770,0.979705,0.980244,1.027507,1.007449,0.998752,0.982632,1.000573,0.989057,0.990046,1.007783,1.003467,0.996690,1.041776,0.988033,1.013401,1.037063,1.026575,1.013914,1.026855,1.016423,1.005302,1.005967,1.001710,0.974255,0.919833,1.016842,1.001825,1.012396,1.054033,1.047378,1.021768,0.972556,1.041608
9.512860,1.034860,1.003283,0.989399,0.973448,0.983366,0.985757,0.979693,0.980232,1.027505,1.007435,0.998739,0.982617,1.000558,0.989039,0.990020,1.007756,1.003442,0.996668,1.041747,0.988006,1.013371,1.037032,1.026545,1.013886,1.026839,1.016399,1.005277,1.005936,1.001678,0.974262,0.919820,1.016836,1.001798,1.012372,1.053999,1.047352,1.021742,0.972523,1.041612
9.521190,1.034856,1.003272,0.989382,0.973432,0.983353,0.985744,0.979681,0.980221,1.027503,1.007422,0.998726,0.982604,1.000544,0.989022,0.989996,1.007729,1.003418,0.996646,1.041719,0.987980,1.013342,1.037000,1.026515,1.013858,1.026823,1.016374,1.005253,1.005906,1.001647,0.974269,0.919808,1.016830,1.001772,1.012348,1.053965,1.047327,1.021717,0.972490,1.041615
9.529520,1.034853,1.003261,0.989366,0.973416,0.983340,0.985731,0.979669,0.980210,1.027501,1.007409,0.998713,0.982590,1.000530,0.989005,0.989971,1.007702,1.003395,0.996625,1.041692,0.987955,1.013313,1.036970,1.026486,1.013830,1.026808,1.016351,1.005230,1.005877,1.001616,0.974276,0.919796,1.016825,1.001746,1.012325,1.053932,1.047302,1.021692,0.972458,1.041618
9.537850,1.034849,1.003251,0.989350,0.973401,0.983328,0.985719,0.979658,0.980199,1.027500,1.007397,0.998701,0.982577,1.000516,0.988988,0.989948,1.007677,1.003372,0.996605,1.041665,0.987930,1.013285,1.036939,1.026457,1.013804,1.026794,1.016328,1.005207,1.005848,1.001586,0.974284,0.919785,1.016820,1.001720,1.012303,1.053899,1.047278,1.021667,0.972427,1.041622
9.546180,1.034846,1.003241,0.989335,0.973386,0.983316,0.985707,0.979647,0.980189,1.027498,1.007385,0.998689,0.982565,1.000503,0.988972,0.989925,1.007651,1.003349,0.996585,1.041638,0.987906,1.013257,1.036910,1.026429,1.013777,1.026779,1.016305,1.005184,1.005820,1.001556,0.974293,0.919774,1.016816,1.001695,1.012281,1.053867,1.047254,1.021643,0.972396,1.041626
9.554510,1.034843,1.003232,0.989320,0.973372,0.983304,0.985696,0.979637,0.980179,1.027497,1.007374,0.998678,0.982553,1.000491,0.988957,0.989902,1.007627,1.003327,0.996566,1.041613,0.987882,1.013230,1.036881,1.026401,1.013752,1.026766,1.016283,1.005162,1.005792,1.001528,0.974301,0.919763,1.016812,1.001670,1.012259,1.053836,1.047231,1.021619,0.972366,1.041629
9.562840,1.034841,1.003223,0.989306,0.973358,0.983293,0.985685,0.979627,0.980170,1.027496,1.007363,0.998667,0.982542,1.000479,0.988942,0.989880,1.007603,1.003306,0.996547,1.041587,0.987859,1.013204,1.036852,1.026374,1.013727,1.026752,1.016262,1.005141,1.005765,1.001499,0.974311,0.919753,1.016808,1.001646,1.012238,1.053804,1.047209,1.021596,0.972337,1.041633
9.571170,1.034838,1.003214,0.989293,0.973345,0.983283,0.985675,0.979618,0.980161,1.027495,1.007353,0.998657,0.982531,1.000467,0.988927,0.989858,1.007579,1.003285,0.996529,1.041562,0.987837,1.013178,1.036824,1.026347,1.013702,1.026739,1.016241,1.005120,1.005738,1.001472,0.974320,0.919744,1.016806,1.001622,1.012218,1.053774,1.047187,1.021573,0.972308,1.041637
9.579500,1.034836,1.003206,0.989279,0.973332,0.983273,0.985665,0.979609,0.980152,1.027494,1.007343,0.998647,0.982520,1.000456,0.988914,0.989838,1.007556,1.003265,0.996512,1.041538,0.987815,1.013153,1.036797,1.026322,1.013678,1.026727,1.016220,1.005100,1.005712,1.001445,0.974331,0.919734,1.016803,1.001599,1.012199,1.053743,1.047166,1.021550,0.972280,1.041641
9.587830,1.034834,1.003199,0.989267,0.973320,0.983263,0.985656,0.979600,0.980144,1.027494,1.007334,0.998637,0.982510,1.000446,0.988900,0.989817,1.007534,1.003245,0.996494,1.041515,0.987793,1.013128,1.036770,1.026296,1.013655,1.026715,1.016201,1.005081,1.005687,1.001418,0.974341,0.919725,1.016801,1.001576,1.012180,1.053714,1.047145,1.021527,0.972252,1.041645
9.596160,1.034833,1.003192,0.989255,0.973308,0.983254,0.985647,0.979592,0.980136,1.027494,1.007325,0.998628,0.982501,1.000436,0.988887,0.989797,1.007512,1.003226,0.996478,1.041492,0.987772,1.013104,1.036744,1.026272,1.013632,1.026703,1.016181,1.005061,1.005663,1.001393,0.974352,0.919717,1.016800,1.001554,1.012161,1.053684,1.047125,1.021505,0.972225,1.041649
9.604490,1.034832,1.003185,0.989243,0.973296,0.983245,0.985638,0.979584,0.980128,1.027494,1.007317,0.998620,0.982492,1.000426,0.988875,0.989778,1.007491,1.003208,0.996462,1.041469,0.987752,1.013080,1.036718,1.026248,1.013610,1.026692,1.016163,1.005043,1.005639,1.001368,0.974364,0.919709,1.016798,1.001532,1.012143,1.053656,1.047106,1.021484,0.972199,1.041653
9.612820,1.034831,1.003179,0.989232,0.973285,0.983236,0.985630,0.979577,0.980121,1.027494,1.007309,0.998612,0.982483,1.000417,0.988863,0.989760,1.007470,1.003190,0.996447,1.041447,0.987732,1.013057,1.036693,1.026224,1.013588,1.026681,1.016145,1.005025,1.005616,1.001343,0.974376,0.919701,1.016798,1.001511,1.012126,1.053627,1.047088,1.021462,0.972173,1.041657
9.621150,1.034830,1.003173,0.989221,0.973275,0.983229,0.985622,0.979570,0.980115,1.027494,1.007302,0.998604,0.982475,1.000409,0.988852,0.989742,1.007450,1.003172,0.996432,1.041426,0.987713,1.013035,1.036669,1.026201,1.013567,1.026671,1.016127,1.005008,1.005593,1.001320,0.974388,0.919694,1.016798,1.001490,1.012109,1.053600,1.047070,1.021442,0.972148,1.041661
9.629480,1.034829,1.003168,0.989211,0.973265,0.983221,0.985615,0.979563,0.980109,1.027495,1.007295,0.998597,0.982468,1.000401,0.988841,0.989724,1.007431,1.003155,0.996417,1.041405,0.987695,1.013013,1.036645,1.026179,1.013547,1.026661,1.016110,1.004991,1.005571,1.001297,0.974401,0.919688,1.016798,1.001470,1.012093,1.053572,1.047052,1.021421,0.972124,1.041665
9.637810,1.034829,1.003164,0.989202,0.973256,0.983214,0.985608,0.979557,0.980103,1.027495,1.007288,0.998591,0.982461,1.000393,0.988831,0.989708,1.007412,1.003139,0.996404,1.041385,0.987677,1.012992,1.036622,1.026157,1.013527,1.026652,1.016094,1.004975,1.005550,1.001274,0.974415,0.919681,1.016799,1.001450,1.012078,1.053546,1.047036,1.021401,0.972101,1.041670
9.646140,1.034830,1.003160,0.989193,0.973247,0.983208,0.985602,0.979551,0.980097,1.027496,1.007283,0.998585,0.982454,1.000386,0.988821,0.989691,1.007394,1.003124,0.996391,1.041366,0.987659,1.012972,1.036599,1.026137,1.013508,1.026643,1.016078,1.004959,1.005529,1.001253,0.974428,0.919675,1.016800,1.001431,1.012063,1.053519,1.047020,1.021381,0.972078,1.041674
9.654470,1.034830,1.003156,0.989185,0.973239,0.983202,0.985596,0.979546,0.980092,1.027497,1.007277,0.998579,0.982448,1.000380,0.988812,0.989676,1.007377,1.003109,0.996378,1.041347,0.987643,1.012952,1.036577,1.026116,1.013490,1.026635,1.016063,1.004944,1.005509,1.001232,0.974443,0.919670,1.016802,1.001412,1.012049,1.053494,1.047004,1.021362,0.972056,1.041679
9.662800,1.034831,1.003153,0.989177,0.973231,0.983196,0.985591,0.979541,0.980088,1.027499,1.007272,0.998574,0.982443,1.000374,0.988803,0.989661,1.007360,1.003094,0.996366,1.041329,0.987627,1.012933,1.036556,1.026097,1.013472,1.026627,1.016048,1.004930,1.005490,1.001212,0.974458,0.919665,1.016804,1.001394,1.012036,1.053469,1.046990,1.021343,0.972035,1.041683
9.671130,1.034832,1.003151,0.989169,0.973224,0.983191,0.985586,0.979537,0.980084,1.027500,1.007268,0.998570,0.982438,1.000369,0.988795,0.989647,1.007344,1.003080,0.996355,1.041312,0.987611,1.012914,1.036535,1.026077,1.013455,1.026619,1.016034,1.004916,1.005471,1.001192,0.974473,0.919661,1.016807,1.001376,1.012023,1.053444,1.046976,1.021324,0.972014,1.041688
9.679460,1.034833,1.003148,0.989163,0.973217,0.983186,0.985582,0.979533,0.980080,1.027502,1.007264,0.998566,0.982434,1.000364,0.988788,0.989633,1.007328,1.003067,0.996344,1.041295,0.987596,1.012896,1.036515,1.026059,1.013439,1.026612,1.016021,1.004903,1.005454,1.001174,0.974489,0.919656,1.016810,1.001359,1.012011,1.053420,1.046962,1.021306,0.971994,1.041693
9.687790,1.034834,1.003147,0.989157,0.973211,0.983182,0.985578,0.979530,0.980077,1.027504,1.007261,0.998562,0.982430,1.000359,0.988781,0.989620,1.007313,1.003055,0.996334,1.041278,0.987582,1.012879,1.036495,1.026041,1.013423,1.026606,1.016008,1.004890,1.005436,1.001155,0.974505,0.919653,1.016814,1.001342,1.011999,1.053396,1.046950,1.021288,0.971975,1.041697
9.696120,1.034836,1.003146,0.989151,0.973205,0.983179,0.985574,0.979527,0.980074,1.027506,1.007258,0.998559,0.982426,1.000356,0.988774,0.989607,1.007299,1.003043,0.996324,1.041263,0.987568,1.012862,1.036476,1.026024,1.013408,1.026600,1.015996,1.004878,1.005420,1.001138,0.974522,0.919650,1.016818,1.001326,1.011988,1.053373,1.046938,1.021271,0.971956,1.041702
9.704450,1.034838,1.003145,0.989146,0.973200,0.983176,0.985572,0.979524,0.980072,1.027508,1.007256,0.998557,0.982423,1.000352,0.988768,0.989596,1.007285,1.003032,0.996315,1.041248,0.987555,1.012846,1.036458,1.026008,1.013393,1.026594,1.015985,1.004867,1.005404,1.001121,0.974539,0.919647,1.016823,1.001311,1.011978,1.053351,1.046926,1.021254,0.971938,1.041707
9.712780,1.034841,1.003146,0.989141,0.973195,0.983173,0.985569,0.979522,0.980070,1.027510,1.007255,0.998555,0.982421,1.000350,0.988763,0.989584,1.007272,1.003021,0.996307,1.041233,0.987543,1.012831,1.036440,1.025992,1.013379,1.026589,1.015974,1.004856,1.005389,1.001106,0.974557,0.919645,1.016828,1.001296,1.011968,1.053329,1.046916,1.021237,0.971921,1.041712
9.721110,1.034843,1.003146,0.989137,0.973191,0.983171,0.985567,0.979521,0.980069,1.027513,1.007253,0.998553,0.982419,1.000347,0.988758,0.989574,1.007260,1.003011,0.996299,1.041220,0.987531,1.012816,1.036423,1.025977,1.013366,1.026584,1.015964,1.004846,1.005375,1.001090,0.974575,0.919643,1.016833,1.001281,1.011959,1.053308,1.046906,1.021221,0.971905,1.041717
9.729440,1.034846,1.003147,0.989134,0.973188,0.983169,0.985566,0.979519,0.980067,1.027516,1.007253,0.998552,0.982418,1.000346,0.988754,0.989564,1.007248,1.003001,0.996292,1.041207,0.987520,1.012802,1.036407,1.025963,1.013353,1.026580,1.015954,1.004836,1.005361,1.001076,0.974593,0.919641,1.016840,1.001268,1.011951,1.053287,1.046896,1.021206,0.971889,1.041722
9.737770,1.034850,1.003149,0.989131,0.973185,0.983168,0.985565,0.979519,0.980067,1.027519,1.007253,0.998552,0.982417,1.000344,0.988751,0.989555,1.007237,1.002993,0.996285,1.041194,0.987510,1.012788,1.036391,1.025949,1.013341,1.026576,1.015945,1.004827,1.005348,1.001062,0.974612,0.919640,1.016846,1.001254,1.011943,1.053267,1.046888,1.021190,0.971874,1.041727
9.746100,1.034853,1.003151,0.989129,0.973182,0.983167,0.985564,0.979518,0.980067,1.027522,1.007253,0.998552,0.982417,1.000344,0.988748,0.989546,1.007227,1.002985,0.996280,1.041183,0.987500,1.012776,1.036376,1.025936,1.013330,1.026573,1.015937,1.004819,1.005336,1.001049,0.974632,0.919640,1.016853,1.001241,1.011936,1.053247,1.046880,1.021175,0.971860,1.041732
9.754430,1.034857,1.003154,0.989127,0.973180,0.983167,0.985564,0.979519,0.980067,1.027525,1.007254,0.998553,0.982417,1.000344,0.988745,0.989538,1.007217,1.002977,0.996274,1.041171,0.987491,1.012763,1.036362,1.025923,1.013319,1.026571,1.015929,1.004812,1.005324,1.001037,0.974652,0.919640,1.016861,1.001229,1.011930,1.053228,1.046873,1.021161,0.971847,1.041737
9.762760,1.034861,1.003157,0.989126,0.973179,0.983167,0.985565,0.979519,0.980068,1.027529,1.007255,0.998554,0.982418,1.000344,0.988743,0.989531,1.007208,1.002970,0.996269,1.041161,0.987482,1.012752,1.036348,1.025912,1.013309,1.026568,1.015922,1.004805,1.005314,1.001025,0.974673,0.919640,1.016869,1.001218,1.011924,1.053210,1.046866,1.021147,0.971834,1.041742
9.771090,1.034865,1.003160,0.989126,0.973178,0.983168,0.985566,0.979520,0.980069,1.027533,1.007257,0.998555,0.982419,1.000345,0.988742,0.989524,1.007199,1.002964,0.996265,1.041151,0.987475,1.012741,1.036335,1.025900,1.013300,1.026567,1.015915,1.004798,1.005304,1.001015,0.974694,0.919641,1.016877,1.001207,1.011919,1.053192,1.046860,1.021133,0.971822,1.041747
9.779420,1.034870,1.003165,0.989126,0.973178,0.983169,0.985567,0.979522,0.980070,1.027537,1.007260,0.998557,0.982421,1.000347,0.988741,0.989518,1.007192,1.002958,0.996262,1.041142,0.987467,1.012731,1.036322,1.025890,1.013292,1.026566,1.015909,1.004792,1.005294,1.001005,0.974715,0.919643,1.016886,1.001196,1.011915,1.053174,1.046855,1.021120,0.971811,1.041753
9.787750,1.034875,1.003169,0.989126,0.973178,0.983171,0.985569,0.979524,0.980072,1.027541,1.007263,0.998560,0.982423,1.000349,0.988741,0.989512,1.007185,1.002953,0.996259,1.041134,0.987461,1.012721,1.036310,1.025880,1.013284,1.026565,1.015904,1.004787,1.005286,1.000995,0.974737,0.919644,1.016895,1.001186,1.011911,1.053157,1.046850,1.021107,0.971800,1.041758
9.796080,1.034880,1.003175,0.989127,0.973179,0.983173,0.985571,0.979526,0.980075,1.027545,1.007266,0.998563,0.982426,1.000351,0.988742,0.989508,1.007178,1.002949,0.996257,1.041126,0.987455,1.012713,1.036299,1.025871,1.013276,1.026565,1.015899,1.004783,1.005278,1.000987,0.974760,0.919647,1.016905,1.001177,1.011908,1.053141,1.046846,1.021095,0.971791,1.041763
9.804410,1.034885,1.003180,0.989129,0.973180,0.983175,0.985574,0.979529,0.980078,1.027549,1.007270,0.998567,0.982429,1.000355,0.988742,0.989504,1.007172,1.002945,0.996255,1.041119,0.987450,1.012704,1.036289,1.025863,1.013270,1.026565,1.015895,1.004779,1.005270,1.000979,0.974783,0.919649,1.016916,1.001168,1.011906,1.053126,1.046843,1.021083,0.971782,1.041769
9.812740,1.034891,1.003187,0.989131,0.973182,0.983179,0.985578,0.979532,0.980081,1.027554,1.007275,0.998571,0.982433,1.000358,0.988744,0.989500,1.007167,1.002942,0.996254,1.041113,0.987445,1.012697,1.036279,1.025855,1.013264,1.026566,1.015892,1.004776,1.005264,1.000972,0.974806,0.919653,1.016927,1.001160,1.011904,1.053110,1.046841,1.021072,0.971774,1.041774
9.821070,1.034897,1.003194,0.989134,0.973185,0.983182,0.985581,0.979536,0.980085,1.027559,1.007280,0.998575,0.982437,1.000362,0.988746,0.989497,1.007163,1.002940,0.996254,1.041107,0.987441,1.012690,1.036270,1.025848,1.013259,1.026567,1.015889,1.004773,1.005258,1.000965,0.974830,0.919656,1.016938,1.001152,1.011903,1.053096,1.046839,1.021061,0.971766,1.041780
9.829400,1.034903,1.003201,0.989138,0.973188,0.983186,0.985586,0.979540,0.980089,1.027564,1.007285,0.998581,0.982442,1.000367,0.988749,0.989495,1.007159,1.002938,0.996254,1.041102,0.987438,1.012684,1.036261,1.025842,1.013254,1.026569,1.015887,1.004771,1.005253,1.000960,0.974855,0.919660,1.016950,1.001145,1.011903,1.053082,1.046838,1.021050,0.971760,1.041785
9.837730,1.034910,1.003209,0.989142,0.973191,0.983191,0.985591,0.979545,0.980093,1.027569,1.007292,0.998586,0.982448,1.000372,0.988752,0.989494,1.007156,1.002937,0.996255,1.041097,0.987435,1.012679,1.036253,1.025836,1.013250,1.026571,1.015886,1.004770,1.005249,1.000955,0.974879,0.919665,1.016962,1.001138,1.011903,1.053069,1.046837,1.021040,0.971754,1.041790
9.846060,1.034917,1.003217,0.989146,0.973195,0.983196,0.985596,0.979550,0.980098,1.027574,1.007298,0.998592,0.982454,1.000378,0.988756,0.989493,1.007154,1.002937,0.996256,1.041094,0.987433,1.012674,1.036246,1.025831,1.013247,1.026573,1.015885,1.004769,1.005245,1.000951,0.974905,0.919670,1.016974,1.001132,1.011905,1.053056,1.046838,1.021030,0.971748,1.041796
9.854390,1.034924,1.003226,0.989151,0.973200,0.983202,0.985602,0.979556,0.980104,1.027580,1.007305,0.998599,0.982460,1.000384,0.988760,0.989493,1.007152,1.002937,0.996258,1.041091,0.987432,1.012670,1.036239,1.025827,1.013245,1.026577,1.015885,1.004769,1.005243,1.000948,0.974931,0.919675,1.016988,1.001127,1.011906,1.053044,1.046839,1.021021,0.971744,1.041801
9.862720,1.034931,1.003236,0.989157,0.973205,0.983208,0.985608,0.979562,0.980110,1.027586,1.007313,0.998606,0.982467,1.000391,0.988765,0.989493,1.007151,1.002938,0.996261,1.041088,0.987431,1.012666,1.036234,1.025823,1.013243,1.026580,1.015885,1.004770,1.005241,1.000945,0.974957,0.919681,1.017001,1.001122,1.011909,1.053032,1.046840,1.021012,0.971740,1.041807
9.871050,1.034938,1.003246,0.989163,0.973211,0.983214,0.985615,0.979568,0.980116,1.027592,1.007321,0.998614,0.982475,1.000399,0.988771,0.989494,1.007150,1.002939,0.996264,1.041086,0.987431,1.012663,1.036228,1.025820,1.013242,1.026585,1.015887,1.004771,1.005239,1.000943,0.974984,0.919687,1.017015,1.001118,1.011912,1.053021,1.046843,1.021003,0.971737,1.041813
9.879380,1.034946,1.003256,0.989170,0.973217,0.983221,0.985622,0.979575,0.980123,1.027598,1.007330,0.998622,0.982483,1.000407,0.988777,0.989496,1.007151,1.002941,0.996268,1.041085,0.987432,1.012661,1.036224,1.025818,1.013241,1.026589,1.015888,1.004773,1.005239,1.000942,0.975011,0.919694,1.017030,1.001114,1.011915,1.053011,1.046845,1.020995,0.971735,1.041818
9.887710,1.034954,1.003267,0.989178,0.973224,0.983229,0.985629,0.979582,0.980130,1.027604,1.007339,0.998631,0.982491,1.000415,0.988783,0.989498,1.007151,1.002944,0.996273,1.041085,0.987433,1.012660,1.036220,1.025816,1.013241,1.026594,1.015891,1.004776,1.005239,1.000942,0.975038,0.919701,1.017045,1.001111,1.011920,1.053001,1.046849,1.020987,0.971734,1.041824
9.896040,1.034962,1.003278,0.989186,0.973231,0.983237,0.985638,0.979590,0.980137,1.027610,1.007349,0.998640,0.982500,1.000424,0.988790,0.989501,1.007153,1.002947,0.996278,1.041085,0.987435,1.012659,1.036216,1.025815,1.013242,1.026600,1.015894,1.004779,1.005239,1.000942,0.975066,0.919709,1.017060,1.001108,1.011925,1.052991,1.046853,1.020980,0.971733,1.041829
9.904370,1.034971,1.003290,0.989194,0.973239,0.983245,0.985646,0.979598,0.980145,1.027617,1.007359,0.998649,0.982510,1.000433,0.988798,0.989505,1.007155,1.002951,0.996283,1.041086,0.987438,1.012659,1.036214,1.025815,1.013244,1.026606,1.015897,1.004783,1.005241,1.000943,0.975095,0.919717,1.017076,1.001106,1.011931,1.052983,1.046858,1.020973,0.971733,1.041835
9.912700,1.034980,1.003303,0.989203,0.973247,0.983254,0.985655,0.979607,0.980154,1.027623,1.007370,0.998660,0.982520,1.000443,0.988806,0.989509,1.007158,1.002956,0.996290,1.041088,0.987441,1.012659,1.036212,1.025816,1.013246,1.026613,1.015902,1.004787,1.005243,1.000945,0.975124,0.919725,1.017092,1.001105,1.011937,1.052975,1.046864,1.020967,0.971734,1.041841
9.921030,1.034989,1.003316,0.989213,0.973256,0.983263,0.985665,0.979616,0.980163,1.027630,1.007381,0.998670,0.982530,1.000454,0.988815,0.989514,1.007162,1.002961,0.996297,1.041090,0.987445,1.012660,1.036210,1.025817,1.013249,1.026620,1.015906,1.004792,1.005246,1.000948,0.975153,0.919734,1.017109,1.001104,1.011944,1.052967,1.046870,1.020961,0.971736,1.041846
9.929360,1.034998,1.003329,0.989223,0.973265,0.983273,0.985675,0.979625,0.980172,1.027637,1.007392,0.998681,0.982541,1.000465,0.988825,0.989520,1.007166,1.002967,0.996304,1.041093,0.987450,1.012662,1.036210,1.025818,1.013252,1.026627,1.015912,1.004798,1.005250,1.000951,0.975183,0.919743,1.017126,1.001104,1.011952,1.052960,1.046877,1.020955,0.971738,1.041852
9.937690,1.035008,1.003343,0.989234,0.973275,0.983283,0.985685,0.979635,0.980181,1.027644,1.007404,0.998693,0.982553,1.000476,0.988835,0.989526,1.007171,1.002973,0.996312,1.041097,0.987455,1.012664,1.036210,1.025821,1.013256,1.026635,1.015918,1.004804,1.005254,1.000955,0.975214,0.919753,1.017143,1.001104,1.011960,1.052954,1.046885,1.020950,0.971741,1.041858
9.946020,1.035017,1.003358,0.989245,0.973285,0.983294,0.985696,0.979645,0.980191,1.027652,1.007417,0.998705,0.982565,1.000488,0.988845,0.989533,1.007176,1.002981,0.996321,1.041101,0.987461,1.012668,1.036210,1.025824,1.013261,1.026643,1.015925,1.004811,1.005259,1.000960,0.975244,0.919763,1.017161,1.001105,1.011969,1.052948,1.046893,1.020946,0.971745,1.041863
9.954350,1.035027,1.003373,0.989257,0.973296,0.983305,0.985708,0.979656,0.980202,1.027659,1.007430,0.998717,0.982577,1.000501,0.988856,0.989540,1.007182,1.002988,0.996330,1.041106,0.987468,1.012671,1.036211,1.025828,1.013267,1.026652,1.015932,1.004818,1.005265,1.000966,0.975276,0.919774,1.017179,1.001106,1.011979,1.052942,1.046902,1.020941,0.971750,1.041869
9.962680,1.035038,1.003388,0.989269,0.973308,0.983317,0.985719,0.979667,0.980213,1.027667,1.007444,0.998730,0.982590,1.000514,0.988867,0.989548,1.007189,1.002997,0.996340,1.041111,0.987475,1.012676,1.036213,1.025832,1.013273,1.026662,1.015940,1.004826,1.005272,1.000972,0.975307,0.919785,1.017198,1.001108,1.011989,1.052938,1.046912,1.020937,0.971755,1.041875
9.971010,1.035048,1.003404,0.989282,0.973320,0.983329,0.985732,0.979679,0.980224,1.027675,1.007458,0.998744,0.982604,1.000527,0.988879,0.989557,1.007196,1.003006,0.996351,1.041118,0.987482,1.012681,1.036216,1.025837,1.013280,1.026672,1.015949,1.004835,1.005279,1.000979,0.975339,0.919796,1.017217,1.001111,1.012000,1.052933,1.046922,1.020934,0.971761,1.041880
9.979340,1.035059,1.003421,0.989295,0.973332,0.983341,0.985744,0.979691,0.980236,1.027682,1.007472,0.998758,0.982618,1.000541,0.988892,0.989566,1.007204,1.003015,0.996362,1.041124,0.987491,1.012686,1.036219,1.025843,1.013287,1.026682,1.015958,1.004844,1.005287,1.000987,0.975372,0.919808,1.017237,1.001114,1.012012,1.052930,1.046933,1.020931,0.971768,1.041886
9.987670,1.035070,1.003437,0.989309,0.973345,0.983354,0.985757,0.979703,0.980248,1.027690,1.007487,0.998772,0.982632,1.000556,0.988905,0.989576,1.007213,1.003025,0.996373,1.041132,0.987500,1.012693,1.036222,1.025849,1.013295,1.026692,1.015968,1.004854,1.005296,1.000995,0.975404,0.919821,1.017256,1.001117,1.012024,1.052927,1.046944,1.020928,0.971775,1.041892
9.996000,1.035081,1.003455,0.989323,0.973358,0.983367,0.985771,0.979716,0.980260,1.027699,1.007503,0.998787,0.982647,1.000570,0.988919,0.989587,1.007222,1.003036,0.996385,1.041140,0.987510,1.012699,1.036227,1.025856,1.013304,1.026704,1.015978,1.004864,1.005305,1.001004,0.975438,0.919833,1.017277,1.001122,1.012037,1.052924,1.046956,1.020926,0.971783,1.041897
10.000000,1.035086,1.003463,0.989331,0.973365,0.983374,0.985778,0.979722,0.980266,1.027703,1.007510,0.998794,0.982654,1.000578,0.988925,0.989592,1.007227,1.003041,0.996391,1.041144,0.987514,1.012703,1.036229,1.025859,1.013308,1.026709,1.015983,1.004870,1.005310,1.001009,0.975454,0.919839,1.017287,1.001124,1.012043,1.052923,1.046962,1.020925,0.971788,1.041900
10.000000,1.035086,1.003464,0.989331,0.973365,0.983374,0.985778,0.979722,0.980267,1.027703,1.007511,0.998795,0.982655,1.000578,0.988926,0.989592,1.007228,1.003042,0.996392,1.041145,0.987515,1.012704,1.036230,1.025860,1.013309,1.026710,1.015984,1.004870,1.005310,1.001010,0.975454,0.919840,1.017287,1.001124,1.012044,1.052924,1.046963,1.020925,0.971788,1.041900
