Results,B01,B02,B03,B04,B05,B06,B07,B08,B09,B10,B11,B12,B13,B14,B15,B16,B17,B18,B19,B20,B21,B22,B23,B24,B25,B26,B27,B28,B29,B30,B31,B32,B33,B34,B35,B36,B37,B38,B39
Time in s,u. Magnitude in p.u.,u. Magnitude in p.u.,u. Magnitude in p.u.,u. Magnitude in p.u.,u. Magnitude in p.u.,u. Magnitude in p.u.,u. Magnitude in p.u.,u. Magnitude in p.u.,u. Magnitude in p.u.,u. Magnitude in p.u.,u. Magnitude in p.u.,u. Magnitude in p.u.,u. Magnitude in p.u.,u. Magnitude in p.u.,u. Magnitude in p.u.,u. Magnitude in p.u.,u. Magnitude in p.u.,u. Magnitude in p.u.,u. Magnitude in p.u.,u. Magnitude in p.u.,u. Magnitude in p.u.,u. Magnitude in p.u.,u. Magnitude in p.u.,u. Magnitude in p.u.,u. Magnitude in p.u.,u. Magnitude in p.u.,u. Magnitude in p.u.,u. Magnitude in p.u.,u. Magnitude in p.u.,u. Magnitude in p.u.,u. Magnitude in p.u.,u. Magnitude in p.u.,u. Magnitude in p.u.,u. Magnitude in p.u.,u. Magnitude in p.u.,u. Magnitude in p.u.,u. Magnitude in p.u.,u. Magnitude in p.u.,u. Magnitude in p.u.
0.000000,1.048463,1.032549,1.023075,1.019665,1.037377,1.042158,1.032360,1.030656,1.049250,1.050029,1.046148,1.030647,1.042800,1.029016,1.013729,1.025794,1.027928,1.024848,1.050040,0.992632,1.023560,1.041533,1.032722,1.029970,1.050043,1.049299,1.034644,1.050091,1.048666,1.005792,1.034632,1.034313,1.004499,1.015871,1.050000,1.050000,1.028602,1.023232,1.043279
0.008330,1.048463,1.032549,1.023075,1.019665,1.037377,1.042158,1.032360,1.030656,1.049250,1.050029,1.046148,1.030647,1.042800,1.029016,1.013729,1.025794,1.027928,1.024848,1.050040,0.992632,1.023560,1.041533,1.032722,1.029970,1.050043,1.049299,1.034644,1.050091,1.048666,1.005792,1.034632,1.034313,1.004499,1.015871,1.050000,1.050000,1.028602,1.023232,1.043279
0.016660,1.048463,1.032549,1.023075,1.019665,1.037377,1.042158,1.032360,1.030656,1.049250,1.050029,1.046148,1.030647,1.042800,1.029016,1.013729,1.025794,1.027928,1.024848,1.050040,0.992632,1.023560,1.041533,1.032722,1.029970,1.050043,1.049299,1.034644,1.050091,1.048666,1.005792,1.034632,1.034313,1.004499,1.015871,1.050000,1.050000,1.028602,1.023232,1.043279
0.024990,1.048463,1.032549,1.023075,1.019665,1.037377,1.042158,1.032360,1.030656,1.049250,1.050029,1.046148,1.030647,1.042800,1.029016,1.013729,1.025794,1.027928,1.024848,1.050040,0.992632,1.023560,1.041533,1.032722,1.029970,1.050043,1.049299,1.034644,1.050091,1.048666,1.005792,1.034632,1.034313,1.004499,1.015871,1.050000,1.050000,1.028602,1.023232,1.043279
0.033320,1.048463,1.032549,1.023075,1.019665,1.037377,1.042158,1.032360,1.030656,1.049250,1.050029,1.046148,1.030647,1.042800,1.029016,1.013729,1.025794,1.027928,1.024848,1.050040,0.992632,1.023560,1.041533,1.032722,1.029970,1.050043,1.049299,1.034644,1.050091,1.048666,1.005792,1.034632,1.034313,1.004499,1.015871,1.050000,1.050000,1.028602,1.023232,1.043279
0.041650,1.048463,1.032549,1.023075,1.019665,1.037377,1.042158,1.032360,1.030656,1.049250,1.050029,1.046148,1.030647,1.042800,1.029016,1.013729,1.025794,1.027928,1.024848,1.050040,0.992632,1.023560,1.041533,1.032722,1.029970,1.050043,1.049299,1.034644,1.050091,1.048666,1.005792,1.034632,1.034313,1.004499,1.015871,1.050000,1.050000,1.028602,1.023232,1.043279
0.049980,1.048463,1.032549,1.023075,1.019665,1.037377,1.042158,1.032360,1.030656,1.049250,1.050029,1.046148,1.030647,1.042800,1.029016,1.013729,1.025794,1.027928,1.024848,1.050040,0.992632,1.023560,1.041533,1.032722,1.029970,1.050043,1.049299,1.034644,1.050091,1.048666,1.005792,1.034632,1.034313,1.004499,1.015871,1.050000,1.050000,1.028602,1.023232,1.043279
0.058310,1.048463,1.032549,1.023075,1.019665,1.037377,1.042158,1.032360,1.030656,1.049250,1.050029,1.046148,1.030647,1.042800,1.029016,1.013729,1.025794,1.027928,1.024848,1.050040,0.992632,1.023560,1.041533,1.032722,1.029970,1.050043,1.049299,1.034644,1.050091,1.048666,1.005792,1.034632,1.034313,1.004499,1.015871,1.050000,1.050000,1.028602,1.023232,1.043279
0.066640,1.048463,1.032549,1.023075,1.019665,1.037377,1.042158,1.032360,1.030656,1.049250,1.050029,1.046148,1.030647,1.042800,1.029016,1.013729,1.025794,1.027928,1.024848,1.050040,0.992632,1.023560,1.041533,1.032722,1.029970,1.050043,1.049299,1.034644,1.050091,1.048666,1.005792,1.034632,1.034313,1.004499,1.015871,1.050000,1.050000,1.028602,1.023232,1.043279
0.074970,1.048463,1.032549,1.023075,1.019665,1.037377,1.042158,1.032360,1.030656,1.049250,1.050029,1.046148,1.030647,1.042800,1.029016,1.013729,1.025794,1.027928,1.024848,1.050040,0.992632,1.023560,1.041533,1.032722,1.029970,1.050043,1.049299,1.034644,1.050091,1.048666,1.005792,1.034632,1.034313,1.004499,1.015871,1.050000,1.050000,1.028602,1.023232,1.043279
0.083300,1.048463,1.032549,1.023075,1.019665,1.037377,1.042158,1.032360,1.030656,1.049250,1.050029,1.046148,1.030647,1.042800,1.029016,1.013729,1.025794,1.027928,1.024848,1.050040,0.992632,1.023560,1.041533,1.032722,1.029970,1.050043,1.049299,1.034644,1.050091,1.048666,1.005792,1.034632,1.034313,1.004499,1.015871,1.050000,1.050000,1.028602,1.023232,1.043279
0.091630,1.048463,1.032549,1.023075,1.019665,1.037377,1.042158,1.032360,1.030656,1.049250,1.050029,1.046148,1.030647,1.042800,1.029016,1.013729,1.025794,1.027928,1.024848,1.050040,0.992632,1.023560,1.041533,1.032722,1.029970,1.050043,1.049299,1.034644,1.050091,1.048666,1.005792,1.034632,1.034313,1.004499,1.015871,1.050000,1.050000,1.028602,1.023232,1.043279
0.099960,1.048463,1.032549,1.023075,1.019665,1.037377,1.042158,1.032360,1.030656,1.049250,1.050029,1.046148,1.030647,1.042800,1.029016,1.013729,1.025794,1.027928,1.024848,1.050040,0.992632,1.023560,1.041533,1.032722,1.029970,1.050043,1.049299,1.034644,1.050091,1.048666,1.005792,1.034632,1.034313,1.004499,1.015871,1.050000,1.050000,1.028602,1.023232,1.043279
0.108290,1.048463,1.032549,1.023075,1.019665,1.037377,1.042158,1.032360,1.030656,1.049250,1.050029,1.046148,1.030647,1.042800,1.029016,1.013729,1.025794,1.027928,1.024848,1.050040,0.992632,1.023560,1.041533,1.032722,1.029970,1.050043,1.049299,1.034644,1.050091,1.048666,1.005792,1.034632,1.034313,1.004499,1.015871,1.050000,1.050000,1.028602,1.023232,1.043279
0.116620,1.048463,1.032549,1.023075,1.019665,1.037377,1.042158,1.032360,1.030656,1.049250,1.050029,1.046148,1.030647,1.042800,1.029016,1.013729,1.025794,1.027928,1.024848,1.050040,0.992632,1.023560,1.041533,1.032722,1.029970,1.050043,1.049299,1.034644,1.050091,1.048666,1.005792,1.034632,1.034313,1.004499,1.015871,1.050000,1.050000,1.028602,1.023232,1.043279
0.124950,1.048463,1.032549,1.023075,1.019665,1.037377,1.042158,1.032360,1.030656,1.049250,1.050029,1.046148,1.030647,1.042800,1.029016,1.013729,1.025794,1.027928,1.024848,1.050040,0.992632,1.023560,1.041533,1.032722,1.029970,1.050043,1.049299,1.034644,1.050091,1.048666,1.005792,1.034632,1.034313,1.004499,1.015871,1.050000,1.050000,1.028602,1.023232,1.043279
0.133280,1.048463,1.032549,1.023075,1.019665,1.037377,1.042158,1.032360,1.030656,1.049250,1.050029,1.046148,1.030647,1.042800,1.029016,1.013729,1.025794,1.027928,1.024848,1.050040,0.992632,1.023560,1.041533,1.032722,1.029970,1.050043,1.049299,1.034644,1.050091,1.048666,1.005792,1.034632,1.034313,1.004499,1.015871,1.050000,1.050000,1.028602,1.023232,1.043279
0.141610,1.048463,1.032549,1.023075,1.019665,1.037377,1.042158,1.032360,1.030656,1.049250,1.050029,1.046148,1.030647,1.042800,1.029016,1.013729,1.025794,1.027928,1.024848,1.050040,0.992632,1.023560,1.041533,1.032722,1.029970,1.050043,1.049299,1.034644,1.050091,1.048666,1.005792,1.034632,1.034313,1.004499,1.015871,1.050000,1.050000,1.028602,1.023232,1.043279
0.149940,1.048463,1.032549,1.023075,1.019665,1.037377,1.042158,1.032360,1.030656,1.049250,1.050029,1.046148,1.030647,1.042800,1.029016,1.013729,1.025794,1.027928,1.024848,1.050040,0.992632,1.023560,1.041533,1.032722,1.029970,1.050043,1.049299,1.034644,1.050091,1.048666,1.005792,1.034632,1.034313,1.004499,1.015871,1.050000,1.050000,1.028602,1.023232,1.043279
0.158270,1.048463,1.032549,1.023075,1.019665,1.037377,1.042158,1.032360,1.030656,1.049250,1.050029,1.046148,1.030647,1.042800,1.029016,1.013729,1.025794,1.027928,1.024848,1.050040,0.992632,1.023560,1.041533,1.032722,1.029970,1.050043,1.049299,1.034644,1.050091,1.048666,1.005792,1.034632,1.034313,1.004499,1.015871,1.050000,1.050000,1.028602,1.023232,1.043279
0.166600,1.048463,1.032549,1.023075,1.019665,1.037377,1.042158,1.032360,1.030656,1.049250,1.050029,1.046148,1.030647,1.042800,1.029016,1.013729,1.025794,1.027928,1.024848,1.050040,0.992632,1.023560,1.041533,1.032722,1.029970,1.050043,1.049299,1.034644,1.050091,1.048666,1.005792,1.034632,1.034313,1.004499,1.015871,1.050000,1.050000,1.028602,1.023232,1.043279
0.174930,1.048463,1.032549,1.023075,1.019665,1.037377,1.042158,1.032360,1.030656,1.049250,1.050029,1.046148,1.030647,1.042800,1.029016,1.013729,1.025794,1.027928,1.024848,1.050040,0.992632,1.023560,1.041533,1.032722,1.029970,1.050043,1.049299,1.034644,1.050091,1.048666,1.005792,1.034632,1.034313,1.004499,1.015871,1.050000,1.050000,1.028602,1.023232,1.043279
0.183260,1.048463,1.032549,1.023075,1.019665,1.037377,1.042158,1.032360,1.030656,1.049250,1.050029,1.046148,1.030647,1.042800,1.029016,1.013729,1.025794,1.027928,1.024848,1.050040,0.992632,1.023560,1.041533,1.032722,1.029970,1.050043,1.049299,1.034644,1.050091,1.048666,1.005792,1.034632,1.034313,1.004499,1.015871,1.050000,1.050000,1.028602,1.023232,1.043279
0.191590,1.048463,1.032549,1.023075,1.019665,1.037377,1.042158,1.032360,1.030656,1.049250,1.050029,1.046148,1.030647,1.042800,1.029016,1.013729,1.025794,1.027928,1.024848,1.050040,0.992632,1.023560,1.041533,1.032722,1.029970,1.050043,1.049299,1.034644,1.050091,1.048666,1.005792,1.034632,1.034313,1.004499,1.015871,1.050000,1.050000,1.028602,1.023232,1.043279
0.199920,1.043633,1.024416,1.009915,0.997173,1.003369,1.005056,0.999570,0.999921,1.034613,1.022260,1.015285,1.002052,1.016485,1.006697,1.000952,1.016449,1.017951,1.013656,1.044220,0.988561,1.015803,1.035384,1.026640,1.021533,1.042843,1.041859,1.026084,1.044564,1.043480,1.001296,0.937775,1.016338,1.000453,1.012874,1.045662,1.046093,1.023743,1.019188,1.040505
0.208250,1.042649,1.022600,1.007326,0.993682,1.000002,1.001716,0.996218,0.996552,1.032853,1.019091,1.012056,0.998837,1.013286,1.003434,0.998095,1.013891,1.015479,1.011136,1.041961,0.986651,1.013425,1.033205,1.024383,1.018993,1.041114,1.039900,1.023900,1.042852,1.041865,1.000170,0.934654,1.013805,0.998449,1.011167,1.043918,1.043996,1.022289,1.017833,1.040016
0.216580,1.041855,1.021121,1.005280,0.991056,0.997483,0.999216,0.993726,0.994056,1.031513,1.016689,1.009619,0.996403,1.010857,1.000944,0.995847,1.011844,1.013500,1.009129,1.040160,0.985082,1.011492,1.031410,1.022548,1.016953,1.039696,1.038298,1.022132,1.041426,1.040508,0.999221,0.932319,1.011847,0.996912,1.009739,1.042426,1.042352,1.021056,1.016675,1.039622
0.224910,1.041182,1.019862,1.003569,0.988921,0.995446,0.997193,0.991716,0.992046,1.030420,1.014733,1.007639,0.994422,1.008876,0.998907,0.993972,1.010120,1.011834,1.007444,1.038645,0.983747,1.009849,1.029872,1.020988,1.015231,1.038484,1.036929,1.020633,1.040192,1.039331,0.998390,0.930429,1.010248,0.995640,1.008522,1.041120,1.040988,1.019982,1.015660,1.039291
0.233240,1.040602,1.018771,1.002103,0.987104,0.993719,0.995479,0.990015,0.990346,1.029496,1.013074,1.005959,0.992740,1.007194,0.997173,0.992366,1.008637,1.010400,1.005997,1.037345,0.982593,1.008430,1.028539,1.019643,1.013746,1.037429,1.035741,1.019338,1.039113,1.038300,0.997656,0.928827,1.008897,0.994556,1.007471,1.039972,1.039834,1.019040,1.014769,1.039009
0.241570,1.040101,1.017830,1.000844,0.985531,0.992230,0.994003,0.988551,0.988883,1.028709,1.011644,1.004513,0.991291,1.005745,0.995678,0.990980,1.007358,1.009166,1.004752,1.036225,0.981592,1.007206,1.027387,1.018484,1.012461,1.036516,1.034714,1.018220,1.038176,1.037406,0.997012,0.927447,1.007739,0.993625,1.006561,1.038971,1.038854,1.018220,1.013997,1.038769
0.249900,1.039675,1.017033,0.999779,0.984175,0.990953,0.992736,0.987295,0.987628,1.028049,1.010417,1.003272,0.990047,1.004502,0.994397,0.989795,1.006267,1.008116,1.003696,1.035268,0.980728,1.006166,1.026408,1.017502,1.011360,1.035738,1.033841,1.017270,1.037375,1.036647,0.996457,0.926264,1.006747,0.992827,1.005777,1.038112,1.038032,1.017517,1.013346,1.038570
0.258230,1.039321,1.016374,0.998899,0.983025,0.989873,0.991666,0.986236,0.986571,1.027508,1.009378,1.002222,0.988996,1.003450,0.993317,0.988801,1.005356,1.007242,1.002820,1.034462,0.979992,1.005300,1.025594,1.016688,1.010435,1.035090,1.033116,1.016481,1.036711,1.036022,0.995990,0.925264,1.005904,0.992152,1.005110,1.037392,1.037358,1.016926,1.012814,1.038408
0.266560,1.039034,1.015844,0.998190,0.982069,0.988980,0.990781,0.985361,0.985698,1.027076,1.008514,1.001352,0.988123,1.002578,0.992425,0.987984,1.004611,1.006533,1.002111,1.033797,0.979376,1.004598,1.024935,1.016031,1.009675,1.034565,1.032532,1.015844,1.036176,1.035524,0.995607,0.924437,1.005197,0.991589,1.004553,1.036802,1.036822,1.016441,1.012398,1.038281
0.274890,1.038806,1.015427,0.997633,0.981292,0.988256,0.990063,0.984653,0.984993,1.026742,1.007808,1.000643,0.987411,1.001866,0.991702,0.987327,1.004016,1.005970,1.001551,1.033259,0.978868,1.004041,1.024414,1.015515,1.009063,1.034150,1.032075,1.015341,1.035759,1.035142,0.995300,0.923766,1.004609,0.991128,1.004098,1.036330,1.036412,1.016051,1.012086,1.038186
0.283220,1.038630,1.015106,0.997203,0.980669,0.987676,0.989488,0.984088,0.984430,1.026488,1.007238,1.000072,0.986837,1.001293,0.991124,0.986806,1.003548,1.005531,1.001116,1.032830,0.978456,1.003608,1.024010,1.015118,1.008578,1.033830,1.031725,1.014953,1.035444,1.034859,0.995059,0.923229,1.004123,0.990756,1.003734,1.035958,1.036110,1.015741,1.011864,1.038119
0.291550,1.038494,1.014858,0.996871,0.980170,0.987211,0.989027,0.983636,0.983982,1.026298,1.006775,0.999610,0.986373,1.000829,0.990660,0.986391,1.003180,1.005188,1.000778,1.032490,0.978125,1.003272,1.023700,1.014817,1.008194,1.033583,1.031459,1.014655,1.035212,1.034656,0.994870,0.922798,1.003720,0.990456,1.003448,1.035667,1.035898,1.015494,1.011715,1.038074
0.299880,1.038388,1.014661,0.996607,0.979763,0.986832,0.988650,0.983268,0.983617,1.026152,1.006392,0.999230,0.985991,1.000446,0.990279,0.986054,1.002883,1.004914,1.000507,1.032215,0.977858,1.003004,1.023455,1.014583,1.007884,1.033390,1.031255,1.014421,1.035039,1.034511,0.994720,0.922445,1.003378,0.990213,1.003225,1.035434,1.035753,1.015293,1.011618,1.038046
0.308210,1.038301,1.014494,0.996382,0.979417,0.986508,0.988327,0.982955,0.983307,1.026033,1.006061,0.998903,0.985661,1.000116,0.989952,0.985764,1.002631,1.004682,1.000277,1.031986,0.977637,1.002777,1.023251,1.014392,1.007621,1.033231,1.031088,1.014226,1.034905,1.034402,0.994595,0.922144,1.003080,0.990010,1.003051,1.035239,1.035654,1.015123,1.011556,1.038032
0.316540,1.038226,1.014339,0.996172,0.979103,0.986213,0.988034,0.982670,0.983026,1.025927,1.005759,0.998604,0.985360,0.999813,0.989651,0.985498,1.002400,1.004468,1.000064,1.031782,0.977446,1.002569,1.023066,1.014221,1.007382,1.033088,1.030939,1.014049,1.034791,1.034312,0.994485,0.921870,1.002807,0.989831,1.002911,1.035063,1.035582,1.014967,1.011511,1.038026
0.324870,1.038155,1.014184,0.995959,0.978798,0.985927,0.987749,0.982393,0.982752,1.025824,1.005465,0.998314,0.985067,0.999519,0.989357,0.985234,1.002171,1.004254,0.999850,1.031588,0.977272,1.002361,1.022882,1.014051,1.007146,1.032948,1.030792,1.013873,1.034681,1.034225,0.994379,0.921603,1.002546,0.989664,1.002792,1.034893,1.035521,1.014816,1.011470,1.038026
0.333200,1.038083,1.014017,0.995731,0.978485,0.985633,0.987456,0.982110,0.982472,1.025715,1.005166,0.998018,0.984768,0.999218,0.989052,0.984957,1.001929,1.004027,0.999621,1.031391,0.977102,1.002140,1.022688,1.013871,1.006901,1.032802,1.030635,1.013685,1.034563,1.034130,0.994273,0.921330,1.002288,0.989500,1.002682,1.034716,1.035459,1.014660,1.011422,1.038028
0.341530,1.038008,1.013836,0.995479,0.978154,0.985323,0.987148,0.981810,0.982176,1.025596,1.004853,0.997706,0.984454,0.998901,0.988729,0.984660,1.001668,1.003780,0.999371,1.031183,0.976930,1.001898,1.022474,1.013672,1.006636,1.032643,1.030462,1.013479,1.034432,1.034021,0.994162,0.921042,1.002024,0.989331,1.002574,1.034528,1.035388,1.014496,1.011362,1.038033
0.349860,1.037928,1.013639,0.995204,0.977800,0.984993,0.986820,0.981491,0.981860,1.025466,1.004522,0.997377,0.984121,0.998566,0.988383,0.984340,1.001384,1.003510,0.999097,1.030962,0.976750,1.001633,1.022240,1.013451,1.006350,1.032471,1.030271,1.013253,1.034284,1.033894,0.994045,0.920736,1.001753,0.989155,1.002462,1.034325,1.035303,1.014323,1.011287,1.038038
0.358190,1.037843,1.013427,0.994908,0.977423,0.984644,0.986473,0.981153,0.981526,1.025328,1.004175,0.997029,0.983770,0.998212,0.988016,0.983997,1.001079,1.003221,0.998804,1.030726,0.976560,1.001347,1.021986,1.013211,1.006043,1.032286,1.030063,1.013008,1.034120,1.033753,0.993924,0.920411,1.001474,0.988970,1.002344,1.034108,1.035204,1.014140,1.011199,1.038044
0.366520,1.037756,1.013207,0.994596,0.977030,0.984281,0.986112,0.980802,0.981178,1.025183,1.003814,0.996668,0.983405,0.997844,0.987633,0.983636,1.000758,1.002916,0.998494,1.030480,0.976362,1.001044,1.021718,1.012954,1.005719,1.032092,1.029842,1.012750,1.033944,1.033599,0.993799,0.920074,1.001190,0.988778,1.002219,1.033880,1.035091,1.013951,1.011100,1.038052
0.374850,1.037667,1.012982,0.994278,0.976626,0.983909,0.985744,0.980444,0.980824,1.025037,1.003447,0.996301,0.983034,0.997469,0.987242,0.983266,1.000428,1.002603,0.998178,1.030226,0.976157,1.000733,1.021440,1.012688,1.005386,1.031895,1.029615,1.012485,1.033761,1.033439,0.993675,0.919730,1.000905,0.988583,1.002089,1.033646,1.034968,1.013759,1.010994,1.038060
0.383180,1.037581,1.012760,0.993960,0.976221,0.983538,0.985376,0.980086,0.980470,1.024894,1.003080,0.995934,0.982663,0.997095,0.986850,0.982895,1.000096,1.002289,0.997861,1.029971,0.975951,1.000419,1.021161,1.012420,1.005050,1.031699,1.029388,1.012219,1.033577,1.033277,0.993555,0.919386,1.000624,0.988387,1.001955,1.033411,1.034839,1.013570,1.010887,1.038072
0.391510,1.037498,1.012545,0.993651,0.975823,0.983175,0.985016,0.979736,0.980124,1.024757,1.002721,0.995574,0.982300,0.996728,0.986465,0.982530,0.999770,1.001982,0.997551,1.029720,0.975746,1.000111,1.020886,1.012155,1.004719,1.031510,1.029168,1.011959,1.033398,1.033120,0.993441,0.919050,1.000350,0.988195,1.001822,1.033181,1.034708,1.013387,1.010784,1.038086
0.399840,1.037421,1.012343,0.993357,0.975440,0.982827,0.984671,0.979402,0.979794,1.024632,1.002377,0.995230,0.981951,0.996375,0.986096,0.982178,0.999456,1.001687,0.997255,1.029479,0.975548,0.999816,1.020622,1.011900,1.004400,1.031331,1.028958,1.011712,1.033228,1.032973,0.993338,0.918728,1.000090,0.988011,1.001693,1.032960,1.034579,1.013214,1.010689,1.038105
0.408170,1.037352,1.012156,0.993083,0.975078,0.982499,0.984346,0.979087,0.979484,1.024519,1.002052,0.994905,0.981622,0.996042,0.985746,0.981844,0.999160,1.001410,0.996978,1.029250,0.975360,0.999536,1.020373,1.011660,1.004098,1.031167,1.028764,1.011481,1.033072,1.032839,0.993247,0.918424,0.999845,0.987837,1.001570,1.032751,1.034457,1.013054,1.010604,1.038127
0.416500,1.037291,1.011986,0.992831,0.974742,0.982195,0.984045,0.978797,0.979197,1.024420,1.001749,0.994603,0.981315,0.995733,0.985421,0.981533,0.998883,1.001154,0.996721,1.029037,0.975184,0.999276,1.020141,1.011436,1.003815,1.031019,1.028588,1.011269,1.032932,1.032719,0.993169,0.918143,0.999619,0.987677,1.001458,1.032557,1.034343,1.012907,1.010532,1.038155
0.424830,1.037239,1.011835,0.992602,0.974432,0.981916,0.983768,0.978530,0.978935,1.024337,1.001470,0.994325,0.981033,0.995447,0.985121,0.981245,0.998628,1.000918,0.996487,1.028841,0.975021,0.999036,1.019927,1.011230,1.003553,1.030888,1.028429,1.011076,1.032808,1.032615,0.993106,0.917885,0.999413,0.987530,1.001356,1.032378,1.034238,1.012774,1.010473,1.038187
0.433160,1.037196,1.011701,0.992395,0.974149,0.981662,0.983517,0.978289,0.978698,1.024267,1.001216,0.994072,0.980776,0.995186,0.984846,0.980979,0.998394,1.000704,0.996274,1.028662,0.974874,0.998816,1.019731,1.011042,1.003313,1.030773,1.028289,1.010902,1.032701,1.032527,0.993057,0.917649,0.999226,0.987397,1.001266,1.032213,1.034143,1.012655,1.010425,1.038223
0.441490,1.037160,1.011583,0.992208,0.973890,0.981431,0.983288,0.978070,0.978483,1.024210,1.000984,0.993841,0.980541,0.994947,0.984594,0.980735,0.998179,1.000508,0.996080,1.028499,0.974740,0.998613,1.019551,1.010869,1.003092,1.030673,1.028164,1.010746,1.032607,1.032451,0.993021,0.917436,0.999059,0.987277,1.001188,1.032062,1.034058,1.012549,1.010389,1.038264
0.449820,1.037131,1.011478,0.992039,0.973654,0.981221,0.983080,0.977872,0.978289,1.024164,1.000772,0.993631,0.980326,0.994730,0.984363,0.980510,0.997980,1.000328,0.995902,1.028350,0.974620,0.998425,1.019384,1.010710,1.002887,1.030586,1.028053,1.010604,1.032526,1.032386,0.992997,0.917242,0.998909,0.987170,1.001120,1.031921,1.033980,1.012454,1.010361,1.038308
0.458150,1.037108,1.011384,0.991884,0.973437,0.981029,0.982890,0.977691,0.978112,1.024127,1.000578,0.993438,0.980130,0.994529,0.984150,0.980300,0.997795,1.000161,0.995739,1.028213,0.974511,0.998250,1.019228,1.010561,1.002696,1.030509,1.027953,1.010474,1.032454,1.032330,0.992984,0.917064,0.998775,0.987073,1.001063,1.031790,1.033909,1.012368,1.010338,1.038355
0.466480,1.037089,1.011299,0.991739,0.973236,0.980851,0.982714,0.977524,0.977949,1.024098,1.000399,0.993260,0.979948,0.994344,0.983951,0.980101,0.997620,1.000005,0.995585,1.028086,0.974411,0.998084,1.019080,1.010420,1.002516,1.030440,1.027861,1.010354,1.032388,1.032280,0.992979,0.916900,0.998655,0.986984,1.001013,1.031666,1.033842,1.012290,1.010320,1.038404
0.474810,1.037075,1.011222,0.991603,0.973046,0.980685,0.982550,0.977368,0.977798,1.024074,1.000232,0.993095,0.979778,0.994170,0.983764,0.979912,0.997453,0.999856,0.995439,1.027966,0.974318,0.997924,1.018937,1.010285,1.002344,1.030377,1.027775,1.010240,1.032328,1.032233,0.992983,0.916747,0.998548,0.986903,1.000970,1.031547,1.033778,1.012217,1.010304,1.038456
0.483140,1.037063,1.011150,0.991473,0.972866,0.980529,0.982396,0.977222,0.977655,1.024055,1.000075,0.992938,0.979617,0.994006,0.983585,0.979730,0.997292,0.999712,0.995299,1.027851,0.974231,0.997769,1.018799,1.010153,1.002178,1.030319,1.027693,1.010130,1.032270,1.032189,0.992994,0.916602,0.998451,0.986826,1.000932,1.031431,1.033717,1.012148,1.010288,1.038510
0.491470,1.037054,1.011082,0.991347,0.972694,0.980380,0.982249,0.977083,0.977520,1.024040,0.999926,0.992790,0.979465,0.993850,0.983414,0.979553,0.997135,0.999573,0.995164,1.027740,0.974148,0.997617,1.018663,1.010024,1.002016,1.030265,1.027614,1.010024,1.032215,1.032146,0.993011,0.916465,0.998364,0.986754,1.000897,1.031318,1.033656,1.012084,1.010272,1.038565
0.499800,1.037047,1.011018,0.991226,0.972527,0.980237,0.982108,0.976951,0.977391,1.024027,0.999785,0.992649,0.979320,0.993702,0.983249,0.979381,0.996981,0.999437,0.995032,1.027632,0.974069,0.997468,1.018529,1.009897,1.001858,1.030214,1.027537,1.009921,1.032160,1.032103,0.993033,0.916333,0.998286,0.986685,1.000865,1.031206,1.033595,1.012022,1.010255,1.038621
0.508130,1.037042,1.010958,0.991109,0.972367,0.980101,0.981973,0.976824,0.977267,1.024018,0.999651,0.992514,0.979181,0.993559,0.983089,0.979212,0.996830,0.999304,0.994903,1.027527,0.973992,0.997321,1.018397,1.009771,1.001702,1.030166,1.027462,1.009820,1.032106,1.032060,0.993061,0.916208,0.998216,0.986619,1.000835,1.031096,1.033535,1.011964,1.010237,1.038679
0.516460,1.037039,1.010902,0.990995,0.972212,0.979970,0.981845,0.976703,0.977150,1.024012,0.999523,0.992386,0.979049,0.993424,0.982936,0.979048,0.996683,0.999174,0.994778,1.027425,0.973918,0.997177,1.018267,1.009648,1.001550,1.030121,1.027390,1.009723,1.032054,1.032018,0.993092,0.916088,0.998155,0.986556,1.000806,1.030988,1.033476,1.011909,1.010218,1.038737
0.524790,1.037039,1.010850,0.990887,0.972064,0.979846,0.981723,0.976588,0.977039,1.024009,0.999404,0.992266,0.978924,0.993296,0.982789,0.978890,0.996540,0.999050,0.994658,1.027326,0.973847,0.997038,1.018141,1.009528,1.001403,1.030079,1.027321,1.009629,1.032003,1.031978,0.993128,0.915974,0.998103,0.986495,1.000779,1.030883,1.033418,1.011857,1.010199,1.038797
0.533120,1.037040,1.010803,0.990785,0.971923,0.979729,0.981608,0.976481,0.976934,1.024010,0.999292,0.992153,0.978808,0.993176,0.982650,0.978737,0.996402,0.998930,0.994544,1.027231,0.973779,0.996903,1.018019,1.009413,1.001261,1.030041,1.027256,1.009539,1.031955,1.031939,0.993169,0.915867,0.998059,0.986438,1.000755,1.030781,1.033362,1.011810,1.010181,1.038858
0.541450,1.037044,1.010761,0.990690,0.971790,0.979620,0.981502,0.976382,0.976838,1.024016,0.999189,0.992049,0.978700,0.993064,0.982520,0.978592,0.996272,0.998817,0.994436,1.027141,0.973714,0.996774,1.017903,1.009302,1.001125,1.030008,1.027196,1.009455,1.031911,1.031904,0.993213,0.915767,0.998025,0.986384,1.000732,1.030683,1.033310,1.011766,1.010165,1.038920
0.549780,1.037051,1.010725,0.990602,0.971667,0.979521,0.981405,0.976291,0.976751,1.024026,0.999097,0.991955,0.978602,0.992963,0.982399,0.978456,0.996148,0.998711,0.994336,1.027056,0.973654,0.996653,1.017793,1.009198,1.000996,1.029979,1.027141,1.009378,1.031871,1.031873,0.993262,0.915677,0.998002,0.986334,1.000713,1.030591,1.033261,1.011728,1.010151,1.038984
0.558110,1.037061,1.010696,0.990524,0.971553,0.979431,0.981318,0.976210,0.976672,1.024042,0.999015,0.991871,0.978515,0.992873,0.982289,0.978329,0.996033,0.998613,0.994244,1.026978,0.973598,0.996539,1.017690,1.009101,1.000876,1.029956,1.027092,1.009307,1.031837,1.031846,0.993314,0.915596,0.997988,0.986289,1.000697,1.030504,1.033216,1.011694,1.010140,1.039048
0.566440,1.037074,1.010672,0.990454,0.971451,0.979352,0.981242,0.976140,0.976604,1.024063,0.998945,0.991798,0.978438,0.992793,0.982190,0.978212,0.995927,0.998524,0.994161,1.026905,0.973548,0.996434,1.017594,1.009011,1.000765,1.029938,1.027050,1.009244,1.031807,1.031824,0.993370,0.915524,0.997986,0.986248,1.000685,1.030423,1.033176,1.011666,1.010133,1.039114
0.574770,1.037090,1.010656,0.990393,0.971361,0.979284,0.981176,0.976079,0.976547,1.024090,0.998886,0.991737,0.978373,0.992726,0.982102,0.978106,0.995830,0.998444,0.994086,1.026840,0.973504,0.996338,1.017507,1.008930,1.000663,1.029926,1.027015,1.009189,1.031784,1.031808,0.993428,0.915463,0.997995,0.986213,1.000677,1.030348,1.033142,1.011644,1.010129,1.039182
0.583100,1.037109,1.010645,0.990341,0.971281,0.979227,0.981121,0.976030,0.976499,1.024122,0.998839,0.991686,0.978320,0.992670,0.982026,0.978010,0.995742,0.998372,0.994021,1.026782,0.973466,0.996250,1.017427,1.008856,1.000570,1.029920,1.026986,1.009141,1.031766,1.031796,0.993489,0.915412,0.998014,0.986182,1.000674,1.030279,1.033112,1.011626,1.010129,1.039251
0.591430,1.037131,1.010640,0.990298,0.971213,0.979180,0.981077,0.975990,0.976462,1.024159,0.998803,0.991647,0.978278,0.992625,0.981961,0.977925,0.995664,0.998310,0.993965,1.026731,0.973434,0.996172,1.017356,1.008790,1.000488,1.029919,1.026964,1.009101,1.031754,1.031791,0.993554,0.915370,0.998044,0.986157,1.000676,1.030217,1.033090,1.011614,1.010134,1.039321
0.599760,1.037155,1.010640,0.990263,0.971156,0.979144,0.981044,0.975961,0.976435,1.024201,0.998778,0.991620,0.978247,0.992592,0.981907,0.977849,0.995594,0.998255,0.993916,1.026686,0.973406,0.996101,1.017291,1.008731,1.000413,1.029921,1.026947,1.009067,1.031747,1.031789,0.993617,0.915339,0.998086,0.986135,1.000681,1.030160,1.033070,1.011605,1.010141,1.039392
0.608090,1.037182,1.010645,0.990236,0.971109,0.979118,0.981020,0.975941,0.976417,1.024248,0.998764,0.991602,0.978227,0.992569,0.981864,0.977784,0.995533,0.998208,0.993876,1.026648,0.973386,0.996039,1.017234,1.008680,1.000347,1.029930,1.026937,1.009041,1.031745,1.031793,0.993683,0.915317,0.998137,0.986119,1.000691,1.030110,1.033058,1.011602,1.010153,1.039464
0.616420,1.037211,1.010653,0.990216,0.971072,0.979101,0.981006,0.975931,0.976408,1.024300,0.998761,0.991594,0.978217,0.992557,0.981831,0.977727,0.995480,0.998168,0.993843,1.026615,0.973369,0.995984,1.017183,1.008635,1.000289,1.029940,1.026931,1.009020,1.031747,1.031799,0.993747,0.915304,0.998199,0.986105,1.000704,1.030063,1.033048,1.011601,1.010166,1.039537
0.624750,1.037242,1.010666,0.990202,0.971044,0.979093,0.981001,0.975929,0.976408,1.024355,0.998767,0.991596,0.978216,0.992554,0.981808,0.977678,0.995433,0.998136,0.993816,1.026588,0.973357,0.995936,1.017138,1.008596,1.000238,1.029955,1.026930,1.009006,1.031754,1.031811,0.993811,0.915299,0.998270,0.986096,1.000722,1.030022,1.033044,1.011605,1.010183,1.039610
0.633080,1.037274,1.010682,0.990194,0.971025,0.979094,0.981004,0.975934,0.976415,1.024414,0.998783,0.991607,0.978225,0.992560,0.981793,0.977638,0.995394,0.998109,0.993796,1.026565,0.973350,0.995894,1.017100,1.008562,1.000194,1.029973,1.026934,1.008996,1.031765,1.031825,0.993875,0.915302,0.998350,0.986090,1.000742,1.029985,1.033043,1.011611,1.010203,1.039685
0.641410,1.037309,1.010700,0.990192,0.971014,0.979102,0.981015,0.975948,0.976429,1.024477,0.998807,0.991626,0.978241,0.992575,0.981787,0.977605,0.995361,0.998089,0.993782,1.026548,0.973346,0.995858,1.017066,1.008534,1.000157,1.029994,1.026941,1.008991,1.031779,1.031843,0.993937,0.915312,0.998439,0.986086,1.000765,1.029952,1.033046,1.011621,1.010225,1.039759
0.649740,1.037345,1.010721,0.990195,0.971010,0.979117,0.981033,0.975968,0.976450,1.024542,0.998839,0.991653,0.978266,0.992598,0.981788,0.977580,0.995335,0.998074,0.993772,1.026535,0.973347,0.995828,1.017037,1.008510,1.000125,1.030017,1.026952,1.008991,1.031796,1.031864,0.993998,0.915329,0.998535,0.986086,1.000791,1.029924,1.033051,1.011633,1.010250,1.039835
0.658070,1.037382,1.010744,0.990203,0.971014,0.979139,0.981058,0.975994,0.976478,1.024610,0.998879,0.991687,0.978299,0.992629,0.981798,0.977561,0.995313,0.998064,0.993768,1.026526,0.973350,0.995803,1.017013,1.008491,1.000100,1.030042,1.026967,1.008995,1.031816,1.031888,0.994057,0.915352,0.998640,0.986087,1.000819,1.029898,1.033060,1.011647,1.010277,1.039910
0.666400,1.037420,1.010770,0.990216,0.971024,0.979168,0.981090,0.976028,0.976512,1.024682,0.998927,0.991729,0.978339,0.992668,0.981814,0.977549,0.995298,0.998059,0.993769,1.026520,0.973357,0.995783,1.016993,1.008477,1.000080,1.030069,1.026985,1.009003,1.031840,1.031914,0.994113,0.915382,0.998752,0.986091,1.000849,1.029877,1.033071,1.011664,1.010306,1.039987
0.674730,1.037460,1.010797,0.990233,0.971041,0.979203,0.981128,0.976067,0.976552,1.024755,0.998982,0.991778,0.978386,0.992713,0.981838,0.977543,0.995288,0.998059,0.993775,1.026519,0.973366,0.995769,1.016978,1.008466,1.000065,1.030098,1.027006,1.009015,1.031866,1.031944,0.994167,0.915418,0.998872,0.986096,1.000881,1.029859,1.033084,1.011683,1.010338,1.040063
0.683060,1.037501,1.010826,0.990254,0.971065,0.979245,0.981173,0.976112,0.976598,1.024832,0.999044,0.991833,0.978440,0.992766,0.981868,0.977543,0.995283,0.998064,0.993786,1.026521,0.973378,0.995759,1.016967,1.008460,1.000056,1.030129,1.027030,1.009030,1.031895,1.031976,0.994219,0.915460,0.998999,0.986104,1.000915,1.029844,1.033099,1.011704,1.010372,1.040139
0.691390,1.037543,1.010857,0.990280,0.971095,0.979293,0.981224,0.976164,0.976649,1.024910,0.999113,0.991896,0.978501,0.992826,0.981906,0.977550,0.995284,0.998074,0.993801,1.026527,0.973393,0.995755,1.016961,1.008458,1.000052,1.030162,1.027058,1.009050,1.031927,1.032010,0.994268,0.915507,0.999133,0.986113,1.000950,1.029832,1.033116,1.011727,1.010408,1.040216
0.699720,1.037586,1.010890,0.990311,0.971131,0.979347,0.981281,0.976221,0.976707,1.024992,0.999189,0.991965,0.978569,0.992893,0.981950,0.977563,0.995290,0.998089,0.993821,1.026536,0.973410,0.995755,1.016959,1.008459,1.000054,1.030197,1.027088,1.009074,1.031962,1.032047,0.994314,0.915561,0.999274,0.986124,1.000986,1.029824,1.033135,1.011752,1.010446,1.040293
0.708050,1.037630,1.010924,0.990345,0.971174,0.979407,0.981344,0.976284,0.976770,1.025075,0.999272,0.992040,0.978643,0.992967,0.982001,0.977583,0.995302,0.998109,0.993846,1.026549,0.973430,0.995761,1.016961,1.008465,1.000061,1.030233,1.027122,1.009101,1.032000,1.032087,0.994358,0.915620,0.999421,0.986137,1.001023,1.029819,1.033156,1.011780,1.010486,1.040370
0.716380,1.037676,1.010960,0.990384,0.971223,0.979473,0.981413,0.976352,0.976838,1.025161,0.999362,0.992122,0.978724,0.993047,0.982059,0.977608,0.995318,0.998133,0.993875,1.026565,0.973452,0.995771,1.016966,1.008474,1.000072,1.030272,1.027158,1.009132,1.032040,1.032130,0.994399,0.915684,0.999574,0.986151,1.001062,1.029817,1.033177,1.011809,1.010529,1.040447
0.724710,1.037722,1.010998,0.990427,0.971277,0.979545,0.981488,0.976426,0.976911,1.025249,0.999458,0.992210,0.978811,0.993133,0.982122,0.977639,0.995340,0.998161,0.993909,1.026584,0.973477,0.995786,1.016976,1.008487,1.000089,1.030312,1.027198,1.009167,1.032083,1.032174,0.994437,0.915754,0.999734,0.986167,1.001102,1.029818,1.033200,1.011840,1.010574,1.040525
0.733040,1.037770,1.011037,0.990474,0.971338,0.979621,0.981568,0.976504,0.976989,1.025338,0.999559,0.992303,0.978904,0.993225,0.982192,0.977676,0.995366,0.998194,0.993946,1.026606,0.973504,0.995805,1.016990,1.008504,1.000111,1.030353,1.027240,1.009205,1.032128,1.032221,0.994472,0.915829,0.999899,0.986185,1.001142,1.029822,1.033224,1.011873,1.010621,1.040602
0.741370,1.037818,1.011077,0.990524,0.971404,0.979703,0.981653,0.976588,0.977072,1.025430,0.999666,0.992402,0.979002,0.993323,0.982267,0.977718,0.995396,0.998231,0.993988,1.026632,0.973532,0.995828,1.017006,1.008523,1.000137,1.030396,1.027284,1.009246,1.032175,1.032270,0.994504,0.915908,1.000068,0.986203,1.001183,1.029829,1.033248,1.011907,1.010669,1.040679
0.749700,1.037868,1.011118,0.990577,0.971474,0.979789,0.981742,0.976676,0.977159,1.025522,0.999778,0.992506,0.979105,0.993426,0.982348,0.977765,0.995431,0.998271,0.994033,1.026659,0.973562,0.995855,1.017026,1.008545,1.000167,1.030440,1.027331,1.009290,1.032224,1.032321,0.994534,0.915992,1.000242,0.986223,1.001224,1.029838,1.033273,1.011943,1.010719,1.040756
0.758030,1.037918,1.011160,0.990633,0.971550,0.979880,0.981836,0.976767,0.977250,1.025616,0.999894,0.992613,0.979213,0.993533,0.982433,0.977817,0.995470,0.998315,0.994081,1.026690,0.973594,0.995885,1.017049,1.008570,1.000201,1.030485,1.027379,1.009336,1.032275,1.032373,0.994559,0.916079,1.000418,0.986244,1.001266,1.029849,1.033297,1.011980,1.010770,1.040832
0.766360,1.037968,1.011202,0.990692,0.971629,0.979974,0.981933,0.976862,0.977344,1.025711,1.000014,0.992725,0.979324,0.993644,0.982522,0.977872,0.995512,0.998361,0.994132,1.026722,0.973627,0.995919,1.017074,1.008596,1.000238,1.030530,1.027429,1.009385,1.032327,1.032426,0.994582,0.916170,1.000598,0.986266,1.001307,1.029863,1.033321,1.012018,1.010822,1.040909
0.774690,1.038019,1.011245,0.990753,0.971711,0.980071,0.982033,0.976960,0.977441,1.025807,1.000136,0.992839,0.979438,0.993758,0.982614,0.977931,0.995556,0.998411,0.994185,1.026756,0.973661,0.995955,1.017102,1.008625,1.000279,1.030576,1.027480,1.009435,1.032380,1.032480,0.994600,0.916263,1.000779,0.986289,1.001348,1.029877,1.033345,1.012057,1.010875,1.040985
0.783020,1.038070,1.011287,0.990815,0.971797,0.980170,0.982135,0.977059,0.977540,1.025903,1.000261,0.992956,0.979554,0.993874,0.982709,0.977993,0.995604,0.998462,0.994240,1.026792,0.973695,0.995993,1.017131,1.008655,1.000322,1.030622,1.027532,1.009487,1.032433,1.032535,0.994615,0.916359,1.000960,0.986311,1.001388,1.029894,1.033368,1.012096,1.010928,1.041060
0.791350,1.038122,1.011328,0.990878,0.971884,0.980271,0.982240,0.977161,0.977641,1.025999,1.000388,0.993074,0.979673,0.993993,0.982807,0.978058,0.995653,0.998515,0.994297,1.026828,0.973730,0.996034,1.017161,1.008686,1.000367,1.030668,1.027584,1.009539,1.032487,1.032589,0.994626,0.916456,1.001141,0.986334,1.001428,1.029911,1.033390,1.012136,1.010981,1.041135
0.799680,1.038173,1.011369,0.990942,0.971974,0.980374,0.982345,0.977264,0.977742,1.026095,1.000516,0.993193,0.979792,0.994112,0.982906,0.978125,0.995705,0.998569,0.994354,1.026866,0.973765,0.996076,1.017193,1.008717,1.000413,1.030713,1.027637,1.009592,1.032541,1.032643,0.994633,0.916555,1.001322,0.986357,1.001466,1.029929,1.033410,1.012176,1.011033,1.041210
0.808010,1.038224,1.011409,0.991006,0.972064,0.980477,0.982451,0.977367,0.977845,1.026190,1.000643,0.993313,0.979912,0.994232,0.983007,0.978193,0.995757,0.998624,0.994413,1.026904,0.973800,0.996119,1.017225,1.008749,1.000462,1.030757,1.027689,1.009646,1.032594,1.032697,0.994636,0.916654,1.001500,0.986380,1.001503,1.029948,1.033428,1.012215,1.011085,1.041283
0.816340,1.038275,1.011448,0.991070,0.972156,0.980580,0.982557,0.977471,0.977947,1.026284,1.000771,0.993432,0.980032,0.994352,0.983108,0.978262,0.995811,0.998680,0.994472,1.026942,0.973834,0.996162,1.017257,1.008781,1.000511,1.030801,1.027741,1.009699,1.032646,1.032750,0.994634,0.916753,1.001676,0.986402,1.001538,1.029967,1.033445,1.012254,1.011136,1.041356
0.824670,1.038326,1.011485,0.991134,0.972248,0.980684,0.982663,0.977574,0.978050,1.026378,1.000898,0.993551,0.980151,0.994472,0.983209,0.978332,0.995864,0.998735,0.994530,1.026980,0.973868,0.996206,1.017290,1.008813,1.000560,1.030843,1.027791,1.009752,1.032698,1.032801,0.994628,0.916852,1.001849,0.986424,1.001572,1.029986,1.033459,1.012293,1.011185,1.041428
0.833000,1.038376,1.011520,0.991197,0.972339,0.980786,0.982769,0.977677,0.978151,1.026470,1.001023,0.993669,0.980270,0.994590,0.983310,0.978403,0.995919,0.998791,0.994589,1.027017,0.973901,0.996251,1.017323,1.008845,1.000610,1.030883,1.027841,1.009804,1.032747,1.032851,0.994617,0.916951,1.002018,0.986445,1.001603,1.030005,1.033471,1.012331,1.011233,1.041499
0.841330,1.038426,1.011554,0.991259,0.972430,0.980888,0.982873,0.977779,0.978252,1.026562,1.001147,0.993786,0.980386,0.994707,0.983410,0.978474,0.995973,0.998846,0.994646,1.027055,0.973932,0.996295,1.017355,1.008875,1.000660,1.030922,1.027889,1.009856,1.032796,1.032899,0.994602,0.917048,1.002183,0.986466,1.001632,1.030024,1.033481,1.012367,1.011279,1.041569
0.849660,1.038475,1.011585,0.991320,0.972520,0.980989,0.982976,0.977879,0.978352,1.026651,1.001269,0.993900,0.980501,0.994823,0.983509,0.978544,0.996026,0.998900,0.994703,1.027091,0.973963,0.996338,1.017386,1.008905,1.000710,1.030959,1.027936,1.009906,1.032842,1.032946,0.994582,0.917144,1.002344,0.986485,1.001659,1.030042,1.033488,1.012403,1.011324,1.041639
0.857990,1.038523,1.011614,0.991379,0.972609,0.981087,0.983077,0.977978,0.978449,1.026739,1.001388,0.994013,0.980614,0.994936,0.983607,0.978613,0.996079,0.998953,0.994759,1.027127,0.973992,0.996381,1.017417,1.008933,1.000759,1.030994,1.027981,1.009954,1.032886,1.032989,0.994557,0.917239,1.002499,0.986503,1.001684,1.030060,1.033492,1.012438,1.011365,1.041707
0.866320,1.038570,1.011641,0.991436,0.972697,0.981184,0.983176,0.978075,0.978545,1.026825,1.001504,0.994123,0.980725,0.995046,0.983702,0.978682,0.996131,0.999005,0.994813,1.027161,0.974020,0.996423,1.017447,1.008961,1.000807,1.031027,1.028024,1.010001,1.032929,1.033031,0.994528,0.917331,1.002650,0.986521,1.001706,1.030077,1.033494,1.012471,1.011405,1.041774
0.874650,1.038617,1.011666,0.991492,0.972783,0.981279,0.983273,0.978169,0.978639,1.026909,1.001618,0.994230,0.980832,0.995154,0.983796,0.978749,0.996183,0.999056,0.994866,1.027195,0.974046,0.996464,1.017475,1.008987,1.000855,1.031058,1.028065,1.010046,1.032968,1.033070,0.994495,0.917422,1.002795,0.986537,1.001726,1.030093,1.033493,1.012503,1.011441,1.041840
0.882980,1.038663,1.011689,0.991545,0.972867,0.981372,0.983367,0.978261,0.978731,1.026991,1.001728,0.994334,0.980937,0.995259,0.983888,0.978815,0.996232,0.999105,0.994917,1.027227,0.974070,0.996504,1.017503,1.009011,1.000901,1.031087,1.028103,1.010089,1.033005,1.033106,0.994458,0.917510,1.002934,0.986552,1.001743,1.030107,1.033489,1.012533,1.011475,1.041904
0.891310,1.038707,1.011709,0.991596,0.972948,0.981461,0.983459,0.978351,0.978820,1.027070,1.001834,0.994435,0.981038,0.995360,0.983976,0.978880,0.996280,0.999152,0.994965,1.027257,0.974092,0.996542,1.017528,1.009033,1.000945,1.031113,1.028139,1.010130,1.033039,1.033139,0.994417,0.917595,1.003067,0.986565,1.001757,1.030121,1.033482,1.012562,1.011505,1.041968
0.899640,1.038751,1.011726,0.991645,0.973027,0.981548,0.983548,0.978438,0.978906,1.027147,1.001936,0.994532,0.981136,0.995458,0.984062,0.978942,0.996327,0.999198,0.995012,1.027286,0.974113,0.996579,1.017553,1.009054,1.000988,1.031137,1.028173,1.010169,1.033071,1.033170,0.994372,0.917678,1.003194,0.986578,1.001769,1.030134,1.033472,1.012590,1.011533,1.042030
0.907970,1.038794,1.011742,0.991691,0.973104,0.981632,0.983633,0.978522,0.978989,1.027222,1.002035,0.994625,0.981230,0.995553,0.984146,0.979003,0.996372,0.999241,0.995057,1.027313,0.974132,0.996614,1.017575,1.009073,1.001030,1.031158,1.028204,1.010206,1.033099,1.033197,0.994324,0.917758,1.003315,0.986589,1.001779,1.030145,1.033460,1.012615,1.011557,1.042091
0.916300,1.038836,1.011755,0.991735,0.973178,0.981713,0.983716,0.978603,0.979070,1.027295,1.002129,0.994715,0.981320,0.995643,0.984225,0.979061,0.996414,0.999282,0.995100,1.027339,0.974149,0.996647,1.017596,1.009090,1.001069,1.031178,1.028232,1.010240,1.033124,1.033221,0.994272,0.917835,1.003430,0.986599,1.001786,1.030155,1.033445,1.012639,1.011578,1.042151
0.924630,1.038878,1.011766,0.991776,0.973248,0.981790,0.983795,0.978680,0.979147,1.027365,1.002219,0.994801,0.981406,0.995729,0.984302,0.979116,0.996455,0.999321,0.995140,1.027363,0.974164,0.996679,1.017615,1.009105,1.001107,1.031194,1.028258,1.010271,1.033147,1.033241,0.994218,0.917909,1.003538,0.986607,1.001790,1.030164,1.033428,1.012662,1.011596,1.042210
0.932960,1.038918,1.011775,0.991815,0.973316,0.981864,0.983870,0.978754,0.979220,1.027432,1.002305,0.994883,0.981488,0.995811,0.984375,0.979170,0.996494,0.999358,0.995177,1.027385,0.974177,0.996708,1.017632,1.009117,1.001142,1.031209,1.028281,1.010300,1.033166,1.033258,0.994161,0.917979,1.003639,0.986614,1.001792,1.030171,1.033407,1.012683,1.011610,1.042267
0.941290,1.038957,1.011781,0.991851,0.973381,0.981935,0.983942,0.978825,0.979291,1.027496,1.002386,0.994960,0.981566,0.995889,0.984445,0.979220,0.996530,0.999392,0.995212,1.027405,0.974189,0.996735,1.017647,1.009128,1.001176,1.031221,1.028301,1.010326,1.033182,1.033272,0.994102,0.918046,1.003735,0.986620,1.001792,1.030176,1.033385,1.012703,1.011620,1.042323
0.949620,1.038995,1.011786,0.991884,0.973442,0.982002,0.984010,0.978892,0.979358,1.027558,1.002462,0.995033,0.981639,0.995963,0.984510,0.979268,0.996564,0.999423,0.995245,1.027423,0.974198,0.996760,1.017660,1.009137,1.001207,1.031231,1.028318,1.010350,1.033194,1.033283,0.994041,0.918110,1.003823,0.986625,1.001789,1.030180,1.033360,1.012720,1.011627,1.042377
0.957950,1.039033,1.011789,0.991914,0.973499,0.982065,0.984074,0.978955,0.979421,1.027617,1.002534,0.995102,0.981708,0.996032,0.984572,0.979313,0.996595,0.999452,0.995275,1.027440,0.974206,0.996783,1.017671,1.009143,1.001235,1.031239,1.028333,1.010371,1.033204,1.033290,0.993979,0.918170,1.003905,0.986628,1.001785,1.030183,1.033332,1.012737,1.011631,1.042431
0.966280,1.039070,1.011790,0.991942,0.973554,0.982124,0.984134,0.979015,0.979480,1.027673,1.002600,0.995166,0.981773,0.996096,0.984631,0.979355,0.996624,0.999479,0.995302,1.027454,0.974211,0.996803,1.017680,1.009147,1.001262,1.031245,1.028345,1.010389,1.033211,1.033295,0.993915,0.918226,1.003981,0.986631,1.001778,1.030184,1.033303,1.012752,1.011631,1.042483
0.974610,1.039106,1.011789,0.991967,0.973605,0.982180,0.984190,0.979071,0.979536,1.027727,1.002662,0.995226,0.981833,0.996156,0.984685,0.979394,0.996650,0.999503,0.995327,1.027467,0.974216,0.996821,1.017687,1.009150,1.001286,1.031249,1.028354,1.010405,1.033214,1.033295,0.993850,0.918279,1.004050,0.986632,1.001770,1.030183,1.033271,1.012766,1.011628,1.042533
0.982940,1.039141,1.011787,0.991989,0.973652,0.982232,0.984243,0.979123,0.979588,1.027778,1.002720,0.995282,0.981889,0.996212,0.984735,0.979430,0.996674,0.999524,0.995349,1.027478,0.974218,0.996837,1.017692,1.009150,1.001307,1.031251,1.028361,1.010418,1.033214,1.033293,0.993784,0.918328,1.004113,0.986632,1.001759,1.030181,1.033238,1.012778,1.011621,1.042583
0.991270,1.039175,1.011783,0.992009,0.973695,0.982280,0.984291,0.979171,0.979637,1.027825,1.002772,0.995333,0.981940,0.996263,0.984781,0.979463,0.996696,0.999543,0.995368,1.027487,0.974219,0.996851,1.017695,1.009148,1.001326,1.031250,1.028365,1.010429,1.033212,1.033288,0.993718,0.918373,1.004170,0.986631,1.001748,1.030177,1.033203,1.012789,1.011611,1.042631
0.999600,1.039208,1.011778,0.992026,0.973735,0.982324,0.984336,0.979216,0.979681,1.027870,1.002820,0.995379,0.981986,0.996309,0.984824,0.979492,0.996715,0.999559,0.995385,1.027495,0.974218,0.996862,1.017696,1.009144,1.001343,1.031249,1.028367,1.010437,1.033206,1.033279,0.993652,0.918415,1.004220,0.986629,1.001734,1.030172,1.033166,1.012799,1.011598,1.042678
1.007930,1.039241,1.011772,0.992040,0.973772,0.982364,0.984377,0.979257,0.979722,1.027913,1.002862,0.995421,0.982028,0.996351,0.984862,0.979519,0.996731,0.999573,0.995400,1.027500,0.974216,0.996871,1.017695,1.009139,1.001357,1.031245,1.028366,1.010443,1.033198,1.033268,0.993586,0.918453,1.004264,0.986627,1.001720,1.030166,1.033128,1.012808,1.011582,1.042723
1.016260,1.039273,1.011764,0.992052,0.973805,0.982400,0.984413,0.979293,0.979759,1.027952,1.002900,0.995459,0.982066,0.996388,0.984896,0.979543,0.996745,0.999585,0.995412,1.027505,0.974213,0.996878,1.017693,1.009131,1.001369,1.031240,1.028363,1.010447,1.033188,1.033254,0.993521,0.918487,1.004302,0.986623,1.001705,1.030158,1.033088,1.012816,1.011563,1.042767
1.024590,1.039305,1.011756,0.992062,0.973834,0.982433,0.984446,0.979327,0.979793,1.027989,1.002934,0.995492,0.982099,0.996421,0.984927,0.979564,0.996757,0.999594,0.995422,1.027508,0.974209,0.996883,1.017688,1.009122,1.001379,1.031234,1.028358,1.010448,1.033174,1.033238,0.993456,0.918518,1.004334,0.986619,1.001688,1.030150,1.033048,1.012823,1.011542,1.042810
1.032920,1.039336,1.011747,0.992069,0.973860,0.982461,0.984475,0.979356,0.979823,1.028023,1.002963,0.995521,0.982128,0.996449,0.984953,0.979581,0.996767,0.999601,0.995429,1.027509,0.974203,0.996886,1.017683,1.009111,1.001387,1.031226,1.028351,1.010447,1.033159,1.033219,0.993392,0.918545,1.004361,0.986615,1.001671,1.030140,1.033006,1.012829,1.011517,1.042852
1.041250,1.039366,1.011737,0.992074,0.973882,0.982487,0.984500,0.979382,0.979849,1.028054,1.002987,0.995545,0.982152,0.996473,0.984976,0.979596,0.996774,0.999606,0.995434,1.027509,0.974197,0.996888,1.017675,1.009099,1.001392,1.031217,1.028342,1.010444,1.033141,1.033198,0.993330,0.918568,1.004381,0.986609,1.001653,1.030128,1.032964,1.012834,1.011491,1.042892
1.049580,1.039396,1.011726,0.992077,0.973901,0.982508,0.984522,0.979404,0.979871,1.028083,1.003006,0.995566,0.982172,0.996492,0.984995,0.979609,0.996779,0.999608,0.995438,1.027508,0.974190,0.996887,1.017666,1.009085,1.001396,1.031207,1.028331,1.010440,1.033121,1.033174,0.993268,0.918588,1.004396,0.986604,1.001635,1.030116,1.032921,1.012839,1.011462,1.042932
1.057910,1.039425,1.011715,0.992077,0.973917,0.982526,0.984540,0.979423,0.979890,1.028109,1.003021,0.995582,0.982188,0.996507,0.985010,0.979618,0.996782,0.999609,0.995439,1.027506,0.974182,0.996884,1.017656,1.009071,1.001397,1.031196,1.028318,1.010433,1.033099,1.033149,0.993208,0.918605,1.004405,0.986598,1.001617,1.030103,1.032878,1.012843,1.011431,1.042970
1.066240,1.039453,1.011704,0.992076,0.973929,0.982540,0.984554,0.979438,0.979906,1.028132,1.003032,0.995594,0.982200,0.996519,0.985022,0.979625,0.996783,0.999608,0.995438,1.027502,0.974173,0.996880,1.017644,1.009054,1.001397,1.031184,1.028304,1.010424,1.033076,1.033122,0.993150,0.918618,1.004409,0.986591,1.001599,1.030089,1.032834,1.012847,1.011398,1.043006
1.074570,1.039482,1.011692,0.992073,0.973938,0.982551,0.984564,0.979449,0.979918,1.028153,1.003039,0.995602,0.982208,0.996526,0.985030,0.979629,0.996782,0.999605,0.995435,1.027498,0.974165,0.996875,1.017632,1.009037,1.001395,1.031171,1.028288,1.010414,1.033051,1.033093,0.993094,0.918628,1.004408,0.986585,1.001581,1.030075,1.032790,1.012850,1.011363,1.043042
1.082900,1.039509,1.011680,0.992068,0.973944,0.982558,0.984572,0.979458,0.979927,1.028172,1.003041,0.995606,0.982211,0.996529,0.985035,0.979630,0.996780,0.999600,0.995431,1.027494,0.974155,0.996867,1.017618,1.009019,1.001391,1.031158,1.028271,1.010403,1.033024,1.033063,0.993039,0.918635,1.004402,0.986578,1.001564,1.030060,1.032747,1.012853,1.011327,1.043077
1.091230,1.039537,1.011668,0.992061,0.973947,0.982562,0.984575,0.979463,0.979933,1.028188,1.003040,0.995607,0.982211,0.996528,0.985036,0.979630,0.996775,0.999594,0.995425,1.027488,0.974146,0.996859,1.017604,1.009001,1.001386,1.031144,1.028253,1.010390,1.032996,1.033031,0.992987,0.918639,1.004390,0.986572,1.001546,1.030044,1.032703,1.012856,1.011290,1.043110
1.099560,1.039563,1.011655,0.992053,0.973947,0.982563,0.984576,0.979464,0.979935,1.028202,1.003034,0.995604,0.982208,0.996524,0.985034,0.979627,0.996770,0.999586,0.995417,1.027482,0.974137,0.996850,1.017588,1.008981,1.001379,1.031129,1.028234,1.010376,1.032967,1.032999,0.992936,0.918639,1.004374,0.986565,1.001530,1.030028,1.032660,1.012859,1.011251,1.043142
1.107890,1.039590,1.011643,0.992043,0.973945,0.982561,0.984573,0.979463,0.979935,1.028213,1.003025,0.995597,0.982201,0.996516,0.985029,0.979622,0.996762,0.999577,0.995408,1.027476,0.974128,0.996839,1.017572,1.008961,1.001371,1.031114,1.028214,1.010361,1.032938,1.032966,0.992888,0.918637,1.004352,0.986559,1.001515,1.030012,1.032618,1.012861,1.011212,1.043173
1.116220,1.039616,1.011630,0.992031,0.973939,0.982556,0.984568,0.979459,0.979931,1.028223,1.003012,0.995587,0.982190,0.996504,0.985021,0.979614,0.996753,0.999566,0.995398,1.027468,0.974118,0.996827,1.017555,1.008940,1.001361,1.031099,1.028192,1.010344,1.032906,1.032931,0.992841,0.918631,1.004328,0.986553,1.001499,1.029995,1.032575,1.012863,1.011171,1.043204
1.124550,1.039641,1.011618,0.992019,0.973931,0.982548,0.984559,0.979452,0.979925,1.028230,1.002996,0.995574,0.982176,0.996490,0.985011,0.979605,0.996744,0.999555,0.995386,1.027462,0.974110,0.996814,1.017539,1.008920,1.001351,1.031083,1.028171,1.010327,1.032876,1.032897,0.992797,0.918623,1.004298,0.986547,1.001486,1.029978,1.032534,1.012865,1.011131,1.043233
1.132880,1.039667,1.011606,0.992005,0.973920,0.982537,0.984548,0.979442,0.979916,1.028235,1.002976,0.995557,0.982159,0.996472,0.984997,0.979594,0.996733,0.999542,0.995374,1.027454,0.974102,0.996801,1.017521,1.008899,1.001339,1.031068,1.028149,1.010309,1.032844,1.032862,0.992755,0.918613,1.004264,0.986542,1.001474,1.029961,1.032494,1.012868,1.011090,1.043261
1.141210,1.039692,1.011595,0.991991,0.973907,0.982524,0.984534,0.979430,0.979904,1.028238,1.002953,0.995538,0.982139,0.996451,0.984981,0.979582,0.996721,0.999529,0.995360,1.027447,0.974094,0.996787,1.017504,1.008878,1.001327,1.031052,1.028127,1.010291,1.032812,1.032827,0.992717,0.918599,1.004225,0.986537,1.001463,1.029945,1.032455,1.012871,1.011050,1.043288
1.149540,1.039716,1.011584,0.991975,0.973891,0.982507,0.984517,0.979414,0.979890,1.028239,1.002926,0.995515,0.982115,0.996426,0.984962,0.979568,0.996709,0.999515,0.995346,1.027441,0.974087,0.996773,1.017487,1.008858,1.001314,1.031037,1.028104,1.010272,1.032780,1.032791,0.992680,0.918584,1.004183,0.986533,1.001454,1.029929,1.032417,1.012874,1.011009,1.043314
1.157870,1.039740,1.011573,0.991959,0.973874,0.982489,0.984497,0.979397,0.979873,1.028239,1.002897,0.995489,0.982089,0.996399,0.984941,0.979553,0.996696,0.999500,0.995331,1.027434,0.974082,0.996759,1.017470,1.008837,1.001301,1.031021,1.028081,1.010253,1.032749,1.032757,0.992646,0.918566,1.004136,0.986530,1.001447,1.029914,1.032381,1.012878,1.010969,1.043339
1.166200,1.039765,1.011563,0.991941,0.973854,0.982468,0.984476,0.979377,0.979854,1.028236,1.002865,0.995462,0.982061,0.996370,0.984918,0.979537,0.996682,0.999485,0.995316,1.027429,0.974077,0.996745,1.017454,1.008818,1.001287,1.031006,1.028059,1.010234,1.032717,1.032722,0.992614,0.918545,1.004086,0.986528,1.001442,1.029899,1.032347,1.012882,1.010929,1.043363
1.174530,1.039788,1.011553,0.991924,0.973833,0.982445,0.984452,0.979355,0.979833,1.028232,1.002831,0.995431,0.982030,0.996338,0.984893,0.979520,0.996669,0.999470,0.995300,1.027424,0.974073,0.996731,1.017438,1.008799,1.001273,1.030992,1.028037,1.010215,1.032687,1.032689,0.992585,0.918523,1.004033,0.986527,1.001439,1.029885,1.032315,1.012886,1.010890,1.043386
1.182860,1.039812,1.011545,0.991906,0.973810,0.982421,0.984427,0.979332,0.979810,1.028227,1.002794,0.995399,0.981997,0.996305,0.984866,0.979502,0.996655,0.999455,0.995285,1.027420,0.974071,0.996717,1.017423,1.008782,1.001260,1.030978,1.028015,1.010196,1.032657,1.032656,0.992558,0.918500,1.003978,0.986527,1.001439,1.029872,1.032285,1.012891,1.010852,1.043408
1.191190,1.039836,1.011537,0.991888,0.973787,0.982395,0.984400,0.979307,0.979786,1.028220,1.002756,0.995366,0.981963,0.996270,0.984839,0.979484,0.996642,0.999440,0.995269,1.027417,0.974071,0.996705,1.017409,1.008766,1.001247,1.030965,1.027994,1.010178,1.032628,1.032624,0.992534,0.918475,1.003921,0.986528,1.001440,1.029860,1.032257,1.012897,1.010816,1.043430
1.199520,1.039859,1.011530,0.991871,0.973762,0.982369,0.984372,0.979281,0.979761,1.028212,1.002717,0.995331,0.981928,0.996234,0.984810,0.979466,0.996630,0.999426,0.995254,1.027415,0.974072,0.996692,1.017397,1.008751,1.001234,1.030953,1.027974,1.010160,1.032600,1.032594,0.992512,0.918449,1.003862,0.986531,1.001445,1.029850,1.032232,1.012904,1.010781,1.043451
1.207850,1.039882,1.011524,0.991853,0.973737,0.982341,0.984344,0.979254,0.979735,1.028203,1.002677,0.995296,0.981892,0.996197,0.984781,0.979448,0.996618,0.999412,0.995239,1.027414,0.974075,0.996681,1.017385,1.008737,1.001222,1.030941,1.027955,1.010144,1.032573,1.032565,0.992493,0.918422,1.003803,0.986535,1.001452,1.029841,1.032210,1.012912,1.010748,1.043471
1.216180,1.039906,1.011520,0.991837,0.973711,0.982313,0.984315,0.979227,0.979708,1.028194,1.002637,0.995260,0.981856,0.996160,0.984752,0.979431,0.996607,0.999399,0.995225,1.027416,0.974080,0.996672,1.017376,1.008726,1.001212,1.030931,1.027937,1.010128,1.032548,1.032538,0.992476,0.918395,1.003744,0.986541,1.001462,1.029834,1.032190,1.012921,1.010716,1.043490
1.224510,1.039929,1.011516,0.991821,0.973686,0.982286,0.984286,0.979199,0.979682,1.028184,1.002597,0.995225,0.981820,0.996123,0.984723,0.979415,0.996597,0.999388,0.995213,1.027419,0.974087,0.996664,1.017368,1.008716,1.001202,1.030922,1.027921,1.010114,1.032525,1.032513,0.992462,0.918369,1.003685,0.986548,1.001474,1.029829,1.032174,1.012931,1.010687,1.043508
1.232840,1.039953,1.011515,0.991806,0.973661,0.982258,0.984258,0.979172,0.979655,1.028174,1.002558,0.995190,0.981784,0.996087,0.984695,0.979399,0.996589,0.999378,0.995201,1.027424,0.974097,0.996657,1.017363,1.008709,1.001194,1.030915,1.027907,1.010101,1.032504,1.032490,0.992450,0.918342,1.003628,0.986558,1.001490,1.029825,1.032161,1.012942,1.010660,1.043526
1.241170,1.039977,1.011514,0.991793,0.973638,0.982232,0.984231,0.979146,0.979629,1.028163,1.002520,0.995156,0.981750,0.996052,0.984669,0.979386,0.996583,0.999370,0.995192,1.027432,0.974109,0.996653,1.017360,1.008705,1.001189,1.030909,1.027894,1.010091,1.032485,1.032469,0.992440,0.918316,1.003573,0.986570,1.001510,1.029824,1.032151,1.012955,1.010636,1.043544
1.249500,1.040001,1.011516,0.991781,0.973615,0.982206,0.984204,0.979121,0.979604,1.028153,1.002484,0.995124,0.981717,0.996019,0.984643,0.979374,0.996579,0.999363,0.995184,1.027442,0.974124,0.996651,1.017359,1.008703,1.001185,1.030906,1.027883,1.010082,1.032469,1.032451,0.992434,0.918292,1.003521,0.986584,1.001533,1.029826,1.032145,1.012969,1.010614,1.043561
1.257830,1.040026,1.011519,0.991771,0.973594,0.982182,0.984179,0.979097,0.979581,1.028142,1.002450,0.995094,0.981687,0.995988,0.984620,0.979364,0.996577,0.999359,0.995178,1.027455,0.974142,0.996652,1.017361,1.008705,1.001183,1.030904,1.027875,1.010075,1.032455,1.032436,0.992429,0.918269,1.003472,0.986600,1.001559,1.029830,1.032143,1.012985,1.010595,1.043577
1.266160,1.040051,1.011525,0.991764,0.973575,0.982160,0.984157,0.979074,0.979559,1.028133,1.002418,0.995066,0.981658,0.995959,0.984598,0.979356,0.996577,0.999358,0.995174,1.027470,0.974163,0.996656,1.017366,1.008709,1.001185,1.030904,1.027869,1.010071,1.032444,1.032423,0.992428,0.918247,1.003427,0.986619,1.001589,1.029837,1.032145,1.013003,1.010580,1.043593
1.274490,1.040076,1.011532,0.991758,0.973557,0.982140,0.984136,0.979054,0.979538,1.028123,1.002390,0.995040,0.981633,0.995933,0.984580,0.979352,0.996581,0.999359,0.995173,1.027489,0.974187,0.996662,1.017375,1.008717,1.001189,1.030906,1.027866,1.010070,1.032435,1.032414,0.992429,0.918228,1.003387,0.986641,1.001622,1.029847,1.032152,1.013023,1.010567,1.043609
1.282820,1.040102,1.011542,0.991755,0.973543,0.982123,0.984118,0.979036,0.979520,1.028115,1.002364,0.995018,0.981610,0.995911,0.984564,0.979350,0.996587,0.999362,0.995175,1.027510,0.974214,0.996672,1.017387,1.008729,1.001196,1.030911,1.027866,1.010071,1.032430,1.032408,0.992432,0.918211,1.003351,0.986665,1.001660,1.029860,1.032162,1.013044,1.010558,1.043625
1.291150,1.040129,1.011554,0.991755,0.973531,0.982108,0.984103,0.979020,0.979504,1.028107,1.002343,0.994999,0.981591,0.995891,0.984551,0.979351,0.996597,0.999369,0.995179,1.027536,0.974245,0.996685,1.017402,1.008744,1.001206,1.030918,1.027869,1.010076,1.032428,1.032405,0.992438,0.918197,1.003321,0.986693,1.001701,1.029876,1.032178,1.013068,1.010552,1.043640
1.299480,1.040156,1.011569,0.991758,0.973522,0.982097,0.984091,0.979008,0.979491,1.028101,1.002325,0.994984,0.981576,0.995876,0.984542,0.979356,0.996611,0.999380,0.995187,1.027564,0.974279,0.996701,1.017421,1.008763,1.001220,1.030928,1.027875,1.010083,1.032430,1.032406,0.992447,0.918186,1.003297,0.986723,1.001747,1.029896,1.032197,1.013094,1.010550,1.043655
1.307810,1.040184,1.011586,0.991764,0.973517,0.982088,0.984082,0.978998,0.979481,1.028096,1.002312,0.994973,0.981565,0.995865,0.984537,0.979364,0.996628,0.999394,0.995198,1.027597,0.974317,0.996722,1.017444,1.008787,1.001238,1.030940,1.027884,1.010094,1.032435,1.032410,0.992459,0.918178,1.003278,0.986757,1.001796,1.029919,1.032222,1.013122,1.010551,1.043670
1.316140,1.040213,1.011606,0.991773,0.973515,0.982084,0.984077,0.978992,0.979475,1.028092,1.002303,0.994966,0.981558,0.995858,0.984536,0.979377,0.996649,0.999411,0.995213,1.027633,0.974359,0.996747,1.017472,1.008815,1.001259,1.030956,1.027897,1.010109,1.032444,1.032418,0.992473,0.918173,1.003266,0.986794,1.001850,1.029946,1.032252,1.013152,1.010557,1.043684
1.324470,1.040242,1.011628,0.991785,0.973515,0.982081,0.984074,0.978988,0.979470,1.028089,1.002297,0.994962,0.981554,0.995854,0.984537,0.979392,0.996672,0.999431,0.995230,1.027672,0.974403,0.996774,1.017502,1.008845,1.001283,1.030973,1.027912,1.010126,1.032455,1.032429,0.992489,0.918171,1.003258,0.986833,1.001906,1.029976,1.032284,1.013184,1.010564,1.043699
1.332800,1.040273,1.011654,0.991801,0.973521,0.982085,0.984078,0.978989,0.979470,1.028088,1.002298,0.994964,0.981557,0.995857,0.984545,0.979413,0.996702,0.999457,0.995253,1.027717,0.974454,0.996807,1.017538,1.008883,1.001314,1.030994,1.027932,1.010148,1.032471,1.032445,0.992509,0.918173,1.003259,0.986877,1.001969,1.030011,1.032325,1.013219,1.010578,1.043714
1.341130,1.040305,1.011682,0.991822,0.973531,0.982091,0.984084,0.978994,0.979474,1.028089,1.002304,0.994971,0.981564,0.995864,0.984557,0.979438,0.996735,0.999486,0.995279,1.027766,0.974507,0.996845,1.017578,1.008924,1.001348,1.031019,1.027956,1.010174,1.032491,1.032464,0.992532,0.918180,1.003267,0.986925,1.002035,1.030050,1.032370,1.013257,1.010595,1.043728
1.349460,1.040337,1.011714,0.991846,0.973545,0.982103,0.984096,0.979003,0.979482,1.028092,1.002315,0.994983,0.981576,0.995877,0.984574,0.979468,0.996773,0.999520,0.995310,1.027819,0.974565,0.996887,1.017623,1.008970,1.001386,1.031047,1.027983,1.010204,1.032516,1.032488,0.992557,0.918191,1.003282,0.986976,1.002106,1.030093,1.032420,1.013298,1.010616,1.043743
1.357790,1.040370,1.011748,0.991873,0.973562,0.982117,0.984111,0.979015,0.979492,1.028096,1.002330,0.994998,0.981592,0.995894,0.984594,0.979501,0.996815,0.999556,0.995343,1.027875,0.974626,0.996932,1.017671,1.009020,1.001428,1.031077,1.028014,1.010237,1.032543,1.032515,0.992585,0.918204,1.003301,0.987029,1.002179,1.030139,1.032473,1.013340,1.010640,1.043757
1.366120,1.040405,1.011786,0.991906,0.973586,0.982138,0.984132,0.979033,0.979509,1.028103,1.002354,0.995022,0.981616,0.995918,0.984622,0.979542,0.996863,0.999600,0.995383,1.027938,0.974693,0.996984,1.017727,1.009077,1.001477,1.031112,1.028050,1.010276,1.032576,1.032547,0.992616,0.918224,1.003331,0.987089,1.002260,1.030192,1.032535,1.013387,1.010669,1.043772
1.374450,1.040441,1.011828,0.991943,0.973614,0.982164,0.984157,0.979055,0.979529,1.028112,1.002383,0.995050,0.981645,0.995948,0.984654,0.979587,0.996915,0.999647,0.995427,1.028004,0.974763,0.997041,1.017787,1.009139,1.001530,1.031150,1.028090,1.010319,1.032612,1.032584,0.992651,0.918248,1.003368,0.987151,1.002344,1.030248,1.032601,1.013436,1.010703,1.043787
1.382780,1.040477,1.011873,0.991984,0.973647,0.982194,0.984188,0.979082,0.979555,1.028123,1.002418,0.995084,0.981680,0.995984,0.984693,0.979637,0.996973,0.999700,0.995475,1.028076,0.974839,0.997103,1.017851,1.009206,1.001589,1.031192,1.028134,1.010367,1.032654,1.032625,0.992689,0.918277,1.003413,0.987218,1.002432,1.030309,1.032673,1.013488,1.010741,1.043801
1.391110,1.040515,1.011921,0.992029,0.973685,0.982228,0.984223,0.979113,0.979583,1.028136,1.002457,0.995122,0.981719,0.996024,0.984735,0.979691,0.997035,0.999756,0.995528,1.028151,0.974917,0.997168,1.017920,1.009276,1.001651,1.031236,1.028182,1.010418,1.032698,1.032669,0.992728,0.918309,1.003463,0.987287,1.002524,1.030373,1.032748,1.013542,1.010781,1.043816
1.399440,1.040555,1.011973,0.992081,0.973729,0.982270,0.984265,0.979150,0.979618,1.028152,1.002506,0.995169,0.981767,0.996073,0.984786,0.979754,0.997104,0.999819,0.995587,1.028233,0.975003,0.997242,1.017996,1.009355,1.001721,1.031286,1.028236,1.010476,1.032748,1.032720,0.992773,0.918349,1.003524,0.987363,1.002623,1.030444,1.032833,1.013601,1.010828,1.043832
1.407770,1.040595,1.012029,0.992137,0.973778,0.982316,0.984312,0.979192,0.979658,1.028170,1.002560,0.995221,0.981820,0.996127,0.984842,0.979821,0.997178,0.999886,0.995650,1.028320,0.975092,0.997320,1.018077,1.009438,1.001796,1.031339,1.028294,1.010537,1.032803,1.032774,0.992820,0.918392,1.003592,0.987442,1.002725,1.030519,1.032922,1.013662,1.010879,1.043847
1.416100,1.040637,1.012089,0.992198,0.973833,0.982368,0.984364,0.979239,0.979703,1.028190,1.002620,0.995279,0.981880,0.996188,0.984904,0.979894,0.997257,0.999959,0.995719,1.028411,0.975186,0.997403,1.018163,1.009527,1.001876,1.031396,1.028356,1.010604,1.032862,1.032833,0.992871,0.918441,1.003668,0.987525,1.002832,1.030599,1.033016,1.013727,1.010934,1.043862
1.424430,1.040680,1.012152,0.992262,0.973893,0.982424,0.984421,0.979291,0.979752,1.028213,1.002686,0.995342,0.981945,0.996254,0.984970,0.979971,0.997341,1.000036,0.995792,1.028507,0.975283,0.997491,1.018253,1.009620,1.001960,1.031456,1.028423,1.010675,1.032925,1.032895,0.992924,0.918495,1.003749,0.987612,1.002942,1.030682,1.033114,1.013794,1.010992,1.043878
1.432760,1.040725,1.012220,0.992334,0.973959,0.982487,0.984486,0.979349,0.979807,1.028239,1.002761,0.995414,0.982018,0.996329,0.985046,0.980057,0.997432,1.000121,0.995872,1.028610,0.975387,0.997586,1.018352,1.009722,1.002052,1.031522,1.028495,1.010752,1.032994,1.032964,0.992981,0.918555,1.003841,0.987705,1.003059,1.030773,1.033222,1.013866,1.011056,1.043894
1.441090,1.040772,1.012292,0.992410,0.974031,0.982556,0.984555,0.979412,0.979868,1.028268,1.002842,0.995491,0.982097,0.996410,0.985126,0.980148,0.997529,1.000210,0.995956,1.028717,0.975496,0.997687,1.018454,1.009827,1.002149,1.031591,1.028572,1.010834,1.033067,1.033036,0.993043,0.918620,1.003941,0.987801,1.003180,1.030868,1.033333,1.013941,1.011124,1.043910
1.449420,1.040819,1.012368,0.992492,0.974110,0.982630,0.984631,0.979481,0.979933,1.028299,1.002930,0.995575,0.982183,0.996497,0.985214,0.980245,0.997631,1.000304,0.996046,1.028830,0.975609,0.997793,1.018563,1.009939,1.002252,1.031665,1.028653,1.010921,1.033144,1.033113,0.993107,0.918690,1.004048,0.987902,1.003305,1.030967,1.033451,1.014019,1.011196,1.043927
1.457750,1.040868,1.012446,0.992578,0.974193,0.982709,0.984711,0.979555,0.980004,1.028333,1.003023,0.995664,0.982274,0.996590,0.985306,0.980348,0.997738,1.000403,0.996141,1.028946,0.975726,0.997903,1.018675,1.010055,1.002360,1.031741,1.028738,1.011011,1.033225,1.033194,0.993174,0.918765,1.004161,0.988006,1.003434,1.031071,1.033571,1.014099,1.011271,1.043944
1.466080,1.040919,1.012531,0.992671,0.974283,0.982796,0.984799,0.979635,0.980081,1.028370,1.003126,0.995762,0.982374,0.996692,0.985407,0.980458,0.997853,1.000510,0.996243,1.029071,0.975849,0.998022,1.018796,1.010180,1.002476,1.031824,1.028830,1.011109,1.033313,1.033281,0.993246,0.918847,1.004284,0.988117,1.003570,1.031182,1.033702,1.014185,1.011352,1.043961
1.474410,1.040971,1.012619,0.992769,0.974379,0.982888,0.984892,0.979721,0.980162,1.028409,1.003234,0.995866,0.982479,0.996800,0.985513,0.980574,0.997973,1.000621,0.996349,1.029199,0.975977,0.998145,1.018922,1.010309,1.002596,1.031909,1.028926,1.011212,1.033404,1.033371,0.993322,0.918935,1.004415,0.988231,1.003709,1.031296,1.033836,1.014274,1.011436,1.043978
1.482740,1.041025,1.012711,0.992872,0.974481,0.982986,0.984992,0.979812,0.980250,1.028452,1.003349,0.995976,0.982592,0.996914,0.985627,0.980696,0.998099,1.000738,0.996461,1.029333,0.976109,0.998275,1.019053,1.010443,1.002723,1.032000,1.029027,1.011319,1.033500,1.033466,0.993401,0.919027,1.004553,0.988350,1.003853,1.031416,1.033975,1.014366,1.011525,1.043996
1.491070,1.041080,1.012808,0.992980,0.974589,0.983089,0.985097,0.979909,0.980343,1.028497,1.003472,0.996092,0.982711,0.997036,0.985746,0.980824,0.998230,1.000861,0.996579,1.029473,0.976247,0.998410,1.019189,1.010584,1.002855,1.032094,1.029132,1.011431,1.033600,1.033566,0.993484,0.919126,1.004700,0.988474,1.004001,1.031541,1.034120,1.014462,1.011617,1.044014
1.499400,1.041136,1.012908,0.993093,0.974702,0.983198,0.985207,0.980010,0.980441,1.028544,1.003599,0.996214,0.982835,0.997163,0.985871,0.980957,0.998367,1.000988,0.996701,1.029616,0.976388,0.998549,1.019330,1.010728,1.002992,1.032191,1.029241,1.011548,1.033704,1.033668,0.993570,0.919228,1.004851,0.988600,1.004152,1.031669,1.034269,1.014560,1.011712,1.044032
1.507730,1.041195,1.013013,0.993213,0.974823,0.983314,0.985324,0.980118,0.980544,1.028595,1.003736,0.996344,0.982968,0.997298,0.986004,0.981098,0.998511,1.001122,0.996830,1.029767,0.976536,0.998696,1.019479,1.010881,1.003137,1.032294,1.029357,1.011671,1.033814,1.033777,0.993660,0.919338,1.005012,0.988734,1.004310,1.031805,1.034426,1.014663,1.011813,1.044050
1.516060,1.041255,1.013122,0.993337,0.974949,0.983435,0.985447,0.980231,0.980653,1.028648,1.003878,0.996480,0.983106,0.997439,0.986143,0.981245,0.998659,1.001261,0.996964,1.029922,0.976687,0.998848,1.019632,1.011039,1.003286,1.032401,1.029476,1.011799,1.033927,1.033889,0.993754,0.919452,1.005179,0.988870,1.004471,1.031944,1.034587,1.014770,1.011916,1.044069
1.524390,1.041316,1.013235,0.993467,0.975080,0.983561,0.985575,0.980350,0.980768,1.028705,1.004027,0.996622,0.983251,0.997587,0.986288,0.981397,0.998814,1.001405,0.997103,1.030082,0.976843,0.999005,1.019790,1.011201,1.003442,1.032511,1.029600,1.011931,1.034045,1.034005,0.993852,0.919572,1.005355,0.989011,1.004637,1.032088,1.034753,1.014879,1.012024,1.044088
1.532720,1.041378,1.013352,0.993602,0.975218,0.983694,0.985709,0.980474,0.980887,1.028763,1.004182,0.996770,0.983402,0.997741,0.986439,0.981556,0.998974,1.001555,0.997247,1.030247,0.977004,0.999168,1.019954,1.011369,1.003602,1.032626,1.029729,1.012069,1.034167,1.034125,0.993953,0.919698,1.005537,0.989156,1.004806,1.032237,1.034923,1.014992,1.012135,1.044108
1.541050,1.041442,1.013473,0.993742,0.975361,0.983831,0.985849,0.980604,0.981012,1.028825,1.004344,0.996924,0.983560,0.997901,0.986596,0.981720,0.999140,1.001710,0.997397,1.030417,0.977169,0.999337,1.020122,1.011542,1.003769,1.032744,1.029862,1.012211,1.034293,1.034249,0.994058,0.919828,1.005726,0.989306,1.004980,1.032390,1.035099,1.015109,1.012249,1.044127
1.549380,1.041508,1.013598,0.993887,0.975510,0.983975,0.985994,0.980738,0.981142,1.028888,1.004512,0.997085,0.983723,0.998068,0.986760,0.981890,0.999311,1.001870,0.997552,1.030592,0.977339,0.999510,1.020296,1.011720,1.003941,1.032867,1.029999,1.012357,1.034423,1.034377,0.994166,0.919964,1.005921,0.989459,1.005158,1.032548,1.035279,1.015229,1.012366,1.044147
1.557710,1.041575,1.013727,0.994037,0.975665,0.984123,0.986144,0.980878,0.981276,1.028955,1.004686,0.997251,0.983893,0.998241,0.986929,0.982066,0.999487,1.002034,0.997711,1.030772,0.977513,0.999688,1.020475,1.011904,1.004118,1.032993,1.030140,1.012509,1.034556,1.034509,0.994278,0.920104,1.006124,0.989617,1.005340,1.032711,1.035464,1.015352,1.012487,1.044167
1.566040,1.041643,1.013859,0.994191,0.975825,0.984277,0.986300,0.981023,0.981416,1.029023,1.004866,0.997422,0.984068,0.998419,0.987103,0.982247,0.999668,1.002204,0.997876,1.030957,0.977691,0.999872,1.020658,1.012092,1.004300,1.033122,1.030285,1.012664,1.034694,1.034644,0.994393,0.920250,1.006332,0.989778,1.005525,1.032877,1.035654,1.015478,1.012610,1.044187
1.574370,1.041712,1.013995,0.994350,0.975990,0.984436,0.986461,0.981172,0.981560,1.029095,1.005052,0.997600,0.984249,0.998603,0.987283,0.982433,0.999854,1.002379,0.998045,1.031146,0.977873,1.000060,1.020847,1.012284,1.004487,1.033255,1.030435,1.012824,1.034834,1.034782,0.994511,0.920400,1.006547,0.989944,1.005715,1.033048,1.035847,1.015607,1.012737,1.044207
1.582700,1.041783,1.014134,0.994514,0.976160,0.984599,0.986626,0.981326,0.981709,1.029168,1.005243,0.997782,0.984435,0.998793,0.987469,0.982624,1.000045,1.002557,0.998218,1.031339,0.978060,1.000253,1.021039,1.012482,1.004678,1.033392,1.030588,1.012988,1.034979,1.034924,0.994632,0.920554,1.006767,0.990113,1.005907,1.033222,1.036044,1.015739,1.012866,1.044228
1.591030,1.041854,1.014277,0.994681,0.976335,0.984768,0.986796,0.981484,0.981862,1.029243,1.005439,0.997969,0.984626,0.998987,0.987659,0.982820,1.000240,1.002741,0.998396,1.031536,0.978250,1.000450,1.021236,1.012683,1.004875,1.033531,1.030744,1.013156,1.035126,1.035068,0.994756,0.920713,1.006993,0.990286,1.006104,1.033401,1.036246,1.015874,1.012998,1.044249
1.599360,1.041927,1.014423,0.994853,0.976514,0.984940,0.986971,0.981647,0.982019,1.029321,1.005641,0.998161,0.984822,0.999187,0.987855,0.983021,1.000440,1.002928,0.998578,1.031738,0.978443,1.000652,1.021437,1.012889,1.005076,1.033674,1.030904,1.013327,1.035277,1.035216,0.994883,0.920876,1.007224,0.990462,1.006303,1.033583,1.036451,1.016012,1.013132,1.044269
1.607690,1.042001,1.014572,0.995028,0.976698,0.985117,0.987150,0.981813,0.982180,1.029400,1.005847,0.998358,0.985022,0.999391,0.988054,0.983226,1.000644,1.003119,0.998763,1.031943,0.978640,1.000857,1.021641,1.013098,1.005280,1.033819,1.031067,1.013502,1.035430,1.035366,0.995012,0.921043,1.007459,0.990642,1.006506,1.033769,1.036659,1.016152,1.013269,1.044290
1.616020,1.042075,1.014723,0.995207,0.976885,0.985297,0.987332,0.981984,0.982344,1.029481,1.006057,0.998559,0.985226,0.999599,0.988258,0.983435,1.000852,1.003314,0.998952,1.032152,0.978841,1.001067,1.021850,1.013311,1.005489,1.033967,1.031234,1.013681,1.035587,1.035519,0.995144,0.921214,1.007699,0.990824,1.006711,1.033958,1.036870,1.016295,1.013407,1.044311
1.624350,1.042151,1.014877,0.995390,0.977077,0.985481,0.987518,0.982157,0.982512,1.029563,1.006270,0.998763,0.985435,0.999811,0.988466,0.983648,1.001063,1.003512,0.999145,1.032364,0.979044,1.001279,1.022062,1.013527,1.005702,1.034118,1.031403,1.013862,1.035745,1.035674,0.995278,0.921388,1.007942,0.991010,1.006920,1.034150,1.037085,1.016440,1.013548,1.044332
1.632680,1.042226,1.015034,0.995575,0.977272,0.985668,0.987707,0.982334,0.982683,1.029647,1.006488,0.998970,0.985646,1.000027,0.988677,0.983865,1.001278,1.003713,0.999341,1.032579,0.979251,1.001495,1.022276,1.013747,1.005918,1.034271,1.031574,1.014046,1.035906,1.035831,0.995413,0.921564,1.008189,0.991199,1.007131,1.034344,1.037301,1.016587,1.013690,1.044352
1.641010,1.042303,1.015192,0.995763,0.977470,0.985858,0.987899,0.982513,0.982856,1.029732,1.006708,0.999181,0.985861,1.000245,0.988891,0.984084,1.001495,1.003917,0.999539,1.032797,0.979460,1.001714,1.022494,1.013969,1.006136,1.034425,1.031748,1.014233,1.036069,1.035990,0.995551,0.921744,1.008437,0.991390,1.007344,1.034542,1.037521,1.016737,1.013834,1.044373
1.649340,1.042380,1.015352,0.995953,0.977670,0.986050,0.988093,0.982694,0.983032,1.029818,1.006930,0.999393,0.986078,1.000466,0.989108,0.984307,1.001716,1.004124,0.999740,1.033018,0.979671,1.001936,1.022714,1.014194,1.006358,1.034582,1.031923,1.014421,1.036234,1.036151,0.995689,0.921925,1.008687,0.991583,1.007560,1.034742,1.037742,1.016888,1.013979,1.044393
1.657670,1.042457,1.015514,0.996145,0.977873,0.986244,0.988290,0.982877,0.983209,1.029905,1.007155,0.999608,0.986296,1.000689,0.989327,0.984532,1.001938,1.004333,0.999943,1.033241,0.979885,1.002160,1.022937,1.014421,1.006582,1.034740,1.032101,1.014612,1.036400,1.036312,0.995829,0.922108,1.008939,0.991778,1.007777,1.034944,1.037966,1.017040,1.014124,1.044414
1.666000,1.042535,1.015676,0.996339,0.978078,0.986440,0.988487,0.983062,0.983388,1.029993,1.007380,0.999824,0.986517,1.000913,0.989548,0.984758,1.002163,1.004543,1.000147,1.033466,0.980101,1.002386,1.023161,1.014650,1.006808,1.034899,1.032279,1.014804,1.036567,1.036476,0.995970,0.922293,1.009190,0.991975,1.007996,1.035148,1.038191,1.017194,1.014271,1.044434
1.674330,1.042612,1.015840,0.996534,0.978284,0.986637,0.988686,0.983248,0.983568,1.030080,1.007607,1.000041,0.986738,1.001139,0.989770,0.984987,1.002389,1.004755,1.000353,1.033693,0.980318,1.002613,1.023388,1.014881,1.007036,1.035059,1.032459,1.014998,1.036736,1.036639,0.996111,0.922479,1.009441,0.992174,1.008217,1.035353,1.038417,1.017349,1.014418,1.044453
1.682660,1.042689,1.016004,0.996729,0.978491,0.986834,0.988885,0.983435,0.983749,1.030168,1.007834,1.000258,0.986959,1.001364,0.989993,0.985217,1.002617,1.004968,1.000560,1.033921,0.980537,1.002842,1.023615,1.015113,1.007266,1.035220,1.032640,1.015192,1.036905,1.036804,0.996252,0.922665,1.009691,0.992374,1.008439,1.035560,1.038644,1.017504,1.014566,1.044472
1.690990,1.042766,1.016169,0.996926,0.978699,0.987032,0.989085,0.983621,0.983929,1.030256,1.008060,1.000475,0.987181,1.001590,0.990216,0.985447,1.002846,1.005182,1.000768,1.034151,0.980757,1.003072,1.023844,1.015346,1.007496,1.035381,1.032821,1.015388,1.037074,1.036969,0.996394,0.922851,1.009938,0.992576,1.008662,1.035768,1.038872,1.017661,1.014714,1.044491
1.699320,1.042843,1.016334,0.997122,0.978906,0.987229,0.989284,0.983808,0.984110,1.030344,1.008286,1.000692,0.987402,1.001815,0.990439,0.985678,1.003075,1.005396,1.000976,1.034381,0.980977,1.003302,1.024073,1.015579,1.007727,1.035542,1.033002,1.015583,1.037244,1.037133,0.996535,0.923037,1.010183,0.992778,1.008885,1.035977,1.039100,1.017817,1.014861,1.044509
1.707650,1.042919,1.016498,0.997319,0.979114,0.987426,0.989482,0.983994,0.984290,1.030431,1.008510,1.000907,0.987621,1.002038,0.990661,0.985909,1.003304,1.005610,1.001184,1.034611,0.981199,1.003533,1.024302,1.015813,1.007958,1.035703,1.033184,1.015778,1.037413,1.037298,0.996675,0.923222,1.010425,0.992980,1.009109,1.036186,1.039328,1.017974,1.015008,1.044527
1.715980,1.042994,1.016661,0.997514,0.979320,0.987622,0.989680,0.984178,0.984470,1.030517,1.008733,1.001121,0.987840,1.002261,0.990883,0.986140,1.003533,1.005824,1.001391,1.034842,0.981420,1.003764,1.024532,1.016047,1.008190,1.035863,1.033364,1.015973,1.037582,1.037462,0.996814,0.923407,1.010664,0.993183,1.009333,1.036396,1.039556,1.018131,1.015155,1.044544
1.724310,1.043069,1.016824,0.997709,0.979526,0.987816,0.989875,0.984362,0.984648,1.030602,1.008953,1.001333,0.988056,1.002481,0.991103,0.986370,1.003762,1.006038,1.001598,1.035072,0.981642,1.003994,1.024761,1.016280,1.008421,1.036022,1.033544,1.016167,1.037751,1.037625,0.996952,0.923590,1.010898,0.993386,1.009558,1.036605,1.039783,1.018287,1.015301,1.044560
1.732640,1.043142,1.016985,0.997903,0.979730,0.988009,0.990069,0.984544,0.984824,1.030686,1.009171,1.001542,0.988270,1.002699,0.991321,0.986599,1.003990,1.006250,1.001803,1.035302,0.981863,1.004223,1.024990,1.016513,1.008651,1.036181,1.033723,1.016361,1.037918,1.037787,0.997088,0.923771,1.011127,0.993589,1.009781,1.036815,1.040009,1.018443,1.015445,1.044575
1.740970,1.043214,1.017145,0.998095,0.979933,0.988199,0.990261,0.984724,0.984999,1.030769,1.009386,1.001749,0.988481,1.002914,0.991537,0.986826,1.004216,1.006461,1.002007,1.035532,0.982084,1.004452,1.025217,1.016744,1.008880,1.036338,1.033901,1.016553,1.038084,1.037948,0.997222,0.923950,1.011351,0.993791,1.010005,1.037023,1.040235,1.018598,1.015589,1.044590
1.749300,1.043285,1.017303,0.998284,0.980133,0.988387,0.990450,0.984901,0.985171,1.030850,1.009597,1.001953,0.988689,1.003126,0.991750,0.987052,1.004441,1.006670,1.002210,1.035760,0.982304,1.004679,1.025444,1.016974,1.009108,1.036493,1.034077,1.016743,1.038248,1.038107,0.997354,0.924127,1.011570,0.993992,1.010227,1.037231,1.040459,1.018752,1.015730,1.044604
1.757630,1.043355,1.017459,0.998472,0.980331,0.988573,0.990637,0.985076,0.985341,1.030930,1.009805,1.002153,0.988893,1.003335,0.991961,0.987276,1.004664,1.006877,1.002410,1.035986,0.982523,1.004904,1.025669,1.017203,1.009334,1.036647,1.034251,1.016931,1.038411,1.038265,0.997484,0.924301,1.011783,0.994193,1.010448,1.037438,1.040681,1.018905,1.015870,1.044617
1.765960,1.043423,1.017612,0.998657,0.980526,0.988755,0.990820,0.985248,0.985508,1.031008,1.010008,1.002350,0.989094,1.003540,0.992168,0.987497,1.004885,1.007082,1.002608,1.036211,0.982740,1.005127,1.025892,1.017430,1.009558,1.036798,1.034423,1.017117,1.038572,1.038420,0.997610,0.924472,1.011990,0.994392,1.010668,1.037643,1.040901,1.019056,1.016008,1.044629
1.774290,1.043490,1.017763,0.998839,0.980717,0.988934,0.991000,0.985417,0.985672,1.031084,1.010208,1.002542,0.989291,1.003741,0.992372,0.987715,1.005104,1.007285,1.002803,1.036435,0.982956,1.005348,1.026113,1.017654,1.009779,1.036947,1.034593,1.017301,1.038730,1.038573,0.997734,0.924640,1.012190,0.994590,1.010887,1.037847,1.041119,1.019205,1.016144,1.044641
1.782620,1.043555,1.017910,0.999018,0.980906,0.989110,0.991176,0.985583,0.985832,1.031158,1.010403,1.002731,0.989484,1.003937,0.992572,0.987930,1.005320,1.007484,1.002995,1.036655,0.983170,1.005567,1.026331,1.017876,1.009998,1.037094,1.034759,1.017482,1.038886,1.038724,0.997853,0.924804,1.012384,0.994786,1.011103,1.038049,1.041334,1.019353,1.016277,1.044651
1.790950,1.043618,1.018055,0.999193,0.981091,0.989281,0.991348,0.985744,0.985989,1.031230,1.010593,1.002915,0.989672,1.004129,0.992768,0.988142,1.005532,1.007681,1.003184,1.036874,0.983382,1.005782,1.026547,1.018095,1.010214,1.037237,1.034923,1.017659,1.039039,1.038871,0.997970,0.924965,1.012571,0.994980,1.011318,1.038248,1.041547,1.019498,1.016408,1.044660
1.799280,1.043679,1.018196,0.999365,0.981272,0.989449,0.991516,0.985902,0.986143,1.031300,1.010778,1.003094,0.989855,1.004316,0.992959,0.988350,1.005742,1.007874,1.003369,1.037089,0.983592,1.005995,1.026761,1.018312,1.010427,1.037377,1.035084,1.017834,1.039189,1.039016,0.998082,0.925122,1.012752,0.995172,1.011530,1.038446,1.041757,1.019642,1.016535,1.044668
1.807610,1.043738,1.018334,0.999533,0.981448,0.989612,0.991680,0.986056,0.986292,1.031367,1.010957,1.003268,0.990033,1.004498,0.993146,0.988555,1.005948,1.008063,1.003551,1.037302,0.983799,1.006204,1.026970,1.018525,1.010637,1.037515,1.035241,1.018005,1.039336,1.039157,0.998190,0.925275,1.012925,0.995361,1.011740,1.038641,1.041963,1.019782,1.016660,1.044675
1.815940,1.043795,1.018467,0.999697,0.981621,0.989771,0.991839,0.986206,0.986438,1.031431,1.011132,1.003437,0.990206,1.004674,0.993329,0.988755,1.006150,1.008249,1.003728,1.037512,0.984003,1.006409,1.027177,1.018734,1.010843,1.037648,1.035395,1.018172,1.039479,1.039295,0.998293,0.925424,1.013091,0.995548,1.011946,1.038833,1.042166,1.019920,1.016782,1.044681
1.824270,1.043850,1.018597,0.999856,0.981789,0.989925,0.991993,0.986351,0.986578,1.031493,1.011300,1.003601,0.990374,1.004846,0.993506,0.988950,1.006348,1.008430,1.003902,1.037717,0.984204,1.006611,1.027380,1.018939,1.011044,1.037778,1.035544,1.018336,1.039619,1.039429,0.998392,0.925568,1.013250,0.995732,1.012150,1.039022,1.042366,1.020055,1.016900,1.044686
1.832600,1.043902,1.018722,1.000010,0.981952,0.990074,0.992142,0.986491,0.986715,1.031552,1.011463,1.003759,0.990536,1.005011,0.993678,0.989142,1.006541,1.008607,1.004070,1.037920,0.984402,1.006808,1.027579,1.019141,1.011242,1.037904,1.035690,1.018495,1.039755,1.039560,0.998486,0.925708,1.013402,0.995913,1.012351,1.039208,1.042561,1.020187,1.017014,1.044689
1.840930,1.043952,1.018842,1.000160,0.982109,0.990219,0.992287,0.986627,0.986847,1.031609,1.011619,1.003911,0.990692,1.005171,0.993844,0.989328,1.006730,1.008779,1.004235,1.038118,0.984597,1.007001,1.027774,1.019338,1.011435,1.038026,1.035831,1.018649,1.039886,1.039686,0.998574,0.925843,1.013546,0.996090,1.012548,1.039391,1.042753,1.020316,1.017125,1.044692
1.849260,1.044000,1.018958,1.000305,0.982262,0.990358,0.992426,0.986758,0.986974,1.031662,1.011770,1.004058,0.990842,1.005324,0.994005,0.989509,1.006915,1.008947,1.004394,1.038312,0.984788,1.007190,1.027965,1.019531,1.011624,1.038143,1.035968,1.018800,1.040014,1.039808,0.998658,0.925972,1.013682,0.996265,1.012742,1.039570,1.042940,1.020441,1.017232,1.044693
1.857590,1.044045,1.019070,1.000444,0.982410,0.990492,0.992560,0.986883,0.987096,1.031713,1.011914,1.004199,0.990986,1.005472,0.994160,0.989685,1.007094,1.009110,1.004548,1.038502,0.984975,1.007373,1.028151,1.019720,1.011808,1.038256,1.036100,1.018945,1.040137,1.039926,0.998735,0.926097,1.013811,0.996436,1.012932,1.039746,1.043122,1.020563,1.017334,1.044693
1.865920,1.044088,1.019176,1.000578,0.982552,0.990620,0.992688,0.987004,0.987213,1.031760,1.012052,1.004333,0.991124,1.005613,0.994310,0.989856,1.007269,1.009267,1.004697,1.038688,0.985158,1.007552,1.028333,1.019903,1.011986,1.038365,1.036228,1.019085,1.040255,1.040039,0.998807,0.926217,1.013933,0.996603,1.013118,1.039917,1.043300,1.020681,1.017433,1.044692
1.874250,1.044128,1.019277,1.000707,0.982688,0.990743,0.992810,0.987119,0.987325,1.031805,1.012183,1.004462,0.991256,1.005748,0.994453,0.990021,1.007438,1.009419,1.004840,1.038868,0.985336,1.007726,1.028509,1.020082,1.012160,1.038469,1.036350,1.019221,1.040369,1.040148,0.998874,0.926332,1.014046,0.996766,1.013300,1.040085,1.043474,1.020796,1.017527,1.044690
1.882580,1.044165,1.019373,1.000830,0.982818,0.990860,0.992927,0.987229,0.987431,1.031846,1.012308,1.004584,0.991382,1.005876,0.994590,0.990180,1.007602,1.009566,1.004979,1.039044,0.985511,1.007895,1.028681,1.020255,1.012328,1.038568,1.036468,1.019351,1.040478,1.040251,0.998934,0.926441,1.014152,0.996925,1.013477,1.040248,1.043642,1.020906,1.017616,1.044686
1.890910,1.044199,1.019463,1.000947,0.982943,0.990972,0.993038,0.987333,0.987533,1.031884,1.012426,1.004700,0.991500,1.005998,0.994721,0.990334,1.007760,1.009708,1.005111,1.039215,0.985680,1.008058,1.028848,1.020424,1.012491,1.038662,1.036580,1.019476,1.040581,1.040350,0.998988,0.926545,1.014251,0.997080,1.013650,1.040407,1.043805,1.021013,1.017701,1.044681
1.899240,1.044231,1.019548,1.001058,0.983062,0.991077,0.993143,0.987432,0.987628,1.031919,1.012537,1.004809,0.991613,1.006113,0.994845,0.990481,1.007912,1.009843,1.005237,1.039381,0.985845,1.008216,1.029009,1.020586,1.012648,1.038751,1.036686,1.019595,1.040680,1.040443,0.999036,0.926643,1.014342,0.997231,1.013818,1.040562,1.043963,1.021115,1.017781,1.044675
1.907570,1.044260,1.019627,1.001163,0.983174,0.991177,0.993243,0.987525,0.987719,1.031950,1.012642,1.004912,0.991719,1.006222,0.994963,0.990623,1.008059,1.009973,1.005358,1.039542,0.986006,1.008368,1.029165,1.020744,1.012799,1.038835,1.036788,1.019709,1.040773,1.040531,0.999077,0.926736,1.014425,0.997377,1.013982,1.040712,1.044115,1.021213,1.017856,1.044668
1.915900,1.044286,1.019701,1.001262,0.983281,0.991271,0.993336,0.987612,0.987804,1.031979,1.012740,1.005008,0.991818,1.006323,0.995075,0.990758,1.008200,1.010097,1.005473,1.039697,0.986161,1.008514,1.029316,1.020895,1.012945,1.038914,1.036884,1.019817,1.040861,1.040614,0.999113,0.926823,1.014501,0.997519,1.014141,1.040858,1.044262,1.021307,1.017927,1.044659
1.924230,1.044310,1.019769,1.001355,0.983381,0.991358,0.993423,0.987694,0.987883,1.032004,1.012830,1.005098,0.991910,1.006418,0.995180,0.990887,1.008334,1.010214,1.005581,1.039846,0.986311,1.008655,1.029461,1.021041,1.013084,1.038987,1.036974,1.019919,1.040943,1.040691,0.999141,0.926904,1.014569,0.997656,1.014294,1.040998,1.044404,1.021396,1.017992,1.044650
1.932560,1.044330,1.019831,1.001441,0.983475,0.991440,0.993504,0.987770,0.987956,1.032025,1.012914,1.005181,0.991996,1.006506,0.995278,0.991009,1.008463,1.010326,1.005684,1.039991,0.986456,1.008789,1.029600,1.021181,1.013218,1.039055,1.037058,1.020015,1.041020,1.040763,0.999164,0.926980,1.014629,0.997789,1.014443,1.041134,1.044540,1.021481,1.018052,1.044639
1.940890,1.044348,1.019887,1.001522,0.983562,0.991516,0.993579,0.987840,0.988024,1.032044,1.012991,1.005257,0.992075,1.006588,0.995370,0.991125,1.008585,1.010432,1.005780,1.040129,0.986596,1.008918,1.029734,1.021315,1.013345,1.039118,1.037137,1.020106,1.041091,1.040829,0.999179,0.927050,1.014682,0.997916,1.014586,1.041265,1.044670,1.021561,1.018107,1.044626
1.949220,1.044363,1.019938,1.001596,0.983643,0.991585,0.993648,0.987904,0.988086,1.032059,1.013062,1.005327,0.992148,1.006662,0.995455,0.991235,1.008702,1.010531,1.005870,1.040262,0.986731,1.009041,1.029862,1.021443,1.013466,1.039176,1.037210,1.020190,1.041157,1.040890,0.999189,0.927114,1.014728,0.998039,1.014724,1.041391,1.044794,1.021637,1.018156,1.044613
1.957550,1.044375,1.019983,1.001664,0.983718,0.991649,0.993710,0.987963,0.988143,1.032071,1.013125,1.005391,0.992213,1.006730,0.995533,0.991338,1.008812,1.010624,1.005954,1.040389,0.986860,1.009157,1.029984,1.021565,1.013581,1.039228,1.037277,1.020269,1.041216,1.040945,0.999191,0.927172,1.014766,0.998157,1.014856,1.041512,1.044913,1.021709,1.018200,1.044599
1.965880,1.044384,1.020022,1.001725,0.983787,0.991706,0.993767,0.988015,0.988194,1.032079,1.013181,1.005447,0.992272,1.006791,0.995605,0.991435,1.008915,1.010711,1.006032,1.040510,0.986984,1.009268,1.030100,1.021681,1.013690,1.039274,1.037338,1.020341,1.041270,1.040994,0.999188,0.927225,1.014797,0.998270,1.014983,1.041628,1.045025,1.021775,1.018239,1.044583
1.974210,1.044391,1.020055,1.001781,0.983849,0.991757,0.993817,0.988062,0.988239,1.032085,1.013231,1.005497,0.992324,1.006845,0.995670,0.991525,1.009013,1.010792,1.006103,1.040626,0.987102,1.009372,1.030210,1.021791,1.013793,1.039315,1.037393,1.020408,1.041318,1.041037,0.999178,0.927272,1.014821,0.998378,1.015104,1.041739,1.045132,1.021838,1.018272,1.044566
1.982540,1.044394,1.020082,1.001830,0.983905,0.991802,0.993861,0.988103,0.988278,1.032087,1.013274,1.005541,0.992370,1.006892,0.995729,0.991609,1.009104,1.010867,1.006168,1.040735,0.987215,1.009470,1.030315,1.021895,1.013889,1.039351,1.037443,1.020468,1.041360,1.041075,0.999161,0.927314,1.014837,0.998482,1.015220,1.041844,1.045233,1.021895,1.018300,1.044548
1.990870,1.044395,1.020104,1.001873,0.983954,0.991842,0.993900,0.988138,0.988312,1.032086,1.013310,1.005578,0.992409,1.006933,0.995781,0.991687,1.009189,1.010935,1.006227,1.040839,0.987322,1.009562,1.030413,1.021993,1.013979,1.039381,1.037486,1.020523,1.041397,1.041106,0.999138,0.927349,1.014847,0.998580,1.015330,1.041945,1.045328,1.021948,1.018322,1.044529
1.999200,1.044393,1.020120,1.001909,0.983998,0.991875,0.993932,0.988168,0.988341,1.032082,1.013339,1.005609,0.992442,1.006967,0.995826,0.991757,1.009268,1.010997,1.006280,1.040937,0.987423,1.009648,1.030506,1.022085,1.014063,1.039406,1.037524,1.020571,1.041427,1.041132,0.999109,0.927380,1.014849,0.998673,1.015435,1.042041,1.045417,1.021997,1.018339,1.044509
2.007530,1.044389,1.020130,1.001940,0.984035,0.991902,0.993958,0.988192,0.988364,1.032074,1.013362,1.005633,0.992468,1.006995,0.995865,0.991822,1.009340,1.011054,1.006326,1.041029,0.987519,1.009728,1.030593,1.022171,1.014140,1.039426,1.037556,1.020614,1.041452,1.041153,0.999074,0.927404,1.014845,0.998761,1.015534,1.042131,1.045500,1.022041,1.018351,1.044488
2.015860,1.044382,1.020135,1.001964,0.984066,0.991924,0.993979,0.988210,0.988381,1.032064,1.013379,1.005652,0.992488,1.007016,0.995898,0.991880,1.009407,1.011104,1.006367,1.041115,0.987610,1.009802,1.030674,1.022251,1.014212,1.039441,1.037582,1.020651,1.041471,1.041167,0.999033,0.927423,1.014833,0.998844,1.015627,1.042216,1.045577,1.022080,1.018357,1.044466
2.024190,1.044372,1.020134,1.001983,0.984091,0.991940,0.993994,0.988223,0.988393,1.032051,1.013389,1.005664,0.992501,1.007031,0.995924,0.991932,1.009467,1.011148,1.006402,1.041195,0.987695,1.009870,1.030749,1.022325,1.014277,1.039450,1.037603,1.020682,1.041485,1.041176,0.998986,0.927437,1.014815,0.998922,1.015715,1.042297,1.045649,1.022115,1.018358,1.044443
2.032520,1.044360,1.020129,1.001996,0.984110,0.991950,0.994003,0.988231,0.988400,1.032034,1.013393,1.005669,0.992508,1.007039,0.995944,0.991978,1.009522,1.011186,1.006430,1.041270,0.987774,1.009933,1.030818,1.022394,1.014337,1.039455,1.037618,1.020707,1.041492,1.041179,0.998933,0.927446,1.014791,0.998996,1.015797,1.042372,1.045715,1.022146,1.018353,1.044419
2.040850,1.044345,1.020118,1.002003,0.984123,0.991955,0.994006,0.988233,0.988402,1.032015,1.013390,1.005669,0.992510,1.007042,0.995958,0.992018,1.009570,1.011219,1.006453,1.041339,0.987848,1.009989,1.030882,1.022456,1.014390,1.039454,1.037627,1.020727,1.041494,1.041177,0.998875,0.927449,1.014760,0.999064,1.015873,1.042443,1.045775,1.022173,1.018343,1.044394
2.049180,1.044328,1.020101,1.002005,0.984131,0.991954,0.994004,0.988230,0.988399,1.031994,1.013382,1.005664,0.992505,1.007038,0.995966,0.992052,1.009613,1.011245,1.006471,1.041403,0.987917,1.010040,1.030941,1.022513,1.014438,1.039449,1.037632,1.020741,1.041491,1.041169,0.998811,0.927447,1.014723,0.999128,1.015944,1.042509,1.045830,1.022195,1.018328,1.044368
2.057510,1.044309,1.020080,1.002001,0.984133,0.991948,0.993997,0.988223,0.988391,1.031969,1.013368,1.005652,0.992495,1.007029,0.995969,0.992081,1.009650,1.011267,1.006483,1.041461,0.987980,1.010085,1.030994,1.022564,1.014480,1.039439,1.037630,1.020750,1.041482,1.041155,0.998742,0.927440,1.014680,0.999188,1.016010,1.042570,1.045880,1.022213,1.018308,1.044342
2.065840,1.044287,1.020054,1.001992,0.984129,0.991937,0.993985,0.988210,0.988378,1.031942,1.013348,1.005636,0.992479,1.007014,0.995966,0.992104,1.009682,1.011283,1.006489,1.041514,0.988039,1.010125,1.031042,1.022611,1.014517,1.039424,1.037624,1.020754,1.041468,1.041137,0.998668,0.927429,1.014632,0.999242,1.016070,1.042626,1.045924,1.022227,1.018282,1.044314
2.074170,1.044263,1.020024,1.001978,0.984121,0.991921,0.993968,0.988193,0.988360,1.031913,1.013324,1.005614,0.992459,1.006994,0.995957,0.992121,1.009708,1.011294,1.006491,1.041562,0.988092,1.010160,1.031085,1.022651,1.014548,1.039405,1.037613,1.020752,1.041449,1.041113,0.998589,0.927413,1.014578,0.999293,1.016126,1.042678,1.045963,1.022238,1.018252,1.044286
2.082500,1.044237,1.019989,1.001959,0.984107,0.991901,0.993946,0.988171,0.988338,1.031881,1.013294,1.005587,0.992433,1.006969,0.995944,0.992133,1.009730,1.011299,1.006488,1.041605,0.988140,1.010190,1.031123,1.022687,1.014574,1.039382,1.037597,1.020746,1.041424,1.041084,0.998506,0.927393,1.014520,0.999339,1.016176,1.042726,1.045997,1.022244,1.018217,1.044257
2.090830,1.044209,1.019950,1.001935,0.984089,0.991876,0.993920,0.988145,0.988313,1.031847,1.013259,1.005556,0.992402,1.006939,0.995926,0.992140,1.009746,1.011300,1.006479,1.041643,0.988184,1.010215,1.031156,1.022718,1.014595,1.039355,1.037576,1.020735,1.041395,1.041051,0.998418,0.927368,1.014457,0.999380,1.016221,1.042770,1.046027,1.022247,1.018177,1.044228
2.099160,1.044180,1.019907,1.001908,0.984066,0.991847,0.993890,0.988115,0.988283,1.031811,1.013220,1.005520,0.992368,1.006905,0.995903,0.992143,1.009758,1.011297,1.006467,1.041676,0.988223,1.010235,1.031185,1.022744,1.014611,1.039324,1.037551,1.020720,1.041361,1.041012,0.998325,0.927340,1.014390,0.999418,1.016261,1.042809,1.046051,1.022247,1.018133,1.044198
2.107490,1.044148,1.019860,1.001875,0.984039,0.991814,0.993856,0.988082,0.988250,1.031773,1.013177,1.005481,0.992329,1.006866,0.995876,0.992141,1.009765,1.011289,1.006450,1.041705,0.988257,1.010251,1.031209,1.022766,1.014623,1.039289,1.037521,1.020700,1.041323,1.040969,0.998229,0.927308,1.014319,0.999452,1.016297,1.042844,1.046071,1.022243,1.018084,1.044167
2.115820,1.044115,1.019810,1.001839,0.984009,0.991778,0.993818,0.988045,0.988213,1.031734,1.013131,1.005438,0.992286,1.006824,0.995845,0.992134,1.009768,1.011276,1.006429,1.041730,0.988287,1.010262,1.031229,1.022783,1.014630,1.039250,1.037488,1.020676,1.041280,1.040922,0.998130,0.927273,1.014245,0.999482,1.016328,1.042876,1.046087,1.022236,1.018031,1.044136
2.124150,1.044080,1.019756,1.001800,0.983974,0.991738,0.993777,0.988005,0.988173,1.031692,1.013081,1.005391,0.992240,1.006779,0.995810,0.992124,1.009766,1.011260,1.006404,1.041750,0.988313,1.010270,1.031246,1.022797,1.014633,1.039208,1.037450,1.020648,1.041233,1.040871,0.998026,0.927235,1.014169,0.999509,1.016354,1.042904,1.046099,1.022226,1.017974,1.044105
2.132480,1.044044,1.019700,1.001757,0.983936,0.991695,0.993733,0.987962,0.988131,1.031650,1.013028,1.005342,0.992191,1.006730,0.995772,0.992110,1.009761,1.011240,1.006375,1.041767,0.988335,1.010274,1.031258,1.022806,1.014633,1.039164,1.037409,1.020617,1.041182,1.040815,0.997920,0.927194,1.014091,0.999532,1.016377,1.042929,1.046107,1.022213,1.017912,1.044073
2.140810,1.044007,1.019640,1.001711,0.983895,0.991650,0.993687,0.987917,0.988086,1.031606,1.012972,1.005290,0.992140,1.006679,0.995731,0.992092,1.009753,1.011217,1.006344,1.041780,0.988353,1.010274,1.031267,1.022812,1.014628,1.039116,1.037365,1.020582,1.041127,1.040756,0.997811,0.927151,1.014011,0.999552,1.016396,1.042950,1.046111,1.022198,1.017848,1.044041
2.149140,1.043968,1.019577,1.001662,0.983852,0.991602,0.993638,0.987869,0.988039,1.031562,1.012915,1.005236,0.992086,1.006625,0.995688,0.992072,1.009741,1.011191,1.006309,1.041789,0.988367,1.010271,1.031272,1.022815,1.014620,1.039066,1.037317,1.020544,1.041069,1.040693,0.997698,0.927105,1.013930,0.999569,1.016410,1.042969,1.046112,1.022180,1.017779,1.044009
2.157470,1.043929,1.019513,1.001610,0.983806,0.991552,0.993587,0.987820,0.987990,1.031516,1.012856,1.005180,0.992030,1.006570,0.995642,0.992048,1.009726,1.011161,1.006271,1.041795,0.988379,1.010264,1.031275,1.022814,1.014610,1.039013,1.037267,1.020503,1.041007,1.040626,0.997584,0.927058,1.013848,0.999584,1.016422,1.042985,1.046110,1.022160,1.017707,1.043977
2.165800,1.043888,1.019446,1.001556,0.983757,0.991501,0.993535,0.987768,0.987939,1.031470,1.012795,1.005122,0.991973,1.006513,0.995594,0.992022,1.009708,1.011129,1.006231,1.041799,0.988387,1.010255,1.031274,1.022810,1.014596,1.038958,1.037213,1.020460,1.040942,1.040557,0.997467,0.927009,1.013767,0.999596,1.016429,1.042998,1.046105,1.022138,1.017632,1.043944
2.174130,1.043847,1.019377,1.001500,0.983707,0.991448,0.993481,0.987716,0.987887,1.031423,1.012733,1.005063,0.991914,1.006454,0.995544,0.991993,1.009688,1.011095,1.006188,1.041799,0.988392,1.010244,1.031272,1.022804,1.014579,1.038901,1.037157,1.020414,1.040875,1.040484,0.997349,0.926959,1.013686,0.999605,1.016434,1.043008,1.046097,1.022114,1.017554,1.043911
2.182460,1.043804,1.019306,1.001443,0.983656,0.991394,0.993427,0.987663,0.987834,1.031375,1.012671,1.005004,0.991855,1.006395,0.995494,0.991963,1.009665,1.011058,1.006144,1.041797,0.988394,1.010230,1.031266,1.022795,1.014560,1.038842,1.037099,1.020366,1.040804,1.040409,0.997228,0.926908,1.013606,0.999612,1.016436,1.043017,1.046086,1.022088,1.017473,1.043879
2.190790,1.043762,1.019234,1.001383,0.983603,0.991339,0.993371,0.987608,0.987781,1.031328,1.012608,1.004944,0.991796,1.006336,0.995442,0.991931,1.009641,1.011020,1.006098,1.041793,0.988394,1.010214,1.031259,1.022784,1.014539,1.038781,1.037039,1.020315,1.040731,1.040331,0.997107,0.926856,1.013527,0.999618,1.016435,1.043023,1.046073,1.022060,1.017389,1.043846
2.199120,1.043718,1.019161,1.001323,0.983550,0.991284,0.993316,0.987554,0.987726,1.031281,1.012546,1.004884,0.991736,1.006276,0.995389,0.991897,1.009615,1.010980,1.006050,1.041787,0.988392,1.010197,1.031250,1.022771,1.014517,1.038720,1.036977,1.020264,1.040656,1.040250,0.996984,0.926804,1.013451,0.999621,1.016431,1.043028,1.046059,1.022031,1.017303,1.043814
2.207450,1.043675,1.019087,1.001262,0.983496,0.991229,0.993260,0.987499,0.987672,1.031233,1.012484,1.004825,0.991677,1.006217,0.995336,0.991862,1.009587,1.010939,1.006002,1.041778,0.988387,1.010177,1.031239,1.022757,1.014492,1.038657,1.036913,1.020210,1.040578,1.040168,0.996860,0.926752,1.013377,0.999623,1.016426,1.043031,1.046042,1.022001,1.017214,1.043782
2.215780,1.043631,1.019012,1.001200,0.983441,0.991174,0.993204,0.987445,0.987618,1.031186,1.012423,1.004766,0.991618,1.006158,0.995284,0.991826,1.009558,1.010896,1.005952,1.041769,0.988381,1.010157,1.031226,1.022741,1.014467,1.038593,1.036848,1.020156,1.040499,1.040084,0.996735,0.926700,1.013306,0.999624,1.016418,1.043033,1.046024,1.021970,1.017124,1.043749
2.224110,1.043587,1.018936,1.001138,0.983387,0.991120,0.993150,0.987391,0.987565,1.031140,1.012363,1.004708,0.991560,1.006100,0.995231,0.991790,1.009528,1.010853,1.005901,1.041758,0.988373,1.010135,1.031213,1.022724,1.014440,1.038529,1.036782,1.020100,1.040418,1.039998,0.996610,0.926649,1.013239,0.999623,1.016408,1.043033,1.046004,1.021939,1.017031,1.043718
2.232440,1.043542,1.018860,1.001075,0.983333,0.991066,0.993095,0.987338,0.987512,1.031094,1.012304,1.004652,0.991504,1.006044,0.995179,0.991753,1.009498,1.010809,1.005851,1.041746,0.988364,1.010113,1.031199,1.022706,1.014412,1.038464,1.036715,1.020044,1.040336,1.039910,0.996484,0.926598,1.013175,0.999622,1.016397,1.043033,1.045983,1.021906,1.016937,1.043686
2.240770,1.043498,1.018784,1.001012,0.983279,0.991013,0.993043,0.987286,0.987460,1.031049,1.012248,1.004597,0.991449,1.005989,0.995128,0.991717,1.009467,1.010765,1.005800,1.041733,0.988354,1.010090,1.031183,1.022687,1.014384,1.038398,1.036648,1.019987,1.040252,1.039821,0.996359,0.926549,1.013115,0.999620,1.016384,1.043031,1.045961,1.021873,1.016842,1.043655
2.249100,1.043454,1.018708,1.000950,0.983226,0.990961,0.992991,0.987235,0.987409,1.031005,1.012193,1.004543,0.991395,1.005936,0.995079,0.991680,1.009436,1.010720,1.005748,1.041719,0.988342,1.010067,1.031168,1.022668,1.014356,1.038333,1.036580,1.019930,1.040167,1.039731,0.996233,0.926501,1.013059,0.999617,1.016370,1.043030,1.045939,1.021840,1.016745,1.043624
2.257430,1.043410,1.018632,1.000889,0.983175,0.990911,0.992941,0.987185,0.987360,1.030961,1.012141,1.004492,0.991344,1.005885,0.995030,0.991644,1.009404,1.010676,1.005698,1.041705,0.988330,1.010043,1.031152,1.022648,1.014327,1.038268,1.036511,1.019873,1.040082,1.039640,0.996108,0.926454,1.013008,0.999614,1.016355,1.043027,1.045916,1.021806,1.016647,1.043594
2.265760,1.043367,1.018557,1.000827,0.983124,0.990863,0.992892,0.987137,0.987312,1.030919,1.012092,1.004443,0.991295,1.005836,0.994983,0.991608,1.009373,1.010632,1.005647,1.041691,0.988317,1.010020,1.031136,1.022628,1.014298,1.038203,1.036443,1.019816,1.039996,1.039548,0.995983,0.926409,1.012962,0.999610,1.016339,1.043025,1.045893,1.021773,1.016548,1.043564
2.274090,1.043324,1.018482,1.000767,0.983075,0.990816,0.992846,0.987091,0.987266,1.030878,1.012045,1.004397,0.991249,1.005789,0.994938,0.991573,1.009343,1.010588,1.005597,1.041677,0.988304,1.009997,1.031120,1.022609,1.014270,1.038138,1.036375,1.019759,1.039909,1.039456,0.995859,0.926365,1.012921,0.999607,1.016323,1.043022,1.045870,1.021739,1.016448,1.043535
2.282420,1.043281,1.018408,1.000708,0.983028,0.990771,0.992802,0.987047,0.987222,1.030839,1.012001,1.004353,0.991205,1.005745,0.994895,0.991539,1.009313,1.010545,1.005548,1.041662,0.988290,1.009975,1.031105,1.022589,1.014242,1.038074,1.036307,1.019702,1.039823,1.039363,0.995736,0.926324,1.012884,0.999604,1.016306,1.043020,1.045846,1.021706,1.016348,1.043507
2.290750,1.043239,1.018335,1.000650,0.982982,0.990729,0.992760,0.987005,0.987179,1.030801,1.011960,1.004312,0.991164,1.005704,0.994854,0.991506,1.009283,1.010503,1.005500,1.041649,0.988277,1.009953,1.031090,1.022571,1.014215,1.038010,1.036239,1.019646,1.039736,1.039271,0.995613,0.926285,1.012853,0.999601,1.016289,1.043018,1.045823,1.021673,1.016247,1.043478
2.299080,1.043197,1.018263,1.000594,0.982938,0.990689,0.992720,0.986965,0.987139,1.030764,1.011922,1.004274,0.991126,1.005666,0.994815,0.991475,1.009255,1.010461,1.005453,1.041635,0.988263,1.009931,1.031076,1.022552,1.014189,1.037948,1.036172,1.019591,1.039649,1.039178,0.995491,0.926248,1.012828,0.999598,1.016272,1.043016,1.045801,1.021640,1.016145,1.043451
2.307410,1.043156,1.018191,1.000539,0.982897,0.990651,0.992683,0.986928,0.987102,1.030729,1.011888,1.004239,0.991091,1.005631,0.994778,0.991445,1.009227,1.010421,1.005408,1.041622,0.988250,1.009911,1.031062,1.022535,1.014163,1.037886,1.036105,1.019537,1.039562,1.039085,0.995371,0.926213,1.012808,0.999597,1.016255,1.043015,1.045779,1.021608,1.016044,1.043424
2.315740,1.043115,1.018121,1.000485,0.982857,0.990616,0.992649,0.986893,0.987067,1.030696,1.011857,1.004207,0.991059,1.005599,0.994745,0.991416,1.009201,1.010382,1.005363,1.041610,0.988238,1.009892,1.031049,1.022519,1.014139,1.037825,1.036040,1.019483,1.039475,1.038992,0.995252,0.926181,1.012793,0.999595,1.016238,1.043015,1.045758,1.021577,1.015942,1.043398
2.324070,1.043076,1.018053,1.000433,0.982820,0.990583,0.992617,0.986861,0.987034,1.030664,1.011830,1.004178,0.991031,1.005571,0.994714,0.991389,1.009176,1.010344,1.005321,1.041599,0.988225,1.009874,1.031038,1.022503,1.014116,1.037765,1.035975,1.019431,1.039389,1.038900,0.995134,0.926151,1.012785,0.999595,1.016222,1.043015,1.045737,1.021546,1.015841,1.043373
2.332400,1.043037,1.017985,1.000384,0.982786,0.990553,0.992589,0.986831,0.987004,1.030634,1.011806,1.004153,0.991006,1.005546,0.994685,0.991365,1.009153,1.010308,1.005279,1.041589,0.988214,1.009858,1.031027,1.022489,1.014094,1.037707,1.035911,1.019380,1.039304,1.038808,0.995018,0.926125,1.012781,0.999595,1.016207,1.043017,1.045718,1.021517,1.015739,1.043348
2.340730,1.042998,1.017919,1.000336,0.982754,0.990527,0.992563,0.986805,0.986977,1.030606,1.011787,1.004131,0.990984,1.005524,0.994660,0.991342,1.009131,1.010274,1.005240,1.041580,0.988203,1.009842,1.031018,1.022476,1.014073,1.037650,1.035849,1.019331,1.039219,1.038716,0.994903,0.926101,1.012784,0.999597,1.016192,1.043019,1.045700,1.021488,1.015638,1.043324
2.349060,1.042961,1.017855,1.000290,0.982725,0.990503,0.992540,0.986781,0.986952,1.030580,1.011771,1.004113,0.990966,1.005507,0.994637,0.991321,1.009111,1.010241,1.005202,1.041572,0.988194,1.009829,1.031011,1.022465,1.014055,1.037594,1.035788,1.019283,1.039135,1.038625,0.994790,0.926080,1.012792,0.999600,1.016177,1.043023,1.045683,1.021460,1.015537,1.043300
2.357390,1.042924,1.017792,1.000246,0.982698,0.990482,0.992521,0.986760,0.986931,1.030556,1.011759,1.004099,0.990952,1.005492,0.994618,0.991302,1.009093,1.010210,1.005166,1.041566,0.988185,1.009817,1.031005,1.022455,1.014038,1.037540,1.035728,1.019236,1.039052,1.038535,0.994678,0.926061,1.012806,0.999604,1.016164,1.043028,1.045667,1.021433,1.015437,1.043278
2.365720,1.042888,1.017731,1.000204,0.982674,0.990464,0.992504,0.986742,0.986912,1.030533,1.011750,1.004088,0.990941,1.005482,0.994602,0.991286,1.009076,1.010181,1.005133,1.041561,0.988178,1.009807,1.031000,1.022447,1.014023,1.037487,1.035669,1.019191,1.038969,1.038446,0.994568,0.926046,1.012826,0.999609,1.016152,1.043034,1.045653,1.021407,1.015337,1.043256
2.374050,1.042853,1.017672,1.000165,0.982653,0.990449,0.992491,0.986727,0.986896,1.030513,1.011746,1.004080,0.990934,1.005475,0.994588,0.991272,1.009062,1.010153,1.005101,1.041558,0.988171,1.009799,1.030997,1.022440,1.014009,1.037436,1.035613,1.019148,1.038888,1.038358,0.994460,0.926034,1.012851,0.999615,1.016141,1.043042,1.045641,1.021383,1.015238,1.043235
2.382380,1.042819,1.017614,1.000128,0.982635,0.990438,0.992481,0.986715,0.986884,1.030495,1.011746,1.004077,0.990930,1.005471,0.994578,0.991260,1.009049,1.010128,1.005071,1.041556,0.988166,1.009792,1.030996,1.022436,1.013998,1.037387,1.035557,1.019107,1.038808,1.038271,0.994354,0.926024,1.012882,0.999624,1.016131,1.043051,1.045630,1.021359,1.015140,1.043215
2.390710,1.042786,1.017558,1.000093,0.982620,0.990429,0.992474,0.986707,0.986874,1.030478,1.011750,1.004077,0.990931,1.005472,0.994571,0.991251,1.009039,1.010105,1.005043,1.041556,0.988163,1.009788,1.030997,1.022433,1.013988,1.037339,1.035503,1.019067,1.038729,1.038185,0.994249,0.926018,1.012919,0.999633,1.016123,1.043062,1.045621,1.021337,1.015042,1.043195
2.399040,1.042754,1.017504,1.000060,0.982607,0.990424,0.992471,0.986701,0.986867,1.030464,1.011757,1.004081,0.990934,1.005476,0.994568,0.991244,1.009030,1.010083,1.005018,1.041557,0.988161,1.009785,1.031000,1.022432,1.013981,1.037293,1.035451,1.019029,1.038651,1.038100,0.994146,0.926014,1.012961,0.999644,1.016115,1.043074,1.045614,1.021316,1.014946,1.043176
2.407370,1.042722,1.017451,1.000030,0.982598,0.990422,0.992470,0.986698,0.986864,1.030451,1.011769,1.004088,0.990942,1.005484,0.994567,0.991239,1.009024,1.010064,1.004994,1.041561,0.988160,1.009785,1.031004,1.022433,1.013975,1.037249,1.035401,1.018993,1.038575,1.038016,0.994044,0.926014,1.013009,0.999657,1.016110,1.043088,1.045608,1.021296,1.014850,1.043158
2.415700,1.042692,1.017400,1.000001,0.982591,0.990423,0.992473,0.986699,0.986863,1.030441,1.011784,1.004099,0.990953,1.005495,0.994570,0.991237,1.009019,1.010047,1.004973,1.041566,0.988161,1.009786,1.031011,1.022436,1.013972,1.037206,1.035352,1.018959,1.038500,1.037934,0.993945,0.926017,1.013061,0.999671,1.016106,1.043103,1.045605,1.021278,1.014755,1.043141
2.424030,1.042662,1.017351,0.999976,0.982588,0.990427,0.992479,0.986702,0.986865,1.030432,1.011803,1.004113,0.990968,1.005511,0.994576,0.991237,1.009017,1.010032,1.004954,1.041572,0.988163,1.009789,1.031019,1.022441,1.013971,1.037165,1.035305,1.018927,1.038426,1.037852,0.993847,0.926022,1.013119,0.999687,1.016103,1.043121,1.045603,1.021261,1.014661,1.043124
2.432360,1.042633,1.017304,0.999952,0.982587,0.990433,0.992488,0.986709,0.986870,1.030425,1.011825,1.004131,0.990986,1.005529,0.994584,0.991240,1.009017,1.010019,1.004937,1.041581,0.988168,1.009795,1.031029,1.022448,1.013971,1.037125,1.035259,1.018896,1.038353,1.037772,0.993751,0.926031,1.013182,0.999704,1.016102,1.043140,1.045603,1.021245,1.014568,1.043108
2.440690,1.042605,1.017258,0.999930,0.982589,0.990443,0.992500,0.986718,0.986878,1.030420,1.011851,1.004152,0.991008,1.005551,0.994596,0.991245,1.009019,1.010007,1.004922,1.041591,0.988173,1.009802,1.031042,1.022457,1.013974,1.037088,1.035216,1.018867,1.038282,1.037693,0.993656,0.926042,1.013249,0.999723,1.016102,1.043160,1.045606,1.021230,1.014476,1.043093
2.449020,1.042578,1.017214,0.999911,0.982593,0.990456,0.992514,0.986730,0.986888,1.030417,1.011881,1.004177,0.991032,1.005576,0.994610,0.991252,1.009023,1.009998,1.004909,1.041604,0.988180,1.009812,1.031056,1.022468,1.013979,1.037051,1.035173,1.018840,1.038212,1.037615,0.993563,0.926055,1.013321,0.999744,1.016104,1.043183,1.045610,1.021216,1.014385,1.043079
2.457350,1.042551,1.017171,0.999894,0.982600,0.990471,0.992532,0.986744,0.986901,1.030416,1.011913,1.004204,0.991060,1.005604,0.994627,0.991261,1.009029,1.009991,1.004898,1.041617,0.988189,1.009823,1.031072,1.022480,1.013985,1.037017,1.035133,1.018815,1.038143,1.037539,0.993472,0.926072,1.013396,0.999766,1.016108,1.043207,1.045616,1.021204,1.014294,1.043065
2.465680,1.042525,1.017130,0.999878,0.982609,0.990489,0.992552,0.986761,0.986917,1.030417,1.011949,1.004234,0.991090,1.005635,0.994647,0.991273,1.009036,1.009985,1.004889,1.041633,0.988199,1.009836,1.031089,1.022495,1.013994,1.036984,1.035094,1.018791,1.038076,1.037463,0.993382,0.926090,1.013476,0.999790,1.016113,1.043232,1.045624,1.021193,1.014205,1.043052
2.474010,1.042500,1.017090,0.999864,0.982621,0.990509,0.992574,0.986780,0.986935,1.030418,1.011987,1.004267,0.991123,1.005668,0.994669,0.991286,1.009046,1.009982,1.004881,1.041650,0.988211,1.009851,1.031109,1.022511,1.014004,1.036952,1.035056,1.018769,1.038010,1.037389,0.993293,0.926111,1.013559,0.999815,1.016120,1.043259,1.045634,1.021182,1.014117,1.043040
2.482340,1.042476,1.017051,0.999852,0.982635,0.990531,0.992599,0.986802,0.986955,1.030422,1.012028,1.004302,0.991159,1.005704,0.994694,0.991302,1.009057,1.009979,1.004875,1.041668,0.988224,1.009867,1.031130,1.022529,1.014016,1.036921,1.035020,1.018749,1.037944,1.037316,0.993205,0.926134,1.013645,0.999841,1.016128,1.043288,1.045645,1.021173,1.014030,1.043028
2.490670,1.042452,1.017014,0.999842,0.982651,0.990556,0.992626,0.986826,0.986977,1.030427,1.012071,1.004339,0.991197,1.005742,0.994720,0.991319,1.009069,1.009979,1.004871,1.041689,0.988239,1.009885,1.031153,1.022549,1.014029,1.036892,1.034985,1.018729,1.037880,1.037244,0.993119,0.926159,1.013733,0.999869,1.016137,1.043318,1.045659,1.021165,1.013943,1.043017
2.499000,1.042428,1.016977,0.999833,0.982668,0.990582,0.992654,0.986851,0.987001,1.030433,1.012117,1.004379,0.991237,1.005783,0.994748,0.991337,1.009084,1.009979,1.004868,1.041710,0.988255,1.009905,1.031177,1.022570,1.014044,1.036864,1.034951,1.018712,1.037817,1.037172,0.993034,0.926186,1.013825,0.999898,1.016148,1.043350,1.045674,1.021157,1.013857,1.043006
2.507330,1.042405,1.016942,0.999826,0.982688,0.990610,0.992684,0.986878,0.987026,1.030441,1.012164,1.004420,0.991278,1.005825,0.994778,0.991357,1.009099,1.009981,1.004866,1.041733,0.988272,1.009926,1.031202,1.022593,1.014060,1.036837,1.034918,1.018695,1.037755,1.037102,0.992950,0.926214,1.013918,0.999928,1.016160,1.043382,1.045690,1.021150,1.013772,1.042996
2.515660,1.042382,1.016907,0.999819,0.982708,0.990639,0.992716,0.986907,0.987053,1.030449,1.012212,1.004463,0.991322,1.005868,0.994809,0.991379,1.009116,1.009985,1.004866,1.041756,0.988290,1.009948,1.031229,1.022617,1.014078,1.036811,1.034886,1.018679,1.037694,1.037033,0.992866,0.926244,1.014012,0.999959,1.016174,1.043416,1.045708,1.021144,1.013688,1.042986
2.523990,1.042360,1.016874,0.999814,0.982730,0.990670,0.992749,0.986937,0.987082,1.030459,1.012262,1.004507,0.991366,1.005913,0.994842,0.991401,1.009133,1.009989,1.004866,1.041781,0.988309,1.009971,1.031257,1.022642,1.014097,1.036786,1.034855,1.018664,1.037634,1.036964,0.992784,0.926275,1.014108,0.999991,1.016188,1.043451,1.045728,1.021139,1.013604,1.042977
2.532320,1.042338,1.016840,0.999809,0.982753,0.990702,0.992783,0.986968,0.987111,1.030469,1.012313,1.004552,0.991411,1.005959,0.994876,0.991425,1.009152,1.009994,1.004868,1.041807,0.988329,1.009995,1.031286,1.022669,1.014116,1.036762,1.034825,1.018651,1.037574,1.036895,0.992702,0.926307,1.014205,1.000024,1.016204,1.043487,1.045749,1.021134,1.013521,1.042968
2.540650,1.042316,1.016808,0.999805,0.982777,0.990734,0.992818,0.986999,0.987141,1.030481,1.012365,1.004598,0.991458,1.006006,0.994910,0.991449,1.009172,1.009999,1.004870,1.041833,0.988350,1.010020,1.031316,1.022696,1.014137,1.036738,1.034796,1.018637,1.037515,1.036828,0.992620,0.926339,1.014301,1.000058,1.016220,1.043524,1.045771,1.021130,1.013438,1.042960
2.548980,1.042294,1.016775,0.999802,0.982802,0.990768,0.992854,0.987032,0.987172,1.030493,1.012417,1.004644,0.991504,1.006053,0.994945,0.991474,1.009192,1.010006,1.004872,1.041860,0.988372,1.010046,1.031346,1.022724,1.014158,1.036715,1.034767,1.018625,1.037456,1.036760,0.992539,0.926373,1.014398,1.000093,1.016237,1.043562,1.045794,1.021126,1.013356,1.042951
2.557310,1.042272,1.016743,0.999799,0.982827,0.990801,0.992890,0.987065,0.987204,1.030505,1.012470,1.004690,0.991551,1.006100,0.994980,0.991499,1.009212,1.010012,1.004875,1.041888,0.988394,1.010072,1.031378,1.022752,1.014179,1.036692,1.034738,1.018612,1.037397,1.036693,0.992458,0.926406,1.014494,1.000127,1.016255,1.043601,1.045817,1.021122,1.013273,1.042944
2.565640,1.042251,1.016711,0.999796,0.982852,0.990835,0.992926,0.987098,0.987236,1.030518,1.012522,1.004737,0.991598,1.006147,0.995016,0.991525,1.009233,1.010019,1.004878,1.041916,0.988417,1.010098,1.031409,1.022781,1.014201,1.036669,1.034710,1.018600,1.037339,1.036627,0.992378,0.926440,1.014590,1.000163,1.016274,1.043639,1.045842,1.021118,1.013191,1.042936
2.573970,1.042229,1.016678,0.999793,0.982877,0.990868,0.992961,0.987131,0.987267,1.030531,1.012574,1.004783,0.991644,1.006194,0.995051,0.991550,1.009254,1.010026,1.004881,1.041944,0.988440,1.010125,1.031441,1.022811,1.014223,1.036647,1.034681,1.018588,1.037281,1.036560,0.992297,0.926473,1.014683,1.000198,1.016292,1.043679,1.045867,1.021114,1.013109,1.042929
2.582300,1.042207,1.016646,0.999790,0.982902,0.990902,0.992997,0.987163,0.987299,1.030545,1.012624,1.004828,0.991690,1.006240,0.995085,0.991575,1.009274,1.010033,1.004884,1.041972,0.988463,1.010151,1.031473,1.022840,1.014245,1.036624,1.034653,1.018576,1.037223,1.036493,0.992216,0.926506,1.014776,1.000234,1.016312,1.043718,1.045893,1.021110,1.013027,1.042922
2.590630,1.042185,1.016613,0.999787,0.982927,0.990934,0.993031,0.987195,0.987330,1.030558,1.012674,1.004872,0.991735,1.006285,0.995119,0.991600,1.009295,1.010039,1.004887,1.042000,0.988486,1.010177,1.031505,1.022870,1.014267,1.036601,1.034624,1.018563,1.037164,1.036426,0.992135,0.926538,1.014865,1.000269,1.016331,1.043758,1.045919,1.021106,1.012945,1.042915
2.598960,1.042162,1.016579,0.999782,0.982950,0.990966,0.993065,0.987227,0.987360,1.030572,1.012723,1.004916,0.991779,1.006329,0.995152,0.991624,1.009314,1.010045,1.004889,1.042028,0.988509,1.010203,1.031537,1.022899,1.014288,1.036578,1.034595,1.018550,1.037105,1.036358,0.992054,0.926570,1.014953,1.000304,1.016350,1.043798,1.045945,1.021102,1.012862,1.042909
2.607290,1.042139,1.016545,0.999778,0.982973,0.990997,0.993098,0.987257,0.987390,1.030585,1.012770,1.004958,0.991821,1.006372,0.995184,0.991648,1.009334,1.010050,1.004890,1.042055,0.988532,1.010229,1.031568,1.022928,1.014309,1.036554,1.034566,1.018537,1.037046,1.036291,0.991972,0.926601,1.015037,1.000339,1.016369,1.043837,1.045972,1.021097,1.012779,1.042902
2.615620,1.042116,1.016510,0.999772,0.982995,0.991026,0.993129,0.987287,0.987418,1.030598,1.012815,1.004998,0.991861,1.006413,0.995215,0.991670,1.009352,1.010055,1.004890,1.042082,0.988554,1.010253,1.031599,1.022957,1.014329,1.036530,1.034536,1.018523,1.036986,1.036222,0.991889,0.926630,1.015118,1.000374,1.016388,1.043876,1.045998,1.021092,1.012695,1.042896
2.623950,1.042092,1.016474,0.999765,0.983015,0.991054,0.993159,0.987315,0.987445,1.030610,1.012858,1.005036,0.991900,1.006451,0.995243,0.991691,1.009369,1.010058,1.004890,1.042108,0.988576,1.010277,1.031629,1.022985,1.014348,1.036505,1.034504,1.018507,1.036925,1.036153,0.991806,0.926658,1.015195,1.000408,1.016407,1.043915,1.046024,1.021086,1.012611,1.042889
2.632280,1.042068,1.016436,0.999756,0.983034,0.991080,0.993187,0.987341,0.987471,1.030622,1.012898,1.005071,0.991936,1.006488,0.995270,0.991711,1.009386,1.010060,1.004888,1.042133,0.988597,1.010300,1.031658,1.023012,1.014366,1.036479,1.034472,1.018491,1.036864,1.036083,0.991721,0.926684,1.015268,1.000441,1.016425,1.043953,1.046049,1.021079,1.012526,1.042883
2.640610,1.042043,1.016398,0.999746,0.983050,0.991104,0.993213,0.987365,0.987495,1.030634,1.012936,1.005105,0.991969,1.006521,0.995295,0.991729,1.009400,1.010061,1.004884,1.042157,0.988618,1.010321,1.031687,1.023038,1.014382,1.036452,1.034439,1.018473,1.036801,1.036012,0.991636,0.926708,1.015337,1.000473,1.016442,1.043990,1.046074,1.021071,1.012440,1.042876
2.648940,1.042017,1.016358,0.999735,0.983065,0.991126,0.993236,0.987388,0.987516,1.030644,1.012970,1.005136,0.992000,1.006552,0.995317,0.991745,1.009414,1.010060,1.004879,1.042179,0.988637,1.010341,1.031713,1.023062,1.014397,1.036424,1.034405,1.018455,1.036738,1.035939,0.991549,0.926730,1.015401,1.000504,1.016458,1.044027,1.046098,1.021062,1.012353,1.042870
2.657270,1.041990,1.016317,0.999721,0.983078,0.991146,0.993258,0.987408,0.987536,1.030653,1.013002,1.005163,0.992028,1.006581,0.995337,0.991759,1.009425,1.010057,1.004872,1.042200,0.988655,1.010359,1.031739,1.023086,1.014411,1.036394,1.034369,1.018434,1.036673,1.035866,0.991461,0.926750,1.015460,1.000534,1.016473,1.044062,1.046121,1.021052,1.012264,1.042863
2.665600,1.041963,1.016273,0.999706,0.983088,0.991163,0.993276,0.987426,0.987554,1.030662,1.013030,1.005188,0.992053,1.006605,0.995354,0.991771,1.009435,1.010053,1.004863,1.042220,0.988672,1.010376,1.031763,1.023107,1.014422,1.036364,1.034331,1.018412,1.036606,1.035791,0.991372,0.926767,1.015514,1.000563,1.016487,1.044096,1.046144,1.021041,1.012175,1.042856
2.673930,1.041934,1.016229,0.999688,0.983096,0.991178,0.993292,0.987442,0.987569,1.030670,1.013055,1.005209,0.992074,1.006627,0.995368,0.991781,1.009442,1.010046,1.004852,1.042237,0.988687,1.010391,1.031785,1.023128,1.014432,1.036331,1.034292,1.018388,1.036538,1.035714,0.991281,0.926782,1.015563,1.000590,1.016500,1.044129,1.046164,1.021029,1.012084,1.042849
2.682260,1.041905,1.016182,0.999669,0.983101,0.991190,0.993305,0.987454,0.987582,1.030676,1.013076,1.005227,0.992093,1.006645,0.995379,0.991788,1.009447,1.010037,1.004839,1.042253,0.988701,1.010403,1.031806,1.023146,1.014440,1.036297,1.034251,1.018362,1.036469,1.035636,0.991188,0.926794,1.015607,1.000615,1.016511,1.044160,1.046184,1.021015,1.011992,1.042842
2.690590,1.041875,1.016133,0.999646,0.983103,0.991198,0.993315,0.987464,0.987592,1.030681,1.013093,1.005242,0.992107,1.006660,0.995387,0.991793,1.009450,1.010026,1.004824,1.042267,0.988713,1.010414,1.031824,1.023162,1.014445,1.036261,1.034208,1.018334,1.036397,1.035557,0.991094,0.926804,1.015644,1.000639,1.016521,1.044190,1.046202,1.020999,1.011898,1.042835
2.698920,1.041844,1.016082,0.999622,0.983102,0.991204,0.993322,0.987472,0.987599,1.030685,1.013106,1.005253,0.992118,1.006670,0.995392,0.991795,1.009451,1.010013,1.004806,1.042279,0.988723,1.010422,1.031841,1.023176,1.014448,1.036224,1.034163,1.018303,1.036324,1.035475,0.990997,0.926810,1.015677,1.000661,1.016529,1.044218,1.046218,1.020982,1.011802,1.042827
2.707250,1.041812,1.016029,0.999594,0.983098,0.991207,0.993326,0.987476,0.987604,1.030687,1.013116,1.005260,0.992125,1.006677,0.995393,0.991794,1.009449,1.009997,1.004785,1.042288,0.988731,1.010427,1.031855,1.023188,1.014448,1.036184,1.034116,1.018270,1.036249,1.035391,0.990899,0.926813,1.015703,1.000681,1.016535,1.044244,1.046233,1.020964,1.011705,1.042820
2.715580,1.041778,1.015974,0.999564,0.983091,0.991206,0.993326,0.987477,0.987605,1.030689,1.013121,1.005263,0.992128,1.006680,0.995391,0.991790,1.009444,1.009978,1.004762,1.042295,0.988737,1.010430,1.031866,1.023198,1.014446,1.036142,1.034066,1.018235,1.036171,1.035305,0.990799,0.926813,1.015723,1.000699,1.016539,1.044268,1.046245,1.020943,1.011606,1.042812
2.723910,1.041744,1.015916,0.999531,0.983081,0.991202,0.993322,0.987474,0.987603,1.030688,1.013121,1.005262,0.992127,1.006679,0.995385,0.991783,1.009436,1.009957,1.004736,1.042300,0.988741,1.010431,1.031876,1.023205,1.014441,1.036098,1.034014,1.018198,1.036092,1.035217,0.990696,0.926810,1.015738,1.000715,1.016540,1.044291,1.046256,1.020921,1.011505,1.042804
2.732240,1.041708,1.015856,0.999495,0.983067,0.991194,0.993316,0.987469,0.987599,1.030686,1.013118,1.005257,0.992122,1.006674,0.995375,0.991773,1.009426,1.009932,1.004707,1.042302,0.988742,1.010428,1.031882,1.023209,1.014433,1.036052,1.033960,1.018157,1.036010,1.035127,0.990591,0.926804,1.015746,1.000729,1.016540,1.044311,1.046264,1.020897,1.011401,1.042795
2.740570,1.041671,1.015793,0.999456,0.983050,0.991183,0.993305,0.987460,0.987591,1.030683,1.013110,1.005248,0.992112,1.006664,0.995361,0.991759,1.009412,1.009905,1.004675,1.042301,0.988741,1.010423,1.031886,1.023211,1.014422,1.036004,1.033903,1.018114,1.035925,1.035035,0.990484,0.926794,1.015749,1.000740,1.016537,1.044328,1.046270,1.020871,1.011296,1.042786
2.748900,1.041633,1.015728,0.999414,0.983029,0.991168,0.993291,0.987448,0.987579,1.030678,1.013097,1.005235,0.992099,1.006650,0.995344,0.991742,1.009395,1.009875,1.004640,1.042298,0.988738,1.010415,1.031888,1.023210,1.014408,1.035953,1.033843,1.018068,1.035838,1.034939,0.990375,0.926781,1.015745,1.000749,1.016532,1.044344,1.046274,1.020843,1.011188,1.042777
2.757230,1.041594,1.015660,0.999368,0.983005,0.991150,0.993273,0.987432,0.987564,1.030671,1.013080,1.005218,0.992081,1.006632,0.995322,0.991721,1.009376,1.009841,1.004601,1.042291,0.988732,1.010403,1.031886,1.023206,1.014391,1.035900,1.033781,1.018019,1.035749,1.034842,0.990263,0.926764,1.015736,1.000755,1.016525,1.044357,1.046275,1.020813,1.011078,1.042768
2.765560,1.041554,1.015590,0.999320,0.982977,0.991128,0.993251,0.987413,0.987546,1.030663,1.013059,1.005196,0.992059,1.006609,0.995297,0.991697,1.009352,1.009804,1.004560,1.042282,0.988723,1.010389,1.031881,1.023199,1.014370,1.035844,1.033716,1.017968,1.035657,1.034742,0.990148,0.926744,1.015720,1.000759,1.016514,1.044367,1.046274,1.020780,1.010966,1.042758
2.773890,1.041512,1.015517,0.999268,0.982945,0.991102,0.993226,0.987390,0.987525,1.030653,1.013033,1.005170,0.992032,1.006582,0.995267,0.991670,1.009326,1.009764,1.004515,1.042269,0.988712,1.010371,1.031874,1.023189,1.014347,1.035786,1.033648,1.017913,1.035562,1.034639,0.990031,0.926720,1.015698,1.000760,1.016501,1.044375,1.046270,1.020746,1.010851,1.042748
2.782220,1.041469,1.015441,0.999213,0.982909,0.991072,0.993196,0.987364,0.987500,1.030641,1.013002,1.005139,0.992001,1.006550,0.995233,0.991638,1.009296,1.009721,1.004467,1.042254,0.988697,1.010350,1.031863,1.023176,1.014319,1.035725,1.033577,1.017855,1.035465,1.034533,0.989912,0.926693,1.015671,1.000759,1.016485,1.044380,1.046263,1.020709,1.010734,1.042738
2.790550,1.041425,1.015362,0.999154,0.982870,0.991039,0.993163,0.987333,0.987471,1.030627,1.012967,1.005104,0.991965,1.006514,0.995195,0.991603,1.009262,1.009674,1.004415,1.042235,0.988680,1.010325,1.031849,1.023159,1.014289,1.035661,1.033503,1.017794,1.035364,1.034425,0.989789,0.926662,1.015637,1.000755,1.016467,1.044383,1.046253,1.020670,1.010614,1.042727
2.798880,1.041379,1.015280,0.999092,0.982827,0.991002,0.993126,0.987300,0.987439,1.030612,1.012927,1.005065,0.991925,1.006473,0.995153,0.991564,1.009225,1.009624,1.004360,1.042213,0.988660,1.010298,1.031832,1.023140,1.014255,1.035595,1.033426,1.017729,1.035261,1.034314,0.989664,0.926627,1.015597,1.000748,1.016445,1.044382,1.046240,1.020629,1.010492,1.042716
2.807210,1.041332,1.015195,0.999027,0.982779,0.990960,0.993085,0.987262,0.987403,1.030595,1.012882,1.005021,0.991881,1.006428,0.995107,0.991521,1.009185,1.009571,1.004302,1.042187,0.988636,1.010266,1.031811,1.023117,1.014217,1.035526,1.033346,1.017662,1.035155,1.034200,0.989536,0.926588,1.015552,1.000738,1.016420,1.044379,1.046224,1.020586,1.010366,1.042705
2.815540,1.041284,1.015108,0.998958,0.982728,0.990915,0.993040,0.987221,0.987364,1.030576,1.012832,1.004973,0.991832,1.006378,0.995056,0.991475,1.009140,1.009514,1.004240,1.042159,0.988610,1.010231,1.031787,1.023090,1.014176,1.035454,1.033263,1.017591,1.035045,1.034082,0.989405,0.926546,1.015500,1.000725,1.016393,1.044373,1.046206,1.020540,1.010239,1.042693
2.823870,1.041235,1.015017,0.998885,0.982673,0.990866,0.992990,0.987176,0.987321,1.030555,1.012778,1.004921,0.991779,1.006324,0.995002,0.991424,1.009093,1.009453,1.004175,1.042127,0.988580,1.010193,1.031760,1.023060,1.014132,1.035380,1.033177,1.017517,1.034933,1.033962,0.989272,0.926500,1.015443,1.000709,1.016362,1.044364,1.046184,1.020492,1.010108,1.042681
2.832200,1.041184,1.014924,0.998810,0.982614,0.990813,0.992937,0.987128,0.987274,1.030532,1.012719,1.004864,0.991721,1.006265,0.994943,0.991370,1.009041,1.009389,1.004106,1.042091,0.988548,1.010151,1.031730,1.023027,1.014083,1.035302,1.033087,1.017440,1.034818,1.033839,0.989136,0.926451,1.015380,1.000690,1.016328,1.044352,1.046159,1.020441,1.009975,1.042669
2.840530,1.041132,1.014827,0.998730,0.982551,0.990756,0.992880,0.987075,0.987224,1.030508,1.012656,1.004802,0.991658,1.006202,0.994879,0.991312,1.008986,1.009321,1.004033,1.042052,0.988512,1.010106,1.031696,1.022990,1.014031,1.035222,1.032995,1.017359,1.034699,1.033713,0.988996,0.926397,1.015311,1.000669,1.016290,1.044337,1.046130,1.020388,1.009838,1.042657
2.848860,1.041079,1.014728,0.998647,0.982484,0.990696,0.992819,0.987019,0.987171,1.030482,1.012588,1.004737,0.991591,1.006134,0.994812,0.991250,1.008927,1.009250,1.003957,1.042010,0.988473,1.010057,1.031658,1.022950,1.013976,1.035139,1.032899,1.017275,1.034578,1.033584,0.988854,0.926340,1.015236,1.000644,1.016250,1.044319,1.046099,1.020333,1.009699,1.042644
2.857190,1.041024,1.014626,0.998560,0.982414,0.990631,0.992754,0.986960,0.987113,1.030454,1.012516,1.004667,0.991520,1.006062,0.994740,0.991184,1.008865,1.009175,1.003878,1.041964,0.988430,1.010004,1.031617,1.022906,1.013916,1.035053,1.032800,1.017188,1.034453,1.033452,0.988709,0.926280,1.015156,1.000617,1.016206,1.044298,1.046064,1.020275,1.009558,1.042630
2.865520,1.040969,1.014521,0.998471,0.982339,0.990563,0.992686,0.986896,0.987053,1.030425,1.012438,1.004592,0.991445,1.005985,0.994664,0.991114,1.008799,1.009097,1.003794,1.041915,0.988385,1.009948,1.031573,1.022859,1.013853,1.034964,1.032698,1.017097,1.034326,1.033317,0.988562,0.926216,1.015070,1.000586,1.016159,1.044274,1.046026,1.020215,1.009413,1.042617
2.873850,1.040912,1.014413,0.998377,0.982260,0.990490,0.992613,0.986829,0.986988,1.030393,1.012357,1.004514,0.991365,1.005904,0.994584,0.991040,1.008729,1.009015,1.003708,1.041862,0.988336,1.009888,1.031525,1.022808,1.013787,1.034873,1.032593,1.017003,1.034195,1.033178,0.988411,0.926148,1.014979,1.000552,1.016109,1.044247,1.045984,1.020153,1.009265,1.042603
2.882180,1.040854,1.014302,0.998280,0.982178,0.990414,0.992537,0.986759,0.986920,1.030360,1.012271,1.004431,0.991281,1.005818,0.994500,0.990963,1.008656,1.008929,1.003618,1.041806,0.988284,1.009825,1.031474,1.022754,1.013716,1.034779,1.032485,1.016905,1.034061,1.033037,0.988258,0.926076,1.014883,1.000516,1.016055,1.044217,1.045940,1.020088,1.009115,1.042589
2.890510,1.040794,1.014188,0.998180,0.982092,0.990335,0.992456,0.986685,0.986849,1.030325,1.012181,1.004344,0.991192,1.005729,0.994412,0.990881,1.008579,1.008841,1.003524,1.041747,0.988228,1.009758,1.031419,1.022696,1.013643,1.034682,1.032373,1.016805,1.033924,1.032892,0.988101,0.926001,1.014781,1.000476,1.015998,1.044184,1.045892,1.020020,1.008962,1.042575
2.898840,1.040734,1.014072,0.998076,0.982002,0.990251,0.992372,0.986607,0.986775,1.030289,1.012086,1.004253,0.991100,1.005635,0.994320,0.990796,1.008498,1.008748,1.003427,1.041684,0.988170,1.009688,1.031361,1.022635,1.013565,1.034582,1.032258,1.016701,1.033784,1.032745,0.987942,0.925923,1.014674,1.000434,1.015938,1.044147,1.045840,1.019951,1.008806,1.042560
2.907170,1.040672,1.013953,0.997970,0.981909,0.990165,0.992285,0.986526,0.986697,1.030251,1.011988,1.004158,0.991004,1.005537,0.994225,0.990708,1.008414,1.008653,1.003327,1.041618,0.988108,1.009614,1.031300,1.022570,1.013484,1.034480,1.032141,1.016594,1.033641,1.032594,0.987781,0.925841,1.014563,1.000388,1.015875,1.044108,1.045786,1.019879,1.008647,1.042545
2.915500,1.040610,1.013831,0.997860,0.981812,0.990074,0.992194,0.986442,0.986616,1.030211,1.011885,1.004059,0.990903,1.005435,0.994125,0.990616,1.008327,1.008554,1.003224,1.041548,0.988043,1.009537,1.031236,1.022502,1.013400,1.034375,1.032020,1.016484,1.033495,1.032441,0.987616,0.925756,1.014447,1.000340,1.015809,1.044066,1.045728,1.019805,1.008485,1.042530
2.923830,1.040546,1.013706,0.997746,0.981711,0.989981,0.992100,0.986355,0.986532,1.030170,1.011779,1.003957,0.990800,1.005330,0.994022,0.990520,1.008236,1.008452,1.003117,1.041476,0.987975,1.009457,1.031168,1.022431,1.013313,1.034267,1.031897,1.016371,1.033346,1.032285,0.987450,0.925668,1.014326,1.000289,1.015739,1.044022,1.045667,1.019729,1.008321,1.042515
2.932160,1.040482,1.013580,0.997630,0.981608,0.989884,0.992002,0.986264,0.986444,1.030127,1.011669,1.003851,0.990692,1.005221,0.993915,0.990421,1.008142,1.008346,1.003007,1.041400,0.987904,1.009374,1.031097,1.022357,1.013222,1.034157,1.031770,1.016255,1.033194,1.032126,0.987280,0.925577,1.014201,1.000236,1.015666,1.043974,1.045604,1.019651,1.008154,1.042500
2.940490,1.040416,1.013450,0.997511,0.981501,0.989784,0.991902,0.986171,0.986354,1.030083,1.011555,1.003742,0.990581,1.005108,0.993805,0.990319,1.008045,1.008238,1.002895,1.041321,0.987830,1.009287,1.031023,1.022279,1.013128,1.034045,1.031641,1.016136,1.033040,1.031964,0.987108,0.925483,1.014073,1.000179,1.015591,1.043924,1.045537,1.019570,1.007984,1.042484
2.948820,1.040350,1.013319,0.997390,0.981391,0.989681,0.991798,0.986075,0.986262,1.030038,1.011438,1.003630,0.990467,1.004993,0.993692,0.990214,1.007945,1.008127,1.002779,1.041239,0.987753,1.009198,1.030947,1.022199,1.013031,1.033930,1.031509,1.016014,1.032883,1.031799,0.986934,0.925387,1.013940,1.000120,1.015512,1.043871,1.045467,1.019488,1.007812,1.042468
2.957150,1.040282,1.013185,0.997265,0.981278,0.989576,0.991692,0.985976,0.986167,1.029991,1.011318,1.003515,0.990350,1.004874,0.993576,0.990105,1.007842,1.008013,1.002661,1.041154,0.987673,1.009105,1.030867,1.022116,1.012931,1.033813,1.031375,1.015890,1.032723,1.031632,0.986758,0.925287,1.013805,1.000059,1.015431,1.043815,1.045394,1.019403,1.007638,1.042453
2.965480,1.040214,1.013049,0.997138,0.981162,0.989468,0.991583,0.985875,0.986069,1.029944,1.011196,1.003397,0.990230,1.004752,0.993457,0.989994,1.007736,1.007897,1.002540,1.041067,0.987591,1.009010,1.030785,1.022030,1.012828,1.033693,1.031238,1.015763,1.032560,1.031462,0.986579,0.925186,1.013666,0.999995,1.015346,1.043757,1.045319,1.019317,1.007461,1.042437
2.973810,1.040145,1.012911,0.997009,0.981044,0.989357,0.991472,0.985772,0.985969,1.029895,1.011070,1.003276,0.990108,1.004628,0.993336,0.989880,1.007628,1.007778,1.002417,1.040977,0.987506,1.008913,1.030700,1.021941,1.012723,1.033572,1.031099,1.015633,1.032396,1.031290,0.986398,0.925082,1.013525,0.999929,1.015259,1.043697,1.045241,1.019229,1.007282,1.042421
2.982140,1.040076,1.012771,0.996877,0.980923,0.989244,0.991358,0.985666,0.985867,1.029845,1.010942,1.003153,0.989983,1.004501,0.993211,0.989764,1.007517,1.007656,1.002291,1.040884,0.987418,1.008813,1.030613,1.021850,1.012615,1.033449,1.030957,1.015502,1.032228,1.031116,0.986216,0.924975,1.013381,0.999860,1.015170,1.043634,1.045160,1.019139,1.007100,1.042405
2.990470,1.040006,1.012629,0.996744,0.980800,0.989129,0.991242,0.985558,0.985763,1.029795,1.010812,1.003028,0.989855,1.004372,0.993085,0.989645,1.007404,1.007532,1.002163,1.040789,0.987328,1.008710,1.030523,1.021757,1.012504,1.033324,1.030813,1.015368,1.032059,1.030939,0.986031,0.924867,1.013235,0.999790,1.015078,1.043569,1.045077,1.019048,1.006917,1.042389
2.998800,1.039935,1.012486,0.996608,0.980675,0.989012,0.991125,0.985449,0.985657,1.029743,1.010680,1.002900,0.989726,1.004241,0.992956,0.989524,1.007288,1.007406,1.002033,1.040692,0.987236,1.008606,1.030431,1.021661,1.012391,1.033197,1.030668,1.015232,1.031887,1.030761,0.985845,0.924757,1.013087,0.999717,1.014984,1.043502,1.044992,1.018955,1.006732,1.042373
3.007130,1.039864,1.012341,0.996471,0.980549,0.988894,0.991006,0.985338,0.985550,1.029691,1.010546,1.002772,0.989595,1.004108,0.992826,0.989401,1.007171,1.007279,1.001902,1.040593,0.987142,1.008499,1.030337,1.021563,1.012277,1.033069,1.030520,1.015094,1.031714,1.030580,0.985657,0.924646,1.012938,0.999643,1.014887,1.043433,1.044905,1.018861,1.006544,1.042357
3.015460,1.039793,1.012194,0.996332,0.980420,0.988774,0.990885,0.985225,0.985441,1.029638,1.010411,1.002641,0.989463,1.003974,0.992694,0.989276,1.007051,1.007149,1.001768,1.040491,0.987046,1.008390,1.030242,1.021463,1.012160,1.032939,1.030371,1.014954,1.031539,1.030397,0.985468,0.924533,1.012788,0.999567,1.014788,1.043363,1.044815,1.018766,1.006355,1.042341
3.023790,1.039721,1.012047,0.996191,0.980290,0.988653,0.990763,0.985111,0.985331,1.029585,1.010274,1.002510,0.989329,1.003838,0.992561,0.989150,1.006930,1.007018,1.001633,1.040388,0.986947,1.008280,1.030144,1.021361,1.012041,1.032808,1.030220,1.014813,1.031362,1.030213,0.985278,0.924419,1.012637,0.999489,1.014688,1.043290,1.044724,1.018669,1.006164,1.042325
3.032120,1.039649,1.011898,0.996050,0.980159,0.988530,0.990640,0.984996,0.985220,1.029531,1.010137,1.002377,0.989194,1.003701,0.992426,0.989022,1.006807,1.006885,1.001497,1.040283,0.986847,1.008168,1.030045,1.021258,1.011921,1.032676,1.030068,1.014671,1.031183,1.030027,0.985086,0.924304,1.012486,0.999410,1.014585,1.043216,1.044631,1.018571,1.005972,1.042310
3.040450,1.039577,1.011749,0.995907,0.980026,0.988407,0.990516,0.984881,0.985108,1.029477,1.009998,1.002243,0.989059,1.003563,0.992290,0.988892,1.006683,1.006751,1.001359,1.040177,0.986746,1.008055,1.029945,1.021153,1.011799,1.032543,1.029915,1.014527,1.031003,1.029840,0.984893,0.924188,1.012334,0.999329,1.014481,1.043141,1.044536,1.018472,1.005778,1.042294
3.048780,1.039505,1.011598,0.995763,0.979893,0.988283,0.990391,0.984764,0.984995,1.029423,1.009859,1.002109,0.988923,1.003425,0.992153,0.988762,1.006558,1.006616,1.001220,1.040069,0.986643,1.007940,1.029843,1.021047,1.011677,1.032408,1.029760,1.014382,1.030822,1.029652,0.984700,0.924072,1.012183,0.999247,1.014375,1.043065,1.044441,1.018373,1.005583,1.042279
3.057110,1.039433,1.011448,0.995619,0.979759,0.988158,0.990266,0.984648,0.984882,1.029369,1.009720,1.001975,0.988786,1.003287,0.992016,0.988630,1.006431,1.006480,1.001081,1.039960,0.986538,1.007825,1.029740,1.020940,1.011553,1.032273,1.029604,1.014236,1.030639,1.029462,0.984506,0.923955,1.012033,0.999164,1.014268,1.042987,1.044343,1.018272,1.005387,1.042264
3.065440,1.039360,1.011296,0.995474,0.979624,0.988034,0.990141,0.984531,0.984769,1.029315,1.009581,1.001841,0.988650,1.003148,0.991879,0.988498,1.006304,1.006343,1.000940,1.039850,0.986432,1.007708,1.029636,1.020832,1.011428,1.032138,1.029448,1.014089,1.030456,1.029271,0.984311,0.923838,1.011883,0.999080,1.014160,1.042909,1.044245,1.018171,1.005190,1.042249
3.073770,1.039288,1.011144,0.995328,0.979490,0.987909,0.990015,0.984413,0.984656,1.029261,1.009442,1.001706,0.988513,1.003010,0.991741,0.988365,1.006176,1.006205,1.000800,1.039739,0.986326,1.007591,1.029531,1.020723,1.011302,1.032002,1.029291,1.013942,1.030271,1.029080,0.984115,0.923721,1.011735,0.998995,1.014051,1.042829,1.044146,1.018070,1.004992,1.042235
3.082100,1.039216,1.010992,0.995183,0.979355,0.987784,0.989890,0.984296,0.984542,1.029207,1.009304,1.001572,0.988377,1.002871,0.991603,0.988232,1.006048,1.006068,1.000658,1.039627,0.986219,1.007474,1.029426,1.020613,1.011176,1.031865,1.029133,1.013794,1.030086,1.028888,0.983920,0.923604,1.011587,0.998910,1.013940,1.042749,1.044046,1.017968,1.004793,1.042221
3.090430,1.039145,1.010840,0.995037,0.979219,0.987659,0.989765,0.984179,0.984429,1.029153,1.009166,1.001439,0.988241,1.002733,0.991466,0.988099,1.005919,1.005929,1.000517,1.039515,0.986110,1.007356,1.029321,1.020503,1.011049,1.031729,1.028975,1.013646,1.029901,1.028695,0.983724,0.923487,1.011441,0.998824,1.013829,1.042669,1.043945,1.017866,1.004594,1.042207
3.098760,1.039073,1.010688,0.994891,0.979085,0.987535,0.989640,0.984063,0.984316,1.029099,1.009029,1.001306,0.988106,1.002596,0.991329,0.987966,1.005790,1.005791,1.000376,1.039402,0.986001,1.007238,1.029214,1.020393,1.010922,1.031592,1.028817,1.013497,1.029715,1.028502,0.983529,0.923371,1.011299,0.998737,1.013717,1.042588,1.043844,1.017763,1.004394,1.042194
3.107090,1.039002,1.010536,0.994746,0.978951,0.987412,0.989516,0.983947,0.984204,1.029046,1.008893,1.001174,0.987972,1.002460,0.991192,0.987833,1.005662,1.005653,1.000235,1.039289,0.985892,1.007119,1.029108,1.020282,1.010795,1.031455,1.028659,1.013349,1.029528,1.028308,0.983333,0.923255,1.011157,0.998651,1.013605,1.042507,1.043743,1.017661,1.004194,1.042180
3.115420,1.038932,1.010385,0.994601,0.978817,0.987289,0.989394,0.983832,0.984092,1.028994,1.008758,1.001043,0.987839,1.002325,0.991057,0.987700,1.005533,1.005515,1.000094,1.039176,0.985783,1.007002,1.029003,1.020172,1.010669,1.031319,1.028500,1.013201,1.029342,1.028115,0.983139,0.923140,1.011018,0.998564,1.013492,1.042426,1.043642,1.017559,1.003994,1.042168
3.123750,1.038862,1.010234,0.994457,0.978685,0.987168,0.989272,0.983718,0.983982,1.028943,1.008626,1.000915,0.987708,1.002192,0.990923,0.987568,1.005405,1.005378,0.999954,1.039063,0.985673,1.006884,1.028897,1.020062,1.010542,1.031183,1.028343,1.013053,1.029156,1.027921,0.982944,0.923027,1.010883,0.998477,1.013379,1.042344,1.043540,1.017456,1.003793,1.042156
3.132080,1.038792,1.010084,0.994313,0.978553,0.987047,0.989152,0.983605,0.983873,1.028891,1.008494,1.000787,0.987578,1.002060,0.990789,0.987436,1.005277,1.005241,0.999814,1.038950,0.985564,1.006766,1.028791,1.019952,1.010416,1.031047,1.028185,1.012906,1.028970,1.027728,0.982750,0.922914,1.010750,0.998390,1.013266,1.042263,1.043439,1.017354,1.003593,1.042144
3.140410,1.038723,1.009935,0.994171,0.978422,0.986928,0.989033,0.983494,0.983765,1.028841,1.008365,1.000661,0.987450,1.001930,0.990658,0.987306,1.005150,1.005105,0.999675,1.038838,0.985454,1.006650,1.028687,1.019843,1.010291,1.030912,1.028028,1.012759,1.028784,1.027535,0.982557,0.922803,1.010620,0.998304,1.013154,1.042183,1.043339,1.017253,1.003393,1.042132
3.148740,1.038655,1.009787,0.994030,0.978293,0.986811,0.988916,0.983384,0.983658,1.028792,1.008238,1.000538,0.987325,1.001803,0.990528,0.987177,1.005024,1.004970,0.999538,1.038727,0.985345,1.006534,1.028583,1.019734,1.010167,1.030779,1.027872,1.012614,1.028599,1.027342,0.982366,0.922694,1.010496,0.998218,1.013041,1.042103,1.043238,1.017152,1.003194,1.042122
3.157070,1.038588,1.009639,0.993890,0.978166,0.986695,0.988800,0.983276,0.983553,1.028744,1.008113,1.000416,0.987201,1.001676,0.990399,0.987049,1.004899,1.004835,0.999401,1.038615,0.985237,1.006419,1.028479,1.019626,1.010043,1.030645,1.027717,1.012468,1.028414,1.027150,0.982175,0.922585,1.010373,0.998132,1.012929,1.042023,1.043139,1.017052,1.002994,1.042112
3.165400,1.038522,1.009493,0.993751,0.978040,0.986582,0.988686,0.983169,0.983450,1.028697,1.007991,1.000297,0.987079,1.001553,0.990273,0.986922,1.004775,1.004703,0.999266,1.038505,0.985129,1.006306,1.028377,1.019520,1.009921,1.030513,1.027563,1.012325,1.028230,1.026959,0.981985,0.922479,1.010255,0.998048,1.012818,1.041945,1.043040,1.016952,1.002796,1.042102
3.173730,1.038456,1.009349,0.993615,0.977916,0.986471,0.988576,0.983065,0.983349,1.028652,1.007873,1.000181,0.986961,1.001433,0.990150,0.986798,1.004653,1.004572,0.999132,1.038396,0.985022,1.006194,1.028276,1.019415,1.009800,1.030383,1.027410,1.012183,1.028048,1.026769,0.981798,0.922376,1.010142,0.997964,1.012707,1.041867,1.042943,1.016854,1.002598,1.042093
3.182060,1.038392,1.009206,0.993479,0.977794,0.986361,0.988466,0.982963,0.983249,1.028607,1.007755,1.000066,0.986844,1.001314,0.990027,0.986674,1.004532,1.004441,0.999000,1.038288,0.984916,1.006083,1.028176,1.019311,1.009680,1.030253,1.027258,1.012041,1.027866,1.026580,0.981611,0.922274,1.010031,0.997881,1.012597,1.041790,1.042846,1.016756,1.002401,1.042085
3.190390,1.038328,1.009064,0.993346,0.977675,0.986254,0.988359,0.982862,0.983152,1.028563,1.007642,0.999955,0.986731,1.001199,0.989908,0.986553,1.004413,1.004313,0.998870,1.038182,0.984811,1.005974,1.028078,1.019209,1.009563,1.030125,1.027107,1.011902,1.027685,1.026392,0.981426,0.922174,1.009926,0.997799,1.012489,1.041715,1.042752,1.016659,1.002205,1.042077
3.198720,1.038266,1.008925,0.993215,0.977558,0.986150,0.988256,0.982765,0.983058,1.028522,1.007532,0.999847,0.986621,1.001087,0.989792,0.986434,1.004296,1.004187,0.998741,1.038077,0.984707,1.005867,1.027982,1.019108,1.009447,1.029998,1.026959,1.011765,1.027506,1.026205,0.981244,0.922077,1.009827,0.997719,1.012381,1.041641,1.042658,1.016564,1.002011,1.042070
3.207050,1.038204,1.008787,0.993085,0.977442,0.986047,0.988154,0.982669,0.982965,1.028481,1.007424,0.999741,0.986513,1.000977,0.989677,0.986317,1.004180,1.004062,0.998614,1.037973,0.984604,1.005761,1.027887,1.019008,1.009332,1.029873,1.026811,1.011628,1.027328,1.026020,0.981062,0.921982,1.009730,0.997639,1.012274,1.041568,1.042566,1.016470,1.001817,1.042063
3.215380,1.038144,1.008651,0.992959,0.977330,0.985948,0.988055,0.982577,0.982875,1.028442,1.007321,0.999639,0.986409,1.000872,0.989566,0.986202,1.004067,1.003940,0.998490,1.037871,0.984504,1.005657,1.027794,1.018912,1.009220,1.029750,1.026666,1.011494,1.027152,1.025836,0.980883,0.921889,1.009639,0.997561,1.012170,1.041498,1.042476,1.016377,1.001626,1.042057
3.223710,1.038086,1.008518,0.992834,0.977221,0.985852,0.987960,0.982487,0.982788,1.028405,1.007221,0.999541,0.986309,1.000770,0.989458,0.986090,1.003956,1.003821,0.998369,1.037771,0.984404,1.005556,1.027703,1.018817,1.009110,1.029629,1.026523,1.011362,1.026978,1.025655,0.980707,0.921800,1.009555,0.997485,1.012066,1.041428,1.042388,1.016286,1.001435,1.042052
3.232040,1.038027,1.008385,0.992712,0.977113,0.985757,0.987866,0.982399,0.982703,1.028368,1.007124,0.999444,0.986211,1.000670,0.989352,0.985980,1.003846,1.003702,0.998248,1.037672,0.984306,1.005456,1.027614,1.018723,1.009001,1.029509,1.026382,1.011232,1.026805,1.025474,0.980532,0.921713,1.009472,0.997410,1.011964,1.041360,1.042301,1.016195,1.001246,1.042048
3.240370,1.037971,1.008256,0.992592,0.977009,0.985667,0.987776,0.982315,0.982621,1.028334,1.007031,0.999352,0.986117,1.000574,0.989250,0.985873,1.003740,1.003587,0.998131,1.037577,0.984210,1.005360,1.027528,1.018633,1.008896,1.029392,1.026242,1.011105,1.026634,1.025296,0.980360,0.921629,1.009396,0.997337,1.011864,1.041295,1.042217,1.016107,1.001059,1.042044
3.248700,1.037916,1.008129,0.992476,0.976908,0.985580,0.987690,0.982234,0.982542,1.028302,1.006942,0.999265,0.986027,1.000483,0.989152,0.985769,1.003636,1.003474,0.998017,1.037483,0.984116,1.005266,1.027444,1.018545,1.008793,1.029277,1.026106,1.010980,1.026466,1.025120,0.980192,0.921548,1.009327,0.997266,1.011766,1.041231,1.042136,1.016021,1.000874,1.042041
3.257030,1.037862,1.008004,0.992361,0.976810,0.985494,0.987605,0.982154,0.982465,1.028270,1.006856,0.999179,0.985940,1.000393,0.989056,0.985666,1.003534,1.003363,0.997904,1.037391,0.984024,1.005173,1.027361,1.018458,1.008692,1.029163,1.025971,1.010856,1.026299,1.024945,0.980024,0.921469,1.009259,0.997195,1.011670,1.041169,1.042055,1.015936,1.000690,1.042038
3.265360,1.037810,1.007882,0.992250,0.976715,0.985413,0.987525,0.982079,0.982391,1.028241,1.006774,0.999097,0.985857,1.000309,0.988964,0.985568,1.003436,1.003256,0.997795,1.037302,0.983934,1.005084,1.027282,1.018375,1.008594,1.029052,1.025839,1.010736,1.026135,1.024773,0.979860,0.921394,1.009198,0.997128,1.011576,1.041109,1.041979,1.015853,1.000509,1.042037
3.273690,1.037759,1.007763,0.992141,0.976623,0.985335,0.987448,0.982007,0.982321,1.028213,1.006697,0.999020,0.985778,1.000228,0.988875,0.985473,1.003340,1.003151,0.997689,1.037215,0.983846,1.004997,1.027205,1.018295,1.008500,1.028944,1.025709,1.010618,1.025974,1.024604,0.979699,0.921323,1.009144,0.997063,1.011484,1.041052,1.041905,1.015772,1.000330,1.042036
3.282020,1.037709,1.007645,0.992035,0.976533,0.985259,0.987373,0.981936,0.982253,1.028187,1.006622,0.998945,0.985701,1.000150,0.988789,0.985379,1.003246,1.003048,0.997585,1.037129,0.983760,1.004913,1.027130,1.018216,1.008406,1.028838,1.025581,1.010503,1.025813,1.024436,0.979540,0.921253,1.009092,0.996999,1.011394,1.040997,1.041832,1.015692,1.000152,1.042036
3.290350,1.037661,1.007530,0.991932,0.976448,0.985187,0.987303,0.981870,0.982189,1.028163,1.006552,0.998875,0.985629,1.000076,0.988707,0.985290,1.003156,1.002949,0.997484,1.037048,0.983677,1.004832,1.027059,1.018142,1.008317,1.028734,1.025457,1.010390,1.025656,1.024271,0.979384,0.921187,1.009046,0.996938,1.011307,1.040944,1.041763,1.015615,0.999978,1.042036
3.298680,1.037614,1.007419,0.991833,0.976366,0.985119,0.987236,0.981807,0.982128,1.028141,1.006486,0.998808,0.985561,1.000007,0.988629,0.985204,1.003069,1.002853,0.997387,1.036969,0.983597,1.004754,1.026991,1.018070,1.008231,1.028633,1.025335,1.010281,1.025502,1.024109,0.979232,0.921124,1.009006,0.996879,1.011222,1.040894,1.041697,1.015540,0.999806,1.042037
3.307010,1.037568,1.007309,0.991735,0.976286,0.985053,0.987171,0.981746,0.982068,1.028120,1.006423,0.998744,0.985495,0.999940,0.988553,0.985119,1.002984,1.002759,0.997291,1.036891,0.983517,1.004678,1.026924,1.017999,1.008146,1.028534,1.025215,1.010173,1.025349,1.023949,0.979081,0.921063,1.008968,0.996821,1.011139,1.040846,1.041633,1.015466,0.999635,1.042039
3.315340,1.037524,1.007203,0.991642,0.976210,0.984991,0.987110,0.981689,0.982013,1.028101,1.006364,0.998685,0.985434,0.999877,0.988482,0.985039,1.002903,1.002669,0.997199,1.036818,0.983442,1.004606,1.026862,1.017933,1.008066,1.028438,1.025098,1.010069,1.025200,1.023792,0.978934,0.921007,1.008937,0.996767,1.011060,1.040801,1.041573,1.015395,0.999467,1.042041
3.323670,1.037482,1.007100,0.991551,0.976138,0.984932,0.987053,0.981635,0.981961,1.028084,1.006310,0.998629,0.985378,0.999819,0.988414,0.984963,1.002825,1.002582,0.997111,1.036747,0.983369,1.004537,1.026802,1.017870,1.007988,1.028345,1.024985,1.009968,1.025054,1.023637,0.978791,0.920953,1.008911,0.996715,1.010982,1.040758,1.041515,1.015326,0.999302,1.042045
3.332000,1.037441,1.006998,0.991463,0.976068,0.984876,0.986998,0.981583,0.981910,1.028068,1.006258,0.998576,0.985323,0.999763,0.988348,0.984888,1.002749,1.002496,0.997024,1.036677,0.983297,1.004469,1.026744,1.017809,1.007913,1.028253,1.024873,1.009869,1.024909,1.023485,0.978650,0.920902,1.008887,0.996664,1.010907,1.040717,1.041459,1.015258,0.999138,1.042048
3.340330,1.037401,1.006900,0.991378,0.976002,0.984823,0.986947,0.981536,0.981864,1.028054,1.006211,0.998527,0.985273,0.999712,0.988287,0.984818,1.002677,1.002415,0.996941,1.036612,0.983229,1.004406,1.026690,1.017752,1.007842,1.028165,1.024765,1.009774,1.024768,1.023335,0.978512,0.920854,1.008870,0.996617,1.010835,1.040680,1.041408,1.015193,0.998978,1.042053
3.348660,1.037363,1.006805,0.991297,0.975939,0.984774,0.986899,0.981491,0.981821,1.028042,1.006167,0.998482,0.985226,0.999664,0.988230,0.984750,1.002608,1.002337,0.996862,1.036550,0.983164,1.004346,1.026639,1.017698,1.007773,1.028080,1.024660,1.009682,1.024630,1.023189,0.978378,0.920810,1.008857,0.996572,1.010766,1.040645,1.041360,1.015131,0.998821,1.042058
3.356990,1.037326,1.006712,0.991218,0.975879,0.984727,0.986853,0.981448,0.981779,1.028031,1.006126,0.998439,0.985182,0.999619,0.988174,0.984685,1.002541,1.002261,0.996784,1.036489,0.983100,1.004288,1.026590,1.017645,1.007707,1.027996,1.024556,1.009591,1.024493,1.023045,0.978246,0.920767,1.008846,0.996529,1.010698,1.040612,1.041313,1.015069,0.998665,1.042064
3.365320,1.037291,1.006622,0.991142,0.975822,0.984684,0.986812,0.981409,0.981741,1.028022,1.006089,0.998401,0.985142,0.999578,0.988123,0.984624,1.002478,1.002189,0.996711,1.036432,0.983041,1.004234,1.026545,1.017598,1.007645,1.027915,1.024457,1.009504,1.024360,1.022904,0.978117,0.920728,1.008840,0.996489,1.010635,1.040583,1.041271,1.015011,0.998513,1.042070
3.373650,1.037257,1.006536,0.991070,0.975769,0.984644,0.986773,0.981373,0.981706,1.028014,1.006056,0.998366,0.985106,0.999540,0.988076,0.984567,1.002418,1.002120,0.996640,1.036378,0.982983,1.004183,1.026503,1.017553,1.007586,1.027837,1.024360,1.009421,1.024230,1.022766,0.977993,0.920692,1.008839,0.996451,1.010574,1.040556,1.041232,1.014955,0.998363,1.042078
3.381980,1.037224,1.006450,0.990999,0.975718,0.984605,0.986736,0.981339,0.981673,1.028008,1.006025,0.998332,0.985071,0.999505,0.988030,0.984511,1.002361,1.002052,0.996571,1.036325,0.982928,1.004134,1.026462,1.017510,1.007528,1.027761,1.024265,1.009339,1.024102,1.022630,0.977869,0.920658,1.008840,0.996414,1.010515,1.040531,1.041195,1.014900,0.998215,1.042085
3.390310,1.037193,1.006369,0.990933,0.975670,0.984571,0.986704,0.981308,0.981643,1.028004,1.005998,0.998303,0.985041,0.999474,0.987988,0.984459,1.002307,1.001989,0.996507,1.036277,0.982876,1.004089,1.026426,1.017471,1.007475,1.027688,1.024173,1.009261,1.023978,1.022497,0.977750,0.920627,1.008845,0.996382,1.010460,1.040509,1.041162,1.014848,0.998070,1.042093
3.398640,1.037163,1.006290,0.990869,0.975626,0.984539,0.986674,0.981280,0.981616,1.028001,1.005974,0.998277,0.985014,0.999445,0.987950,0.984411,1.002256,1.001929,0.996445,1.036231,0.982827,1.004046,1.026393,1.017435,1.007425,1.027618,1.024085,1.009186,1.023856,1.022368,0.977634,0.920599,1.008854,0.996351,1.010407,1.040490,1.041132,1.014798,0.997929,1.042102
3.406970,1.037134,1.006213,0.990807,0.975583,0.984509,0.986645,0.981253,0.981590,1.027999,1.005952,0.998253,0.984988,0.999419,0.987913,0.984364,1.002207,1.001870,0.996385,1.036187,0.982779,1.004006,1.026361,1.017401,1.007377,1.027549,1.023998,1.009112,1.023736,1.022240,0.977520,0.920572,1.008864,0.996322,1.010355,1.040473,1.041104,1.014749,0.997788,1.042111
3.415300,1.037106,1.006139,0.990749,0.975544,0.984483,0.986620,0.981230,0.981568,1.027998,1.005934,0.998232,0.984967,0.999396,0.987880,0.984321,1.002162,1.001815,0.996328,1.036147,0.982736,1.003969,1.026333,1.017371,1.007333,1.027484,1.023915,1.009042,1.023620,1.022115,0.977409,0.920549,1.008878,0.996296,1.010309,1.040459,1.041080,1.014703,0.997652,1.042121
3.423630,1.037081,1.006068,0.990693,0.975508,0.984459,0.986598,0.981209,0.981548,1.028000,1.005918,0.998214,0.984948,0.999377,0.987850,0.984281,1.002120,1.001763,0.996275,1.036110,0.982694,1.003936,1.026308,1.017344,1.007291,1.027421,1.023834,1.008975,1.023506,1.021994,0.977302,0.920528,1.008896,0.996272,1.010264,1.040448,1.041059,1.014660,0.997518,1.042131
3.431960,1.037055,1.005998,0.990639,0.975473,0.984436,0.986577,0.981190,0.981529,1.028001,1.005904,0.998197,0.984930,0.999358,0.987821,0.984242,1.002079,1.001713,0.996223,1.036074,0.982654,1.003903,1.026285,1.017318,1.007251,1.027359,1.023755,1.008909,1.023394,1.021874,0.977196,0.920509,1.008914,0.996250,1.010221,1.040438,1.041040,1.014617,0.997385,1.042142
3.440290,1.037031,1.005931,0.990588,0.975442,0.984417,0.986559,0.981174,0.981514,1.028005,1.005894,0.998184,0.984916,0.999344,0.987796,0.984208,1.002042,1.001666,0.996174,1.036041,0.982618,1.003875,1.026266,1.017297,1.007215,1.027301,1.023680,1.008847,1.023286,1.021758,0.977094,0.920492,1.008935,0.996231,1.010182,1.040431,1.041025,1.014577,0.997256,1.042153
3.448620,1.037009,1.005867,0.990540,0.975412,0.984399,0.986543,0.981159,0.981500,1.028009,1.005885,0.998173,0.984904,0.999331,0.987773,0.984175,1.002007,1.001621,0.996128,1.036011,0.982585,1.003849,1.026248,1.017278,1.007181,1.027244,1.023607,1.008788,1.023180,1.021644,0.976994,0.920477,1.008959,0.996213,1.010145,1.040427,1.041013,1.014539,0.997130,1.042165
3.456950,1.036987,1.005805,0.990494,0.975385,0.984384,0.986529,0.981147,0.981488,1.028015,1.005879,0.998164,0.984894,0.999320,0.987752,0.984145,1.001976,1.001579,0.996085,1.035984,0.982553,1.003826,1.026234,1.017261,1.007150,1.027190,1.023536,1.008731,1.023077,1.021533,0.976898,0.920464,1.008984,0.996198,1.010111,1.040425,1.041003,1.014503,0.997006,1.042177
3.465280,1.036967,1.005744,0.990450,0.975360,0.984370,0.986517,0.981135,0.981477,1.028021,1.005874,0.998156,0.984886,0.999311,0.987734,0.984117,1.001945,1.001539,0.996043,1.035958,0.982524,1.003804,1.026221,1.017247,1.007121,1.027138,1.023467,1.008675,1.022976,1.021423,0.976803,0.920453,1.009010,0.996185,1.010078,1.040425,1.040996,1.014468,0.996883,1.042189
3.473610,1.036947,1.005687,0.990409,0.975338,0.984358,0.986507,0.981127,0.981469,1.028029,1.005872,0.998151,0.984880,0.999305,0.987718,0.984093,1.001919,1.001502,0.996004,1.035936,0.982498,1.003786,1.026212,1.017236,1.007095,1.027088,1.023402,1.008623,1.022878,1.021317,0.976711,0.920444,1.009038,0.996174,1.010050,1.040428,1.040992,1.014435,0.996764,1.042202
3.481940,1.036929,1.005630,0.990368,0.975316,0.984348,0.986498,0.981119,0.981462,1.028036,1.005870,0.998147,0.984875,0.999299,0.987702,0.984069,1.001893,1.001466,0.995967,1.035915,0.982472,1.003769,1.026204,1.017226,1.007071,1.027039,1.023337,1.008572,1.022781,1.021213,0.976620,0.920435,1.009067,0.996164,1.010021,1.040432,1.040989,1.014404,0.996646,1.042215
3.490270,1.036911,1.005576,0.990331,0.975298,0.984340,0.986492,0.981113,0.981456,1.028046,1.005871,0.998145,0.984872,0.999296,0.987690,0.984048,1.001871,1.001434,0.995932,1.035897,0.982450,1.003755,1.026199,1.017220,1.007049,1.026993,1.023275,1.008524,1.022687,1.021111,0.976532,0.920429,1.009097,0.996158,1.009997,1.040439,1.040990,1.014374,0.996532,1.042228
3.498600,1.036894,1.005525,0.990296,0.975280,0.984333,0.986486,0.981109,0.981452,1.028055,1.005872,0.998144,0.984871,0.999294,0.987679,0.984030,1.001850,1.001403,0.995899,1.035881,0.982431,1.003744,1.026197,1.017216,1.007030,1.026948,1.023216,1.008478,1.022596,1.021012,0.976447,0.920424,1.009128,0.996152,1.009975,1.040449,1.040994,1.014347,0.996419,1.042242
3.506930,1.036878,1.005474,0.990261,0.975264,0.984326,0.986482,0.981105,0.981449,1.028065,1.005875,0.998143,0.984870,0.999293,0.987668,0.984012,1.001831,1.001373,0.995868,1.035866,0.982412,1.003733,1.026195,1.017213,1.007012,1.026905,1.023157,1.008432,1.022506,1.020914,0.976363,0.920420,1.009158,0.996148,1.009954,1.040459,1.040998,1.014320,0.996308,1.042256
3.515260,1.036863,1.005425,0.990229,0.975250,0.984322,0.986479,0.981103,0.981447,1.028077,1.005879,0.998145,0.984871,0.999293,0.987661,0.983997,1.001814,1.001346,0.995839,1.035854,0.982396,1.003725,1.026196,1.017213,1.006997,1.026864,1.023101,1.008390,1.022419,1.020819,0.976282,0.920417,1.009190,0.996146,1.009936,1.040471,1.041007,1.014295,0.996200,1.042270
3.523590,1.036849,1.005378,0.990199,0.975237,0.984319,0.986477,0.981102,0.981447,1.028088,1.005884,0.998148,0.984873,0.999295,0.987654,0.983983,1.001800,1.001321,0.995811,1.035845,0.982383,1.003720,1.026200,1.017215,1.006983,1.026824,1.023048,1.008350,1.022334,1.020726,0.976203,0.920415,1.009221,0.996146,1.009921,1.040486,1.041017,1.014271,0.996094,1.042284
3.531920,1.036836,1.005332,0.990169,0.975225,0.984316,0.986475,0.981101,0.981446,1.028100,1.005889,0.998150,0.984875,0.999297,0.987647,0.983971,1.001786,1.001297,0.995785,1.035835,0.982369,1.003714,1.026204,1.017218,1.006971,1.026786,1.022995,1.008310,1.022250,1.020634,0.976124,0.920414,1.009252,0.996147,1.009906,1.040502,1.041028,1.014249,0.995989,1.042298
3.540250,1.036823,1.005288,0.990141,0.975214,0.984315,0.986476,0.981102,0.981448,1.028112,1.005896,0.998155,0.984879,0.999300,0.987643,0.983961,1.001774,1.001275,0.995761,1.035829,0.982360,1.003712,1.026211,1.017224,1.006961,1.026749,1.022944,1.008273,1.022168,1.020545,0.976048,0.920414,1.009284,0.996150,1.009894,1.040520,1.041043,1.014228,0.995887,1.042313
3.548580,1.036811,1.005246,0.990115,0.975205,0.984314,0.986476,0.981103,0.981449,1.028125,1.005903,0.998159,0.984883,0.999304,0.987639,0.983952,1.001765,1.001255,0.995738,1.035824,0.982351,1.003711,1.026220,1.017232,1.006953,1.026714,1.022895,1.008237,1.022089,1.020458,0.975974,0.920414,1.009314,0.996154,1.009884,1.040540,1.041059,1.014209,0.995786,1.042328
3.556910,1.036799,1.005204,0.990089,0.975196,0.984313,0.986477,0.981105,0.981451,1.028137,1.005910,0.998164,0.984887,0.999307,0.987636,0.983943,1.001755,1.001235,0.995715,1.035820,0.982344,1.003711,1.026229,1.017240,1.006945,1.026679,1.022847,1.008202,1.022010,1.020372,0.975900,0.920415,1.009344,0.996159,1.009875,1.040560,1.041076,1.014190,0.995687,1.042343
3.565240,1.036788,1.005164,0.990065,0.975188,0.984314,0.986479,0.981107,0.981454,1.028151,1.005917,0.998169,0.984893,0.999312,0.987634,0.983937,1.001749,1.001217,0.995695,1.035819,0.982339,1.003713,1.026241,1.017251,1.006940,1.026646,1.022801,1.008169,1.021934,1.020288,0.975829,0.920417,1.009373,0.996166,1.009869,1.040582,1.041096,1.014172,0.995590,1.042358
3.573570,1.036778,1.005125,0.990042,0.975181,0.984315,0.986480,0.981110,0.981457,1.028164,1.005925,0.998175,0.984898,0.999317,0.987632,0.983931,1.001743,1.001201,0.995676,1.035818,0.982335,1.003717,1.026254,1.017264,1.006936,1.026615,1.022757,1.008138,1.021860,1.020206,0.975759,0.920419,1.009401,0.996174,1.009864,1.040607,1.041118,1.014156,0.995495,1.042373
3.581900,1.036768,1.005086,0.990019,0.975174,0.984315,0.986482,0.981112,0.981460,1.028177,1.005932,0.998180,0.984903,0.999322,0.987630,0.983926,1.001738,1.001185,0.995657,1.035818,0.982332,1.003721,1.026267,1.017276,1.006932,1.026583,1.022712,1.008107,1.021786,1.020124,0.975689,0.920420,1.009428,0.996183,1.009859,1.040631,1.041140,1.014140,0.995401,1.042388
3.590230,1.036758,1.005049,0.989998,0.975168,0.984317,0.986485,0.981116,0.981464,1.028191,1.005940,0.998186,0.984908,0.999327,0.987630,0.983923,1.001734,1.001170,0.995640,1.035821,0.982331,1.003727,1.026283,1.017291,1.006931,1.026553,1.022670,1.008078,1.021715,1.020045,0.975622,0.920423,1.009454,0.996193,1.009858,1.040657,1.041164,1.014126,0.995308,1.042403
3.598560,1.036749,1.005013,0.989978,0.975162,0.984318,0.986487,0.981119,0.981467,1.028204,1.005947,0.998191,0.984913,0.999332,0.987629,0.983920,1.001732,1.001157,0.995624,1.035824,0.982332,1.003734,1.026300,1.017307,1.006930,1.026524,1.022629,1.008049,1.021645,1.019968,0.975555,0.920425,1.009478,0.996204,1.009857,1.040685,1.041190,1.014112,0.995218,1.042418
3.606890,1.036740,1.004978,0.989957,0.975156,0.984319,0.986489,0.981122,0.981471,1.028217,1.005953,0.998196,0.984918,0.999336,0.987628,0.983917,1.001730,1.001144,0.995608,1.035828,0.982332,1.003741,1.026317,1.017324,1.006930,1.026496,1.022588,1.008021,1.021575,1.019891,0.975489,0.920427,1.009501,0.996216,1.009857,1.040713,1.041217,1.014099,0.995128,1.042433
3.615220,1.036732,1.004943,0.989938,0.975151,0.984321,0.986492,0.981125,0.981475,1.028230,1.005960,0.998201,0.984923,0.999341,0.987628,0.983916,1.001729,1.001132,0.995594,1.035834,0.982335,1.003750,1.026336,1.017342,1.006931,1.026468,1.022549,1.007995,1.021507,1.019816,0.975424,0.920429,1.009522,0.996229,1.009860,1.040742,1.041245,1.014087,0.995040,1.042448
3.623550,1.036724,1.004909,0.989919,0.975146,0.984322,0.986494,0.981128,0.981478,1.028243,1.005966,0.998205,0.984927,0.999345,0.987627,0.983915,1.001729,1.001121,0.995579,1.035840,0.982339,1.003759,1.026356,1.017361,1.006934,1.026442,1.022511,1.007969,1.021441,1.019742,0.975360,0.920431,1.009541,0.996243,1.009863,1.040773,1.041275,1.014076,0.994954,1.042463
3.631880,1.036716,1.004875,0.989900,0.975140,0.984323,0.986495,0.981131,0.981481,1.028256,1.005971,0.998209,0.984930,0.999348,0.987627,0.983914,1.001729,1.001110,0.995565,1.035847,0.982343,1.003769,1.026375,1.017381,1.006936,1.026415,1.022472,1.007944,1.021375,1.019668,0.975296,0.920433,1.009559,0.996257,1.009866,1.040803,1.041305,1.014065,0.994867,1.042478
3.640210,1.036709,1.004843,0.989882,0.975136,0.984324,0.986497,0.981134,0.981484,1.028269,1.005976,0.998213,0.984934,0.999351,0.987626,0.983914,1.001731,1.001100,0.995552,1.035855,0.982349,1.003780,1.026397,1.017402,1.006939,1.026389,1.022436,1.007919,1.021310,1.019597,0.975234,0.920434,1.009575,0.996272,1.009872,1.040835,1.041336,1.014054,0.994783,1.042493
3.648540,1.036702,1.004810,0.989864,0.975130,0.984324,0.986498,0.981135,0.981487,1.028281,1.005979,0.998215,0.984936,0.999353,0.987625,0.983915,1.001732,1.001091,0.995540,1.035864,0.982355,1.003792,1.026419,1.017423,1.006943,1.026364,1.022400,1.007896,1.021247,1.019526,0.975172,0.920435,1.009588,0.996288,1.009878,1.040868,1.041369,1.014045,0.994700,1.042508
3.656870,1.036694,1.004778,0.989846,0.975125,0.984324,0.986498,0.981137,0.981488,1.028293,1.005982,0.998217,0.984937,0.999355,0.987623,0.983914,1.001734,1.001082,0.995527,1.035872,0.982362,1.003803,1.026441,1.017445,1.006947,1.026339,1.022363,1.007872,1.021183,1.019456,0.975110,0.920435,1.009600,0.996304,1.009884,1.040901,1.041401,1.014035,0.994617,1.042523
3.665200,1.036688,1.004746,0.989829,0.975119,0.984324,0.986499,0.981138,0.981490,1.028304,1.005984,0.998219,0.984939,0.999356,0.987622,0.983915,1.001737,1.001073,0.995515,1.035882,0.982370,1.003816,1.026464,1.017467,1.006953,1.026315,1.022328,1.007849,1.021122,1.019387,0.975049,0.920436,1.009610,0.996321,1.009893,1.040934,1.041435,1.014027,0.994536,1.042537
3.673530,1.036681,1.004715,0.989812,0.975113,0.984322,0.986498,0.981139,0.981491,1.028315,1.005985,0.998219,0.984939,0.999356,0.987620,0.983916,1.001740,1.001065,0.995503,1.035893,0.982378,1.003829,1.026487,1.017491,1.006958,1.026291,1.022294,1.007827,1.021061,1.019319,0.974988,0.920435,1.009617,0.996338,1.009901,1.040969,1.041469,1.014018,0.994456,1.042552
3.681860,1.036674,1.004684,0.989794,0.975107,0.984320,0.986497,0.981138,0.981492,1.028326,1.005985,0.998218,0.984938,0.999355,0.987617,0.983916,1.001742,1.001056,0.995491,1.035903,0.982387,1.003842,1.026511,1.017514,1.006963,1.026266,1.022259,1.007804,1.020999,1.019251,0.974928,0.920434,1.009623,0.996355,1.009910,1.041003,1.041504,1.014010,0.994376,1.042566
3.690190,1.036668,1.004653,0.989777,0.975100,0.984319,0.986495,0.981138,0.981492,1.028337,1.005984,0.998217,0.984937,0.999354,0.987614,0.983917,1.001746,1.001049,0.995480,1.035914,0.982397,1.003856,1.026535,1.017538,1.006969,1.026243,1.022226,1.007782,1.020940,1.019184,0.974868,0.920432,1.009627,0.996373,1.009920,1.041038,1.041539,1.014002,0.994297,1.042580
3.698520,1.036662,1.004623,0.989760,0.975093,0.984315,0.986492,0.981137,0.981491,1.028346,1.005982,0.998214,0.984934,0.999351,0.987610,0.983918,1.001750,1.001041,0.995468,1.035926,0.982407,1.003869,1.026560,1.017562,1.006976,1.026219,1.022192,1.007761,1.020881,1.019118,0.974808,0.920430,1.009627,0.996392,1.009931,1.041074,1.041575,1.013995,0.994219,1.042594
3.706850,1.036656,1.004592,0.989742,0.975085,0.984312,0.986489,0.981134,0.981490,1.028355,1.005979,0.998211,0.984931,0.999347,0.987606,0.983919,1.001753,1.001033,0.995457,1.035938,0.982417,1.003883,1.026585,1.017587,1.006982,1.026196,1.022159,1.007739,1.020822,1.019053,0.974748,0.920426,1.009625,0.996410,1.009941,1.041110,1.041611,1.013988,0.994142,1.042608
3.715180,1.036649,1.004561,0.989724,0.975077,0.984307,0.986484,0.981131,0.981487,1.028364,1.005974,0.998207,0.984926,0.999343,0.987601,0.983919,1.001757,1.001025,0.995445,1.035950,0.982427,1.003897,1.026609,1.017611,1.006988,1.026173,1.022126,1.007718,1.020764,1.018987,0.974689,0.920422,1.009622,0.996428,1.009952,1.041145,1.041648,1.013981,0.994065,1.042621
3.723510,1.036643,1.004531,0.989707,0.975069,0.984302,0.986480,0.981128,0.981485,1.028373,1.005969,0.998202,0.984921,0.999338,0.987596,0.983920,1.001761,1.001018,0.995434,1.035962,0.982439,1.003912,1.026635,1.017636,1.006995,1.026149,1.022093,1.007697,1.020706,1.018923,0.974629,0.920418,1.009617,0.996447,1.009964,1.041182,1.041684,1.013974,0.993989,1.042635
3.731840,1.036638,1.004501,0.989689,0.975060,0.984296,0.986474,0.981124,0.981481,1.028380,1.005963,0.998195,0.984915,0.999331,0.987589,0.983920,1.001765,1.001011,0.995422,1.035975,0.982450,1.003926,1.026661,1.017662,1.007002,1.026127,1.022061,1.007676,1.020649,1.018860,0.974570,0.920413,1.009609,0.996466,1.009977,1.041218,1.041722,1.013968,0.993914,1.042648
3.740170,1.036632,1.004471,0.989671,0.975050,0.984290,0.986468,0.981119,0.981477,1.028388,1.005955,0.998188,0.984907,0.999324,0.987582,0.983920,1.001769,1.001004,0.995411,1.035988,0.982462,1.003941,1.026686,1.017687,1.007009,1.026103,1.022028,1.007655,1.020592,1.018796,0.974511,0.920407,1.009599,0.996485,1.009989,1.041255,1.041759,1.013961,0.993840,1.042661
3.748500,1.036626,1.004441,0.989653,0.975039,0.984282,0.986460,0.981113,0.981472,1.028394,1.005946,0.998180,0.984899,0.999315,0.987574,0.983919,1.001772,1.000996,0.995399,1.036000,0.982474,1.003955,1.026711,1.017712,1.007015,1.026080,1.021996,1.007634,1.020536,1.018733,0.974452,0.920400,1.009587,0.996504,1.010001,1.041292,1.041796,1.013955,0.993765,1.042674
3.756830,1.036620,1.004411,0.989635,0.975029,0.984275,0.986453,0.981107,0.981467,1.028401,1.005937,0.998171,0.984890,0.999306,0.987567,0.983920,1.001777,1.000989,0.995388,1.036013,0.982486,1.003970,1.026737,1.017738,1.007022,1.026057,1.021964,1.007614,1.020480,1.018671,0.974393,0.920393,1.009574,0.996524,1.010015,1.041329,1.041833,1.013949,0.993692,1.042687
3.765160,1.036614,1.004381,0.989616,0.975018,0.984266,0.986444,0.981100,0.981460,1.028406,1.005926,0.998161,0.984880,0.999296,0.987558,0.983919,1.001781,1.000981,0.995376,1.036027,0.982499,1.003985,1.026763,1.017763,1.007029,1.026034,1.021933,1.007593,1.020425,1.018609,0.974334,0.920384,1.009557,0.996543,1.010028,1.041366,1.041871,1.013943,0.993619,1.042699
3.773490,1.036609,1.004351,0.989598,0.975006,0.984256,0.986434,0.981092,0.981453,1.028411,1.005914,0.998150,0.984869,0.999285,0.987549,0.983919,1.001785,1.000974,0.995364,1.036040,0.982511,1.003999,1.026789,1.017789,1.007036,1.026011,1.021901,1.007573,1.020369,1.018547,0.974275,0.920376,1.009540,0.996563,1.010042,1.041403,1.041908,1.013937,0.993547,1.042711
3.781820,1.036603,1.004321,0.989578,0.974993,0.984246,0.986424,0.981083,0.981445,1.028416,1.005901,0.998138,0.984857,0.999273,0.987538,0.983917,1.001788,1.000966,0.995352,1.036053,0.982524,1.004014,1.026815,1.017814,1.007043,1.025988,1.021869,1.007552,1.020314,1.018486,0.974216,0.920366,1.009521,0.996582,1.010055,1.041440,1.041946,1.013931,0.993474,1.042723
3.790150,1.036597,1.004291,0.989560,0.974981,0.984236,0.986414,0.981075,0.981438,1.028420,1.005888,0.998126,0.984845,0.999261,0.987528,0.983917,1.001792,1.000959,0.995340,1.036067,0.982537,1.004029,1.026841,1.017840,1.007050,1.025965,1.021838,1.007532,1.020260,1.018425,0.974157,0.920356,1.009500,0.996601,1.010069,1.041477,1.041983,1.013925,0.993403,1.042735
3.798480,1.036592,1.004262,0.989541,0.974968,0.984224,0.986402,0.981065,0.981429,1.028424,1.005874,0.998112,0.984831,0.999247,0.987517,0.983916,1.001797,1.000951,0.995329,1.036080,0.982550,1.004044,1.026868,1.017866,1.007057,1.025943,1.021806,1.007512,1.020206,1.018365,0.974099,0.920346,1.009477,0.996621,1.010084,1.041515,1.042021,1.013920,0.993332,1.042747
3.806810,1.036587,1.004232,0.989522,0.974954,0.984213,0.986390,0.981055,0.981419,1.028427,1.005859,0.998098,0.984817,0.999233,0.987506,0.983914,1.001801,1.000944,0.995317,1.036094,0.982563,1.004058,1.026894,1.017892,1.007064,1.025920,1.021775,1.007491,1.020152,1.018305,0.974040,0.920334,1.009453,0.996641,1.010098,1.041552,1.042059,1.013915,0.993262,1.042758
3.815140,1.036581,1.004202,0.989502,0.974940,0.984200,0.986377,0.981043,0.981409,1.028430,1.005842,0.998083,0.984802,0.999218,0.987493,0.983913,1.001804,1.000936,0.995304,1.036107,0.982576,1.004073,1.026920,1.017918,1.007071,1.025896,1.021744,1.007471,1.020098,1.018245,0.973981,0.920322,1.009428,0.996660,1.010112,1.041590,1.042096,1.013909,0.993191,1.042770
3.823470,1.036576,1.004173,0.989483,0.974926,0.984188,0.986365,0.981033,0.981399,1.028433,1.005826,0.998068,0.984787,0.999203,0.987482,0.983912,1.001808,1.000929,0.995293,1.036121,0.982590,1.004088,1.026947,1.017944,1.007078,1.025874,1.021713,1.007451,1.020045,1.018186,0.973923,0.920311,1.009402,0.996680,1.010127,1.041628,1.042134,1.013904,0.993122,1.042781
3.831800,1.036571,1.004143,0.989464,0.974912,0.984174,0.986351,0.981021,0.981388,1.028435,1.005809,0.998052,0.984771,0.999187,0.987469,0.983911,1.001813,1.000922,0.995281,1.036135,0.982604,1.004104,1.026973,1.017970,1.007086,1.025851,1.021683,1.007431,1.019993,1.018127,0.973864,0.920298,1.009375,0.996700,1.010142,1.041666,1.042172,1.013900,0.993053,1.042792
3.840130,1.036566,1.004114,0.989445,0.974897,0.984161,0.986338,0.981009,0.981377,1.028436,1.005792,0.998036,0.984755,0.999171,0.987456,0.983909,1.001817,1.000915,0.995269,1.036149,0.982618,1.004119,1.027000,1.017997,1.007093,1.025829,1.021652,1.007412,1.019940,1.018069,0.973806,0.920285,1.009346,0.996719,1.010156,1.041704,1.042209,1.013895,0.992984,1.042803
3.848460,1.036561,1.004085,0.989425,0.974881,0.984147,0.986323,0.980996,0.981364,1.028437,1.005773,0.998019,0.984738,0.999154,0.987443,0.983907,1.001821,1.000907,0.995257,1.036163,0.982631,1.004134,1.027026,1.018023,1.007100,1.025806,1.021622,1.007392,1.019888,1.018011,0.973748,0.920271,1.009317,0.996739,1.010171,1.041741,1.042247,1.013890,0.992916,1.042813
3.856790,1.036557,1.004056,0.989406,0.974867,0.984133,0.986309,0.980984,0.981353,1.028439,1.005755,0.998003,0.984722,0.999138,0.987430,0.983907,1.001826,1.000901,0.995246,1.036178,0.982646,1.004150,1.027054,1.018049,1.007108,1.025784,1.021592,1.007373,1.019837,1.017953,0.973690,0.920259,1.009287,0.996760,1.010187,1.041780,1.042284,1.013886,0.992848,1.042824
3.865120,1.036552,1.004028,0.989387,0.974852,0.984119,0.986295,0.980971,0.981341,1.028439,1.005737,0.997986,0.984705,0.999121,0.987417,0.983906,1.001831,1.000895,0.995235,1.036193,0.982661,1.004166,1.027081,1.018076,1.007117,1.025762,1.021563,1.007354,1.019786,1.017897,0.973633,0.920245,1.009257,0.996780,1.010202,1.041819,1.042322,1.013882,0.992781,1.042834
3.873450,1.036548,1.004000,0.989369,0.974837,0.984105,0.986280,0.980958,0.981329,1.028440,1.005718,0.997968,0.984687,0.999104,0.987404,0.983905,1.001836,1.000888,0.995224,1.036208,0.982675,1.004183,1.027109,1.018103,1.007125,1.025740,1.021533,1.007335,1.019735,1.017840,0.973575,0.920231,1.009226,0.996800,1.010218,1.041857,1.042360,1.013879,0.992715,1.042845
3.881780,1.036544,1.003972,0.989350,0.974821,0.984090,0.986265,0.980945,0.981316,1.028440,1.005699,0.997951,0.984670,0.999086,0.987390,0.983904,1.001841,1.000882,0.995213,1.036223,0.982690,1.004199,1.027136,1.018130,1.007133,1.025718,1.021504,1.007316,1.019684,1.017784,0.973518,0.920217,1.009195,0.996821,1.010234,1.041896,1.042398,1.013875,0.992649,1.042855
3.890110,1.036540,1.003945,0.989332,0.974807,0.984076,0.986251,0.980932,0.981305,1.028441,1.005681,0.997934,0.984653,0.999069,0.987378,0.983904,1.001847,1.000877,0.995203,1.036239,0.982706,1.004216,1.027165,1.018158,1.007143,1.025697,1.021476,1.007299,1.019635,1.017729,0.973462,0.920204,1.009164,0.996842,1.010250,1.041935,1.042436,1.013872,0.992584,1.042865
3.898440,1.036537,1.003918,0.989314,0.974792,0.984062,0.986237,0.980919,0.981292,1.028441,1.005662,0.997917,0.984636,0.999053,0.987365,0.983905,1.001854,1.000872,0.995193,1.036255,0.982721,1.004234,1.027194,1.018187,1.007152,1.025676,1.021448,1.007282,1.019587,1.017674,0.973406,0.920191,1.009133,0.996863,1.010267,1.041975,1.042475,1.013870,0.992519,1.042875
3.906770,1.036534,1.003892,0.989297,0.974778,0.984048,0.986222,0.980907,0.981280,1.028440,1.005644,0.997900,0.984620,0.999036,0.987353,0.983905,1.001861,1.000867,0.995184,1.036272,0.982737,1.004252,1.027223,1.018215,1.007162,1.025656,1.021421,1.007265,1.019538,1.017620,0.973350,0.920178,1.009102,0.996885,1.010284,1.042015,1.042513,1.013867,0.992455,1.042884
3.915100,1.036531,1.003866,0.989280,0.974763,0.984034,0.986208,0.980893,0.981268,1.028440,1.005625,0.997883,0.984603,0.999019,0.987340,0.983906,1.001867,1.000863,0.995174,1.036288,0.982753,1.004269,1.027252,1.018243,1.007172,1.025635,1.021393,1.007248,1.019490,1.017566,0.973295,0.920164,1.009071,0.996906,1.010301,1.042055,1.042552,1.013865,0.992392,1.042894
3.923430,1.036528,1.003841,0.989264,0.974750,0.984022,0.986195,0.980882,0.981257,1.028440,1.005608,0.997868,0.984587,0.999004,0.987329,0.983908,1.001876,1.000860,0.995167,1.036306,0.982771,1.004289,1.027282,1.018273,1.007184,1.025616,1.021367,1.007232,1.019443,1.017514,0.973240,0.920152,1.009042,0.996929,1.010319,1.042097,1.042591,1.013864,0.992329,1.042904
3.931760,1.036526,1.003817,0.989249,0.974737,0.984009,0.986182,0.980870,0.981246,1.028440,1.005592,0.997852,0.984572,0.998989,0.987319,0.983911,1.001885,1.000857,0.995159,1.036325,0.982789,1.004309,1.027313,1.018304,1.007196,1.025597,1.021342,1.007217,1.019397,1.017462,0.973187,0.920140,1.009012,0.996952,1.010337,1.042138,1.042631,1.013863,0.992268,1.042913
3.940090,1.036524,1.003793,0.989234,0.974725,0.983997,0.986170,0.980859,0.981235,1.028440,1.005575,0.997838,0.984558,0.998975,0.987309,0.983914,1.001894,1.000855,0.995153,1.036343,0.982807,1.004329,1.027345,1.018334,1.007208,1.025579,1.021317,1.007203,1.019352,1.017411,0.973133,0.920128,1.008984,0.996975,1.010356,1.042180,1.042671,1.013863,0.992207,1.042923
3.948420,1.036523,1.003769,0.989219,0.974713,0.983985,0.986157,0.980848,0.981224,1.028440,1.005559,0.997823,0.984543,0.998960,0.987299,0.983917,1.001903,1.000854,0.995146,1.036362,0.982825,1.004350,1.027376,1.018365,1.007221,1.025561,1.021293,1.007189,1.019307,1.017361,0.973081,0.920117,1.008956,0.996998,1.010374,1.042222,1.042711,1.013863,0.992147,1.042932
3.956750,1.036522,1.003747,0.989206,0.974702,0.983974,0.986147,0.980838,0.981215,1.028441,1.005545,0.997810,0.984530,0.998948,0.987291,0.983923,1.001915,1.000854,0.995141,1.036383,0.982845,1.004372,1.027409,1.018398,1.007235,1.025544,1.021270,1.007176,1.019263,1.017311,0.973029,0.920107,1.008929,0.997023,1.010395,1.042266,1.042752,1.013864,0.992088,1.042942
3.965080,1.036521,1.003726,0.989194,0.974692,0.983964,0.986136,0.980829,0.981207,1.028441,1.005532,0.997798,0.984519,0.998936,0.987283,0.983929,1.001927,1.000855,0.995137,1.036404,0.982865,1.004396,1.027443,1.018431,1.007251,1.025528,1.021248,1.007165,1.019221,1.017263,0.972978,0.920097,1.008904,0.997048,1.010415,1.042310,1.042794,1.013866,0.992030,1.042951
3.973410,1.036521,1.003706,0.989183,0.974683,0.983955,0.986127,0.980820,0.981199,1.028442,1.005519,0.997786,0.984508,0.998926,0.987277,0.983936,1.001940,1.000856,0.995134,1.036426,0.982885,1.004420,1.027478,1.018465,1.007267,1.025513,1.021226,1.007154,1.019179,1.017216,0.972929,0.920088,1.008880,0.997074,1.010436,1.042355,1.042836,1.013869,0.991973,1.042961
3.981740,1.036522,1.003686,0.989172,0.974674,0.983946,0.986118,0.980812,0.981190,1.028443,1.005507,0.997775,0.984497,0.998915,0.987271,0.983943,1.001953,1.000858,0.995131,1.036448,0.982906,1.004444,1.027513,1.018499,1.007283,1.025497,1.021205,1.007143,1.019138,1.017169,0.972879,0.920080,1.008857,0.997100,1.010458,1.042400,1.042878,1.013872,0.991916,1.042970
3.990070,1.036523,1.003668,0.989163,0.974668,0.983940,0.986111,0.980806,0.981185,1.028444,1.005497,0.997767,0.984488,0.998907,0.987267,0.983953,1.001969,1.000862,0.995130,1.036472,0.982929,1.004470,1.027550,1.018535,1.007302,1.025484,1.021186,1.007135,1.019099,1.017124,0.972831,0.920073,1.008836,0.997128,1.010481,1.042446,1.042922,1.013876,0.991861,1.042980
3.998400,1.036524,1.003651,0.989155,0.974662,0.983934,0.986105,0.980800,0.981179,1.028446,1.005489,0.997759,0.984481,0.998900,0.987264,0.983963,1.001985,1.000867,0.995131,1.036497,0.982953,1.004498,1.027588,1.018572,1.007321,1.025471,1.021168,1.007127,1.019060,1.017081,0.972785,0.920068,1.008817,0.997156,1.010504,1.042494,1.042966,1.013881,0.991808,1.042989
4.006730,1.036527,1.003635,0.989148,0.974657,0.983929,0.986100,0.980796,0.981175,1.028448,1.005482,0.997753,0.984475,0.998895,0.987263,0.983975,1.002003,1.000874,0.995132,1.036523,0.982977,1.004526,1.027626,1.018610,1.007342,1.025460,1.021151,1.007121,1.019023,1.017038,0.972739,0.920063,1.008800,0.997185,1.010529,1.042542,1.043011,1.013887,0.991755,1.042999
4.015060,1.036529,1.003619,0.989142,0.974653,0.983924,0.986095,0.980791,0.981171,1.028450,1.005475,0.997747,0.984470,0.998890,0.987262,0.983987,1.002021,1.000880,0.995134,1.036549,0.983002,1.004555,1.027666,1.018648,1.007363,1.025448,1.021134,1.007114,1.018986,1.016996,0.972694,0.920059,1.008783,0.997214,1.010553,1.042591,1.043057,1.013893,0.991703,1.043008
4.023390,1.036532,1.003606,0.989138,0.974652,0.983923,0.986093,0.980790,0.981169,1.028453,1.005471,0.997744,0.984467,0.998888,0.987264,0.984002,1.002042,1.000890,0.995138,1.036578,0.983029,1.004586,1.027707,1.018689,1.007386,1.025439,1.021119,1.007111,1.018952,1.016955,0.972651,0.920057,1.008770,0.997245,1.010580,1.042641,1.043104,1.013901,0.991652,1.043018
4.031720,1.036536,1.003593,0.989135,0.974651,0.983922,0.986092,0.980789,0.981168,1.028457,1.005469,0.997742,0.984466,0.998887,0.987267,0.984018,1.002063,1.000900,0.995144,1.036608,0.983056,1.004619,1.027750,1.018730,1.007411,1.025431,1.021106,1.007108,1.018919,1.016917,0.972610,0.920056,1.008759,0.997277,1.010608,1.042693,1.043152,1.013910,0.991604,1.043027
4.040050,1.036541,1.003582,0.989133,0.974651,0.983921,0.986092,0.980788,0.981168,1.028461,1.005467,0.997741,0.984465,0.998887,0.987270,0.984035,1.002086,1.000911,0.995150,1.036638,0.983084,1.004652,1.027793,1.018772,1.007436,1.025423,1.021093,1.007106,1.018886,1.016879,0.972568,0.920056,1.008749,0.997310,1.010635,1.042745,1.043200,1.013919,0.991555,1.043037
4.048380,1.036546,1.003572,0.989134,0.974654,0.983924,0.986094,0.980791,0.981170,1.028465,1.005469,0.997743,0.984468,0.998890,0.987277,0.984055,1.002111,1.000924,0.995159,1.036670,0.983114,1.004687,1.027838,1.018817,1.007464,1.025417,1.021083,1.007107,1.018855,1.016843,0.972529,0.920058,1.008743,0.997344,1.010665,1.042799,1.043251,1.013930,0.991509,1.043047
4.056710,1.036552,1.003564,0.989135,0.974658,0.983928,0.986098,0.980794,0.981173,1.028471,1.005472,0.997747,0.984472,0.998895,0.987285,0.984075,1.002137,1.000939,0.995169,1.036704,0.983146,1.004724,1.027885,1.018863,1.007493,1.025412,1.021074,1.007109,1.018826,1.016808,0.972492,0.920061,1.008739,0.997379,1.010696,1.042854,1.043302,1.013942,0.991464,1.043056
4.065040,1.036558,1.003556,0.989138,0.974663,0.983932,0.986102,0.980798,0.981177,1.028476,1.005476,0.997751,0.984477,0.998900,0.987294,0.984097,1.002164,1.000955,0.995179,1.036738,0.983177,1.004761,1.027932,1.018909,1.007523,1.025408,1.021066,1.007111,1.018798,1.016774,0.972455,0.920065,1.008736,0.997415,1.010727,1.042910,1.043354,1.013954,0.991420,1.043066
4.073370,1.036565,1.003551,0.989143,0.974671,0.983939,0.986110,0.980805,0.981184,1.028483,1.005483,0.997758,0.984485,0.998909,0.987306,0.984122,1.002194,1.000973,0.995193,1.036775,0.983211,1.004802,1.027982,1.018958,1.007556,1.025406,1.021060,1.007116,1.018772,1.016743,0.972420,0.920072,1.008737,0.997453,1.010761,1.042968,1.043408,1.013969,0.991378,1.043076
4.081700,1.036574,1.003548,0.989150,0.974680,0.983948,0.986118,0.980813,0.981191,1.028490,1.005492,0.997767,0.984495,0.998919,0.987320,0.984148,1.002225,1.000993,0.995208,1.036813,0.983247,1.004844,1.028033,1.019009,1.007590,1.025406,1.021055,1.007122,1.018748,1.016713,0.972387,0.920080,1.008740,0.997492,1.010796,1.043027,1.043463,1.013984,0.991338,1.043086
4.090030,1.036582,1.003545,0.989157,0.974690,0.983958,0.986128,0.980821,0.981200,1.028497,1.005502,0.997777,0.984506,0.998931,0.987335,0.984175,1.002257,1.001013,0.995224,1.036852,0.983282,1.004886,1.028085,1.019060,1.007625,1.025406,1.021051,1.007130,1.018724,1.016684,0.972355,0.920089,1.008745,0.997532,1.010831,1.043087,1.043519,1.014000,0.991298,1.043096
4.098360,1.036591,1.003544,0.989167,0.974704,0.983970,0.986140,0.980833,0.981211,1.028506,1.005516,0.997791,0.984520,0.998945,0.987353,0.984205,1.002292,1.001037,0.995242,1.036894,0.983321,1.004931,1.028140,1.019113,1.007663,1.025408,1.021050,1.007140,1.018703,1.016657,0.972325,0.920101,1.008754,0.997574,1.010868,1.043149,1.043577,1.014018,0.991261,1.043107
4.106690,1.036602,1.003545,0.989180,0.974719,0.983984,0.986155,0.980846,0.981224,1.028515,1.005532,0.997806,0.984536,0.998962,0.987372,0.984237,1.002329,1.001062,0.995263,1.036937,0.983360,1.004978,1.028196,1.019169,1.007702,1.025412,1.021051,1.007151,1.018684,1.016633,0.972297,0.920114,1.008765,0.997617,1.010907,1.043212,1.043637,1.014037,0.991225,1.043117
4.115020,1.036612,1.003547,0.989192,0.974734,0.983999,0.986170,0.980860,0.981237,1.028525,1.005548,0.997822,0.984553,0.998980,0.987393,0.984270,1.002367,1.001088,0.995284,1.036980,0.983400,1.005026,1.028253,1.019225,1.007742,1.025416,1.021052,1.007163,1.018665,1.016608,0.972269,0.920128,1.008778,0.997661,1.010946,1.043276,1.043696,1.014057,0.991190,1.043127
4.123350,1.036624,1.003551,0.989208,0.974753,0.984017,0.986188,0.980877,0.981253,1.028536,1.005569,0.997842,0.984573,0.999002,0.987417,0.984306,1.002407,1.001117,0.995308,1.037027,0.983444,1.005077,1.028313,1.019284,1.007786,1.025423,1.021056,1.007179,1.018649,1.016587,0.972244,0.920145,1.008795,0.997707,1.010989,1.043343,1.043759,1.014079,0.991158,1.043138
4.131680,1.036637,1.003557,0.989226,0.974774,0.984037,0.986208,0.980895,0.981271,1.028547,1.005591,0.997864,0.984596,0.999025,0.987443,0.984344,1.002450,1.001148,0.995334,1.037075,0.983488,1.005129,1.028374,1.019344,1.007831,1.025431,1.021061,1.007196,1.018635,1.016567,0.972221,0.920164,1.008815,0.997754,1.011032,1.043411,1.043823,1.014102,0.991127,1.043149
4.140010,1.036650,1.003564,0.989244,0.974796,0.984058,0.986229,0.980914,0.981289,1.028559,1.005615,0.997886,0.984620,0.999049,0.987470,0.984382,1.002493,1.001179,0.995361,1.037124,0.983533,1.005183,1.028437,1.019406,1.007877,1.025440,1.021068,1.007213,1.018621,1.016549,0.972199,0.920183,1.008836,0.997802,1.011076,1.043480,1.043887,1.014126,0.991097,1.043159
4.148340,1.036664,1.003573,0.989265,0.974821,0.984081,0.986253,0.980937,0.981311,1.028572,1.005642,0.997913,0.984647,0.999078,0.987501,0.984424,1.002540,1.001214,0.995391,1.037176,0.983581,1.005239,1.028502,1.019470,1.007926,1.025451,1.021077,1.007234,1.018611,1.016533,0.972179,0.920206,1.008861,0.997853,1.011123,1.043551,1.043955,1.014152,0.991070,1.043170
4.156670,1.036678,1.003584,0.989289,0.974847,0.984107,0.986279,0.980961,0.981333,1.028586,1.005671,0.997941,0.984676,0.999108,0.987533,0.984468,1.002588,1.001251,0.995423,1.037230,0.983630,1.005297,1.028569,1.019536,1.007977,1.025465,1.021088,1.007257,1.018602,1.016519,0.972161,0.920230,1.008889,0.997905,1.011171,1.043624,1.044023,1.014179,0.991044,1.043181
4.165000,1.036694,1.003596,0.989313,0.974875,0.984133,0.986305,0.980985,0.981357,1.028601,1.005701,0.997970,0.984706,0.999139,0.987567,0.984513,1.002637,1.001288,0.995455,1.037284,0.983680,1.005356,1.028636,1.019603,1.008029,1.025478,1.021100,1.007280,1.018594,1.016505,0.972144,0.920255,1.008919,0.997958,1.011220,1.043698,1.044093,1.014207,0.991020,1.043192
4.173330,1.036710,1.003611,0.989340,0.974906,0.984163,0.986335,0.981013,0.981384,1.028616,1.005735,0.998003,0.984740,0.999174,0.987604,0.984561,1.002689,1.001329,0.995491,1.037341,0.983733,1.005418,1.028707,1.019673,1.008084,1.025494,1.021114,1.007306,1.018590,1.016495,0.972129,0.920283,1.008952,0.998013,1.011272,1.043774,1.044165,1.014237,0.990998,1.043203
4.181660,1.036727,1.003627,0.989369,0.974939,0.984194,0.986367,0.981042,0.981412,1.028633,1.005771,0.998037,0.984776,0.999211,0.987643,0.984612,1.002744,1.001371,0.995528,1.037400,0.983787,1.005482,1.028780,1.019745,1.008141,1.025512,1.021131,1.007334,1.018586,1.016486,0.972117,0.920313,1.008988,0.998070,1.011325,1.043852,1.044238,1.014268,0.990978,1.043215
4.189990,1.036744,1.003644,0.989398,0.974972,0.984227,0.986400,0.981072,0.981441,1.028649,1.005808,0.998073,0.984813,0.999248,0.987683,0.984663,1.002799,1.001414,0.995567,1.037460,0.983842,1.005547,1.028853,1.019817,1.008199,1.025531,1.021148,1.007363,1.018584,1.016478,0.972105,0.920343,1.009025,0.998127,1.011378,1.043931,1.044313,1.014300,0.990958,1.043226
4.198320,1.036762,1.003663,0.989430,0.975008,0.984261,0.986435,0.981105,0.981472,1.028667,1.005848,0.998111,0.984852,0.999289,0.987725,0.984716,1.002856,1.001460,0.995607,1.037522,0.983900,1.005614,1.028929,1.019892,1.008259,1.025551,1.021167,1.007394,1.018584,1.016473,0.972095,0.920376,1.009065,0.998187,1.011435,1.044011,1.044389,1.014334,0.990941,1.043238
4.206650,1.036782,1.003684,0.989465,0.975047,0.984298,0.986472,0.981140,0.981506,1.028686,1.005891,0.998152,0.984894,0.999332,0.987770,0.984773,1.002917,1.001508,0.995651,1.037587,0.983960,1.005684,1.029007,1.019970,1.008322,1.025574,1.021189,1.007428,1.018587,1.016470,0.972088,0.920411,1.009109,0.998248,1.011493,1.044094,1.044468,1.014369,0.990926,1.043249
4.214980,1.036801,1.003706,0.989501,0.975087,0.984336,0.986511,0.981175,0.981540,1.028705,1.005934,0.998194,0.984938,0.999377,0.987817,0.984830,1.002978,1.001557,0.995695,1.037653,0.984020,1.005755,1.029086,1.020048,1.008386,1.025597,1.021212,1.007463,1.018590,1.016468,0.972082,0.920447,1.009154,0.998311,1.011552,1.044178,1.044548,1.014405,0.990913,1.043261
4.223310,1.036822,1.003731,0.989539,0.975130,0.984377,0.986552,0.981214,0.981577,1.028725,1.005981,0.998239,0.984984,0.999425,0.987866,0.984891,1.003042,1.001609,0.995742,1.037721,0.984083,1.005829,1.029168,1.020129,1.008453,1.025623,1.021238,1.007500,1.018596,1.016469,0.972078,0.920485,1.009202,0.998375,1.011614,1.044264,1.044630,1.014443,0.990901,1.043273
4.231640,1.036843,1.003757,0.989579,0.975174,0.984419,0.986595,0.981253,0.981615,1.028746,1.006030,0.998286,0.985032,0.999474,0.987917,0.984952,1.003108,1.001663,0.995791,1.037791,0.984148,1.005904,1.029251,1.020211,1.008521,1.025650,1.021265,1.007539,1.018604,1.016471,0.972075,0.920525,1.009253,0.998441,1.011677,1.044352,1.044713,1.014483,0.990892,1.043284
4.239970,1.036865,1.003784,0.989620,0.975220,0.984463,0.986639,0.981294,0.981655,1.028767,1.006080,0.998334,0.985081,0.999524,0.987970,0.985016,1.003175,1.001718,0.995841,1.037862,0.984213,1.005980,1.029336,1.020295,1.008591,1.025678,1.021293,1.007579,1.018613,1.016475,0.972074,0.920566,1.009305,0.998508,1.011741,1.044441,1.044798,1.014523,0.990883,1.043296
4.248300,1.036887,1.003813,0.989664,0.975268,0.984509,0.986685,0.981337,0.981696,1.028790,1.006132,0.998385,0.985133,0.999578,0.988025,0.985082,1.003244,1.001775,0.995893,1.037936,0.984282,1.006059,1.029423,1.020382,1.008663,1.025708,1.021324,1.007622,1.018625,1.016481,0.972075,0.920610,1.009360,0.998577,1.011808,1.044532,1.044885,1.014565,0.990877,1.043308
4.256630,1.036910,1.003844,0.989709,0.975317,0.984556,0.986733,0.981382,0.981739,1.028812,1.006187,0.998437,0.985187,0.999633,0.988081,0.985150,1.003316,1.001834,0.995947,1.038011,0.984351,1.006140,1.029511,1.020470,1.008737,1.025740,1.021356,1.007666,1.018638,1.016489,0.972078,0.920655,1.009416,0.998648,1.011876,1.044624,1.044974,1.014608,0.990873,1.043320
4.264960,1.036934,1.003876,0.989755,0.975368,0.984605,0.986782,0.981427,0.981783,1.028836,1.006243,0.998491,0.985242,0.999690,0.988140,0.985219,1.003388,1.001895,0.996003,1.038087,0.984422,1.006222,1.029601,1.020559,1.008812,1.025773,1.021389,1.007711,1.018653,1.016498,0.972082,0.920700,1.009475,0.998720,1.011946,1.044718,1.045063,1.014653,0.990870,1.043332
4.273290,1.036958,1.003910,0.989804,0.975422,0.984656,0.986834,0.981475,0.981829,1.028860,1.006301,0.998547,0.985300,0.999748,0.988200,0.985291,1.003464,1.001958,0.996060,1.038166,0.984495,1.006307,1.029694,1.020651,1.008890,1.025807,1.021425,1.007759,1.018670,1.016510,0.972088,0.920749,1.009535,0.998793,1.012018,1.044813,1.045155,1.014699,0.990869,1.043344
4.281620,1.036983,1.003944,0.989854,0.975476,0.984708,0.986886,0.981523,0.981876,1.028885,1.006360,0.998603,0.985358,0.999808,0.988262,0.985363,1.003540,1.002021,0.996119,1.038246,0.984569,1.006392,1.029787,1.020743,1.008969,1.025843,1.021462,1.007808,1.018688,1.016522,0.972095,0.920797,1.009597,0.998868,1.012090,1.044910,1.045248,1.014745,0.990869,1.043356
4.289950,1.037009,1.003981,0.989906,0.975533,0.984761,0.986940,0.981574,0.981925,1.028910,1.006422,0.998663,0.985419,0.999871,0.988326,0.985438,1.003618,1.002088,0.996180,1.038328,0.984646,1.006480,1.029882,1.020838,1.009050,1.025880,1.021501,1.007859,1.018708,1.016537,0.972104,0.920848,1.009661,0.998944,1.012165,1.045009,1.045343,1.014794,0.990872,1.043368
4.298280,1.037035,1.004019,0.989958,0.975590,0.984816,0.986995,0.981625,0.981974,1.028936,1.006484,0.998723,0.985480,0.999934,0.988390,0.985514,1.003698,1.002155,0.996242,1.038411,0.984723,1.006568,1.029979,1.020934,1.009132,1.025918,1.021541,1.007911,1.018730,1.016553,0.972114,0.920900,1.009726,0.999022,1.012241,1.045108,1.045439,1.014843,0.990875,1.043380
4.306610,1.037061,1.004058,0.990013,0.975650,0.984873,0.987052,0.981678,0.982026,1.028963,1.006548,0.998785,0.985544,0.999999,0.988457,0.985593,1.003779,1.002224,0.996306,1.038496,0.984802,1.006659,1.030077,1.021032,1.009217,1.025958,1.021583,1.007965,1.018754,1.016572,0.972126,0.920953,1.009793,0.999101,1.012319,1.045210,1.045537,1.014893,0.990881,1.043392
4.314940,1.037088,1.004098,0.990069,0.975710,0.984930,0.987110,0.981732,0.982077,1.028989,1.006613,0.998847,0.985608,1.000065,0.988525,0.985672,1.003862,1.002294,0.996371,1.038582,0.984882,1.006751,1.030177,1.021131,1.009302,1.025999,1.021626,1.008020,1.018778,1.016591,0.972139,0.921007,1.009860,0.999181,1.012398,1.045312,1.045635,1.014944,0.990888,1.043404
4.323270,1.037115,1.004140,0.990126,0.975772,0.984989,0.987170,0.981787,0.982131,1.029017,1.006681,0.998912,0.985675,1.000133,0.988595,0.985753,1.003947,1.002366,0.996438,1.038671,0.984965,1.006845,1.030278,1.021232,1.009390,1.026042,1.021671,1.008077,1.018805,1.016613,0.972153,0.921062,1.009930,0.999263,1.012479,1.045417,1.045736,1.014997,0.990897,1.043416
4.331600,1.037143,1.004183,0.990185,0.975835,0.985048,0.987230,0.981843,0.982185,1.029044,1.006748,0.998977,0.985742,1.000201,0.988665,0.985835,1.004032,1.002439,0.996505,1.038760,0.985048,1.006939,1.030381,1.021334,1.009478,1.026085,1.021716,1.008135,1.018833,1.016635,0.972169,0.921119,1.009999,0.999346,1.012561,1.045522,1.045838,1.015050,0.990906,1.043428
4.339930,1.037171,1.004226,0.990244,0.975900,0.985109,0.987291,0.981900,0.982240,1.029073,1.006817,0.999044,0.985810,1.000271,0.988737,0.985918,1.004119,1.002513,0.996574,1.038850,0.985132,1.007035,1.030484,1.021437,1.009568,1.026129,1.021763,1.008194,1.018862,1.016659,0.972185,0.921176,1.010070,0.999429,1.012644,1.045628,1.045940,1.015105,0.990917,1.043440
4.348260,1.037200,1.004271,0.990305,0.975965,0.985171,0.987353,0.981959,0.982296,1.029101,1.006887,0.999111,0.985879,1.000342,0.988810,0.986003,1.004207,1.002589,0.996645,1.038942,0.985218,1.007133,1.030590,1.021542,1.009659,1.026174,1.021812,1.008254,1.018893,1.016684,0.972203,0.921234,1.010142,0.999515,1.012729,1.045735,1.046045,1.015160,0.990930,1.043452
4.356590,1.037228,1.004317,0.990367,0.976032,0.985234,0.987417,0.982017,0.982353,1.029130,1.006958,0.999180,0.985949,1.000414,0.988884,0.986089,1.004297,1.002666,0.996716,1.039035,0.985305,1.007231,1.030696,1.021648,1.009751,1.026221,1.021862,1.008316,1.018925,1.016711,0.972222,0.921293,1.010214,0.999601,1.012815,1.045844,1.046150,1.015216,0.990944,1.043464
4.364920,1.037258,1.004364,0.990430,0.976099,0.985297,0.987481,0.982077,0.982411,1.029159,1.007030,0.999249,0.986020,1.000486,0.988959,0.986176,1.004387,1.002744,0.996789,1.039130,0.985394,1.007331,1.030803,1.021755,1.009845,1.026268,1.021912,1.008379,1.018958,1.016739,0.972242,0.921353,1.010287,0.999688,1.012902,1.045954,1.046256,1.015274,0.990960,1.043476
4.373250,1.037287,1.004412,0.990494,0.976168,0.985362,0.987546,0.982138,0.982470,1.029189,1.007103,0.999319,0.986092,1.000560,0.989035,0.986265,1.004479,1.002823,0.996862,1.039225,0.985483,1.007432,1.030912,1.021863,1.009940,1.026317,1.021964,1.008443,1.018993,1.016768,0.972263,0.921414,1.010361,0.999776,1.012990,1.046065,1.046364,1.015332,0.990976,1.043487
4.381580,1.037317,1.004461,0.990559,0.976237,0.985427,0.987611,0.982199,0.982529,1.029218,1.007176,0.999390,0.986165,1.000634,0.989112,0.986354,1.004572,1.002903,0.996937,1.039322,0.985574,1.007534,1.031021,1.021972,1.010036,1.026366,1.022017,1.008508,1.019028,1.016799,0.972285,0.921475,1.010434,0.999865,1.013080,1.046177,1.046472,1.015390,0.990994,1.043499
4.389910,1.037347,1.004510,0.990624,0.976307,0.985493,0.987677,0.982261,0.982588,1.029248,1.007250,0.999461,0.986238,1.000709,0.989189,0.986444,1.004666,1.002984,0.997012,1.039419,0.985665,1.007637,1.031132,1.022082,1.010132,1.026416,1.022071,1.008573,1.019065,1.016831,0.972308,0.921537,1.010508,0.999955,1.013170,1.046289,1.046581,1.015450,0.991013,1.043510
4.398240,1.037377,1.004560,0.990691,0.976378,0.985559,0.987744,0.982323,0.982648,1.029278,1.007324,0.999533,0.986311,1.000784,0.989267,0.986535,1.004760,1.003065,0.997088,1.039518,0.985758,1.007740,1.031243,1.022193,1.010230,1.026467,1.022126,1.008640,1.019103,1.016863,0.972332,0.921599,1.010582,1.000046,1.013262,1.046403,1.046692,1.015510,0.991033,1.043522
4.406570,1.037407,1.004611,0.990758,0.976449,0.985626,0.987811,0.982385,0.982709,1.029308,1.007399,0.999605,0.986385,1.000860,0.989346,0.986626,1.004856,1.003148,0.997165,1.039617,0.985851,1.007845,1.031356,1.022305,1.010328,1.026518,1.022182,1.008708,1.019142,1.016897,0.972357,0.921662,1.010656,1.000138,1.013354,1.046518,1.046803,1.015571,0.991055,1.043533
4.414900,1.037438,1.004663,0.990826,0.976521,0.985693,0.987879,0.982448,0.982770,1.029338,1.007473,0.999677,0.986460,1.000936,0.989425,0.986719,1.004952,1.003231,0.997243,1.039717,0.985946,1.007950,1.031469,1.022418,1.010428,1.026570,1.022239,1.008776,1.019183,1.016932,0.972382,0.921725,1.010730,1.000230,1.013448,1.046633,1.046915,1.015632,0.991077,1.043544
4.423230,1.037468,1.004715,0.990894,0.976594,0.985760,0.987946,0.982512,0.982831,1.029368,1.007549,0.999750,0.986534,1.001013,0.989505,0.986812,1.005049,1.003315,0.997321,1.039818,0.986041,1.008056,1.031582,1.022531,1.010528,1.026623,1.022296,1.008845,1.019223,1.016968,0.972408,0.921788,1.010804,1.000323,1.013542,1.046749,1.047027,1.015694,0.991100,1.043555
4.431560,1.037499,1.004767,0.990963,0.976666,0.985828,0.988014,0.982575,0.982893,1.029398,1.007624,0.999823,0.986609,1.001089,0.989585,0.986905,1.005147,1.003400,0.997400,1.039920,0.986137,1.008163,1.031697,1.022645,1.010628,1.026676,1.022354,1.008915,1.019265,1.017005,0.972435,0.921852,1.010877,1.000417,1.013637,1.046865,1.047140,1.015757,0.991124,1.043565
4.439890,1.037529,1.004820,0.991032,0.976739,0.985896,0.988083,0.982639,0.982954,1.029428,1.007699,0.999896,0.986684,1.001166,0.989665,0.986999,1.005245,1.003485,0.997480,1.040022,0.986233,1.008270,1.031812,1.022759,1.010730,1.026730,1.022412,1.008985,1.019308,1.017042,0.972462,0.921915,1.010950,1.000511,1.013733,1.046982,1.047254,1.015820,0.991149,1.043576
4.448220,1.037560,1.004874,0.991102,0.976812,0.985964,0.988151,0.982702,0.983016,1.029458,1.007774,0.999969,0.986759,1.001243,0.989745,0.987094,1.005343,1.003571,0.997559,1.040125,0.986331,1.008377,1.031927,1.022874,1.010831,1.026784,1.022472,1.009056,1.019351,1.017081,0.972490,0.921979,1.011022,1.000606,1.013829,1.047100,1.047368,1.015883,0.991175,1.043586
4.456550,1.037591,1.004928,0.991172,0.976886,0.986031,0.988219,0.982766,0.983077,1.029488,1.007849,1.000041,0.986833,1.001319,0.989825,0.987188,1.005442,1.003657,0.997640,1.040228,0.986428,1.008485,1.032043,1.022990,1.010933,1.026838,1.022531,1.009127,1.019395,1.017120,0.972518,0.922043,1.011093,1.000701,1.013926,1.047218,1.047483,1.015947,0.991202,1.043596
4.464880,1.037621,1.004982,0.991242,0.976959,0.986099,0.988287,0.982830,0.983139,1.029518,1.007924,1.000114,0.986908,1.001396,0.989905,0.987283,1.005541,1.003743,0.997720,1.040332,0.986526,1.008594,1.032159,1.023106,1.011036,1.026893,1.022591,1.009199,1.019440,1.017159,0.972547,0.922106,1.011163,1.000797,1.014024,1.047336,1.047597,1.016011,0.991229,1.043606
4.473210,1.037652,1.005036,0.991312,0.977033,0.986167,0.988355,0.982893,0.983200,1.029547,1.007998,1.000186,0.986982,1.001472,0.989986,0.987378,1.005640,1.003829,0.997800,1.040436,0.986625,1.008702,1.032275,1.023222,1.011138,1.026948,1.022652,1.009271,1.019485,1.017199,0.972576,0.922170,1.011233,1.000893,1.014122,1.047455,1.047713,1.016076,0.991257,1.043615
4.481540,1.037682,1.005090,0.991382,0.977106,0.986234,0.988422,0.982956,0.983261,1.029576,1.008072,1.000258,0.987056,1.001547,0.990065,0.987473,1.005740,1.003916,0.997881,1.040541,0.986724,1.008811,1.032392,1.023338,1.011241,1.027004,1.022713,1.009343,1.019531,1.017240,0.972605,0.922233,1.011302,1.000989,1.014220,1.047574,1.047828,1.016140,0.991285,1.043625
4.489870,1.037712,1.005145,0.991452,0.977179,0.986302,0.988490,0.983019,0.983322,1.029605,1.008146,1.000330,0.987130,1.001623,0.990145,0.987568,1.005840,1.004002,0.997962,1.040645,0.986823,1.008920,1.032509,1.023454,1.011344,1.027059,1.022773,1.009415,1.019577,1.017281,0.972634,0.922296,1.011369,1.001085,1.014319,1.047693,1.047943,1.016205,0.991314,1.043634
4.498200,1.037742,1.005199,0.991523,0.977252,0.986368,0.988557,0.983082,0.983383,1.029633,1.008219,1.000401,0.987202,1.001697,0.990225,0.987663,1.005939,1.004089,0.998043,1.040750,0.986923,1.009029,1.032626,1.023570,1.011447,1.027115,1.022835,1.009488,1.019623,1.017323,0.972664,0.922358,1.011435,1.001182,1.014418,1.047813,1.048059,1.016270,0.991344,1.043643
4.506530,1.037772,1.005253,0.991593,0.977325,0.986435,0.988623,0.983144,0.983443,1.029662,1.008291,1.000471,0.987275,1.001772,0.990304,0.987758,1.006039,1.004176,0.998123,1.040854,0.987022,1.009137,1.032742,1.023687,1.011550,1.027170,1.022896,1.009560,1.019670,1.017365,0.972694,0.922420,1.011500,1.001278,1.014517,1.047932,1.048174,1.016335,0.991374,1.043651
4.514860,1.037802,1.005308,0.991663,0.977397,0.986501,0.988689,0.983205,0.983503,1.029690,1.008362,1.000541,0.987346,1.001845,0.990382,0.987853,1.006138,1.004262,0.998204,1.040959,0.987122,1.009246,1.032859,1.023803,1.011653,1.027226,1.022957,1.009632,1.019717,1.017407,0.972723,0.922482,1.011564,1.001375,1.014616,1.048052,1.048289,1.016400,0.991404,1.043659
4.523190,1.037832,1.005362,0.991732,0.977469,0.986566,0.988754,0.983267,0.983562,1.029717,1.008433,1.000610,0.987417,1.001918,0.990460,0.987947,1.006238,1.004349,0.998284,1.041064,0.987222,1.009355,1.032976,1.023919,1.011756,1.027281,1.023018,1.009705,1.019764,1.017449,0.972753,0.922543,1.011626,1.001472,1.014716,1.048171,1.048405,1.016465,0.991434,1.043667
4.531520,1.037861,1.005416,0.991802,0.977540,0.986631,0.988819,0.983327,0.983621,1.029744,1.008503,1.000678,0.987488,1.001990,0.990537,0.988041,1.006337,1.004435,0.998364,1.041168,0.987322,1.009463,1.033092,1.024035,1.011858,1.027336,1.023080,1.009777,1.019811,1.017491,0.972782,0.922603,1.011687,1.001568,1.014815,1.048290,1.048520,1.016530,0.991465,1.043675
4.539850,1.037890,1.005470,0.991870,0.977611,0.986695,0.988883,0.983387,0.983679,1.029771,1.008572,1.000745,0.987557,1.002061,0.990614,0.988134,1.006435,1.004521,0.998444,1.041273,0.987421,1.009571,1.033208,1.024150,1.011961,1.027391,1.023141,1.009849,1.019858,1.017534,0.972812,0.922663,1.011746,1.001665,1.014914,1.048409,1.048634,1.016595,0.991496,1.043682
4.548180,1.037918,1.005523,0.991939,0.977681,0.986758,0.988947,0.983446,0.983736,1.029797,1.008640,1.000812,0.987626,1.002132,0.990690,0.988227,1.006534,1.004606,0.998523,1.041377,0.987521,1.009678,1.033324,1.024266,1.012062,1.027446,1.023202,1.009921,1.019905,1.017577,0.972841,0.922722,1.011804,1.001761,1.015013,1.048528,1.048748,1.016660,0.991526,1.043690
4.556510,1.037947,1.005576,0.992007,0.977751,0.986821,0.989009,0.983505,0.983793,1.029822,1.008707,1.000877,0.987693,1.002201,0.990765,0.988320,1.006632,1.004691,0.998602,1.041481,0.987620,1.009786,1.033439,1.024380,1.012164,1.027501,1.023262,1.009992,1.019952,1.017619,0.972870,0.922781,1.011860,1.001857,1.015112,1.048647,1.048862,1.016724,0.991557,1.043696
4.564840,1.037975,1.005629,0.992075,0.977820,0.986883,0.989071,0.983562,0.983849,1.029847,1.008773,1.000942,0.987760,1.002269,0.990840,0.988412,1.006729,1.004776,0.998680,1.041584,0.987719,1.009892,1.033554,1.024495,1.012265,1.027555,1.023323,1.010063,1.019999,1.017661,0.972899,0.922839,1.011914,1.001952,1.015210,1.048765,1.048976,1.016789,0.991588,1.043703
4.573170,1.038002,1.005681,0.992142,0.977888,0.986944,0.989132,0.983619,0.983904,1.029872,1.008837,1.001005,0.987825,1.002337,0.990913,0.988503,1.006826,1.004860,0.998758,1.041687,0.987817,1.009998,1.033669,1.024609,1.012365,1.027609,1.023383,1.010133,1.020046,1.017704,0.972927,0.922895,1.011967,1.002048,1.015309,1.048883,1.049088,1.016853,0.991619,1.043709
4.581500,1.038029,1.005733,0.992208,0.977955,0.987004,0.989191,0.983675,0.983958,1.029896,1.008901,1.001068,0.987889,1.002403,0.990986,0.988594,1.006922,1.004943,0.998835,1.041790,0.987915,1.010104,1.033783,1.024722,1.012465,1.027662,1.023442,1.010203,1.020093,1.017746,0.972955,0.922951,1.012017,1.002143,1.015406,1.049001,1.049200,1.016916,0.991650,1.043715
4.589830,1.038056,1.005785,0.992273,0.978021,0.987063,0.989250,0.983730,0.984011,1.029919,1.008963,1.001129,0.987953,1.002468,0.991057,0.988683,1.007018,1.005026,0.998912,1.041892,0.988013,1.010209,1.033896,1.024834,1.012564,1.027715,1.023501,1.010273,1.020139,1.017787,0.972982,0.923006,1.012066,1.002237,1.015504,1.049117,1.049312,1.016980,0.991680,1.043720
4.598160,1.038082,1.005835,0.992338,0.978087,0.987121,0.989308,0.983784,0.984064,1.029942,1.009024,1.001189,0.988015,1.002532,0.991128,0.988772,1.007113,1.005108,0.998987,1.041993,0.988110,1.010313,1.034009,1.024946,1.012663,1.027768,1.023560,1.010342,1.020185,1.017829,0.973009,0.923060,1.012113,1.002331,1.015601,1.049234,1.049422,1.017043,0.991711,1.043725
4.606490,1.038108,1.005886,0.992403,0.978151,0.987178,0.989365,0.983838,0.984115,1.029964,1.009084,1.001248,0.988076,1.002595,0.991198,0.988861,1.007207,1.005190,0.999062,1.042094,0.988207,1.010417,1.034121,1.025057,1.012760,1.027820,1.023618,1.010410,1.020231,1.017870,0.973036,0.923113,1.012159,1.002424,1.015697,1.049350,1.049532,1.017106,0.991741,1.043730
4.614820,1.038134,1.005935,0.992466,0.978215,0.987234,0.989421,0.983890,0.984166,1.029986,1.009143,1.001306,0.988135,1.002656,0.991266,0.988948,1.007300,1.005270,0.999137,1.042194,0.988303,1.010519,1.034232,1.025167,1.012857,1.027871,1.023676,1.010478,1.020276,1.017911,0.973062,0.923166,1.012202,1.002517,1.015793,1.049465,1.049641,1.017168,0.991771,1.043734
4.623150,1.038159,1.005984,0.992528,0.978277,0.987289,0.989476,0.983941,0.984215,1.030007,1.009200,1.001363,0.988194,1.002716,0.991333,0.989034,1.007392,1.005350,0.999210,1.042293,0.988398,1.010621,1.034342,1.025277,1.012954,1.027922,1.023733,1.010545,1.020320,1.017951,0.973087,0.923217,1.012244,1.002609,1.015888,1.049579,1.049749,1.017230,0.991800,1.043738
4.631480,1.038183,1.006032,0.992590,0.978339,0.987343,0.989529,0.983991,0.984264,1.030027,1.009256,1.001418,0.988251,1.002775,0.991400,0.989120,1.007484,1.005429,0.999283,1.042391,0.988493,1.010722,1.034451,1.025385,1.013049,1.027972,1.023789,1.010611,1.020365,1.017991,0.973112,0.923267,1.012284,1.002701,1.015982,1.049693,1.049857,1.017291,0.991830,1.043742
4.639810,1.038207,1.006080,0.992651,0.978400,0.987396,0.989582,0.984040,0.984311,1.030046,1.009310,1.001472,0.988307,1.002833,0.991465,0.989204,1.007575,1.005507,0.999355,1.042489,0.988587,1.010822,1.034560,1.025493,1.013143,1.028022,1.023845,1.010677,1.020408,1.018030,0.973136,0.923316,1.012321,1.002792,1.016076,1.049806,1.049963,1.017352,0.991858,1.043745
4.648140,1.038231,1.006126,0.992711,0.978459,0.987448,0.989633,0.984088,0.984358,1.030065,1.009364,1.001525,0.988361,1.002889,0.991528,0.989287,1.007664,1.005584,0.999426,1.042586,0.988680,1.010921,1.034668,1.025599,1.013237,1.028071,1.023900,1.010741,1.020451,1.018069,0.973160,0.923364,1.012357,1.002882,1.016168,1.049919,1.050068,1.017412,0.991886,1.043749
4.656470,1.038254,1.006172,0.992770,0.978517,0.987498,0.989683,0.984135,0.984403,1.030084,1.009415,1.001576,0.988414,1.002944,0.991591,0.989370,1.007753,1.005661,0.999495,1.042682,0.988772,1.011019,1.034774,1.025705,1.013329,1.028119,1.023954,1.010805,1.020494,1.018107,0.973183,0.923411,1.012392,1.002971,1.016260,1.050030,1.050172,1.017472,0.991914,1.043751
4.664800,1.038276,1.006217,0.992828,0.978575,0.987548,0.989732,0.984181,0.984447,1.030101,1.009466,1.001626,0.988466,1.002998,0.991653,0.989451,1.007841,1.005736,0.999564,1.042777,0.988864,1.011116,1.034880,1.025809,1.013420,1.028167,1.024007,1.010868,1.020535,1.018145,0.973205,0.923456,1.012424,1.003060,1.016351,1.050141,1.050275,1.017531,0.991941,1.043754
4.673130,1.038298,1.006262,0.992885,0.978631,0.987596,0.989780,0.984225,0.984491,1.030118,1.009515,1.001675,0.988517,1.003050,0.991713,0.989531,1.007927,1.005810,0.999632,1.042871,0.988954,1.011212,1.034984,1.025913,1.013511,1.028213,1.024060,1.010930,1.020576,1.018181,0.973226,0.923501,1.012454,1.003147,1.016441,1.050250,1.050377,1.017589,0.991968,1.043756
4.681460,1.038320,1.006305,0.992941,0.978686,0.987643,0.989827,0.984269,0.984533,1.030134,1.009562,1.001722,0.988566,1.003101,0.991772,0.989610,1.008013,1.005883,0.999699,1.042964,0.989044,1.011307,1.035088,1.026015,1.013600,1.028259,1.024111,1.010992,1.020617,1.018218,0.973247,0.923545,1.012483,1.003234,1.016530,1.050359,1.050477,1.017647,0.991994,1.043757
4.689790,1.038341,1.006348,0.992996,0.978739,0.987689,0.989872,0.984311,0.984574,1.030150,1.009609,1.001768,0.988614,1.003150,0.991829,0.989688,1.008097,1.005956,0.999765,1.043056,0.989132,1.011401,1.035190,1.026116,1.013688,1.028304,1.024162,1.011052,1.020656,1.018253,0.973267,0.923587,1.012510,1.003320,1.016618,1.050467,1.050576,1.017705,0.992019,1.043759
4.698120,1.038361,1.006390,0.993050,0.978792,0.987734,0.989916,0.984353,0.984614,1.030165,1.009653,1.001813,0.988661,1.003199,0.991886,0.989764,1.008181,1.006027,0.999830,1.043147,0.989220,1.011494,1.035292,1.026216,1.013775,1.028349,1.024212,1.011111,1.020695,1.018288,0.973286,0.923628,1.012535,1.003405,1.016705,1.050574,1.050674,1.017761,0.992044,1.043760
4.706450,1.038381,1.006431,0.993102,0.978843,0.987778,0.989959,0.984393,0.984652,1.030179,1.009697,1.001857,0.988706,1.003245,0.991941,0.989840,1.008263,1.006097,0.999894,1.043236,0.989306,1.011586,1.035392,1.026315,1.013861,1.028392,1.024261,1.011169,1.020733,1.018321,0.973304,0.923669,1.012559,1.003489,1.016791,1.050680,1.050771,1.017817,0.992068,1.043760
4.714780,1.038400,1.006471,0.993154,0.978894,0.987820,0.990001,0.984432,0.984690,1.030193,1.009739,1.001899,0.988750,1.003291,0.991995,0.989914,1.008344,1.006166,0.999957,1.043325,0.989392,1.011676,1.035491,1.026413,1.013946,1.028435,1.024310,1.011227,1.020770,1.018354,0.973321,0.923708,1.012581,1.003573,1.016876,1.050785,1.050867,1.017872,0.992091,1.043760
4.723110,1.038419,1.006510,0.993205,0.978943,0.987861,0.990042,0.984470,0.984727,1.030206,1.009780,1.001940,0.988793,1.003335,0.992048,0.989987,1.008424,1.006234,1.000018,1.043413,0.989477,1.011766,1.035589,1.026509,1.014030,1.028477,1.024357,1.011283,1.020807,1.018387,0.973338,0.923746,1.012601,1.003655,1.016960,1.050889,1.050961,1.017927,0.992114,1.043760
4.731440,1.038437,1.006548,0.993255,0.978991,0.987902,0.990081,0.984507,0.984763,1.030218,1.009819,1.001979,0.988834,1.003378,0.992099,0.990059,1.008503,1.006301,1.000079,1.043499,0.989560,1.011854,1.035686,1.026604,1.014112,1.028518,1.024403,1.011338,1.020842,1.018418,0.973353,0.923783,1.012620,1.003736,1.017043,1.050991,1.051054,1.017980,0.992136,1.043760
4.739770,1.038455,1.006585,0.993304,0.979038,0.987941,0.990120,0.984542,0.984797,1.030229,1.009858,1.002018,0.988874,1.003420,0.992149,0.990130,1.008580,1.006366,1.000138,1.043585,0.989642,1.011941,1.035781,1.026698,1.014193,1.028558,1.024449,1.011393,1.020877,1.018449,0.973368,0.923819,1.012637,1.003817,1.017124,1.051093,1.051145,1.018034,0.992157,1.043760
4.748100,1.038472,1.006622,0.993351,0.979084,0.987979,0.990157,0.984577,0.984831,1.030240,1.009895,1.002055,0.988913,1.003461,0.992198,0.990199,1.008657,1.006431,1.000197,1.043669,0.989724,1.012026,1.035876,1.026791,1.014273,1.028597,1.024493,1.011446,1.020910,1.018478,0.973382,0.923853,1.012653,1.003896,1.017205,1.051194,1.051235,1.018086,0.992177,1.043759
4.756430,1.038489,1.006657,0.993398,0.979128,0.988016,0.990193,0.984611,0.984863,1.030251,1.009930,1.002091,0.988951,1.003500,0.992246,0.990268,1.008732,1.006495,1.000254,1.043752,0.989804,1.012111,1.035969,1.026882,1.014352,1.028636,1.024536,1.011498,1.020943,1.018507,0.973395,0.923887,1.012668,1.003974,1.017284,1.051294,1.051324,1.018138,0.992197,1.043757
4.764760,1.038505,1.006692,0.993443,0.979172,0.988051,0.990229,0.984643,0.984895,1.030261,1.009965,1.002126,0.988987,1.003538,0.992293,0.990335,1.008806,1.006557,1.000310,1.043834,0.989883,1.012194,1.036061,1.026972,1.014430,1.028673,1.024579,1.011550,1.020975,1.018535,0.973407,0.923920,1.012681,1.004052,1.017362,1.051392,1.051411,1.018188,0.992215,1.043756
4.773090,1.038520,1.006726,0.993488,0.979214,0.988086,0.990263,0.984675,0.984925,1.030270,1.009998,1.002160,0.989023,1.003575,0.992338,0.990401,1.008879,1.006618,1.000365,1.043915,0.989960,1.012277,1.036151,1.027061,1.014507,1.028710,1.024621,1.011600,1.021006,1.018562,0.973419,0.923952,1.012692,1.004128,1.017438,1.051490,1.051497,1.018239,0.992233,1.043754
4.781420,1.038535,1.006759,0.993531,0.979255,0.988120,0.990296,0.984706,0.984955,1.030278,1.010030,1.002192,0.989057,1.003611,0.992383,0.990466,1.008951,1.006678,1.000419,1.043994,0.990037,1.012358,1.036241,1.027148,1.014582,1.028746,1.024661,1.011649,1.021036,1.018588,0.973429,0.923983,1.012703,1.004203,1.017514,1.051586,1.051581,1.018288,0.992250,1.043752
4.789750,1.038549,1.006791,0.993574,0.979296,0.988152,0.990328,0.984735,0.984983,1.030287,1.010061,1.002224,0.989090,1.003645,0.992426,0.990529,1.009021,1.006738,1.000472,1.044073,0.990113,1.012437,1.036329,1.027235,1.014656,1.028781,1.024701,1.011697,1.021065,1.018613,0.973439,0.924013,1.012712,1.004277,1.017588,1.051681,1.051664,1.018337,0.992266,1.043750
4.798080,1.038563,1.006822,0.993615,0.979335,0.988184,0.990359,0.984764,0.985011,1.030294,1.010091,1.002254,0.989122,1.003679,0.992468,0.990592,1.009091,1.006796,1.000524,1.044150,0.990187,1.012516,1.036416,1.027320,1.014729,1.028815,1.024739,1.011744,1.021094,1.018638,0.973448,0.924042,1.012721,1.004351,1.017661,1.051776,1.051746,1.018385,0.992282,1.043747
4.806410,1.038577,1.006852,0.993656,0.979373,0.988215,0.990389,0.984792,0.985038,1.030301,1.010120,1.002284,0.989153,1.003711,0.992509,0.990653,1.009159,1.006852,1.000575,1.044226,0.990260,1.012593,1.036502,1.027403,1.014801,1.028849,1.024777,1.011791,1.021121,1.018661,0.973456,0.924070,1.012728,1.004423,1.017733,1.051869,1.051826,1.018432,0.992296,1.043744
4.814740,1.038590,1.006881,0.993695,0.979410,0.988245,0.990418,0.984819,0.985064,1.030308,1.010148,1.002312,0.989183,1.003743,0.992550,0.990713,1.009226,1.006908,1.000625,1.044301,0.990332,1.012670,1.036587,1.027486,1.014871,1.028881,1.024814,1.011836,1.021147,1.018683,0.973463,0.924097,1.012734,1.004494,1.017803,1.051961,1.051905,1.018479,0.992310,1.043741
4.823070,1.038602,1.006910,0.993734,0.979447,0.988273,0.990446,0.984845,0.985089,1.030314,1.010175,1.002340,0.989212,1.003773,0.992589,0.990773,1.009292,1.006963,1.000674,1.044375,0.990403,1.012745,1.036670,1.027567,1.014941,1.028913,1.024850,1.011880,1.021173,1.018705,0.973469,0.924123,1.012740,1.004565,1.017873,1.052052,1.051982,1.018524,0.992323,1.043737
4.831400,1.038614,1.006937,0.993772,0.979482,0.988302,0.990473,0.984870,0.985113,1.030319,1.010201,1.002367,0.989240,1.003803,0.992627,0.990831,1.009357,1.007017,1.000721,1.044448,0.990473,1.012819,1.036753,1.027647,1.015009,1.028944,1.024885,1.011923,1.021197,1.018726,0.973475,0.924149,1.012744,1.004634,1.017941,1.052142,1.052058,1.018569,0.992335,1.043734
4.839730,1.038625,1.006964,0.993808,0.979517,0.988329,0.990500,0.984895,0.985137,1.030324,1.010226,1.002393,0.989268,1.003832,0.992664,0.990888,1.009421,1.007069,1.000768,1.044519,0.990542,1.012892,1.036834,1.027726,1.015076,1.028974,1.024919,1.011965,1.021221,1.018745,0.973479,0.924173,1.012748,1.004702,1.018008,1.052231,1.052132,1.018614,0.992346,1.043730
4.848060,1.038636,1.006990,0.993844,0.979550,0.988355,0.990525,0.984918,0.985159,1.030329,1.010251,1.002417,0.989294,1.003859,0.992700,0.990944,1.009483,1.007121,1.000814,1.044589,0.990609,1.012963,1.036914,1.027803,1.015143,1.029003,1.024952,1.012007,1.021243,1.018764,0.973483,0.924197,1.012751,1.004769,1.018073,1.052318,1.052206,1.018658,0.992356,1.043726
4.856390,1.038647,1.007016,0.993879,0.979583,0.988381,0.990550,0.984941,0.985181,1.030333,1.010274,1.002442,0.989320,1.003886,0.992736,0.990999,1.009545,1.007172,1.000859,1.044659,0.990675,1.013034,1.036993,1.027880,1.015208,1.029032,1.024984,1.012047,1.021265,1.018782,0.973487,0.924221,1.012754,1.004836,1.018138,1.052405,1.052277,1.018701,0.992365,1.043722
4.864720,1.038657,1.007040,0.993913,0.979615,0.988405,0.990574,0.984963,0.985203,1.030337,1.010297,1.002465,0.989345,1.003913,0.992770,0.991052,1.009605,1.007222,1.000903,1.044727,0.990740,1.013103,1.037070,1.027955,1.015271,1.029060,1.025015,1.012086,1.021286,1.018799,0.973489,0.924243,1.012755,1.004901,1.018201,1.052491,1.052348,1.018743,0.992374,1.043717
4.873050,1.038666,1.007064,0.993946,0.979646,0.988430,0.990598,0.984985,0.985223,1.030340,1.010319,1.002488,0.989369,1.003938,0.992804,0.991105,1.009665,1.007270,1.000946,1.044794,0.990805,1.013172,1.037147,1.028029,1.015334,1.029087,1.025046,1.012125,1.021306,1.018815,0.973491,0.924265,1.012757,1.004965,1.018263,1.052576,1.052417,1.018785,0.992381,1.043712
4.881380,1.038676,1.007087,0.993979,0.979676,0.988453,0.990621,0.985006,0.985243,1.030343,1.010340,1.002510,0.989392,1.003963,0.992837,0.991157,1.009724,1.007318,1.000988,1.044860,0.990868,1.013239,1.037222,1.028102,1.015396,1.029113,1.025075,1.012163,1.021325,1.018830,0.973492,0.924286,1.012757,1.005029,1.018324,1.052659,1.052484,1.018826,0.992388,1.043708
4.889710,1.038684,1.007109,0.994010,0.979705,0.988476,0.990643,0.985026,0.985263,1.030346,1.010361,1.002531,0.989415,1.003987,0.992869,0.991208,1.009781,1.007365,1.001029,1.044925,0.990929,1.013305,1.037297,1.028173,1.015457,1.029139,1.025104,1.012199,1.021344,1.018845,0.973492,0.924307,1.012758,1.005091,1.018383,1.052742,1.052551,1.018866,0.992394,1.043703
4.898040,1.038693,1.007130,0.994041,0.979734,0.988498,0.990664,0.985046,0.985282,1.030349,1.010381,1.002552,0.989437,1.004010,0.992900,0.991259,1.009838,1.007411,1.001070,1.044988,0.990990,1.013371,1.037370,1.028244,1.015517,1.029164,1.025132,1.012235,1.021361,1.018858,0.973492,0.924327,1.012758,1.005153,1.018442,1.052824,1.052616,1.018906,0.992399,1.043697
4.906370,1.038701,1.007151,0.994071,0.979762,0.988519,0.990685,0.985065,0.985300,1.030351,1.010401,1.002572,0.989458,1.004033,0.992931,0.991308,1.009893,1.007456,1.001109,1.045051,0.991050,1.013435,1.037442,1.028313,1.015575,1.029188,1.025159,1.012270,1.021378,1.018871,0.973491,0.924347,1.012758,1.005214,1.018499,1.052904,1.052680,1.018945,0.992404,1.043692
4.914700,1.038708,1.007171,0.994101,0.979790,0.988540,0.990706,0.985083,0.985318,1.030353,1.010420,1.002592,0.989479,1.004055,0.992961,0.991356,1.009948,1.007500,1.001148,1.045113,0.991109,1.013498,1.037513,1.028381,1.015633,1.029212,1.025186,1.012305,1.021393,1.018883,0.973490,0.924366,1.012757,1.005273,1.018555,1.052984,1.052742,1.018983,0.992407,1.043686
4.923030,1.038715,1.007191,0.994129,0.979816,0.988561,0.990725,0.985101,0.985335,1.030354,1.010438,1.002611,0.989500,1.004077,0.992990,0.991404,1.010001,1.007544,1.001186,1.045174,0.991166,1.013560,1.037584,1.028449,1.015690,1.029235,1.025211,1.012338,1.021408,1.018894,0.973487,0.924384,1.012756,1.005332,1.018610,1.053063,1.052804,1.019021,0.992410,1.043681
4.931360,1.038722,1.007210,0.994157,0.979843,0.988581,0.990745,0.985119,0.985352,1.030356,1.010456,1.002629,0.989520,1.004098,0.993019,0.991451,1.010054,1.007586,1.001223,1.045234,0.991223,1.013622,1.037653,1.028515,1.015746,1.029257,1.025236,1.012371,1.021422,1.018904,0.973485,0.924402,1.012756,1.005390,1.018664,1.053141,1.052864,1.019059,0.992412,1.043675
4.939690,1.038728,1.007228,0.994185,0.979868,0.988600,0.990764,0.985136,0.985368,1.030357,1.010474,1.002648,0.989539,1.004119,0.993047,0.991496,1.010106,1.007628,1.001260,1.045293,0.991279,1.013682,1.037721,1.028580,1.015801,1.029279,1.025260,1.012403,1.021436,1.018914,0.973481,0.924420,1.012755,1.005448,1.018717,1.053218,1.052922,1.019095,0.992413,1.043669
4.948020,1.038735,1.007246,0.994211,0.979893,0.988619,0.990782,0.985153,0.985384,1.030358,1.010491,1.002665,0.989559,1.004139,0.993075,0.991542,1.010157,1.007669,1.001295,1.045350,0.991333,1.013742,1.037788,1.028644,1.015855,1.029300,1.025283,1.012434,1.021448,1.018922,0.973478,0.924437,1.012754,1.005504,1.018768,1.053294,1.052980,1.019131,0.992414,1.043663
4.956350,1.038740,1.007263,0.994237,0.979918,0.988638,0.990800,0.985169,0.985400,1.030358,1.010508,1.002683,0.989577,1.004159,0.993102,0.991586,1.010207,1.007709,1.001330,1.045407,0.991387,1.013800,1.037854,1.028707,1.015908,1.029321,1.025306,1.012464,1.021460,1.018930,0.973473,0.924454,1.012752,1.005560,1.018819,1.053369,1.053037,1.019167,0.992414,1.043657
4.964680,1.038746,1.007279,0.994263,0.979942,0.988656,0.990818,0.985185,0.985415,1.030359,1.010525,1.002700,0.989596,1.004179,0.993129,0.991630,1.010257,1.007748,1.001365,1.045463,0.991440,1.013858,1.037920,1.028769,1.015960,1.029341,1.025328,1.012494,1.021471,1.018937,0.973468,0.924471,1.012751,1.005614,1.018869,1.053443,1.053092,1.019202,0.992413,1.043651
4.973010,1.038751,1.007295,0.994288,0.979965,0.988674,0.990835,0.985201,0.985430,1.030359,1.010541,1.002717,0.989614,1.004198,0.993155,0.991672,1.010305,1.007787,1.001398,1.045519,0.991492,1.013915,1.037984,1.028830,1.016012,1.029361,1.025349,1.012523,1.021482,1.018944,0.973463,0.924487,1.012750,1.005668,1.018917,1.053517,1.053146,1.019237,0.992411,1.043644
4.981340,1.038755,1.007311,0.994312,0.979989,0.988691,0.990852,0.985216,0.985444,1.030360,1.010557,1.002733,0.989631,1.004217,0.993180,0.991715,1.010353,1.007825,1.001431,1.045573,0.991542,1.013971,1.038048,1.028890,1.016062,1.029380,1.025370,1.012551,1.021491,1.018949,0.973457,0.924503,1.012749,1.005722,1.018965,1.053589,1.053199,1.019271,0.992409,1.043638
4.989670,1.038760,1.007326,0.994336,0.980011,0.988708,0.990869,0.985231,0.985458,1.030360,1.010573,1.002749,0.989649,1.004235,0.993206,0.991756,1.010400,1.007862,1.001464,1.045626,0.991592,1.014026,1.038110,1.028950,1.016112,1.029398,1.025390,1.012579,1.021500,1.018954,0.973451,0.924518,1.012749,1.005774,1.019011,1.053661,1.053251,1.019304,0.992405,1.043631
4.998000,1.038764,1.007340,0.994359,0.980033,0.988725,0.990885,0.985246,0.985472,1.030360,1.010588,1.002765,0.989666,1.004253,0.993230,0.991797,1.010446,1.007899,1.001495,1.045679,0.991641,1.014080,1.038172,1.029008,1.016161,1.029417,1.025409,1.012606,1.021508,1.018959,0.973444,0.924533,1.012748,1.005826,1.019057,1.053732,1.053302,1.019338,0.992402,1.043625
5.006330,1.038768,1.007354,0.994382,0.980055,0.988742,0.990901,0.985260,0.985486,1.030360,1.010603,1.002781,0.989683,1.004271,0.993255,0.991837,1.010492,1.007935,1.001526,1.045731,0.991690,1.014134,1.038233,1.029066,1.016210,1.029434,1.025428,1.012632,1.021516,1.018962,0.973437,0.924548,1.012747,1.005877,1.019102,1.053802,1.053352,1.019370,0.992397,1.043618
5.014660,1.038771,1.007367,0.994404,0.980077,0.988758,0.990917,0.985275,0.985500,1.030360,1.010619,1.002796,0.989699,1.004289,0.993279,0.991877,1.010537,1.007970,1.001557,1.045781,0.991737,1.014187,1.038293,1.029122,1.016257,1.029451,1.025446,1.012658,1.021523,1.018965,0.973430,0.924563,1.012747,1.005927,1.019145,1.053871,1.053401,1.019402,0.992392,1.043611
5.022990,1.038775,1.007380,0.994426,0.980098,0.988774,0.990932,0.985288,0.985513,1.030359,1.010633,1.002812,0.989716,1.004307,0.993302,0.991916,1.010581,1.008004,1.001587,1.045831,0.991783,1.014239,1.038352,1.029178,1.016304,1.029468,1.025464,1.012683,1.021529,1.018968,0.973422,0.924577,1.012747,1.005977,1.019188,1.053940,1.053449,1.019434,0.992386,1.043605
5.031320,1.038778,1.007393,0.994447,0.980118,0.988790,0.990947,0.985302,0.985526,1.030359,1.010648,1.002827,0.989732,1.004324,0.993326,0.991954,1.010624,1.008038,1.001616,1.045881,0.991829,1.014290,1.038411,1.029233,1.016350,1.029484,1.025481,1.012708,1.021535,1.018969,0.973414,0.924592,1.012747,1.006026,1.019230,1.054008,1.053496,1.019465,0.992380,1.043598
5.039650,1.038780,1.007405,0.994468,0.980139,0.988805,0.990962,0.985316,0.985539,1.030359,1.010663,1.002841,0.989748,1.004341,0.993349,0.991992,1.010667,1.008072,1.001645,1.045929,0.991874,1.014340,1.038468,1.029287,1.016395,1.029500,1.025497,1.012732,1.021540,1.018970,0.973405,0.924606,1.012747,1.006074,1.019271,1.054075,1.053542,1.019496,0.992373,1.043591
5.047980,1.038783,1.007417,0.994488,0.980159,0.988820,0.990977,0.985329,0.985551,1.030358,1.010677,1.002856,0.989763,1.004358,0.993371,0.992029,1.010709,1.008105,1.001673,1.045977,0.991918,1.014390,1.038525,1.029340,1.016440,1.029516,1.025513,1.012755,1.021544,1.018970,0.973396,0.924620,1.012747,1.006121,1.019311,1.054141,1.053587,1.019526,0.992365,1.043584
5.056310,1.038785,1.007428,0.994508,0.980178,0.988835,0.990992,0.985342,0.985564,1.030358,1.010691,1.002871,0.989779,1.004374,0.993394,0.992066,1.010750,1.008137,1.001701,1.046024,0.991961,1.014439,1.038581,1.029392,1.016484,1.029531,1.025528,1.012778,1.021548,1.018970,0.973387,0.924633,1.012748,1.006168,1.019350,1.054207,1.053631,1.019556,0.992357,1.043577
5.064640,1.038787,1.007439,0.994528,0.980198,0.988850,0.991006,0.985355,0.985576,1.030357,1.010706,1.002885,0.989794,1.004391,0.993415,0.992102,1.010790,1.008168,1.001728,1.046070,0.992003,1.014487,1.038636,1.029444,1.016527,1.029545,1.025543,1.012800,1.021551,1.018969,0.973378,0.924647,1.012749,1.006215,1.019388,1.054272,1.053674,1.019586,0.992348,1.043570
5.072970,1.038789,1.007449,0.994547,0.980217,0.988865,0.991020,0.985368,0.985588,1.030356,1.010720,1.002899,0.989810,1.004407,0.993437,0.992137,1.010830,1.008199,1.001754,1.046115,0.992045,1.014535,1.038691,1.029495,1.016569,1.029559,1.025557,1.012822,1.021553,1.018968,0.973368,0.924660,1.012750,1.006260,1.019426,1.054336,1.053716,1.019615,0.992338,1.043563
5.081300,1.038790,1.007459,0.994565,0.980235,0.988879,0.991034,0.985380,0.985600,1.030356,1.010733,1.002913,0.989825,1.004423,0.993458,0.992172,1.010870,1.008230,1.001780,1.046160,0.992086,1.014582,1.038745,1.029545,1.016611,1.029573,1.025571,1.012843,1.021555,1.018966,0.973358,0.924673,1.012751,1.006305,1.019462,1.054400,1.053757,1.019644,0.992328,1.043556
5.089630,1.038792,1.007469,0.994584,0.980254,0.988893,0.991048,0.985393,0.985611,1.030355,1.010747,1.002927,0.989839,1.004439,0.993479,0.992206,1.010908,1.008259,1.001806,1.046204,0.992126,1.014628,1.038798,1.029594,1.016652,1.029587,1.025584,1.012864,1.021557,1.018963,0.973347,0.924686,1.012753,1.006349,1.019498,1.054462,1.053798,1.019672,0.992317,1.043549
5.097960,1.038792,1.007478,0.994601,0.980272,0.988907,0.991062,0.985405,0.985623,1.030354,1.010761,1.002940,0.989854,1.004454,0.993500,0.992240,1.010946,1.008289,1.001831,1.046247,0.992165,1.014673,1.038850,1.029642,1.016693,1.029600,1.025597,1.012884,1.021557,1.018960,0.973337,0.924698,1.012754,1.006393,1.019533,1.054524,1.053837,1.019700,0.992306,1.043542
5.106290,1.038793,1.007487,0.994619,0.980290,0.988921,0.991075,0.985417,0.985634,1.030354,1.010774,1.002954,0.989869,1.004470,0.993520,0.992273,1.010984,1.008317,1.001855,1.046290,0.992204,1.014718,1.038902,1.029690,1.016732,1.029613,1.025609,1.012903,1.021558,1.018956,0.973326,0.924711,1.012756,1.006436,1.019567,1.054586,1.053876,1.019727,0.992294,1.043535
5.114620,1.038794,1.007495,0.994636,0.980307,0.988934,0.991088,0.985428,0.985645,1.030353,1.010787,1.002967,0.989883,1.004485,0.993540,0.992306,1.011020,1.008345,1.001879,1.046332,0.992241,1.014762,1.038952,1.029737,1.016771,1.029625,1.025621,1.012922,1.021557,1.018951,0.973315,0.924723,1.012758,1.006478,1.019601,1.054646,1.053914,1.019754,0.992281,1.043528
5.122950,1.038794,1.007503,0.994652,0.980324,0.988947,0.991101,0.985440,0.985656,1.030352,1.010800,1.002980,0.989897,1.004500,0.993560,0.992338,1.011057,1.008373,1.001903,1.046373,0.992278,1.014805,1.039002,1.029783,1.016810,1.029637,1.025632,1.012941,1.021556,1.018946,0.973304,0.924735,1.012760,1.006520,1.019633,1.054706,1.053951,1.019781,0.992268,1.043521
5.131280,1.038794,1.007511,0.994668,0.980341,0.988960,0.991114,0.985451,0.985667,1.030352,1.010813,1.002993,0.989911,1.004515,0.993579,0.992369,1.011092,1.008400,1.001926,1.046413,0.992315,1.014848,1.039052,1.029828,1.016847,1.029649,1.025642,1.012959,1.021555,1.018941,0.973292,0.924747,1.012762,1.006561,1.019665,1.054766,1.053987,1.019807,0.992254,1.043513
5.139610,1.038794,1.007518,0.994684,0.980357,0.988973,0.991126,0.985463,0.985678,1.030351,1.010826,1.003006,0.989924,1.004529,0.993598,0.992400,1.011127,1.008426,1.001948,1.046452,0.992350,1.014890,1.039100,1.029873,1.016884,1.029660,1.025653,1.012976,1.021553,1.018934,0.973280,0.924759,1.012764,1.006602,1.019696,1.054824,1.054022,1.019833,0.992240,1.043506
5.147940,1.038793,1.007525,0.994699,0.980373,0.988986,0.991138,0.985474,0.985688,1.030350,1.010838,1.003018,0.989938,1.004543,0.993617,0.992431,1.011161,1.008452,1.001970,1.046491,0.992385,1.014931,1.039148,1.029916,1.016921,1.029671,1.025662,1.012993,1.021550,1.018927,0.973268,0.924770,1.012766,1.006642,1.019726,1.054882,1.054056,1.019858,0.992225,1.043499
5.156270,1.038793,1.007531,0.994714,0.980389,0.988998,0.991150,0.985484,0.985698,1.030349,1.010850,1.003030,0.989951,1.004557,0.993635,0.992460,1.011194,1.008477,1.001991,1.046529,0.992419,1.014972,1.039195,1.029959,1.016956,1.029681,1.025671,1.013009,1.021547,1.018920,0.973256,0.924781,1.012768,1.006681,1.019755,1.054939,1.054090,1.019883,0.992209,1.043492
5.164600,1.038792,1.007537,0.994729,0.980404,0.989010,0.991162,0.985495,0.985708,1.030348,1.010862,1.003042,0.989964,1.004571,0.993653,0.992489,1.011227,1.008501,1.002012,1.046567,0.992452,1.015011,1.039241,1.030002,1.016991,1.029691,1.025680,1.013025,1.021543,1.018912,0.973243,0.924792,1.012770,1.006719,1.019784,1.054996,1.054122,1.019908,0.992193,1.043485
5.172930,1.038790,1.007543,0.994742,0.980419,0.989021,0.991173,0.985505,0.985717,1.030347,1.010874,1.003054,0.989976,1.004584,0.993670,0.992518,1.011259,1.008525,1.002032,1.046603,0.992485,1.015050,1.039287,1.030043,1.017025,1.029701,1.025688,1.013040,1.021538,1.018903,0.973230,0.924803,1.012772,1.006757,1.019811,1.055052,1.054154,1.019932,0.992177,1.043478
5.181260,1.038789,1.007548,0.994756,0.980434,0.989033,0.991185,0.985515,0.985727,1.030346,1.010885,1.003065,0.989988,1.004597,0.993687,0.992546,1.011290,1.008548,1.002052,1.046639,0.992517,1.015089,1.039332,1.030084,1.017059,1.029710,1.025695,1.013055,1.021533,1.018894,0.973217,0.924813,1.012774,1.006795,1.019838,1.055107,1.054185,1.019956,0.992159,1.043470
5.189590,1.038787,1.007553,0.994769,0.980448,0.989043,0.991195,0.985524,0.985736,1.030345,1.010896,1.003076,0.990000,1.004610,0.993704,0.992573,1.011321,1.008571,1.002071,1.046674,0.992548,1.015126,1.039376,1.030123,1.017092,1.029719,1.025702,1.013069,1.021527,1.018884,0.973204,0.924823,1.012776,1.006831,1.019865,1.055161,1.054215,1.019979,0.992142,1.043463
5.197920,1.038785,1.007557,0.994781,0.980462,0.989054,0.991206,0.985534,0.985745,1.030344,1.010907,1.003087,0.990011,1.004622,0.993720,0.992599,1.011351,1.008593,1.002089,1.046708,0.992578,1.015163,1.039419,1.030162,1.017124,1.029728,1.025708,1.013082,1.021521,1.018874,0.973190,0.924833,1.012777,1.006867,1.019890,1.055215,1.054245,1.020002,0.992123,1.043456
5.206250,1.038783,1.007561,0.994793,0.980475,0.989064,0.991216,0.985543,0.985753,1.030343,1.010917,1.003097,0.990022,1.004634,0.993735,0.992625,1.011380,1.008614,1.002107,1.046742,0.992607,1.015199,1.039461,1.030201,1.017155,1.029736,1.025714,1.013095,1.021514,1.018863,0.973176,0.924842,1.012779,1.006903,1.019914,1.055268,1.054273,1.020025,0.992104,1.043449
5.214580,1.038781,1.007565,0.994804,0.980488,0.989074,0.991225,0.985551,0.985761,1.030341,1.010927,1.003107,0.990033,1.004645,0.993750,0.992650,1.011408,1.008635,1.002124,1.046775,0.992636,1.015234,1.039503,1.030238,1.017185,1.029744,1.025719,1.013107,1.021507,1.018851,0.973162,0.924851,1.012780,1.006937,1.019938,1.055320,1.054301,1.020047,0.992084,1.043442
5.222910,1.038778,1.007568,0.994815,0.980500,0.989084,0.991234,0.985559,0.985769,1.030340,1.010936,1.003116,0.990043,1.004656,0.993765,0.992675,1.011436,1.008655,1.002141,1.046806,0.992664,1.015269,1.039543,1.030274,1.017215,1.029751,1.025724,1.013118,1.021499,1.018839,0.973147,0.924860,1.012781,1.006971,1.019961,1.055371,1.054327,1.020069,0.992064,1.043434
5.231240,1.038775,1.007570,0.994826,0.980512,0.989092,0.991243,0.985567,0.985776,1.030338,1.010945,1.003125,0.990053,1.004667,0.993779,0.992698,1.011463,1.008674,1.002157,1.046838,0.992691,1.015302,1.039583,1.030310,1.017244,1.029758,1.025728,1.013129,1.021490,1.018826,0.973133,0.924868,1.012781,1.007004,1.019983,1.055422,1.054353,1.020090,0.992043,1.043427
5.239570,1.038771,1.007572,0.994835,0.980523,0.989101,0.991251,0.985575,0.985783,1.030337,1.010954,1.003133,0.990062,1.004676,0.993792,0.992721,1.011489,1.008693,1.002172,1.046868,0.992717,1.015335,1.039622,1.030345,1.017272,1.029764,1.025732,1.013140,1.021481,1.018812,0.973118,0.924876,1.012781,1.007037,1.020004,1.055471,1.054378,1.020110,0.992022,1.043420
5.247900,1.038768,1.007574,0.994844,0.980533,0.989109,0.991259,0.985582,0.985790,1.030335,1.010961,1.003141,0.990071,1.004686,0.993805,0.992744,1.011514,1.008710,1.002187,1.046897,0.992742,1.015367,1.039660,1.030379,1.017299,1.029770,1.025734,1.013149,1.021470,1.018798,0.973102,0.924883,1.012780,1.007069,1.020025,1.055520,1.054402,1.020131,0.991999,1.043413
5.256230,1.038764,1.007574,0.994853,0.980544,0.989116,0.991266,0.985588,0.985796,1.030333,1.010969,1.003148,0.990079,1.004694,0.993817,0.992765,1.011539,1.008727,1.002200,1.046926,0.992767,1.015398,1.039698,1.030412,1.017325,1.029775,1.025736,1.013158,1.021460,1.018783,0.973086,0.924890,1.012779,1.007100,1.020044,1.055569,1.054425,1.020150,0.991976,1.043405
5.264560,1.038760,1.007575,0.994861,0.980553,0.989123,0.991273,0.985594,0.985802,1.030331,1.010975,1.003155,0.990086,1.004703,0.993828,0.992785,1.011562,1.008744,1.002214,1.046953,0.992790,1.015428,1.039734,1.030444,1.017351,1.029780,1.025738,1.013166,1.021448,1.018767,0.973070,0.924896,1.012778,1.007130,1.020063,1.055616,1.054447,1.020169,0.991953,1.043398
5.272890,1.038755,1.007575,0.994868,0.980562,0.989130,0.991279,0.985600,0.985807,1.030329,1.010982,1.003161,0.990093,1.004710,0.993839,0.992805,1.011585,1.008759,1.002226,1.046980,0.992813,1.015457,1.039769,1.030475,1.017375,1.029784,1.025739,1.013174,1.021436,1.018751,0.973054,0.924902,1.012776,1.007159,1.020080,1.055663,1.054469,1.020188,0.991928,1.043391
5.281220,1.038750,1.007574,0.994874,0.980570,0.989136,0.991285,0.985605,0.985812,1.030327,1.010987,1.003167,0.990099,1.004717,0.993849,0.992824,1.011607,1.008774,1.002237,1.047006,0.992835,1.015485,1.039804,1.030505,1.017399,1.029788,1.025739,1.013180,1.021423,1.018734,0.973037,0.924907,1.012773,1.007188,1.020097,1.055708,1.054489,1.020206,0.991903,1.043384
5.289550,1.038745,1.007573,0.994880,0.980577,0.989141,0.991290,0.985609,0.985816,1.030324,1.010992,1.003172,0.990104,1.004723,0.993858,0.992842,1.011627,1.008787,1.002248,1.047031,0.992856,1.015513,1.039837,1.030534,1.017422,1.029792,1.025738,1.013186,1.021409,1.018716,0.973020,0.924912,1.012769,1.007216,1.020113,1.055753,1.054508,1.020224,0.991878,1.043376
5.297880,1.038740,1.007571,0.994885,0.980584,0.989145,0.991294,0.985613,0.985819,1.030321,1.010996,1.003176,0.990109,1.004728,0.993866,0.992859,1.011647,1.008800,1.002258,1.047055,0.992876,1.015539,1.039870,1.030562,1.017444,1.029794,1.025737,1.013191,1.021395,1.018697,0.973002,0.924916,1.012765,1.007243,1.020128,1.055797,1.054527,1.020241,0.991851,1.043369
5.306210,1.038734,1.007568,0.994890,0.980590,0.989149,0.991298,0.985616,0.985822,1.030318,1.010999,1.003179,0.990113,1.004733,0.993874,0.992875,1.011666,1.008812,1.002267,1.047078,0.992895,1.015564,1.039902,1.030589,1.017464,1.029796,1.025735,1.013196,1.021380,1.018678,0.972984,0.924919,1.012760,1.007269,1.020142,1.055840,1.054544,1.020257,0.991824,1.043361
5.314540,1.038728,1.007565,0.994893,0.980595,0.989153,0.991301,0.985619,0.985825,1.030315,1.011002,1.003182,0.990116,1.004736,0.993881,0.992891,1.011684,1.008824,1.002276,1.047100,0.992913,1.015589,1.039932,1.030615,1.017484,1.029798,1.025732,1.013199,1.021364,1.018658,0.972965,0.924922,1.012755,1.007295,1.020155,1.055882,1.054560,1.020273,0.991796,1.043354
5.322870,1.038721,1.007561,0.994896,0.980600,0.989155,0.991303,0.985621,0.985827,1.030312,1.011003,1.003184,0.990119,1.004739,0.993887,0.992905,1.011701,1.008834,1.002283,1.047121,0.992931,1.015612,1.039962,1.030640,1.017503,1.029799,1.025728,1.013202,1.021347,1.018637,0.972947,0.924924,1.012748,1.007319,1.020167,1.055923,1.054576,1.020288,0.991768,1.043347
5.331200,1.038714,1.007557,0.994898,0.980604,0.989157,0.991305,0.985622,0.985828,1.030308,1.011004,1.003185,0.990120,1.004741,0.993892,0.992918,1.011717,1.008843,1.002290,1.047141,0.992947,1.015634,1.039990,1.030664,1.017521,1.029799,1.025724,1.013204,1.021330,1.018615,0.972927,0.924926,1.012741,1.007343,1.020178,1.055964,1.054590,1.020303,0.991738,1.043339
5.339530,1.038707,1.007552,0.994900,0.980606,0.989158,0.991306,0.985623,0.985828,1.030304,1.011004,1.003185,0.990121,1.004743,0.993896,0.992930,1.011732,1.008852,1.002295,1.047160,0.992962,1.015656,1.040018,1.030687,1.017538,1.029799,1.025719,1.013205,1.021311,1.018592,0.972907,0.924926,1.012732,1.007366,1.020188,1.056003,1.054603,1.020317,0.991708,1.043332
5.347860,1.038699,1.007546,0.994900,0.980609,0.989158,0.991306,0.985622,0.985828,1.030300,1.011003,1.003185,0.990121,1.004743,0.993899,0.992941,1.011746,1.008859,1.002300,1.047178,0.992976,1.015676,1.040044,1.030709,1.017553,1.029798,1.025713,1.013205,1.021292,1.018569,0.972887,0.924926,1.012723,1.007388,1.020198,1.056041,1.054616,1.020331,0.991677,1.043324
5.356190,1.038691,1.007539,0.994900,0.980610,0.989157,0.991305,0.985621,0.985827,1.030296,1.011001,1.003183,0.990120,1.004742,0.993901,0.992952,1.011759,1.008865,1.002304,1.047194,0.992990,1.015695,1.040069,1.030730,1.017568,1.029797,1.025706,1.013204,1.021272,1.018545,0.972866,0.924926,1.012713,1.007409,1.020206,1.056078,1.054627,1.020343,0.991645,1.043317
5.364520,1.038683,1.007532,0.994898,0.980610,0.989156,0.991303,0.985620,0.985825,1.030291,1.010998,1.003181,0.990118,1.004741,0.993903,0.992961,1.011771,1.008871,1.002307,1.047210,0.993002,1.015713,1.040094,1.030749,1.017581,1.029794,1.025698,1.013202,1.021251,1.018519,0.972845,0.924924,1.012701,1.007429,1.020213,1.056115,1.054637,1.020356,0.991613,1.043309
5.372850,1.038674,1.007524,0.994896,0.980609,0.989154,0.991300,0.985617,0.985823,1.030286,1.010995,1.003177,0.990115,1.004738,0.993903,0.992969,1.011782,1.008875,1.002309,1.047225,0.993013,1.015730,1.040117,1.030768,1.017594,1.029791,1.025690,1.013200,1.021229,1.018493,0.972823,0.924922,1.012689,1.007448,1.020218,1.056150,1.054645,1.020367,0.991579,1.043301
5.381180,1.038665,1.007515,0.994893,0.980608,0.989151,0.991297,0.985614,0.985820,1.030281,1.010990,1.003173,0.990111,1.004735,0.993902,0.992976,1.011791,1.008879,1.002310,1.047238,0.993023,1.015745,1.040138,1.030785,1.017605,1.029788,1.025680,1.013196,1.021207,1.018466,0.972800,0.924918,1.012676,1.007466,1.020223,1.056184,1.054653,1.020378,0.991545,1.043294
5.389510,1.038656,1.007506,0.994889,0.980605,0.989147,0.991293,0.985610,0.985816,1.030275,1.010984,1.003168,0.990106,1.004730,0.993901,0.992981,1.011800,1.008881,1.002310,1.047251,0.993032,1.015760,1.040159,1.030801,1.017615,1.029783,1.025670,1.013192,1.021183,1.018438,0.972777,0.924914,1.012661,1.007483,1.020227,1.056217,1.054660,1.020388,0.991509,1.043286
5.397840,1.038646,1.007495,0.994884,0.980602,0.989142,0.991288,0.985605,0.985811,1.030270,1.010977,1.003161,0.990100,1.004724,0.993898,0.992986,1.011807,1.008882,1.002308,1.047262,0.993040,1.015773,1.040179,1.030816,1.017624,1.029778,1.025658,1.013186,1.021158,1.018410,0.972754,0.924910,1.012645,1.007499,1.020230,1.056249,1.054665,1.020397,0.991473,1.043278
5.406170,1.038636,1.007484,0.994878,0.980597,0.989136,0.991281,0.985599,0.985806,1.030263,1.010969,1.003154,0.990093,1.004718,0.993894,0.992989,1.011813,1.008882,1.002306,1.047272,0.993046,1.015785,1.040197,1.030830,1.017632,1.029772,1.025646,1.013179,1.021133,1.018380,0.972729,0.924904,1.012629,1.007514,1.020231,1.056280,1.054669,1.020406,0.991436,1.043271
5.414500,1.038625,1.007472,0.994871,0.980592,0.989129,0.991274,0.985593,0.985799,1.030257,1.010960,1.003146,0.990085,1.004710,0.993889,0.992992,1.011818,1.008881,1.002303,1.047281,0.993052,1.015796,1.040214,1.030842,1.017638,1.029766,1.025633,1.013172,1.021106,1.018349,0.972705,0.924897,1.012611,1.007528,1.020231,1.056310,1.054673,1.020414,0.991398,1.043263
5.422830,1.038614,1.007460,0.994863,0.980585,0.989122,0.991266,0.985585,0.985792,1.030250,1.010950,1.003136,0.990076,1.004701,0.993883,0.992993,1.011821,1.008879,1.002299,1.047288,0.993056,1.015806,1.040230,1.030853,1.017643,1.029759,1.025619,1.013163,1.021079,1.018317,0.972679,0.924890,1.012592,1.007541,1.020231,1.056339,1.054674,1.020421,0.991360,1.043255
5.431160,1.038603,1.007446,0.994855,0.980578,0.989113,0.991257,0.985577,0.985784,1.030243,1.010939,1.003126,0.990066,1.004691,0.993876,0.992992,1.011824,1.008876,1.002293,1.047295,0.993059,1.015814,1.040244,1.030863,1.017648,1.029750,1.025604,1.013154,1.021050,1.018285,0.972653,0.924881,1.012571,1.007553,1.020228,1.056366,1.054675,1.020428,0.991320,1.043247
5.439490,1.038591,1.007432,0.994845,0.980569,0.989103,0.991247,0.985568,0.985775,1.030235,1.010927,1.003115,0.990055,1.004680,0.993867,0.992991,1.011825,1.008872,1.002287,1.047300,0.993061,1.015822,1.040258,1.030872,1.017650,1.029741,1.025588,1.013143,1.021021,1.018251,0.972627,0.924872,1.012550,1.007563,1.020225,1.056393,1.054674,1.020434,0.991279,1.043239
5.447820,1.038579,1.007417,0.994834,0.980560,0.989093,0.991236,0.985557,0.985765,1.030227,1.010913,1.003102,0.990042,1.004668,0.993858,0.992988,1.011825,1.008866,1.002279,1.047304,0.993062,1.015827,1.040270,1.030879,1.017652,1.029732,1.025571,1.013131,1.020991,1.018216,0.972599,0.924862,1.012527,1.007573,1.020221,1.056418,1.054672,1.020439,0.991238,1.043231
5.456150,1.038566,1.007401,0.994822,0.980549,0.989081,0.991225,0.985546,0.985754,1.030219,1.010899,1.003088,0.990029,1.004654,0.993847,0.992985,1.011824,1.008860,1.002271,1.047306,0.993062,1.015832,1.040281,1.030885,1.017652,1.029721,1.025553,1.013119,1.020959,1.018181,0.972571,0.924851,1.012503,1.007582,1.020215,1.056442,1.054669,1.020443,0.991195,1.043223
5.464480,1.038553,1.007384,0.994809,0.980537,0.989068,0.991212,0.985534,0.985742,1.030210,1.010883,1.003074,0.990014,1.004640,0.993836,0.992980,1.011821,1.008852,1.002261,1.047308,0.993060,1.015836,1.040290,1.030890,1.017651,1.029710,1.025534,1.013105,1.020927,1.018144,0.972543,0.924839,1.012477,1.007589,1.020208,1.056465,1.054665,1.020447,0.991151,1.043215
5.472810,1.038540,1.007366,0.994795,0.980524,0.989055,0.991198,0.985521,0.985730,1.030201,1.010866,1.003058,0.989998,1.004624,0.993823,0.992973,1.011818,1.008843,1.002250,1.047308,0.993058,1.015838,1.040299,1.030893,1.017649,1.029698,1.025514,1.013090,1.020893,1.018106,0.972513,0.924826,1.012451,1.007596,1.020200,1.056487,1.054659,1.020449,0.991107,1.043207
5.481140,1.038526,1.007348,0.994780,0.980511,0.989040,0.991183,0.985507,0.985716,1.030192,1.010848,1.003041,0.989981,1.004607,0.993809,0.992966,1.011813,1.008833,1.002238,1.047307,0.993054,1.015838,1.040306,1.030896,1.017645,1.029685,1.025493,1.013074,1.020859,1.018068,0.972484,0.924812,1.012423,1.007601,1.020191,1.056507,1.054652,1.020451,0.991061,1.043199
5.489470,1.038511,1.007328,0.994764,0.980496,0.989025,0.991167,0.985492,0.985702,1.030182,1.010829,1.003023,0.989963,1.004589,0.993793,0.992957,1.011806,1.008821,1.002225,1.047304,0.993049,1.015838,1.040311,1.030896,1.017641,1.029671,1.025470,1.013057,1.020823,1.018028,0.972453,0.924797,1.012394,1.007605,1.020181,1.056526,1.054644,1.020452,0.991015,1.043191
5.497800,1.038497,1.007308,0.994747,0.980479,0.989008,0.991150,0.985477,0.985687,1.030172,1.010809,1.003003,0.989944,1.004570,0.993777,0.992947,1.011799,1.008809,1.002211,1.047301,0.993042,1.015836,1.040316,1.030896,1.017635,1.029656,1.025447,1.013039,1.020787,1.017987,0.972422,0.924781,1.012364,1.007608,1.020169,1.056545,1.054634,1.020453,0.990967,1.043183
5.506130,1.038482,1.007287,0.994729,0.980462,0.988990,0.991132,0.985460,0.985671,1.030161,1.010788,1.002983,0.989924,1.004550,0.993759,0.992935,1.011790,1.008795,1.002195,1.047296,0.993034,1.015833,1.040319,1.030894,1.017627,1.029641,1.025423,1.013019,1.020749,1.017945,0.972390,0.924764,1.012333,1.007610,1.020156,1.056561,1.054624,1.020452,0.990919,1.043175
5.514460,1.038466,1.007265,0.994710,0.980444,0.988972,0.991112,0.985442,0.985654,1.030150,1.010765,1.002962,0.989902,1.004528,0.993741,0.992923,1.011780,1.008780,1.002179,1.047289,0.993025,1.015829,1.040320,1.030891,1.017618,1.029625,1.025398,1.012999,1.020710,1.017902,0.972357,0.924746,1.012300,1.007611,1.020141,1.056577,1.054611,1.020451,0.990869,1.043167
5.522790,1.038450,1.007242,0.994690,0.980425,0.988952,0.991092,0.985423,0.985636,1.030139,1.010741,1.002939,0.989880,1.004506,0.993721,0.992909,1.011768,1.008764,1.002161,1.047282,0.993015,1.015823,1.040321,1.030886,1.017608,1.029608,1.025372,1.012978,1.020670,1.017858,0.972324,0.924727,1.012266,1.007611,1.020126,1.056592,1.054598,1.020449,0.990819,1.043158
5.531120,1.038434,1.007218,0.994669,0.980404,0.988931,0.991071,0.985404,0.985617,1.030127,1.010716,1.002916,0.989856,1.004482,0.993700,0.992893,1.011756,1.008747,1.002142,1.047273,0.993004,1.015816,1.040320,1.030880,1.017597,1.029590,1.025345,1.012955,1.020630,1.017813,0.972290,0.924708,1.012231,1.007609,1.020109,1.056605,1.054583,1.020447,0.990767,1.043150
5.539450,1.038418,1.007193,0.994647,0.980383,0.988910,0.991049,0.985383,0.985597,1.030115,1.010690,1.002891,0.989831,1.004457,0.993677,0.992877,1.011742,1.008728,1.002122,1.047263,0.992991,1.015808,1.040318,1.030873,1.017584,1.029571,1.025316,1.012931,1.020588,1.017767,0.972255,0.924687,1.012195,1.007607,1.020091,1.056617,1.054567,1.020443,0.990715,1.043142
5.547780,1.038401,1.007168,0.994623,0.980360,0.988887,0.991026,0.985362,0.985576,1.030103,1.010663,1.002865,0.989805,1.004431,0.993654,0.992859,1.011726,1.008709,1.002101,1.047251,0.992977,1.015798,1.040314,1.030865,1.017571,1.029552,1.025287,1.012907,1.020545,1.017720,0.972220,0.924665,1.012158,1.007603,1.020071,1.056628,1.054550,1.020439,0.990662,1.043133
5.556110,1.038383,1.007142,0.994599,0.980337,0.988863,0.991002,0.985340,0.985555,1.030090,1.010635,1.002838,0.989779,1.004404,0.993630,0.992840,1.011710,1.008688,1.002079,1.047239,0.992962,1.015787,1.040309,1.030855,1.017555,1.029531,1.025257,1.012881,1.020501,1.017672,0.972184,0.924643,1.012119,1.007598,1.020051,1.056637,1.054531,1.020434,0.990607,1.043125
5.564440,1.038365,1.007115,0.994574,0.980312,0.988839,0.990977,0.985316,0.985532,1.030077,1.010606,1.002811,0.989751,1.004376,0.993604,0.992820,1.011692,1.008666,1.002055,1.047225,0.992946,1.015775,1.040303,1.030843,1.017539,1.029510,1.025225,1.012854,1.020456,1.017623,0.972148,0.924620,1.012080,1.007592,1.020029,1.056646,1.054511,1.020428,0.990552,1.043117
5.572770,1.038347,1.007087,0.994548,0.980287,0.988813,0.990951,0.985292,0.985509,1.030063,1.010576,1.002782,0.989721,1.004347,0.993577,0.992799,1.011673,1.008643,1.002031,1.047209,0.992928,1.015762,1.040296,1.030831,1.017521,1.029488,1.025193,1.012826,1.020410,1.017573,0.972110,0.924595,1.012039,1.007585,1.020005,1.056653,1.054490,1.020421,0.990495,1.043108
5.581100,1.038329,1.007058,0.994520,0.980260,0.988787,0.990924,0.985267,0.985485,1.030050,1.010544,1.002752,0.989691,1.004316,0.993549,0.992776,1.011653,1.008619,1.002006,1.047193,0.992909,1.015747,1.040287,1.030817,1.017502,1.029465,1.025160,1.012797,1.020363,1.017521,0.972073,0.924570,1.011998,1.007576,1.019981,1.056659,1.054467,1.020414,0.990438,1.043100
5.589430,1.038310,1.007028,0.994492,0.980232,0.988760,0.990896,0.985241,0.985460,1.030036,1.010512,1.002721,0.989660,1.004285,0.993520,0.992752,1.011631,1.008593,1.001979,1.047175,0.992889,1.015731,1.040277,1.030802,1.017482,1.029442,1.025126,1.012767,1.020315,1.017469,0.972034,0.924544,1.011955,1.007567,1.019955,1.056664,1.054443,1.020406,0.990379,1.043092
5.597760,1.038291,1.006998,0.994463,0.980204,0.988731,0.990868,0.985215,0.985434,1.030021,1.010478,1.002689,0.989628,1.004252,0.993491,0.992727,1.011609,1.008567,1.001951,1.047156,0.992867,1.015714,1.040266,1.030786,1.017460,1.029417,1.025090,1.012736,1.020265,1.017416,0.971995,0.924517,1.011912,1.007556,1.019928,1.056667,1.054418,1.020397,0.990320,1.043083
5.606090,1.038271,1.006967,0.994433,0.980174,0.988702,0.990838,0.985187,0.985407,1.030006,1.010444,1.002656,0.989595,1.004219,0.993460,0.992701,1.011585,1.008539,1.001923,1.047135,0.992845,1.015695,1.040253,1.030768,1.017438,1.029392,1.025054,1.012704,1.020215,1.017361,0.971955,0.924490,1.011867,1.007545,1.019900,1.056670,1.054391,1.020387,0.990259,1.043075
5.614420,1.038251,1.006935,0.994402,0.980143,0.988672,0.990808,0.985159,0.985380,1.029991,1.010409,1.002623,0.989561,1.004185,0.993428,0.992674,1.011560,1.008510,1.001893,1.047114,0.992821,1.015676,1.040240,1.030749,1.017414,1.029366,1.025017,1.012671,1.020164,1.017306,0.971915,0.924461,1.011822,1.007532,1.019871,1.056671,1.054364,1.020377,0.990198,1.043067
5.622750,1.038231,1.006902,0.994370,0.980112,0.988641,0.990776,0.985129,0.985352,1.029976,1.010373,1.002588,0.989526,1.004149,0.993395,0.992645,1.011534,1.008481,1.001862,1.047091,0.992796,1.015655,1.040225,1.030729,1.017389,1.029340,1.024979,1.012636,1.020112,1.017250,0.971874,0.924432,1.011775,1.007518,1.019840,1.056671,1.054335,1.020366,0.990136,1.043058
5.631080,1.038211,1.006869,0.994337,0.980079,0.988609,0.990744,0.985100,0.985323,1.029960,1.010335,1.002553,0.989490,1.004113,0.993361,0.992616,1.011506,1.008450,1.001831,1.047067,0.992770,1.015633,1.040209,1.030708,1.017363,1.029312,1.024939,1.012601,1.020059,1.017192,0.971833,0.924402,1.011728,1.007503,1.019808,1.056670,1.054305,1.020354,0.990073,1.043050
5.639410,1.038190,1.006835,0.994303,0.980046,0.988577,0.990711,0.985069,0.985293,1.029944,1.010297,1.002516,0.989453,1.004076,0.993326,0.992585,1.011478,1.008418,1.001798,1.047042,0.992743,1.015609,1.040191,1.030685,1.017335,1.029284,1.024899,1.012565,1.020005,1.017134,0.971791,0.924371,1.011680,1.007487,1.019775,1.056668,1.054273,1.020342,0.990009,1.043042
5.647740,1.038169,1.006800,0.994269,0.980012,0.988544,0.990677,0.985038,0.985263,1.029928,1.010258,1.002479,0.989416,1.004038,0.993290,0.992553,1.011448,1.008385,1.001764,1.047016,0.992714,1.015585,1.040173,1.030661,1.017307,1.029255,1.024859,1.012528,1.019950,1.017075,0.971748,0.924339,1.011632,1.007470,1.019741,1.056665,1.054241,1.020329,0.989944,1.043033
5.656070,1.038148,1.006765,0.994233,0.979977,0.988510,0.990643,0.985005,0.985232,1.029912,1.010219,1.002441,0.989377,1.003999,0.993253,0.992521,1.011418,1.008351,1.001730,1.046988,0.992684,1.015560,1.040153,1.030636,1.017277,1.029226,1.024817,1.012490,1.019894,1.017015,0.971705,0.924307,1.011582,1.007452,1.019705,1.056660,1.054207,1.020315,0.989878,1.043025
5.664400,1.038126,1.006729,0.994197,0.979941,0.988475,0.990607,0.984973,0.985200,1.029895,1.010178,1.002403,0.989338,1.003960,0.993216,0.992487,1.011386,1.008317,1.001694,1.046960,0.992654,1.015533,1.040132,1.030610,1.017246,1.029196,1.024774,1.012451,1.019837,1.016954,0.971662,0.924274,1.011532,1.007433,1.019669,1.056655,1.054172,1.020300,0.989811,1.043017
5.672730,1.038105,1.006692,0.994160,0.979904,0.988439,0.990572,0.984939,0.985168,1.029878,1.010137,1.002363,0.989298,1.003919,0.993177,0.992452,1.011353,1.008281,1.001658,1.046930,0.992622,1.015505,1.040110,1.030583,1.017214,1.029165,1.024731,1.012412,1.019779,1.016892,0.971618,0.924241,1.011482,1.007413,1.019631,1.056648,1.054136,1.020285,0.989743,1.043009
5.681060,1.038083,1.006654,0.994122,0.979867,0.988403,0.990535,0.984905,0.985135,1.029861,1.010095,1.002323,0.989258,1.003878,0.993138,0.992416,1.011319,1.008244,1.001621,1.046899,0.992589,1.015477,1.040087,1.030555,1.017181,1.029134,1.024686,1.012371,1.019721,1.016829,0.971573,0.924206,1.011431,1.007392,1.019592,1.056641,1.054099,1.020269,0.989675,1.043001
5.689390,1.038060,1.006616,0.994084,0.979829,0.988366,0.990498,0.984870,0.985102,1.029843,1.010053,1.002282,0.989216,1.003837,0.993098,0.992380,1.011284,1.008206,1.001583,1.046867,0.992555,1.015447,1.040063,1.030525,1.017148,1.029102,1.024641,1.012330,1.019661,1.016765,0.971528,0.924172,1.011379,1.007370,1.019552,1.056632,1.054061,1.020253,0.989605,1.042993
5.697720,1.038038,1.006578,0.994044,0.979790,0.988329,0.990460,0.984835,0.985068,1.029826,1.010009,1.002241,0.989174,1.003794,0.993057,0.992342,1.011249,1.008168,1.001544,1.046834,0.992520,1.015416,1.040038,1.030495,1.017113,1.029069,1.024595,1.012287,1.019601,1.016701,0.971483,0.924136,1.011327,1.007347,1.019512,1.056622,1.054022,1.020236,0.989535,1.042984
5.706050,1.038015,1.006539,0.994004,0.979750,0.988291,0.990421,0.984799,0.985033,1.029808,1.009966,1.002199,0.989132,1.003751,0.993016,0.992303,1.011212,1.008129,1.001504,1.046801,0.992484,1.015384,1.040012,1.030463,1.017077,1.029036,1.024549,1.012244,1.019540,1.016636,0.971438,0.924100,1.011274,1.007324,1.019470,1.056612,1.053981,1.020219,0.989464,1.042977
5.714380,1.037992,1.006499,0.993964,0.979710,0.988252,0.990382,0.984763,0.984998,1.029790,1.009921,1.002156,0.989089,1.003707,0.992974,0.992264,1.011174,1.008088,1.001464,1.046766,0.992447,1.015352,1.039985,1.030431,1.017040,1.029002,1.024501,1.012200,1.019478,1.016570,0.971392,0.924064,1.011221,1.007299,1.019427,1.056600,1.053940,1.020201,0.989392,1.042969
5.722710,1.037969,1.006459,0.993923,0.979669,0.988213,0.990343,0.984726,0.984963,1.029772,1.009876,1.002113,0.989045,1.003663,0.992931,0.992224,1.011136,1.008048,1.001422,1.046730,0.992409,1.015318,1.039957,1.030397,1.017002,1.028968,1.024453,1.012156,1.019415,1.016503,0.971345,0.924027,1.011168,1.007273,1.019383,1.056588,1.053898,1.020182,0.989320,1.042961
5.731040,1.037946,1.006418,0.993881,0.979628,0.988173,0.990303,0.984689,0.984927,1.029754,1.009831,1.002069,0.989001,1.003618,0.992887,0.992183,1.011097,1.008006,1.001381,1.046693,0.992370,1.015284,1.039928,1.030363,1.016964,1.028933,1.024405,1.012111,1.019352,1.016435,0.971299,0.923990,1.011114,1.007247,1.019338,1.056574,1.053854,1.020163,0.989247,1.042953
5.739370,1.037923,1.006377,0.993839,0.979586,0.988133,0.990262,0.984651,0.984890,1.029736,1.009785,1.002025,0.988956,1.003573,0.992843,0.992141,1.011056,1.007963,1.001338,1.046655,0.992330,1.015248,1.039898,1.030328,1.016924,1.028898,1.024355,1.012065,1.019288,1.016367,0.971252,0.923952,1.011060,1.007220,1.019292,1.056560,1.053810,1.020143,0.989173,1.042945
5.747700,1.037899,1.006336,0.993796,0.979543,0.988093,0.990221,0.984613,0.984853,1.029718,1.009739,1.001981,0.988911,1.003527,0.992799,0.992099,1.011015,1.007920,1.001295,1.046617,0.992290,1.015212,1.039867,1.030291,1.016884,1.028862,1.024305,1.012018,1.019223,1.016298,0.971204,0.923913,1.011006,1.007192,1.019245,1.056545,1.053765,1.020123,0.989098,1.042938
5.756030,1.037876,1.006294,0.993752,0.979500,0.988052,0.990180,0.984575,0.984816,1.029699,1.009692,1.001936,0.988865,1.003481,0.992754,0.992055,1.010974,1.007876,1.001251,1.046577,0.992248,1.015175,1.039836,1.030254,1.016843,1.028826,1.024255,1.011971,1.019157,1.016228,0.971157,0.923875,1.010952,1.007163,1.019197,1.056529,1.053719,1.020103,0.989023,1.042930
5.764360,1.037852,1.006252,0.993708,0.979456,0.988011,0.990138,0.984536,0.984779,1.029681,1.009645,1.001890,0.988819,1.003434,0.992708,0.992011,1.010931,1.007832,1.001207,1.046537,0.992206,1.015137,1.039803,1.030216,1.016801,1.028790,1.024203,1.011923,1.019091,1.016158,0.971109,0.923836,1.010897,1.007133,1.019148,1.056512,1.053672,1.020082,0.988947,1.042923
5.772690,1.037829,1.006209,0.993664,0.979413,0.987969,0.990096,0.984497,0.984741,1.029662,1.009597,1.001845,0.988773,1.003387,0.992662,0.991967,1.010888,1.007787,1.001162,1.046496,0.992163,1.015099,1.039770,1.030178,1.016759,1.028753,1.024152,1.011874,1.019025,1.016087,0.971062,0.923797,1.010843,1.007103,1.019099,1.056494,1.053624,1.020060,0.988871,1.042915
5.781020,1.037805,1.006166,0.993619,0.979368,0.987927,0.990054,0.984458,0.984703,1.029643,1.009550,1.001799,0.988726,1.003340,0.992616,0.991922,1.010844,1.007741,1.001116,1.046454,0.992119,1.015060,1.039736,1.030138,1.016716,1.028715,1.024099,1.011825,1.018957,1.016015,0.971014,0.923757,1.010788,1.007072,1.019049,1.056476,1.053576,1.020038,0.988794,1.042908
5.789350,1.037781,1.006123,0.993574,0.979324,0.987885,0.990011,0.984418,0.984665,1.029625,1.009502,1.001753,0.988679,1.003292,0.992569,0.991876,1.010800,1.007695,1.001070,1.046412,0.992074,1.015020,1.039701,1.030098,1.016672,1.028678,1.024047,1.011776,1.018889,1.015943,0.970966,0.923717,1.010734,1.007040,1.018998,1.056457,1.053527,1.020016,0.988716,1.042901
5.797680,1.037757,1.006080,0.993528,0.979279,0.987842,0.989968,0.984378,0.984626,1.029606,1.009454,1.001706,0.988632,1.003244,0.992522,0.991830,1.010755,1.007648,1.001024,1.046368,0.992028,1.014979,1.039666,1.030057,1.016627,1.028640,1.023993,1.011726,1.018821,1.015871,0.970918,0.923677,1.010679,1.007007,1.018946,1.056437,1.053477,1.019994,0.988638,1.042894
5.806010,1.037733,1.006036,0.993483,0.979233,0.987799,0.989925,0.984338,0.984587,1.029588,1.009405,1.001660,0.988585,1.003196,0.992475,0.991783,1.010709,1.007601,1.000977,1.046324,0.991982,1.014938,1.039630,1.030016,1.016582,1.028602,1.023940,1.011676,1.018752,1.015797,0.970869,0.923637,1.010625,1.006974,1.018894,1.056416,1.053426,1.019971,0.988559,1.042887
5.814340,1.037709,1.005992,0.993436,0.979188,0.987757,0.989882,0.984298,0.984548,1.029569,1.009357,1.001613,0.988537,1.003148,0.992427,0.991736,1.010663,1.007553,1.000930,1.046280,0.991935,1.014896,1.039593,1.029973,1.016536,1.028563,1.023886,1.011625,1.018683,1.015724,0.970821,0.923597,1.010570,1.006941,1.018840,1.056395,1.053375,1.019948,0.988480,1.042881
5.822670,1.037685,1.005948,0.993390,0.979142,0.987713,0.989839,0.984257,0.984509,1.029550,1.009308,1.001566,0.988490,1.003100,0.992379,0.991688,1.010617,1.007505,1.000882,1.046235,0.991888,1.014854,1.039555,1.029931,1.016490,1.028525,1.023831,1.011573,1.018613,1.015650,0.970773,0.923556,1.010516,1.006907,1.018787,1.056373,1.053323,1.019924,0.988401,1.042874
5.831000,1.037661,1.005904,0.993343,0.979096,0.987670,0.989795,0.984217,0.984470,1.029532,1.009260,1.001519,0.988442,1.003051,0.992331,0.991640,1.010569,1.007457,1.000834,1.046189,0.991840,1.014811,1.039518,1.029887,1.016443,1.028486,1.023777,1.011522,1.018543,1.015575,0.970725,0.923515,1.010463,1.006872,1.018732,1.056351,1.053271,1.019900,0.988321,1.042868
5.839330,1.037637,1.005859,0.993296,0.979049,0.987627,0.989752,0.984176,0.984431,1.029513,1.009211,1.001472,0.988394,1.003003,0.992282,0.991592,1.010522,1.007408,1.000786,1.046143,0.991791,1.014768,1.039479,1.029843,1.016396,1.028447,1.023722,1.011470,1.018472,1.015500,0.970677,0.923475,1.010409,1.006837,1.018677,1.056328,1.053218,1.019876,0.988240,1.042861
5.847660,1.037613,1.005815,0.993249,0.979003,0.987584,0.989708,0.984135,0.984392,1.029495,1.009162,1.001425,0.988346,1.002954,0.992234,0.991543,1.010474,1.007359,1.000737,1.046096,0.991742,1.014724,1.039440,1.029799,1.016348,1.028408,1.023666,1.011418,1.018401,1.015425,0.970629,0.923434,1.010356,1.006801,1.018621,1.056304,1.053164,1.019852,0.988159,1.042855
5.855990,1.037589,1.005770,0.993202,0.978957,0.987540,0.989664,0.984095,0.984352,1.029477,1.009113,1.001378,0.988298,1.002905,0.992185,0.991494,1.010426,1.007309,1.000688,1.046048,0.991693,1.014680,1.039401,1.029754,1.016300,1.028368,1.023611,1.011365,1.018330,1.015350,0.970581,0.923393,1.010303,1.006765,1.018565,1.056280,1.053110,1.019828,0.988078,1.042849
5.864320,1.037565,1.005726,0.993155,0.978910,0.987497,0.989620,0.984054,0.984313,1.029458,1.009065,1.001331,0.988250,1.002857,0.992137,0.991445,1.010377,1.007259,1.000639,1.046001,0.991642,1.014635,1.039361,1.029709,1.016252,1.028329,1.023555,1.011312,1.018258,1.015274,0.970533,0.923352,1.010250,1.006728,1.018509,1.056256,1.053056,1.019803,0.987997,1.042843
5.872650,1.037542,1.005681,0.993107,0.978863,0.987453,0.989577,0.984013,0.984274,1.029440,1.009016,1.001284,0.988203,1.002808,0.992088,0.991395,1.010328,1.007209,1.000590,1.045953,0.991592,1.014590,1.039321,1.029663,1.016203,1.028289,1.023499,1.011259,1.018187,1.015198,0.970485,0.923311,1.010197,1.006691,1.018452,1.056231,1.053001,1.019779,0.987915,1.042837
5.880980,1.037518,1.005636,0.993060,0.978817,0.987410,0.989533,0.983973,0.984235,1.029422,1.008968,1.001237,0.988155,1.002760,0.992039,0.991345,1.010279,1.007159,1.000541,1.045904,0.991541,1.014545,1.039280,1.029617,1.016154,1.028250,1.023442,1.011206,1.018115,1.015121,0.970438,0.923271,1.010146,1.006653,1.018394,1.056206,1.052945,1.019754,0.987833,1.042832
5.889310,1.037494,1.005592,0.993012,0.978770,0.987366,0.989490,0.983932,0.984195,1.029404,1.008920,1.001191,0.988107,1.002711,0.991990,0.991295,1.010229,1.007108,1.000491,1.045855,0.991489,1.014499,1.039239,1.029570,1.016105,1.028210,1.023386,1.011153,1.018042,1.015045,0.970390,0.923230,1.010094,1.006615,1.018336,1.056180,1.052890,1.019729,0.987751,1.042826
5.897640,1.037471,1.005547,0.992965,0.978723,0.987323,0.989446,0.983892,0.984156,1.029387,1.008872,1.001144,0.988060,1.002663,0.991942,0.991245,1.010179,1.007058,1.000442,1.045806,0.991438,1.014453,1.039198,1.029524,1.016055,1.028171,1.023330,1.011099,1.017970,1.014968,0.970343,0.923189,1.010043,1.006577,1.018278,1.056154,1.052834,1.019703,0.987669,1.042821
5.905970,1.037448,1.005503,0.992917,0.978676,0.987280,0.989403,0.983851,0.984117,1.029369,1.008824,1.001097,0.988013,1.002615,0.991893,0.991195,1.010129,1.007007,1.000392,1.045756,0.991386,1.014407,1.039156,1.029477,1.016005,1.028131,1.023273,1.011046,1.017897,1.014891,0.970297,0.923149,1.009992,1.006539,1.018219,1.056127,1.052778,1.019678,0.987586,1.042816
5.914300,1.037424,1.005458,0.992870,0.978630,0.987237,0.989359,0.983811,0.984079,1.029352,1.008776,1.001051,0.987965,1.002567,0.991844,0.991145,1.010079,1.006956,1.000342,1.045706,0.991333,1.014361,1.039114,1.029429,1.015955,1.028091,1.023216,1.010992,1.017824,1.014814,0.970250,0.923108,1.009942,1.006500,1.018160,1.056100,1.052721,1.019653,0.987503,1.042811
5.922630,1.037401,1.005414,0.992822,0.978583,0.987194,0.989316,0.983771,0.984040,1.029335,1.008728,1.001005,0.987918,1.002519,0.991796,0.991094,1.010029,1.006905,1.000293,1.045656,0.991281,1.014315,1.039072,1.029382,1.015905,1.028052,1.023160,1.010938,1.017752,1.014736,0.970204,0.923068,1.009893,1.006461,1.018101,1.056073,1.052665,1.019628,0.987421,1.042806
5.930960,1.037379,1.005370,0.992775,0.978537,0.987151,0.989274,0.983731,0.984001,1.029318,1.008681,1.000959,0.987872,1.002471,0.991748,0.991044,1.009979,1.006854,1.000243,1.045606,0.991228,1.014268,1.039030,1.029334,1.015855,1.028013,1.023103,1.010884,1.017679,1.014659,0.970158,0.923028,1.009844,1.006422,1.018042,1.056046,1.052608,1.019602,0.987338,1.042802
5.939290,1.037356,1.005326,0.992728,0.978491,0.987109,0.989231,0.983692,0.983963,1.029301,1.008634,1.000914,0.987825,1.002424,0.991699,0.990993,1.009928,1.006803,1.000193,1.045555,0.991175,1.014221,1.038987,1.029286,1.015804,1.027973,1.023046,1.010830,1.017606,1.014582,0.970113,0.922988,1.009795,1.006382,1.017982,1.056018,1.052551,1.019577,0.987255,1.042797
5.947620,1.037333,1.005282,0.992680,0.978445,0.987067,0.989188,0.983652,0.983925,1.029284,1.008588,1.000869,0.987779,1.002377,0.991651,0.990943,1.009878,1.006752,1.000143,1.045505,0.991121,1.014174,1.038944,1.029238,1.015754,1.027934,1.022990,1.010777,1.017533,1.014505,0.970068,0.922949,1.009748,1.006342,1.017922,1.055990,1.052494,1.019552,0.987172,1.042793
5.955950,1.037311,1.005239,0.992633,0.978399,0.987024,0.989146,0.983613,0.983887,1.029268,1.008541,1.000824,0.987733,1.002330,0.991604,0.990892,1.009827,1.006702,1.000094,1.045454,0.991068,1.014127,1.038902,1.029190,1.015703,1.027895,1.022933,1.010723,1.017460,1.014427,0.970023,0.922909,1.009700,1.006303,1.017862,1.055962,1.052437,1.019527,0.987089,1.042789
5.964280,1.037289,1.005195,0.992587,0.978353,0.986983,0.989104,0.983574,0.983849,1.029251,1.008495,1.000779,0.987688,1.002284,0.991556,0.990842,1.009776,1.006651,1.000044,1.045403,0.991014,1.014080,1.038859,1.029142,1.015653,1.027856,1.022876,1.010669,1.017387,1.014350,0.969979,0.922870,1.009654,1.006263,1.017802,1.055934,1.052379,1.019501,0.987005,1.042785
5.972610,1.037267,1.005152,0.992540,0.978308,0.986941,0.989063,0.983535,0.983812,1.029236,1.008450,1.000735,0.987642,1.002238,0.991509,0.990791,1.009726,1.006600,0.999995,1.045352,0.990961,1.014033,1.038816,1.029094,1.015602,1.027818,1.022820,1.010616,1.017314,1.014273,0.969935,0.922831,1.009608,1.006223,1.017742,1.055906,1.052322,1.019476,0.986922,1.042781
5.980940,1.037245,1.005110,0.992494,0.978262,0.986900,0.989021,0.983497,0.983775,1.029220,1.008404,1.000691,0.987597,1.002192,0.991462,0.990741,1.009675,1.006549,0.999946,1.045301,0.990907,1.013986,1.038773,1.029045,1.015552,1.027779,1.022764,1.010562,1.017241,1.014195,0.969892,0.922792,1.009562,1.006182,1.017682,1.055877,1.052265,1.019451,0.986839,1.042778
5.989270,1.037223,1.005067,0.992448,0.978217,0.986859,0.988980,0.983458,0.983738,1.029204,1.008360,1.000647,0.987553,1.002147,0.991415,0.990691,1.009625,1.006499,0.999897,1.045250,0.990853,1.013939,1.038730,1.028997,1.015501,1.027741,1.022708,1.010509,1.017168,1.014118,0.969849,0.922754,1.009517,1.006142,1.017621,1.055849,1.052207,1.019426,0.986757,1.042774
5.997600,1.037202,1.005025,0.992402,0.978173,0.986818,0.988939,0.983421,0.983701,1.029189,1.008315,1.000604,0.987509,1.002101,0.991368,0.990641,1.009575,1.006448,0.999848,1.045199,0.990799,1.013892,1.038687,1.028949,1.015451,1.027703,1.022652,1.010456,1.017096,1.014041,0.969807,0.922716,1.009473,1.006102,1.017561,1.055820,1.052150,1.019401,0.986674,1.042771
6.005930,1.037181,1.004983,0.992356,0.978128,0.986778,0.988899,0.983383,0.983665,1.029174,1.008271,1.000561,0.987465,1.002057,0.991322,0.990591,1.009524,1.006398,0.999799,1.045148,0.990745,1.013845,1.038644,1.028901,1.015400,1.027665,1.022596,1.010403,1.017023,1.013965,0.969765,0.922678,1.009430,1.006061,1.017501,1.055791,1.052093,1.019377,0.986591,1.042768
6.014260,1.037160,1.004941,0.992311,0.978084,0.986738,0.988859,0.983346,0.983629,1.029159,1.008227,1.000518,0.987421,1.002012,0.991276,0.990542,1.009474,1.006348,0.999751,1.045097,0.990691,1.013798,1.038601,1.028853,1.015350,1.027628,1.022540,1.010350,1.016951,1.013888,0.969724,0.922641,1.009387,1.006021,1.017440,1.055762,1.052036,1.019352,0.986509,1.042766
6.022590,1.037139,1.004900,0.992266,0.978040,0.986698,0.988819,0.983309,0.983594,1.029145,1.008184,1.000476,0.987378,1.001968,0.991230,0.990492,1.009424,1.006298,0.999703,1.045046,0.990638,1.013752,1.038558,1.028804,1.015300,1.027590,1.022485,1.010297,1.016879,1.013811,0.969683,0.922604,1.009345,1.005981,1.017380,1.055734,1.051979,1.019328,0.986426,1.042763
6.030920,1.037119,1.004859,0.992221,0.977997,0.986659,0.988780,0.983272,0.983558,1.029130,1.008141,1.000434,0.987336,1.001925,0.991185,0.990443,1.009375,1.006248,0.999655,1.044995,0.990584,1.013705,1.038515,1.028757,1.015250,1.027553,1.022430,1.010245,1.016807,1.013735,0.969643,0.922567,1.009303,1.005940,1.017320,1.055705,1.051922,1.019303,0.986344,1.042761
6.039250,1.037099,1.004819,0.992177,0.977954,0.986620,0.988741,0.983236,0.983523,1.029116,1.008099,1.000393,0.987293,1.001882,0.991140,0.990394,1.009325,1.006199,0.999607,1.044944,0.990530,1.013659,1.038472,1.028709,1.015200,1.027517,1.022375,1.010193,1.016736,1.013659,0.969604,0.922530,1.009262,1.005900,1.017260,1.055676,1.051865,1.019279,0.986262,1.042758
6.047580,1.037079,1.004779,0.992133,0.977911,0.986581,0.988702,0.983200,0.983489,1.029103,1.008057,1.000352,0.987252,1.001839,0.991096,0.990345,1.009276,1.006149,0.999559,1.044893,0.990477,1.013612,1.038430,1.028661,1.015150,1.027481,1.022320,1.010141,1.016664,1.013583,0.969565,0.922494,1.009222,1.005860,1.017200,1.055647,1.051809,1.019256,0.986181,1.042756
6.055910,1.037059,1.004739,0.992089,0.977869,0.986543,0.988664,0.983165,0.983455,1.029089,1.008016,1.000312,0.987210,1.001797,0.991051,0.990297,1.009226,1.006100,0.999512,1.044843,0.990423,1.013566,1.038387,1.028614,1.015101,1.027445,1.022266,1.010090,1.016593,1.013508,0.969527,0.922459,1.009182,1.005820,1.017140,1.055619,1.051753,1.019232,0.986099,1.042754
6.064240,1.037040,1.004700,0.992046,0.977827,0.986505,0.988626,0.983130,0.983421,1.029076,1.007975,1.000272,0.987169,1.001755,0.991008,0.990248,1.009177,1.006052,0.999466,1.044792,0.990370,1.013520,1.038345,1.028566,1.015052,1.027409,1.022212,1.010038,1.016522,1.013433,0.969489,0.922423,1.009143,1.005780,1.017080,1.055590,1.051697,1.019209,0.986018,1.042753
6.072570,1.037021,1.004661,0.992003,0.977785,0.986468,0.988589,0.983095,0.983387,1.029063,1.007934,1.000232,0.987129,1.001714,0.990964,0.990200,1.009129,1.006003,0.999419,1.044742,0.990317,1.013475,1.038303,1.028519,1.015003,1.027374,1.022158,1.009987,1.016452,1.013358,0.969452,0.922388,1.009105,1.005740,1.017021,1.055561,1.051641,1.019185,0.985937,1.042751
6.080900,1.037002,1.004623,0.991960,0.977744,0.986431,0.988552,0.983061,0.983354,1.029050,1.007894,1.000193,0.987089,1.001673,0.990921,0.990153,1.009080,1.005955,0.999373,1.044692,0.990264,1.013429,1.038261,1.028472,1.014954,1.027339,1.022105,1.009937,1.016382,1.013283,0.969416,0.922354,1.009067,1.005700,1.016961,1.055533,1.051585,1.019162,0.985856,1.042750
6.089230,1.036984,1.004585,0.991918,0.977703,0.986394,0.988515,0.983027,0.983322,1.029038,1.007855,1.000154,0.987049,1.001632,0.990879,0.990106,1.009032,1.005908,0.999327,1.044642,0.990211,1.013384,1.038219,1.028426,1.014905,1.027304,1.022052,1.009886,1.016312,1.013209,0.969380,0.922320,1.009030,1.005660,1.016902,1.055505,1.051530,1.019140,0.985776,1.042749
6.097560,1.036965,1.004548,0.991876,0.977662,0.986358,0.988479,0.982993,0.983289,1.029026,1.007815,1.000116,0.987010,1.001592,0.990836,0.990059,1.008984,1.005860,0.999282,1.044593,0.990158,1.013339,1.038178,1.028379,1.014857,1.027270,1.021999,1.009836,1.016242,1.013135,0.969346,0.922286,1.008993,1.005620,1.016843,1.055476,1.051475,1.019117,0.985696,1.042748
6.105890,1.036947,1.004511,0.991835,0.977622,0.986322,0.988443,0.982960,0.983257,1.029014,1.007777,1.000078,0.986971,1.001553,0.990795,0.990012,1.008937,1.005813,0.999237,1.044543,0.990106,1.013294,1.038137,1.028333,1.014809,1.027237,1.021947,1.009787,1.016173,1.013061,0.969311,0.922252,1.008957,1.005581,1.016785,1.055448,1.051421,1.019095,0.985616,1.042747
6.114220,1.036930,1.004474,0.991794,0.977583,0.986287,0.988408,0.982927,0.983226,1.029002,1.007739,1.000041,0.986933,1.001514,0.990753,0.989966,1.008890,1.005766,0.999192,1.044494,0.990054,1.013250,1.038096,1.028287,1.014762,1.027203,1.021895,1.009738,1.016104,1.012988,0.969278,0.922219,1.008922,1.005542,1.016727,1.055420,1.051366,1.019073,0.985537,1.042747
6.122550,1.036913,1.004438,0.991754,0.977543,0.986252,0.988373,0.982895,0.983195,1.028991,1.007701,1.000004,0.986895,1.001475,0.990712,0.989920,1.008843,1.005720,0.999148,1.044445,0.990002,1.013206,1.038055,1.028242,1.014715,1.027171,1.021844,1.009689,1.016036,1.012916,0.969245,0.922187,1.008887,1.005503,1.016669,1.055393,1.051312,1.019052,0.985458,1.042746
6.130880,1.036896,1.004403,0.991714,0.977504,0.986217,0.988338,0.982863,0.983164,1.028980,1.007664,0.999968,0.986858,1.001437,0.990672,0.989874,1.008796,1.005674,0.999104,1.044397,0.989950,1.013162,1.038014,1.028197,1.014668,1.027138,1.021793,1.009640,1.015968,1.012843,0.969213,0.922154,1.008853,1.005464,1.016611,1.055365,1.051259,1.019030,0.985380,1.042746
6.139210,1.036879,1.004368,0.991674,0.977466,0.986183,0.988304,0.982832,0.983134,1.028969,1.007627,0.999932,0.986821,1.001399,0.990632,0.989829,1.008750,1.005628,0.999061,1.044348,0.989899,1.013118,1.037974,1.028152,1.014621,1.027106,1.021742,1.009592,1.015900,1.012771,0.969182,0.922123,1.008819,1.005425,1.016554,1.055338,1.051206,1.019009,0.985302,1.042746
6.147540,1.036862,1.004333,0.991635,0.977428,0.986149,0.988271,0.982800,0.983104,1.028959,1.007591,0.999896,0.986785,1.001362,0.990592,0.989784,1.008704,1.005583,0.999018,1.044300,0.989848,1.013075,1.037934,1.028107,1.014575,1.027075,1.021692,1.009545,1.015833,1.012700,0.969151,0.922091,1.008786,1.005386,1.016496,1.055310,1.051153,1.018989,0.985224,1.042746
6.155870,1.036846,1.004299,0.991597,0.977391,0.986116,0.988237,0.982770,0.983074,1.028948,1.007555,0.999861,0.986749,1.001325,0.990553,0.989739,1.008658,1.005538,0.998975,1.044253,0.989797,1.013032,1.037894,1.028063,1.014529,1.027044,1.021642,1.009497,1.015767,1.012629,0.969121,0.922060,1.008754,1.005348,1.016440,1.055283,1.051101,1.018968,0.985147,1.042746
6.164200,1.036831,1.004266,0.991559,0.977353,0.986083,0.988205,0.982739,0.983045,1.028938,1.007519,0.999827,0.986713,1.001289,0.990514,0.989695,1.008613,1.005494,0.998933,1.044205,0.989747,1.012990,1.037855,1.028019,1.014483,1.027013,1.021593,1.009450,1.015700,1.012558,0.969092,0.922029,1.008722,1.005310,1.016383,1.055257,1.051049,1.018948,0.985070,1.042747
6.172530,1.036815,1.004233,0.991521,0.977317,0.986050,0.988172,0.982709,0.983016,1.028929,1.007485,0.999793,0.986678,1.001253,0.990476,0.989652,1.008569,1.005450,0.998891,1.044158,0.989697,1.012947,1.037816,1.027975,1.014438,1.026983,1.021544,1.009404,1.015635,1.012488,0.969064,0.921999,1.008690,1.005272,1.016327,1.055230,1.050997,1.018929,0.984994,1.042747
6.180860,1.036800,1.004200,0.991484,0.977281,0.986018,0.988140,0.982680,0.982987,1.028919,1.007450,0.999759,0.986644,1.001217,0.990438,0.989608,1.008524,1.005406,0.998850,1.044111,0.989647,1.012906,1.037778,1.027932,1.014393,1.026953,1.021495,1.009358,1.015569,1.012418,0.969036,0.921969,1.008660,1.005235,1.016272,1.055204,1.050946,1.018909,0.984918,1.042748
6.189190,1.036785,1.004168,0.991447,0.977245,0.985987,0.988108,0.982651,0.982959,1.028910,1.007416,0.999726,0.986609,1.001182,0.990401,0.989565,1.008480,1.005363,0.998809,1.044065,0.989598,1.012864,1.037739,1.027889,1.014349,1.026924,1.021447,1.009313,1.015505,1.012349,0.969009,0.921940,1.008629,1.005197,1.016217,1.055178,1.050895,1.018890,0.984843,1.042749
6.197520,1.036771,1.004137,0.991411,0.977209,0.985955,0.988077,0.982622,0.982932,1.028901,1.007383,0.999693,0.986576,1.001148,0.990364,0.989523,1.008437,1.005321,0.998768,1.044019,0.989548,1.012823,1.037701,1.027847,1.014305,1.026895,1.021400,1.009268,1.015440,1.012281,0.968983,0.921911,1.008599,1.005160,1.016162,1.055152,1.050845,1.018871,0.984768,1.042750
6.205850,1.036756,1.004106,0.991375,0.977174,0.985925,0.988047,0.982593,0.982904,1.028892,1.007349,0.999660,0.986542,1.001114,0.990327,0.989481,1.008393,1.005278,0.998728,1.043973,0.989500,1.012782,1.037664,1.027805,1.014261,1.026867,1.021353,1.009223,1.015376,1.012213,0.968957,0.921882,1.008570,1.005124,1.016107,1.055126,1.050795,1.018853,0.984693,1.042751
6.214180,1.036743,1.004076,0.991340,0.977140,0.985894,0.988016,0.982565,0.982878,1.028884,1.007317,0.999628,0.986509,1.001080,0.990291,0.989439,1.008351,1.005236,0.998689,1.043928,0.989451,1.012742,1.037626,1.027763,1.014218,1.026839,1.021306,1.009179,1.015313,1.012145,0.968933,0.921853,1.008541,1.005087,1.016053,1.055101,1.050746,1.018835,0.984620,1.042753
6.222510,1.036729,1.004046,0.991305,0.977106,0.985864,0.987986,0.982538,0.982851,1.028875,1.007285,0.999597,0.986477,1.001047,0.990255,0.989398,1.008308,1.005195,0.998650,1.043883,0.989403,1.012702,1.037589,1.027722,1.014175,1.026811,1.021260,1.009135,1.015250,1.012078,0.968909,0.921825,1.008512,1.005051,1.016000,1.055076,1.050697,1.018817,0.984546,1.042754
6.230840,1.036716,1.004017,0.991271,0.977072,0.985835,0.987957,0.982511,0.982825,1.028867,1.007253,0.999566,0.986445,1.001014,0.990220,0.989357,1.008266,1.005154,0.998611,1.043838,0.989356,1.012662,1.037553,1.027681,1.014133,1.026784,1.021215,1.009092,1.015188,1.012011,0.968886,0.921798,1.008484,1.005015,1.015947,1.055051,1.050649,1.018800,0.984473,1.042756
6.239170,1.036703,1.003988,0.991237,0.977039,0.985805,0.987928,0.982484,0.982799,1.028859,1.007221,0.999535,0.986413,1.000982,0.990185,0.989317,1.008225,1.005114,0.998573,1.043794,0.989309,1.012623,1.037516,1.027640,1.014091,1.026758,1.021169,1.009049,1.015126,1.011945,0.968863,0.921771,1.008456,1.004979,1.015894,1.055026,1.050601,1.018783,0.984401,1.042758
6.247500,1.036690,1.003960,0.991204,0.977006,0.985777,0.987899,0.982457,0.982774,1.028852,1.007190,0.999505,0.986382,1.000950,0.990151,0.989277,1.008184,1.005073,0.998536,1.043750,0.989262,1.012584,1.037481,1.027600,1.014049,1.026732,1.021125,1.009007,1.015065,1.011880,0.968842,0.921744,1.008429,1.004944,1.015842,1.055002,1.050553,1.018766,0.984329,1.042760
6.255830,1.036678,1.003933,0.991171,0.976974,0.985748,0.987870,0.982431,0.982749,1.028844,1.007160,0.999475,0.986352,1.000918,0.990117,0.989237,1.008143,1.005034,0.998498,1.043707,0.989215,1.012546,1.037445,1.027561,1.014008,1.026707,1.021081,1.008965,1.015004,1.011815,0.968821,0.921717,1.008402,1.004909,1.015790,1.054978,1.050506,1.018750,0.984258,1.042762
6.264160,1.036666,1.003906,0.991138,0.976942,0.985720,0.987842,0.982406,0.982724,1.028837,1.007130,0.999445,0.986321,1.000887,0.990083,0.989198,1.008103,1.004995,0.998462,1.043664,0.989169,1.012508,1.037410,1.027521,1.013967,1.026682,1.021037,1.008924,1.014944,1.011750,0.968801,0.921691,1.008376,1.004874,1.015739,1.054954,1.050460,1.018734,0.984187,1.042764
6.272490,1.036654,1.003879,0.991107,0.976911,0.985692,0.987815,0.982380,0.982700,1.028830,1.007100,0.999416,0.986291,1.000856,0.990050,0.989160,1.008063,1.004956,0.998426,1.043621,0.989124,1.012471,1.037375,1.027483,1.013927,1.026657,1.020994,1.008883,1.014885,1.011686,0.968782,0.921665,1.008350,1.004839,1.015688,1.054931,1.050414,1.018719,0.984117,1.042767
6.280820,1.036643,1.003853,0.991075,0.976880,0.985665,0.987788,0.982355,0.982676,1.028823,1.007071,0.999388,0.986262,1.000826,0.990017,0.989121,1.008024,1.004918,0.998390,1.043579,0.989079,1.012434,1.037341,1.027444,1.013887,1.026633,1.020951,1.008843,1.014826,1.011623,0.968763,0.921640,1.008324,1.004805,1.015637,1.054908,1.050368,1.018704,0.984047,1.042769
6.289150,1.036632,1.003828,0.991044,0.976849,0.985638,0.987761,0.982331,0.982652,1.028817,1.007042,0.999359,0.986233,1.000796,0.989985,0.989084,1.007985,1.004880,0.998355,1.043537,0.989034,1.012397,1.037307,1.027406,1.013848,1.026610,1.020909,1.008803,1.014767,1.011560,0.968745,0.921615,1.008299,1.004771,1.015587,1.054885,1.050323,1.018689,0.983978,1.042772
6.297480,1.036621,1.003803,0.991014,0.976819,0.985612,0.987735,0.982306,0.982629,1.028811,1.007013,0.999332,0.986204,1.000767,0.989953,0.989046,1.007946,1.004843,0.998320,1.043496,0.988990,1.012361,1.037274,1.027369,1.013809,1.026587,1.020868,1.008763,1.014709,1.011498,0.968728,0.921590,1.008274,1.004738,1.015538,1.054862,1.050279,1.018675,0.983910,1.042775
6.305810,1.036611,1.003779,0.990984,0.976789,0.985586,0.987709,0.982283,0.982606,1.028804,1.006985,0.999304,0.986176,1.000738,0.989922,0.989009,1.007908,1.004806,0.998285,1.043455,0.988946,1.012325,1.037241,1.027332,1.013771,1.026564,1.020827,1.008724,1.014652,1.011436,0.968712,0.921566,1.008249,1.004705,1.015489,1.054840,1.050235,1.018661,0.983842,1.042777
6.314140,1.036601,1.003755,0.990955,0.976760,0.985560,0.987683,0.982259,0.982584,1.028799,1.006958,0.999277,0.986148,1.000709,0.989891,0.988973,1.007871,1.004770,0.998252,1.043414,0.988902,1.012289,1.037208,1.027295,1.013733,1.026542,1.020786,1.008686,1.014595,1.011375,0.968697,0.921542,1.008225,1.004672,1.015440,1.054818,1.050192,1.018647,0.983775,1.042780
6.322470,1.036591,1.003732,0.990926,0.976731,0.985535,0.987658,0.982236,0.982561,1.028793,1.006930,0.999250,0.986120,1.000681,0.989860,0.988937,1.007834,1.004734,0.998218,1.043374,0.988859,1.012254,1.037176,1.027259,1.013695,1.026520,1.020746,1.008648,1.014539,1.011315,0.968682,0.921519,1.008201,1.004639,1.015392,1.054796,1.050149,1.018634,0.983708,1.042784
6.330800,1.036582,1.003710,0.990898,0.976702,0.985510,0.987633,0.982213,0.982540,1.028787,1.006903,0.999224,0.986093,1.000653,0.989830,0.988902,1.007797,1.004699,0.998186,1.043334,0.988817,1.012220,1.037144,1.027223,1.013658,1.026499,1.020707,1.008611,1.014483,1.011255,0.968668,0.921495,1.008178,1.004607,1.015345,1.054775,1.050106,1.018621,0.983642,1.042787
6.339130,1.036573,1.003688,0.990870,0.976674,0.985486,0.987609,0.982191,0.982518,1.028782,1.006877,0.999198,0.986067,1.000626,0.989801,0.988866,1.007761,1.004664,0.998153,1.043295,0.988775,1.012186,1.037113,1.027188,1.013621,1.026479,1.020668,1.008574,1.014428,1.011196,0.968655,0.921473,1.008155,1.004575,1.015298,1.054754,1.050064,1.018608,0.983576,1.042790
6.347460,1.036564,1.003666,0.990843,0.976647,0.985461,0.987584,0.982169,0.982497,1.028777,1.006851,0.999173,0.986040,1.000599,0.989771,0.988832,1.007725,1.004630,0.998121,1.043256,0.988733,1.012152,1.037082,1.027153,1.013585,1.026459,1.020630,1.008538,1.014373,1.011137,0.968642,0.921450,1.008132,1.004543,1.015251,1.054733,1.050023,1.018596,0.983511,1.042794
6.355790,1.036555,1.003645,0.990816,0.976620,0.985438,0.987561,0.982147,0.982476,1.028772,1.006825,0.999148,0.986015,1.000572,0.989743,0.988798,1.007690,1.004596,0.998090,1.043218,0.988692,1.012119,1.037051,1.027119,1.013550,1.026439,1.020592,1.008502,1.014320,1.011079,0.968630,0.921428,1.008109,1.004512,1.015205,1.054713,1.049982,1.018584,0.983447,1.042797
6.364120,1.036547,1.003625,0.990789,0.976593,0.985414,0.987538,0.982126,0.982456,1.028767,1.006800,0.999123,0.985989,1.000546,0.989714,0.988764,1.007655,1.004562,0.998059,1.043180,0.988651,1.012086,1.037021,1.027085,1.013514,1.026420,1.020554,1.008467,1.014266,1.011022,0.968619,0.921406,1.008087,1.004481,1.015160,1.054693,1.049942,1.018573,0.983383,1.042801
6.372450,1.036539,1.003606,0.990764,0.976567,0.985391,0.987515,0.982105,0.982436,1.028762,1.006775,0.999099,0.985964,1.000520,0.989686,0.988731,1.007621,1.004530,0.998029,1.043142,0.988611,1.012054,1.036991,1.027052,1.013480,1.026402,1.020518,1.008432,1.014214,1.010965,0.968609,0.921385,1.008066,1.004451,1.015115,1.054673,1.049902,1.018562,0.983320,1.042805
6.380780,1.036532,1.003586,0.990738,0.976541,0.985369,0.987492,0.982084,0.982416,1.028758,1.006751,0.999075,0.985939,1.000495,0.989659,0.988698,1.007587,1.004497,0.997999,1.043105,0.988571,1.012022,1.036962,1.027019,1.013446,1.026384,1.020481,1.008398,1.014161,1.010909,0.968600,0.921364,1.008044,1.004420,1.015070,1.054654,1.049863,1.018552,0.983257,1.042809
6.389110,1.036525,1.003568,0.990714,0.976516,0.985347,0.987470,0.982064,0.982397,1.028754,1.006726,0.999051,0.985915,1.000470,0.989632,0.988666,1.007554,1.004465,0.997970,1.043069,0.988532,1.011991,1.036933,1.026986,1.013412,1.026366,1.020446,1.008364,1.014110,1.010853,0.968591,0.921343,1.008023,1.004391,1.015026,1.054635,1.049824,1.018542,0.983195,1.042812
6.397440,1.036518,1.003550,0.990690,0.976491,0.985325,0.987448,0.982044,0.982378,1.028750,1.006703,0.999028,0.985891,1.000445,0.989605,0.988634,1.007521,1.004434,0.997941,1.043033,0.988493,1.011960,1.036905,1.026954,1.013379,1.026349,1.020411,1.008331,1.014059,1.010798,0.968583,0.921323,1.008002,1.004361,1.014983,1.054616,1.049786,1.018532,0.983134,1.042817
6.405770,1.036512,1.003533,0.990666,0.976466,0.985304,0.987427,0.982025,0.982359,1.028746,1.006680,0.999006,0.985868,1.000421,0.989579,0.988603,1.007489,1.004403,0.997913,1.042997,0.988455,1.011930,1.036877,1.026923,1.013346,1.026332,1.020376,1.008298,1.014009,1.010744,0.968576,0.921303,1.007982,1.004332,1.014940,1.054598,1.049748,1.018522,0.983073,1.042821
6.414100,1.036505,1.003516,0.990643,0.976442,0.985283,0.987406,0.982006,0.982341,1.028742,1.006657,0.998983,0.985845,1.000397,0.989554,0.988572,1.007457,1.004373,0.997885,1.042962,0.988417,1.011900,1.036849,1.026892,1.013314,1.026316,1.020342,1.008266,1.013959,1.010690,0.968569,0.921283,1.007962,1.004303,1.014898,1.054580,1.049711,1.018514,0.983013,1.042825
6.422430,1.036500,1.003500,0.990620,0.976419,0.985262,0.987385,0.981987,0.982323,1.028739,1.006634,0.998962,0.985822,1.000374,0.989528,0.988542,1.007426,1.004343,0.997858,1.042928,0.988379,1.011870,1.036822,1.026861,1.013282,1.026301,1.020309,1.008234,1.013910,1.010637,0.968563,0.921264,1.007942,1.004275,1.014856,1.054562,1.049675,1.018505,0.982954,1.042829
6.430760,1.036494,1.003484,0.990598,0.976396,0.985242,0.987365,0.981969,0.982306,1.028735,1.006612,0.998940,0.985800,1.000351,0.989504,0.988512,1.007395,1.004314,0.997832,1.042893,0.988343,1.011841,1.036796,1.026831,1.013251,1.026286,1.020276,1.008203,1.013862,1.010584,0.968558,0.921245,1.007923,1.004247,1.014814,1.054545,1.049639,1.018497,0.982895,1.042834
6.439090,1.036489,1.003469,0.990577,0.976373,0.985222,0.987346,0.981951,0.982288,1.028732,1.006591,0.998919,0.985779,1.000329,0.989479,0.988483,1.007365,1.004286,0.997806,1.042860,0.988306,1.011813,1.036770,1.026802,1.013220,1.026271,1.020243,1.008173,1.013814,1.010532,0.968554,0.921227,1.007904,1.004219,1.014774,1.054528,1.049603,1.018489,0.982837,1.042838
6.447420,1.036484,1.003454,0.990556,0.976351,0.985203,0.987326,0.981933,0.982272,1.028729,1.006570,0.998899,0.985757,1.000307,0.989456,0.988454,1.007335,1.004258,0.997780,1.042827,0.988270,1.011785,1.036744,1.026773,1.013190,1.026257,1.020212,1.008143,1.013767,1.010481,0.968551,0.921209,1.007886,1.004192,1.014733,1.054511,1.049568,1.018482,0.982779,1.042843
6.455750,1.036479,1.003441,0.990535,0.976329,0.985184,0.987308,0.981916,0.982255,1.028726,1.006549,0.998879,0.985736,1.000286,0.989432,0.988426,1.007306,1.004230,0.997755,1.042794,0.988235,1.011758,1.036719,1.026744,1.013160,1.026244,1.020181,1.008114,1.013720,1.010431,0.968548,0.921191,1.007868,1.004165,1.014694,1.054495,1.049534,1.018475,0.982722,1.042848
6.464080,1.036475,1.003427,0.990515,0.976308,0.985166,0.987289,0.981899,0.982239,1.028724,1.006529,0.998859,0.985716,1.000265,0.989409,0.988399,1.007278,1.004203,0.997731,1.042762,0.988200,1.011731,1.036694,1.026717,1.013131,1.026231,1.020150,1.008085,1.013674,1.010381,0.968546,0.921174,1.007850,1.004139,1.014655,1.054479,1.049500,1.018469,0.982666,1.042852
6.472410,1.036471,1.003415,0.990496,0.976288,0.985148,0.987271,0.981883,0.982224,1.028721,1.006509,0.998840,0.985696,1.000244,0.989387,0.988372,1.007250,1.004177,0.997707,1.042730,0.988166,1.011705,1.036670,1.026689,1.013103,1.026219,1.020120,1.008057,1.013629,1.010332,0.968545,0.921157,1.007833,1.004113,1.014616,1.054464,1.049467,1.018463,0.982610,1.042857
6.480740,1.036468,1.003403,0.990477,0.976267,0.985130,0.987254,0.981867,0.982208,1.028719,1.006490,0.998821,0.985677,1.000224,0.989365,0.988345,1.007222,1.004151,0.997684,1.042699,0.988132,1.011679,1.036646,1.026662,1.013075,1.026207,1.020091,1.008029,1.013584,1.010283,0.968544,0.921141,1.007816,1.004087,1.014578,1.054448,1.049434,1.018457,0.982556,1.042862
6.489070,1.036465,1.003391,0.990459,0.976248,0.985113,0.987236,0.981851,0.982194,1.028717,1.006471,0.998803,0.985658,1.000205,0.989344,0.988319,1.007195,1.004125,0.997661,1.042669,0.988099,1.011654,1.036623,1.026636,1.013048,1.026195,1.020062,1.008002,1.013541,1.010235,0.968545,0.921125,1.007799,1.004062,1.014541,1.054434,1.049402,1.018452,0.982501,1.042867
6.497400,1.036462,1.003381,0.990442,0.976229,0.985096,0.987220,0.981836,0.982179,1.028715,1.006452,0.998785,0.985639,1.000186,0.989323,0.988294,1.007169,1.004101,0.997639,1.042639,0.988066,1.011629,1.036601,1.026610,1.013021,1.026185,1.020034,1.007976,1.013497,1.010188,0.968546,0.921109,1.007783,1.004037,1.014504,1.054419,1.049370,1.018447,0.982448,1.042872
6.505730,1.036459,1.003370,0.990425,0.976210,0.985080,0.987204,0.981821,0.982165,1.028713,1.006435,0.998767,0.985621,1.000167,0.989303,0.988269,1.007143,1.004077,0.997617,1.042609,0.988034,1.011605,1.036579,1.026585,1.012995,1.026174,1.020006,1.007950,1.013455,1.010142,0.968547,0.921094,1.007768,1.004013,1.014468,1.054406,1.049339,1.018443,0.982395,1.042878
6.514060,1.036457,1.003361,0.990408,0.976192,0.985064,0.987188,0.981807,0.982152,1.028712,1.006417,0.998750,0.985604,1.000149,0.989283,0.988245,1.007118,1.004053,0.997597,1.042580,0.988003,1.011581,1.036557,1.026560,1.012969,1.026165,1.019979,1.007925,1.013413,1.010096,0.968550,0.921080,1.007753,1.003989,1.014432,1.054392,1.049309,1.018439,0.982343,1.042883
6.522390,1.036455,1.003352,0.990392,0.976174,0.985049,0.987173,0.981793,0.982138,1.028710,1.006400,0.998734,0.985587,1.000131,0.989264,0.988221,1.007093,1.004030,0.997576,1.042552,0.987971,1.011558,1.036536,1.026536,1.012944,1.026156,1.019953,1.007900,1.013372,1.010051,0.968553,0.921065,1.007738,1.003965,1.014397,1.054379,1.049279,1.018436,0.982291,1.042888
6.530720,1.036454,1.003344,0.990377,0.976157,0.985034,0.987158,0.981780,0.982126,1.028709,1.006384,0.998718,0.985570,1.000114,0.989246,0.988198,1.007069,1.004008,0.997557,1.042524,0.987941,1.011536,1.036516,1.026513,1.012920,1.026147,1.019927,1.007876,1.013331,1.010006,0.968557,0.921052,1.007724,1.003942,1.014363,1.054366,1.049250,1.018433,0.982241,1.042894
6.539050,1.036453,1.003336,0.990363,0.976141,0.985020,0.987144,0.981767,0.982113,1.028708,1.006368,0.998703,0.985555,1.000098,0.989228,0.988176,1.007046,1.003986,0.997538,1.042497,0.987911,1.011514,1.036496,1.026490,1.012896,1.026139,1.019902,1.007853,1.013291,1.009963,0.968562,0.921038,1.007710,1.003919,1.014329,1.054354,1.049222,1.018430,0.982191,1.042899
6.547380,1.036452,1.003329,0.990349,0.976125,0.985006,0.987130,0.981755,0.982102,1.028708,1.006353,0.998688,0.985539,1.000082,0.989210,0.988154,1.007023,1.003965,0.997519,1.042471,0.987882,1.011493,1.036476,1.026468,1.012873,1.026132,1.019878,1.007830,1.013252,1.009920,0.968568,0.921025,1.007697,1.003897,1.014296,1.054342,1.049194,1.018428,0.982141,1.042905
6.555710,1.036452,1.003323,0.990335,0.976110,0.984993,0.987117,0.981743,0.982090,1.028707,1.006338,0.998674,0.985524,1.000067,0.989193,0.988132,1.007001,1.003945,0.997501,1.042445,0.987853,1.011472,1.036457,1.026446,1.012850,1.026125,1.019854,1.007808,1.013214,1.009878,0.968574,0.921013,1.007684,1.003876,1.014263,1.054331,1.049166,1.018427,0.982093,1.042910
6.564040,1.036451,1.003317,0.990323,0.976095,0.984980,0.987104,0.981731,0.982079,1.028707,1.006324,0.998660,0.985510,1.000052,0.989177,0.988112,1.006980,1.003925,0.997484,1.042419,0.987825,1.011452,1.036439,1.026425,1.012828,1.026119,1.019831,1.007787,1.013176,1.009836,0.968581,0.921001,1.007672,1.003854,1.014231,1.054320,1.049139,1.018425,0.982045,1.042916
6.572370,1.036452,1.003312,0.990311,0.976081,0.984968,0.987092,0.981720,0.982069,1.028706,1.006310,0.998647,0.985496,1.000038,0.989162,0.988092,1.006959,1.003906,0.997468,1.042394,0.987798,1.011433,1.036422,1.026404,1.012807,1.026113,1.019809,1.007766,1.013139,1.009795,0.968589,0.920990,1.007661,1.003834,1.014200,1.054310,1.049113,1.018425,0.981998,1.042922
6.580700,1.036452,1.003308,0.990299,0.976067,0.984956,0.987080,0.981710,0.982059,1.028707,1.006297,0.998634,0.985483,1.000024,0.989146,0.988073,1.006939,1.003888,0.997452,1.042370,0.987771,1.011414,1.036405,1.026384,1.012786,1.026108,1.019787,1.007746,1.013103,1.009755,0.968598,0.920979,1.007650,1.003813,1.014169,1.054300,1.049088,1.018425,0.981951,1.042928
6.589030,1.036453,1.003304,0.990289,0.976054,0.984945,0.987069,0.981700,0.982049,1.028707,1.006285,0.998622,0.985471,1.000011,0.989132,0.988054,1.006919,1.003870,0.997437,1.042347,0.987744,1.011396,1.036388,1.026365,1.012766,1.026103,1.019766,1.007726,1.013068,1.009716,0.968608,0.920968,1.007639,1.003793,1.014139,1.054290,1.049063,1.018425,0.981905,1.042933
6.597360,1.036455,1.003301,0.990279,0.976042,0.984934,0.987058,0.981690,0.982040,1.028707,1.006273,0.998611,0.985459,0.999999,0.989118,0.988036,1.006901,1.003853,0.997422,1.042324,0.987719,1.011378,1.036372,1.026346,1.012747,1.026099,1.019746,1.007707,1.013033,1.009678,0.968618,0.920958,1.007629,1.003774,1.014110,1.054281,1.049039,1.018426,0.981860,1.042939
6.605690,1.036457,1.003299,0.990269,0.976030,0.984924,0.987048,0.981681,0.982032,1.028708,1.006262,0.998600,0.985447,0.999987,0.989105,0.988019,1.006882,1.003837,0.997409,1.042302,0.987694,1.011361,1.036357,1.026328,1.012729,1.026096,1.019726,1.007689,1.012999,1.009640,0.968629,0.920949,1.007620,1.003755,1.014081,1.054273,1.049015,1.018427,0.981816,1.042945
6.614020,1.036459,1.003297,0.990261,0.976019,0.984915,0.987039,0.981673,0.982024,1.028709,1.006251,0.998590,0.985437,0.999976,0.989093,0.988002,1.006865,1.003821,0.997395,1.042280,0.987669,1.011345,1.036342,1.026311,1.012711,1.026093,1.019707,1.007672,1.012966,1.009603,0.968641,0.920940,1.007611,1.003737,1.014053,1.054265,1.048992,1.018429,0.981773,1.042951
6.622350,1.036461,1.003296,0.990253,0.976008,0.984906,0.987030,0.981665,0.982016,1.028710,1.006241,0.998580,0.985427,0.999965,0.989081,0.987987,1.006848,1.003806,0.997383,1.042259,0.987646,1.011330,1.036328,1.026294,1.012693,1.026091,1.019689,1.007655,1.012933,1.009567,0.968654,0.920932,1.007603,1.003719,1.014026,1.054257,1.048970,1.018431,0.981730,1.042958
6.630680,1.036464,1.003296,0.990245,0.975999,0.984898,0.987021,0.981657,0.982009,1.028711,1.006232,0.998571,0.985417,0.999955,0.989070,0.987971,1.006832,1.003792,0.997371,1.042239,0.987623,1.011315,1.036315,1.026278,1.012677,1.026090,1.019671,1.007639,1.012902,1.009531,0.968667,0.920924,1.007596,1.003702,1.013999,1.054250,1.048948,1.018434,0.981688,1.042964
6.639010,1.036467,1.003296,0.990239,0.975989,0.984890,0.987014,0.981650,0.982003,1.028713,1.006223,0.998563,0.985408,0.999946,0.989059,0.987957,1.006817,1.003778,0.997360,1.042219,0.987600,1.011301,1.036302,1.026263,1.012661,1.026089,1.019654,1.007624,1.012871,1.009497,0.968681,0.920917,1.007589,1.003686,1.013973,1.054244,1.048927,1.018438,0.981647,1.042970
6.647340,1.036471,1.003298,0.990233,0.975981,0.984883,0.987007,0.981644,0.981997,1.028715,1.006215,0.998555,0.985400,0.999937,0.989049,0.987943,1.006802,1.003765,0.997350,1.042200,0.987579,1.011287,1.036290,1.026249,1.012646,1.026089,1.019638,1.007609,1.012841,1.009463,0.968696,0.920910,1.007583,1.003670,1.013948,1.054238,1.048907,1.018442,0.981607,1.042976
6.655670,1.036475,1.003300,0.990228,0.975973,0.984876,0.987000,0.981638,0.981992,1.028717,1.006208,0.998548,0.985393,0.999930,0.989040,0.987930,1.006789,1.003753,0.997341,1.042182,0.987558,1.011275,1.036279,1.026235,1.012632,1.026089,1.019623,1.007596,1.012811,1.009430,0.968712,0.920904,1.007578,1.003654,1.013924,1.054233,1.048887,1.018446,0.981567,1.042983
6.664000,1.036479,1.003302,0.990223,0.975966,0.984870,0.986994,0.981633,0.981987,1.028719,1.006201,0.998541,0.985386,0.999922,0.989032,0.987918,1.006775,1.003742,0.997332,1.042165,0.987537,1.011263,1.036268,1.026221,1.012618,1.026090,1.019608,1.007583,1.012783,1.009398,0.968729,0.920899,1.007573,1.003639,1.013900,1.054228,1.048869,1.018451,0.981529,1.042989
6.672330,1.036484,1.003306,0.990220,0.975959,0.984865,0.986989,0.981629,0.981983,1.028721,1.006195,0.998536,0.985380,0.999916,0.989024,0.987907,1.006763,1.003731,0.997324,1.042148,0.987518,1.011251,1.036258,1.026209,1.012606,1.026092,1.019594,1.007570,1.012755,1.009366,0.968747,0.920894,1.007569,1.003625,1.013877,1.054223,1.048850,1.018456,0.981491,1.042996
6.680660,1.036489,1.003310,0.990217,0.975954,0.984860,0.986984,0.981625,0.981979,1.028724,1.006190,0.998531,0.985374,0.999910,0.989017,0.987896,1.006752,1.003722,0.997317,1.042132,0.987499,1.011241,1.036249,1.026197,1.012594,1.026094,1.019581,1.007559,1.012728,1.009336,0.968765,0.920890,1.007566,1.003611,1.013854,1.054220,1.048833,1.018462,0.981454,1.043002
6.688990,1.036494,1.003315,0.990214,0.975949,0.984856,0.986980,0.981621,0.981976,1.028727,1.006185,0.998526,0.985369,0.999905,0.989011,0.987886,1.006741,1.003713,0.997310,1.042116,0.987481,1.011231,1.036240,1.026186,1.012582,1.026097,1.019568,1.007548,1.012702,1.009306,0.968785,0.920886,1.007563,1.003598,1.013833,1.054216,1.048816,1.018469,0.981417,1.043009
6.697320,1.036500,1.003320,0.990213,0.975944,0.984853,0.986977,0.981618,0.981973,1.028730,1.006181,0.998522,0.985365,0.999901,0.989006,0.987877,1.006731,1.003704,0.997304,1.042102,0.987463,1.011222,1.036233,1.026176,1.012572,1.026101,1.019557,1.007538,1.012677,1.009277,0.968805,0.920883,1.007561,1.003585,1.013812,1.054214,1.048800,1.018476,0.981382,1.043015
6.705650,1.036506,1.003327,0.990212,0.975941,0.984850,0.986974,0.981616,0.981972,1.028734,1.006178,0.998519,0.985362,0.999897,0.989001,0.987869,1.006721,1.003697,0.997300,1.042088,0.987446,1.011214,1.036225,1.026166,1.012562,1.026105,1.019546,1.007529,1.012653,1.009249,0.968826,0.920880,1.007560,1.003573,1.013792,1.054212,1.048785,1.018484,0.981347,1.043022
6.713980,1.036513,1.003334,0.990212,0.975938,0.984848,0.986972,0.981615,0.981970,1.028737,1.006176,0.998517,0.985360,0.999894,0.988997,0.987861,1.006713,1.003690,0.997295,1.042075,0.987430,1.011206,1.036219,1.026158,1.012553,1.026110,1.019536,1.007520,1.012629,1.009222,0.968847,0.920878,1.007559,1.003561,1.013773,1.054210,1.048770,1.018492,0.981314,1.043029
6.722310,1.036520,1.003342,0.990213,0.975936,0.984847,0.986971,0.981614,0.981969,1.028741,1.006174,0.998516,0.985358,0.999892,0.988994,0.987854,1.006705,1.003684,0.997292,1.042063,0.987415,1.011200,1.036213,1.026150,1.012545,1.026116,1.019527,1.007512,1.012606,1.009196,0.968870,0.920877,1.007560,1.003551,1.013754,1.054209,1.048757,1.018501,0.981281,1.043036
6.730640,1.036527,1.003350,0.990215,0.975934,0.984846,0.986970,0.981613,0.981969,1.028745,1.006173,0.998515,0.985356,0.999891,0.988991,0.987848,1.006698,1.003679,0.997289,1.042051,0.987401,1.011194,1.036208,1.026142,1.012538,1.026122,1.019518,1.007505,1.012584,1.009170,0.968893,0.920876,1.007561,1.003540,1.013736,1.054209,1.048744,1.018510,0.981248,1.043043
6.738970,1.036535,1.003360,0.990217,0.975933,0.984846,0.986970,0.981614,0.981970,1.028750,1.006173,0.998514,0.985356,0.999890,0.988990,0.987843,1.006692,1.003675,0.997288,1.042040,0.987387,1.011188,1.036204,1.026136,1.012531,1.026129,1.019510,1.007499,1.012563,1.009145,0.968918,0.920876,1.007563,1.003531,1.013719,1.054209,1.048731,1.018520,0.981217,1.043049
6.747300,1.036543,1.003370,0.990221,0.975933,0.984847,0.986971,0.981615,0.981971,1.028754,1.006173,0.998515,0.985356,0.999890,0.988989,0.987839,1.006687,1.003671,0.997287,1.042030,0.987374,1.011184,1.036200,1.026130,1.012526,1.026137,1.019503,1.007494,1.012543,1.009122,0.968943,0.920877,1.007565,1.003522,1.013703,1.054210,1.048720,1.018530,0.981187,1.043056
6.755630,1.036551,1.003381,0.990225,0.975934,0.984848,0.986972,0.981616,0.981972,1.028759,1.006175,0.998516,0.985357,0.999891,0.988989,0.987835,1.006683,1.003669,0.997287,1.042021,0.987362,1.011180,1.036198,1.026125,1.012521,1.026146,1.019497,1.007489,1.012524,1.009099,0.968969,0.920878,1.007568,1.003513,1.013688,1.054212,1.048709,1.018541,0.981157,1.043063
6.763960,1.036560,1.003392,0.990229,0.975936,0.984850,0.986974,0.981618,0.981975,1.028765,1.006177,0.998518,0.985359,0.999893,0.988989,0.987833,1.006679,1.003667,0.997287,1.042013,0.987350,1.011178,1.036196,1.026121,1.012517,1.026155,1.019492,1.007486,1.012506,1.009077,0.968996,0.920880,1.007572,1.003506,1.013673,1.054214,1.048699,1.018553,0.981129,1.043070
6.772290,1.036569,1.003405,0.990235,0.975938,0.984853,0.986977,0.981621,0.981978,1.028770,1.006180,0.998521,0.985362,0.999895,0.988991,0.987831,1.006677,1.003666,0.997289,1.042005,0.987340,1.011176,1.036194,1.026118,1.012514,1.026165,1.019488,1.007483,1.012488,1.009056,0.969024,0.920883,1.007577,1.003499,1.013660,1.054217,1.048690,1.018565,0.981101,1.043077
6.780620,1.036579,1.003418,0.990241,0.975941,0.984856,0.986981,0.981625,0.981981,1.028776,1.006183,0.998525,0.985365,0.999898,0.988993,0.987830,1.006675,1.003666,0.997291,1.041998,0.987330,1.011175,1.036194,1.026115,1.012511,1.026175,1.019484,1.007481,1.012471,1.009036,0.969052,0.920886,1.007583,1.003492,1.013647,1.054220,1.048682,1.018578,0.981074,1.043085
6.788950,1.036589,1.003432,0.990248,0.975945,0.984861,0.986985,0.981629,0.981985,1.028782,1.006187,0.998529,0.985369,0.999902,0.988996,0.987830,1.006674,1.003666,0.997294,1.041992,0.987321,1.011174,1.036194,1.026113,1.012510,1.026186,1.019481,1.007479,1.012456,1.009016,0.969082,0.920890,1.007589,1.003487,1.013634,1.054224,1.048674,1.018591,0.981048,1.043092
6.797280,1.036599,1.003447,0.990256,0.975950,0.984865,0.986990,0.981634,0.981990,1.028788,1.006193,0.998534,0.985374,0.999907,0.989000,0.987831,1.006673,1.003668,0.997298,1.041987,0.987313,1.011175,1.036195,1.026112,1.012509,1.026198,1.019479,1.007479,1.012441,1.008998,0.969112,0.920894,1.007596,1.003482,1.013623,1.054229,1.048667,1.018605,0.981023,1.043099
6.805610,1.036610,1.003463,0.990265,0.975955,0.984871,0.986995,0.981639,0.981995,1.028794,1.006198,0.998540,0.985380,0.999913,0.989005,0.987832,1.006674,1.003670,0.997303,1.041983,0.987305,1.011176,1.036197,1.026112,1.012510,1.026211,1.019478,1.007479,1.012427,1.008981,0.969143,0.920900,1.007604,1.003477,1.013613,1.054235,1.048661,1.018620,0.980999,1.043106
6.813940,1.036621,1.003479,0.990275,0.975961,0.984877,0.987001,0.981645,0.982001,1.028801,1.006205,0.998546,0.985386,0.999919,0.989010,0.987835,1.006676,1.003673,0.997308,1.041979,0.987299,1.011178,1.036200,1.026113,1.012511,1.026224,1.019477,1.007481,1.012414,1.008964,0.969175,0.920905,1.007613,1.003474,1.013603,1.054241,1.048656,1.018635,0.980975,1.043113
6.822270,1.036633,1.003496,0.990285,0.975968,0.984884,0.987008,0.981652,0.982008,1.028808,1.006212,0.998554,0.985393,0.999926,0.989016,0.987838,1.006678,1.003677,0.997315,1.041977,0.987293,1.011181,1.036203,1.026115,1.012513,1.026238,1.019478,1.007483,1.012401,1.008948,0.969208,0.920912,1.007622,1.003471,1.013594,1.054247,1.048652,1.018650,0.980953,1.043121
6.830600,1.036645,1.003514,0.990296,0.975976,0.984892,0.987016,0.981659,0.982015,1.028815,1.006221,0.998562,0.985401,0.999934,0.989024,0.987842,1.006681,1.003682,0.997322,1.041975,0.987288,1.011185,1.036208,1.026117,1.012515,1.026253,1.019479,1.007485,1.012390,1.008934,0.969242,0.920919,1.007633,1.003468,1.013586,1.054255,1.048648,1.018667,0.980931,1.043128
6.838930,1.036657,1.003533,0.990308,0.975984,0.984900,0.987024,0.981667,0.982023,1.028823,1.006230,0.998570,0.985410,0.999943,0.989031,0.987847,1.006685,1.003688,0.997330,1.041974,0.987284,1.011189,1.036213,1.026120,1.012519,1.026268,1.019481,1.007489,1.012380,1.008920,0.969277,0.920927,1.007643,1.003467,1.013579,1.054263,1.048646,1.018684,0.980910,1.043135
6.847260,1.036670,1.003552,0.990321,0.975993,0.984909,0.987033,0.981676,0.982032,1.028830,1.006239,0.998580,0.985420,0.999952,0.989040,0.987853,1.006690,1.003694,0.997339,1.041974,0.987280,1.011195,1.036219,1.026124,1.012524,1.026285,1.019484,1.007494,1.012370,1.008907,0.969312,0.920935,1.007655,1.003466,1.013573,1.054271,1.048644,1.018701,0.980891,1.043143
6.855590,1.036683,1.003573,0.990335,0.976003,0.984918,0.987043,0.981685,0.982041,1.028838,1.006250,0.998590,0.985430,0.999962,0.989050,0.987860,1.006696,1.003702,0.997349,1.041974,0.987278,1.011201,1.036225,1.026129,1.012529,1.026301,1.019488,1.007499,1.012362,1.008895,0.969349,0.920944,1.007668,1.003466,1.013568,1.054280,1.048642,1.018719,0.980872,1.043150
6.863920,1.036696,1.003594,0.990349,0.976014,0.984929,0.987054,0.981695,0.982051,1.028846,1.006261,0.998601,0.985441,0.999973,0.989060,0.987867,1.006703,1.003710,0.997360,1.041976,0.987276,1.011208,1.036233,1.026135,1.012535,1.026319,1.019492,1.007505,1.012354,1.008884,0.969386,0.920954,1.007681,1.003466,1.013563,1.054290,1.048642,1.018738,0.980854,1.043158
6.872250,1.036710,1.003615,0.990365,0.976026,0.984940,0.987065,0.981706,0.982061,1.028855,1.006273,0.998613,0.985452,0.999985,0.989071,0.987876,1.006710,1.003719,0.997371,1.041978,0.987275,1.011216,1.036241,1.026141,1.012542,1.026337,1.019498,1.007512,1.012347,1.008873,0.969424,0.920965,1.007695,1.003467,1.013560,1.054301,1.048643,1.018757,0.980837,1.043165
6.880580,1.036724,1.003638,0.990381,0.976038,0.984952,0.987077,0.981717,0.982072,1.028864,1.006286,0.998625,0.985465,0.999997,0.989083,0.987885,1.006719,1.003729,0.997383,1.041981,0.987275,1.011225,1.036250,1.026149,1.012550,1.026356,1.019504,1.007520,1.012341,1.008864,0.969463,0.920976,1.007709,1.003469,1.013557,1.054312,1.048644,1.018776,0.980820,1.043173
6.888910,1.036738,1.003661,0.990397,0.976051,0.984964,0.987089,0.981729,0.982084,1.028873,1.006299,0.998638,0.985478,1.000011,0.989096,0.987895,1.006728,1.003740,0.997396,1.041985,0.987276,1.011235,1.036260,1.026157,1.012559,1.026376,1.019511,1.007529,1.012336,1.008856,0.969502,0.920987,1.007725,1.003471,1.013555,1.054324,1.048646,1.018797,0.980805,1.043180
6.897240,1.036753,1.003685,0.990415,0.976065,0.984977,0.987102,0.981741,0.982096,1.028882,1.006314,0.998652,0.985492,1.000025,0.989109,0.987906,1.006738,1.003751,0.997410,1.041990,0.987278,1.011245,1.036270,1.026166,1.012569,1.026396,1.019519,1.007538,1.012332,1.008848,0.969543,0.921000,1.007741,1.003475,1.013554,1.054337,1.048649,1.018818,0.980791,1.043188
6.905570,1.036768,1.003710,0.990434,0.976079,0.984991,0.987116,0.981755,0.982109,1.028891,1.006328,0.998667,0.985507,1.000039,0.989123,0.987918,1.006749,1.003764,0.997425,1.041996,0.987280,1.011256,1.036282,1.026175,1.012579,1.026417,1.019527,1.007549,1.012329,1.008842,0.969584,0.921012,1.007758,1.003478,1.013554,1.054350,1.048653,1.018839,0.980777,1.043195
6.913900,1.036783,1.003736,0.990453,0.976095,0.985006,0.987131,0.981768,0.982122,1.028901,1.006344,0.998682,0.985522,1.000055,0.989138,0.987930,1.006760,1.003777,0.997441,1.042002,0.987283,1.011268,1.036294,1.026186,1.012591,1.026439,1.019537,1.007560,1.012326,1.008836,0.969627,0.921026,1.007775,1.003483,1.013554,1.054364,1.048657,1.018861,0.980764,1.043203
6.922230,1.036799,1.003762,0.990473,0.976111,0.985021,0.987146,0.981783,0.982136,1.028911,1.006361,0.998698,0.985538,1.000071,0.989154,0.987944,1.006773,1.003791,0.997457,1.042009,0.987287,1.011281,1.036307,1.026197,1.012603,1.026461,1.019547,1.007572,1.012325,1.008831,0.969670,0.921040,1.007793,1.003488,1.013556,1.054379,1.048663,1.018884,0.980753,1.043210
6.930560,1.036815,1.003789,0.990493,0.976128,0.985036,0.987162,0.981798,0.982151,1.028921,1.006378,0.998715,0.985555,1.000088,0.989171,0.987958,1.006786,1.003806,0.997474,1.042017,0.987292,1.011295,1.036321,1.026210,1.012616,1.026484,1.019558,1.007584,1.012324,1.008827,0.969714,0.921055,1.007812,1.003494,1.013558,1.054394,1.048669,1.018907,0.980742,1.043218
6.938890,1.036832,1.003817,0.990515,0.976145,0.985053,0.987178,0.981813,0.982166,1.028931,1.006395,0.998732,0.985573,1.000106,0.989188,0.987973,1.006801,1.003822,0.997492,1.042026,0.987298,1.011309,1.036335,1.026223,1.012630,1.026508,1.019570,1.007598,1.012325,1.008824,0.969758,0.921070,1.007831,1.003501,1.013561,1.054410,1.048676,1.018931,0.980732,1.043225
6.947220,1.036848,1.003846,0.990537,0.976163,0.985070,0.987195,0.981829,0.982181,1.028942,1.006414,0.998750,0.985591,1.000124,0.989206,0.987989,1.006816,1.003838,0.997511,1.042036,0.987304,1.011325,1.036350,1.026236,1.012644,1.026532,1.019583,1.007612,1.012326,1.008822,0.969804,0.921086,1.007851,1.003508,1.013565,1.054427,1.048684,1.018955,0.980723,1.043233
6.955550,1.036865,1.003875,0.990560,0.976182,0.985088,0.987213,0.981846,0.982198,1.028952,1.006433,0.998769,0.985610,1.000143,0.989225,0.988006,1.006832,1.003856,0.997530,1.042047,0.987312,1.011341,1.036366,1.026251,1.012660,1.026558,1.019596,1.007627,1.012328,1.008821,0.969850,0.921103,1.007872,1.003516,1.013570,1.054444,1.048692,1.018980,0.980714,1.043240
6.963880,1.036883,1.003905,0.990584,0.976202,0.985106,0.987231,0.981863,0.982215,1.028963,1.006453,0.998788,0.985629,1.000163,0.989244,0.988024,1.006848,1.003874,0.997551,1.042058,0.987320,1.011358,1.036383,1.026267,1.012676,1.026583,1.019611,1.007643,1.012331,1.008821,0.969897,0.921120,1.007894,1.003525,1.013576,1.054462,1.048702,1.019005,0.980707,1.043248
6.972210,1.036901,1.003936,0.990608,0.976222,0.985125,0.987250,0.981881,0.982232,1.028974,1.006474,0.998808,0.985649,1.000183,0.989264,0.988042,1.006866,1.003893,0.997572,1.042070,0.987329,1.011375,1.036401,1.026283,1.012694,1.026610,1.019626,1.007660,1.012334,1.008821,0.969945,0.921138,1.007915,1.003534,1.013582,1.054480,1.048712,1.019031,0.980701,1.043255
6.980540,1.036919,1.003967,0.990634,0.976243,0.985144,0.987270,0.981900,0.982250,1.028986,1.006495,0.998829,0.985670,1.000204,0.989285,0.988061,1.006884,1.003912,0.997594,1.042083,0.987339,1.011394,1.036419,1.026300,1.012712,1.026637,1.019641,1.007677,1.012339,1.008822,0.969994,0.921156,1.007938,1.003544,1.013590,1.054499,1.048723,1.019058,0.980695,1.043263
6.988870,1.036937,1.003999,0.990660,0.976265,0.985165,0.987290,0.981919,0.982268,1.028997,1.006517,0.998850,0.985692,1.000226,0.989307,0.988081,1.006903,1.003933,0.997616,1.042097,0.987349,1.011413,1.036438,1.026317,1.012730,1.026664,1.019658,1.007696,1.012344,1.008825,0.970043,0.921175,1.007961,1.003555,1.013598,1.054519,1.048734,1.019084,0.980690,1.043270
6.997200,1.036955,1.004032,0.990686,0.976287,0.985185,0.987311,0.981938,0.982288,1.029009,1.006539,0.998872,0.985714,1.000248,0.989329,0.988102,1.006923,1.003954,0.997640,1.042112,0.987360,1.011433,1.036458,1.026336,1.012750,1.026692,1.019675,1.007715,1.012351,1.008828,0.970093,0.921194,1.007985,1.003566,1.013607,1.054539,1.048747,1.019112,0.980686,1.043278
7.005530,1.036974,1.004065,0.990714,0.976310,0.985207,0.987332,0.981959,0.982307,1.029021,1.006562,0.998894,0.985737,1.000271,0.989352,0.988123,1.006944,1.003976,0.997664,1.042127,0.987372,1.011454,1.036479,1.026355,1.012770,1.026721,1.019693,1.007734,1.012358,1.008832,0.970144,0.921214,1.008009,1.003578,1.013617,1.054560,1.048760,1.019140,0.980683,1.043285
7.013860,1.036994,1.004099,0.990742,0.976334,0.985228,0.987354,0.981979,0.982327,1.029033,1.006586,0.998918,0.985760,1.000295,0.989376,0.988145,1.006965,1.003999,0.997688,1.042143,0.987385,1.011475,1.036500,1.026375,1.012791,1.026751,1.019712,1.007755,1.012366,1.008836,0.970195,0.921235,1.008034,1.003591,1.013628,1.054582,1.048774,1.019168,0.980681,1.043293
7.022190,1.037013,1.004134,0.990770,0.976358,0.985251,0.987377,0.982000,0.982348,1.029045,1.006610,0.998941,0.985784,1.000319,0.989400,0.988168,1.006987,1.004022,0.997714,1.042160,0.987399,1.011497,1.036522,1.026396,1.012813,1.026781,1.019732,1.007776,1.012375,1.008842,0.970248,0.921256,1.008059,1.003604,1.013639,1.054604,1.048789,1.019197,0.980679,1.043300
7.030520,1.037033,1.004169,0.990800,0.976383,0.985274,0.987400,0.982022,0.982369,1.029058,1.006635,0.998965,0.985809,1.000344,0.989425,0.988192,1.007010,1.004046,0.997740,1.042177,0.987413,1.011520,1.036544,1.026417,1.012836,1.026811,1.019752,1.007798,1.012384,1.008848,0.970301,0.921277,1.008084,1.003618,1.013651,1.054627,1.048804,1.019227,0.980679,1.043308
7.038850,1.037053,1.004205,0.990830,0.976408,0.985297,0.987423,0.982044,0.982390,1.029070,1.006660,0.998990,0.985834,1.000370,0.989450,0.988216,1.007034,1.004071,0.997767,1.042196,0.987428,1.011544,1.036568,1.026440,1.012859,1.026843,1.019773,1.007820,1.012394,1.008856,0.970354,0.921299,1.008111,1.003632,1.013664,1.054650,1.048820,1.019257,0.980679,1.043315
7.047180,1.037073,1.004242,0.990860,0.976435,0.985321,0.987447,0.982067,0.982412,1.029083,1.006686,0.999015,0.985859,1.000395,0.989476,0.988241,1.007058,1.004097,0.997795,1.042215,0.987444,1.011568,1.036592,1.026462,1.012883,1.026875,1.019795,1.007844,1.012406,1.008864,0.970409,0.921322,1.008137,1.003647,1.013678,1.054674,1.048837,1.019287,0.980680,1.043322
7.055510,1.037093,1.004279,0.990892,0.976461,0.985346,0.987472,0.982090,0.982434,1.029096,1.006712,0.999041,0.985886,1.000422,0.989503,0.988267,1.007083,1.004123,0.997823,1.042235,0.987461,1.011593,1.036616,1.026486,1.012908,1.026907,1.019817,1.007868,1.012417,1.008873,0.970464,0.921345,1.008164,1.003663,1.013693,1.054699,1.048855,1.019318,0.980681,1.043330
7.063840,1.037114,1.004317,0.990924,0.976489,0.985371,0.987497,0.982113,0.982457,1.029109,1.006739,0.999068,0.985912,1.000449,0.989530,0.988293,1.007109,1.004150,0.997852,1.042255,0.987478,1.011619,1.036642,1.026510,1.012933,1.026940,1.019840,1.007892,1.012430,1.008882,0.970520,0.921368,1.008192,1.003679,1.013708,1.054724,1.048873,1.019350,0.980684,1.043337
7.072170,1.037135,1.004355,0.990956,0.976516,0.985396,0.987522,0.982137,0.982481,1.029122,1.006767,0.999094,0.985939,1.000477,0.989558,0.988320,1.007135,1.004178,0.997881,1.042276,0.987496,1.011645,1.036667,1.026535,1.012960,1.026973,1.019864,1.007918,1.012444,1.008892,0.970576,0.921392,1.008219,1.003696,1.013724,1.054749,1.048892,1.019381,0.980687,1.043344
7.080500,1.037156,1.004394,0.990989,0.976545,0.985422,0.987548,0.982162,0.982504,1.029135,1.006795,0.999122,0.985967,1.000505,0.989587,0.988348,1.007162,1.004206,0.997912,1.042298,0.987515,1.011673,1.036694,1.026561,1.012986,1.027007,1.019888,1.007944,1.012458,1.008904,0.970633,0.921416,1.008248,1.003714,1.013741,1.054775,1.048911,1.019414,0.980691,1.043351
7.088830,1.037177,1.004434,0.991023,0.976574,0.985449,0.987575,0.982186,0.982528,1.029148,1.006823,0.999150,0.985995,1.000533,0.989616,0.988376,1.007190,1.004235,0.997942,1.042321,0.987534,1.011700,1.036721,1.026587,1.013014,1.027042,1.019913,1.007970,1.012473,1.008915,0.970691,0.921441,1.008276,1.003732,1.013758,1.054802,1.048931,1.019446,0.980696,1.043358
7.097160,1.037199,1.004474,0.991057,0.976603,0.985476,0.987602,0.982212,0.982553,1.029162,1.006852,0.999178,0.986024,1.000562,0.989645,0.988405,1.007219,1.004264,0.997974,1.042344,0.987554,1.011728,1.036749,1.026614,1.013042,1.027077,1.019938,1.007997,1.012488,1.008928,0.970749,0.921466,1.008305,1.003750,1.013777,1.054829,1.048952,1.019479,0.980702,1.043365
7.105490,1.037221,1.004514,0.991092,0.976633,0.985503,0.987629,0.982237,0.982578,1.029176,1.006881,0.999207,0.986053,1.000592,0.989675,0.988435,1.007248,1.004294,0.998006,1.042368,0.987575,1.011757,1.036777,1.026641,1.013071,1.027112,1.019965,1.008025,1.012504,1.008941,0.970807,0.921492,1.008334,1.003769,1.013796,1.054857,1.048974,1.019513,0.980708,1.043372
7.113820,1.037243,1.004555,0.991127,0.976663,0.985531,0.987657,0.982263,0.982603,1.029189,1.006911,0.999236,0.986083,1.000622,0.989706,0.988465,1.007277,1.004325,0.998038,1.042392,0.987596,1.011787,1.036806,1.026669,1.013100,1.027148,1.019991,1.008054,1.012521,1.008955,0.970867,0.921517,1.008364,1.003789,1.013815,1.054885,1.048996,1.019547,0.980715,1.043379
7.122150,1.037265,1.004597,0.991163,0.976694,0.985559,0.987685,0.982290,0.982628,1.029203,1.006941,0.999265,0.986113,1.000652,0.989737,0.988496,1.007307,1.004356,0.998071,1.042418,0.987618,1.011817,1.036836,1.026698,1.013130,1.027185,1.020019,1.008083,1.012539,1.008970,0.970927,0.921544,1.008394,1.003809,1.013836,1.054914,1.049019,1.019581,0.980723,1.043386
7.130480,1.037287,1.004639,0.991200,0.976726,0.985587,0.987713,0.982316,0.982654,1.029217,1.006972,0.999295,0.986143,1.000683,0.989768,0.988527,1.007338,1.004388,0.998105,1.042443,0.987641,1.011848,1.036866,1.026727,1.013161,1.027221,1.020047,1.008112,1.012557,1.008985,0.970987,0.921570,1.008424,1.003830,1.013857,1.054943,1.049042,1.019616,0.980731,1.043393
7.138810,1.037310,1.004682,0.991237,0.976757,0.985616,0.987742,0.982343,0.982681,1.029231,1.007003,0.999325,0.986174,1.000714,0.989800,0.988559,1.007370,1.004421,0.998139,1.042470,0.987664,1.011879,1.036897,1.026757,1.013192,1.027259,1.020075,1.008142,1.012576,1.009002,0.971048,0.921597,1.008454,1.003851,1.013878,1.054972,1.049066,1.019651,0.980740,1.043400
7.147140,1.037332,1.004725,0.991274,0.976790,0.985646,0.987771,0.982371,0.982707,1.029245,1.007034,0.999356,0.986205,1.000746,0.989833,0.988591,1.007401,1.004453,0.998174,1.042497,0.987688,1.011911,1.036928,1.026787,1.013224,1.027297,1.020104,1.008173,1.012596,1.009018,0.971110,0.921625,1.008485,1.003873,1.013901,1.055002,1.049090,1.019686,0.980750,1.043407
7.155470,1.037355,1.004768,0.991312,0.976822,0.985675,0.987801,0.982399,0.982734,1.029259,1.007066,0.999387,0.986237,1.000778,0.989865,0.988624,1.007434,1.004487,0.998209,1.042524,0.987713,1.011943,1.036959,1.026818,1.013256,1.027335,1.020134,1.008204,1.012616,1.009036,0.971172,0.921652,1.008516,1.003895,1.013923,1.055033,1.049115,1.019722,0.980760,1.043413
7.163800,1.037378,1.004812,0.991350,0.976855,0.985705,0.987831,0.982427,0.982761,1.029273,1.007098,0.999418,0.986268,1.000810,0.989899,0.988657,1.007467,1.004521,0.998245,1.042552,0.987738,1.011976,1.036992,1.026850,1.013289,1.027373,1.020164,1.008236,1.012637,1.009054,0.971234,0.921680,1.008547,1.003918,1.013947,1.055063,1.049140,1.019758,0.980771,1.043420
7.172130,1.037401,1.004856,0.991389,0.976889,0.985735,0.987861,0.982455,0.982789,1.029288,1.007130,0.999450,0.986301,1.000843,0.989932,0.988691,1.007500,1.004555,0.998281,1.042581,0.987763,1.012009,1.037024,1.026882,1.013322,1.027412,1.020195,1.008268,1.012659,1.009072,0.971297,0.921709,1.008578,1.003941,1.013971,1.055095,1.049166,1.019795,0.980783,1.043426
7.180460,1.037425,1.004901,0.991428,0.976923,0.985766,0.987892,0.982484,0.982817,1.029302,1.007163,0.999482,0.986333,1.000876,0.989966,0.988726,1.007534,1.004590,0.998318,1.042610,0.987789,1.012043,1.037057,1.026914,1.013356,1.027452,1.020226,1.008301,1.012681,1.009091,0.971361,0.921737,1.008610,1.003964,1.013996,1.055126,1.049193,1.019831,0.980795,1.043433
7.188790,1.037448,1.004946,0.991467,0.976957,0.985797,0.987922,0.982512,0.982845,1.029316,1.007196,0.999514,0.986366,1.000910,0.990001,0.988760,1.007569,1.004626,0.998355,1.042639,0.987816,1.012077,1.037091,1.026947,1.013391,1.027491,1.020258,1.008334,1.012703,1.009111,0.971424,0.921766,1.008642,1.003988,1.014021,1.055158,1.049220,1.019868,0.980808,1.043439
7.197120,1.037472,1.004992,0.991507,0.976991,0.985828,0.987954,0.982542,0.982873,1.029331,1.007229,0.999547,0.986399,1.000943,0.990035,0.988796,1.007604,1.004662,0.998392,1.042670,0.987843,1.012112,1.037125,1.026980,1.013426,1.027532,1.020290,1.008368,1.012727,1.009131,0.971489,0.921795,1.008673,1.004013,1.014047,1.055191,1.049247,1.019906,0.980821,1.043445
7.205450,1.037495,1.005037,0.991548,0.977026,0.985860,0.987985,0.982571,0.982901,1.029345,1.007262,0.999580,0.986433,1.000977,0.990070,0.988831,1.007639,1.004698,0.998430,1.042700,0.987871,1.012147,1.037159,1.027014,1.013461,1.027572,1.020322,1.008402,1.012750,1.009152,0.971553,0.921824,1.008705,1.004037,1.014073,1.055224,1.049275,1.019943,0.980835,1.043452
7.213780,1.037519,1.005084,0.991588,0.977062,0.985891,0.988017,0.982601,0.982930,1.029360,1.007296,0.999613,0.986466,1.001011,0.990106,0.988867,1.007675,1.004735,0.998469,1.042731,0.987899,1.012182,1.037194,1.027048,1.013497,1.027613,1.020355,1.008436,1.012774,1.009174,0.971618,0.921854,1.008737,1.004063,1.014100,1.055257,1.049303,1.019981,0.980850,1.043458
7.222110,1.037543,1.005130,0.991629,0.977097,0.985923,0.988049,0.982630,0.982959,1.029374,1.007330,0.999646,0.986500,1.001046,0.990141,0.988904,1.007711,1.004772,0.998507,1.042763,0.987928,1.012218,1.037229,1.027083,1.013533,1.027654,1.020389,1.008471,1.012799,1.009196,0.971684,0.921884,1.008769,1.004088,1.014128,1.055290,1.049332,1.020019,0.980865,1.043464
7.230440,1.037567,1.005177,0.991671,0.977133,0.985955,0.988081,0.982661,0.982988,1.029389,1.007364,0.999679,0.986534,1.001081,0.990177,0.988941,1.007748,1.004810,0.998547,1.042795,0.987957,1.012255,1.037265,1.027118,1.013569,1.027695,1.020423,1.008506,1.012824,1.009218,0.971750,0.921914,1.008802,1.004114,1.014155,1.055324,1.049361,1.020057,0.980880,1.043470
7.238770,1.037591,1.005224,0.991713,0.977169,0.985988,0.988113,0.982691,0.983017,1.029403,1.007399,0.999713,0.986569,1.001115,0.990214,0.988978,1.007785,1.004847,0.998586,1.042827,0.987987,1.012292,1.037301,1.027153,1.013606,1.027737,1.020457,1.008542,1.012850,1.009241,0.971816,0.921944,1.008834,1.004141,1.014184,1.055358,1.049391,1.020096,0.980896,1.043476
7.247100,1.037615,1.005272,0.991755,0.977205,0.986020,0.988145,0.982721,0.983047,1.029418,1.007433,0.999747,0.986603,1.001151,0.990250,0.989016,1.007822,1.004886,0.998626,1.042860,0.988017,1.012329,1.037337,1.027189,1.013644,1.027779,1.020491,1.008578,1.012876,1.009265,0.971882,0.921974,1.008866,1.004167,1.014213,1.055392,1.049420,1.020135,0.980913,1.043481
7.255430,1.037639,1.005320,0.991797,0.977242,0.986053,0.988178,0.982752,0.983076,1.029432,1.007468,0.999781,0.986638,1.001186,0.990287,0.989053,1.007860,1.004924,0.998666,1.042893,0.988047,1.012366,1.037374,1.027225,1.013682,1.027821,1.020526,1.008614,1.012903,1.009289,0.971949,0.922005,1.008899,1.004194,1.014242,1.055427,1.049451,1.020174,0.980930,1.043487
7.263760,1.037663,1.005368,0.991839,0.977279,0.986086,0.988211,0.982783,0.983106,1.029447,1.007503,0.999815,0.986673,1.001221,0.990324,0.989092,1.007898,1.004963,0.998706,1.042927,0.988078,1.012404,1.037411,1.027261,1.013720,1.027863,1.020562,1.008651,1.012930,1.009313,0.972016,0.922035,1.008931,1.004222,1.014272,1.055462,1.049481,1.020213,0.980948,1.043492
7.272090,1.037688,1.005416,0.991882,0.977316,0.986119,0.988244,0.982813,0.983136,1.029461,1.007538,0.999850,0.986708,1.001257,0.990361,0.989130,1.007937,1.005003,0.998747,1.042961,0.988109,1.012442,1.037448,1.027298,1.013758,1.027906,1.020597,1.008688,1.012958,1.009338,0.972084,0.922066,1.008964,1.004249,1.014302,1.055497,1.049512,1.020252,0.980966,1.043498
7.280420,1.037712,1.005464,0.991925,0.977353,0.986153,0.988277,0.982844,0.983166,1.029476,1.007573,0.999884,0.986743,1.001293,0.990399,0.989169,1.007976,1.005042,0.998788,1.042995,0.988141,1.012480,1.037486,1.027335,1.013797,1.027949,1.020633,1.008726,1.012985,1.009363,0.972151,0.922097,1.008996,1.004277,1.014332,1.055532,1.049543,1.020292,0.980984,1.043503
7.288750,1.037736,1.005513,0.991969,0.977391,0.986186,0.988311,0.982876,0.983196,1.029490,1.007608,0.999919,0.986778,1.001329,0.990436,0.989208,1.008015,1.005082,0.998829,1.043030,0.988173,1.012519,1.037524,1.027372,1.013836,1.027992,1.020669,1.008763,1.013014,1.009389,0.972219,0.922128,1.009029,1.004305,1.014363,1.055568,1.049575,1.020332,0.981003,1.043509
7.297080,1.037761,1.005562,0.992012,0.977428,0.986220,0.988344,0.982907,0.983227,1.029504,1.007644,0.999954,0.986814,1.001365,0.990474,0.989248,1.008054,1.005122,0.998871,1.043065,0.988205,1.012558,1.037562,1.027410,1.013875,1.028035,1.020706,1.008801,1.013042,1.009415,0.972287,0.922160,1.009061,1.004334,1.014394,1.055604,1.049606,1.020372,0.981022,1.043514
7.305410,1.037785,1.005611,0.992056,0.977466,0.986253,0.988378,0.982938,0.983257,1.029519,1.007679,0.999989,0.986850,1.001401,0.990512,0.989287,1.008094,1.005162,0.998913,1.043100,0.988237,1.012597,1.037600,1.027448,1.013915,1.028079,1.020743,1.008839,1.013071,1.009441,0.972356,0.922191,1.009094,1.004363,1.014426,1.055640,1.049638,1.020412,0.981042,1.043519
7.313740,1.037810,1.005661,0.992100,0.977504,0.986287,0.988411,0.982970,0.983288,1.029533,1.007715,1.000024,0.986885,1.001438,0.990550,0.989327,1.008133,1.005203,0.998955,1.043136,0.988270,1.012637,1.037639,1.027486,1.013955,1.028123,1.020780,1.008878,1.013101,1.009468,0.972424,0.922222,1.009126,1.004392,1.014458,1.055676,1.049671,1.020452,0.981062,1.043524
7.322070,1.037834,1.005710,0.992144,0.977542,0.986321,0.988445,0.983001,0.983318,1.029547,1.007751,1.000059,0.986921,1.001474,0.990588,0.989367,1.008173,1.005244,0.998997,1.043171,0.988304,1.012676,1.037677,1.027524,1.013995,1.028166,1.020817,1.008917,1.013130,1.009495,0.972493,0.922254,1.009158,1.004421,1.014490,1.055712,1.049703,1.020492,0.981082,1.043529
7.330400,1.037858,1.005760,0.992189,0.977581,0.986355,0.988479,0.983033,0.983349,1.029562,1.007787,1.000094,0.986957,1.001511,0.990627,0.989407,1.008214,1.005285,0.999039,1.043208,0.988337,1.012716,1.037716,1.027563,1.014035,1.028210,1.020855,1.008955,1.013160,1.009522,0.972562,0.922286,1.009191,1.004450,1.014523,1.055749,1.049736,1.020533,0.981103,1.043533
7.338730,1.037883,1.005810,0.992233,0.977619,0.986389,0.988513,0.983065,0.983379,1.029576,1.007822,1.000130,0.986993,1.001547,0.990665,0.989448,1.008254,1.005326,0.999082,1.043244,0.988371,1.012756,1.037755,1.027601,1.014076,1.028255,1.020892,1.008995,1.013191,1.009550,0.972631,0.922317,1.009223,1.004480,1.014556,1.055785,1.049769,1.020573,0.981124,1.043538
7.347060,1.037907,1.005860,0.992278,0.977658,0.986423,0.988547,0.983096,0.983410,1.029590,1.007858,1.000165,0.987029,1.001584,0.990704,0.989488,1.008295,1.005368,0.999125,1.043281,0.988405,1.012797,1.037795,1.027640,1.014116,1.028299,1.020930,1.009034,1.013221,1.009578,0.972700,0.922349,1.009255,1.004510,1.014589,1.055822,1.049802,1.020614,0.981146,1.043542
7.355390,1.037932,1.005910,0.992322,0.977696,0.986457,0.988581,0.983128,0.983441,1.029604,1.007894,1.000200,0.987065,1.001621,0.990743,0.989529,1.008336,1.005409,0.999168,1.043317,0.988439,1.012837,1.037834,1.027679,1.014157,1.028343,1.020969,1.009073,1.013252,1.009606,0.972770,0.922381,1.009287,1.004540,1.014623,1.055859,1.049835,1.020654,0.981167,1.043547
7.363720,1.037956,1.005960,0.992367,0.977735,0.986492,0.988615,0.983160,0.983472,1.029618,1.007930,1.000236,0.987101,1.001658,0.990781,0.989570,1.008377,1.005451,0.999211,1.043354,0.988474,1.012878,1.037874,1.027718,1.014198,1.028388,1.021007,1.009113,1.013283,1.009635,0.972839,0.922413,1.009319,1.004570,1.014656,1.055896,1.049868,1.020695,0.981189,1.043551
7.372050,1.037981,1.006010,0.992412,0.977774,0.986526,0.988649,0.983192,0.983503,1.029632,1.007966,1.000271,0.987137,1.001695,0.990820,0.989611,1.008418,1.005493,0.999254,1.043391,0.988509,1.012918,1.037913,1.027758,1.014240,1.028432,1.021046,1.009153,1.013314,1.009664,0.972909,0.922445,1.009351,1.004600,1.014690,1.055933,1.049902,1.020736,0.981212,1.043555
7.380380,1.038005,1.006060,0.992457,0.977813,0.986560,0.988683,0.983224,0.983533,1.029646,1.008002,1.000306,0.987174,1.001731,0.990859,0.989652,1.008460,1.005535,0.999297,1.043429,0.988544,1.012959,1.037953,1.027797,1.014281,1.028477,1.021084,1.009193,1.013346,1.009693,0.972978,0.922477,1.009383,1.004631,1.014724,1.055970,1.049935,1.020777,0.981234,1.043559
7.388710,1.038030,1.006111,0.992502,0.977851,0.986595,0.988717,0.983256,0.983564,1.029660,1.008038,1.000342,0.987210,1.001768,0.990898,0.989694,1.008501,1.005577,0.999340,1.043466,0.988579,1.013000,1.037993,1.027837,1.014323,1.028522,1.021123,1.009233,1.013378,1.009722,0.973048,0.922508,1.009415,1.004662,1.014759,1.056008,1.049969,1.020817,0.981257,1.043563
7.397040,1.038054,1.006161,0.992548,0.977890,0.986629,0.988752,0.983288,0.983595,1.029673,1.008074,1.000377,0.987246,1.001805,0.990937,0.989735,1.008543,1.005619,0.999384,1.043504,0.988614,1.013041,1.038033,1.027876,1.014364,1.028566,1.021162,1.009273,1.013410,1.009751,0.973118,0.922540,1.009447,1.004692,1.014793,1.056045,1.050003,1.020858,0.981280,1.043567
7.405370,1.038078,1.006212,0.992593,0.977929,0.986663,0.988786,0.983319,0.983626,1.029687,1.008110,1.000413,0.987282,1.001842,0.990976,0.989777,1.008584,1.005662,0.999428,1.043542,0.988649,1.013082,1.038073,1.027916,1.014406,1.028611,1.021201,1.009313,1.013442,1.009781,0.973188,0.922572,1.009478,1.004723,1.014828,1.056082,1.050037,1.020899,0.981303,1.043571
7.413700,1.038102,1.006262,0.992638,0.977968,0.986698,0.988820,0.983351,0.983657,1.029701,1.008146,1.000448,0.987318,1.001879,0.991015,0.989818,1.008626,1.005704,0.999471,1.043580,0.988685,1.013124,1.038114,1.027956,1.014448,1.028656,1.021240,1.009354,1.013474,1.009811,0.973258,0.922604,1.009510,1.004754,1.014863,1.056120,1.050070,1.020940,0.981327,1.043574
7.422030,1.038127,1.006313,0.992683,0.978007,0.986732,0.988854,0.983383,0.983688,1.029714,1.008182,1.000483,0.987354,1.001916,0.991054,0.989860,1.008668,1.005747,0.999515,1.043618,0.988721,1.013165,1.038154,1.027996,1.014490,1.028701,1.021279,1.009394,1.013507,1.009841,0.973328,0.922636,1.009541,1.004785,1.014898,1.056157,1.050104,1.020981,0.981350,1.043578
7.430360,1.038151,1.006364,0.992729,0.978046,0.986766,0.988888,0.983415,0.983718,1.029727,1.008218,1.000519,0.987390,1.001952,0.991093,0.989901,1.008710,1.005789,0.999559,1.043656,0.988757,1.013206,1.038194,1.028036,1.014532,1.028746,1.021319,1.009435,1.013539,1.009871,0.973398,0.922668,1.009572,1.004816,1.014933,1.056194,1.050138,1.021022,0.981374,1.043581
7.438690,1.038175,1.006414,0.992774,0.978085,0.986801,0.988922,0.983447,0.983749,1.029741,1.008254,1.000554,0.987426,1.001989,0.991132,0.989943,1.008752,1.005832,0.999602,1.043694,0.988793,1.013248,1.038234,1.028076,1.014574,1.028791,1.021358,1.009475,1.013572,1.009902,0.973468,0.922700,1.009603,1.004848,1.014968,1.056232,1.050172,1.021063,0.981398,1.043584
7.447020,1.038199,1.006465,0.992820,0.978124,0.986835,0.988956,0.983478,0.983780,1.029754,1.008289,1.000589,0.987462,1.002026,0.991171,0.989985,1.008794,1.005874,0.999646,1.043732,0.988829,1.013289,1.038274,1.028115,1.014616,1.028835,1.021397,1.009516,1.013605,1.009932,0.973537,0.922731,1.009634,1.004879,1.015004,1.056269,1.050206,1.021104,0.981422,1.043587
7.455350,1.038222,1.006515,0.992865,0.978163,0.986869,0.988990,0.983510,0.983810,1.029767,1.008325,1.000624,0.987498,1.002062,0.991210,0.990026,1.008836,1.005917,0.999690,1.043771,0.988865,1.013330,1.038315,1.028155,1.014658,1.028880,1.021437,1.009557,1.013638,1.009963,0.973607,0.922763,1.009665,1.004910,1.015039,1.056306,1.050240,1.021144,0.981447,1.043590
7.463680,1.038246,1.006566,0.992910,0.978202,0.986903,0.989024,0.983542,0.983841,1.029780,1.008360,1.000659,0.987534,1.002099,0.991249,0.990068,1.008878,1.005960,0.999734,1.043809,0.988901,1.013372,1.038355,1.028195,1.014700,1.028925,1.021476,1.009597,1.013671,1.009993,0.973677,0.922795,1.009695,1.004942,1.015075,1.056344,1.050274,1.021185,0.981471,1.043593
7.472010,1.038270,1.006616,0.992956,0.978241,0.986937,0.989058,0.983573,0.983871,1.029793,1.008396,1.000694,0.987570,1.002136,0.991288,0.990110,1.008920,1.006002,0.999777,1.043848,0.988937,1.013413,1.038395,1.028235,1.014742,1.028970,1.021516,1.009638,1.013704,1.010024,0.973747,0.922826,1.009726,1.004973,1.015111,1.056381,1.050308,1.021226,0.981495,1.043596
7.480340,1.038294,1.006667,0.993001,0.978280,0.986971,0.989092,0.983605,0.983902,1.029806,1.008431,1.000729,0.987606,1.002172,0.991327,0.990152,1.008962,1.006045,0.999821,1.043886,0.988974,1.013454,1.038435,1.028275,1.014784,1.029014,1.021555,1.009679,1.013737,1.010055,0.973817,0.922858,1.009756,1.005004,1.015146,1.056418,1.050342,1.021266,0.981520,1.043599
7.488670,1.038317,1.006717,0.993046,0.978319,0.987005,0.989125,0.983636,0.983932,1.029818,1.008467,1.000764,0.987641,1.002208,0.991366,0.990193,1.009004,1.006087,0.999865,1.043924,0.989010,1.013496,1.038475,1.028315,1.014826,1.029059,1.021595,1.009719,1.013770,1.010086,0.973887,0.922889,1.009786,1.005036,1.015182,1.056455,1.050376,1.021307,0.981545,1.043601
7.497000,1.038341,1.006768,0.993091,0.978358,0.987039,0.989159,0.983667,0.983962,1.029831,1.008502,1.000799,0.987677,1.002244,0.991405,0.990235,1.009046,1.006130,0.999908,1.043963,0.989046,1.013537,1.038515,1.028354,1.014868,1.029104,1.021634,1.009760,1.013803,1.010117,0.973956,0.922921,1.009816,1.005067,1.015218,1.056492,1.050410,1.021347,0.981570,1.043603
7.505330,1.038364,1.006818,0.993136,0.978396,0.987072,0.989192,0.983698,0.983993,1.029843,1.008537,1.000833,0.987712,1.002281,0.991443,0.990276,1.009087,1.006172,0.999952,1.044001,0.989083,1.013578,1.038555,1.028394,1.014910,1.029148,1.021674,1.009801,1.013837,1.010148,0.974026,0.922952,1.009846,1.005099,1.015254,1.056529,1.050443,1.021388,0.981594,1.043606
7.513660,1.038387,1.006868,0.993181,0.978435,0.987106,0.989226,0.983730,0.984023,1.029856,1.008572,1.000868,0.987747,1.002317,0.991482,0.990318,1.009129,1.006215,0.999996,1.044040,0.989119,1.013619,1.038595,1.028434,1.014952,1.029193,1.021713,1.009841,1.013870,1.010179,0.974095,0.922983,1.009875,1.005130,1.015289,1.056566,1.050477,1.021428,0.981619,1.043608
7.521990,1.038410,1.006918,0.993226,0.978473,0.987140,0.989259,0.983761,0.984052,1.029868,1.008607,1.000902,0.987782,1.002352,0.991520,0.990359,1.009171,1.006257,1.000039,1.044078,0.989155,1.013660,1.038635,1.028473,1.014994,1.029237,1.021753,1.009882,1.013903,1.010210,0.974165,0.923014,1.009905,1.005161,1.015325,1.056603,1.050510,1.021468,0.981644,1.043610
7.530320,1.038433,1.006968,0.993271,0.978512,0.987173,0.989292,0.983791,0.984082,1.029880,1.008641,1.000937,0.987817,1.002388,0.991558,0.990401,1.009213,1.006299,1.000082,1.044116,0.989192,1.013701,1.038675,1.028512,1.015036,1.029281,1.021792,1.009922,1.013937,1.010241,0.974234,0.923045,1.009934,1.005193,1.015361,1.056639,1.050544,1.021508,0.981669,1.043612
7.538650,1.038456,1.007018,0.993315,0.978550,0.987206,0.989325,0.983822,0.984112,1.029892,1.008676,1.000971,0.987852,1.002424,0.991597,0.990442,1.009254,1.006342,1.000126,1.044154,0.989228,1.013742,1.038714,1.028552,1.015078,1.029325,1.021831,1.009962,1.013970,1.010272,0.974303,0.923076,1.009963,1.005224,1.015397,1.056676,1.050577,1.021548,0.981694,1.043614
7.546980,1.038479,1.007067,0.993360,0.978588,0.987239,0.989358,0.983853,0.984142,1.029904,1.008710,1.001005,0.987887,1.002459,0.991635,0.990483,1.009296,1.006384,1.000169,1.044193,0.989264,1.013783,1.038754,1.028591,1.015119,1.029369,1.021870,1.010003,1.014003,1.010303,0.974372,0.923107,1.009992,1.005255,1.015432,1.056712,1.050610,1.021588,0.981719,1.043615
7.555310,1.038501,1.007117,0.993404,0.978626,0.987272,0.989391,0.983883,0.984171,1.029915,1.008745,1.001038,0.987922,1.002495,0.991672,0.990524,1.009337,1.006426,1.000212,1.044231,0.989300,1.013823,1.038793,1.028630,1.015161,1.029413,1.021909,1.010043,1.014036,1.010334,0.974441,0.923138,1.010020,1.005286,1.015468,1.056749,1.050643,1.021627,0.981744,1.043617
7.563640,1.038524,1.007166,0.993449,0.978664,0.987305,0.989423,0.983914,0.984200,1.029927,1.008779,1.001072,0.987956,1.002530,0.991710,0.990565,1.009378,1.006467,1.000255,1.044269,0.989336,1.013864,1.038832,1.028668,1.015202,1.029457,1.021948,1.010083,1.014069,1.010364,0.974510,0.923168,1.010049,1.005317,1.015503,1.056785,1.050676,1.021667,0.981769,1.043618
7.571970,1.038546,1.007216,0.993493,0.978702,0.987338,0.989456,0.983944,0.984229,1.029938,1.008812,1.001106,0.987990,1.002565,0.991748,0.990605,1.009419,1.006509,1.000297,1.044307,0.989372,1.013904,1.038871,1.028707,1.015243,1.029500,1.021987,1.010123,1.014102,1.010395,0.974578,0.923198,1.010077,1.005348,1.015539,1.056820,1.050708,1.021706,0.981794,1.043619
7.580300,1.038568,1.007265,0.993537,0.978739,0.987370,0.989488,0.983974,0.984259,1.029950,1.008846,1.001139,0.988025,1.002600,0.991785,0.990646,1.009460,1.006551,1.000340,1.044344,0.989408,1.013944,1.038910,1.028746,1.015284,1.029544,1.022026,1.010162,1.014135,1.010426,0.974646,0.923228,1.010105,1.005379,1.015574,1.056856,1.050741,1.021745,0.981819,1.043621
7.588630,1.038590,1.007314,0.993581,0.978777,0.987403,0.989520,0.984004,0.984287,1.029961,1.008880,1.001172,0.988058,1.002634,0.991823,0.990686,1.009501,1.006592,1.000382,1.044382,0.989444,1.013984,1.038948,1.028784,1.015325,1.029587,1.022065,1.010202,1.014168,1.010457,0.974715,0.923259,1.010133,1.005410,1.015610,1.056892,1.050773,1.021784,0.981844,1.043622
7.596960,1.038612,1.007362,0.993624,0.978814,0.987435,0.989552,0.984033,0.984316,1.029972,1.008913,1.001205,0.988092,1.002669,0.991860,0.990727,1.009542,1.006633,1.000425,1.044419,0.989480,1.014024,1.038987,1.028822,1.015366,1.029630,1.022103,1.010241,1.014201,1.010487,0.974783,0.923288,1.010160,1.005440,1.015645,1.056927,1.050805,1.021823,0.981868,1.043623
7.605290,1.038634,1.007411,0.993668,0.978851,0.987467,0.989584,0.984063,0.984345,1.029983,1.008946,1.001238,0.988126,1.002703,0.991897,0.990767,1.009582,1.006674,1.000467,1.044457,0.989515,1.014064,1.039025,1.028860,1.015406,1.029673,1.022141,1.010281,1.014234,1.010518,0.974850,0.923318,1.010188,1.005471,1.015680,1.056962,1.050837,1.021861,0.981893,1.043624
7.613620,1.038655,1.007459,0.993711,0.978888,0.987499,0.989616,0.984092,0.984373,1.029994,1.008979,1.001270,0.988159,1.002737,0.991933,0.990807,1.009622,1.006715,1.000509,1.044494,0.989551,1.014103,1.039063,1.028897,1.015447,1.029716,1.022179,1.010320,1.014266,1.010548,0.974918,0.923348,1.010215,1.005501,1.015715,1.056997,1.050868,1.021900,0.981918,1.043624
7.621950,1.038676,1.007507,0.993754,0.978924,0.987531,0.989647,0.984122,0.984401,1.030005,1.009012,1.001303,0.988192,1.002771,0.991970,0.990846,1.009662,1.006756,1.000550,1.044531,0.989586,1.014142,1.039101,1.028935,1.015487,1.029758,1.022217,1.010359,1.014299,1.010578,0.974985,0.923377,1.010242,1.005532,1.015750,1.057032,1.050900,1.021938,0.981942,1.043625
7.630280,1.038698,1.007555,0.993797,0.978961,0.987562,0.989678,0.984151,0.984429,1.030015,1.009045,1.001335,0.988225,1.002805,0.992006,0.990886,1.009702,1.006796,1.000592,1.044568,0.989621,1.014181,1.039138,1.028972,1.015527,1.029801,1.022255,1.010398,1.014331,1.010609,0.975052,0.923406,1.010268,1.005562,1.015784,1.057066,1.050931,1.021976,0.981967,1.043625
7.638610,1.038719,1.007603,0.993840,0.978997,0.987594,0.989709,0.984180,0.984457,1.030026,1.009077,1.001367,0.988258,1.002838,0.992042,0.990925,1.009742,1.006836,1.000633,1.044605,0.989656,1.014220,1.039175,1.029009,1.015566,1.029843,1.022293,1.010436,1.014363,1.010639,0.975119,0.923435,1.010295,1.005592,1.015819,1.057100,1.050962,1.022013,0.981991,1.043626
7.646940,1.038740,1.007650,0.993882,0.979033,0.987625,0.989740,0.984208,0.984485,1.030036,1.009109,1.001399,0.988291,1.002871,0.992078,0.990964,1.009781,1.006876,1.000674,1.044641,0.989691,1.014258,1.039213,1.029046,1.015606,1.029885,1.022330,1.010474,1.014395,1.010668,0.975186,0.923464,1.010321,1.005621,1.015853,1.057134,1.050992,1.022051,0.982015,1.043626
7.655270,1.038760,1.007697,0.993924,0.979069,0.987656,0.989771,0.984237,0.984512,1.030046,1.009141,1.001430,0.988323,1.002904,0.992114,0.991003,1.009820,1.006916,1.000715,1.044677,0.989725,1.014296,1.039249,1.029082,1.015645,1.029926,1.022367,1.010513,1.014427,1.010698,0.975252,0.923493,1.010347,1.005651,1.015887,1.057168,1.051023,1.022088,0.982039,1.043626
7.663600,1.038781,1.007744,0.993966,0.979105,0.987686,0.989801,0.984265,0.984539,1.030056,1.009173,1.001462,0.988355,1.002937,0.992149,0.991041,1.009859,1.006956,1.000756,1.044713,0.989760,1.014334,1.039286,1.029118,1.015684,1.029968,1.022404,1.010551,1.014458,1.010728,0.975318,0.923521,1.010372,1.005680,1.015921,1.057201,1.051053,1.022125,0.982063,1.043626
7.671930,1.038801,1.007791,0.994008,0.979140,0.987717,0.989831,0.984293,0.984566,1.030066,1.009204,1.001493,0.988387,1.002970,0.992185,0.991080,1.009898,1.006995,1.000796,1.044749,0.989794,1.014372,1.039322,1.029154,1.015723,1.030009,1.022441,1.010588,1.014490,1.010757,0.975384,0.923549,1.010398,1.005710,1.015955,1.057235,1.051082,1.022162,0.982087,1.043626
7.680260,1.038821,1.007838,0.994049,0.979176,0.987747,0.989861,0.984321,0.984593,1.030075,1.009235,1.001523,0.988418,1.003002,0.992220,0.991118,1.009936,1.007034,1.000836,1.044785,0.989828,1.014410,1.039358,1.029190,1.015762,1.030050,1.022478,1.010626,1.014521,1.010786,0.975450,0.923577,1.010423,1.005739,1.015989,1.057267,1.051112,1.022198,0.982110,1.043626
7.688590,1.038841,1.007884,0.994091,0.979211,0.987777,0.989891,0.984348,0.984620,1.030085,1.009266,1.001554,0.988450,1.003034,0.992254,0.991156,1.009975,1.007073,1.000876,1.044820,0.989862,1.014447,1.039394,1.029225,1.015800,1.030091,1.022514,1.010663,1.014552,1.010815,0.975515,0.923605,1.010448,1.005767,1.016022,1.057300,1.051141,1.022234,0.982134,1.043626
7.696920,1.038861,1.007930,0.994132,0.979245,0.987807,0.989921,0.984376,0.984646,1.030094,1.009297,1.001584,0.988481,1.003066,0.992289,0.991193,1.010012,1.007112,1.000915,1.044855,0.989896,1.014484,1.039429,1.029260,1.015838,1.030131,1.022550,1.010700,1.014583,1.010844,0.975580,0.923633,1.010472,1.005796,1.016055,1.057332,1.051170,1.022270,0.982157,1.043625
7.705250,1.038880,1.007975,0.994172,0.979280,0.987836,0.989950,0.984403,0.984673,1.030104,1.009327,1.001614,0.988512,1.003097,0.992323,0.991230,1.010050,1.007150,1.000955,1.044890,0.989929,1.014520,1.039464,1.029295,1.015875,1.030171,1.022586,1.010736,1.014613,1.010872,0.975645,0.923660,1.010497,1.005824,1.016088,1.057364,1.051198,1.022306,0.982180,1.043625
7.713580,1.038900,1.008021,0.994213,0.979314,0.987865,0.989979,0.984430,0.984698,1.030113,1.009357,1.001644,0.988542,1.003128,0.992357,0.991267,1.010087,1.007188,1.000994,1.044925,0.989962,1.014556,1.039499,1.029329,1.015913,1.030211,1.022621,1.010773,1.014644,1.010900,0.975709,0.923687,1.010521,1.005852,1.016120,1.057396,1.051226,1.022341,0.982203,1.043624
7.721910,1.038919,1.008066,0.994253,0.979348,0.987894,0.990008,0.984456,0.984724,1.030122,1.009387,1.001674,0.988572,1.003159,0.992390,0.991304,1.010124,1.007225,1.001032,1.044959,0.989995,1.014592,1.039533,1.029363,1.015950,1.030251,1.022656,1.010809,1.014674,1.010928,0.975773,0.923714,1.010544,1.005880,1.016153,1.057427,1.051254,1.022377,0.982225,1.043623
7.730240,1.038938,1.008110,0.994292,0.979381,0.987923,0.990036,0.984483,0.984750,1.030131,1.009417,1.001703,0.988602,1.003190,0.992424,0.991340,1.010161,1.007263,1.001071,1.044993,0.990027,1.014628,1.039567,1.029397,1.015987,1.030290,1.022691,1.010845,1.014704,1.010956,0.975837,0.923740,1.010568,1.005908,1.016185,1.057459,1.051282,1.022411,0.982247,1.043623
7.738570,1.038957,1.008155,0.994332,0.979415,0.987952,0.990064,0.984509,0.984775,1.030139,1.009446,1.001732,0.988632,1.003220,0.992457,0.991376,1.010197,1.007300,1.001109,1.045027,0.990060,1.014663,1.039601,1.029430,1.016023,1.030329,1.022726,1.010880,1.014733,1.010984,0.975901,0.923767,1.010591,1.005936,1.016217,1.057489,1.051309,1.022446,0.982270,1.043622
7.746900,1.038975,1.008199,0.994371,0.979448,0.987980,0.990092,0.984535,0.984800,1.030148,1.009475,1.001761,0.988661,1.003250,0.992489,0.991412,1.010233,1.007336,1.001146,1.045060,0.990092,1.014698,1.039634,1.029463,1.016059,1.030368,1.022760,1.010916,1.014762,1.011011,0.975964,0.923793,1.010614,1.005963,1.016248,1.057520,1.051336,1.022480,0.982291,1.043621
7.755230,1.038993,1.008243,0.994410,0.979480,0.988008,0.990120,0.984560,0.984824,1.030156,1.009504,1.001789,0.988690,1.003280,0.992522,0.991447,1.010269,1.007373,1.001184,1.045093,0.990123,1.014733,1.039667,1.029496,1.016095,1.030406,1.022795,1.010950,1.014791,1.011038,0.976026,0.923819,1.010636,1.005990,1.016280,1.057550,1.051362,1.022514,0.982313,1.043619
7.763560,1.039011,1.008286,0.994448,0.979513,0.988035,0.990147,0.984586,0.984849,1.030164,1.009532,1.001817,0.988719,1.003310,0.992554,0.991482,1.010304,1.007409,1.001221,1.045126,0.990155,1.014767,1.039700,1.029528,1.016130,1.030444,1.022828,1.010985,1.014820,1.011064,0.976089,0.923844,1.010658,1.006016,1.016311,1.057579,1.051388,1.022548,0.982334,1.043618
7.771890,1.039029,1.008329,0.994486,0.979545,0.988063,0.990174,0.984611,0.984873,1.030172,1.009560,1.001845,0.988748,1.003339,0.992585,0.991517,1.010339,1.007444,1.001257,1.045158,0.990186,1.014801,1.039732,1.029560,1.016165,1.030482,1.022862,1.011019,1.014849,1.011091,0.976151,0.923869,1.010680,1.006043,1.016341,1.057609,1.051414,1.022581,0.982356,1.043617
7.780220,1.039047,1.008372,0.994524,0.979577,0.988090,0.990201,0.984636,0.984897,1.030180,1.009588,1.001872,0.988776,1.003367,0.992617,0.991551,1.010374,1.007480,1.001294,1.045191,0.990217,1.014834,1.039764,1.029591,1.016200,1.030520,1.022895,1.011053,1.014877,1.011117,0.976213,0.923894,1.010702,1.006069,1.016372,1.057638,1.051439,1.022614,0.982376,1.043615
7.788550,1.039064,1.008414,0.994562,0.979608,0.988116,0.990227,0.984660,0.984921,1.030188,1.009615,1.001899,0.988804,1.003396,0.992648,0.991585,1.010408,1.007515,1.001330,1.045222,0.990247,1.014867,1.039795,1.029622,1.016234,1.030557,1.022927,1.011087,1.014904,1.011142,0.976274,0.923919,1.010723,1.006094,1.016402,1.057666,1.051464,1.022646,0.982397,1.043614
7.796880,1.039082,1.008456,0.994599,0.979639,0.988143,0.990253,0.984684,0.984944,1.030195,1.009642,1.001926,0.988831,1.003424,0.992678,0.991619,1.010442,1.007549,1.001365,1.045254,0.990278,1.014900,1.039826,1.029653,1.016268,1.030594,1.022960,1.011120,1.014932,1.011168,0.976335,0.923943,1.010744,1.006120,1.016432,1.057694,1.051489,1.022678,0.982417,1.043612
7.805210,1.039099,1.008498,0.994635,0.979670,0.988169,0.990279,0.984708,0.984967,1.030203,1.009669,1.001953,0.988858,1.003452,0.992709,0.991652,1.010475,1.007583,1.001401,1.045285,0.990307,1.014932,1.039857,1.029683,1.016301,1.030630,1.022992,1.011153,1.014959,1.011193,0.976396,0.923968,1.010765,1.006145,1.016461,1.057722,1.051513,1.022710,0.982437,1.043611
7.813540,1.039115,1.008539,0.994672,0.979700,0.988195,0.990305,0.984732,0.984990,1.030210,1.009695,1.001979,0.988885,1.003479,0.992739,0.991685,1.010508,1.007617,1.001435,1.045315,0.990337,1.014964,1.039887,1.029713,1.016334,1.030666,1.023024,1.011185,1.014986,1.011218,0.976456,0.923991,1.010785,1.006170,1.016490,1.057749,1.051537,1.022742,0.982457,1.043609
7.821870,1.039132,1.008580,0.994708,0.979730,0.988220,0.990330,0.984755,0.985012,1.030217,1.009721,1.002004,0.988911,1.003506,0.992768,0.991717,1.010540,1.007650,1.001470,1.045346,0.990366,1.014995,1.039917,1.029742,1.016367,1.030702,1.023055,1.011217,1.015012,1.011242,0.976516,0.924015,1.010805,1.006195,1.016519,1.057776,1.051560,1.022773,0.982476,1.043607
7.830200,1.039148,1.008620,0.994743,0.979760,0.988245,0.990355,0.984778,0.985034,1.030224,1.009747,1.002030,0.988937,1.003533,0.992797,0.991749,1.010573,1.007683,1.001504,1.045375,0.990395,1.015026,1.039946,1.029771,1.016399,1.030737,1.023086,1.011249,1.015038,1.011266,0.976575,0.924038,1.010824,1.006219,1.016547,1.057803,1.051583,1.022804,0.982495,1.043605
7.838530,1.039164,1.008660,0.994778,0.979789,0.988270,0.990379,0.984801,0.985056,1.030231,1.009772,1.002055,0.988963,1.003559,0.992826,0.991780,1.010604,1.007716,1.001537,1.045405,0.990423,1.015057,1.039975,1.029799,1.016431,1.030772,1.023116,1.011280,1.015064,1.011290,0.976634,0.924061,1.010843,1.006243,1.016575,1.057829,1.051605,1.022834,0.982514,1.043603
7.846860,1.039180,1.008700,0.994813,0.979818,0.988294,0.990403,0.984823,0.985077,1.030237,1.009797,1.002079,0.988988,1.003585,0.992854,0.991811,1.010636,1.007748,1.001571,1.045434,0.990451,1.015087,1.040003,1.029827,1.016462,1.030807,1.023146,1.011311,1.015089,1.011313,0.976693,0.924083,1.010862,1.006266,1.016603,1.057855,1.051627,1.022864,0.982532,1.043600
7.855190,1.039195,1.008739,0.994847,0.979847,0.988318,0.990427,0.984845,0.985099,1.030244,1.009821,1.002104,0.989013,1.003610,0.992882,0.991842,1.010667,1.007780,1.001603,1.045463,0.990479,1.015116,1.040031,1.029855,1.016493,1.030841,1.023176,1.011341,1.015114,1.011336,0.976751,0.924105,1.010880,1.006289,1.016630,1.057880,1.051648,1.022894,0.982550,1.043598
7.863520,1.039210,1.008778,0.994881,0.979875,0.988342,0.990450,0.984867,0.985119,1.030250,1.009845,1.002127,0.989038,1.003635,0.992910,0.991872,1.010697,1.007811,1.001636,1.045491,0.990506,1.015145,1.040059,1.029882,1.016523,1.030875,1.023205,1.011371,1.015138,1.011359,0.976809,0.924127,1.010898,1.006312,1.016657,1.057905,1.051669,1.022923,0.982568,1.043596
7.871850,1.039225,1.008817,0.994915,0.979903,0.988365,0.990473,0.984888,0.985140,1.030256,1.009869,1.002151,0.989062,1.003660,0.992937,0.991902,1.010727,1.007842,1.001668,1.045519,0.990533,1.015174,1.040085,1.029908,1.016553,1.030908,1.023234,1.011401,1.015162,1.011381,0.976866,0.924149,1.010915,1.006335,1.016683,1.057929,1.051690,1.022952,0.982585,1.043593
7.880180,1.039240,1.008855,0.994948,0.979930,0.988388,0.990496,0.984909,0.985160,1.030262,1.009892,1.002174,0.989085,1.003684,0.992964,0.991931,1.010756,1.007872,1.001699,1.045546,0.990559,1.015202,1.040112,1.029934,1.016583,1.030941,1.023263,1.011430,1.015186,1.011402,0.976923,0.924170,1.010933,1.006357,1.016709,1.057953,1.051710,1.022980,0.982602,1.043591
7.888510,1.039255,1.008892,0.994980,0.979957,0.988411,0.990518,0.984929,0.985180,1.030267,1.009915,1.002197,0.989109,1.003708,0.992990,0.991960,1.010785,1.007902,1.001730,1.045573,0.990585,1.015230,1.040138,1.029960,1.016612,1.030974,1.023291,1.011458,1.015209,1.011424,0.976979,0.924191,1.010949,1.006378,1.016735,1.057976,1.051730,1.023008,0.982618,1.043588
7.896840,1.039269,1.008929,0.995012,0.979983,0.988433,0.990540,0.984950,0.985199,1.030273,1.009937,1.002219,0.989131,1.003731,0.993016,0.991988,1.010814,1.007931,1.001760,1.045599,0.990611,1.015257,1.040163,1.029985,1.016640,1.031006,1.023319,1.011487,1.015232,1.011445,0.977035,0.924211,1.010966,1.006400,1.016760,1.057999,1.051749,1.023036,0.982634,1.043585
7.905170,1.039283,1.008966,0.995044,0.980009,0.988454,0.990561,0.984969,0.985218,1.030278,1.009959,1.002241,0.989154,1.003754,0.993041,0.992016,1.010842,1.007960,1.001790,1.045625,0.990636,1.015284,1.040188,1.030010,1.016668,1.031038,1.023346,1.011515,1.015255,1.011465,0.977091,0.924231,1.010981,1.006421,1.016785,1.058022,1.051767,1.023063,0.982650,1.043582
7.913500,1.039297,1.009002,0.995075,0.980035,0.988476,0.990582,0.984989,0.985237,1.030283,1.009980,1.002262,0.989176,1.003777,0.993066,0.992043,1.010869,1.007988,1.001820,1.045651,0.990661,1.015310,1.040213,1.030034,1.016696,1.031069,1.023372,1.011542,1.015277,1.011485,0.977146,0.924251,1.010997,1.006441,1.016809,1.058044,1.051785,1.023090,0.982665,1.043579
7.921830,1.039310,1.009038,0.995106,0.980060,0.988497,0.990603,0.985008,0.985256,1.030288,1.010001,1.002283,0.989197,1.003799,0.993090,0.992070,1.010896,1.008016,1.001849,1.045676,0.990685,1.015335,1.040237,1.030057,1.016722,1.031100,1.023399,1.011569,1.015298,1.011505,0.977201,0.924270,1.011012,1.006461,1.016833,1.058065,1.051803,1.023116,0.982680,1.043576
7.930160,1.039323,1.009073,0.995136,0.980085,0.988517,0.990623,0.985027,0.985274,1.030293,1.010022,1.002304,0.989218,1.003821,0.993114,0.992097,1.010923,1.008044,1.001878,1.045701,0.990709,1.015361,1.040260,1.030080,1.016749,1.031131,1.023424,1.011595,1.015319,1.011524,0.977255,0.924289,1.011026,1.006481,1.016856,1.058086,1.051820,1.023142,0.982695,1.043573
7.938490,1.039336,1.009108,0.995166,0.980109,0.988537,0.990643,0.985045,0.985291,1.030297,1.010042,1.002324,0.989239,1.003842,0.993138,0.992122,1.010949,1.008071,1.001906,1.045725,0.990732,1.015385,1.040283,1.030102,1.016775,1.031161,1.023450,1.011621,1.015340,1.011542,0.977309,0.924307,1.011041,1.006500,1.016879,1.058107,1.051837,1.023167,0.982709,1.043570
7.946820,1.039349,1.009142,0.995195,0.980133,0.988557,0.990662,0.985063,0.985308,1.030302,1.010062,1.002343,0.989259,1.003862,0.993161,0.992148,1.010974,1.008097,1.001933,1.045748,0.990755,1.015409,1.040305,1.030124,1.016800,1.031191,1.023475,1.011646,1.015360,1.011561,0.977362,0.924326,1.011054,1.006519,1.016902,1.058127,1.051853,1.023192,0.982722,1.043567
7.955150,1.039361,1.009176,0.995224,0.980156,0.988576,0.990681,0.985080,0.985325,1.030306,1.010081,1.002362,0.989279,1.003883,0.993183,0.992172,1.010999,1.008123,1.001960,1.045771,0.990777,1.015433,1.040327,1.030146,1.016825,1.031220,1.023499,1.011671,1.015379,1.011578,0.977415,0.924343,1.011067,1.006538,1.016924,1.058146,1.051868,1.023217,0.982735,1.043564
7.963480,1.039373,1.009209,0.995252,0.980179,0.988595,0.990700,0.985097,0.985342,1.030310,1.010100,1.002381,0.989298,1.003902,0.993205,0.992197,1.011023,1.008148,1.001987,1.045794,0.990799,1.015456,1.040348,1.030166,1.016849,1.031248,1.023523,1.011695,1.015398,1.011596,0.977467,0.924361,1.011080,1.006556,1.016945,1.058165,1.051883,1.023241,0.982748,1.043560
7.971810,1.039385,1.009242,0.995280,0.980201,0.988614,0.990718,0.985114,0.985358,1.030314,1.010118,1.002399,0.989317,1.003922,0.993227,0.992220,1.011047,1.008173,1.002013,1.045816,0.990820,1.015478,1.040369,1.030186,1.016873,1.031277,1.023546,1.011719,1.015417,1.011612,0.977518,0.924377,1.011092,1.006573,1.016966,1.058184,1.051898,1.023264,0.982760,1.043557
7.980140,1.039397,1.009275,0.995307,0.980223,0.988631,0.990736,0.985130,0.985373,1.030318,1.010136,1.002417,0.989335,1.003940,0.993248,0.992243,1.011070,1.008197,1.002038,1.045837,0.990841,1.015500,1.040389,1.030206,1.016896,1.031304,1.023569,1.011743,1.015435,1.011629,0.977570,0.924394,1.011104,1.006590,1.016987,1.058202,1.051912,1.023287,0.982772,1.043553
7.988470,1.039408,1.009306,0.995334,0.980245,0.988649,0.990753,0.985146,0.985389,1.030321,1.010153,1.002435,0.989353,1.003959,0.993268,0.992266,1.011093,1.008221,1.002063,1.045858,0.990862,1.015521,1.040408,1.030225,1.016919,1.031332,1.023591,1.011765,1.015453,1.011644,0.977620,0.924410,1.011115,1.006607,1.017007,1.058219,1.051925,1.023310,0.982784,1.043549
7.996800,1.039419,1.009338,0.995360,0.980265,0.988666,0.990770,0.985162,0.985404,1.030324,1.010170,1.002451,0.989370,1.003976,0.993288,0.992288,1.011115,1.008244,1.002087,1.045878,0.990882,1.015542,1.040427,1.030243,1.016941,1.031359,1.023613,1.011788,1.015470,1.011660,0.977671,0.924426,1.011126,1.006623,1.017026,1.058236,1.051938,1.023332,0.982794,1.043546
8.005130,1.039430,1.009369,0.995386,0.980286,0.988683,0.990786,0.985177,0.985418,1.030327,1.010187,1.002468,0.989387,1.003994,0.993308,0.992309,1.011136,1.008267,1.002111,1.045898,0.990901,1.015562,1.040446,1.030261,1.016962,1.031385,1.023634,1.011809,1.015487,1.011674,0.977720,0.924441,1.011137,1.006639,1.017045,1.058252,1.051950,1.023354,0.982805,1.043542
8.013460,1.039440,1.009399,0.995411,0.980306,0.988699,0.990802,0.985191,0.985432,1.030330,1.010202,1.002484,0.989403,1.004010,0.993327,0.992330,1.011157,1.008289,1.002134,1.045918,0.990920,1.015581,1.040463,1.030278,1.016983,1.031411,1.023655,1.011831,1.015503,1.011688,0.977769,0.924456,1.011147,1.006654,1.017064,1.058268,1.051962,1.023375,0.982815,1.043538
8.021790,1.039450,1.009429,0.995435,0.980325,0.988714,0.990817,0.985206,0.985446,1.030333,1.010218,1.002499,0.989419,1.004026,0.993345,0.992350,1.011177,1.008310,1.002157,1.045936,0.990938,1.015600,1.040480,1.030295,1.017003,1.031436,1.023675,1.011851,1.015518,1.011702,0.977818,0.924470,1.011156,1.006669,1.017082,1.058283,1.051973,1.023396,0.982824,1.043534
8.030120,1.039460,1.009458,0.995459,0.980344,0.988730,0.990832,0.985219,0.985459,1.030335,1.010232,1.002514,0.989435,1.004042,0.993363,0.992370,1.011197,1.008331,1.002179,1.045954,0.990956,1.015618,1.040497,1.030311,1.017023,1.031461,1.023695,1.011871,1.015533,1.011715,0.977866,0.924484,1.011165,1.006683,1.017099,1.058297,1.051983,1.023416,0.982833,1.043530
8.038450,1.039469,1.009487,0.995483,0.980362,0.988744,0.990846,0.985233,0.985472,1.030338,1.010247,1.002528,0.989449,1.004057,0.993380,0.992389,1.011216,1.008351,1.002201,1.045972,0.990973,1.015636,1.040513,1.030326,1.017042,1.031485,1.023714,1.011891,1.015548,1.011728,0.977914,0.924497,1.011173,1.006697,1.017116,1.058311,1.051993,1.023436,0.982841,1.043526
8.046780,1.039479,1.009515,0.995506,0.980380,0.988759,0.990860,0.985245,0.985484,1.030340,1.010261,1.002542,0.989464,1.004072,0.993397,0.992407,1.011235,1.008371,1.002222,1.045989,0.990990,1.015653,1.040528,1.030341,1.017060,1.031509,1.023733,1.011910,1.015562,1.011740,0.977961,0.924510,1.011181,1.006710,1.017133,1.058325,1.052002,1.023455,0.982849,1.043522
8.055110,1.039488,1.009542,0.995528,0.980397,0.988772,0.990874,0.985258,0.985496,1.030341,1.010274,1.002555,0.989477,1.004086,0.993413,0.992425,1.011252,1.008390,1.002242,1.046005,0.991006,1.015669,1.040543,1.030355,1.017078,1.031532,1.023751,1.011928,1.015575,1.011752,0.978007,0.924523,1.011188,1.006723,1.017149,1.058338,1.052011,1.023474,0.982857,1.043518
8.063440,1.039496,1.009569,0.995550,0.980414,0.988786,0.990887,0.985270,0.985507,1.030343,1.010286,1.002568,0.989491,1.004100,0.993429,0.992442,1.011270,1.008408,1.002262,1.046021,0.991022,1.015685,1.040557,1.030369,1.017095,1.031555,1.023768,1.011946,1.015588,1.011763,0.978053,0.924535,1.011195,1.006736,1.017164,1.058350,1.052019,1.023492,0.982864,1.043513
8.071770,1.039505,1.009596,0.995571,0.980430,0.988798,0.990899,0.985281,0.985518,1.030345,1.010299,1.002581,0.989503,1.004113,0.993444,0.992459,1.011286,1.008426,1.002281,1.046037,0.991037,1.015700,1.040570,1.030381,1.017111,1.031578,1.023785,1.011963,1.015600,1.011773,0.978098,0.924547,1.011202,1.006747,1.017178,1.058361,1.052027,1.023510,0.982870,1.043509
8.080100,1.039513,1.009622,0.995592,0.980446,0.988811,0.990911,0.985292,0.985529,1.030346,1.010310,1.002592,0.989515,1.004125,0.993459,0.992475,1.011302,1.008443,1.002300,1.046051,0.991051,1.015714,1.040583,1.030394,1.017127,1.031599,1.023802,1.011980,1.015612,1.011783,0.978143,0.924558,1.011208,1.006759,1.017193,1.058372,1.052034,1.023527,0.982876,1.043505
8.088430,1.039521,1.009647,0.995612,0.980461,0.988823,0.990923,0.985303,0.985539,1.030347,1.010321,1.002604,0.989527,1.004137,0.993472,0.992490,1.011318,1.008460,1.002318,1.046065,0.991065,1.015728,1.040595,1.030405,1.017142,1.031621,1.023817,1.011996,1.015623,1.011792,0.978188,0.924569,1.011213,1.006769,1.017206,1.058383,1.052040,1.023544,0.982881,1.043500
8.096760,1.039528,1.009672,0.995632,0.980476,0.988834,0.990934,0.985313,0.985549,1.030348,1.010332,1.002614,0.989538,1.004149,0.993486,0.992505,1.011332,1.008476,1.002335,1.046079,0.991078,1.015741,1.040606,1.030416,1.017157,1.031641,1.023833,1.012012,1.015634,1.011801,0.978231,0.924579,1.011218,1.006780,1.017219,1.058393,1.052046,1.023560,0.982886,1.043496
8.105090,1.039536,1.009697,0.995650,0.980490,0.988845,0.990944,0.985323,0.985558,1.030349,1.010342,1.002625,0.989549,1.004159,0.993499,0.992519,1.011347,1.008492,1.002352,1.046091,0.991091,1.015754,1.040617,1.030426,1.017171,1.031662,1.023847,1.012026,1.015643,1.011809,0.978274,0.924589,1.011222,1.006789,1.017232,1.058402,1.052051,1.023575,0.982890,1.043491
8.113420,1.039542,1.009720,0.995669,0.980503,0.988855,0.990954,0.985332,0.985567,1.030349,1.010352,1.002634,0.989559,1.004170,0.993511,0.992533,1.011360,1.008506,1.002368,1.046104,0.991103,1.015766,1.040627,1.030436,1.017184,1.031681,1.023861,1.012041,1.015653,1.011816,0.978317,0.924598,1.011226,1.006799,1.017244,1.058411,1.052055,1.023590,0.982894,1.043486
8.121750,1.039549,1.009744,0.995687,0.980516,0.988865,0.990964,0.985341,0.985575,1.030349,1.010361,1.002644,0.989568,1.004180,0.993523,0.992546,1.011373,1.008520,1.002383,1.046115,0.991115,1.015777,1.040637,1.030445,1.017197,1.031701,1.023875,1.012054,1.015662,1.011823,0.978359,0.924607,1.011229,1.006807,1.017255,1.058419,1.052059,1.023605,0.982897,1.043482
8.130080,1.039555,1.009766,0.995704,0.980529,0.988874,0.990973,0.985349,0.985583,1.030350,1.010369,1.002652,0.989577,1.004189,0.993534,0.992558,1.011385,1.008534,1.002398,1.046126,0.991125,1.015787,1.040645,1.030453,1.017209,1.031719,1.023888,1.012068,1.015670,1.011830,0.978400,0.924615,1.011232,1.006816,1.017265,1.058426,1.052062,1.023619,0.982899,1.043477
8.138410,1.039562,1.009788,0.995720,0.980541,0.988883,0.990981,0.985357,0.985591,1.030349,1.010377,1.002660,0.989586,1.004197,0.993544,0.992569,1.011396,1.008547,1.002413,1.046136,0.991136,1.015797,1.040654,1.030460,1.017220,1.031737,1.023900,1.012080,1.015677,1.011836,0.978441,0.924623,1.011234,1.006823,1.017276,1.058433,1.052065,1.023633,0.982901,1.043472
8.146740,1.039567,1.009810,0.995736,0.980552,0.988891,0.990989,0.985364,0.985598,1.030349,1.010384,1.002668,0.989593,1.004206,0.993554,0.992580,1.011407,1.008559,1.002426,1.046146,0.991146,1.015806,1.040661,1.030467,1.017231,1.031755,1.023912,1.012092,1.015684,1.011841,0.978482,0.924631,1.011236,1.006830,1.017285,1.058439,1.052067,1.023646,0.982903,1.043467
8.155070,1.039573,1.009831,0.995752,0.980563,0.988899,0.990997,0.985371,0.985604,1.030349,1.010391,1.002675,0.989601,1.004213,0.993563,0.992591,1.011417,1.008571,1.002440,1.046155,0.991155,1.015815,1.040668,1.030474,1.017241,1.031772,1.023923,1.012103,1.015691,1.011845,0.978521,0.924638,1.011237,1.006837,1.017294,1.058444,1.052068,1.023658,0.982904,1.043462
8.163400,1.039578,1.009851,0.995767,0.980573,0.988906,0.991004,0.985377,0.985611,1.030348,1.010397,1.002682,0.989608,1.004220,0.993572,0.992600,1.011427,1.008582,1.002452,1.046163,0.991163,1.015823,1.040674,1.030479,1.017250,1.031788,1.023933,1.012114,1.015697,1.011849,0.978561,0.924644,1.011238,1.006843,1.017302,1.058449,1.052069,1.023670,0.982904,1.043457
8.171730,1.039583,1.009871,0.995781,0.980582,0.988913,0.991010,0.985383,0.985616,1.030347,1.010403,1.002687,0.989614,1.004226,0.993580,0.992609,1.011436,1.008592,1.002464,1.046171,0.991171,1.015830,1.040679,1.030484,1.017258,1.031804,1.023943,1.012124,1.015702,1.011853,0.978599,0.924651,1.011238,1.006848,1.017310,1.058453,1.052069,1.023681,0.982904,1.043452
8.180060,1.039588,1.009890,0.995794,0.980591,0.988919,0.991016,0.985389,0.985621,1.030346,1.010408,1.002693,0.989619,1.004232,0.993588,0.992618,1.011444,1.008602,1.002475,1.046178,0.991178,1.015837,1.040684,1.030488,1.017266,1.031820,1.023952,1.012133,1.015706,1.011856,0.978637,0.924656,1.011238,1.006853,1.017317,1.058457,1.052068,1.023692,0.982903,1.043447
8.188390,1.039592,1.009909,0.995807,0.980600,0.988925,0.991022,0.985394,0.985626,1.030345,1.010413,1.002698,0.989625,1.004238,0.993595,0.992625,1.011451,1.008611,1.002486,1.046185,0.991185,1.015842,1.040688,1.030492,1.017274,1.031834,1.023961,1.012142,1.015710,1.011858,0.978675,0.924661,1.011237,1.006857,1.017323,1.058460,1.052067,1.023702,0.982902,1.043442
8.196720,1.039596,1.009927,0.995820,0.980608,0.988931,0.991027,0.985398,0.985631,1.030343,1.010417,1.002702,0.989629,1.004242,0.993601,0.992632,1.011458,1.008619,1.002496,1.046191,0.991191,1.015848,1.040692,1.030495,1.017280,1.031849,1.023969,1.012150,1.015714,1.011859,0.978711,0.924666,1.011236,1.006861,1.017329,1.058462,1.052065,1.023712,0.982900,1.043437
8.205050,1.039600,1.009944,0.995832,0.980615,0.988935,0.991031,0.985402,0.985634,1.030342,1.010420,1.002706,0.989633,1.004247,0.993607,0.992639,1.011464,1.008627,1.002505,1.046196,0.991197,1.015852,1.040694,1.030497,1.017286,1.031863,1.023977,1.012158,1.015716,1.011860,0.978748,0.924670,1.011234,1.006865,1.017335,1.058464,1.052062,1.023721,0.982897,1.043432
8.213380,1.039603,1.009961,0.995843,0.980622,0.988940,0.991035,0.985406,0.985638,1.030340,1.010423,1.002709,0.989637,1.004250,0.993612,0.992644,1.011470,1.008634,1.002514,1.046200,0.991202,1.015856,1.040697,1.030498,1.017291,1.031876,1.023984,1.012165,1.015719,1.011861,0.978783,0.924674,1.011231,1.006867,1.017339,1.058465,1.052059,1.023730,0.982894,1.043427
8.221710,1.039607,1.009977,0.995853,0.980628,0.988943,0.991039,0.985409,0.985641,1.030338,1.010426,1.002712,0.989640,1.004253,0.993617,0.992649,1.011475,1.008641,1.002522,1.046204,0.991206,1.015859,1.040698,1.030499,1.017296,1.031888,1.023990,1.012171,1.015720,1.011860,0.978818,0.924677,1.011229,1.006869,1.017343,1.058466,1.052055,1.023738,0.982890,1.043422
8.230040,1.039609,1.009993,0.995863,0.980634,0.988947,0.991042,0.985412,0.985643,1.030336,1.010428,1.002714,0.989642,1.004256,0.993621,0.992654,1.011479,1.008647,1.002529,1.046207,0.991209,1.015861,1.040699,1.030499,1.017300,1.031901,1.023996,1.012177,1.015721,1.011860,0.978853,0.924680,1.011225,1.006871,1.017347,1.058465,1.052051,1.023746,0.982886,1.043416
8.238370,1.039612,1.010008,0.995873,0.980639,0.988949,0.991044,0.985414,0.985645,1.030333,1.010429,1.002716,0.989644,1.004258,0.993624,0.992658,1.011482,1.008652,1.002536,1.046210,0.991212,1.015863,1.040699,1.030498,1.017303,1.031912,1.024001,1.012182,1.015721,1.011858,0.978887,0.924682,1.011221,1.006872,1.017349,1.058464,1.052046,1.023753,0.982881,1.043411
8.246700,1.039614,1.010023,0.995882,0.980643,0.988952,0.991046,0.985416,0.985647,1.030331,1.010430,1.002717,0.989645,1.004259,0.993627,0.992661,1.011485,1.008656,1.002542,1.046212,0.991215,1.015864,1.040698,1.030497,1.017306,1.031923,1.024005,1.012186,1.015721,1.011856,0.978920,0.924684,1.011217,1.006872,1.017351,1.058463,1.052040,1.023759,0.982876,1.043406
8.255030,1.039617,1.010037,0.995890,0.980647,0.988953,0.991047,0.985417,0.985648,1.030328,1.010430,1.002718,0.989646,1.004260,0.993629,0.992663,1.011487,1.008660,1.002547,1.046213,0.991217,1.015865,1.040697,1.030495,1.017307,1.031934,1.024009,1.012190,1.015720,1.011853,0.978953,0.924685,1.011212,1.006872,1.017353,1.058461,1.052034,1.023765,0.982870,1.043400
8.263360,1.039618,1.010050,0.995897,0.980650,0.988955,0.991048,0.985418,0.985649,1.030325,1.010430,1.002718,0.989646,1.004260,0.993631,0.992665,1.011489,1.008663,1.002552,1.046214,0.991218,1.015864,1.040695,1.030492,1.017309,1.031944,1.024012,1.012193,1.015718,1.011850,0.978985,0.924686,1.011207,1.006872,1.017354,1.058458,1.052027,1.023770,0.982863,1.043395
8.271690,1.039620,1.010063,0.995905,0.980653,0.988956,0.991049,0.985418,0.985649,1.030322,1.010429,1.002718,0.989646,1.004260,0.993632,0.992666,1.011490,1.008666,1.002557,1.046214,0.991218,1.015863,1.040692,1.030489,1.017309,1.031953,1.024015,1.012196,1.015716,1.011846,0.979017,0.924687,1.011201,1.006870,1.017354,1.058455,1.052019,1.023775,0.982856,1.043390
8.280020,1.039621,1.010075,0.995911,0.980656,0.988956,0.991049,0.985418,0.985649,1.030319,1.010428,1.002717,0.989645,1.004259,0.993633,0.992666,1.011490,1.008668,1.002560,1.046213,0.991218,1.015862,1.040688,1.030485,1.017309,1.031962,1.024017,1.012198,1.015713,1.011841,0.979048,0.924687,1.011195,1.006869,1.017354,1.058451,1.052011,1.023780,0.982848,1.043384
8.288350,1.039622,1.010087,0.995917,0.980657,0.988956,0.991048,0.985417,0.985648,1.030315,1.010426,1.002716,0.989644,1.004258,0.993633,0.992666,1.011489,1.008669,1.002563,1.046212,0.991217,1.015860,1.040684,1.030480,1.017308,1.031970,1.024018,1.012199,1.015710,1.011836,0.979079,0.924686,1.011189,1.006866,1.017353,1.058446,1.052002,1.023783,0.982840,1.043379
8.296680,1.039623,1.010098,0.995922,0.980659,0.988955,0.991047,0.985416,0.985647,1.030312,1.010423,1.002714,0.989642,1.004256,0.993632,0.992665,1.011488,1.008670,1.002566,1.046210,0.991216,1.015857,1.040680,1.030475,1.017306,1.031978,1.024019,1.012200,1.015706,1.011831,0.979108,0.924685,1.011182,1.006863,1.017351,1.058441,1.051993,1.023787,0.982831,1.043373
8.305010,1.039624,1.010109,0.995927,0.980659,0.988954,0.991046,0.985415,0.985646,1.030308,1.010421,1.002711,0.989640,1.004254,0.993631,0.992664,1.011486,1.008670,1.002568,1.046207,0.991214,1.015853,1.040674,1.030469,1.017304,1.031985,1.024019,1.012200,1.015701,1.011824,0.979138,0.924684,1.011174,1.006860,1.017349,1.058435,1.051982,1.023789,0.982822,1.043368
8.313340,1.039624,1.010119,0.995931,0.980659,0.988952,0.991044,0.985413,0.985644,1.030304,1.010417,1.002709,0.989637,1.004251,0.993629,0.992662,1.011484,1.008670,1.002569,1.046204,0.991211,1.015849,1.040668,1.030462,1.017301,1.031992,1.024019,1.012200,1.015696,1.011817,0.979167,0.924682,1.011166,1.006856,1.017346,1.058428,1.051972,1.023791,0.982811,1.043362
8.321670,1.039624,1.010129,0.995934,0.980659,0.988950,0.991042,0.985411,0.985642,1.030300,1.010413,1.002705,0.989633,1.004248,0.993627,0.992659,1.011481,1.008668,1.002569,1.046200,0.991208,1.015844,1.040661,1.030455,1.017298,1.031998,1.024018,1.012199,1.015690,1.011810,0.979195,0.924680,1.011158,1.006851,1.017343,1.058421,1.051960,1.023793,0.982801,1.043357
8.330000,1.039623,1.010138,0.995937,0.980658,0.988947,0.991039,0.985408,0.985639,1.030296,1.010409,1.002701,0.989629,1.004244,0.993624,0.992656,1.011477,1.008667,1.002569,1.046195,0.991204,1.015838,1.040654,1.030447,1.017294,1.032004,1.024017,1.012197,1.015684,1.011801,0.979223,0.924677,1.011149,1.006846,1.017339,1.058413,1.051948,1.023794,0.982790,1.043351
8.338330,1.039623,1.010146,0.995940,0.980656,0.988944,0.991035,0.985405,0.985636,1.030291,1.010404,1.002697,0.989625,1.004239,0.993621,0.992652,1.011472,1.008664,1.002569,1.046190,0.991200,1.015832,1.040646,1.030438,1.017289,1.032009,1.024014,1.012195,1.015677,1.011793,0.979250,0.924674,1.011139,1.006840,1.017334,1.058404,1.051935,1.023795,0.982778,1.043346
8.346660,1.039622,1.010154,0.995942,0.980654,0.988941,0.991032,0.985401,0.985632,1.030287,1.010399,1.002692,0.989620,1.004234,0.993617,0.992647,1.011467,1.008661,1.002567,1.046184,0.991195,1.015825,1.040637,1.030429,1.017283,1.032013,1.024012,1.012192,1.015669,1.011783,0.979276,0.924670,1.011130,1.006834,1.017329,1.058395,1.051922,1.023795,0.982766,1.043340
8.354990,1.039621,1.010161,0.995943,0.980652,0.988937,0.991027,0.985397,0.985628,1.030282,1.010393,1.002687,0.989615,1.004229,0.993612,0.992642,1.011462,1.008657,1.002566,1.046178,0.991189,1.015817,1.040628,1.030419,1.017277,1.032018,1.024008,1.012189,1.015661,1.011773,0.979302,0.924666,1.011120,1.006827,1.017323,1.058386,1.051908,1.023794,0.982753,1.043334
8.363320,1.039620,1.010168,0.995943,0.980649,0.988932,0.991023,0.985392,0.985624,1.030277,1.010386,1.002681,0.989609,1.004223,0.993607,0.992636,1.011455,1.008653,1.002563,1.046171,0.991183,1.015809,1.040618,1.030408,1.017270,1.032021,1.024005,1.012185,1.015652,1.011763,0.979328,0.924662,1.011109,1.006820,1.017317,1.058375,1.051894,1.023793,0.982739,1.043329
8.371650,1.039618,1.010174,0.995944,0.980645,0.988927,0.991017,0.985387,0.985619,1.030272,1.010380,1.002675,0.989603,1.004216,0.993602,0.992630,1.011448,1.008648,1.002560,1.046163,0.991176,1.015800,1.040607,1.030397,1.017263,1.032024,1.024000,1.012180,1.015643,1.011752,0.979353,0.924657,1.011098,1.006812,1.017310,1.058364,1.051879,1.023792,0.982725,1.043323
8.379980,1.039616,1.010180,0.995943,0.980641,0.988922,0.991012,0.985382,0.985614,1.030267,1.010372,1.002668,0.989596,1.004210,0.993596,0.992623,1.011441,1.008643,1.002557,1.046155,0.991169,1.015791,1.040596,1.030385,1.017255,1.032027,1.023995,1.012175,1.015633,1.011740,0.979377,0.924652,1.011087,1.006804,1.017302,1.058353,1.051863,1.023790,0.982711,1.043318
8.388310,1.039614,1.010185,0.995942,0.980637,0.988916,0.991006,0.985376,0.985608,1.030262,1.010365,1.002661,0.989588,1.004202,0.993589,0.992615,1.011432,1.008637,1.002552,1.046146,0.991161,1.015780,1.040584,1.030372,1.017246,1.032029,1.023990,1.012169,1.015622,1.011728,0.979401,0.924646,1.011075,1.006795,1.017294,1.058340,1.051847,1.023787,0.982696,1.043312
8.396640,1.039612,1.010190,0.995941,0.980631,0.988910,0.990999,0.985370,0.985602,1.030256,1.010356,1.002653,0.989581,1.004194,0.993582,0.992607,1.011424,1.008630,1.002548,1.046136,0.991152,1.015770,1.040571,1.030359,1.017237,1.032030,1.023984,1.012163,1.015611,1.011715,0.979425,0.924640,1.011063,1.006786,1.017285,1.058328,1.051830,1.023784,0.982680,1.043307
8.404970,1.039610,1.010194,0.995939,0.980626,0.988904,0.990992,0.985364,0.985596,1.030250,1.010348,1.002645,0.989572,1.004186,0.993574,0.992598,1.011414,1.008623,1.002542,1.046126,0.991143,1.015758,1.040558,1.030345,1.017227,1.032031,1.023977,1.012156,1.015599,1.011701,0.979448,0.924634,1.011050,1.006776,1.017276,1.058314,1.051813,1.023780,0.982664,1.043301
8.413300,1.039607,1.010198,0.995936,0.980620,0.988896,0.990985,0.985357,0.985589,1.030245,1.010339,1.002637,0.989564,1.004177,0.993566,0.992588,1.011404,1.008615,1.002536,1.046115,0.991133,1.015746,1.040544,1.030331,1.017216,1.032032,1.023970,1.012148,1.015587,1.011687,0.979470,0.924627,1.011038,1.006765,1.017266,1.058300,1.051795,1.023776,0.982647,1.043295
8.421630,1.039604,1.010201,0.995933,0.980613,0.988889,0.990977,0.985350,0.985582,1.030239,1.010329,1.002628,0.989555,1.004168,0.993558,0.992578,1.011393,1.008606,1.002530,1.046104,0.991122,1.015733,1.040530,1.030316,1.017205,1.032032,1.023962,1.012140,1.015574,1.011673,0.979492,0.924620,1.011024,1.006754,1.017255,1.058286,1.051776,1.023772,0.982630,1.043290
8.429960,1.039601,1.010204,0.995929,0.980606,0.988881,0.990969,0.985342,0.985575,1.030233,1.010319,1.002618,0.989545,1.004158,0.993548,0.992568,1.011382,1.008597,1.002523,1.046092,0.991112,1.015720,1.040515,1.030300,1.017193,1.032032,1.023953,1.012132,1.015560,1.011658,0.979513,0.924612,1.011011,1.006743,1.017244,1.058271,1.051757,1.023767,0.982612,1.043284
8.438290,1.039598,1.010206,0.995925,0.980599,0.988873,0.990960,0.985334,0.985567,1.030227,1.010309,1.002608,0.989535,1.004148,0.993539,0.992557,1.011370,1.008588,1.002515,1.046079,0.991100,1.015706,1.040499,1.030284,1.017181,1.032031,1.023945,1.012122,1.015546,1.011642,0.979534,0.924604,1.010997,1.006730,1.017232,1.058255,1.051737,1.023761,0.982594,1.043279
8.446620,1.039594,1.010208,0.995921,0.980591,0.988864,0.990951,0.985325,0.985559,1.030220,1.010298,1.002598,0.989525,1.004137,0.993529,0.992545,1.011358,1.008578,1.002507,1.046066,0.991088,1.015692,1.040483,1.030267,1.017168,1.032030,1.023935,1.012113,1.015532,1.011626,0.979555,0.924596,1.010983,1.006718,1.017220,1.058239,1.051717,1.023755,0.982575,1.043273
8.454950,1.039590,1.010209,0.995915,0.980582,0.988855,0.990942,0.985317,0.985550,1.030214,1.010287,1.002588,0.989514,1.004126,0.993518,0.992532,1.011345,1.008567,1.002499,1.046052,0.991075,1.015677,1.040466,1.030249,1.017154,1.032028,1.023925,1.012103,1.015517,1.011609,0.979575,0.924587,1.010968,1.006705,1.017207,1.058222,1.051696,1.023749,0.982556,1.043268
8.463280,1.039586,1.010209,0.995910,0.980573,0.988845,0.990932,0.985307,0.985541,1.030208,1.010275,1.002577,0.989503,1.004115,0.993507,0.992520,1.011331,1.008556,1.002489,1.046038,0.991062,1.015661,1.040448,1.030231,1.017140,1.032025,1.023915,1.012092,1.015501,1.011592,0.979594,0.924578,1.010953,1.006691,1.017194,1.058204,1.051675,1.023742,0.982536,1.043262
8.471610,1.039582,1.010210,0.995904,0.980564,0.988835,0.990922,0.985298,0.985532,1.030201,1.010263,1.002565,0.989491,1.004103,0.993496,0.992506,1.011317,1.008544,1.002480,1.046023,0.991048,1.015645,1.040430,1.030212,1.017126,1.032023,1.023904,1.012081,1.015485,1.011574,0.979613,0.924568,1.010938,1.006677,1.017180,1.058186,1.051653,1.023734,0.982515,1.043257
8.479940,1.039578,1.010209,0.995897,0.980554,0.988825,0.990912,0.985288,0.985522,1.030194,1.010250,1.002553,0.989479,1.004091,0.993484,0.992492,1.011302,1.008532,1.002470,1.046008,0.991034,1.015628,1.040412,1.030193,1.017110,1.032020,1.023893,1.012069,1.015468,1.011555,0.979631,0.924558,1.010922,1.006663,1.017166,1.058168,1.051631,1.023726,0.982495,1.043251
8.488270,1.039573,1.010209,0.995890,0.980544,0.988814,0.990901,0.985278,0.985512,1.030188,1.010237,1.002541,0.989466,1.004078,0.993471,0.992478,1.011287,1.008519,1.002459,1.045992,0.991019,1.015611,1.040393,1.030173,1.017094,1.032016,1.023881,1.012056,1.015451,1.011536,0.979650,0.924548,1.010907,1.006648,1.017151,1.058149,1.051608,1.023718,0.982473,1.043246
8.496600,1.039569,1.010208,0.995882,0.980533,0.988803,0.990889,0.985267,0.985502,1.030181,1.010224,1.002528,0.989453,1.004065,0.993459,0.992463,1.011271,1.008505,1.002448,1.045975,0.991004,1.015593,1.040373,1.030153,1.017078,1.032012,1.023868,1.012044,1.015433,1.011517,0.979667,0.924538,1.010890,1.006632,1.017135,1.058129,1.051585,1.023709,0.982451,1.043241
8.504930,1.039564,1.010206,0.995874,0.980522,0.988792,0.990878,0.985256,0.985492,1.030174,1.010211,1.002515,0.989440,1.004051,0.993445,0.992447,1.011255,1.008492,1.002436,1.045958,0.990988,1.015575,1.040353,1.030132,1.017061,1.032007,1.023855,1.012030,1.015415,1.011497,0.979684,0.924527,1.010874,1.006616,1.017119,1.058109,1.051561,1.023700,0.982429,1.043235
8.513260,1.039559,1.010204,0.995866,0.980511,0.988780,0.990866,0.985245,0.985481,1.030166,1.010197,1.002502,0.989427,1.004037,0.993432,0.992431,1.011238,1.008477,1.002424,1.045941,0.990972,1.015556,1.040332,1.030111,1.017043,1.032002,1.023842,1.012017,1.015397,1.011477,0.979701,0.924516,1.010857,1.006600,1.017103,1.058088,1.051537,1.023690,0.982406,1.043230
8.521590,1.039553,1.010202,0.995857,0.980499,0.988768,0.990853,0.985234,0.985470,1.030159,1.010182,1.002488,0.989413,1.004023,0.993417,0.992415,1.011221,1.008462,1.002411,1.045923,0.990955,1.015536,1.040310,1.030089,1.017025,1.031997,1.023828,1.012002,1.015377,1.011456,0.979717,0.924504,1.010840,1.006583,1.017086,1.058067,1.051512,1.023680,0.982383,1.043224
8.529920,1.039548,1.010199,0.995848,0.980486,0.988756,0.990841,0.985222,0.985458,1.030152,1.010168,1.002474,0.989398,1.004008,0.993403,0.992398,1.011203,1.008447,1.002398,1.045904,0.990938,1.015516,1.040288,1.030066,1.017007,1.031991,1.023814,1.011988,1.015358,1.011435,0.979733,0.924492,1.010823,1.006566,1.017068,1.058045,1.051487,1.023669,0.982360,1.043219
8.538250,1.039542,1.010196,0.995838,0.980474,0.988743,0.990828,0.985210,0.985446,1.030145,1.010153,1.002460,0.989384,1.003993,0.993388,0.992380,1.011184,1.008431,1.002384,1.045885,0.990920,1.015496,1.040266,1.030043,1.016988,1.031985,1.023799,1.011972,1.015337,1.011413,0.979749,0.924480,1.010806,1.006548,1.017050,1.058023,1.051461,1.023658,0.982335,1.043214
8.546580,1.039537,1.010192,0.995827,0.980461,0.988730,0.990814,0.985197,0.985434,1.030137,1.010137,1.002445,0.989368,1.003978,0.993373,0.992362,1.011165,1.008415,1.002370,1.045865,0.990902,1.015475,1.040243,1.030020,1.016968,1.031979,1.023784,1.011957,1.015317,1.011391,0.979764,0.924468,1.010788,1.006530,1.017032,1.058000,1.051435,1.023647,0.982311,1.043209
8.554910,1.039531,1.010188,0.995817,0.980447,0.988716,0.990801,0.985184,0.985422,1.030130,1.010121,1.002430,0.989353,1.003962,0.993357,0.992344,1.011146,1.008398,1.002356,1.045845,0.990883,1.015453,1.040220,1.029996,1.016948,1.031972,1.023768,1.011941,1.015296,1.011368,0.979778,0.924455,1.010770,1.006511,1.017013,1.057977,1.051408,1.023635,0.982286,1.043204
8.563240,1.039524,1.010183,0.995806,0.980433,0.988703,0.990787,0.985171,0.985409,1.030122,1.010105,1.002415,0.989337,1.003946,0.993341,0.992325,1.011126,1.008381,1.002341,1.045825,0.990863,1.015431,1.040196,1.029971,1.016928,1.031964,1.023752,1.011924,1.015274,1.011345,0.979793,0.924442,1.010752,1.006492,1.016994,1.057953,1.051381,1.023623,0.982260,1.043198
8.571570,1.039518,1.010178,0.995794,0.980419,0.988689,0.990773,0.985158,0.985396,1.030114,1.010089,1.002399,0.989321,1.003930,0.993324,0.992306,1.011106,1.008363,1.002325,1.045804,0.990844,1.015408,1.040171,1.029946,1.016907,1.031957,1.023735,1.011907,1.015252,1.011321,0.979806,0.924429,1.010734,1.006473,1.016974,1.057929,1.051353,1.023610,0.982235,1.043193
8.579900,1.039512,1.010173,0.995782,0.980405,0.988674,0.990758,0.985144,0.985383,1.030106,1.010072,1.002383,0.989305,1.003913,0.993307,0.992286,1.011085,1.008345,1.002309,1.045782,0.990824,1.015385,1.040146,1.029921,1.016885,1.031948,1.023718,1.011890,1.015230,1.011297,0.979820,0.924415,1.010715,1.006453,1.016954,1.057904,1.051325,1.023597,0.982208,1.043188
8.588230,1.039505,1.010168,0.995770,0.980390,0.988660,0.990743,0.985131,0.985370,1.030099,1.010055,1.002367,0.989288,1.003896,0.993290,0.992265,1.011063,1.008326,1.002293,1.045760,0.990803,1.015362,1.040121,1.029895,1.016863,1.031940,1.023701,1.011872,1.015207,1.011273,0.979833,0.924401,1.010696,1.006433,1.016933,1.057879,1.051297,1.023583,0.982182,1.043183
8.596560,1.039499,1.010162,0.995757,0.980374,0.988645,0.990728,0.985116,0.985356,1.030091,1.010038,1.002350,0.989271,1.003879,0.993273,0.992245,1.011042,1.008307,1.002276,1.045738,0.990782,1.015338,1.040095,1.029868,1.016840,1.031931,1.023683,1.011853,1.015184,1.011248,0.979846,0.924387,1.010677,1.006412,1.016912,1.057854,1.051268,1.023569,0.982155,1.043178
8.604890,1.039492,1.010155,0.995744,0.980359,0.988629,0.990713,0.985102,0.985342,1.030083,1.010021,1.002334,0.989254,1.003861,0.993255,0.992224,1.011019,1.008288,1.002259,1.045715,0.990760,1.015314,1.040069,1.029841,1.016818,1.031922,1.023665,1.011835,1.015160,1.011222,0.979858,0.924372,1.010658,1.006391,1.016890,1.057828,1.051239,1.023555,0.982127,1.043173
8.613220,1.039485,1.010148,0.995731,0.980343,0.988614,0.990697,0.985087,0.985328,1.030075,1.010003,1.002316,0.989237,1.003843,0.993237,0.992202,1.010997,1.008268,1.002242,1.045691,0.990738,1.015289,1.040042,1.029814,1.016794,1.031912,1.023646,1.011816,1.015136,1.011197,0.979870,0.924358,1.010639,1.006369,1.016868,1.057801,1.051210,1.023540,0.982100,1.043168
8.621550,1.039478,1.010141,0.995717,0.980327,0.988598,0.990681,0.985072,0.985314,1.030067,1.009985,1.002299,0.989219,1.003825,0.993218,0.992180,1.010974,1.008247,1.002224,1.045667,0.990716,1.015264,1.040015,1.029786,1.016770,1.031903,1.023627,1.011796,1.015111,1.011171,0.979882,0.924343,1.010619,1.006347,1.016846,1.057774,1.051180,1.023525,0.982071,1.043164
8.629880,1.039471,1.010134,0.995703,0.980310,0.988582,0.990665,0.985057,0.985299,1.030059,1.009966,1.002281,0.989201,1.003806,0.993199,0.992158,1.010950,1.008227,1.002206,1.045643,0.990693,1.015238,1.039987,1.029758,1.016746,1.031892,1.023608,1.011776,1.015087,1.011144,0.979893,0.924328,1.010599,1.006325,1.016823,1.057747,1.051149,1.023510,0.982043,1.043159
8.638210,1.039463,1.010126,0.995689,0.980293,0.988566,0.990648,0.985042,0.985284,1.030050,1.009948,1.002263,0.989182,1.003788,0.993180,0.992135,1.010926,1.008206,1.002187,1.045619,0.990670,1.015212,1.039959,1.029730,1.016722,1.031882,1.023588,1.011756,1.015061,1.011117,0.979905,0.924312,1.010579,1.006303,1.016800,1.057719,1.051119,1.023494,0.982014,1.043154
8.646540,1.039456,1.010118,0.995674,0.980276,0.988549,0.990632,0.985026,0.985269,1.030042,1.009929,1.002245,0.989164,1.003769,0.993160,0.992112,1.010902,1.008184,1.002168,1.045594,0.990647,1.015185,1.039931,1.029701,1.016697,1.031871,1.023568,1.011736,1.015036,1.011090,0.979915,0.924297,1.010559,1.006280,1.016777,1.057691,1.051088,1.023478,0.981985,1.043149
8.654870,1.039448,1.010110,0.995659,0.980258,0.988533,0.990615,0.985011,0.985254,1.030034,1.009910,1.002227,0.989145,1.003749,0.993140,0.992089,1.010877,1.008163,1.002149,1.045568,0.990623,1.015158,1.039902,1.029671,1.016671,1.031860,1.023547,1.011715,1.015010,1.011062,0.979926,0.924281,1.010539,1.006256,1.016753,1.057663,1.051057,1.023462,0.981955,1.043145
8.663200,1.039441,1.010101,0.995643,0.980241,0.988516,0.990597,0.984995,0.985238,1.030026,1.009890,1.002208,0.989126,1.003730,0.993120,0.992065,1.010852,1.008140,1.002129,1.045542,0.990599,1.015131,1.039872,1.029642,1.016645,1.031848,1.023527,1.011693,1.014983,1.011034,0.979936,0.924265,1.010519,1.006233,1.016728,1.057634,1.051025,1.023445,0.981925,1.043140
8.671530,1.039433,1.010092,0.995628,0.980223,0.988498,0.990580,0.984978,0.985223,1.030017,1.009871,1.002189,0.989106,1.003710,0.993100,0.992041,1.010827,1.008118,1.002109,1.045516,0.990574,1.015103,1.039843,1.029612,1.016619,1.031837,1.023506,1.011672,1.014957,1.011006,0.979946,0.924249,1.010498,1.006209,1.016704,1.057604,1.050993,1.023428,0.981895,1.043136
8.679860,1.039425,1.010083,0.995612,0.980204,0.988481,0.990562,0.984962,0.985207,1.030009,1.009851,1.002170,0.989087,1.003690,0.993079,0.992016,1.010801,1.008095,1.002089,1.045490,0.990549,1.015075,1.039813,1.029581,1.016592,1.031824,1.023484,1.011650,1.014930,1.010978,0.979955,0.924232,1.010478,1.006185,1.016679,1.057575,1.050961,1.023410,0.981865,1.043131
8.688190,1.039417,1.010073,0.995595,0.980186,0.988463,0.990545,0.984945,0.985191,1.030000,1.009831,1.002151,0.989067,1.003670,0.993058,0.991991,1.010775,1.008072,1.002068,1.045463,0.990524,1.015047,1.039782,1.029550,1.016566,1.031812,1.023462,1.011627,1.014902,1.010949,0.979965,0.924215,1.010457,1.006160,1.016654,1.057545,1.050928,1.023393,0.981834,1.043127
8.696520,1.039409,1.010064,0.995579,0.980167,0.988445,0.990526,0.984929,0.985175,1.029992,1.009811,1.002131,0.989047,1.003649,0.993037,0.991966,1.010749,1.008048,1.002047,1.045436,0.990498,1.015018,1.039752,1.029519,1.016538,1.031799,1.023440,1.011605,1.014875,1.010919,0.979974,0.924199,1.010436,1.006135,1.016628,1.057514,1.050896,1.023375,0.981803,1.043122
8.704850,1.039401,1.010054,0.995562,0.980148,0.988427,0.990508,0.984912,0.985158,1.029984,1.009790,1.002112,0.989027,1.003628,0.993016,0.991941,1.010722,1.008025,1.002026,1.045408,0.990472,1.014989,1.039721,1.029487,1.016511,1.031787,1.023418,1.011582,1.014847,1.010890,0.979983,0.924182,1.010415,1.006110,1.016602,1.057483,1.050862,1.023356,0.981771,1.043118
8.713180,1.039393,1.010043,0.995545,0.980129,0.988409,0.990490,0.984894,0.985142,1.029975,1.009770,1.002092,0.989006,1.003607,0.992994,0.991915,1.010695,1.008000,1.002004,1.045380,0.990446,1.014959,1.039689,1.029456,1.016483,1.031773,1.023395,1.011559,1.014819,1.010860,0.979991,0.924164,1.010394,1.006085,1.016576,1.057452,1.050829,1.023338,0.981740,1.043114
8.721510,1.039385,1.010033,0.995527,0.980109,0.988390,0.990471,0.984877,0.985125,1.029967,1.009749,1.002072,0.988986,1.003586,0.992972,0.991889,1.010667,1.007976,1.001982,1.045352,0.990419,1.014930,1.039657,1.029423,1.016454,1.031760,1.023372,1.011535,1.014790,1.010830,0.979999,0.924147,1.010373,1.006059,1.016549,1.057421,1.050796,1.023319,0.981708,1.043110
8.729840,1.039376,1.010022,0.995510,0.980089,0.988372,0.990452,0.984860,0.985108,1.029958,1.009728,1.002051,0.988965,1.003565,0.992950,0.991862,1.010640,1.007951,1.001960,1.045323,0.990392,1.014900,1.039625,1.029391,1.016426,1.031746,1.023349,1.011512,1.014761,1.010800,0.980008,0.924129,1.010352,1.006033,1.016523,1.057389,1.050762,1.023299,0.981676,1.043106
8.738170,1.039368,1.010011,0.995492,0.980069,0.988353,0.990433,0.984842,0.985091,1.029950,1.009707,1.002031,0.988944,1.003543,0.992928,0.991836,1.010612,1.007926,1.001938,1.045295,0.990365,1.014869,1.039593,1.029358,1.016397,1.031733,1.023326,1.011488,1.014732,1.010769,0.980015,0.924112,1.010330,1.006006,1.016496,1.057357,1.050728,1.023280,0.981643,1.043102
8.746500,1.039359,1.010000,0.995473,0.980049,0.988334,0.990414,0.984824,0.985074,1.029941,1.009685,1.002010,0.988923,1.003522,0.992905,0.991809,1.010583,1.007901,1.001915,1.045265,0.990337,1.014839,1.039560,1.029325,1.016368,1.031718,1.023302,1.011463,1.014703,1.010738,0.980023,0.924094,1.010309,1.005980,1.016468,1.057325,1.050693,1.023260,0.981611,1.043098
8.754830,1.039351,1.009988,0.995455,0.980029,0.988315,0.990395,0.984806,0.985056,1.029932,1.009664,1.001990,0.988901,1.003500,0.992882,0.991782,1.010555,1.007875,1.001892,1.045236,0.990310,1.014808,1.039527,1.029292,1.016338,1.031704,1.023278,1.011439,1.014673,1.010707,0.980031,0.924076,1.010288,1.005953,1.016441,1.057292,1.050659,1.023240,0.981578,1.043094
8.763160,1.039342,1.009976,0.995436,0.980008,0.988296,0.990376,0.984788,0.985039,1.029924,1.009642,1.001969,0.988880,1.003478,0.992859,0.991754,1.010526,1.007850,1.001869,1.045206,0.990282,1.014776,1.039494,1.029258,1.016309,1.031690,1.023254,1.011414,1.014644,1.010676,0.980038,0.924058,1.010266,1.005926,1.016413,1.057259,1.050624,1.023220,0.981545,1.043090
8.771490,1.039334,1.009964,0.995418,0.979988,0.988276,0.990356,0.984770,0.985021,1.029915,1.009621,1.001948,0.988858,1.003456,0.992836,0.991726,1.010497,1.007824,1.001846,1.045176,0.990253,1.014745,1.039460,1.029224,1.016279,1.031675,1.023230,1.011389,1.014614,1.010644,0.980045,0.924039,1.010244,1.005899,1.016385,1.057226,1.050589,1.023199,0.981511,1.043086
8.779820,1.039325,1.009952,0.995399,0.979967,0.988257,0.990336,0.984752,0.985004,1.029907,1.009599,1.001926,0.988836,1.003434,0.992813,0.991699,1.010467,1.007797,1.001822,1.045146,0.990225,1.014713,1.039427,1.029190,1.016248,1.031660,1.023205,1.011364,1.014583,1.010612,0.980052,0.924021,1.010223,1.005871,1.016357,1.057192,1.050554,1.023178,0.981478,1.043082
8.788150,1.039316,1.009940,0.995379,0.979945,0.988237,0.990317,0.984733,0.984986,1.029898,1.009577,1.001905,0.988815,1.003411,0.992790,0.991670,1.010438,1.007771,1.001798,1.045116,0.990196,1.014681,1.039393,1.029156,1.016218,1.031645,1.023180,1.011338,1.014553,1.010580,0.980059,0.924003,1.010201,1.005843,1.016328,1.057158,1.050519,1.023157,0.981444,1.043079
8.796480,1.039308,1.009928,0.995360,0.979924,0.988217,0.990297,0.984715,0.984968,1.029890,1.009555,1.001884,0.988793,1.003389,0.992766,0.991642,1.010408,1.007744,1.001774,1.045085,0.990167,1.014649,1.039358,1.029121,1.016187,1.031629,1.023155,1.011313,1.014522,1.010548,0.980065,0.923984,1.010179,1.005815,1.016299,1.057124,1.050484,1.023136,0.981411,1.043075
8.804810,1.039299,1.009915,0.995340,0.979903,0.988197,0.990277,0.984696,0.984950,1.029881,1.009533,1.001862,0.988771,1.003366,0.992742,0.991613,1.010378,1.007717,1.001750,1.045054,0.990138,1.014616,1.039324,1.029087,1.016156,1.031614,1.023130,1.011287,1.014491,1.010516,0.980071,0.923965,1.010158,1.005787,1.016270,1.057090,1.050448,1.023115,0.981377,1.043072
8.813140,1.039290,1.009902,0.995321,0.979881,0.988177,0.990257,0.984677,0.984932,1.029873,1.009510,1.001841,0.988748,1.003343,0.992718,0.991585,1.010347,1.007690,1.001725,1.045023,0.990109,1.014584,1.039289,1.029052,1.016125,1.031598,1.023104,1.011261,1.014460,1.010483,0.980078,0.923946,1.010136,1.005759,1.016241,1.057055,1.050412,1.023093,0.981342,1.043068
8.821470,1.039281,1.009889,0.995301,0.979860,0.988157,0.990236,0.984659,0.984914,1.029864,1.009488,1.001819,0.988726,1.003320,0.992694,0.991556,1.010317,1.007663,1.001701,1.044992,0.990079,1.014551,1.039254,1.029017,1.016093,1.031582,1.023079,1.011235,1.014429,1.010451,0.980084,0.923927,1.010114,1.005730,1.016212,1.057021,1.050377,1.023071,0.981308,1.043065
8.829800,1.039273,1.009876,0.995281,0.979838,0.988137,0.990216,0.984640,0.984896,1.029856,1.009465,1.001797,0.988704,1.003297,0.992670,0.991527,1.010286,1.007635,1.001676,1.044960,0.990049,1.014518,1.039219,1.028981,1.016062,1.031566,1.023053,1.011208,1.014398,1.010418,0.980090,0.923908,1.010093,1.005701,1.016183,1.056986,1.050341,1.023049,0.981274,1.043062
8.838130,1.039264,1.009863,0.995261,0.979816,0.988116,0.990196,0.984621,0.984877,1.029847,1.009443,1.001775,0.988681,1.003274,0.992646,0.991497,1.010256,1.007608,1.001651,1.044928,0.990019,1.014484,1.039184,1.028946,1.016030,1.031550,1.023027,1.011182,1.014366,1.010385,0.980096,0.923889,1.010071,1.005672,1.016153,1.056950,1.050305,1.023027,0.981239,1.043058
8.846460,1.039255,1.009850,0.995240,0.979794,0.988096,0.990175,0.984602,0.984859,1.029839,1.009420,1.001753,0.988659,1.003251,0.992621,0.991468,1.010225,1.007580,1.001626,1.044896,0.989989,1.014451,1.039148,1.028910,1.015998,1.031534,1.023001,1.011155,1.014334,1.010352,0.980101,0.923870,1.010049,1.005643,1.016123,1.056915,1.050269,1.023004,0.981204,1.043055
8.854790,1.039246,1.009836,0.995220,0.979772,0.988076,0.990154,0.984583,0.984841,1.029830,1.009397,1.001731,0.988636,1.003228,0.992597,0.991438,1.010193,1.007552,1.001601,1.044864,0.989959,1.014417,1.039113,1.028874,1.015966,1.031518,1.022975,1.011128,1.014303,1.010318,0.980107,0.923851,1.010027,1.005614,1.016094,1.056879,1.050232,1.022982,0.981170,1.043052
8.863120,1.039237,1.009822,0.995199,0.979749,0.988055,0.990134,0.984563,0.984822,1.029822,1.009375,1.001709,0.988613,1.003205,0.992572,0.991408,1.010162,1.007524,1.001576,1.044832,0.989929,1.014384,1.039077,1.028838,1.015934,1.031501,1.022949,1.011101,1.014271,1.010285,0.980113,0.923832,1.010006,1.005585,1.016064,1.056844,1.050196,1.022959,0.981135,1.043049
8.871450,1.039228,1.009809,0.995179,0.979727,0.988034,0.990113,0.984544,0.984804,1.029814,1.009352,1.001687,0.988590,1.003181,0.992547,0.991379,1.010131,1.007496,1.001550,1.044800,0.989898,1.014350,1.039041,1.028802,1.015901,1.031485,1.022922,1.011074,1.014239,1.010252,0.980118,0.923812,1.009984,1.005555,1.016033,1.056808,1.050160,1.022936,0.981100,1.043046
8.879780,1.039219,1.009795,0.995158,0.979705,0.988014,0.990092,0.984525,0.984785,1.029805,1.009329,1.001665,0.988568,1.003158,0.992522,0.991349,1.010099,1.007468,1.001525,1.044767,0.989868,1.014316,1.039005,1.028766,1.015869,1.031468,1.022896,1.011047,1.014207,1.010218,0.980124,0.923793,1.009962,1.005526,1.016003,1.056772,1.050123,1.022913,0.981065,1.043044
8.888110,1.039210,1.009781,0.995137,0.979682,0.987993,0.990072,0.984506,0.984766,1.029797,1.009306,1.001643,0.988545,1.003134,0.992498,0.991318,1.010067,1.007439,1.001499,1.044735,0.989837,1.014281,1.038968,1.028729,1.015836,1.031451,1.022869,1.011020,1.014174,1.010184,0.980129,0.923774,1.009941,1.005496,1.015973,1.056735,1.050087,1.022889,0.981030,1.043041
8.896440,1.039202,1.009767,0.995116,0.979660,0.987972,0.990051,0.984486,0.984748,1.029789,1.009283,1.001620,0.988522,1.003111,0.992473,0.991288,1.010035,1.007411,1.001473,1.044702,0.989806,1.014247,1.038932,1.028693,1.015803,1.031434,1.022842,1.010992,1.014142,1.010151,0.980134,0.923754,1.009919,1.005466,1.015943,1.056699,1.050050,1.022866,0.980995,1.043038
8.904770,1.039193,1.009753,0.995095,0.979637,0.987952,0.990030,0.984467,0.984729,1.029781,1.009260,1.001598,0.988499,1.003087,0.992448,0.991258,1.010003,1.007382,1.001447,1.044669,0.989775,1.014213,1.038895,1.028656,1.015770,1.031417,1.022816,1.010965,1.014110,1.010117,0.980139,0.923735,1.009898,1.005436,1.015912,1.056662,1.050014,1.022842,0.980959,1.043036
8.913100,1.039184,1.009739,0.995074,0.979614,0.987931,0.990009,0.984448,0.984710,1.029773,1.009237,1.001576,0.988476,1.003064,0.992423,0.991228,1.009971,1.007353,1.001421,1.044636,0.989744,1.014178,1.038859,1.028620,1.015737,1.031400,1.022789,1.010937,1.014077,1.010083,0.980144,0.923715,1.009876,1.005406,1.015881,1.056626,1.049977,1.022818,0.980924,1.043033
8.921430,1.039175,1.009725,0.995053,0.979592,0.987910,0.989988,0.984428,0.984692,1.029764,1.009215,1.001554,0.988453,1.003040,0.992398,0.991197,1.009939,1.007324,1.001395,1.044603,0.989713,1.014144,1.038822,1.028583,1.015704,1.031383,1.022762,1.010909,1.014045,1.010049,0.980149,0.923696,1.009855,1.005376,1.015851,1.056589,1.049941,1.022795,0.980889,1.043031
8.929760,1.039166,1.009711,0.995031,0.979569,0.987889,0.989967,0.984409,0.984673,1.029756,1.009192,1.001531,0.988430,1.003017,0.992373,0.991167,1.009907,1.007295,1.001369,1.044570,0.989681,1.014109,1.038785,1.028546,1.015671,1.031365,1.022735,1.010882,1.014012,1.010015,0.980155,0.923676,1.009833,1.005345,1.015820,1.056552,1.049904,1.022771,0.980854,1.043028
8.938090,1.039158,1.009696,0.995010,0.979546,0.987868,0.989946,0.984390,0.984654,1.029748,1.009169,1.001509,0.988407,1.002993,0.992347,0.991136,1.009875,1.007267,1.001343,1.044536,0.989650,1.014074,1.038748,1.028509,1.015638,1.031348,1.022708,1.010854,1.013980,1.009981,0.980160,0.923657,1.009812,1.005315,1.015789,1.056515,1.049868,1.022747,0.980818,1.043026
8.946420,1.039149,1.009682,0.994989,0.979523,0.987848,0.989926,0.984370,0.984636,1.029740,1.009146,1.001487,0.988384,1.002970,0.992322,0.991105,1.009843,1.007238,1.001317,1.044503,0.989619,1.014039,1.038711,1.028472,1.015605,1.031331,1.022681,1.010826,1.013947,1.009947,0.980165,0.923637,1.009791,1.005285,1.015759,1.056478,1.049831,1.022722,0.980783,1.043024
8.954750,1.039140,1.009668,0.994968,0.979500,0.987827,0.989905,0.984351,0.984617,1.029732,1.009123,1.001464,0.988361,1.002946,0.992297,0.991075,1.009810,1.007209,1.001291,1.044470,0.989587,1.014004,1.038674,1.028435,1.015571,1.031313,1.022654,1.010798,1.013914,1.009913,0.980170,0.923618,1.009770,1.005254,1.015728,1.056441,1.049795,1.022698,0.980748,1.043022
8.963080,1.039132,1.009654,0.994946,0.979478,0.987806,0.989884,0.984332,0.984598,1.029725,1.009100,1.001442,0.988338,1.002923,0.992272,0.991044,1.009778,1.007180,1.001265,1.044436,0.989556,1.013969,1.038637,1.028398,1.015538,1.031296,1.022626,1.010771,1.013882,1.009879,0.980175,0.923598,1.009749,1.005224,1.015697,1.056403,1.049758,1.022674,0.980712,1.043020
8.971410,1.039123,1.009639,0.994925,0.979455,0.987785,0.989863,0.984312,0.984580,1.029717,1.009077,1.001420,0.988316,1.002899,0.992247,0.991013,1.009745,1.007150,1.001238,1.044403,0.989524,1.013935,1.038600,1.028361,1.015504,1.031279,1.022599,1.010743,1.013849,1.009845,0.980180,0.923579,1.009728,1.005193,1.015666,1.056366,1.049722,1.022649,0.980677,1.043018
8.979740,1.039115,1.009625,0.994903,0.979432,0.987764,0.989842,0.984293,0.984561,1.029709,1.009054,1.001398,0.988293,1.002876,0.992222,0.990982,1.009713,1.007121,1.001212,1.044370,0.989493,1.013900,1.038563,1.028324,1.015471,1.031261,1.022572,1.010715,1.013817,1.009811,0.980185,0.923559,1.009707,1.005162,1.015636,1.056329,1.049685,1.022625,0.980642,1.043016
8.988070,1.039106,1.009611,0.994882,0.979409,0.987744,0.989821,0.984274,0.984543,1.029701,1.009032,1.001376,0.988270,1.002852,0.992197,0.990952,1.009680,1.007092,1.001186,1.044336,0.989461,1.013865,1.038526,1.028287,1.015438,1.031244,1.022545,1.010687,1.013784,1.009777,0.980190,0.923540,1.009687,1.005132,1.015605,1.056291,1.049649,1.022600,0.980607,1.043014
8.996400,1.039098,1.009596,0.994861,0.979387,0.987723,0.989801,0.984255,0.984524,1.029694,1.009009,1.001354,0.988247,1.002829,0.992172,0.990921,1.009648,1.007063,1.001160,1.044303,0.989430,1.013830,1.038489,1.028250,1.015404,1.031226,1.022518,1.010659,1.013751,1.009744,0.980195,0.923521,1.009666,1.005101,1.015574,1.056254,1.049613,1.022575,0.980572,1.043013
9.004730,1.039089,1.009582,0.994840,0.979364,0.987702,0.989780,0.984235,0.984506,1.029686,1.008987,1.001332,0.988225,1.002806,0.992147,0.990890,1.009616,1.007034,1.001133,1.044269,0.989398,1.013795,1.038452,1.028213,1.015371,1.031209,1.022491,1.010631,1.013719,1.009710,0.980200,0.923501,1.009646,1.005071,1.015544,1.056216,1.049577,1.022551,0.980537,1.043011
9.013060,1.039081,1.009568,0.994818,0.979341,0.987682,0.989760,0.984216,0.984487,1.029679,1.008964,1.001310,0.988202,1.002782,0.992122,0.990859,1.009583,1.007005,1.001107,1.044236,0.989367,1.013760,1.038415,1.028176,1.015337,1.031191,1.022464,1.010603,1.013686,1.009676,0.980205,0.923482,1.009626,1.005040,1.015513,1.056179,1.049541,1.022526,0.980502,1.043010
9.021390,1.039073,1.009553,0.994797,0.979319,0.987661,0.989739,0.984197,0.984469,1.029672,1.008942,1.001288,0.988180,1.002759,0.992097,0.990829,1.009551,1.006976,1.001081,1.044202,0.989335,1.013725,1.038378,1.028140,1.015304,1.031174,1.022437,1.010576,1.013654,1.009642,0.980210,0.923463,1.009606,1.005009,1.015482,1.056141,1.049505,1.022501,0.980467,1.043008
9.029720,1.039065,1.009539,0.994776,0.979296,0.987641,0.989719,0.984178,0.984451,1.029664,1.008919,1.001266,0.988157,1.002736,0.992072,0.990798,1.009518,1.006947,1.001055,1.044169,0.989304,1.013690,1.038340,1.028103,1.015270,1.031156,1.022410,1.010548,1.013622,1.009609,0.980215,0.923444,1.009586,1.004979,1.015452,1.056103,1.049469,1.022476,0.980432,1.043007
9.038050,1.039057,1.009525,0.994755,0.979273,0.987621,0.989698,0.984160,0.984433,1.029657,1.008897,1.001245,0.988135,1.002713,0.992047,0.990768,1.009486,1.006918,1.001029,1.044136,0.989273,1.013655,1.038303,1.028066,1.015237,1.031139,1.022383,1.010520,1.013590,1.009575,0.980220,0.923425,1.009566,1.004948,1.015421,1.056066,1.049433,1.022451,0.980397,1.043006
9.046380,1.039049,1.009511,0.994734,0.979251,0.987600,0.989678,0.984141,0.984415,1.029650,1.008875,1.001223,0.988113,1.002690,0.992023,0.990737,1.009454,1.006889,1.001003,1.044102,0.989241,1.013620,1.038266,1.028029,1.015204,1.031122,1.022356,1.010493,1.013557,1.009542,0.980226,0.923406,1.009546,1.004917,1.015391,1.056028,1.049398,1.022427,0.980363,1.043004
9.054710,1.039041,1.009497,0.994713,0.979229,0.987580,0.989658,0.984122,0.984397,1.029643,1.008853,1.001202,0.988090,1.002668,0.991998,0.990707,1.009422,1.006861,1.000977,1.044069,0.989210,1.013585,1.038229,1.027993,1.015171,1.031104,1.022329,1.010465,1.013525,1.009509,0.980231,0.923387,1.009527,1.004887,1.015361,1.055991,1.049362,1.022402,0.980328,1.043003
9.063040,1.039033,1.009483,0.994692,0.979206,0.987560,0.989638,0.984103,0.984379,1.029636,1.008831,1.001180,0.988068,1.002645,0.991974,0.990676,1.009390,1.006832,1.000951,1.044036,0.989179,1.013551,1.038193,1.027956,1.015137,1.031087,1.022302,1.010438,1.013493,1.009475,0.980237,0.923368,1.009507,1.004856,1.015330,1.055953,1.049327,1.022377,0.980294,1.043002
9.071370,1.039025,1.009469,0.994671,0.979184,0.987540,0.989618,0.984085,0.984361,1.029629,1.008809,1.001159,0.988047,1.002622,0.991949,0.990646,1.009358,1.006803,1.000925,1.044003,0.989148,1.013516,1.038156,1.027920,1.015104,1.031070,1.022276,1.010410,1.013462,1.009442,0.980242,0.923349,1.009488,1.004826,1.015300,1.055915,1.049292,1.022352,0.980260,1.043001
9.079700,1.039018,1.009456,0.994650,0.979162,0.987520,0.989598,0.984067,0.984343,1.029622,1.008788,1.001138,0.988025,1.002600,0.991925,0.990616,1.009326,1.006775,1.000900,1.043970,0.989117,1.013481,1.038119,1.027883,1.015072,1.031053,1.022249,1.010383,1.013430,1.009409,0.980248,0.923331,1.009469,1.004796,1.015270,1.055878,1.049257,1.022327,0.980226,1.043001
9.088030,1.039010,1.009442,0.994630,0.979140,0.987501,0.989578,0.984048,0.984326,1.029615,1.008766,1.001117,0.988003,1.002578,0.991901,0.990586,1.009294,1.006746,1.000874,1.043937,0.989086,1.013447,1.038082,1.027847,1.015039,1.031036,1.022223,1.010356,1.013398,1.009377,0.980254,0.923312,1.009451,1.004765,1.015240,1.055841,1.049223,1.022302,0.980192,1.043000
9.096360,1.039003,1.009428,0.994609,0.979118,0.987481,0.989558,0.984030,0.984308,1.029609,1.008745,1.001096,0.987982,1.002556,0.991877,0.990556,1.009262,1.006718,1.000849,1.043904,0.989055,1.013413,1.038046,1.027811,1.015006,1.031019,1.022196,1.010329,1.013367,1.009344,0.980260,0.923294,1.009432,1.004735,1.015211,1.055803,1.049188,1.022277,0.980158,1.042999
9.104690,1.038995,1.009415,0.994589,0.979097,0.987461,0.989539,0.984012,0.984291,1.029602,1.008724,1.001076,0.987960,1.002534,0.991853,0.990526,1.009231,1.006690,1.000823,1.043871,0.989025,1.013379,1.038010,1.027775,1.014973,1.031002,1.022170,1.010302,1.013336,1.009312,0.980266,0.923276,1.009414,1.004705,1.015181,1.055766,1.049154,1.022252,0.980125,1.042999
9.113020,1.038988,1.009401,0.994568,0.979075,0.987442,0.989520,0.983994,0.984274,1.029596,1.008703,1.001055,0.987939,1.002512,0.991829,0.990496,1.009199,1.006662,1.000798,1.043839,0.988994,1.013345,1.037973,1.027739,1.014941,1.030985,1.022144,1.010275,1.013305,1.009279,0.980272,0.923258,1.009396,1.004675,1.015152,1.055729,1.049119,1.022228,0.980092,1.042998
9.121350,1.038981,1.009388,0.994548,0.979054,0.987423,0.989500,0.983976,0.984256,1.029590,1.008682,1.001035,0.987918,1.002490,0.991806,0.990467,1.009168,1.006634,1.000773,1.043806,0.988964,1.013311,1.037937,1.027703,1.014908,1.030968,1.022118,1.010248,1.013274,1.009247,0.980278,0.923240,1.009378,1.004645,1.015122,1.055692,1.049085,1.022203,0.980058,1.042998
9.129680,1.038974,1.009375,0.994528,0.979033,0.987404,0.989481,0.983959,0.984239,1.029583,1.008661,1.001014,0.987897,1.002469,0.991782,0.990438,1.009137,1.006606,1.000748,1.043774,0.988934,1.013277,1.037901,1.027668,1.014876,1.030951,1.022093,1.010222,1.013243,1.009215,0.980284,0.923222,1.009360,1.004615,1.015093,1.055654,1.049052,1.022178,0.980026,1.042997
9.138010,1.038967,1.009362,0.994508,0.979011,0.987385,0.989462,0.983941,0.984223,1.029577,1.008641,1.000994,0.987877,1.002447,0.991759,0.990408,1.009106,1.006579,1.000723,1.043742,0.988903,1.013243,1.037865,1.027633,1.014844,1.030935,1.022067,1.010196,1.013212,1.009184,0.980291,0.923204,1.009343,1.004585,1.015064,1.055618,1.049018,1.022153,0.979993,1.042997
9.146340,1.038960,1.009349,0.994489,0.978990,0.987366,0.989444,0.983924,0.984206,1.029571,1.008620,1.000975,0.987856,1.002426,0.991736,0.990379,1.009075,1.006551,1.000699,1.043710,0.988873,1.013210,1.037830,1.027597,1.014812,1.030919,1.022042,1.010169,1.013182,1.009152,0.980297,0.923187,1.009325,1.004556,1.015036,1.055581,1.048985,1.022129,0.979960,1.042997
9.154670,1.038954,1.009337,0.994469,0.978970,0.987348,0.989425,0.983907,0.984190,1.029565,1.008600,1.000955,0.987836,1.002405,0.991713,0.990350,1.009044,1.006524,1.000674,1.043678,0.988844,1.013176,1.037794,1.027562,1.014781,1.030902,1.022016,1.010143,1.013152,1.009121,0.980304,0.923170,1.009308,1.004526,1.015007,1.055544,1.048952,1.022104,0.979928,1.042997
9.163000,1.038947,1.009324,0.994450,0.978949,0.987329,0.989407,0.983890,0.984173,1.029560,1.008580,1.000936,0.987816,1.002385,0.991690,0.990322,1.009014,1.006497,1.000650,1.043646,0.988814,1.013143,1.037759,1.027528,1.014749,1.030886,1.021991,1.010117,1.013122,1.009090,0.980311,0.923152,1.009292,1.004497,1.014979,1.055507,1.048919,1.022080,0.979896,1.042997
9.171330,1.038941,1.009312,0.994431,0.978929,0.987311,0.989388,0.983873,0.984157,1.029554,1.008560,1.000916,0.987796,1.002364,0.991668,0.990293,1.008983,1.006470,1.000626,1.043615,0.988785,1.013110,1.037723,1.027493,1.014718,1.030870,1.021967,1.010092,1.013092,1.009059,0.980318,0.923135,1.009275,1.004468,1.014951,1.055471,1.048887,1.022055,0.979864,1.042997
9.179660,1.038934,1.009300,0.994412,0.978908,0.987293,0.989370,0.983857,0.984141,1.029548,1.008541,1.000897,0.987776,1.002344,0.991646,0.990265,1.008953,1.006443,1.000602,1.043584,0.988756,1.013078,1.037688,1.027459,1.014687,1.030854,1.021942,1.010066,1.013063,1.009029,0.980326,0.923119,1.009259,1.004439,1.014923,1.055434,1.048855,1.022031,0.979833,1.042997
9.187990,1.038928,1.009288,0.994393,0.978888,0.987275,0.989353,0.983840,0.984125,1.029543,1.008522,1.000878,0.987757,1.002324,0.991624,0.990237,1.008923,1.006417,1.000579,1.043553,0.988727,1.013045,1.037654,1.027425,1.014656,1.030839,1.021917,1.010041,1.013033,1.008998,0.980333,0.923102,1.009243,1.004410,1.014895,1.055398,1.048823,1.022006,0.979802,1.042997
9.196320,1.038922,1.009276,0.994374,0.978868,0.987258,0.989335,0.983824,0.984110,1.029538,1.008503,1.000860,0.987737,1.002304,0.991602,0.990209,1.008894,1.006391,1.000555,1.043522,0.988698,1.013013,1.037619,1.027391,1.014625,1.030823,1.021893,1.010016,1.013004,1.008968,0.980341,0.923086,1.009227,1.004381,1.014868,1.055362,1.048791,1.021982,0.979771,1.042998
9.204650,1.038916,1.009264,0.994356,0.978849,0.987240,0.989318,0.983808,0.984094,1.029532,1.008484,1.000841,0.987718,1.002284,0.991580,0.990181,1.008864,1.006365,1.000532,1.043491,0.988669,1.012981,1.037585,1.027357,1.014595,1.030808,1.021869,1.009991,1.012976,1.008938,0.980349,0.923069,1.009212,1.004353,1.014840,1.055326,1.048760,1.021958,0.979740,1.042998
9.212980,1.038911,1.009253,0.994338,0.978829,0.987223,0.989300,0.983792,0.984079,1.029527,1.008465,1.000823,0.987699,1.002265,0.991559,0.990154,1.008835,1.006339,1.000509,1.043461,0.988641,1.012949,1.037551,1.027324,1.014564,1.030793,1.021845,1.009967,1.012947,1.008909,0.980357,0.923053,1.009197,1.004324,1.014813,1.055291,1.048728,1.021934,0.979710,1.042999
9.221310,1.038905,1.009242,0.994320,0.978810,0.987206,0.989283,0.983776,0.984064,1.029522,1.008447,1.000805,0.987681,1.002246,0.991538,0.990127,1.008806,1.006313,1.000486,1.043431,0.988613,1.012917,1.037517,1.027290,1.014534,1.030777,1.021822,1.009942,1.012919,1.008880,0.980365,0.923037,1.009182,1.004296,1.014787,1.055255,1.048698,1.021910,0.979680,1.042999
9.229640,1.038900,1.009230,0.994302,0.978791,0.987189,0.989267,0.983761,0.984049,1.029517,1.008429,1.000788,0.987663,1.002227,0.991517,0.990100,1.008778,1.006288,1.000464,1.043401,0.988585,1.012886,1.037483,1.027257,1.014505,1.030763,1.021798,1.009918,1.012891,1.008851,0.980373,0.923022,1.009167,1.004268,1.014760,1.055220,1.048667,1.021887,0.979650,1.043000
9.237970,1.038894,1.009220,0.994285,0.978772,0.987173,0.989250,0.983745,0.984034,1.029513,1.008411,1.000770,0.987645,1.002208,0.991496,0.990073,1.008749,1.006263,1.000441,1.043371,0.988557,1.012855,1.037449,1.027225,1.014475,1.030748,1.021775,1.009894,1.012863,1.008822,0.980382,0.923006,1.009153,1.004241,1.014734,1.055185,1.048637,1.021863,0.979620,1.043001
9.246300,1.038889,1.009209,0.994267,0.978754,0.987156,0.989234,0.983730,0.984020,1.029508,1.008393,1.000753,0.987627,1.002190,0.991476,0.990047,1.008721,1.006238,1.000419,1.043341,0.988530,1.012824,1.037416,1.027192,1.014446,1.030733,1.021752,1.009871,1.012836,1.008794,0.980391,0.922991,1.009139,1.004213,1.014708,1.055150,1.048607,1.021839,0.979591,1.043001
9.254630,1.038884,1.009199,0.994250,0.978736,0.987140,0.989218,0.983716,0.984006,1.029504,1.008376,1.000736,0.987609,1.002172,0.991455,0.990021,1.008693,1.006213,1.000397,1.043312,0.988503,1.012793,1.037383,1.027160,1.014417,1.030719,1.021730,1.009847,1.012809,1.008766,0.980400,0.922976,1.009125,1.004186,1.014682,1.055115,1.048578,1.021816,0.979562,1.043002
9.262960,1.038879,1.009189,0.994234,0.978718,0.987124,0.989202,0.983701,0.983992,1.029499,1.008359,1.000719,0.987592,1.002154,0.991436,0.989995,1.008665,1.006189,1.000376,1.043283,0.988476,1.012763,1.037351,1.027129,1.014388,1.030705,1.021708,1.009824,1.012782,1.008738,0.980409,0.922961,1.009112,1.004158,1.014657,1.055080,1.048549,1.021793,0.979534,1.043003
9.271290,1.038875,1.009179,0.994217,0.978700,0.987109,0.989186,0.983687,0.983978,1.029495,1.008342,1.000703,0.987575,1.002136,0.991416,0.989969,1.008638,1.006165,1.000355,1.043255,0.988449,1.012733,1.037318,1.027097,1.014360,1.030691,1.021686,1.009801,1.012756,1.008711,0.980419,0.922947,1.009099,1.004132,1.014632,1.055046,1.048520,1.021770,0.979506,1.043004
9.279620,1.038870,1.009169,0.994201,0.978682,0.987093,0.989171,0.983673,0.983964,1.029491,1.008326,1.000687,0.987558,1.002119,0.991397,0.989944,1.008611,1.006141,1.000334,1.043226,0.988423,1.012703,1.037286,1.027066,1.014332,1.030678,1.021664,1.009779,1.012730,1.008684,0.980429,0.922932,1.009086,1.004105,1.014607,1.055012,1.048491,1.021747,0.979478,1.043005
9.287950,1.038866,1.009160,0.994185,0.978665,0.987078,0.989156,0.983659,0.983951,1.029487,1.008310,1.000671,0.987542,1.002102,0.991378,0.989919,1.008584,1.006118,1.000313,1.043198,0.988397,1.012674,1.037254,1.027035,1.014304,1.030664,1.021642,1.009757,1.012704,1.008657,0.980439,0.922918,1.009074,1.004078,1.014583,1.054978,1.048463,1.021724,0.979450,1.043007
9.296280,1.038862,1.009150,0.994169,0.978648,0.987063,0.989141,0.983645,0.983938,1.029483,1.008294,1.000656,0.987526,1.002085,0.991359,0.989894,1.008558,1.006095,1.000293,1.043171,0.988371,1.012645,1.037223,1.027004,1.014277,1.030651,1.021621,1.009735,1.012679,1.008631,0.980449,0.922905,1.009062,1.004052,1.014559,1.054944,1.048436,1.021701,0.979423,1.043008
9.304610,1.038858,1.009142,0.994154,0.978632,0.987049,0.989127,0.983632,0.983925,1.029479,1.008278,1.000640,0.987510,1.002069,0.991340,0.989870,1.008532,1.006072,1.000272,1.043143,0.988346,1.012616,1.037192,1.026974,1.014249,1.030638,1.021600,1.009713,1.012654,1.008605,0.980459,0.922891,1.009050,1.004026,1.014535,1.054911,1.048408,1.021679,0.979397,1.043009
9.312940,1.038854,1.009133,0.994139,0.978615,0.987035,0.989113,0.983619,0.983912,1.029476,1.008263,1.000625,0.987494,1.002053,0.991322,0.989846,1.008506,1.006050,1.000253,1.043116,0.988321,1.012587,1.037161,1.026944,1.014223,1.030625,1.021580,1.009692,1.012629,1.008580,0.980470,0.922878,1.009038,1.004001,1.014512,1.054878,1.048381,1.021656,0.979370,1.043011
9.321270,1.038850,1.009125,0.994124,0.978599,0.987021,0.989099,0.983606,0.983900,1.029472,1.008248,1.000611,0.987479,1.002037,0.991305,0.989822,1.008480,1.006027,1.000233,1.043089,0.988296,1.012559,1.037130,1.026915,1.014196,1.030613,1.021560,1.009671,1.012605,1.008554,0.980481,0.922865,1.009027,1.003975,1.014489,1.054845,1.048355,1.021634,0.979344,1.043012
9.329600,1.038847,1.009116,0.994109,0.978583,0.987007,0.989085,0.983593,0.983888,1.029469,1.008234,1.000596,0.987464,1.002021,0.991287,0.989799,1.008455,1.006006,1.000214,1.043063,0.988272,1.012531,1.037100,1.026886,1.014170,1.030600,1.021540,1.009650,1.012581,1.008530,0.980492,0.922852,1.009016,1.003950,1.014466,1.054812,1.048329,1.021612,0.979319,1.043014
9.337930,1.038843,1.009109,0.994095,0.978568,0.986993,0.989072,0.983581,0.983876,1.029466,1.008219,1.000582,0.987449,1.002006,0.991270,0.989776,1.008430,1.005984,1.000195,1.043037,0.988247,1.012504,1.037070,1.026857,1.014144,1.030588,1.021520,1.009630,1.012557,1.008505,0.980504,0.922839,1.009006,1.003925,1.014444,1.054780,1.048303,1.021591,0.979294,1.043015
9.346260,1.038840,1.009101,0.994081,0.978553,0.986980,0.989059,0.983569,0.983865,1.029463,1.008205,1.000569,0.987435,1.001991,0.991253,0.989753,1.008406,1.005963,1.000177,1.043011,0.988224,1.012477,1.037041,1.026828,1.014119,1.030577,1.021501,1.009610,1.012534,1.008481,0.980516,0.922827,1.008996,1.003901,1.014422,1.054748,1.048278,1.021569,0.979269,1.043017
9.354590,1.038837,1.009094,0.994068,0.978538,0.986967,0.989046,0.983557,0.983853,1.029460,1.008192,1.000555,0.987421,1.001977,0.991237,0.989731,1.008382,1.005942,1.000159,1.042985,0.988200,1.012450,1.037011,1.026800,1.014094,1.030565,1.021482,1.009590,1.012511,1.008458,0.980528,0.922815,1.008986,1.003877,1.014400,1.054716,1.048253,1.021548,0.979245,1.043019
9.362920,1.038835,1.009087,0.994054,0.978523,0.986955,0.989033,0.983546,0.983842,1.029457,1.008178,1.000542,0.987407,1.001963,0.991220,0.989709,1.008358,1.005922,1.000141,1.042960,0.988177,1.012423,1.036983,1.026773,1.014069,1.030554,1.021463,1.009571,1.012489,1.008434,0.980540,0.922804,1.008977,1.003853,1.014379,1.054684,1.048228,1.021526,0.979221,1.043021
9.371250,1.038832,1.009080,0.994041,0.978509,0.986942,0.989021,0.983535,0.983832,1.029455,1.008165,1.000529,0.987394,1.001949,0.991205,0.989687,1.008335,1.005901,1.000123,1.042936,0.988155,1.012397,1.036954,1.026745,1.014045,1.030543,1.021445,1.009552,1.012467,1.008412,0.980553,0.922792,1.008968,1.003829,1.014358,1.054653,1.048204,1.021505,0.979197,1.043022
9.379580,1.038829,1.009074,0.994029,0.978495,0.986931,0.989009,0.983524,0.983821,1.029452,1.008153,1.000517,0.987381,1.001935,0.991189,0.989666,1.008312,1.005882,1.000106,1.042911,0.988132,1.012372,1.036926,1.026718,1.014021,1.030532,1.021427,1.009533,1.012445,1.008389,0.980566,0.922781,1.008959,1.003805,1.014337,1.054622,1.048180,1.021485,0.979174,1.043024
9.387910,1.038827,1.009068,0.994016,0.978482,0.986919,0.988998,0.983513,0.983811,1.029450,1.008140,1.000505,0.987369,1.001922,0.991174,0.989645,1.008289,1.005862,1.000089,1.042887,0.988110,1.012346,1.036898,1.026692,1.013997,1.030522,1.021410,1.009515,1.012424,1.008367,0.980579,0.922770,1.008951,1.003782,1.014317,1.054592,1.048157,1.021464,0.979152,1.043026
9.396240,1.038825,1.009062,0.994004,0.978469,0.986908,0.988986,0.983503,0.983801,1.029448,1.008128,1.000493,0.987356,1.001910,0.991159,0.989625,1.008267,1.005843,1.000073,1.042864,0.988089,1.012321,1.036871,1.026666,1.013974,1.030511,1.021393,1.009497,1.012403,1.008346,0.980592,0.922760,1.008943,1.003760,1.014298,1.054561,1.048134,1.021444,0.979130,1.043029
9.404570,1.038823,1.009057,0.993993,0.978456,0.986896,0.988975,0.983493,0.983792,1.029446,1.008117,1.000481,0.987344,1.001897,0.991145,0.989605,1.008245,1.005825,1.000057,1.042841,0.988067,1.012297,1.036844,1.026640,1.013951,1.030502,1.021376,1.009479,1.012383,1.008325,0.980606,0.922749,1.008935,1.003737,1.014278,1.054531,1.048112,1.021423,0.979108,1.043031
9.412900,1.038822,1.009051,0.993982,0.978443,0.986886,0.988965,0.983483,0.983782,1.029444,1.008105,1.000470,0.987333,1.001885,0.991131,0.989585,1.008224,1.005806,1.000041,1.042818,0.988047,1.012273,1.036817,1.026614,1.013929,1.030492,1.021359,1.009462,1.012363,1.008304,0.980620,0.922740,1.008928,1.003715,1.014259,1.054502,1.048090,1.021403,0.979087,1.043033
9.421230,1.038820,1.009047,0.993971,0.978431,0.986875,0.988954,0.983473,0.983773,1.029442,1.008094,1.000460,0.987321,1.001873,0.991117,0.989566,1.008203,1.005788,1.000026,1.042795,0.988026,1.012249,1.036791,1.026590,1.013907,1.030483,1.021343,1.009445,1.012344,1.008284,0.980635,0.922730,1.008921,1.003693,1.014241,1.054472,1.048068,1.021384,0.979066,1.043035
9.429560,1.038819,1.009042,0.993960,0.978419,0.986865,0.988944,0.983464,0.983764,1.029441,1.008084,1.000449,0.987311,1.001862,0.991104,0.989547,1.008182,1.005771,1.000011,1.042773,0.988006,1.012226,1.036765,1.026565,1.013885,1.030474,1.021328,1.009429,1.012325,1.008264,0.980649,0.922721,1.008915,1.003672,1.014223,1.054443,1.048047,1.021364,0.979046,1.043038
9.437890,1.038818,1.009038,0.993950,0.978408,0.986856,0.988935,0.983455,0.983756,1.029439,1.008074,1.000439,0.987300,1.001851,0.991091,0.989528,1.008162,1.005754,0.999997,1.042752,0.987986,1.012203,1.036740,1.026541,1.013864,1.030465,1.021312,1.009413,1.012306,1.008245,0.980664,0.922712,1.008908,1.003651,1.014205,1.054415,1.048027,1.021345,0.979026,1.043040
9.446220,1.038817,1.009034,0.993940,0.978397,0.986846,0.988925,0.983447,0.983748,1.029438,1.008064,1.000429,0.987290,1.001840,0.991078,0.989510,1.008142,1.005737,0.999982,1.042730,0.987967,1.012180,1.036715,1.026517,1.013843,1.030456,1.021298,1.009398,1.012288,1.008226,0.980680,0.922703,1.008903,1.003630,1.014188,1.054387,1.048007,1.021326,0.979006,1.043043
9.454550,1.038816,1.009031,0.993931,0.978386,0.986837,0.988916,0.983439,0.983740,1.029437,1.008054,1.000420,0.987280,1.001830,0.991066,0.989493,1.008123,1.005721,0.999969,1.042710,0.987948,1.012158,1.036690,1.026494,1.013823,1.030448,1.021283,1.009382,1.012270,1.008208,0.980695,0.922694,1.008897,1.003610,1.014171,1.054359,1.047987,1.021307,0.978987,1.043045
9.462880,1.038816,1.009027,0.993922,0.978375,0.986828,0.988908,0.983431,0.983732,1.029436,1.008045,1.000411,0.987271,1.001820,0.991054,0.989475,1.008104,1.005705,0.999955,1.042689,0.987930,1.012136,1.036666,1.026471,1.013803,1.030441,1.021269,1.009368,1.012253,1.008190,0.980711,0.922686,1.008892,1.003590,1.014155,1.054331,1.047968,1.021289,0.978969,1.043048
9.471210,1.038815,1.009025,0.993913,0.978365,0.986820,0.988899,0.983423,0.983725,1.029435,1.008037,1.000403,0.987261,1.001811,0.991043,0.989459,1.008085,1.005690,0.999942,1.042669,0.987912,1.012115,1.036642,1.026449,1.013783,1.030433,1.021255,1.009353,1.012236,1.008173,0.980727,0.922679,1.008888,1.003570,1.014139,1.054304,1.047949,1.021270,0.978951,1.043050
9.479540,1.038815,1.009022,0.993905,0.978356,0.986812,0.988892,0.983416,0.983718,1.029434,1.008028,1.000394,0.987253,1.001802,0.991032,0.989442,1.008067,1.005675,0.999930,1.042650,0.987894,1.012094,1.036619,1.026427,1.013764,1.030426,1.021242,1.009339,1.012220,1.008156,0.980744,0.922671,1.008883,1.003551,1.014123,1.054277,1.047931,1.021252,0.978934,1.043053
9.487870,1.038815,1.009020,0.993897,0.978346,0.986804,0.988884,0.983409,0.983712,1.029434,1.008020,1.000386,0.987244,1.001793,0.991021,0.989426,1.008050,1.005660,0.999918,1.042631,0.987877,1.012074,1.036596,1.026406,1.013746,1.030419,1.021229,1.009326,1.012204,1.008140,0.980761,0.922664,1.008879,1.003532,1.014108,1.054250,1.047913,1.021234,0.978917,1.043056
9.496200,1.038815,1.009018,0.993889,0.978337,0.986797,0.988877,0.983402,0.983705,1.029433,1.008013,1.000379,0.987236,1.001784,0.991011,0.989411,1.008032,1.005646,0.999906,1.042612,0.987861,1.012054,1.036573,1.026385,1.013728,1.030412,1.021217,1.009312,1.012189,1.008124,0.980778,0.922657,1.008876,1.003513,1.014094,1.054224,1.047896,1.021217,0.978900,1.043059
9.504530,1.038816,1.009017,0.993882,0.978329,0.986790,0.988870,0.983396,0.983699,1.029433,1.008006,1.000372,0.987229,1.001776,0.991001,0.989396,1.008016,1.005632,0.999895,1.042594,0.987844,1.012035,1.036551,1.026364,1.013710,1.030406,1.021205,1.009300,1.012174,1.008108,0.980796,0.922651,1.008873,1.003495,1.014080,1.054198,1.047880,1.021200,0.978884,1.043062
9.512860,1.038816,1.009016,0.993875,0.978321,0.986783,0.988863,0.983390,0.983694,1.029433,1.007999,1.000365,0.987222,1.001769,0.990992,0.989381,1.007999,1.005619,0.999884,1.042576,0.987828,1.012016,1.036530,1.026344,1.013693,1.030400,1.021193,1.009287,1.012159,1.008094,0.980813,0.922645,1.008870,1.003477,1.014066,1.054173,1.047863,1.021182,0.978869,1.043065
9.521190,1.038817,1.009015,0.993869,0.978313,0.986777,0.988857,0.983385,0.983688,1.029433,1.007992,1.000359,0.987215,1.001762,0.990983,0.989367,1.007984,1.005606,0.999873,1.042559,0.987813,1.011997,1.036509,1.026325,1.013676,1.030395,1.021182,1.009275,1.012146,1.008079,0.980832,0.922639,1.008868,1.003459,1.014053,1.054148,1.047848,1.021166,0.978854,1.043068
9.529520,1.038818,1.009015,0.993863,0.978305,0.986771,0.988851,0.983379,0.983683,1.029433,1.007986,1.000353,0.987208,1.001755,0.990974,0.989353,1.007968,1.005593,0.999863,1.042542,0.987798,1.011979,1.036488,1.026305,1.013660,1.030389,1.021172,1.009264,1.012132,1.008065,0.980850,0.922633,1.008866,1.003442,1.014040,1.054123,1.047832,1.021149,0.978840,1.043071
9.537850,1.038819,1.009015,0.993857,0.978298,0.986765,0.988845,0.983374,0.983678,1.029433,1.007981,1.000347,0.987202,1.001748,0.990966,0.989340,1.007953,1.005581,0.999853,1.042526,0.987784,1.011961,1.036468,1.026287,1.013644,1.030384,1.021161,1.009253,1.012119,1.008052,0.980869,0.922628,1.008864,1.003426,1.014028,1.054099,1.047818,1.021133,0.978826,1.043074
9.546180,1.038821,1.009015,0.993852,0.978292,0.986760,0.988840,0.983370,0.983674,1.029434,1.007975,1.000342,0.987197,1.001742,0.990958,0.989327,1.007939,1.005570,0.999844,1.042510,0.987770,1.011944,1.036448,1.026269,1.013629,1.030380,1.021151,1.009242,1.012107,1.008039,0.980888,0.922623,1.008863,1.003409,1.014016,1.054075,1.047803,1.021117,0.978812,1.043077
9.554510,1.038822,1.009016,0.993847,0.978286,0.986755,0.988835,0.983365,0.983670,1.029434,1.007970,1.000337,0.987191,1.001737,0.990951,0.989314,1.007925,1.005559,0.999835,1.042494,0.987756,1.011927,1.036428,1.026251,1.013614,1.030375,1.021142,1.009232,1.012095,1.008027,0.980908,0.922619,1.008862,1.003393,1.014005,1.054051,1.047790,1.021101,0.978800,1.043080
9.562840,1.038824,1.009017,0.993842,0.978280,0.986751,0.988831,0.983361,0.983666,1.029435,1.007966,1.000332,0.987187,1.001732,0.990944,0.989303,1.007911,1.005548,0.999827,1.042479,0.987743,1.011911,1.036410,1.026234,1.013599,1.030371,1.021133,1.009223,1.012084,1.008015,0.980927,0.922615,1.008861,1.003378,1.013994,1.054028,1.047776,1.021086,0.978787,1.043083
9.571170,1.038826,1.009018,0.993838,0.978274,0.986746,0.988827,0.983358,0.983663,1.029436,1.007962,1.000328,0.987182,1.001727,0.990937,0.989291,1.007898,1.005538,0.999819,1.042465,0.987730,1.011895,1.036391,1.026217,1.013585,1.030368,1.021124,1.009213,1.012073,1.008004,0.980948,0.922611,1.008861,1.003363,1.013984,1.054006,1.047764,1.021071,0.978776,1.043087
9.579500,1.038828,1.009020,0.993835,0.978269,0.986742,0.988823,0.983354,0.983660,1.029437,1.007958,1.000324,0.987178,1.001722,0.990931,0.989280,1.007886,1.005528,0.999812,1.042451,0.987718,1.011880,1.036373,1.026201,1.013572,1.030364,1.021116,1.009205,1.012062,1.007993,0.980968,0.922607,1.008861,1.003348,1.013974,1.053983,1.047751,1.021056,0.978764,1.043090
9.587830,1.038831,1.009022,0.993831,0.978264,0.986739,0.988820,0.983351,0.983657,1.029438,1.007955,1.000321,0.987174,1.001718,0.990925,0.989269,1.007873,1.005519,0.999805,1.042437,0.987706,1.011865,1.036356,1.026185,1.013559,1.030361,1.021109,1.009196,1.012052,1.007983,0.980989,0.922604,1.008862,1.003333,1.013964,1.053961,1.047740,1.021041,0.978754,1.043093
9.596160,1.038833,1.009024,0.993829,0.978260,0.986736,0.988817,0.983349,0.983654,1.029439,1.007952,1.000318,0.987171,1.001715,0.990920,0.989259,1.007862,1.005510,0.999798,1.042424,0.987695,1.011851,1.036339,1.026170,1.013546,1.030359,1.021101,1.009188,1.012043,1.007973,0.981010,0.922601,1.008863,1.003320,1.013955,1.053940,1.047729,1.021027,0.978744,1.043097
9.604490,1.038836,1.009027,0.993826,0.978256,0.986733,0.988814,0.983346,0.983652,1.029441,1.007949,1.000315,0.987168,1.001711,0.990915,0.989250,1.007851,1.005502,0.999792,1.042411,0.987684,1.011837,1.036322,1.026155,1.013534,1.030357,1.021095,1.009181,1.012034,1.007964,0.981031,0.922599,1.008864,1.003306,1.013947,1.053919,1.047718,1.021013,0.978734,1.043100
9.612820,1.038839,1.009030,0.993824,0.978253,0.986731,0.988812,0.983344,0.983650,1.029442,1.007947,1.000313,0.987165,1.001708,0.990911,0.989241,1.007840,1.005494,0.999786,1.042399,0.987674,1.011823,1.036306,1.026141,1.013523,1.030355,1.021088,1.009174,1.012026,1.007955,0.981053,0.922597,1.008866,1.003293,1.013939,1.053898,1.047708,1.020999,0.978725,1.043104
9.621150,1.038842,1.009034,0.993823,0.978250,0.986729,0.988810,0.983343,0.983649,1.029444,1.007945,1.000311,0.987163,1.001706,0.990906,0.989232,1.007830,1.005486,0.999781,1.042387,0.987664,1.011810,1.036290,1.026127,1.013511,1.030353,1.021083,1.009167,1.012018,1.007947,0.981075,0.922595,1.008868,1.003280,1.013932,1.053878,1.047698,1.020985,0.978716,1.043107
9.629480,1.038846,1.009038,0.993821,0.978247,0.986727,0.988808,0.983341,0.983647,1.029446,1.007944,1.000310,0.987161,1.001704,0.990903,0.989224,1.007820,1.005479,0.999776,1.042376,0.987655,1.011798,1.036275,1.026114,1.013501,1.030352,1.021077,1.009161,1.012011,1.007940,0.981098,0.922593,1.008871,1.003268,1.013925,1.053858,1.047689,1.020972,0.978709,1.043111
9.637810,1.038849,1.009042,0.993821,0.978245,0.986726,0.988807,0.983340,0.983647,1.029448,1.007943,1.000308,0.987160,1.001702,0.990900,0.989216,1.007811,1.005473,0.999772,1.042366,0.987646,1.011786,1.036261,1.026101,1.013491,1.030351,1.021072,1.009155,1.012004,1.007933,0.981121,0.922592,1.008874,1.003256,1.013918,1.053838,1.047680,1.020959,0.978701,1.043114
9.646140,1.038853,1.009047,0.993820,0.978243,0.986725,0.988806,0.983339,0.983646,1.029450,1.007942,1.000308,0.987159,1.001701,0.990897,0.989209,1.007802,1.005466,0.999768,1.042355,0.987637,1.011774,1.036246,1.026089,1.013481,1.030350,1.021068,1.009150,1.011998,1.007926,0.981144,0.922591,1.008877,1.003244,1.013912,1.053819,1.047672,1.020946,0.978694,1.043118
9.654470,1.038857,1.009052,0.993820,0.978241,0.986724,0.988805,0.983339,0.983646,1.029452,1.007942,1.000307,0.987158,1.001700,0.990894,0.989202,1.007794,1.005461,0.999764,1.042346,0.987629,1.011763,1.036233,1.026077,1.013472,1.030350,1.021064,1.009145,1.011992,1.007920,0.981167,0.922591,1.008880,1.003233,1.013907,1.053801,1.047665,1.020934,0.978688,1.043122
9.662800,1.038861,1.009057,0.993821,0.978240,0.986724,0.988805,0.983339,0.983646,1.029455,1.007942,1.000307,0.987158,1.001700,0.990892,0.989195,1.007786,1.005456,0.999761,1.042336,0.987622,1.011753,1.036219,1.026066,1.013463,1.030350,1.021060,1.009141,1.011987,1.007915,0.981191,0.922591,1.008884,1.003223,1.013902,1.053783,1.047658,1.020922,0.978682,1.043125
9.671130,1.038865,1.009063,0.993821,0.978239,0.986724,0.988805,0.983339,0.983646,1.029457,1.007942,1.000308,0.987158,1.001700,0.990891,0.989190,1.007778,1.005451,0.999758,1.042327,0.987615,1.011743,1.036207,1.026055,1.013455,1.030350,1.021057,1.009137,1.011982,1.007910,0.981215,0.922591,1.008889,1.003212,1.013898,1.053765,1.047651,1.020910,0.978677,1.043129
9.679460,1.038870,1.009069,0.993823,0.978239,0.986724,0.988806,0.983340,0.983647,1.029460,1.007943,1.000308,0.987159,1.001700,0.990890,0.989184,1.007772,1.005447,0.999756,1.042319,0.987608,1.011733,1.036194,1.026044,1.013448,1.030351,1.021054,1.009134,1.011978,1.007906,0.981240,0.922591,1.008893,1.003202,1.013894,1.053747,1.047645,1.020899,0.978672,1.043133
9.687790,1.038875,1.009076,0.993824,0.978239,0.986725,0.988807,0.983341,0.983648,1.029463,1.007945,1.000310,0.987160,1.001701,0.990889,0.989179,1.007765,1.005443,0.999755,1.042311,0.987602,1.011724,1.036183,1.026035,1.013440,1.030352,1.021052,1.009131,1.011974,1.007902,0.981264,0.922592,1.008898,1.003193,1.013890,1.053730,1.047640,1.020887,0.978668,1.043137
9.696120,1.038879,1.009083,0.993826,0.978240,0.986726,0.988808,0.983342,0.983649,1.029466,1.007946,1.000311,0.987161,1.001702,0.990888,0.989175,1.007759,1.005440,0.999753,1.042304,0.987597,1.011715,1.036171,1.026025,1.013434,1.030354,1.021050,1.009128,1.011971,1.007899,0.981289,0.922593,1.008903,1.003184,1.013887,1.053714,1.047635,1.020876,0.978665,1.043140
9.704450,1.038885,1.009090,0.993829,0.978240,0.986728,0.988810,0.983344,0.983651,1.029469,1.007948,1.000313,0.987163,1.001703,0.990889,0.989171,1.007754,1.005437,0.999752,1.042297,0.987592,1.011707,1.036160,1.026017,1.013428,1.030356,1.021049,1.009126,1.011969,1.007896,0.981315,0.922595,1.008909,1.003175,1.013885,1.053698,1.047630,1.020866,0.978662,1.043144
9.712780,1.038890,1.009097,0.993832,0.978242,0.986729,0.988812,0.983346,0.983653,1.029472,1.007951,1.000315,0.987165,1.001705,0.990889,0.989167,1.007749,1.005434,0.999752,1.042291,0.987587,1.011700,1.036150,1.026008,1.013422,1.030358,1.021048,1.009125,1.011967,1.007894,0.981340,0.922596,1.008915,1.003167,1.013883,1.053682,1.047626,1.020855,0.978659,1.043148
9.721110,1.038895,1.009105,0.993835,0.978243,0.986732,0.988814,0.983348,0.983655,1.029475,1.007954,1.000318,0.987167,1.001707,0.990890,0.989164,1.007745,1.005432,0.999752,1.042285,0.987583,1.011692,1.036140,1.026000,1.013417,1.030360,1.021047,1.009124,1.011965,1.007892,0.981366,0.922599,1.008921,1.003159,1.013881,1.053667,1.047623,1.020845,0.978658,1.043152
9.729440,1.038901,1.009114,0.993839,0.978245,0.986734,0.988817,0.983351,0.983658,1.029479,1.007957,1.000321,0.987170,1.001710,0.990891,0.989162,1.007741,1.005431,0.999752,1.042280,0.987579,1.011686,1.036131,1.025993,1.013412,1.030363,1.021047,1.009123,1.011964,1.007891,0.981393,0.922601,1.008928,1.003152,1.013880,1.053652,1.047620,1.020836,0.978656,1.043156
9.737770,1.038907,1.009122,0.993843,0.978248,0.986737,0.988820,0.983354,0.983661,1.029482,1.007960,1.000324,0.987173,1.001713,0.990893,0.989159,1.007737,1.005430,0.999753,1.042275,0.987576,1.011679,1.036122,1.025986,1.013408,1.030366,1.021048,1.009123,1.011964,1.007891,0.981419,0.922604,1.008935,1.003145,1.013880,1.053637,1.047618,1.020826,0.978656,1.043160
9.746100,1.038913,1.009131,0.993847,0.978250,0.986740,0.988823,0.983357,0.983664,1.029486,1.007964,1.000328,0.987177,1.001716,0.990895,0.989158,1.007734,1.005429,0.999755,1.042270,0.987574,1.011674,1.036114,1.025980,1.013404,1.030369,1.021049,1.009123,1.011964,1.007891,0.981446,0.922607,1.008943,1.003139,1.013880,1.053623,1.047616,1.020817,0.978655,1.043164
9.754430,1.038919,1.009141,0.993852,0.978253,0.986744,0.988827,0.983360,0.983667,1.029490,1.007969,1.000332,0.987181,1.001720,0.990898,0.989157,1.007732,1.005429,0.999756,1.042267,0.987571,1.011669,1.036106,1.025974,1.013401,1.030373,1.021050,1.009124,1.011965,1.007891,0.981474,0.922610,1.008950,1.003132,1.013880,1.053610,1.047614,1.020808,0.978656,1.043168
9.762760,1.038925,1.009151,0.993857,0.978257,0.986748,0.988831,0.983364,0.983671,1.029494,1.007973,1.000336,0.987185,1.001724,0.990901,0.989156,1.007730,1.005430,0.999759,1.042263,0.987570,1.011664,1.036098,1.025969,1.013398,1.030377,1.021052,1.009125,1.011966,1.007892,0.981501,0.922614,1.008958,1.003127,1.013881,1.053597,1.047613,1.020799,0.978657,1.043172
9.771090,1.038931,1.009161,0.993863,0.978261,0.986752,0.988835,0.983369,0.983675,1.029498,1.007978,1.000341,0.987189,1.001729,0.990904,0.989156,1.007728,1.005430,0.999761,1.042260,0.987568,1.011660,1.036091,1.025964,1.013396,1.030382,1.021054,1.009126,1.011967,1.007894,0.981529,0.922618,1.008967,1.003121,1.013883,1.053584,1.047613,1.020791,0.978658,1.043175
9.779420,1.038938,1.009171,0.993869,0.978265,0.986757,0.988840,0.983373,0.983680,1.029502,1.007984,1.000346,0.987194,1.001734,0.990908,0.989156,1.007727,1.005432,0.999764,1.042258,0.987568,1.011656,1.036085,1.025960,1.013394,1.030387,1.021057,1.009128,1.011969,1.007896,0.981557,0.922623,1.008975,1.003117,1.013885,1.053571,1.047613,1.020783,0.978660,1.043179
9.787750,1.038945,1.009182,0.993875,0.978270,0.986761,0.988845,0.983378,0.983684,1.029506,1.007989,1.000352,0.987200,1.001739,0.990912,0.989156,1.007726,1.005433,0.999768,1.042256,0.987567,1.011652,1.036078,1.025956,1.013393,1.030392,1.021060,1.009131,1.011972,1.007899,0.981586,0.922627,1.008984,1.003112,1.013887,1.053559,1.047614,1.020775,0.978663,1.043183
9.796080,1.038952,1.009193,0.993882,0.978275,0.986767,0.988850,0.983383,0.983689,1.029511,1.007996,1.000358,0.987206,1.001744,0.990916,0.989157,1.007726,1.005435,0.999772,1.042254,0.987568,1.011650,1.036073,1.025952,1.013392,1.030397,1.021064,1.009134,1.011975,1.007902,0.981615,0.922632,1.008994,1.003108,1.013890,1.053548,1.047615,1.020767,0.978666,1.043187
9.804410,1.038959,1.009204,0.993889,0.978280,0.986772,0.988856,0.983388,0.983695,1.029515,1.008002,1.000364,0.987212,1.001750,0.990921,0.989159,1.007727,1.005438,0.999776,1.042253,0.987568,1.011647,1.036068,1.025950,1.013391,1.030403,1.021068,1.009137,1.011979,1.007906,0.981644,0.922638,1.009003,1.003104,1.013894,1.053537,1.047616,1.020760,0.978670,1.043191
9.812740,1.038966,1.009216,0.993897,0.978286,0.986778,0.988862,0.983394,0.983700,1.029520,1.008009,1.000370,0.987218,1.001757,0.990926,0.989161,1.007727,1.005441,0.999781,1.042253,0.987569,1.011645,1.036063,1.025947,1.013392,1.030409,1.021072,1.009141,1.011983,1.007910,0.981673,0.922643,1.009013,1.003101,1.013898,1.053526,1.047619,1.020753,0.978674,1.043195
9.821070,1.038974,1.009228,0.993905,0.978292,0.986784,0.988868,0.983400,0.983706,1.029525,1.008016,1.000377,0.987225,1.001764,0.990932,0.989163,1.007729,1.005445,0.999786,1.042253,0.987571,1.011644,1.036059,1.025945,1.013392,1.030415,1.021077,1.009145,1.011988,1.007915,0.981703,0.922649,1.009023,1.003098,1.013902,1.053516,1.047621,1.020746,0.978679,1.043199
9.829400,1.038981,1.009241,0.993913,0.978299,0.986791,0.988875,0.983406,0.983712,1.029529,1.008023,1.000384,0.987232,1.001771,0.990938,0.989166,1.007730,1.005449,0.999792,1.042253,0.987573,1.011643,1.036055,1.025944,1.013393,1.030422,1.021082,1.009150,1.011993,1.007921,0.981733,0.922655,1.009034,1.003096,1.013907,1.053506,1.047624,1.020740,0.978684,1.043203
9.837730,1.038989,1.009253,0.993922,0.978306,0.986798,0.988881,0.983413,0.983719,1.029534,1.008031,1.000392,0.987239,1.001778,0.990945,0.989170,1.007732,1.005453,0.999798,1.042254,0.987576,1.011642,1.036052,1.025943,1.013395,1.030429,1.021088,1.009155,1.011999,1.007927,0.981763,0.922662,1.009045,1.003094,1.013912,1.053496,1.047628,1.020734,0.978690,1.043208
9.846060,1.038997,1.009266,0.993931,0.978313,0.986805,0.988889,0.983420,0.983725,1.029539,1.008039,1.000400,0.987247,1.001786,0.990951,0.989173,1.007735,1.005458,0.999804,1.042255,0.987579,1.011642,1.036049,1.025942,1.013397,1.030436,1.021094,1.009160,1.012005,1.007933,0.981793,0.922669,1.009056,1.003092,1.013918,1.053487,1.047632,1.020728,0.978696,1.043212
9.854390,1.039005,1.009280,0.993940,0.978321,0.986813,0.988896,0.983427,0.983732,1.029544,1.008048,1.000408,0.987255,1.001794,0.990959,0.989178,1.007738,1.005463,0.999811,1.042257,0.987582,1.011643,1.036047,1.025942,1.013399,1.030444,1.021101,1.009166,1.012012,1.007940,0.981824,0.922676,1.009067,1.003091,1.013925,1.053479,1.047636,1.020722,0.978703,1.043216
9.862720,1.039013,1.009294,0.993950,0.978328,0.986820,0.988904,0.983435,0.983740,1.029550,1.008057,1.000416,0.987264,1.001802,0.990966,0.989182,1.007742,1.005469,0.999818,1.042259,0.987586,1.011644,1.036045,1.025943,1.013402,1.030452,1.021108,1.009173,1.012019,1.007948,0.981855,0.922683,1.009079,1.003090,1.013931,1.053470,1.047641,1.020717,0.978711,1.043220
9.871050,1.039022,1.009308,0.993960,0.978337,0.986828,0.988912,0.983442,0.983747,1.029555,1.008066,1.000425,0.987273,1.001811,0.990974,0.989187,1.007746,1.005475,0.999826,1.042262,0.987590,1.011645,1.036043,1.025944,1.013405,1.030460,1.021115,1.009179,1.012027,1.007956,0.981886,0.922691,1.009091,1.003090,1.013939,1.053462,1.047647,1.020712,0.978719,1.043224
9.879380,1.039030,1.009322,0.993971,0.978345,0.986837,0.988921,0.983450,0.983755,1.029560,1.008075,1.000434,0.987282,1.001820,0.990982,0.989193,1.007750,1.005481,0.999834,1.042265,0.987595,1.011647,1.036042,1.025945,1.013409,1.030469,1.021123,1.009187,1.012035,1.007964,0.981918,0.922699,1.009103,1.003090,1.013946,1.053455,1.047653,1.020707,0.978727,1.043228
9.887710,1.039039,1.009337,0.993982,0.978354,0.986846,0.988930,0.983459,0.983763,1.029566,1.008085,1.000444,0.987291,1.001830,0.990991,0.989199,1.007755,1.005488,0.999842,1.042269,0.987600,1.011649,1.036042,1.025947,1.013413,1.030477,1.021132,1.009194,1.012044,1.007973,0.981950,0.922707,1.009115,1.003090,1.013954,1.053448,1.047659,1.020702,0.978736,1.043232
9.896040,1.039048,1.009352,0.993993,0.978364,0.986855,0.988939,0.983467,0.983772,1.029571,1.008095,1.000454,0.987301,1.001840,0.991000,0.989205,1.007760,1.005495,0.999851,1.042273,0.987606,1.011651,1.036041,1.025949,1.013418,1.030487,1.021140,1.009202,1.012053,1.007983,0.981982,0.922715,1.009128,1.003091,1.013963,1.053441,1.047666,1.020698,0.978746,1.043236
9.904370,1.039057,1.009367,0.994004,0.978373,0.986864,0.988948,0.983476,0.983780,1.029577,1.008106,1.000464,0.987311,1.001850,0.991009,0.989212,1.007766,1.005503,0.999860,1.042277,0.987612,1.011654,1.036042,1.025952,1.013423,1.030496,1.021149,1.009211,1.012063,1.007993,0.982014,0.922724,1.009141,1.003092,1.013972,1.053435,1.047673,1.020694,0.978756,1.043240
9.912700,1.039066,1.009383,0.994016,0.978383,0.986874,0.988958,0.983485,0.983789,1.029583,1.008117,1.000474,0.987322,1.001860,0.991019,0.989219,1.007772,1.005511,0.999870,1.042282,0.987619,1.011658,1.036042,1.025955,1.013429,1.030506,1.021159,1.009219,1.012073,1.008003,0.982047,0.922733,1.009155,1.003094,1.013982,1.053429,1.047681,1.020690,0.978766,1.043244
9.921030,1.039075,1.009399,0.994029,0.978394,0.986883,0.988968,0.983495,0.983798,1.029589,1.008128,1.000485,0.987332,1.001871,0.991029,0.989227,1.007779,1.005520,0.999880,1.042288,0.987626,1.011662,1.036044,1.025958,1.013435,1.030516,1.021169,1.009229,1.012084,1.008014,0.982079,0.922743,1.009168,1.003095,1.013992,1.053423,1.047689,1.020686,0.978777,1.043248
9.929360,1.039084,1.009415,0.994041,0.978404,0.986894,0.988978,0.983504,0.983808,1.029595,1.008139,1.000496,0.987343,1.001882,0.991039,0.989235,1.007786,1.005529,0.999890,1.042293,0.987633,1.011666,1.036045,1.025962,1.013441,1.030526,1.021179,1.009238,1.012095,1.008026,0.982112,0.922752,1.009182,1.003098,1.014002,1.053418,1.047698,1.020683,0.978789,1.043251
9.937690,1.039094,1.009431,0.994054,0.978415,0.986904,0.988989,0.983514,0.983817,1.029601,1.008151,1.000507,0.987355,1.001893,0.991050,0.989243,1.007793,1.005538,0.999901,1.042300,0.987641,1.011671,1.036047,1.025967,1.013448,1.030537,1.021190,1.009248,1.012107,1.008038,0.982146,0.922762,1.009196,1.003100,1.014013,1.053413,1.047707,1.020680,0.978801,1.043255
9.946020,1.039103,1.009448,0.994067,0.978427,0.986915,0.989000,0.983524,0.983827,1.029607,1.008163,1.000519,0.987366,1.001905,0.991061,0.989252,1.007801,1.005548,0.999912,1.042306,0.987649,1.011676,1.036049,1.025972,1.013455,1.030547,1.021201,1.009259,1.012119,1.008050,0.982179,0.922772,1.009210,1.003103,1.014024,1.053409,1.047716,1.020677,0.978814,1.043259
9.954350,1.039113,1.009465,0.994081,0.978438,0.986926,0.989011,0.983535,0.983837,1.029613,1.008175,1.000531,0.987378,1.001917,0.991073,0.989261,1.007809,1.005558,0.999923,1.042314,0.987658,1.011682,1.036052,1.025977,1.013463,1.030558,1.021212,1.009269,1.012131,1.008063,0.982213,0.922782,1.009225,1.003107,1.014036,1.053405,1.047726,1.020674,0.978827,1.043263
9.962680,1.039123,1.009482,0.994095,0.978450,0.986937,0.989022,0.983545,0.983848,1.029619,1.008187,1.000543,0.987391,1.001929,0.991084,0.989271,1.007818,1.005568,0.999935,1.042321,0.987667,1.011688,1.036055,1.025983,1.013471,1.030570,1.021224,1.009281,1.012144,1.008076,0.982247,0.922793,1.009240,1.003110,1.014048,1.053401,1.047736,1.020672,0.978840,1.043267
9.971010,1.039133,1.009500,0.994109,0.978462,0.986949,0.989034,0.983556,0.983858,1.029626,1.008200,1.000555,0.987403,1.001942,0.991096,0.989281,1.007827,1.005579,0.999947,1.042329,0.987676,1.011694,1.036059,1.025989,1.013480,1.030581,1.021236,1.009292,1.012158,1.008090,0.982281,0.922804,1.009255,1.003114,1.014060,1.053398,1.047747,1.020670,0.978855,1.043271
9.979340,1.039143,1.009518,0.994124,0.978475,0.986960,0.989045,0.983568,0.983869,1.029632,1.008213,1.000568,0.987416,1.001955,0.991109,0.989291,1.007836,1.005590,0.999960,1.042337,0.987686,1.011701,1.036063,1.025995,1.013489,1.030593,1.021249,1.009304,1.012172,1.008105,0.982315,0.922815,1.009270,1.003119,1.014073,1.053395,1.047758,1.020668,0.978869,1.043275
9.987670,1.039153,1.009536,0.994138,0.978488,0.986973,0.989058,0.983579,0.983880,1.029638,1.008227,1.000581,0.987429,1.001968,0.991121,0.989302,1.007846,1.005602,0.999973,1.042346,0.987696,1.011708,1.036067,1.026002,1.013498,1.030605,1.021262,1.009316,1.012186,1.008120,0.982349,0.922826,1.009285,1.003124,1.014087,1.053392,1.047770,1.020666,0.978884,1.043279
9.996000,1.039163,1.009554,0.994154,0.978501,0.986985,0.989070,0.983591,0.983891,1.029645,1.008240,1.000594,0.987442,1.001981,0.991134,0.989313,1.007856,1.005614,0.999986,1.042355,0.987707,1.011716,1.036072,1.026009,1.013508,1.030618,1.021275,1.009329,1.012201,1.008135,0.982384,0.922838,1.009301,1.003129,1.014100,1.053390,1.047781,1.020665,0.978900,1.043282
10.000000,1.039168,1.009563,0.994161,0.978507,0.986991,0.989076,0.983596,0.983897,1.029648,1.008247,1.000600,0.987449,1.001988,0.991141,0.989318,1.007861,1.005620,0.999992,1.042360,0.987712,1.011720,1.036075,1.026013,1.013512,1.030624,1.021282,1.009335,1.012208,1.008142,0.982401,0.922844,1.009308,1.003132,1.014107,1.053389,1.047787,1.020664,0.978907,1.043284
10.000000,1.039169,1.009563,0.994161,0.978507,0.986991,0.989076,0.983597,0.983897,1.029648,1.008247,1.000601,0.987449,1.001988,0.991141,0.989319,1.007862,1.005620,0.999993,1.042360,0.987713,1.011720,1.036075,1.026013,1.013513,1.030624,1.021282,1.009335,1.012209,1.008143,0.982401,0.922844,1.009309,1.003132,1.014107,1.053389,1.047788,1.020665,0.978908,1.043284
