Results,B01,B02,B03,B04,B05,B06,B07,B08,B09,B10,B11,B12,B13,B14,B15,B16,B17,B18,B19,B20,B21,B22,B23,B24,B25,B26,B27,B28,B29,B30,B31,B32,B33,B34,B35,B36,B37,B38,B39
Time in s,u. Magnitude in p.u.,u. Magnitude in p.u.,u. Magnitude in p.u.,u. Magnitude in p.u.,u. Magnitude in p.u.,u. Magnitude in p.u.,u. Magnitude in p.u.,u. Magnitude in p.u.,u. Magnitude in p.u.,u. Magnitude in p.u.,u. Magnitude in p.u.,u. Magnitude in p.u.,u. Magnitude in p.u.,u. Magnitude in p.u.,u. Magnitude in p.u.,u. Magnitude in p.u.,u. Magnitude in p.u.,u. Magnitude in p.u.,u. Magnitude in p.u.,u. Magnitude in p.u.,u. Magnitude in p.u.,u. Magnitude in p.u.,u. Magnitude in p.u.,u. Magnitude in p.u.,u. Magnitude in p.u.,u. Magnitude in p.u.,u. Magnitude in p.u.,u. Magnitude in p.u.,u. Magnitude in p.u.,u. Magnitude in p.u.,u. Magnitude in p.u.,u. Magnitude in p.u.,u. Magnitude in p.u.,u. Magnitude in p.u.,u. Magnitude in p.u.,u. Magnitude in p.u.,u. Magnitude in p.u.,u. Magnitude in p.u.,u. Magnitude in p.u.
0.000000,1.044499,1.039420,1.039351,1.030203,1.032608,1.032623,1.032599,1.032920,1.043348,1.032786,1.032130,1.024392,1.032720,1.034667,1.039261,1.042269,1.044733,1.043025,1.039636,0.977716,1.037135,1.032155,1.032348,1.043878,1.033208,1.050016,1.047878,1.038744,1.029140,0.998632,0.961052,0.966304,0.970401,0.972648,0.997089,1.034489,0.992069,0.983472,1.029853
0.008330,1.044499,1.039420,1.039351,1.030203,1.032608,1.032623,1.032599,1.032920,1.043348,1.032786,1.032130,1.024392,1.032720,1.034667,1.039261,1.042269,1.044733,1.043025,1.039636,0.977716,1.037135,1.032155,1.032348,1.043878,1.033208,1.050016,1.047878,1.038744,1.029140,0.998632,0.961052,0.966304,0.970401,0.972648,0.997089,1.034489,0.992069,0.983472,1.029853
0.016660,1.044499,1.039420,1.039351,1.030203,1.032608,1.032623,1.032599,1.032920,1.043348,1.032786,1.032130,1.024392,1.032720,1.034667,1.039261,1.042269,1.044733,1.043025,1.039636,0.977716,1.037135,1.032155,1.032348,1.043878,1.033208,1.050016,1.047878,1.038744,1.029140,0.998632,0.961052,0.966304,0.970401,0.972648,0.997089,1.034489,0.992069,0.983472,1.029853
0.024990,1.044499,1.039420,1.039351,1.030203,1.032608,1.032623,1.032599,1.032920,1.043348,1.032786,1.032130,1.024392,1.032720,1.034667,1.039261,1.042269,1.044733,1.043025,1.039636,0.977716,1.037135,1.032155,1.032348,1.043878,1.033208,1.050016,1.047878,1.038744,1.029140,0.998632,0.961052,0.966304,0.970401,0.972648,0.997089,1.034489,0.992069,0.983472,1.029853
0.033320,1.044499,1.039420,1.039351,1.030203,1.032608,1.032623,1.032599,1.032920,1.043348,1.032786,1.032130,1.024392,1.032720,1.034667,1.039261,1.042269,1.044733,1.043025,1.039636,0.977716,1.037135,1.032155,1.032348,1.043878,1.033208,1.050016,1.047878,1.038744,1.029140,0.998632,0.961052,0.966304,0.970401,0.972648,0.997089,1.034489,0.992069,0.983472,1.029853
0.041650,1.044499,1.039420,1.039351,1.030203,1.032608,1.032623,1.032599,1.032920,1.043348,1.032786,1.032130,1.024392,1.032720,1.034667,1.039261,1.042269,1.044733,1.043025,1.039636,0.977716,1.037135,1.032155,1.032348,1.043878,1.033208,1.050016,1.047878,1.038744,1.029140,0.998632,0.961052,0.966304,0.970401,0.972648,0.997089,1.034489,0.992069,0.983472,1.029853
0.049980,1.044499,1.039420,1.039351,1.030203,1.032608,1.032623,1.032599,1.032920,1.043348,1.032786,1.032130,1.024392,1.032720,1.034667,1.039261,1.042269,1.044733,1.043025,1.039636,0.977716,1.037135,1.032155,1.032348,1.043878,1.033208,1.050016,1.047878,1.038744,1.029140,0.998632,0.961052,0.966304,0.970401,0.972648,0.997089,1.034489,0.992069,0.983472,1.029853
0.058310,1.044499,1.039420,1.039351,1.030203,1.032608,1.032623,1.032599,1.032920,1.043348,1.032786,1.032130,1.024392,1.032720,1.034667,1.039261,1.042269,1.044733,1.043025,1.039636,0.977716,1.037135,1.032155,1.032348,1.043878,1.033208,1.050016,1.047878,1.038744,1.029140,0.998632,0.961052,0.966304,0.970401,0.972648,0.997089,1.034489,0.992069,0.983472,1.029853
0.066640,1.044499,1.039420,1.039351,1.030203,1.032608,1.032623,1.032599,1.032920,1.043348,1.032786,1.032130,1.024392,1.032720,1.034667,1.039261,1.042269,1.044733,1.043025,1.039636,0.977716,1.037135,1.032155,1.032348,1.043878,1.033208,1.050016,1.047878,1.038744,1.029140,0.998632,0.961052,0.966304,0.970401,0.972648,0.997089,1.034489,0.992069,0.983472,1.029853
0.074970,1.044499,1.039420,1.039351,1.030203,1.032608,1.032623,1.032599,1.032920,1.043348,1.032786,1.032130,1.024392,1.032720,1.034667,1.039261,1.042269,1.044733,1.043025,1.039636,0.977716,1.037135,1.032155,1.032348,1.043878,1.033208,1.050016,1.047878,1.038744,1.029140,0.998632,0.961052,0.966304,0.970401,0.972648,0.997089,1.034489,0.992069,0.983472,1.029853
0.083300,1.044499,1.039420,1.039351,1.030203,1.032608,1.032623,1.032599,1.032920,1.043348,1.032786,1.032130,1.024392,1.032720,1.034667,1.039261,1.042269,1.044733,1.043025,1.039636,0.977716,1.037135,1.032155,1.032348,1.043878,1.033208,1.050016,1.047878,1.038744,1.029140,0.998632,0.961052,0.966304,0.970401,0.972648,0.997089,1.034489,0.992069,0.983472,1.029853
0.091630,1.044499,1.039420,1.039351,1.030203,1.032608,1.032623,1.032599,1.032920,1.043348,1.032786,1.032130,1.024392,1.032720,1.034667,1.039261,1.042269,1.044733,1.043025,1.039636,0.977716,1.037135,1.032155,1.032348,1.043878,1.033208,1.050016,1.047878,1.038744,1.029140,0.998632,0.961052,0.966304,0.970401,0.972648,0.997089,1.034489,0.992069,0.983472,1.029853
0.099960,1.044499,1.039420,1.039351,1.030203,1.032608,1.032623,1.032599,1.032920,1.043348,1.032786,1.032130,1.024392,1.032720,1.034667,1.039261,1.042269,1.044733,1.043025,1.039636,0.977716,1.037135,1.032155,1.032348,1.043878,1.033208,1.050016,1.047878,1.038744,1.029140,0.998632,0.961052,0.966304,0.970401,0.972648,0.997089,1.034489,0.992069,0.983472,1.029853
0.108290,1.044499,1.039420,1.039351,1.030203,1.032608,1.032623,1.032599,1.032920,1.043348,1.032786,1.032130,1.024392,1.032720,1.034667,1.039261,1.042269,1.044733,1.043025,1.039636,0.977716,1.037135,1.032155,1.032348,1.043878,1.033208,1.050016,1.047878,1.038744,1.029140,0.998632,0.961052,0.966304,0.970401,0.972648,0.997089,1.034489,0.992069,0.983472,1.029853
0.116620,0.296854,0.594738,0.711259,0.793217,0.806556,0.808424,0.808567,0.808889,0.803841,0.810610,0.809231,0.800780,0.809447,0.808863,0.828562,0.835178,0.793479,0.762377,0.873160,0.838580,0.846975,0.859535,0.861261,0.849092,0.641066,0.757167,0.774189,0.797062,0.800326,0.755924,0.766923,0.768040,0.828377,0.849145,0.845402,0.887098,0.664769,0.792553,0.784416
0.124950,0.291968,0.572688,0.679534,0.754326,0.769064,0.770858,0.772155,0.773043,0.781308,0.772200,0.771091,0.762282,0.770760,0.769479,0.787272,0.793494,0.755740,0.726926,0.827378,0.794672,0.804685,0.816668,0.817518,0.806247,0.615661,0.725034,0.739477,0.764737,0.769183,0.738552,0.729742,0.732175,0.783480,0.804832,0.804517,0.840720,0.635170,0.764012,0.771505
0.133280,0.288276,0.556789,0.657295,0.727408,0.743113,0.744867,0.746920,0.748177,0.765189,0.745626,0.744706,0.735694,0.744008,0.742270,0.758893,0.764928,0.729648,0.702299,0.797086,0.765310,0.775626,0.787140,0.787807,0.776798,0.597418,0.702344,0.715224,0.741752,0.746911,0.725163,0.704268,0.707278,0.754863,0.775292,0.775640,0.810682,0.613823,0.743378,0.761749
0.141610,0.285450,0.544629,0.640589,0.707404,0.723871,0.725609,0.728206,0.729729,0.753085,0.725921,0.725147,0.716000,0.724167,0.722073,0.737842,0.743750,0.710206,0.683897,0.775078,0.743986,0.754028,0.765139,0.765842,0.754926,0.583541,0.685248,0.697051,0.724380,0.730035,0.714413,0.685599,0.688813,0.734399,0.754011,0.753810,0.789032,0.597696,0.727666,0.754280
0.149940,0.283282,0.534884,0.627321,0.691601,0.708738,0.710475,0.713501,0.715233,0.743653,0.710422,0.709768,0.700520,0.708552,0.706153,0.721258,0.727078,0.694857,0.669339,0.758001,0.727472,0.737004,0.747779,0.748584,0.737681,0.572481,0.671689,0.682670,0.710589,0.716635,0.705522,0.671071,0.674313,0.718672,0.737637,0.736454,0.772271,0.585009,0.715180,0.748551
0.158270,0.281630,0.526763,0.616273,0.678451,0.696222,0.697967,0.701363,0.703274,0.736086,0.697599,0.697050,0.687718,0.695622,0.692941,0.707495,0.713250,0.682117,0.657242,0.743943,0.713910,0.722886,0.733388,0.734299,0.723354,0.563306,0.660451,0.670742,0.699175,0.705560,0.697995,0.659157,0.662351,0.705773,0.724268,0.722042,0.758495,0.574652,0.704885,0.744186
0.166600,0.280396,0.519818,0.606788,0.667125,0.685519,0.687280,0.691009,0.693083,0.729915,0.686627,0.686172,0.676766,0.684548,0.681598,0.695683,0.701393,0.671197,0.646868,0.731959,0.702354,0.710799,0.721084,0.722096,0.711046,0.555483,0.650858,0.660540,0.689453,0.696148,0.691524,0.649039,0.652145,0.694824,0.712923,0.709726,0.746801,0.565955,0.696167,0.740926
0.174930,0.279507,0.513762,0.598462,0.657135,0.676153,0.677933,0.681978,0.684205,0.724838,0.677015,0.676647,0.667173,0.674836,0.671623,0.685288,0.690965,0.661607,0.637758,0.721438,0.692200,0.700188,0.710302,0.711402,0.700197,0.548671,0.642483,0.651607,0.680993,0.687977,0.685900,0.640228,0.643229,0.685232,0.702985,0.698954,0.736594,0.558483,0.688632,0.738576
0.183260,0.278907,0.508425,0.591067,0.648221,0.667863,0.669665,0.674012,0.676387,0.720664,0.668491,0.668208,0.658668,0.666215,0.662744,0.676018,0.681666,0.653073,0.629657,0.712059,0.683132,0.690744,0.700723,0.701900,0.690503,0.542664,0.635078,0.643683,0.673538,0.680794,0.680979,0.632459,0.635343,0.676698,0.694129,0.689402,0.727558,0.551961,0.682035,0.736992
0.191590,0.278554,0.503692,0.584460,0.640227,0.660490,0.662315,0.666956,0.669474,0.717259,0.660894,0.660692,0.651089,0.658521,0.654797,0.667695,0.673315,0.645426,0.622405,0.703627,0.674954,0.682275,0.692143,0.693390,0.681776,0.537327,0.628480,0.636604,0.666920,0.674429,0.676655,0.625567,0.628329,0.669038,0.686158,0.680858,0.719491,0.546206,0.676211,0.736058
0.199920,0.970216,0.867887,0.851722,0.832994,0.846766,0.847122,0.852852,0.855982,0.929133,0.842795,0.843565,0.833781,0.840963,0.838475,0.837188,0.839228,0.848164,0.849814,0.835295,0.783858,0.833896,0.828899,0.828906,0.837172,0.856857,0.865440,0.857769,0.861487,0.858677,0.873767,0.785307,0.790543,0.780652,0.781884,0.799968,0.835072,0.811793,0.829705,0.961133
0.208250,0.985920,0.893549,0.881288,0.865345,0.878167,0.878565,0.883526,0.886281,0.950993,0.874698,0.875323,0.865784,0.873045,0.870997,0.870585,0.872813,0.880051,0.880823,0.871197,0.817653,0.867463,0.862400,0.863167,0.871138,0.883413,0.894367,0.888056,0.889320,0.885376,0.890892,0.816195,0.820200,0.815784,0.815726,0.831248,0.871220,0.839664,0.853702,0.976689
0.216580,0.998704,0.912159,0.902267,0.888070,0.900310,0.900728,0.905236,0.907770,0.967473,0.897131,0.897670,0.888277,0.895577,0.893772,0.893719,0.895966,0.902288,0.902585,0.895046,0.840289,0.890642,0.885573,0.886550,0.894578,0.902578,0.914959,0.909407,0.909262,0.904606,0.903948,0.837736,0.841110,0.838302,0.838382,0.853414,0.894860,0.859882,0.871167,0.989354
0.224910,1.009356,0.926477,0.918177,0.905147,0.916980,0.917402,0.921622,0.924015,0.980504,0.913979,0.914463,0.905168,0.912492,0.910852,0.910967,0.913190,0.918952,0.918966,0.912385,0.856707,0.907924,0.902889,0.903891,0.912013,0.917215,0.930562,0.925501,0.924410,0.919257,0.914406,0.853772,0.856812,0.854417,0.854708,0.870221,0.911987,0.875226,0.884549,0.999906
0.233240,1.018363,0.937998,0.930882,0.918723,0.930226,0.930642,0.934660,0.936954,0.991171,0.927339,0.927785,0.918564,0.925906,0.924397,0.924585,0.926764,0.932144,0.931975,0.925833,0.869391,0.921558,0.916562,0.917529,0.925753,0.928896,0.942969,0.938274,0.936461,0.930925,0.923080,0.866385,0.869239,0.866802,0.867248,0.883591,0.925282,0.887313,0.895228,1.008829
0.241570,1.026053,0.947565,0.941407,0.929973,0.941176,0.941579,0.945444,0.947662,1.000111,0.938367,0.938784,0.929623,0.936981,0.935590,0.935803,0.937929,0.943016,0.942718,0.936795,0.879706,0.932768,0.927799,0.928719,0.937064,0.938520,0.953187,0.948798,0.946381,0.940526,0.930433,0.876721,0.879465,0.876845,0.877402,0.894601,0.936110,0.897116,0.904014,1.016447
0.249900,1.032660,0.955655,0.950315,0.939532,0.950450,0.950837,0.954576,0.956732,1.007714,0.947696,0.948091,0.938982,0.946355,0.945074,0.945290,0.947358,0.952198,0.951798,0.946014,0.888383,0.942219,0.937257,0.938133,0.946629,0.946605,0.961787,0.957670,0.954724,0.948593,0.936738,0.885404,0.888089,0.885261,0.885921,0.903861,0.945175,0.905230,0.911384,1.022992
0.258230,1.038358,0.962545,0.957918,0.947744,0.958390,0.958758,0.962395,0.964500,1.014230,0.955678,0.956053,0.946991,0.954378,0.953198,0.953401,0.955410,0.960032,0.959546,0.953871,0.895797,0.950271,0.945296,0.946135,0.954812,0.953456,0.969094,0.965223,0.961812,0.955438,0.942157,0.892774,0.895446,0.892407,0.893190,0.911714,0.952845,0.912022,0.917629,1.028637
0.266560,1.043290,0.968429,0.964432,0.954840,0.965233,0.965580,0.969132,0.971196,1.019847,0.962551,0.962910,0.953890,0.961289,0.960203,0.960389,0.962342,0.966760,0.966195,0.960652,0.902217,0.957183,0.952182,0.952994,0.961872,0.959287,0.975338,0.971692,0.967868,0.961282,0.946810,0.899066,0.901766,0.898573,0.899480,0.918417,0.959410,0.917753,0.922951,1.033523
0.274890,1.047569,0.973443,0.970002,0.960968,0.971130,0.971455,0.974941,0.976972,1.024704,0.968472,0.968817,0.959834,0.967243,0.966241,0.966409,0.968312,0.972538,0.971895,0.966525,0.907801,0.963119,0.958083,0.958878,0.967965,0.964249,0.980672,0.977231,0.973043,0.966273,0.950785,0.904435,0.907201,0.903918,0.904949,0.924137,0.965044,0.922605,0.927491,1.037761
0.283220,1.051282,0.977680,0.974722,0.966217,0.976178,0.976482,0.979918,0.981924,1.028897,0.973537,0.973870,0.964921,0.972338,0.971407,0.971558,0.973418,0.977463,0.976744,0.971580,0.912630,0.968183,0.963108,0.963895,0.973186,0.968442,0.985199,0.981940,0.977440,0.970513,0.954148,0.908980,0.911846,0.908527,0.909679,0.928990,0.969853,0.926705,0.931347,1.041440
0.291550,1.054503,0.981225,0.978678,0.970663,0.980453,0.980738,0.984139,0.986129,1.032501,0.977826,0.978148,0.969227,0.976650,0.975778,0.975918,0.977742,0.981619,0.980824,0.975896,0.916773,0.972463,0.967349,0.968134,0.977618,0.971954,0.989007,0.985907,0.981146,0.974090,0.956965,0.912783,0.915777,0.912475,0.913738,0.933071,0.973928,0.930155,0.934603,1.044631
0.299880,1.057291,0.984153,0.981945,0.974370,0.984023,0.984291,0.987671,0.989651,1.035576,0.981405,0.981720,0.972822,0.980249,0.979424,0.979558,0.981358,0.985082,0.984213,0.979540,0.920289,0.976036,0.970888,0.971676,0.981330,0.974864,0.992175,0.989208,0.984242,0.977082,0.959295,0.915920,0.919060,0.915821,0.917184,0.936469,0.977346,0.933040,0.937334,1.047393
0.308210,1.059697,0.986544,0.984606,0.977411,0.986960,0.987213,0.990583,0.992559,1.038177,0.984349,0.984656,0.975779,0.983208,0.982419,0.982557,0.984342,0.987930,0.986991,0.982578,0.923235,0.978984,0.973808,0.974601,0.984399,0.977252,0.994787,0.991925,0.986809,0.979569,0.961203,0.918467,0.921763,0.918623,0.920072,0.939270,0.980182,0.935442,0.939617,1.049776
0.316540,1.061765,0.988487,0.986755,0.979875,0.989346,0.989586,0.992956,0.994932,1.040358,0.986742,0.987043,0.978182,0.985612,0.984851,0.985003,0.986783,0.990255,0.989249,0.985088,0.925678,0.981395,0.976200,0.976998,0.986911,0.979202,0.996931,0.994149,0.988936,0.981638,0.962760,0.920512,0.923965,0.920947,0.922472,0.941567,0.982516,0.937439,0.941528,1.051825
0.324870,1.063539,0.990072,0.988494,0.981866,0.991279,0.991509,0.994882,0.996860,1.042179,0.988682,0.988977,0.980129,0.987561,0.986822,0.986997,0.988782,0.992155,0.991088,0.987158,0.927701,0.983373,0.978166,0.978967,0.988970,0.980807,0.998703,0.995976,0.990719,0.983378,0.964036,0.922152,0.925754,0.922870,0.924460,0.943461,0.984440,0.939115,0.943151,1.053582
0.333200,1.065059,0.991394,0.989928,0.983495,0.992862,0.993083,0.996461,0.998441,1.043700,0.990274,0.990562,0.981726,0.989160,0.988440,0.988648,0.990442,0.993736,0.992613,0.988883,0.929389,0.985020,0.979808,0.980610,0.990680,0.982156,1.000201,0.997509,0.992249,0.984879,0.965103,0.923487,0.927225,0.924475,0.926124,0.945051,0.986047,0.940550,0.944565,1.055088
0.341530,1.066362,0.992539,0.991158,0.984874,0.994198,0.994410,0.997790,0.999772,1.044981,0.991620,0.991902,0.983077,0.990513,0.989812,0.990060,0.991870,0.995099,0.993926,0.990362,0.930836,0.986440,0.981229,0.982029,0.992150,0.983336,1.001517,0.998843,0.993614,0.986223,0.966027,0.924614,0.928472,0.925850,0.927553,0.946437,0.987430,0.941820,0.945844,1.056379
0.349860,1.067481,0.993581,0.992271,0.986099,0.995375,0.995581,0.998957,1.000937,1.046074,0.992811,0.993086,0.984272,0.991713,0.991034,0.991328,0.993157,0.996333,0.995114,0.991685,0.932125,0.987725,0.982517,0.983312,0.993475,0.984420,1.002729,1.000062,0.994888,0.987481,0.966862,0.925617,0.929577,0.927074,0.928829,0.947701,0.988673,0.942990,0.947049,1.057488
0.358190,1.068447,0.994578,0.993336,0.987251,0.996467,0.996666,1.000032,1.002006,1.047025,0.993922,0.994188,0.985386,0.992834,0.992181,0.992529,0.994379,0.997509,0.996248,0.992928,0.933332,0.988948,0.983745,0.984532,0.994732,0.985465,1.003900,1.001234,0.996129,0.988707,0.967650,0.926561,0.930607,0.928219,0.930027,0.948912,0.989847,0.944109,0.948230,1.058444
0.366520,1.069282,0.995566,0.994395,0.988381,0.997524,0.997717,1.001063,1.003027,1.047870,0.995003,0.995259,0.986470,0.993927,0.993305,0.993714,0.995587,0.998677,0.997375,0.994145,0.934510,0.990159,0.984961,0.985739,0.995974,0.986509,1.005070,1.002401,0.997372,0.989936,0.968421,0.927492,0.931608,0.929333,0.931197,0.950114,0.990997,0.945214,0.949415,1.059271
0.374850,1.070006,0.996566,0.995473,0.989522,0.998576,0.998763,1.002081,1.004031,1.048634,0.996084,0.996328,0.987553,0.995021,0.994438,0.994914,0.996811,0.999862,0.998520,0.995371,0.935695,0.991386,0.986193,0.986959,0.997234,0.987573,1.006262,1.003589,0.998638,0.991188,0.969191,0.928433,0.932606,0.930450,0.932376,0.951333,0.992152,0.946324,0.950622,1.059989
0.383180,1.070636,0.997582,0.996574,0.990683,0.999634,0.999815,1.003098,1.005030,1.049333,0.997175,0.997405,0.988647,0.996128,0.995587,0.996136,0.998060,1.001072,0.999689,0.996617,0.936901,0.992637,0.987447,0.988202,0.998520,0.988661,1.007480,1.004802,0.999931,0.992464,0.969964,0.929390,0.933611,0.931580,0.933577,0.952573,0.993320,0.947446,0.951851,1.060613
0.391510,1.071184,0.998609,0.997693,0.991860,1.000697,1.000871,1.004113,1.006024,1.049977,0.998274,0.998490,0.989750,0.997245,0.996751,0.997379,0.999331,1.002303,1.000878,0.997886,0.938132,0.993909,0.988720,0.989463,0.999830,0.989770,1.008720,1.006037,1.001243,0.993761,0.970738,0.930362,0.934622,0.932730,0.934803,0.953831,0.994502,0.948578,0.953100,1.061156
0.399840,1.071660,0.999634,0.998814,0.993039,1.001753,1.001921,1.005117,1.007006,1.050571,0.999370,0.999571,0.990850,0.998361,0.997916,0.998627,1.000608,1.003540,1.002071,0.999167,0.939378,0.995187,0.989998,0.990729,1.001149,0.990888,1.009967,1.007279,1.002563,0.995065,0.971507,0.931333,0.935629,0.933890,0.936045,0.955092,0.995682,0.949714,0.954354,1.061627
0.408170,1.072071,1.000643,0.999919,0.994202,1.002790,1.002951,1.006099,1.007963,1.051118,1.000448,1.000632,0.991931,0.999458,0.999064,0.999862,1.001874,1.004765,1.003251,1.000441,0.940622,0.996451,0.991261,0.991980,1.002458,0.992001,1.011206,1.008510,1.003874,0.996361,0.972262,0.932290,0.936617,0.935043,0.937285,0.956336,0.996846,0.950842,0.955602,1.062034
0.416500,1.072424,1.001620,1.000990,0.995329,1.003790,1.003945,1.007043,1.008883,1.051617,1.001490,1.001658,0.992976,1.000519,1.000176,1.001063,1.003108,1.005957,1.004397,1.001688,0.941845,0.997682,0.992489,0.993196,1.003734,0.993093,1.012419,1.009712,1.005160,0.997633,0.972992,0.933216,0.937573,0.936173,0.938505,0.957545,0.997974,0.951951,0.956828,1.062384
0.424830,1.072724,1.002555,1.002011,0.996404,1.004740,1.004888,1.007938,1.009753,1.052068,1.002482,1.002634,0.993972,1.001530,1.001237,1.002213,1.004291,1.007101,1.005495,1.002891,0.943029,0.998862,0.993665,0.994360,1.004959,0.994154,1.013591,1.010870,1.006407,0.998867,0.973692,0.934098,0.938482,0.937264,0.939685,0.958703,0.999052,0.953031,0.958020,1.062681
0.433160,1.072974,1.003437,1.002971,0.997413,1.005629,1.005772,1.008774,1.010565,1.052471,1.003413,1.003549,0.994905,1.002479,1.002234,1.003299,1.005411,1.008184,1.006532,1.004034,0.944158,0.999976,0.994776,0.995459,1.006119,0.995171,1.014712,1.011971,1.007603,1.000053,0.974355,0.934926,0.939335,0.938302,0.940812,0.959797,1.000066,0.954074,0.959168,1.062929
0.441490,1.073179,1.004262,1.003863,0.998348,1.006450,1.006588,1.009544,1.011313,1.052826,1.004274,1.004395,0.995770,1.003358,1.003158,1.004311,1.006457,1.009197,1.007499,1.005107,0.945221,1.001017,0.995813,0.996484,1.007204,0.996141,1.015772,1.013007,1.008739,1.001182,0.974980,0.935694,0.940125,0.939276,0.941873,0.960819,1.001009,0.955074,0.960264,1.063132
0.449820,1.073341,1.005030,1.004687,0.999206,1.007202,1.007336,1.010248,1.011994,1.053132,1.005065,1.005171,0.996563,1.004165,1.004008,1.005247,1.007427,1.010137,1.008395,1.006105,0.946213,1.001982,0.996775,0.997433,1.008209,0.997060,1.016770,1.013976,1.009813,1.002250,0.975566,0.936402,0.940850,0.940182,0.942862,0.961768,1.001877,0.956031,0.961302,1.063292
0.458150,1.073464,1.005743,1.005446,0.999990,1.007886,1.008016,1.010886,1.012612,1.053393,1.005787,1.005879,0.997288,1.004902,1.004785,1.006107,1.008321,1.011006,1.009223,1.007026,0.947130,1.002872,0.997661,0.998307,1.009137,0.997930,1.017706,1.014878,1.010824,1.003256,0.976117,0.937052,0.941511,0.941019,0.943777,0.962646,1.002673,0.956944,0.962283,1.063414
0.466480,1.073551,1.006408,1.006145,1.000707,1.008509,1.008636,1.011465,1.013170,1.053612,1.006446,1.006525,0.997948,1.005575,1.005496,1.006899,1.009146,1.011811,1.009987,1.007876,0.947976,1.003693,0.998479,0.999112,1.009992,0.998756,1.018586,1.015720,1.011777,1.004205,0.976636,0.937651,0.942116,0.941790,0.944621,0.963459,1.003402,0.957818,0.963209,1.063500
0.474810,1.073605,1.007033,1.006796,1.001365,1.009078,1.009203,1.011992,1.013678,1.053793,1.007051,1.007117,0.998555,1.006193,1.006150,1.007630,1.009911,1.012559,1.010699,1.008661,0.948759,1.004454,0.999238,0.999858,1.010784,0.999545,1.019416,1.016510,1.012676,1.005102,0.977130,0.938206,0.942670,0.942501,0.945402,0.964215,1.004071,0.958658,0.964085,1.063554
0.483140,1.073630,1.007626,1.007407,1.001975,1.009605,1.009727,1.012478,1.014144,1.053942,1.007611,1.007665,0.999117,1.006767,1.006757,1.008313,1.010625,1.013261,1.011367,1.009392,0.949486,1.005166,0.999948,1.000554,1.011523,1.000304,1.020205,1.017256,1.013532,1.005955,0.977605,0.938728,0.943184,0.943162,0.946127,0.964925,1.004691,0.959469,0.964917,1.063578
0.491470,1.073628,1.008196,1.007990,1.002551,1.010100,1.010220,1.012931,1.014579,1.054065,1.008138,1.008180,0.999646,1.007306,1.007329,1.008958,1.011301,1.013928,1.012002,1.010079,0.950168,1.005839,1.000621,1.001211,1.012222,1.001040,1.020962,1.017968,1.014350,1.006770,0.978066,0.939226,0.943667,0.943782,0.946806,0.965600,1.005272,0.960259,0.965712,1.063576
0.499800,1.073603,1.008751,1.008554,1.003101,1.010571,1.010690,1.013363,1.014991,1.054166,1.008642,1.008673,1.000151,1.007822,1.007877,1.009576,1.011948,1.014570,1.012614,1.010733,0.950815,1.006485,1.001264,1.001839,1.012891,1.001762,1.021694,1.018656,1.015139,1.007555,0.978519,0.939708,0.944127,0.944370,0.947449,0.966247,1.005823,0.961032,0.966476,1.063552
0.508130,1.073559,1.009295,1.009106,1.003636,1.011028,1.011146,1.013780,1.015389,1.054253,1.009131,1.009150,1.000641,1.008322,1.008409,1.010175,1.012575,1.015194,1.013211,1.011362,0.951436,1.007110,1.001888,1.002447,1.013538,1.002473,1.022409,1.019326,1.015904,1.008315,0.978966,0.940183,0.944574,0.944934,0.948065,0.966876,1.006352,0.961793,0.967213,1.063508
0.516460,1.073498,1.009834,1.009651,1.004161,1.011478,1.011595,1.014190,1.015779,1.054328,1.009611,1.009620,1.001122,1.008814,1.008931,1.010762,1.013189,1.015806,1.013798,1.011974,0.952037,1.007722,1.002498,1.003041,1.014171,1.003177,1.023111,1.019984,1.016650,1.009055,0.979411,0.940654,0.945012,0.945482,0.948661,0.967491,1.006865,0.962545,0.967927,1.063448
0.524790,1.073422,1.010370,1.010194,1.004683,1.011925,1.012041,1.014596,1.016166,1.054397,1.010087,1.010086,1.001600,1.009302,1.009449,1.011343,1.013794,1.016411,1.014379,1.012575,0.952626,1.008325,1.003098,1.003625,1.014794,1.003876,1.023802,1.020633,1.017379,1.009777,0.979855,0.941126,0.945445,0.946018,0.949242,0.968096,1.007366,0.963290,0.968621,1.063373
0.533120,1.073335,1.010902,1.010735,1.005202,1.012371,1.012487,1.015003,1.016553,1.054463,1.010563,1.010551,1.002077,1.009789,1.009965,1.011918,1.014393,1.017009,1.014956,1.013166,0.953203,1.008921,1.003691,1.004200,1.015410,1.004572,1.024484,1.021274,1.018093,1.010482,0.980298,0.941601,0.945878,0.946545,0.949811,0.968693,1.007858,0.964027,0.969296,1.063287
0.541450,1.073238,1.011432,1.011274,1.005722,1.012819,1.012933,1.015411,1.016942,1.054528,1.011038,1.011017,1.002554,1.010275,1.010480,1.012489,1.014985,1.017603,1.015529,1.013749,0.953771,1.009510,1.004275,1.004768,1.016018,1.005261,1.025157,1.021907,1.018791,1.011170,0.980739,0.942079,0.946309,0.947065,0.950368,0.969282,1.008340,0.964757,0.969951,1.063190
0.549780,1.073133,1.011958,1.011811,1.006239,1.013267,1.013382,1.015821,1.017333,1.054594,1.011513,1.011483,1.003031,1.010761,1.010993,1.013054,1.015571,1.018189,1.016097,1.014324,0.954330,1.010092,1.004851,1.005327,1.016620,1.005944,1.025818,1.022532,1.019473,1.011841,0.981176,0.942558,0.946740,0.947576,0.950915,0.969861,1.008813,0.965477,0.970586,1.063086
0.558110,1.073020,1.012478,1.012343,1.006755,1.013716,1.013830,1.016232,1.017726,1.054662,1.011988,1.011949,1.003507,1.011245,1.011504,1.013614,1.016148,1.018768,1.016658,1.014890,0.954878,1.010664,1.005417,1.005876,1.017212,1.006618,1.026468,1.023146,1.020137,1.012492,0.981609,0.943039,0.947169,0.948080,0.951449,0.970430,1.009274,0.966187,0.971200,1.062975
0.566440,1.072902,1.012991,1.012870,1.007267,1.014164,1.014278,1.016644,1.018120,1.054732,1.012460,1.012413,1.003981,1.011727,1.012011,1.014166,1.016716,1.019337,1.017211,1.015444,0.955415,1.011226,1.005972,1.006414,1.017794,1.007281,1.027103,1.023749,1.020782,1.013124,0.982037,0.943519,0.947596,0.948574,0.951969,0.970987,1.009723,0.966884,0.971792,1.062857
0.574770,1.072778,1.013495,1.013389,1.007774,1.014611,1.014725,1.017055,1.018514,1.054805,1.012929,1.012874,1.004452,1.012205,1.012513,1.014709,1.017272,1.019895,1.017755,1.015987,0.955937,1.011776,1.006513,1.006939,1.018363,1.007931,1.027723,1.024338,1.021407,1.013734,0.982457,0.943997,0.948020,0.949057,0.952474,0.971530,1.010159,0.967567,0.972362,1.062735
0.583100,1.072650,1.013991,1.013901,1.008275,1.015055,1.015169,1.017466,1.018907,1.054881,1.013394,1.013333,1.004919,1.012679,1.013009,1.015242,1.017816,1.020442,1.018288,1.016516,0.956446,1.012312,1.007041,1.007449,1.018919,1.008567,1.028327,1.024913,1.022011,1.014323,0.982869,0.944473,0.948440,0.949528,0.952963,0.972059,1.010580,0.968236,0.972908,1.062607
0.591430,1.072517,1.014477,1.014404,1.008770,1.015496,1.015610,1.017875,1.019300,1.054960,1.013855,1.013787,1.005382,1.013148,1.013498,1.015764,1.018348,1.020976,1.018811,1.017031,0.956939,1.012835,1.007554,1.007946,1.019462,1.009189,1.028914,1.025473,1.022594,1.014891,0.983273,0.944945,0.948855,0.949987,0.953434,0.972573,1.010986,0.968889,0.973433,1.062476
0.599760,1.072381,1.014954,1.014899,1.009259,1.015935,1.016049,1.018283,1.019692,1.055043,1.014311,1.014238,1.005840,1.013612,1.013982,1.016275,1.018866,1.021498,1.019323,1.017532,0.957416,1.013345,1.008054,1.008428,1.019991,1.009796,1.029485,1.026020,1.023158,1.015438,0.983668,0.945414,0.949268,0.950433,0.953888,0.973072,1.011378,0.969527,0.973936,1.062341
0.608090,1.072242,1.015423,1.015388,1.009742,1.016371,1.016486,1.018690,1.020084,1.055130,1.014765,1.014686,1.006296,1.014073,1.014460,1.016777,1.019373,1.022008,1.019825,1.018019,0.957878,1.013842,1.008540,1.008897,1.020507,1.010388,1.030040,1.026552,1.023702,1.015965,0.984055,0.945880,0.949677,0.950868,0.954324,0.973558,1.011756,0.970150,0.974418,1.062203
0.616420,1.072100,1.015884,1.015870,1.010221,1.016807,1.016922,1.019097,1.020477,1.055220,1.015215,1.015132,1.006748,1.014530,1.014933,1.017271,1.019870,1.022509,1.020319,1.018495,0.958326,1.014329,1.009014,1.009354,1.021011,1.010966,1.030581,1.027072,1.024228,1.016474,0.984434,0.946343,0.950084,0.951293,0.954744,0.974032,1.012122,0.970759,0.974881,1.062063
0.624750,1.071955,1.016340,1.016348,1.010697,1.017242,1.017358,1.019505,1.020872,1.055315,1.015665,1.015577,1.007200,1.014986,1.015404,1.017758,1.020357,1.023001,1.020805,1.018959,0.958760,1.014805,1.009477,1.009800,1.021505,1.011531,1.031108,1.027582,1.024739,1.016967,0.984806,0.946805,0.950490,0.951707,0.955150,0.974495,1.012476,0.971354,0.975328,1.061919
0.633080,1.071808,1.016790,1.016822,1.011171,1.017678,1.017795,1.019915,1.021268,1.055415,1.016114,1.016022,1.007651,1.015440,1.015872,1.018238,1.020836,1.023485,1.021286,1.019412,0.959182,1.015272,1.009931,1.010237,1.021990,1.012083,1.031624,1.028081,1.025234,1.017444,0.985171,0.947267,0.950896,0.952111,0.955540,0.974948,1.012820,0.971936,0.975758,1.061774
0.641410,1.071660,1.017237,1.017295,1.011646,1.018117,1.018234,1.020329,1.021669,1.055520,1.016565,1.016470,1.008104,1.015896,1.016341,1.018715,1.021310,1.023964,1.021763,1.019859,0.959596,1.015734,1.010379,1.010667,1.022469,1.012624,1.032130,1.028573,1.025717,1.017908,0.985530,0.947729,0.951304,0.952512,0.955920,0.975394,1.013156,0.972507,0.976175,1.061627
0.649740,1.071510,1.017682,1.017767,1.012122,1.018558,1.018677,1.020746,1.022074,1.055630,1.017017,1.016919,1.008559,1.016354,1.016810,1.019189,1.021778,1.024438,1.022236,1.020299,0.960000,1.016190,1.010820,1.011090,1.022942,1.013155,1.032626,1.029058,1.026188,1.018361,0.985883,0.948192,0.951714,0.952907,0.956289,0.975833,1.013485,0.973067,0.976580,1.061478
0.658070,1.071358,1.018124,1.018239,1.012599,1.019004,1.019123,1.021168,1.022485,1.055746,1.017473,1.017373,1.009016,1.016814,1.017281,1.019662,1.022243,1.024909,1.022708,1.020733,0.960397,1.016641,1.011256,1.011509,1.023411,1.013675,1.033114,1.029537,1.026649,1.018803,0.986230,0.948656,0.952128,0.953296,0.956648,0.976266,1.013808,0.973617,0.976974,1.061328
0.666400,1.071206,1.018564,1.018712,1.013079,1.019454,1.019573,1.021595,1.022900,1.055868,1.017932,1.017829,1.009478,1.017278,1.017755,1.020133,1.022705,1.025377,1.023178,1.021163,0.960787,1.017089,1.011687,1.011923,1.023875,1.014186,1.033595,1.030011,1.027101,1.019235,0.986572,0.949122,0.952545,0.953682,0.956999,0.976695,1.014126,0.974157,0.977358,1.061177
0.674730,1.071052,1.019003,1.019185,1.013562,1.019907,1.020028,1.022028,1.023321,1.055996,1.018395,1.018290,1.009942,1.017744,1.018230,1.020603,1.023164,1.025843,1.023646,1.021588,0.961171,1.017533,1.012114,1.012332,1.024337,1.014687,1.034069,1.030480,1.027543,1.019659,0.986908,0.949590,0.952966,0.954064,0.957342,0.977119,1.014438,0.974687,0.977733,1.061025
0.683060,1.070897,1.019440,1.019659,1.014047,1.020365,1.020486,1.022464,1.023747,1.056129,1.018861,1.018754,1.010410,1.018214,1.018708,1.021072,1.023621,1.026305,1.024113,1.022009,0.961550,1.017974,1.012538,1.012738,1.024795,1.015177,1.034535,1.030945,1.027978,1.020074,0.987238,0.950058,0.953391,0.954443,0.957678,0.977539,1.014746,0.975207,0.978100,1.060872
0.691390,1.070742,1.019876,1.020134,1.014535,1.020827,1.020949,1.022906,1.024178,1.056267,1.019330,1.019221,1.010882,1.018686,1.019187,1.021541,1.024075,1.026766,1.024579,1.022428,0.961923,1.018412,1.012958,1.013140,1.025250,1.015658,1.034995,1.031404,1.028405,1.020482,0.987563,0.950528,0.953819,0.954820,0.958006,0.977955,1.015050,0.975717,0.978459,1.060717
0.699720,1.070584,1.020308,1.020607,1.015023,1.021291,1.021413,1.023350,1.024612,1.056410,1.019801,1.019690,1.011354,1.019160,1.019668,1.022007,1.024525,1.027223,1.025042,1.022839,0.962289,1.018846,1.013372,1.013537,1.025701,1.016127,1.035446,1.031858,1.028823,1.020881,0.987880,0.950997,0.954249,0.955190,0.958326,0.978365,1.015347,0.976217,0.978810,1.060562
0.708050,1.070426,1.020738,1.021080,1.015512,1.021756,1.021879,1.023796,1.025049,1.056555,1.020273,1.020161,1.011828,1.019635,1.020148,1.022471,1.024970,1.027675,1.025502,1.023245,0.962649,1.019274,1.013782,1.013928,1.026147,1.016585,1.035890,1.032306,1.029233,1.021271,0.988191,0.951464,0.954682,0.955556,0.958638,0.978770,1.015638,0.976705,0.979153,1.060404
0.716380,1.070265,1.021164,1.021551,1.016001,1.022223,1.022346,1.024244,1.025487,1.056704,1.020745,1.020632,1.012303,1.020110,1.020628,1.022932,1.025412,1.028124,1.025960,1.023647,0.963002,1.019699,1.014187,1.014315,1.026588,1.017032,1.036326,1.032748,1.029634,1.021654,0.988495,0.951930,0.955115,0.955918,0.958942,0.979170,1.015924,0.977182,0.979489,1.060245
0.724710,1.070103,1.021586,1.022019,1.016488,1.022689,1.022813,1.024692,1.025927,1.056854,1.021217,1.021103,1.012777,1.020584,1.021107,1.023389,1.025849,1.028567,1.026413,1.024042,0.963348,1.020118,1.014586,1.014696,1.027025,1.017466,1.036753,1.033184,1.030027,1.022029,0.988790,0.952393,0.955549,0.956274,0.959237,0.979565,1.016204,0.977647,0.979818,1.060084
0.733040,1.069937,1.022004,1.022484,1.016974,1.023155,1.023279,1.025140,1.026366,1.057004,1.021688,1.021573,1.013249,1.021057,1.021583,1.023841,1.026280,1.029006,1.026861,1.024430,0.963686,1.020531,1.014979,1.015071,1.027455,1.017887,1.037171,1.033612,1.030412,1.022396,0.989078,0.952853,0.955982,0.956625,0.959523,0.979953,1.016478,0.978099,0.980140,1.059921
0.741370,1.069769,1.022416,1.022946,1.017457,1.023618,1.023743,1.025586,1.026803,1.057155,1.022156,1.022040,1.013719,1.021526,1.022057,1.024289,1.026706,1.029438,1.027305,1.024812,0.964017,1.020939,1.015367,1.015440,1.027879,1.018295,1.037580,1.034033,1.030788,1.022755,0.989358,0.953307,0.956413,0.956971,0.959801,0.980336,1.016746,0.978538,0.980455,1.059754
0.749700,1.069598,1.022823,1.023403,1.017936,1.024077,1.024203,1.026029,1.027238,1.057304,1.022620,1.022504,1.014186,1.021993,1.022526,1.024732,1.027125,1.029864,1.027742,1.025186,0.964339,1.021340,1.015747,1.015802,1.028296,1.018690,1.037980,1.034446,1.031156,1.023105,0.989629,0.953756,0.956843,0.957309,0.960069,0.980712,1.017008,0.978964,0.980762,1.059584
0.758030,1.069423,1.023223,1.023855,1.018410,1.024533,1.024659,1.026469,1.027669,1.057451,1.023080,1.022964,1.014648,1.022455,1.022991,1.025168,1.027537,1.030283,1.028174,1.025553,0.964653,1.021734,1.016122,1.016158,1.028707,1.019071,1.038370,1.034851,1.031514,1.023447,0.989891,0.954199,0.957269,0.957641,0.960328,0.981082,1.017264,0.979375,0.981063,1.059411
0.766360,1.069244,1.023616,1.024301,1.018880,1.024984,1.025110,1.026903,1.028096,1.057594,1.023536,1.023419,1.015105,1.022912,1.023450,1.025598,1.027942,1.030695,1.028599,1.025911,0.964959,1.022122,1.016489,1.016507,1.029110,1.019438,1.038750,1.035247,1.031864,1.023781,0.990144,0.954635,0.957691,0.957967,0.960578,0.981446,1.017514,0.979772,0.981357,1.059234
0.774690,1.069060,1.024002,1.024741,1.019343,1.025428,1.025555,1.027332,1.028517,1.057733,1.023985,1.023867,1.015556,1.023362,1.023902,1.026021,1.028339,1.031099,1.029017,1.026262,0.965257,1.022502,1.016849,1.016850,1.029505,1.019790,1.039119,1.035634,1.032204,1.024107,0.990387,0.955063,0.958108,0.958286,0.960819,0.981803,1.017758,0.980153,0.981644,1.059052
0.783020,1.068872,1.024381,1.025174,1.019799,1.025866,1.025992,1.027753,1.028931,1.057867,1.024427,1.024309,1.016000,1.023806,1.024348,1.026436,1.028729,1.031495,1.029427,1.026605,0.965545,1.022874,1.017203,1.017185,1.029892,1.020128,1.039478,1.036012,1.032535,1.024423,0.990622,0.955482,0.958519,0.958597,0.961050,0.982154,1.017996,0.980519,0.981925,1.058865
0.791350,1.068678,1.024750,1.025599,1.020247,1.026295,1.026422,1.028167,1.029337,1.057994,1.024861,1.024742,1.016436,1.024242,1.024786,1.026843,1.029110,1.031883,1.029829,1.026939,0.965826,1.023239,1.017549,1.017513,1.030271,1.020450,1.039826,1.036380,1.032857,1.024731,0.990846,0.955891,0.958924,0.958902,0.961272,0.982498,1.018228,0.980869,0.982197,1.058673
0.799680,1.068478,1.025111,1.026016,1.020686,1.026716,1.026842,1.028572,1.029734,1.058113,1.025287,1.025167,1.016863,1.024669,1.025215,1.027242,1.029483,1.032261,1.030222,1.027264,0.966097,1.023595,1.017887,1.017833,1.030641,1.020758,1.040162,1.036739,1.033168,1.025030,0.991060,0.956290,0.959321,0.959199,0.961485,0.982834,1.018453,0.981202,0.982463,1.058475
0.808010,1.068273,1.025462,1.026424,1.021116,1.027126,1.027253,1.028966,1.030122,1.058225,1.025703,1.025582,1.017281,1.025086,1.025634,1.027631,1.029846,1.032630,1.030605,1.027580,0.966359,1.023943,1.018217,1.018145,1.031002,1.021051,1.040487,1.037086,1.033470,1.025319,0.991264,0.956677,0.959709,0.959488,0.961689,0.983164,1.018672,0.981519,0.982721,1.058271
0.816340,1.068060,1.025803,1.026822,1.021535,1.027526,1.027653,1.029350,1.030498,1.058327,1.026108,1.025986,1.017687,1.025493,1.026043,1.028010,1.030199,1.032989,1.030979,1.027887,0.966613,1.024282,1.018538,1.018449,1.031354,1.021328,1.040800,1.037423,1.033761,1.025598,0.991458,0.957053,0.960088,0.959770,0.961884,0.983485,1.018883,0.981819,0.982970,1.058061
0.824670,1.067841,1.026133,1.027210,1.021944,1.027914,1.028040,1.029722,1.030862,1.058418,1.026501,1.026379,1.018083,1.025888,1.026441,1.028379,1.030543,1.033337,1.031343,1.028185,0.966858,1.024611,1.018851,1.018744,1.031695,1.021591,1.041101,1.037749,1.034041,1.025868,0.991642,0.957416,0.960458,0.960045,0.962070,0.983799,1.019088,0.982101,0.983212,1.057844
0.833000,1.067615,1.026453,1.027587,1.022340,1.028289,1.028415,1.030081,1.031214,1.058499,1.026883,1.026759,1.018466,1.026271,1.026828,1.028737,1.030876,1.033675,1.031695,1.028474,0.967094,1.024931,1.019155,1.019030,1.032027,1.021838,1.041389,1.038063,1.034310,1.026127,0.991817,0.957766,0.960816,0.960311,0.962248,0.984105,1.019284,0.982368,0.983445,1.057620
0.841330,1.067382,1.026762,1.027954,1.022725,1.028651,1.028777,1.030427,1.031553,1.058568,1.027252,1.027127,1.018836,1.026642,1.027202,1.029084,1.031199,1.034002,1.032037,1.028753,0.967321,1.025241,1.019450,1.019308,1.032348,1.022071,1.041665,1.038365,1.034569,1.026375,0.991983,0.958102,0.961163,0.960570,0.962418,0.984402,1.019474,0.982617,0.983669,1.057389
0.849660,1.067141,1.027061,1.028309,1.023097,1.028999,1.029126,1.030759,1.031877,1.058625,1.027608,1.027481,1.019193,1.027000,1.027563,1.029420,1.031512,1.034318,1.032368,1.029023,0.967540,1.025541,1.019736,1.019576,1.032658,1.022290,1.041929,1.038656,1.034816,1.026613,0.992141,0.958424,0.961498,0.960821,0.962580,0.984691,1.019656,0.982850,0.983885,1.057150
0.857990,1.066892,1.027349,1.028653,1.023455,1.029334,1.029460,1.031076,1.032187,1.058669,1.027950,1.027822,1.019537,1.027345,1.027912,1.029745,1.031813,1.034622,1.032688,1.029284,0.967752,1.025831,1.020012,1.019836,1.032959,1.022496,1.042181,1.038936,1.035051,1.026841,0.992292,0.958732,0.961822,0.961065,0.962736,0.984972,1.019830,0.983068,0.984091,1.056903
0.866320,1.066635,1.027627,1.028986,1.023801,1.029654,1.029780,1.031379,1.032483,1.058700,1.028279,1.028148,1.019867,1.027676,1.028248,1.030059,1.032105,1.034916,1.032996,1.029537,0.967955,1.026112,1.020280,1.020087,1.033248,1.022690,1.042421,1.039204,1.035276,1.027057,0.992436,0.959025,0.962133,0.961301,0.962884,0.985245,1.019998,0.983270,0.984287,1.056649
0.874650,1.066370,1.027896,1.029308,1.024133,1.029959,1.030085,1.031667,1.032763,1.058717,1.028594,1.028461,1.020183,1.027993,1.028570,1.030361,1.032385,1.035200,1.033294,1.029781,0.968151,1.026383,1.020539,1.020329,1.033528,1.022871,1.042649,1.039461,1.035490,1.027263,0.992576,0.959304,0.962431,0.961531,0.963027,0.985510,1.020158,0.983457,0.984475,1.056386
0.882980,1.066096,1.028156,1.029620,1.024452,1.030250,1.030375,1.031939,1.033027,1.058719,1.028895,1.028759,1.020485,1.028296,1.028879,1.030652,1.032656,1.035472,1.033581,1.030016,0.968341,1.026644,1.020789,1.020562,1.033798,1.023041,1.042866,1.039707,1.035692,1.027459,0.992711,0.959569,0.962717,0.961754,0.963164,0.985768,1.020311,0.983631,0.984652,1.056115
0.891310,1.065815,1.028406,1.029920,1.024757,1.030526,1.030650,1.032197,1.033276,1.058708,1.029181,1.029043,1.020772,1.028586,1.029175,1.030932,1.032917,1.035735,1.033858,1.030244,0.968524,1.026897,1.021031,1.020788,1.034058,1.023201,1.043072,1.039942,1.035884,1.027643,0.992843,0.959820,0.962990,0.961970,0.963296,0.986018,1.020458,0.983792,0.984820,1.055837
0.899640,1.065525,1.028649,1.030210,1.025049,1.030787,1.030911,1.032439,1.033510,1.058682,1.029454,1.029312,1.021046,1.028862,1.029458,1.031201,1.033169,1.035987,1.034125,1.030465,0.968701,1.027141,1.021265,1.021005,1.034309,1.023352,1.043268,1.040168,1.036065,1.027817,0.992973,0.960056,0.963250,0.962181,0.963424,0.986261,1.020599,0.983941,0.984979,1.055549
0.907970,1.065227,1.028884,1.030490,1.025328,1.031034,1.031157,1.032665,1.033728,1.058642,1.029714,1.029568,1.021306,1.029125,1.029729,1.031460,1.033411,1.036230,1.034382,1.030679,0.968873,1.027377,1.021492,1.021216,1.034550,1.023494,1.043454,1.040383,1.036236,1.027982,0.993101,0.960279,0.963498,0.962387,0.963549,0.986497,1.020735,0.984079,0.985129,1.055254
0.916300,1.064921,1.029112,1.030762,1.025594,1.031266,1.031389,1.032878,1.033932,1.058587,1.029960,1.029810,1.021553,1.029374,1.029987,1.031710,1.033646,1.036465,1.034630,1.030888,0.969041,1.027605,1.021713,1.021421,1.034784,1.023630,1.043632,1.040591,1.036400,1.028139,0.993228,0.960489,0.963735,0.962588,0.963672,0.986728,1.020867,0.984207,0.985273,1.054951
0.924630,1.064607,1.029334,1.031024,1.025849,1.031485,1.031608,1.033076,1.034121,1.058518,1.030193,1.030040,1.021787,1.029612,1.030233,1.031951,1.033873,1.036693,1.034871,1.031091,0.969206,1.027828,1.021928,1.021620,1.035011,1.023761,1.043804,1.040792,1.036557,1.028291,0.993357,0.960687,0.963960,0.962786,0.963793,0.986954,1.020995,0.984328,0.985412,1.054640
0.932960,1.064286,1.029552,1.031280,1.026093,1.031692,1.031814,1.033260,1.034296,1.058436,1.030415,1.030257,1.022010,1.029838,1.030470,1.032184,1.034094,1.036914,1.035106,1.031291,0.969368,1.028045,1.022139,1.021815,1.035233,1.023888,1.043971,1.040988,1.036712,1.028441,0.993486,0.960873,0.964174,0.962981,0.963914,0.987177,1.021122,0.984443,0.985551,1.054322
0.941290,1.063957,1.029766,1.031530,1.026326,1.031886,1.032008,1.033433,1.034459,1.058341,1.030627,1.030464,1.022221,1.030054,1.030696,1.032411,1.034311,1.037131,1.035335,1.031489,0.969530,1.028258,1.022347,1.022008,1.035449,1.024014,1.044136,1.041180,1.036866,1.028590,0.993619,0.961049,0.964378,0.963174,0.964036,0.987397,1.021248,0.984554,0.985691,1.053996
0.949620,1.063621,1.029979,1.031775,1.026551,1.032070,1.032192,1.033593,1.034609,1.058233,1.030828,1.030660,1.022423,1.030260,1.030915,1.032633,1.034524,1.037344,1.035560,1.031685,0.969692,1.028469,1.022553,1.022199,1.035663,1.024141,1.044301,1.041370,1.037021,1.028743,0.993756,0.961216,0.964574,0.963367,0.964161,0.987615,1.021375,0.984663,0.985836,1.053664
0.957950,1.063279,1.030190,1.032016,1.026768,1.032245,1.032366,1.033743,1.034748,1.058112,1.031021,1.030847,1.022617,1.030458,1.031125,1.032851,1.034735,1.037556,1.035783,1.031882,0.969855,1.028678,1.022759,1.022390,1.035874,1.024269,1.044467,1.041560,1.037181,1.028899,0.993897,0.961374,0.964762,0.963561,0.964289,0.987834,1.021504,0.984771,0.985987,1.053325
0.966280,1.062930,1.030402,1.032255,1.026978,1.032410,1.032531,1.033883,1.034878,1.057981,1.031206,1.031027,1.022802,1.030649,1.031330,1.033066,1.034945,1.037766,1.036004,1.032080,0.970021,1.028887,1.022965,1.022582,1.036084,1.024401,1.044636,1.041751,1.037345,1.029062,0.994044,0.961525,0.964942,0.963756,0.964422,0.988053,1.021637,0.984881,0.986147,1.052979
0.974610,1.062576,1.030616,1.032492,1.027182,1.032567,1.032688,1.034015,1.034998,1.057839,1.031385,1.031199,1.022981,1.030833,1.031529,1.033280,1.035155,1.037977,1.036224,1.032280,0.970190,1.029097,1.023172,1.022776,1.036294,1.024538,1.044808,1.041944,1.037516,1.029233,0.994197,0.961670,0.965117,0.963954,0.964560,0.988274,1.021775,0.984994,0.986316,1.052628
0.982940,1.062216,1.030831,1.032728,1.027381,1.032718,1.032838,1.034138,1.035110,1.057686,1.031558,1.031364,1.023154,1.031012,1.031723,1.033492,1.035366,1.038189,1.036445,1.032483,0.970364,1.029309,1.023383,1.022973,1.036506,1.024681,1.044986,1.042141,1.037694,1.029412,0.994358,0.961810,0.965286,0.964155,0.964706,0.988498,1.021919,0.985111,0.986495,1.052272
0.991270,1.061851,1.031049,1.032964,1.027575,1.032862,1.032982,1.034255,1.035214,1.057525,1.031725,1.031525,1.023321,1.031186,1.031914,1.033704,1.035579,1.038403,1.036667,1.032690,0.970543,1.029523,1.023597,1.023175,1.036720,1.024831,1.045170,1.042341,1.037881,1.029600,0.994526,0.961945,0.965450,0.964361,0.964859,0.988725,1.022071,0.985234,0.986685,1.051910
0.999600,1.061482,1.031271,1.033201,1.027767,1.033002,1.033121,1.034366,1.035312,1.057355,1.031889,1.031681,1.023485,1.031357,1.032102,1.033918,1.035794,1.038620,1.036892,1.032903,0.970728,1.029742,1.023815,1.023381,1.036936,1.024989,1.045361,1.042547,1.038077,1.029799,0.994703,0.962076,0.965611,0.964571,0.965020,0.988957,1.022231,0.985363,0.986887,1.051544
1.007930,1.061109,1.031497,1.033439,1.027956,1.033137,1.033256,1.034472,1.035405,1.057177,1.032050,1.031834,1.023646,1.031525,1.032289,1.034133,1.036014,1.038841,1.037120,1.033121,0.970921,1.029964,1.024039,1.023594,1.037157,1.025156,1.045560,1.042758,1.038283,1.030008,0.994888,0.962206,0.965769,0.964787,0.965191,0.989193,1.022400,0.985501,0.987101,1.051175
1.016260,1.060732,1.031728,1.033680,1.028143,1.033269,1.033388,1.034573,1.035493,1.056993,1.032209,1.031985,1.023805,1.031692,1.032475,1.034351,1.036238,1.039066,1.037351,1.033346,0.971122,1.030193,1.024270,1.023813,1.037382,1.025334,1.045768,1.042977,1.038500,1.030229,0.995083,0.962334,0.965925,0.965010,0.965372,0.989436,1.022580,0.985648,0.987327,1.050801
1.024590,1.060352,1.031965,1.033924,1.028330,1.033399,1.033517,1.034672,1.035578,1.056803,1.032367,1.032134,1.023962,1.031857,1.032660,1.034572,1.036468,1.039297,1.037587,1.033579,0.971331,1.030427,1.024507,1.024040,1.037613,1.025522,1.045984,1.043202,1.038728,1.030461,0.995287,0.962461,0.966080,0.965240,0.965564,0.989685,1.022772,0.985805,0.987566,1.050425
1.032920,1.059970,1.032208,1.034172,1.028517,1.033528,1.033645,1.034768,1.035659,1.056607,1.032524,1.032282,1.024119,1.032022,1.032847,1.034798,1.036703,1.039535,1.037828,1.033820,0.971549,1.030668,1.024752,1.024276,1.037850,1.025721,1.046211,1.043436,1.038968,1.030706,0.995501,0.962589,0.966234,0.965477,0.965768,0.989942,1.022975,0.985972,0.987818,1.050046
1.041250,1.059586,1.032458,1.034424,1.028704,1.033656,1.033773,1.034863,1.035740,1.056407,1.032682,1.032430,1.024277,1.032189,1.033035,1.035028,1.036945,1.039778,1.038075,1.034069,0.971777,1.030917,1.025005,1.024521,1.038094,1.025932,1.046448,1.043678,1.039219,1.030962,0.995726,0.962717,0.966389,0.965723,0.965984,0.990206,1.023192,0.986152,0.988083,1.049666
1.049580,1.059200,1.032715,1.034681,1.028894,1.033784,1.033901,1.034958,1.035819,1.056203,1.032841,1.032579,1.024436,1.032356,1.033225,1.035265,1.037195,1.040030,1.038328,1.034328,0.972015,1.031173,1.025267,1.024775,1.038345,1.026155,1.046696,1.043930,1.039483,1.031232,0.995961,0.962848,0.966545,0.965977,0.966212,0.990478,1.023422,0.986344,0.988361,1.049284
1.057910,1.058813,1.032980,1.034944,1.029085,1.033913,1.034030,1.035053,1.035898,1.055997,1.033002,1.032730,1.024596,1.032526,1.033419,1.035507,1.037452,1.040289,1.038588,1.034597,0.972264,1.031438,1.025538,1.025039,1.038605,1.026391,1.046956,1.044191,1.039759,1.031514,0.996206,0.962982,0.966702,0.966240,0.966453,0.990759,1.023665,0.986549,0.988652,1.048901
1.066240,1.058426,1.033253,1.035212,1.029280,1.034045,1.034161,1.035149,1.035978,1.055789,1.033165,1.032884,1.024760,1.032699,1.033616,1.035756,1.037718,1.040556,1.038856,1.034875,0.972524,1.031713,1.025819,1.025314,1.038873,1.026641,1.047227,1.044462,1.040048,1.031810,0.996462,0.963119,0.966862,0.966513,0.966708,0.991049,1.023923,0.986768,0.988956,1.048517
1.074570,1.058040,1.033534,1.035487,1.029478,1.034179,1.034295,1.035247,1.036060,1.055580,1.033333,1.033040,1.024926,1.032876,1.033818,1.036012,1.037992,1.040832,1.039131,1.035165,0.972796,1.031996,1.026109,1.025599,1.039149,1.026903,1.047509,1.044743,1.040349,1.032118,0.996728,0.963260,0.967025,0.966796,0.966976,0.991348,1.024196,0.987001,0.989274,1.048134
1.082900,1.057653,1.033824,1.035768,1.029681,1.034316,1.034433,1.035348,1.036144,1.055371,1.033504,1.033201,1.025097,1.033057,1.034024,1.036276,1.038276,1.041117,1.039415,1.035465,0.973080,1.032289,1.026411,1.025896,1.039435,1.027180,1.047805,1.045035,1.040664,1.032440,0.997005,0.963406,0.967192,0.967088,0.967258,0.991657,1.024483,0.987248,0.989605,1.047751
1.091230,1.057268,1.034123,1.036057,1.029888,1.034457,1.034574,1.035452,1.036231,1.055163,1.033680,1.033366,1.025273,1.033243,1.034236,1.036548,1.038569,1.041411,1.039707,1.035777,0.973376,1.032592,1.026722,1.026204,1.039731,1.027470,1.048112,1.045338,1.040992,1.032776,0.997293,0.963558,0.967363,0.967391,0.967555,0.991975,1.024785,0.987510,0.989949,1.047370
1.099560,1.056885,1.034430,1.036353,1.030101,1.034603,1.034720,1.035560,1.036322,1.054956,1.033861,1.033536,1.025454,1.033434,1.034454,1.036828,1.038872,1.041715,1.040008,1.036100,0.973684,1.032906,1.027045,1.026523,1.040037,1.027773,1.048432,1.045652,1.041334,1.033124,0.997592,0.963715,0.967538,0.967705,0.967866,0.992303,1.025103,0.987787,0.990306,1.046990
1.107890,1.056503,1.034747,1.036656,1.030319,1.034754,1.034871,1.035674,1.036418,1.054751,1.034048,1.033711,1.025640,1.033632,1.034678,1.037117,1.039185,1.042029,1.040318,1.036435,0.974005,1.033230,1.027379,1.026855,1.040353,1.028091,1.048765,1.045978,1.041689,1.033487,0.997901,0.963879,0.967719,0.968029,0.968192,0.992641,1.025435,0.988078,0.990677,1.046612
1.116220,1.056124,1.035073,1.036968,1.030544,1.034911,1.035028,1.035792,1.036519,1.054549,1.034242,1.033893,1.025833,1.033836,1.034910,1.037416,1.039508,1.042353,1.040637,1.036782,0.974338,1.033565,1.027724,1.027198,1.040680,1.028422,1.049111,1.046315,1.042058,1.033863,0.998221,0.964050,0.967906,0.968364,0.968532,0.992990,1.025783,0.988384,0.991060,1.046237
1.124550,1.055748,1.035409,1.037287,1.030776,1.035075,1.035192,1.035917,1.036626,1.054351,1.034442,1.034082,1.026033,1.034047,1.035149,1.037724,1.039842,1.042688,1.040966,1.037142,0.974685,1.033911,1.028080,1.027554,1.041017,1.028767,1.049469,1.046663,1.042440,1.034252,0.998550,0.964229,0.968098,0.968710,0.968888,0.993349,1.026146,0.988706,0.991457,1.045864
1.132880,1.055376,1.035754,1.037615,1.031014,1.035245,1.035363,1.036049,1.036739,1.054157,1.034650,1.034278,1.026241,1.034265,1.035395,1.038041,1.040187,1.043033,1.041305,1.037514,0.975045,1.034268,1.028448,1.027922,1.041365,1.029125,1.049841,1.047024,1.042835,1.034655,0.998891,0.964415,0.968298,0.969068,0.969258,0.993718,1.026524,0.989042,0.991866,1.045495
1.141210,1.055007,1.036109,1.037952,1.031261,1.035423,1.035541,1.036187,1.036859,1.053967,1.034866,1.034481,1.026456,1.034492,1.035650,1.038369,1.040543,1.043389,1.041653,1.037898,0.975418,1.034636,1.028828,1.028302,1.041725,1.029496,1.050225,1.047396,1.043244,1.035072,0.999241,0.964609,0.968504,0.969437,0.969644,0.994098,1.026917,0.989392,0.992289,1.045130
1.149540,1.054642,1.036473,1.038297,1.031515,1.035608,1.035727,1.036333,1.036986,1.053784,1.035089,1.034693,1.026679,1.034726,1.035914,1.038707,1.040910,1.043756,1.042012,1.038295,0.975804,1.035016,1.029219,1.028694,1.042095,1.029881,1.050622,1.047780,1.043666,1.035501,0.999601,0.964812,0.968718,0.969817,0.970045,0.994489,1.027326,0.989757,0.992724,1.044769
1.157870,1.054282,1.036847,1.038650,1.031777,1.035802,1.035921,1.036487,1.037121,1.053607,1.035321,1.034913,1.026910,1.034969,1.036186,1.039055,1.041288,1.044134,1.042380,1.038705,0.976204,1.035407,1.029622,1.029099,1.042477,1.030278,1.051032,1.048175,1.044101,1.035944,0.999970,0.965023,0.968939,0.970209,0.970461,0.994890,1.027750,0.990135,0.993171,1.044412
1.166200,1.053927,1.037230,1.039013,1.032048,1.036004,1.036123,1.036649,1.037264,1.053436,1.035562,1.035141,1.027150,1.035221,1.036467,1.039413,1.041678,1.044522,1.042759,1.039127,0.976617,1.035810,1.030037,1.029517,1.042870,1.030687,1.051454,1.048582,1.044550,1.036400,1.000349,0.965243,0.969168,0.970613,0.970893,0.995302,1.028189,0.990527,0.993631,1.044060
1.174530,1.053577,1.037622,1.039384,1.032327,1.036215,1.036334,1.036821,1.037416,1.053272,1.035812,1.035378,1.027400,1.035482,1.036757,1.039782,1.042078,1.044922,1.043147,1.039563,0.977044,1.036224,1.030463,1.029947,1.043275,1.031108,1.051888,1.049001,1.045011,1.036868,1.000736,0.965472,0.969405,0.971028,0.971339,0.995725,1.028644,0.990932,0.994102,1.043714
1.182860,1.053233,1.038023,1.039764,1.032615,1.036434,1.036555,1.037001,1.037577,1.053117,1.036070,1.035624,1.027658,1.035752,1.037056,1.040161,1.042490,1.045332,1.043546,1.040011,0.977484,1.036650,1.030902,1.030389,1.043691,1.031540,1.052334,1.049431,1.045484,1.037349,1.001133,0.965710,0.969650,0.971455,0.971801,0.996158,1.029113,0.991349,0.994585,1.043373
1.191190,1.052895,1.038433,1.040152,1.032912,1.036663,1.036784,1.037190,1.037747,1.052969,1.036338,1.035880,1.027925,1.036031,1.037365,1.040551,1.042913,1.045752,1.043954,1.040472,0.977937,1.037086,1.031352,1.030843,1.044118,1.031984,1.052792,1.049872,1.045970,1.037841,1.001537,0.965957,0.969904,0.971894,0.972277,0.996601,1.029596,0.991778,0.995080,1.043037
1.199520,1.052562,1.038853,1.040549,1.033218,1.036902,1.037023,1.037389,1.037927,1.052829,1.036616,1.036145,1.028202,1.036320,1.037683,1.040951,1.043348,1.046184,1.044373,1.040946,0.978404,1.037535,1.031813,1.031309,1.044557,1.032437,1.053261,1.050324,1.046467,1.038346,1.001950,0.966214,0.970166,0.972344,0.972769,0.997056,1.030094,0.992219,0.995586,1.042708
1.207850,1.052236,1.039280,1.040955,1.033532,1.037150,1.037271,1.037597,1.038116,1.052699,1.036902,1.036419,1.028489,1.036618,1.038011,1.041362,1.043793,1.046626,1.044801,1.041432,0.978883,1.037994,1.032286,1.031788,1.045007,1.032901,1.053742,1.050787,1.046976,1.038862,1.002371,0.966479,0.970436,0.972806,0.973275,0.997520,1.030607,0.992670,0.996102,1.042385
1.216180,1.051916,1.039716,1.041368,1.033856,1.037407,1.037529,1.037815,1.038315,1.052577,1.037199,1.036703,1.028785,1.036926,1.038348,1.041783,1.044249,1.047078,1.045238,1.041931,0.979376,1.038465,1.032770,1.032278,1.045468,1.033374,1.054233,1.051260,1.047497,1.039389,1.002799,0.966754,0.970716,0.973279,0.973796,0.997995,1.031133,0.993131,0.996629,1.042068
1.224510,1.051603,1.040160,1.041790,1.034189,1.037674,1.037797,1.038043,1.038523,1.052465,1.037505,1.036996,1.029090,1.037243,1.038695,1.042215,1.044716,1.047540,1.045685,1.042442,0.979882,1.038946,1.033265,1.032780,1.045939,1.033855,1.054734,1.051744,1.048028,1.039927,1.003235,0.967038,0.971004,0.973764,0.974332,0.998480,1.031674,0.993601,0.997166,1.041758
1.232840,1.051297,1.040612,1.042220,1.034531,1.037950,1.038074,1.038280,1.038742,1.052362,1.037820,1.037299,1.029405,1.037569,1.039052,1.042657,1.045194,1.048012,1.046141,1.042966,0.980400,1.039438,1.033771,1.033293,1.046422,1.034345,1.055245,1.052237,1.048570,1.040476,1.003677,0.967330,0.971300,0.974260,0.974881,0.998975,1.032227,0.994080,0.997713,1.041454
1.241170,1.050997,1.041072,1.042657,1.034881,1.038236,1.038360,1.038528,1.038970,1.052269,1.038145,1.037612,1.029730,1.037905,1.039417,1.043108,1.045682,1.048494,1.046606,1.043501,0.980931,1.039941,1.034287,1.033818,1.046914,1.034843,1.055766,1.052740,1.049122,1.041035,1.004125,0.967632,0.971605,0.974767,0.975445,0.999479,1.032794,0.994568,0.998269,1.041158
1.249500,1.050705,1.041538,1.043103,1.035240,1.038532,1.038656,1.038785,1.039208,1.052185,1.038478,1.037933,1.030063,1.038251,1.039792,1.043569,1.046180,1.048985,1.047079,1.044048,0.981475,1.040454,1.034814,1.034353,1.047418,1.035348,1.056296,1.053252,1.049683,1.041603,1.004580,0.967942,0.971919,0.975285,0.976022,0.999994,1.033374,0.995063,0.998834,1.040868
1.257830,1.050419,1.042012,1.043555,1.035608,1.038837,1.038961,1.039051,1.039456,1.052111,1.038821,1.038264,1.030406,1.038605,1.040176,1.044040,1.046688,1.049485,1.047561,1.044607,0.982030,1.040976,1.035352,1.034899,1.047931,1.035859,1.056834,1.053772,1.050254,1.042180,1.005040,0.968260,0.972241,0.975814,0.976613,1.000517,1.033966,0.995565,0.999408,1.040585
1.266160,1.050141,1.042492,1.044014,1.035984,1.039150,1.039276,1.039327,1.039713,1.052047,1.039173,1.038604,1.030758,1.038968,1.040568,1.044520,1.047206,1.049994,1.048051,1.045177,0.982597,1.041509,1.035899,1.035456,1.048453,1.036376,1.057381,1.054301,1.050833,1.042766,1.005506,0.968587,0.972570,0.976352,0.977217,1.001050,1.034571,0.996073,0.999990,1.040309
1.274490,1.049869,1.042978,1.044480,1.036368,1.039473,1.039599,1.039612,1.039979,1.051992,1.039534,1.038952,1.031118,1.039340,1.040969,1.045009,1.047732,1.050511,1.048549,1.045757,0.983175,1.042051,1.036456,1.036022,1.048986,1.036899,1.057935,1.054838,1.051421,1.043360,1.005976,0.968921,0.972908,0.976901,0.977833,1.001591,1.035187,0.996586,1.000580,1.040040
1.282820,1.049604,1.043470,1.044952,1.036760,1.039804,1.039930,1.039906,1.040255,1.051947,1.039902,1.039308,1.031487,1.039720,1.041379,1.045506,1.048268,1.051036,1.049054,1.046348,0.983764,1.042601,1.037021,1.036598,1.049527,1.037426,1.058497,1.055382,1.052016,1.043962,1.006452,0.969262,0.973253,0.977460,0.978462,1.002141,1.035814,0.997105,1.001178,1.039778
1.291150,1.049347,1.043968,1.045430,1.037159,1.040143,1.040270,1.040209,1.040539,1.051911,1.040279,1.039673,1.031863,1.040108,1.041795,1.046011,1.048812,1.051569,1.049566,1.046949,0.984363,1.043161,1.037596,1.037183,1.050076,1.037958,1.059065,1.055934,1.052619,1.044571,1.006931,0.969611,0.973605,0.978028,0.979102,1.002699,1.036453,0.997628,1.001782,1.039523
1.299480,1.049096,1.044471,1.045913,1.037565,1.040490,1.040617,1.040520,1.040831,1.051885,1.040663,1.040045,1.032247,1.040503,1.042220,1.046524,1.049364,1.052109,1.050084,1.047559,0.984973,1.043728,1.038179,1.037776,1.050634,1.038493,1.059639,1.056492,1.053229,1.045188,1.007415,0.969966,0.973964,0.978605,0.979754,1.003265,1.037101,0.998155,1.002393,1.039274
1.307810,1.048852,1.044978,1.046402,1.037978,1.040845,1.040972,1.040838,1.041132,1.051867,1.041054,1.040424,1.032638,1.040905,1.042651,1.047044,1.049923,1.052655,1.050608,1.048179,0.985592,1.044303,1.038770,1.038378,1.051199,1.039032,1.060219,1.057055,1.053844,1.045810,1.007902,0.970327,0.974330,0.979191,0.980416,1.003838,1.037759,0.998685,1.003009,1.039032
1.316140,1.048614,1.045489,1.046895,1.038397,1.041206,1.041333,1.041164,1.041440,1.051857,1.041452,1.040810,1.033036,1.041314,1.043088,1.047571,1.050490,1.053208,1.051138,1.048807,0.986220,1.044886,1.039368,1.038988,1.051771,1.039573,1.060804,1.057625,1.054466,1.046438,1.008392,0.970694,0.974701,0.979785,0.981089,1.004418,1.038426,0.999218,1.003632,1.038797
1.324470,1.048383,1.046004,1.047392,1.038821,1.041574,1.041701,1.041497,1.041755,1.051856,1.041856,1.041203,1.033440,1.041729,1.043532,1.048105,1.051063,1.053766,1.051673,1.049443,0.986857,1.045474,1.039973,1.039605,1.052351,1.040116,1.061393,1.058199,1.055093,1.047071,1.008885,0.971066,0.975077,0.980387,0.981772,1.005004,1.039102,0.999752,1.004259,1.038568
1.332800,1.048158,1.046523,1.047893,1.039251,1.041948,1.042075,1.041836,1.042077,1.051863,1.042265,1.041601,1.033850,1.042149,1.043981,1.048644,1.051642,1.054329,1.052212,1.050087,0.987503,1.046070,1.040584,1.040228,1.052936,1.040661,1.061986,1.058777,1.055724,1.047710,1.009380,0.971443,0.975459,0.980996,0.982464,1.005597,1.039785,1.000288,1.004892,1.038345
1.341130,1.047940,1.047044,1.048397,1.039685,1.042327,1.042455,1.042182,1.042404,1.051877,1.042680,1.042004,1.034265,1.042575,1.044436,1.049188,1.052226,1.054897,1.052756,1.050738,0.988155,1.046671,1.041202,1.040858,1.053527,1.041207,1.062583,1.059360,1.056360,1.048352,1.009878,0.971824,0.975845,0.981611,0.983164,1.006195,1.040476,1.000826,1.005528,1.038129
1.349460,1.047727,1.047568,1.048903,1.040124,1.042711,1.042839,1.042532,1.042737,1.051899,1.043099,1.042412,1.034684,1.043005,1.044894,1.049737,1.052816,1.055469,1.053303,1.051395,0.988815,1.047277,1.041825,1.041493,1.054123,1.041753,1.063183,1.059946,1.056999,1.048999,1.010377,0.972208,0.976235,0.982233,0.983873,1.006798,1.041174,1.001363,1.006169,1.037918
1.357790,1.047519,1.048094,1.049413,1.040566,1.043100,1.043228,1.042887,1.043076,1.051927,1.043522,1.042824,1.035108,1.043440,1.045357,1.050291,1.053410,1.056044,1.053853,1.052059,0.989482,1.047887,1.042453,1.042134,1.054724,1.042300,1.063785,1.060535,1.057642,1.049649,1.010878,0.972596,0.976629,0.982861,0.984589,1.007407,1.041878,1.001901,1.006813,1.037712
1.366120,1.047317,1.048621,1.049924,1.041012,1.043492,1.043620,1.043247,1.043418,1.051961,1.043949,1.043239,1.035535,1.043878,1.045823,1.050848,1.054008,1.056623,1.054406,1.052728,0.990155,1.048503,1.043085,1.042779,1.055329,1.042846,1.064389,1.061127,1.058288,1.050302,1.011380,0.972985,0.977026,0.983495,0.985313,1.008019,1.042587,1.002439,1.007461,1.037512
1.374450,1.047120,1.049150,1.050436,1.041460,1.043888,1.044016,1.043610,1.043765,1.052000,1.044379,1.043658,1.035965,1.044318,1.046293,1.051409,1.054610,1.057205,1.054961,1.053402,0.990833,1.049121,1.043721,1.043429,1.055938,1.043392,1.064995,1.061720,1.058936,1.050957,1.011882,0.973377,0.977425,0.984133,0.986042,1.008636,1.043302,1.002975,1.008111,1.037317
1.382780,1.046928,1.049679,1.050950,1.041911,1.044287,1.044414,1.043977,1.044115,1.052045,1.044811,1.044079,1.036398,1.044762,1.046764,1.051972,1.055214,1.057788,1.055518,1.054080,0.991516,1.049743,1.044361,1.044082,1.056550,1.043937,1.065603,1.062316,1.059586,1.051615,1.012386,0.973771,0.977826,0.984777,0.986778,1.009256,1.044021,1.003511,1.008765,1.037127
1.391110,1.046741,1.050210,1.051464,1.042363,1.044687,1.044815,1.044346,1.044467,1.052095,1.045245,1.044502,1.036833,1.045207,1.047238,1.052538,1.055822,1.058374,1.056077,1.054763,0.992204,1.050368,1.045004,1.044738,1.057165,1.044481,1.066210,1.062912,1.060238,1.052275,1.012890,0.974165,0.978230,0.985424,0.987519,1.009878,1.044744,1.004045,1.009420,1.036941
1.399440,1.046558,1.050740,1.051978,1.042816,1.045090,1.045217,1.044717,1.044822,1.052148,1.045681,1.044927,1.037269,1.045654,1.047713,1.053105,1.056431,1.058961,1.056636,1.055448,0.992895,1.050995,1.045650,1.045397,1.057781,1.045023,1.066819,1.063509,1.060892,1.052936,1.013394,0.974560,0.978634,0.986074,0.988265,1.010504,1.045471,1.004578,1.010078,1.036760
1.407770,1.046379,1.051269,1.052491,1.043270,1.045493,1.045620,1.045089,1.045178,1.052206,1.046117,1.045352,1.037706,1.046101,1.048188,1.053673,1.057042,1.059548,1.057195,1.056137,0.993590,1.051624,1.046297,1.046058,1.058400,1.045562,1.067427,1.064106,1.061546,1.053599,1.013897,0.974954,0.979038,0.986728,0.989015,1.011131,1.046200,1.005108,1.010737,1.036583
1.416100,1.046204,1.051797,1.053004,1.043723,1.045896,1.046023,1.045462,1.045535,1.052266,1.046553,1.045778,1.038143,1.046548,1.048664,1.054242,1.057653,1.060135,1.057754,1.056828,0.994288,1.052253,1.046945,1.046720,1.059019,1.046099,1.068034,1.064703,1.062200,1.054262,1.014398,0.975347,0.979443,0.987384,0.989768,1.011760,1.046932,1.005635,1.011397,1.036409
1.424430,1.046032,1.052322,1.053513,1.044175,1.046299,1.046425,1.045834,1.045891,1.052328,1.046988,1.046202,1.038579,1.046995,1.049138,1.054810,1.058264,1.060721,1.058311,1.057519,0.994987,1.052882,1.047594,1.047382,1.059638,1.046632,1.068639,1.065298,1.062853,1.054924,1.014896,0.975739,0.979846,0.988042,0.990524,1.012390,1.047664,1.006158,1.012057,1.036239
1.432760,1.045863,1.052843,1.054020,1.044625,1.046700,1.046825,1.046205,1.046246,1.052391,1.047421,1.046624,1.039013,1.047439,1.049611,1.055377,1.058873,1.061305,1.058865,1.058211,0.995687,1.053511,1.048242,1.048044,1.060256,1.047159,1.069240,1.065890,1.063503,1.055583,1.015390,0.976127,0.980248,0.988700,0.991281,1.013019,1.048396,1.006677,1.012715,1.036071
1.441090,1.045696,1.053358,1.054521,1.045072,1.047097,1.047223,1.046573,1.046599,1.052455,1.047851,1.047044,1.039444,1.047880,1.050080,1.055940,1.059480,1.061886,1.059415,1.058902,0.996387,1.054137,1.048889,1.048704,1.060871,1.047681,1.069837,1.066477,1.064149,1.056238,1.015877,0.976512,0.980646,0.989358,0.992038,1.013646,1.049128,1.007189,1.013369,1.035907
1.449420,1.045532,1.053867,1.055017,1.045514,1.047491,1.047616,1.046937,1.046948,1.052519,1.048276,1.047459,1.039870,1.048316,1.050545,1.056500,1.060084,1.062461,1.059960,1.059591,0.997085,1.054760,1.049532,1.049361,1.061483,1.048194,1.070427,1.067059,1.064788,1.056886,1.016357,0.976892,0.981041,0.990015,0.992795,1.014272,1.049857,1.007695,1.014017,1.035744
1.457750,1.045370,1.054367,1.055505,1.045950,1.047880,1.048004,1.047297,1.047293,1.052582,1.048697,1.047868,1.040291,1.048748,1.051004,1.057054,1.060682,1.063031,1.060499,1.060276,0.997781,1.055378,1.050171,1.050015,1.062091,1.048699,1.071008,1.067634,1.065418,1.057525,1.016828,0.977266,0.981430,0.990669,0.993550,1.014893,1.050583,1.008192,1.014655,1.035583
1.466080,1.045209,1.054859,1.055985,1.046379,1.048262,1.048385,1.047651,1.047632,1.052643,1.049110,1.048272,1.040706,1.049173,1.051457,1.057603,1.061274,1.063593,1.061030,1.060957,0.998474,1.055991,1.050806,1.050663,1.062692,1.049193,1.071580,1.068199,1.066038,1.058153,1.017288,0.977634,0.981814,0.991320,0.994302,1.015511,1.051305,1.008680,1.015282,1.035424
1.474410,1.045050,1.055339,1.056455,1.046801,1.048637,1.048760,1.047998,1.047964,1.052702,1.049517,1.048668,1.041113,1.049590,1.051902,1.058143,1.061859,1.064146,1.061551,1.061632,0.999161,1.056596,1.051433,1.051305,1.063287,1.049676,1.072140,1.068755,1.066644,1.058768,1.017738,0.977993,0.982191,0.991966,0.995050,1.016122,1.052021,1.009157,1.015896,1.035266
1.482740,1.044891,1.055808,1.056914,1.047213,1.049003,1.049126,1.048337,1.048288,1.052757,1.049914,1.049055,1.041512,1.049998,1.052339,1.058675,1.062435,1.064690,1.062063,1.062300,0.999843,1.057194,1.052054,1.051939,1.063873,1.050147,1.072687,1.069299,1.067236,1.059367,1.018176,0.978344,0.982560,0.992607,0.995793,1.016727,1.052731,1.009624,1.016492,1.035108
1.491070,1.044732,1.056264,1.057362,1.047616,1.049360,1.049482,1.048667,1.048604,1.052808,1.050302,1.049432,1.041900,1.050397,1.052765,1.059197,1.063002,1.065222,1.062563,1.062960,1.000517,1.057782,1.052665,1.052564,1.064450,1.050605,1.073219,1.069830,1.067810,1.059948,1.018600,0.978685,0.982920,0.993240,0.996529,1.017324,1.053432,1.010078,1.017071,1.034951
1.499400,1.044574,1.056706,1.057796,1.048007,1.049707,1.049828,1.048987,1.048910,1.052854,1.050680,1.049800,1.042279,1.050785,1.053180,1.059709,1.063558,1.065743,1.063051,1.063612,1.001184,1.058360,1.053267,1.053180,1.065016,1.051048,1.073736,1.070347,1.068366,1.060510,1.019011,0.979016,0.983270,0.993867,0.997258,1.017911,1.054125,1.010520,1.017629,1.034794
1.507730,1.044415,1.057133,1.058218,1.048387,1.050042,1.050163,1.049296,1.049205,1.052895,1.051046,1.050156,1.042646,1.051162,1.053584,1.060208,1.064102,1.066250,1.063525,1.064253,1.001842,1.058927,1.053858,1.053785,1.065571,1.051476,1.074236,1.070849,1.068903,1.061051,1.019406,0.979335,0.983611,0.994484,0.997978,1.018489,1.054807,1.010948,1.018165,1.034637
1.516060,1.044256,1.057546,1.058624,1.048754,1.050366,1.050486,1.049594,1.049489,1.052929,1.051400,1.050499,1.043001,1.051527,1.053976,1.060695,1.064633,1.066744,1.063986,1.064882,1.002490,1.059481,1.054437,1.054378,1.066114,1.051889,1.074719,1.071335,1.069418,1.061571,1.019787,0.979643,0.983940,0.995092,0.998689,1.019056,1.055478,1.011362,1.018678,1.034480
1.524390,1.044097,1.057942,1.059016,1.049108,1.050677,1.050796,1.049879,1.049761,1.052958,1.051741,1.050830,1.043342,1.051878,1.054354,1.061168,1.065151,1.067222,1.064432,1.065500,1.003127,1.060022,1.055003,1.054958,1.066643,1.052285,1.075183,1.071804,1.069912,1.062067,1.020152,0.979937,0.984258,0.995690,0.999390,1.019611,1.056137,1.011762,1.019167,1.034322
1.532720,1.043936,1.058322,1.059392,1.049448,1.050974,1.051093,1.050152,1.050021,1.052979,1.052068,1.051147,1.043670,1.052216,1.054718,1.061627,1.065654,1.067686,1.064862,1.066105,1.003752,1.060549,1.055555,1.055524,1.067157,1.052665,1.075628,1.072256,1.070383,1.062540,1.020500,0.980218,0.984563,0.996276,1.000079,1.020152,1.056780,1.012147,1.019632,1.034163
1.541050,1.043774,1.058684,1.059752,1.049773,1.051257,1.051375,1.050411,1.050267,1.052993,1.052381,1.051451,1.043984,1.052539,1.055067,1.062071,1.066142,1.068132,1.065275,1.066695,1.004364,1.061060,1.056092,1.056075,1.067657,1.053029,1.076053,1.072690,1.070831,1.062989,1.020833,0.980485,0.984856,0.996850,1.000755,1.020679,1.057408,1.012517,1.020071,1.034002
1.549380,1.043611,1.059030,1.060095,1.050083,1.051526,1.051643,1.050655,1.050499,1.053000,1.052679,1.051739,1.044283,1.052847,1.055401,1.062498,1.066613,1.068562,1.065672,1.067271,1.004962,1.061555,1.056612,1.056609,1.068140,1.053375,1.076459,1.073106,1.071256,1.063414,1.021148,0.980737,0.985135,0.997411,1.001418,1.021191,1.058019,1.012872,1.020485,1.033841
1.557710,1.043447,1.059357,1.060421,1.050377,1.051779,1.051896,1.050885,1.050717,1.052998,1.052962,1.052012,1.044566,1.053140,1.055719,1.062909,1.067068,1.068974,1.066051,1.067830,1.005545,1.062033,1.057115,1.057125,1.068607,1.053704,1.076844,1.073502,1.071657,1.063814,1.021446,0.980975,0.985400,0.997957,1.002066,1.021686,1.058609,1.013211,1.020873,1.033678
1.566040,1.043281,1.059667,1.060729,1.050654,1.052017,1.052133,1.051100,1.050919,1.052987,1.053229,1.052269,1.044833,1.053417,1.056020,1.063302,1.067504,1.069368,1.066412,1.068372,1.006112,1.062492,1.057600,1.057622,1.069055,1.054016,1.077208,1.073878,1.072033,1.064189,1.021728,0.981196,0.985650,0.998488,1.002698,1.022164,1.059180,1.013535,1.021235,1.033513
1.574370,1.043113,1.059958,1.061019,1.050915,1.052238,1.052353,1.051299,1.051107,1.052968,1.053479,1.052509,1.045084,1.053676,1.056304,1.063677,1.067922,1.069742,1.066755,1.068896,1.006662,1.062932,1.058065,1.058099,1.069484,1.054310,1.077551,1.074234,1.072386,1.064539,1.021992,0.981402,0.985886,0.999002,1.003312,1.022623,1.059727,1.013843,1.021570,1.033347
1.582700,1.042944,1.060231,1.061291,1.051159,1.052443,1.052557,1.051482,1.051278,1.052940,1.053713,1.052733,1.045318,1.053919,1.056570,1.064033,1.068320,1.070097,1.067078,1.069401,1.007194,1.063353,1.058509,1.058555,1.069894,1.054586,1.077872,1.074570,1.072714,1.064863,1.022239,0.981591,0.986107,0.999499,1.003908,1.023063,1.060251,1.014136,1.021880,1.033179
1.591030,1.042772,1.060485,1.061543,1.051385,1.052631,1.052745,1.051649,1.051434,1.052903,1.053929,1.052939,1.045534,1.054144,1.056819,1.064370,1.068698,1.070432,1.067382,1.069886,1.007706,1.063752,1.058933,1.058989,1.070284,1.054844,1.078172,1.074885,1.073017,1.065162,1.022468,0.981763,0.986312,0.999978,1.004485,1.023482,1.060751,1.014412,1.022163,1.033010
1.599360,1.042600,1.060720,1.061777,1.051593,1.052802,1.052915,1.051800,1.051573,1.052857,1.054127,1.053129,1.045733,1.054352,1.057049,1.064687,1.069055,1.070747,1.067665,1.070350,1.008199,1.064131,1.059334,1.059401,1.070653,1.055085,1.078450,1.075179,1.073296,1.065436,1.022681,0.981919,0.986501,1.000438,1.005040,1.023880,1.061224,1.014673,1.022420,1.032839
1.607690,1.042425,1.060936,1.061992,1.051783,1.052956,1.053068,1.051933,1.051696,1.052802,1.054308,1.053300,1.045914,1.054541,1.057261,1.064983,1.069391,1.071040,1.067929,1.070792,1.008670,1.064487,1.059712,1.059789,1.071001,1.055307,1.078707,1.075451,1.073550,1.065684,1.022876,0.982058,0.986674,1.000877,1.005574,1.024256,1.061671,1.014917,1.022650,1.032666
1.616020,1.042248,1.061134,1.062188,1.051955,1.053092,1.053203,1.052050,1.051803,1.052738,1.054472,1.053454,1.046078,1.054713,1.057454,1.065258,1.069706,1.071313,1.068173,1.071211,1.009120,1.064821,1.060068,1.060153,1.071327,1.055512,1.078941,1.075702,1.073779,1.065906,1.023054,0.982180,0.986831,1.001296,1.006085,1.024610,1.062090,1.015146,1.022854,1.032491
1.624350,1.042070,1.061313,1.062365,1.052109,1.053211,1.053322,1.052150,1.051893,1.052664,1.054617,1.053591,1.046223,1.054866,1.057628,1.065513,1.069998,1.071565,1.068396,1.071608,1.009547,1.065132,1.060399,1.060493,1.071630,1.055700,1.079154,1.075932,1.073983,1.066103,1.023215,0.982284,0.986971,1.001694,1.006572,1.024941,1.062481,1.015359,1.023032,1.032314
1.632680,1.041891,1.061473,1.062522,1.052245,1.053313,1.053423,1.052234,1.051967,1.052582,1.054745,1.053710,1.046350,1.055002,1.057784,1.065747,1.070269,1.071795,1.068598,1.071981,1.009951,1.065420,1.060707,1.060808,1.071912,1.055870,1.079344,1.076140,1.074162,1.066274,1.023360,0.982372,0.987096,1.002070,1.007034,1.025249,1.062843,1.015556,1.023184,1.032137
1.641010,1.041710,1.061614,1.062661,1.052363,1.053398,1.053506,1.052301,1.052025,1.052491,1.054854,1.053811,1.046460,1.055119,1.057921,1.065959,1.070517,1.072003,1.068780,1.072331,1.010331,1.065685,1.060991,1.061098,1.072170,1.056023,1.079513,1.076326,1.074317,1.066420,1.023488,0.982443,0.987204,1.002424,1.007472,1.025533,1.063177,1.015738,1.023309,1.031957
1.649340,1.041528,1.061738,1.062781,1.052463,1.053465,1.053573,1.052352,1.052067,1.052392,1.054947,1.053894,1.046552,1.055218,1.058039,1.066150,1.070743,1.072191,1.068942,1.072656,1.010687,1.065927,1.061250,1.061364,1.072407,1.056158,1.079660,1.076491,1.074448,1.066541,1.023601,0.982498,0.987297,1.002755,1.007883,1.025794,1.063483,1.015905,1.023408,1.031777
1.657670,1.041344,1.061843,1.062883,1.052545,1.053516,1.053623,1.052386,1.052093,1.052285,1.055022,1.053961,1.046626,1.055300,1.058138,1.066320,1.070947,1.072357,1.069084,1.072957,1.011019,1.066146,1.061485,1.061604,1.072620,1.056277,1.079786,1.076635,1.074554,1.066636,1.023697,0.982536,0.987373,1.003063,1.008268,1.026031,1.063759,1.016056,1.023482,1.031595
1.666000,1.041160,1.061931,1.062966,1.052610,1.053551,1.053657,1.052405,1.052104,1.052170,1.055079,1.054011,1.046684,1.055365,1.058220,1.066470,1.071128,1.072502,1.069205,1.073233,1.011326,1.066341,1.061696,1.061820,1.072811,1.056380,1.079891,1.076757,1.074636,1.066707,1.023778,0.982558,0.987434,1.003348,1.008626,1.026245,1.064007,1.016192,1.023530,1.031413
1.674330,1.040975,1.062002,1.063031,1.052658,1.053569,1.053674,1.052409,1.052099,1.052047,1.055120,1.054044,1.046724,1.055412,1.058284,1.066598,1.071287,1.072626,1.069307,1.073485,1.011608,1.066513,1.061883,1.062010,1.072980,1.056466,1.079975,1.076859,1.074694,1.066754,1.023844,0.982565,0.987479,1.003610,1.008957,1.026436,1.064227,1.016313,1.023553,1.031229
1.682660,1.040790,1.062055,1.063079,1.052689,1.053572,1.053676,1.052398,1.052081,1.051917,1.055145,1.054061,1.046748,1.055442,1.058330,1.066706,1.071424,1.072729,1.069389,1.073711,1.011864,1.066662,1.062046,1.062176,1.073126,1.056536,1.080039,1.076940,1.074729,1.066776,1.023895,0.982557,0.987509,1.003849,1.009261,1.026603,1.064418,1.016420,1.023551,1.031046
1.690990,1.040604,1.062092,1.063110,1.052703,1.053559,1.053663,1.052372,1.052048,1.051781,1.055153,1.054062,1.046756,1.055456,1.058358,1.066793,1.071540,1.072812,1.069452,1.073914,1.012096,1.066789,1.062185,1.062318,1.073250,1.056591,1.080082,1.077001,1.074741,1.066775,1.023932,0.982534,0.987525,1.004064,1.009536,1.026747,1.064581,1.016512,1.023524,1.030862
1.699320,1.040418,1.062113,1.063124,1.052702,1.053532,1.053634,1.052331,1.052001,1.051639,1.055145,1.054047,1.046748,1.055454,1.058370,1.066861,1.071634,1.072876,1.069497,1.074091,1.012302,1.066893,1.062300,1.062436,1.073352,1.056630,1.080105,1.077042,1.074731,1.066750,1.023955,0.982496,0.987525,1.004256,1.009783,1.026868,1.064717,1.016590,1.023473,1.030678
1.707650,1.040233,1.062118,1.063121,1.052685,1.053490,1.053592,1.052278,1.051941,1.051490,1.055123,1.054018,1.046724,1.055436,1.058366,1.066909,1.071707,1.072919,1.069523,1.074244,1.012483,1.066975,1.062393,1.062529,1.073433,1.056655,1.080110,1.077064,1.074698,1.066703,1.023964,0.982445,0.987512,1.004425,1.010003,1.026966,1.064825,1.016655,1.023398,1.030494
1.715980,1.040048,1.062108,1.063103,1.052654,1.053435,1.053535,1.052211,1.051869,1.051337,1.055086,1.053974,1.046686,1.055404,1.058345,1.066937,1.071760,1.072943,1.069531,1.074373,1.012639,1.067035,1.062462,1.062600,1.073493,1.056666,1.080096,1.077067,1.074644,1.066634,1.023960,0.982381,0.987485,1.004570,1.010194,1.027043,1.064906,1.016706,1.023301,1.030311
1.724310,1.039864,1.062083,1.063070,1.052608,1.053366,1.053466,1.052132,1.051784,1.051179,1.055034,1.053916,1.046634,1.055356,1.058310,1.066948,1.071792,1.072949,1.069522,1.074478,1.012770,1.067074,1.062510,1.062647,1.073532,1.056662,1.080063,1.077051,1.074570,1.066543,1.023944,0.982304,0.987444,1.004694,1.010358,1.027097,1.064960,1.016744,1.023182,1.030129
1.732640,1.039681,1.062044,1.063022,1.052548,1.053285,1.053383,1.052041,1.051688,1.051016,1.054969,1.053845,1.046568,1.055295,1.058259,1.066939,1.071804,1.072936,1.069496,1.074559,1.012877,1.067092,1.062535,1.062672,1.073551,1.056646,1.080013,1.077018,1.074475,1.066432,1.023915,0.982215,0.987391,1.004794,1.010494,1.027130,1.064989,1.016769,1.023041,1.029947
1.740970,1.039499,1.061992,1.062960,1.052474,1.053191,1.053289,1.051939,1.051581,1.050850,1.054891,1.053762,1.046489,1.055220,1.058194,1.066913,1.071797,1.072906,1.069454,1.074617,1.012959,1.067090,1.062539,1.062674,1.073550,1.056616,1.079946,1.076968,1.074362,1.066301,1.023874,0.982115,0.987325,1.004873,1.010602,1.027142,1.064992,1.016782,1.022880,1.029767
1.749300,1.039319,1.061926,1.062884,1.052388,1.053086,1.053183,1.051826,1.051464,1.050681,1.054800,1.053666,1.046398,1.055133,1.058115,1.066870,1.071771,1.072859,1.069396,1.074653,1.013016,1.067068,1.062522,1.062655,1.073530,1.056574,1.079863,1.076900,1.074229,1.066151,1.023822,0.982003,0.987247,1.004930,1.010682,1.027133,1.064969,1.016783,1.022699,1.029589
1.757630,1.039141,1.061847,1.062795,1.052290,1.052971,1.053067,1.051703,1.051338,1.050509,1.054697,1.053558,1.046294,1.055033,1.058023,1.066810,1.071727,1.072794,1.069322,1.074666,1.013051,1.067026,1.062484,1.062615,1.073490,1.056520,1.079764,1.076817,1.074078,1.065981,1.023759,0.981882,0.987158,1.004966,1.010736,1.027105,1.064922,1.016772,1.022498,1.029412
1.765960,1.038964,1.061756,1.062694,1.052180,1.052845,1.052940,1.051570,1.051202,1.050335,1.054583,1.053440,1.046179,1.054921,1.057919,1.066734,1.071665,1.072714,1.069234,1.074657,1.013061,1.066966,1.062427,1.062554,1.073433,1.056454,1.079649,1.076718,1.073910,1.065794,1.023685,0.981750,0.987058,1.004980,1.010763,1.027056,1.064851,1.016750,1.022278,1.029237
1.774290,1.038790,1.061653,1.062580,1.052059,1.052709,1.052803,1.051429,1.051057,1.050159,1.054457,1.053311,1.046053,1.054798,1.057802,1.066642,1.071585,1.072618,1.069131,1.074626,1.013049,1.066886,1.062349,1.062472,1.073357,1.056377,1.079519,1.076603,1.073724,1.065589,1.023600,0.981610,0.986947,1.004975,1.010763,1.026989,1.064755,1.016717,1.022040,1.029065
1.782620,1.038619,1.061539,1.062455,1.051928,1.052564,1.052657,1.051279,1.050905,1.049981,1.054322,1.053171,1.045917,1.054665,1.057674,1.066535,1.071488,1.072506,1.069014,1.074574,1.013014,1.066789,1.062253,1.062371,1.073264,1.056288,1.079375,1.076473,1.073522,1.065367,1.023506,0.981460,0.986827,1.004948,1.010738,1.026902,1.064636,1.016673,1.021784,1.028895
1.790950,1.038451,1.061414,1.062319,1.051786,1.052410,1.052503,1.051121,1.050745,1.049803,1.054176,1.053023,1.045771,1.054521,1.057534,1.066413,1.071375,1.072380,1.068884,1.074502,1.012957,1.066674,1.062137,1.062250,1.073154,1.056189,1.079216,1.076329,1.073303,1.065127,1.023401,0.981303,0.986697,1.004903,1.010687,1.026797,1.064494,1.016618,1.021510,1.028728
1.799280,1.038285,1.061277,1.062171,1.051634,1.052248,1.052340,1.050956,1.050579,1.049624,1.054021,1.052865,1.045615,1.054367,1.057384,1.066276,1.071246,1.072239,1.068741,1.074410,1.012878,1.066542,1.062003,1.062111,1.073027,1.056079,1.079044,1.076171,1.073068,1.064871,1.023287,0.981138,0.986557,1.004838,1.010611,1.026674,1.064329,1.016553,1.021219,1.028565
1.807610,1.038123,1.061131,1.062014,1.051474,1.052079,1.052169,1.050784,1.050406,1.049446,1.053858,1.052699,1.045451,1.054204,1.057224,1.066126,1.071100,1.072084,1.068585,1.074297,1.012778,1.066393,1.061852,1.061952,1.072885,1.055959,1.078858,1.075999,1.072817,1.064599,1.023163,0.980966,0.986410,1.004754,1.010510,1.026534,1.064142,1.016477,1.020910,1.028404
1.815940,1.037964,1.060974,1.061846,1.051304,1.051902,1.051992,1.050606,1.050227,1.049268,1.053685,1.052525,1.045278,1.054032,1.057053,1.065962,1.070940,1.071916,1.068417,1.074166,1.012658,1.066228,1.061683,1.061776,1.072726,1.055828,1.078659,1.075814,1.072551,1.064311,1.023030,0.980787,0.986254,1.004652,1.010385,1.026377,1.063934,1.016392,1.020585,1.028246
1.824270,1.037809,1.060807,1.061668,1.051127,1.051718,1.051807,1.050422,1.050042,1.049090,1.053505,1.052343,1.045097,1.053852,1.056874,1.065786,1.070765,1.071734,1.068237,1.074016,1.012517,1.066047,1.061497,1.061583,1.072552,1.055688,1.078446,1.075615,1.072270,1.064006,1.022888,0.980602,0.986090,1.004532,1.010238,1.026203,1.063704,1.016296,1.020242,1.028093
1.832600,1.037657,1.060631,1.061481,1.050941,1.051528,1.051616,1.050232,1.049853,1.048913,1.053317,1.052154,1.044908,1.053664,1.056686,1.065596,1.070576,1.071539,1.068045,1.073848,1.012356,1.065851,1.061295,1.061372,1.072364,1.055537,1.078221,1.075404,1.071973,1.063686,1.022738,0.980411,0.985918,1.004395,1.010067,1.026014,1.063455,1.016190,1.019883,1.027942
1.840930,1.037509,1.060445,1.061285,1.050748,1.051332,1.051420,1.050037,1.049658,1.048738,1.053122,1.051958,1.044712,1.053468,1.056489,1.065395,1.070373,1.071332,1.067842,1.073663,1.012177,1.065640,1.061077,1.061145,1.072161,1.055377,1.077983,1.075180,1.071661,1.063350,1.022578,0.980215,0.985740,1.004241,1.009874,1.025809,1.063185,1.016074,1.019507,1.027796
1.849260,1.037366,1.060250,1.061080,1.050547,1.051130,1.051217,1.049837,1.049459,1.048564,1.052920,1.051756,1.044510,1.053265,1.056284,1.065181,1.070156,1.071112,1.067628,1.073460,1.011979,1.065415,1.060844,1.060902,1.071944,1.055206,1.077732,1.074944,1.071334,1.062998,1.022410,0.980014,0.985555,1.004071,1.009660,1.025589,1.062895,1.015948,1.019115,1.027654
1.857590,1.037226,1.060046,1.060866,1.050339,1.050923,1.051009,1.049632,1.049257,1.048392,1.052711,1.051547,1.044300,1.053055,1.056071,1.064956,1.069926,1.070880,1.067404,1.073240,1.011763,1.065175,1.060596,1.060643,1.071713,1.055026,1.077469,1.074695,1.070991,1.062631,1.022233,0.979807,0.985363,1.003885,1.009425,1.025354,1.062587,1.015812,1.018705,1.027515
1.865920,1.037090,1.059833,1.060644,1.050125,1.050711,1.050796,1.049424,1.049050,1.048222,1.052496,1.051333,1.044085,1.052839,1.055850,1.064720,1.069683,1.070637,1.067168,1.073005,1.011529,1.064922,1.060333,1.060369,1.071469,1.054836,1.077193,1.074434,1.070634,1.062247,1.022047,0.979597,0.985165,1.003683,1.009169,1.025105,1.062261,1.015666,1.018278,1.027381
1.874250,1.036959,1.059611,1.060413,1.049904,1.050494,1.050579,1.049211,1.048840,1.048054,1.052275,1.051113,1.043863,1.052616,1.055622,1.064474,1.069427,1.070382,1.066923,1.072753,1.011277,1.064655,1.060056,1.060080,1.071212,1.054636,1.076905,1.074161,1.070261,1.061847,1.021853,0.979382,0.984961,1.003466,1.008893,1.024843,1.061917,1.015510,1.017834,1.027251
1.882580,1.036832,1.059379,1.060175,1.049677,1.050272,1.050356,1.048994,1.048626,1.047888,1.052048,1.050887,1.043636,1.052386,1.055387,1.064216,1.069160,1.070116,1.066667,1.072486,1.011009,1.064376,1.059765,1.059777,1.070942,1.054426,1.076605,1.073876,1.069873,1.061432,1.021650,0.979163,0.984752,1.003234,1.008598,1.024567,1.061556,1.015344,1.017373,1.027125
1.890910,1.036709,1.059139,1.059928,1.049443,1.050046,1.050129,1.048774,1.048409,1.047725,1.051815,1.050656,1.043402,1.052151,1.055145,1.063948,1.068880,1.069838,1.066401,1.072203,1.010725,1.064083,1.059460,1.059460,1.070660,1.054205,1.076291,1.073579,1.069470,1.061000,1.021439,0.978940,0.984537,1.002987,1.008284,1.024278,1.061178,1.015167,1.016894,1.027004
1.899240,1.036591,1.058890,1.059673,1.049204,1.049815,1.049898,1.048550,1.048189,1.047564,1.051577,1.050420,1.043164,1.051910,1.054896,1.063670,1.068589,1.069550,1.066126,1.071906,1.010425,1.063779,1.059143,1.059129,1.070366,1.053975,1.075966,1.073271,1.069052,1.060553,1.021219,0.978713,0.984316,1.002727,1.007952,1.023977,1.060783,1.014980,1.016399,1.026886
1.907570,1.036477,1.058633,1.059410,1.048959,1.049580,1.049663,1.048323,1.047965,1.047405,1.051333,1.050179,1.042920,1.051663,1.054640,1.063382,1.068286,1.069251,1.065841,1.071595,1.010109,1.063462,1.058813,1.058785,1.070061,1.053734,1.075629,1.072951,1.068619,1.060090,1.020990,0.978483,0.984091,1.002453,1.007602,1.023663,1.060373,1.014783,1.015887,1.026773
1.915900,1.036367,1.058366,1.059139,1.048708,1.049341,1.049423,1.048092,1.047739,1.047248,1.051084,1.049933,1.042670,1.051410,1.054378,1.063085,1.067971,1.068942,1.065546,1.071270,1.009778,1.063133,1.058470,1.058428,1.069743,1.053483,1.075279,1.072620,1.068171,1.059612,1.020752,0.978249,0.983860,1.002166,1.007235,1.023338,1.059948,1.014575,1.015358,1.026664
1.924230,1.036261,1.058091,1.058861,1.048451,1.049098,1.049179,1.047859,1.047510,1.047094,1.050830,1.049683,1.042416,1.051152,1.054110,1.062778,1.067646,1.068622,1.065242,1.070931,1.009433,1.062793,1.058116,1.058059,1.069414,1.053222,1.074917,1.072277,1.067709,1.059118,1.020506,0.978012,0.983624,1.001865,1.006850,1.023001,1.059507,1.014356,1.014813,1.026560
1.932560,1.036159,1.057807,1.058575,1.048188,1.048850,1.048932,1.047622,1.047278,1.046942,1.050571,1.049427,1.042156,1.050889,1.053836,1.062461,1.067310,1.068291,1.064929,1.070578,1.009073,1.062442,1.057750,1.057677,1.069074,1.052950,1.074543,1.071924,1.067232,1.058609,1.020250,0.977771,0.983384,1.001552,1.006449,1.022653,1.059052,1.014126,1.014252,1.026459
1.940890,1.036062,1.057514,1.058281,1.047920,1.048599,1.048680,1.047381,1.047044,1.046793,1.050307,1.049167,1.041892,1.050620,1.053555,1.062136,1.066964,1.067951,1.064606,1.070212,1.008699,1.062080,1.057372,1.057283,1.068724,1.052668,1.074157,1.071559,1.066741,1.058085,1.019986,0.977527,0.983138,1.001226,1.006033,1.022293,1.058583,1.013886,1.013675,1.026362
1.949220,1.035968,1.057212,1.057979,1.047646,1.048344,1.048425,1.047137,1.046806,1.046645,1.050038,1.048902,1.041622,1.050346,1.053268,1.061801,1.066607,1.067600,1.064274,1.069834,1.008311,1.061707,1.056982,1.056878,1.068362,1.052375,1.073760,1.071183,1.066235,1.057546,1.019712,0.977280,0.982888,1.000888,1.005600,1.021924,1.058100,1.013634,1.013082,1.026270
1.957550,1.035879,1.056901,1.057669,1.047367,1.048084,1.048165,1.046890,1.046565,1.046499,1.049763,1.048633,1.041347,1.050066,1.052974,1.061458,1.066239,1.067240,1.063933,1.069443,1.007910,1.061323,1.056582,1.056461,1.067990,1.052071,1.073350,1.070796,1.065716,1.056993,1.019430,0.977029,0.982633,1.000539,1.005152,1.021543,1.057603,1.013372,1.012474,1.026181
1.965880,1.035793,1.056581,1.057351,1.047082,1.047821,1.047901,1.046640,1.046321,1.046355,1.049484,1.048358,1.041067,1.049781,1.052675,1.061105,1.065862,1.066869,1.063583,1.069040,1.007495,1.060929,1.056171,1.056033,1.067608,1.051757,1.072929,1.070398,1.065183,1.056426,1.019138,0.976775,0.982373,1.000177,1.004690,1.021153,1.057094,1.013098,1.011851,1.026095
1.974210,1.035710,1.056253,1.057026,1.046791,1.047553,1.047633,1.046386,1.046075,1.046213,1.049199,1.048079,1.040782,1.049490,1.052369,1.060744,1.065474,1.066489,1.063223,1.068624,1.007068,1.060524,1.055750,1.055594,1.067215,1.051432,1.072496,1.069990,1.064636,1.055844,1.018836,0.976518,0.982109,0.999805,1.004213,1.020752,1.056571,1.012813,1.011213,1.026014
1.982540,1.035631,1.055915,1.056693,1.046495,1.047281,1.047362,1.046129,1.045825,1.046072,1.048910,1.047796,1.040493,1.049195,1.052058,1.060375,1.065077,1.066100,1.062856,1.068198,1.006629,1.060110,1.055318,1.055144,1.066813,1.051097,1.072053,1.069572,1.064078,1.055251,1.018526,0.976257,0.981839,0.999421,1.003722,1.020343,1.056037,1.012517,1.010563,1.025936
1.990870,1.035556,1.055571,1.056354,1.046194,1.047006,1.047086,1.045868,1.045572,1.045933,1.048616,1.047508,1.040199,1.048895,1.051741,1.059998,1.064672,1.065703,1.062481,1.067761,1.006179,1.059688,1.054878,1.054685,1.066402,1.050753,1.071601,1.069145,1.063511,1.054649,1.018208,0.975993,0.981566,0.999028,1.003219,1.019924,1.055491,1.012212,1.009905,1.025861
1.999200,1.035484,1.055219,1.056009,1.045889,1.046728,1.046808,1.045606,1.045317,1.045795,1.048318,1.047217,1.039901,1.048591,1.051420,1.059615,1.064259,1.065299,1.062099,1.067314,1.005719,1.059257,1.054429,1.054218,1.065984,1.050401,1.071142,1.068712,1.062936,1.054041,1.017882,0.975727,0.981289,0.998626,1.002704,1.019498,1.054935,1.011899,1.009241,1.025790
2.007530,1.035416,1.054862,1.055659,1.045580,1.046446,1.046527,1.045341,1.045061,1.045659,1.048017,1.046922,1.039599,1.048283,1.051094,1.059225,1.063839,1.064888,1.061712,1.066859,1.005249,1.058819,1.053973,1.053743,1.065558,1.050042,1.070676,1.068271,1.062356,1.053426,1.017550,0.975459,0.981009,0.998215,1.002179,1.019065,1.054370,1.011577,1.008572,1.025722
2.015860,1.035350,1.054500,1.055304,1.045267,1.046163,1.046244,1.045074,1.044802,1.045525,1.047713,1.046625,1.039295,1.047972,1.050765,1.058830,1.063413,1.064471,1.061319,1.066396,1.004771,1.058375,1.053510,1.053261,1.065126,1.049676,1.070204,1.067825,1.061770,1.052806,1.017214,0.975188,0.980727,0.997798,1.001644,1.018626,1.053796,1.011247,1.007898,1.025657
2.024190,1.035288,1.054133,1.054946,1.044952,1.045877,1.045958,1.044805,1.044542,1.045392,1.047406,1.046325,1.038988,1.047658,1.050433,1.058431,1.062982,1.064050,1.060921,1.065926,1.004285,1.057925,1.053041,1.052772,1.064688,1.049305,1.069728,1.067375,1.061181,1.052183,1.016873,0.974917,0.980441,0.997373,1.001100,1.018181,1.053215,1.010911,1.007222,1.025596
2.032520,1.035229,1.053764,1.054585,1.044634,1.045590,1.045671,1.044535,1.044281,1.045261,1.047098,1.046024,1.038679,1.047342,1.050098,1.058027,1.062545,1.063624,1.060520,1.065450,1.003792,1.057470,1.052567,1.052278,1.064245,1.048929,1.069247,1.066920,1.060587,1.051556,1.016530,0.974644,0.980154,0.996943,1.000549,1.017731,1.052626,1.010570,1.006542,1.025537
2.040850,1.035173,1.053392,1.054221,1.044314,1.045301,1.045383,1.044265,1.044020,1.045132,1.046787,1.045721,1.038368,1.047024,1.049760,1.057620,1.062105,1.063195,1.060115,1.064969,1.003294,1.057012,1.052089,1.051779,1.063797,1.048549,1.068763,1.066461,1.059991,1.050927,1.016184,0.974371,0.979865,0.996508,0.999991,1.017278,1.052031,1.010223,1.005862,1.025482
2.049180,1.035120,1.053018,1.053855,1.043993,1.045012,1.045094,1.043993,1.043757,1.045004,1.046475,1.045416,1.038056,1.046704,1.049421,1.057210,1.061661,1.062762,1.059709,1.064484,1.002791,1.056549,1.051606,1.051276,1.063347,1.048166,1.068277,1.066000,1.059393,1.050296,1.015838,0.974097,0.979575,0.996069,0.999428,1.016820,1.051431,1.009872,1.005180,1.025429
2.057510,1.035069,1.052643,1.053488,1.043671,1.044722,1.044804,1.043721,1.043495,1.044878,1.046162,1.045111,1.037743,1.046384,1.049081,1.056798,1.061215,1.062328,1.059300,1.063995,1.002284,1.056084,1.051121,1.050770,1.062893,1.047780,1.067788,1.065537,1.058794,1.049665,1.015493,0.973823,0.979284,0.995627,0.998860,1.016360,1.050827,1.009518,1.004498,1.025379
2.065840,1.035022,1.052268,1.053120,1.043348,1.044432,1.044514,1.043449,1.043232,1.044753,1.045849,1.044805,1.037429,1.046063,1.048740,1.056384,1.060767,1.061892,1.058890,1.063503,1.001774,1.055616,1.050633,1.050261,1.062437,1.047393,1.067298,1.065072,1.058194,1.049033,1.015148,0.973549,0.978993,0.995182,0.998289,1.015897,1.050218,1.009160,1.003816,1.025332
2.074170,1.034977,1.051893,1.052752,1.043024,1.044142,1.044224,1.043178,1.042970,1.044630,1.045536,1.044500,1.037115,1.045741,1.048398,1.055970,1.060317,1.061455,1.058479,1.063009,1.001262,1.055147,1.050143,1.049750,1.061979,1.047004,1.066808,1.064606,1.057594,1.048401,1.014805,0.973276,0.978701,0.994735,0.997715,1.015432,1.049607,1.008800,1.003136,1.025288
2.082500,1.034935,1.051519,1.052385,1.042701,1.043852,1.043935,1.042906,1.042708,1.044509,1.045222,1.044194,1.036801,1.045420,1.048057,1.055554,1.059866,1.061017,1.058068,1.062514,1.000748,1.054677,1.049653,1.049237,1.061521,1.046614,1.066317,1.064140,1.056994,1.047771,1.014464,0.973003,0.978409,0.994287,0.997140,1.014967,1.048994,1.008438,1.002457,1.025246
2.090830,1.034895,1.051147,1.052018,1.042378,1.043562,1.043646,1.042636,1.042447,1.044389,1.044909,1.043889,1.036488,1.045099,1.047716,1.055139,1.059415,1.060580,1.057658,1.062019,1.000234,1.054207,1.049162,1.048725,1.061062,1.046225,1.065827,1.063675,1.056396,1.047142,1.014126,0.972732,0.978118,0.993839,0.996564,1.014502,1.048379,1.008076,1.001780,1.025206
2.099160,1.034858,1.050776,1.051652,1.042056,1.043274,1.043358,1.042366,1.042187,1.044271,1.044597,1.043585,1.036175,1.044779,1.047375,1.054724,1.058965,1.060144,1.057249,1.061524,0.999719,1.053737,1.048671,1.048213,1.060604,1.045836,1.065338,1.063211,1.055800,1.046515,1.013792,0.972462,0.977827,0.993391,0.995989,1.014037,1.047766,1.007712,1.001107,1.025169
2.107490,1.034823,1.050408,1.051289,1.041736,1.042987,1.043072,1.042098,1.041928,1.044154,1.044286,1.043282,1.035864,1.044461,1.047036,1.054311,1.058516,1.059709,1.056841,1.061030,0.999206,1.053269,1.048182,1.047702,1.060146,1.045449,1.064850,1.062748,1.055206,1.045891,1.013462,0.972193,0.977538,0.992944,0.995415,1.013573,1.047153,1.007349,1.000437,1.025135
2.115820,1.034790,1.050044,1.050928,1.041417,1.042702,1.042787,1.041831,1.041670,1.044039,1.043977,1.042981,1.035555,1.044144,1.046699,1.053899,1.058070,1.059276,1.056435,1.060538,0.998695,1.052803,1.047695,1.047194,1.059691,1.045063,1.064366,1.062288,1.054616,1.045271,1.013137,0.971927,0.977250,0.992500,0.994843,1.013111,1.046544,1.006987,0.999771,1.025103
2.124150,1.034760,1.049682,1.050570,1.041100,1.042419,1.042504,1.041566,1.041415,1.043926,1.043670,1.042682,1.035247,1.043829,1.046364,1.053491,1.057625,1.058846,1.056033,1.060049,0.998187,1.052340,1.047212,1.046689,1.059239,1.044679,1.063884,1.061830,1.054029,1.044655,1.012817,0.971663,0.976963,0.992058,0.994274,1.012653,1.045939,1.006626,0.999109,1.025073
2.132480,1.034732,1.049326,1.050215,1.040786,1.042138,1.042224,1.041303,1.041162,1.043814,1.043365,1.042385,1.034942,1.043516,1.046032,1.053085,1.057185,1.058420,1.055634,1.059564,0.997682,1.051881,1.046732,1.046188,1.058789,1.044299,1.063405,1.061376,1.053446,1.044043,1.012503,0.971402,0.976679,0.991619,0.993710,1.012198,1.045339,1.006267,0.998453,1.025045
2.140810,1.034707,1.048974,1.049865,1.040475,1.041859,1.041946,1.041043,1.040911,1.043704,1.043063,1.042092,1.034640,1.043207,1.045702,1.052683,1.056748,1.057998,1.055239,1.059083,0.997181,1.051426,1.046257,1.045692,1.058344,1.043922,1.062931,1.060926,1.052869,1.043437,1.012195,0.971143,0.976398,0.991185,0.993150,1.011748,1.044745,1.005910,0.997803,1.025020
2.149140,1.034683,1.048627,1.049518,1.040167,1.041584,1.041672,1.040786,1.040663,1.043596,1.042764,1.041801,1.034342,1.042901,1.045377,1.052285,1.056316,1.057580,1.054848,1.058607,0.996686,1.050977,1.045788,1.045202,1.057904,1.043550,1.062462,1.060481,1.052297,1.042837,1.011893,0.970889,0.976120,0.990756,0.992596,1.011303,1.044160,1.005557,0.997159,1.024996
2.157470,1.034662,1.048286,1.049177,1.039864,1.041313,1.041401,1.040532,1.040418,1.043491,1.042470,1.041514,1.034047,1.042598,1.045055,1.051893,1.055890,1.057168,1.054463,1.058138,0.996197,1.050533,1.045325,1.044719,1.057469,1.043182,1.061998,1.060042,1.051731,1.042243,1.011599,0.970638,0.975845,0.990332,0.992049,1.010865,1.043583,1.005208,0.996523,1.024975
2.165800,1.034642,1.047951,1.048841,1.039564,1.041045,1.041134,1.040282,1.040176,1.043387,1.042179,1.041232,1.033756,1.042301,1.044738,1.051506,1.055470,1.056761,1.054083,1.057675,0.995714,1.050096,1.044869,1.044244,1.057040,1.042819,1.061540,1.059608,1.051172,1.041656,1.011312,0.970391,0.975574,0.989914,0.991509,1.010433,1.043015,1.004862,0.995894,1.024956
2.174130,1.034625,1.047622,1.048511,1.039269,1.040782,1.040871,1.040035,1.039939,1.043286,1.041893,1.040953,1.033469,1.042007,1.044426,1.051125,1.055056,1.056361,1.053710,1.057219,0.995238,1.049666,1.044421,1.043776,1.056618,1.042462,1.061089,1.059181,1.050621,1.041077,1.011033,0.970148,0.975308,0.989503,0.990978,1.010009,1.042459,1.004522,0.995272,1.024939
2.182460,1.034610,1.047300,1.048187,1.038979,1.040523,1.040613,1.039793,1.039705,1.043187,1.041612,1.040680,1.033188,1.041719,1.044120,1.050751,1.054649,1.055968,1.053343,1.056770,0.994771,1.049243,1.043981,1.043318,1.056203,1.042111,1.060644,1.058761,1.050076,1.040506,1.010762,0.969911,0.975046,0.989099,0.990455,1.009592,1.041913,1.004187,0.994659,1.024924
2.190790,1.034598,1.046986,1.047870,1.038695,1.040269,1.040359,1.039555,1.039475,1.043090,1.041336,1.040411,1.032912,1.041436,1.043819,1.050383,1.054250,1.055582,1.052983,1.056331,0.994312,1.048829,1.043550,1.042868,1.055796,1.041766,1.060206,1.058347,1.049540,1.039943,1.010499,0.969678,0.974789,0.988703,0.989942,1.009184,1.041380,1.003857,0.994055,1.024912
2.199120,1.034587,1.046679,1.047559,1.038416,1.040020,1.040111,1.039322,1.039251,1.042996,1.041066,1.040148,1.032641,1.041159,1.043524,1.050023,1.053859,1.055204,1.052631,1.055900,0.993862,1.048424,1.043128,1.042429,1.055397,1.041428,1.059777,1.057942,1.049012,1.039388,1.010244,0.969451,0.974537,0.988316,0.989439,1.008785,1.040859,1.003534,0.993460,1.024901
2.207450,1.034578,1.046380,1.047256,1.038143,1.039776,1.039868,1.039094,1.039031,1.042904,1.040801,1.039891,1.032376,1.040888,1.043235,1.049671,1.053477,1.054833,1.052286,1.055478,0.993421,1.048027,1.042716,1.041999,1.055006,1.041098,1.059355,1.057544,1.048493,1.038843,1.009998,0.969229,0.974291,0.987937,0.988947,1.008395,1.040351,1.003217,0.992874,1.024892
2.215780,1.034572,1.046089,1.046960,1.037876,1.039538,1.039631,1.038872,1.038816,1.042816,1.040542,1.039639,1.032118,1.040622,1.042953,1.049326,1.053103,1.054471,1.051949,1.055066,0.992990,1.047640,1.042314,1.041580,1.054625,1.040774,1.058941,1.057155,1.047983,1.038307,1.009761,0.969012,0.974050,0.987566,0.988466,1.008014,1.039857,1.002907,0.992298,1.024886
2.224110,1.034567,1.045805,1.046671,1.037616,1.039305,1.039399,1.038654,1.038606,1.042730,1.040290,1.039394,1.031865,1.040364,1.042677,1.048990,1.052738,1.054118,1.051620,1.054664,0.992569,1.047262,1.041922,1.041172,1.054252,1.040459,1.058536,1.056774,1.047482,1.037780,1.009532,0.968802,0.973815,0.987206,0.987996,1.007643,1.039376,1.002604,0.991732,1.024882
2.232440,1.034565,1.045531,1.046390,1.037362,1.039079,1.039173,1.038442,1.038401,1.042647,1.040044,1.039154,1.031619,1.040111,1.042409,1.048662,1.052382,1.053773,1.051299,1.054272,0.992159,1.046894,1.041540,1.040775,1.053888,1.040151,1.058139,1.056402,1.046990,1.037263,1.009313,0.968597,0.973587,0.986854,0.987538,1.007282,1.038909,1.002308,0.991175,1.024879
2.240770,1.034565,1.045264,1.046117,1.037114,1.038858,1.038953,1.038236,1.038202,1.042567,1.039805,1.038921,1.031379,1.039866,1.042147,1.048342,1.052035,1.053437,1.050987,1.053890,0.991759,1.046535,1.041169,1.040388,1.053534,1.039852,1.057751,1.056039,1.046508,1.036756,1.009103,0.968398,0.973364,0.986513,0.987092,1.006931,1.038456,1.002020,0.990628,1.024879
2.249100,1.034567,1.045007,1.045852,1.036874,1.038644,1.038740,1.038035,1.038008,1.042490,1.039572,1.038695,1.031146,1.039627,1.041893,1.048031,1.051698,1.053110,1.050684,1.053519,0.991371,1.046187,1.040808,1.040013,1.053190,1.039560,1.057372,1.055685,1.046035,1.036258,1.008902,0.968206,0.973148,0.986181,0.986658,1.006590,1.038017,1.001740,0.990092,1.024881
2.257430,1.034571,1.044757,1.045595,1.036640,1.038436,1.038533,1.037840,1.037820,1.042416,1.039346,1.038475,1.030920,1.039395,1.041646,1.047729,1.051370,1.052792,1.050389,1.053159,0.990994,1.045849,1.040458,1.039649,1.052855,1.039277,1.057002,1.055340,1.045572,1.035770,1.008710,0.968020,0.972938,0.985859,0.986237,1.006259,1.037592,1.001468,0.989566,1.024885
2.265760,1.034577,1.044517,1.045346,1.036414,1.038234,1.038332,1.037652,1.037638,1.042346,1.039127,1.038262,1.030700,1.039170,1.041406,1.047437,1.051052,1.052484,1.050103,1.052810,0.990628,1.045521,1.040119,1.039297,1.052530,1.039003,1.056642,1.055004,1.045119,1.035293,1.008527,0.967840,0.972735,0.985548,0.985829,1.005938,1.037182,1.001204,0.989050,1.024891
2.274090,1.034585,1.044286,1.045105,1.036194,1.038039,1.038138,1.037469,1.037462,1.042279,1.038915,1.038056,1.030488,1.038953,1.041174,1.047153,1.050744,1.052185,1.049826,1.052473,0.990274,1.045204,1.039791,1.038957,1.052215,1.038737,1.056292,1.054678,1.044678,1.034828,1.008354,0.967666,0.972539,0.985247,0.985434,1.005627,1.036787,1.000948,0.988547,1.024899
2.282420,1.034596,1.044064,1.044874,1.035982,1.037851,1.037950,1.037294,1.037293,1.042215,1.038711,1.037858,1.030284,1.038743,1.040951,1.046879,1.050447,1.051896,1.049559,1.052147,0.989932,1.044898,1.039474,1.038628,1.051911,1.038481,1.055952,1.054363,1.044248,1.034375,1.008191,0.967500,0.972349,0.984957,0.985052,1.005328,1.036406,1.000702,0.988057,1.024910
2.290750,1.034608,1.043852,1.044651,1.035779,1.037670,1.037770,1.037125,1.037130,1.042155,1.038514,1.037667,1.030087,1.038541,1.040735,1.046615,1.050161,1.051618,1.049302,1.051833,0.989602,1.044602,1.039169,1.038312,1.051618,1.038235,1.055624,1.054058,1.043832,1.033936,1.008037,0.967340,0.972167,0.984678,0.984685,1.005039,1.036041,1.000466,0.987582,1.024922
2.299080,1.034623,1.043650,1.044438,1.035583,1.037497,1.037598,1.036963,1.036973,1.042099,1.038326,1.037483,1.029898,1.038348,1.040528,1.046362,1.049885,1.051351,1.049055,1.051532,0.989285,1.044319,1.038876,1.038008,1.051337,1.038000,1.055308,1.053765,1.043431,1.033513,1.007893,0.967188,0.971992,0.984411,0.984331,1.004761,1.035690,1.000240,0.987123,1.024937
2.307410,1.034640,1.043458,1.044235,1.035396,1.037331,1.037433,1.036808,1.036824,1.042047,1.038146,1.037309,1.029717,1.038163,1.040331,1.046119,1.049622,1.051095,1.048820,1.051243,0.988981,1.044047,1.038596,1.037718,1.051067,1.037775,1.055005,1.053485,1.043045,1.033105,1.007760,0.967043,0.971826,0.984156,0.983992,1.004495,1.035356,1.000024,0.986682,1.024954
2.315740,1.034659,1.043277,1.044042,1.035218,1.037174,1.037277,1.036661,1.036683,1.041999,1.037975,1.037142,1.029546,1.037987,1.040142,1.045887,1.049370,1.050851,1.048595,1.050968,0.988690,1.043788,1.038328,1.037440,1.050809,1.037562,1.054716,1.053217,1.042675,1.032715,1.007636,0.966906,0.971667,0.983912,0.983668,1.004241,1.035037,0.999820,0.986259,1.024973
2.324070,1.034681,1.043108,1.043860,1.035049,1.037025,1.037129,1.036523,1.036549,1.041956,1.037813,1.036985,1.029383,1.037820,1.039964,1.045667,1.049131,1.050620,1.048382,1.050706,0.988413,1.043542,1.038073,1.037177,1.050563,1.037361,1.054441,1.052963,1.042323,1.032344,1.007524,0.966778,0.971517,0.983682,0.983359,1.003998,1.034735,0.999627,0.985857,1.024994
2.332400,1.034705,1.042950,1.043688,1.034890,1.036885,1.036990,1.036393,1.036424,1.041917,1.037660,1.036837,1.029230,1.037663,1.039795,1.045458,1.048904,1.050401,1.048181,1.050458,0.988151,1.043308,1.037832,1.036927,1.050331,1.037173,1.054181,1.052723,1.041990,1.031992,1.007422,0.966657,0.971376,0.983464,0.983065,1.003769,1.034450,0.999446,0.985475,1.025018
2.340730,1.034732,1.042804,1.043528,1.034740,1.036755,1.036860,1.036271,1.036307,1.041883,1.037517,1.036698,1.029087,1.037515,1.039637,1.045262,1.048691,1.050195,1.047993,1.050224,0.987903,1.043088,1.037604,1.036692,1.050111,1.036997,1.053937,1.052497,1.041675,1.031660,1.007331,0.966545,0.971244,0.983259,0.982788,1.003552,1.034181,0.999277,0.985115,1.025044
2.349060,1.034761,1.042669,1.043380,1.034601,1.036633,1.036739,1.036158,1.036198,1.041854,1.037383,1.036569,1.028953,1.037378,1.039489,1.045078,1.048491,1.050002,1.047817,1.050005,0.987669,1.042882,1.037391,1.036471,1.049905,1.036834,1.053708,1.052285,1.041379,1.031348,1.007251,0.966442,0.971120,0.983067,0.982526,1.003348,1.033930,0.999121,0.984777,1.025073
2.357390,1.034792,1.042547,1.043242,1.034471,1.036521,1.036628,1.036054,1.036098,1.041831,1.037260,1.036449,1.028830,1.037251,1.039352,1.044907,1.048304,1.049823,1.047654,1.049800,0.987450,1.042689,1.037191,1.036265,1.049713,1.036684,1.053496,1.052089,1.041103,1.031057,1.007181,0.966348,0.971006,0.982889,0.982280,1.003157,1.033696,0.998977,0.984461,1.025104
2.365720,1.034826,1.042436,1.043117,1.034353,1.036418,1.036526,1.035959,1.036007,1.041812,1.037147,1.036340,1.028716,1.037134,1.039226,1.044748,1.048131,1.049658,1.047503,1.049610,0.987246,1.042510,1.037006,1.036074,1.049534,1.036548,1.053299,1.051907,1.040847,1.030786,1.007123,0.966263,0.970902,0.982725,0.982051,1.002979,1.033479,0.998846,0.984167,1.025138
2.374050,1.034863,1.042338,1.043003,1.034244,1.036325,1.036434,1.035874,1.035925,1.041798,1.037045,1.036241,1.028613,1.037028,1.039111,1.044603,1.047972,1.049506,1.047366,1.049435,0.987057,1.042346,1.036835,1.035898,1.049369,1.036424,1.053118,1.051740,1.040610,1.030536,1.007076,0.966187,0.970807,0.982574,0.981837,1.002815,1.033280,0.998728,0.983896,1.025174
2.382380,1.034902,1.042252,1.042902,1.034146,1.036242,1.036352,1.035798,1.035853,1.041790,1.036952,1.036152,1.028521,1.036933,1.039007,1.044470,1.047826,1.049367,1.047242,1.049275,0.986883,1.042195,1.036679,1.035737,1.049218,1.036314,1.052954,1.051588,1.040392,1.030307,1.007041,0.966120,0.970722,0.982437,0.981641,1.002664,1.033098,0.998622,0.983646,1.025213
2.390710,1.034943,1.042179,1.042812,1.034059,1.036169,1.036280,1.035731,1.035789,1.041787,1.036871,1.036073,1.028439,1.036848,1.038914,1.044350,1.047695,1.049243,1.047130,1.049130,0.986724,1.042058,1.036537,1.035591,1.049081,1.036218,1.052805,1.051451,1.040194,1.030098,1.007016,0.966062,0.970647,0.982314,0.981460,1.002526,1.032934,0.998530,0.983418,1.025254
2.399040,1.034987,1.042117,1.042733,1.033983,1.036106,1.036217,1.035674,1.035735,1.041790,1.036799,1.036005,1.028367,1.036774,1.038832,1.044243,1.047577,1.049132,1.047032,1.048999,0.986580,1.041936,1.036409,1.035460,1.048958,1.036134,1.052672,1.051329,1.040016,1.029909,1.007002,0.966014,0.970581,0.982204,0.981296,1.002402,1.032788,0.998450,0.983212,1.025298
2.407370,1.035034,1.042067,1.042667,1.033917,1.036053,1.036165,1.035627,1.035690,1.041798,1.036739,1.035947,1.028306,1.036710,1.038761,1.044149,1.047473,1.049035,1.046946,1.048884,0.986452,1.041828,1.036296,1.035345,1.048849,1.036063,1.052556,1.051222,1.039856,1.029740,1.006999,0.965975,0.970525,0.982109,0.981148,1.002292,1.032660,0.998383,0.983026,1.025344
2.415700,1.035083,1.042030,1.042612,1.033862,1.036009,1.036122,1.035588,1.035654,1.041811,1.036688,1.035899,1.028255,1.036657,1.038702,1.044068,1.047383,1.048952,1.046874,1.048784,0.986338,1.041734,1.036198,1.035244,1.048754,1.036006,1.052455,1.051129,1.039715,1.029590,1.007007,0.965945,0.970478,0.982027,0.981017,1.002195,1.032549,0.998329,0.982862,1.025392
2.424030,1.035134,1.042004,1.042569,1.033817,1.035976,1.036089,1.035560,1.035628,1.041830,1.036648,1.035861,1.028215,1.036615,1.038653,1.044000,1.047307,1.048882,1.046814,1.048698,0.986239,1.041654,1.036114,1.035158,1.048673,1.035962,1.052370,1.051051,1.039593,1.029461,1.007025,0.965924,0.970441,0.981959,0.980902,1.002111,1.032455,0.998287,0.982719,1.025443
2.432360,1.035188,1.041990,1.042538,1.033783,1.035952,1.036066,1.035540,1.035610,1.041854,1.036619,1.035834,1.028185,1.036583,1.038616,1.043944,1.047244,1.048826,1.046767,1.048628,0.986155,1.041588,1.036044,1.035087,1.048606,1.035930,1.052300,1.050988,1.039489,1.029350,1.007055,0.965913,0.970414,0.981904,0.980802,1.002041,1.032379,0.998258,0.982595,1.025496
2.440690,1.035244,1.041988,1.042518,1.033759,1.035938,1.036053,1.035530,1.035602,1.041883,1.036600,1.035816,1.028166,1.036562,1.038589,1.043901,1.047195,1.048783,1.046733,1.048572,0.986086,1.041535,1.035988,1.035031,1.048552,1.035911,1.052245,1.050939,1.039404,1.029258,1.007094,0.965910,0.970396,0.981863,0.980719,1.001984,1.032320,0.998241,0.982492,1.025552
2.449020,1.035302,1.041998,1.042510,1.033746,1.035934,1.036049,1.035530,1.035603,1.041918,1.036591,1.035809,1.028156,1.036551,1.038574,1.043871,1.047159,1.048753,1.046712,1.048530,0.986032,1.041497,1.035947,1.034990,1.048513,1.035905,1.052206,1.050904,1.039336,1.029185,1.007145,0.965917,0.970388,0.981836,0.980651,1.001940,1.032278,0.998236,0.982408,1.025609
2.457350,1.035362,1.042019,1.042512,1.033743,1.035939,1.036055,1.035538,1.035612,1.041958,1.036592,1.035812,1.028157,1.036550,1.038569,1.043854,1.047137,1.048736,1.046702,1.048503,0.985992,1.041472,1.035919,1.034963,1.048486,1.035911,1.052181,1.050883,1.039285,1.029130,1.007205,0.965932,0.970389,0.981822,0.980599,1.001910,1.032252,0.998243,0.982343,1.025669
2.465680,1.035425,1.042051,1.042526,1.033751,1.035954,1.036070,1.035555,1.035631,1.042002,1.036603,1.035824,1.028168,1.036560,1.038575,1.043848,1.047128,1.048732,1.046705,1.048490,0.985966,1.041461,1.035905,1.034950,1.048473,1.035929,1.052171,1.050876,1.039253,1.029093,1.007276,0.965956,0.970399,0.981821,0.980563,1.001892,1.032244,0.998262,0.982297,1.025731
2.474010,1.035490,1.042094,1.042551,1.033768,1.035978,1.036095,1.035582,1.035658,1.042052,1.036624,1.035846,1.028189,1.036579,1.038591,1.043855,1.047132,1.048742,1.046720,1.048491,0.985955,1.041462,1.035905,1.034952,1.048473,1.035960,1.052175,1.050883,1.039237,1.029074,1.007357,0.965989,0.970419,0.981833,0.980541,1.001887,1.032251,0.998293,0.982270,1.025795
2.482340,1.035556,1.042149,1.042587,1.033795,1.036011,1.036129,1.035617,1.035694,1.042107,1.036654,1.035878,1.028219,1.036609,1.038617,1.043874,1.047148,1.048763,1.046747,1.048506,0.985957,1.041477,1.035919,1.034967,1.048486,1.036002,1.052194,1.050903,1.039237,1.029072,1.007448,0.966030,0.970447,0.981858,0.980534,1.001895,1.032275,0.998335,0.982261,1.025861
2.490670,1.035624,1.042214,1.042633,1.033832,1.036053,1.036172,1.035661,1.035738,1.042167,1.036695,1.035919,1.028259,1.036648,1.038654,1.043904,1.047178,1.048797,1.046786,1.048535,0.985973,1.041505,1.035945,1.034996,1.048512,1.036056,1.052227,1.050937,1.039255,1.029087,1.007549,0.966080,0.970485,0.981895,0.980542,1.001915,1.032315,0.998388,0.982269,1.025929
2.499000,1.035695,1.042290,1.042690,1.033879,1.036104,1.036223,1.035713,1.035791,1.042231,1.036744,1.035969,1.028309,1.036697,1.038701,1.043946,1.047219,1.048843,1.046836,1.048577,0.986003,1.041546,1.035985,1.035039,1.048550,1.036121,1.052273,1.050983,1.039288,1.029119,1.007660,0.966137,0.970531,0.981945,0.980565,1.001948,1.032370,0.998453,0.982295,1.025998
2.507330,1.035767,1.042377,1.042757,1.033935,1.036164,1.036284,1.035774,1.035852,1.042299,1.036803,1.036029,1.028368,1.036755,1.038757,1.044000,1.047273,1.048901,1.046897,1.048633,0.986045,1.041599,1.036038,1.035096,1.048601,1.036198,1.052333,1.051042,1.039337,1.029167,1.007780,0.966203,0.970585,0.982007,0.980601,1.001993,1.032440,0.998528,0.982338,1.026070
2.515660,1.035840,1.042473,1.042834,1.034000,1.036233,1.036353,1.035843,1.035920,1.042372,1.036871,1.036097,1.028435,1.036822,1.038823,1.044065,1.047339,1.048971,1.046970,1.048701,0.986101,1.041665,1.036103,1.035165,1.048664,1.036286,1.052406,1.051114,1.039402,1.029231,1.007910,0.966277,0.970648,0.982082,0.980652,1.002050,1.032525,0.998615,0.982398,1.026142
2.523990,1.035915,1.042580,1.042921,1.034075,1.036310,1.036430,1.035920,1.035997,1.042449,1.036948,1.036174,1.028512,1.036899,1.038899,1.044141,1.047417,1.049053,1.047054,1.048782,0.986170,1.041743,1.036181,1.035247,1.048739,1.036385,1.052493,1.051198,1.039482,1.029311,1.008049,0.966358,0.970719,0.982168,0.980716,1.002119,1.032625,0.998711,0.982474,1.026217
2.532320,1.035991,1.042697,1.043018,1.034158,1.036395,1.036515,1.036004,1.036080,1.042531,1.037033,1.036259,1.028597,1.036984,1.038984,1.044228,1.047506,1.049146,1.047148,1.048876,0.986251,1.041832,1.036271,1.035341,1.048826,1.036494,1.052592,1.051294,1.039576,1.029407,1.008197,0.966446,0.970798,0.982266,0.980793,1.002199,1.032739,0.998818,0.982566,1.026292
2.540650,1.036069,1.042824,1.043124,1.034250,1.036487,1.036609,1.036096,1.036172,1.042616,1.037127,1.036353,1.028691,1.037078,1.039078,1.044325,1.047607,1.049250,1.047253,1.048981,0.986344,1.041933,1.036373,1.035448,1.048924,1.036615,1.052703,1.051402,1.039686,1.029517,1.008355,0.966542,0.970885,0.982375,0.980883,1.002291,1.032867,0.998936,0.982673,1.026369
2.548980,1.036148,1.042960,1.043239,1.034350,1.036588,1.036710,1.036196,1.036270,1.042704,1.037229,1.036454,1.028793,1.037180,1.039181,1.044432,1.047718,1.049364,1.047368,1.049099,0.986449,1.042045,1.036486,1.035567,1.049034,1.036745,1.052827,1.051521,1.039809,1.029642,1.008521,0.966645,0.970980,0.982495,0.980986,1.002394,1.033008,0.999063,0.982796,1.026447
2.557310,1.036228,1.043106,1.043364,1.034458,1.036696,1.036818,1.036302,1.036375,1.042797,1.037339,1.036563,1.028903,1.037290,1.039292,1.044550,1.047841,1.049490,1.047493,1.049228,0.986566,1.042169,1.036611,1.035698,1.049154,1.036885,1.052963,1.051652,1.039947,1.029781,1.008696,0.966754,0.971081,0.982626,0.981101,1.002508,1.033162,0.999199,0.982934,1.026527
2.565640,1.036309,1.043260,1.043497,1.034575,1.036811,1.036933,1.036415,1.036487,1.042892,1.037456,1.036680,1.029020,1.037408,1.039411,1.044677,1.047974,1.049625,1.047628,1.049368,0.986693,1.042303,1.036747,1.035839,1.049285,1.037036,1.053110,1.051793,1.040098,1.029935,1.008880,0.966870,0.971190,0.982767,0.981228,1.002632,1.033329,0.999346,0.983086,1.026607
2.573970,1.036391,1.043424,1.043639,1.034699,1.036933,1.037055,1.036535,1.036605,1.042991,1.037581,1.036804,1.029145,1.037534,1.039538,1.044814,1.048116,1.049771,1.047772,1.049519,0.986832,1.042447,1.036894,1.035992,1.049426,1.037195,1.053269,1.051945,1.040262,1.030102,1.009072,0.966992,0.971306,0.982919,0.981366,1.002767,1.033508,0.999501,0.983253,1.026688
2.582300,1.036473,1.043596,1.043789,1.034830,1.037061,1.037184,1.036660,1.036729,1.043092,1.037712,1.036934,1.029276,1.037666,1.039673,1.044959,1.048269,1.049926,1.047925,1.049681,0.986981,1.042602,1.037050,1.036155,1.049577,1.037364,1.053438,1.052108,1.040439,1.030282,1.009272,0.967120,0.971428,0.983080,0.981515,1.002912,1.033699,0.999665,0.983433,1.026769
2.590630,1.036556,1.043776,1.043947,1.034968,1.037196,1.037319,1.036792,1.036859,1.043196,1.037851,1.037071,1.029415,1.037805,1.039815,1.045113,1.048431,1.050090,1.048087,1.049853,0.987140,1.042766,1.037217,1.036328,1.049738,1.037542,1.053619,1.052280,1.040629,1.030476,1.009480,0.967253,0.971555,0.983250,0.981675,1.003066,1.033901,0.999838,0.983626,1.026852
2.598960,1.036639,1.043964,1.044112,1.035113,1.037336,1.037459,1.036929,1.036993,1.043302,1.037995,1.037214,1.029559,1.037951,1.039964,1.045276,1.048601,1.050263,1.048257,1.050034,0.987309,1.042939,1.037393,1.036511,1.049908,1.037729,1.053809,1.052462,1.040830,1.030681,1.009695,0.967392,0.971689,0.983430,0.981844,1.003229,1.034113,1.000018,0.983833,1.026934
2.607290,1.036723,1.044159,1.044284,1.035263,1.037482,1.037605,1.037071,1.037133,1.043411,1.038145,1.037363,1.029709,1.038102,1.040119,1.045446,1.048780,1.050443,1.048434,1.050224,0.987486,1.043120,1.037577,1.036703,1.050086,1.037922,1.054008,1.052652,1.041043,1.030898,1.009916,0.967535,0.971827,0.983617,0.982023,1.003401,1.034334,1.000207,0.984051,1.027017
2.615620,1.036807,1.044360,1.044462,1.035419,1.037632,1.037755,1.037217,1.037277,1.043520,1.038300,1.037516,1.029864,1.038259,1.040280,1.045623,1.048967,1.050632,1.048618,1.050422,0.987671,1.043310,1.037770,1.036903,1.050271,1.038123,1.054217,1.052851,1.041266,1.031127,1.010143,0.967682,0.971970,0.983813,0.982211,1.003580,1.034565,1.000402,0.984282,1.027100
2.623950,1.036891,1.044566,1.044645,1.035580,1.037787,1.037910,1.037367,1.037424,1.043632,1.038459,1.037674,1.030024,1.038420,1.040446,1.045806,1.049160,1.050826,1.048809,1.050627,0.987865,1.043506,1.037970,1.037110,1.050464,1.038330,1.054433,1.053057,1.041499,1.031365,1.010373,0.967833,0.972117,0.984015,0.982406,1.003767,1.034804,1.000603,0.984523,1.027183
2.632280,1.036974,1.044776,1.044833,1.035745,1.037944,1.038067,1.037520,1.037574,1.043744,1.038622,1.037835,1.030187,1.038585,1.040615,1.045994,1.049359,1.051027,1.049005,1.050840,0.988064,1.043709,1.038177,1.037324,1.050663,1.038542,1.054656,1.053269,1.041742,1.031613,1.010607,0.967987,0.972268,0.984223,0.982609,1.003960,1.035051,1.000809,0.984774,1.027266
2.640610,1.037058,1.044989,1.045024,1.035913,1.038105,1.038228,1.037676,1.037727,1.043856,1.038788,1.037999,1.030354,1.038753,1.040789,1.046187,1.049564,1.051233,1.049205,1.051058,0.988270,1.043917,1.038389,1.037544,1.050868,1.038759,1.054885,1.053487,1.041992,1.031870,1.010842,0.968143,0.972420,0.984437,0.982818,1.004159,1.035304,1.001019,0.985035,1.027349
2.648940,1.037140,1.045205,1.045217,1.036083,1.038267,1.038390,1.037833,1.037881,1.043969,1.038956,1.038165,1.030522,1.038923,1.040965,1.046384,1.049773,1.051442,1.049408,1.051281,0.988481,1.044129,1.038606,1.037769,1.051077,1.038978,1.055119,1.053709,1.042249,1.032134,1.011078,0.968300,0.972575,0.984656,0.983032,1.004362,1.035562,1.001233,0.985303,1.027430
2.657270,1.037222,1.045421,1.045412,1.036255,1.038431,1.038554,1.037991,1.038037,1.044081,1.039126,1.038333,1.030692,1.039095,1.041143,1.046584,1.049985,1.051655,1.049614,1.051508,0.988696,1.044346,1.038827,1.037997,1.051289,1.039200,1.055358,1.053935,1.042512,1.032403,1.011312,0.968458,0.972731,0.984879,0.983251,1.004570,1.035824,1.001450,0.985578,1.027512
2.665600,1.037303,1.045638,1.045608,1.036428,1.038594,1.038717,1.038150,1.038192,1.044193,1.039296,1.038501,1.030862,1.039268,1.041321,1.046786,1.050199,1.051869,1.049822,1.051738,0.988915,1.044564,1.039051,1.038229,1.051504,1.039423,1.055598,1.054163,1.042778,1.032678,1.011545,0.968617,0.972887,0.985104,0.983473,1.004780,1.036090,1.001668,0.985859,1.027592
2.673930,1.037383,1.045853,1.045803,1.036601,1.038758,1.038881,1.038308,1.038347,1.044303,1.039466,1.038669,1.031033,1.039440,1.041500,1.046989,1.050415,1.052085,1.050029,1.051970,0.989135,1.044785,1.039277,1.038462,1.051721,1.039645,1.055840,1.054392,1.043048,1.032955,1.011775,0.968775,0.973042,0.985331,0.983698,1.004993,1.036358,1.001886,0.986143,1.027671
2.682260,1.037461,1.046066,1.045998,1.036773,1.038921,1.039043,1.038464,1.038501,1.044412,1.039635,1.038835,1.031202,1.039612,1.041678,1.047192,1.050632,1.052300,1.050237,1.052204,0.989357,1.045006,1.039503,1.038697,1.051939,1.039867,1.056083,1.054621,1.043319,1.033234,1.012000,0.968931,0.973197,0.985560,0.983925,1.005207,1.036627,1.002104,0.986429,1.027749
2.690590,1.037538,1.046276,1.046189,1.036943,1.039081,1.039203,1.038619,1.038652,1.044518,1.039802,1.039000,1.031370,1.039782,1.041855,1.047394,1.050848,1.052515,1.050443,1.052437,0.989580,1.045227,1.039730,1.038931,1.052156,1.040086,1.056324,1.054849,1.043590,1.033512,1.012221,0.969086,0.973350,0.985789,0.984152,1.005421,1.036896,1.002320,0.986715,1.027825
2.698920,1.037614,1.046482,1.046378,1.037111,1.039239,1.039361,1.038772,1.038801,1.044623,1.039967,1.039162,1.031535,1.039949,1.042029,1.047594,1.051062,1.052727,1.050646,1.052669,0.989802,1.045446,1.039955,1.039164,1.052372,1.040302,1.056563,1.055075,1.043858,1.033789,1.012435,0.969238,0.973500,0.986016,0.984378,1.005634,1.037164,1.002534,0.986999,1.027899
2.707250,1.037687,1.046683,1.046563,1.037276,1.039394,1.039516,1.038921,1.038947,1.044724,1.040128,1.039321,1.031696,1.040113,1.042201,1.047792,1.051273,1.052936,1.050846,1.052899,0.990022,1.045664,1.040179,1.039395,1.052585,1.040514,1.056798,1.055297,1.044124,1.034063,1.012643,0.969386,0.973647,0.986242,0.984603,1.005846,1.037429,1.002745,0.987281,1.027972
2.715580,1.037759,1.046878,1.046742,1.037436,1.039545,1.039666,1.039066,1.039089,1.044823,1.040285,1.039476,1.031854,1.040273,1.042368,1.047986,1.051482,1.053142,1.051042,1.053126,0.990240,1.045878,1.040399,1.039623,1.052796,1.040721,1.057029,1.055516,1.044385,1.034332,1.012843,0.969531,0.973790,0.986466,0.984825,1.006055,1.037692,1.002952,0.987557,1.028043
2.723910,1.037829,1.047067,1.046917,1.037592,1.039691,1.039812,1.039206,1.039227,1.044917,1.040437,1.039626,1.032007,1.040428,1.042530,1.048175,1.051686,1.053342,1.051232,1.053350,0.990454,1.046087,1.040615,1.039847,1.053002,1.040922,1.057254,1.055728,1.044640,1.034594,1.013034,0.969670,0.973929,0.986686,0.985045,1.006260,1.037950,1.003153,0.987828,1.028112
2.732240,1.037896,1.047248,1.047084,1.037743,1.039831,1.039952,1.039341,1.039359,1.045009,1.040584,1.039771,1.032155,1.040578,1.042687,1.048360,1.051884,1.053536,1.051416,1.053568,0.990664,1.046292,1.040827,1.040066,1.053203,1.041115,1.057472,1.055935,1.044888,1.034850,1.013216,0.969805,0.974063,0.986901,0.985259,1.006461,1.038203,1.003349,0.988090,1.028179
2.740570,1.037961,1.047421,1.047245,1.037887,1.039966,1.040087,1.039471,1.039485,1.045096,1.040725,1.039910,1.032296,1.040722,1.042839,1.048538,1.052077,1.053724,1.051594,1.053781,0.990868,1.046491,1.041032,1.040278,1.053398,1.041302,1.057682,1.056134,1.045127,1.035096,1.013389,0.969934,0.974191,0.987112,0.985469,1.006657,1.038449,1.003538,0.988344,1.028244
2.748900,1.038024,1.047584,1.047397,1.038025,1.040094,1.040215,1.039594,1.039606,1.045179,1.040860,1.040042,1.032431,1.040859,1.042983,1.048709,1.052262,1.053905,1.051764,1.053987,0.991067,1.046683,1.041231,1.040484,1.053587,1.041479,1.057883,1.056325,1.045356,1.035332,1.013551,0.970056,0.974312,0.987316,0.985672,1.006846,1.038688,1.003720,0.988587,1.028306
2.757230,1.038084,1.047739,1.047541,1.038155,1.040216,1.040336,1.039711,1.039720,1.045257,1.040987,1.040167,1.032559,1.040989,1.043120,1.048873,1.052440,1.054077,1.051925,1.054185,0.991259,1.046867,1.041423,1.040683,1.053768,1.041648,1.058075,1.056506,1.045575,1.035557,1.013703,0.970172,0.974427,0.987513,0.985868,1.007029,1.038920,1.003894,0.988819,1.028366
2.765560,1.038142,1.047883,1.047676,1.038278,1.040330,1.040449,1.039820,1.039826,1.045331,1.041106,1.040284,1.032679,1.041111,1.043249,1.049029,1.052610,1.054240,1.052078,1.054376,0.991443,1.047043,1.041606,1.040873,1.053941,1.041807,1.058256,1.056678,1.045782,1.035770,1.013843,0.970280,0.974535,0.987703,0.986057,1.007204,1.039142,1.004060,0.989038,1.028423
2.773890,1.038197,1.048017,1.047802,1.038393,1.040436,1.040555,1.039922,1.039926,1.045399,1.041218,1.040394,1.032791,1.041225,1.043370,1.049176,1.052770,1.054394,1.052221,1.054557,0.991618,1.047210,1.041780,1.041054,1.054105,1.041955,1.058426,1.056840,1.045976,1.035969,1.013972,0.970380,0.974635,0.987885,0.986237,1.007371,1.039354,1.004217,0.989243,1.028478
2.782220,1.038250,1.048140,1.047917,1.038499,1.040533,1.040652,1.040015,1.040017,1.045463,1.041321,1.040495,1.032894,1.041331,1.043482,1.049313,1.052921,1.054537,1.052353,1.054729,0.991785,1.047367,1.041945,1.041225,1.054260,1.042093,1.058584,1.056991,1.046157,1.036155,1.014089,0.970473,0.974727,0.988058,0.986407,1.007528,1.039556,1.004364,0.989433,1.028530
2.790550,1.038300,1.048252,1.048022,1.038595,1.040622,1.040741,1.040100,1.040100,1.045521,1.041414,1.040587,1.032989,1.041427,1.043585,1.049441,1.053062,1.054670,1.052476,1.054891,0.991942,1.047514,1.042099,1.041385,1.054404,1.042219,1.058729,1.057129,1.046323,1.036326,1.014193,0.970557,0.974811,0.988221,0.986568,1.007677,1.039746,1.004501,0.989609,1.028579
2.798880,1.038347,1.048352,1.048116,1.038683,1.040703,1.040821,1.040177,1.040175,1.045574,1.041499,1.040670,1.033074,1.041514,1.043678,1.049558,1.053191,1.054791,1.052587,1.055042,0.992088,1.047651,1.042243,1.041535,1.054538,1.042334,1.058861,1.057256,1.046475,1.036481,1.014285,0.970632,0.974886,0.988374,0.986717,1.007814,1.039924,1.004627,0.989768,1.028626
2.807210,1.038391,1.048439,1.048199,1.038760,1.040773,1.040891,1.040245,1.040241,1.045621,1.041574,1.040743,1.033149,1.041591,1.043761,1.049664,1.053310,1.054901,1.052687,1.055181,0.992223,1.047776,1.042375,1.041673,1.054660,1.042436,1.058980,1.057370,1.046611,1.036621,1.014364,0.970699,0.974952,0.988516,0.986855,1.007942,1.040090,1.004743,0.989910,1.028670
2.815540,1.038433,1.048515,1.048271,1.038828,1.040835,1.040952,1.040304,1.040298,1.045663,1.041639,1.040807,1.033215,1.041658,1.043834,1.049759,1.053417,1.054999,1.052774,1.055308,0.992347,1.047889,1.042495,1.041798,1.054771,1.042526,1.059085,1.057471,1.046732,1.036744,1.014430,0.970756,0.975009,0.988647,0.986982,1.008058,1.040243,1.004848,0.990035,1.028711
2.823870,1.038472,1.048578,1.048330,1.038885,1.040886,1.041004,1.040353,1.040346,1.045699,1.041694,1.040860,1.033270,1.041715,1.043896,1.049843,1.053511,1.055085,1.052850,1.055423,0.992459,1.047990,1.042603,1.041912,1.054870,1.042604,1.059176,1.057559,1.046836,1.036850,1.014484,0.970803,0.975056,0.988767,0.987096,1.008162,1.040382,1.004941,0.990143,1.028750
2.832200,1.038508,1.048628,1.048378,1.038931,1.040928,1.041045,1.040393,1.040385,1.045730,1.041738,1.040904,1.033315,1.041762,1.043948,1.049915,1.053594,1.055158,1.052913,1.055525,0.992559,1.048079,1.042699,1.042012,1.054957,1.042668,1.059252,1.057633,1.046923,1.036939,1.014524,0.970841,0.975094,0.988875,0.987197,1.008254,1.040507,1.005023,0.990233,1.028785
2.840530,1.038542,1.048665,1.048414,1.038967,1.040960,1.041077,1.040423,1.040414,1.045755,1.041773,1.040937,1.033350,1.041798,1.043988,1.049974,1.053663,1.055218,1.052964,1.055614,0.992646,1.048154,1.042781,1.042099,1.055031,1.042720,1.059313,1.057693,1.046994,1.037010,1.014550,0.970870,0.975122,0.988970,0.987285,1.008334,1.040617,1.005093,0.990305,1.028819
2.848860,1.038572,1.048689,1.048437,1.038993,1.040982,1.041098,1.040444,1.040434,1.045775,1.041796,1.040960,1.033374,1.041823,1.044018,1.050022,1.053720,1.055265,1.053002,1.055689,0.992720,1.048217,1.042850,1.042172,1.055092,1.042758,1.059360,1.057739,1.047048,1.037064,1.014564,0.970888,0.975140,0.989052,0.987359,1.008401,1.040712,1.005151,0.990358,1.028849
2.857190,1.038601,1.048701,1.048448,1.039007,1.040993,1.041109,1.040455,1.040444,1.045789,1.041809,1.040972,1.033388,1.041838,1.044036,1.050057,1.053764,1.055298,1.053027,1.055750,0.992780,1.048266,1.042905,1.042232,1.055140,1.042783,1.059392,1.057771,1.047085,1.037100,1.014564,0.970897,0.975149,0.989122,0.987419,1.008455,1.040793,1.005196,0.990394,1.028877
2.865520,1.038626,1.048699,1.048447,1.039010,1.040995,1.041110,1.040456,1.040445,1.045798,1.041811,1.040974,1.033391,1.041841,1.044043,1.050079,1.053794,1.055319,1.053039,1.055798,0.992827,1.048302,1.042947,1.042277,1.055174,1.042795,1.059408,1.057789,1.047104,1.037119,1.014551,0.970896,0.975147,0.989178,0.987465,1.008496,1.040858,1.005230,0.990410,1.028903
2.873850,1.038650,1.048684,1.048434,1.039003,1.040986,1.041101,1.040448,1.040437,1.045801,1.041803,1.040965,1.033383,1.041834,1.044039,1.050088,1.053811,1.055326,1.053039,1.055831,0.992860,1.048324,1.042975,1.042308,1.055195,1.042793,1.059409,1.057792,1.047107,1.037120,1.014525,0.970885,0.975135,0.989221,0.987496,1.008523,1.040907,1.005251,0.990409,1.028926
2.882180,1.038670,1.048657,1.048408,1.038985,1.040967,1.041082,1.040429,1.040419,1.045799,1.041784,1.040946,1.033364,1.041816,1.044023,1.050085,1.053814,1.055319,1.053025,1.055850,0.992878,1.048332,1.042988,1.042325,1.055203,1.042778,1.059396,1.057781,1.047092,1.037103,1.014486,0.970864,0.975114,0.989250,0.987512,1.008537,1.040940,1.005260,0.990390,1.028946
2.890510,1.038689,1.048616,1.048370,1.038955,1.040938,1.041052,1.040402,1.040392,1.045791,1.041754,1.040916,1.033335,1.041787,1.043997,1.050069,1.053804,1.055299,1.052998,1.055854,0.992883,1.048326,1.042987,1.042327,1.055197,1.042750,1.059367,1.057756,1.047061,1.037069,1.014433,0.970833,0.975082,0.989266,0.987514,1.008537,1.040957,1.005257,0.990352,1.028965
2.898840,1.038705,1.048563,1.048320,1.038915,1.040899,1.041013,1.040365,1.040356,1.045779,1.041714,1.040876,1.033295,1.041748,1.043959,1.050040,1.053780,1.055265,1.052958,1.055844,0.992873,1.048306,1.042972,1.042315,1.055177,1.042709,1.059324,1.057717,1.047013,1.037018,1.014368,0.970792,0.975041,0.989268,0.987500,1.008524,1.040959,1.005242,0.990297,1.028981
2.907170,1.038719,1.048497,1.048257,1.038864,1.040850,1.040964,1.040318,1.040310,1.045762,1.041663,1.040826,1.033245,1.041697,1.043910,1.049998,1.053743,1.055218,1.052905,1.055819,0.992850,1.048273,1.042943,1.042288,1.055144,1.042656,1.059266,1.057664,1.046949,1.036950,1.014290,0.970742,0.974990,0.989256,0.987471,1.008496,1.040944,1.005215,0.990225,1.028994
2.915500,1.038731,1.048418,1.048183,1.038803,1.040791,1.040905,1.040262,1.040256,1.045740,1.041602,1.040766,1.033184,1.041637,1.043850,1.049944,1.053692,1.055158,1.052840,1.055780,0.992811,1.048225,1.042900,1.042247,1.055097,1.042589,1.059194,1.057597,1.046868,1.036866,1.014200,0.970682,0.974929,0.989231,0.987427,1.008455,1.040914,1.005176,0.990136,1.029006
2.923830,1.038741,1.048328,1.048097,1.038731,1.040723,1.040836,1.040197,1.040192,1.045713,1.041531,1.040695,1.033114,1.041566,1.043779,1.049878,1.053628,1.055085,1.052761,1.055726,0.992759,1.048164,1.042842,1.042191,1.055037,1.042510,1.059108,1.057516,1.046772,1.036765,1.014097,0.970613,0.974859,0.989191,0.987368,1.008400,1.040867,1.005124,0.990030,1.029016
2.932160,1.038749,1.048225,1.048000,1.038649,1.040645,1.040758,1.040123,1.040120,1.045681,1.041450,1.040615,1.033033,1.041484,1.043697,1.049799,1.053551,1.054999,1.052671,1.055658,0.992692,1.048090,1.042771,1.042121,1.054963,1.042418,1.059007,1.057422,1.046660,1.036648,1.013981,0.970534,0.974779,0.989139,0.987294,1.008332,1.040804,1.005062,0.989907,1.029024
2.940490,1.038755,1.048110,1.047891,1.038557,1.040559,1.040670,1.040041,1.040040,1.045646,1.041359,1.040525,1.032942,1.041393,1.043605,1.049707,1.053461,1.054900,1.052568,1.055576,0.992611,1.048002,1.042685,1.042037,1.054876,1.042314,1.058893,1.057315,1.046533,1.036516,1.013854,0.970447,0.974691,0.989072,0.987205,1.008250,1.040726,1.004987,0.989769,1.029030
2.948820,1.038759,1.047983,1.047771,1.038454,1.040463,1.040574,1.039950,1.039951,1.045606,1.041258,1.040426,1.032842,1.041292,1.043503,1.049604,1.053358,1.054789,1.052454,1.055480,0.992516,1.047900,1.042586,1.041938,1.054776,1.042198,1.058766,1.057194,1.046391,1.036368,1.013715,0.970351,0.974593,0.988992,0.987101,1.008155,1.040632,1.004902,0.989616,1.029034
2.957150,1.038762,1.047845,1.047640,1.038343,1.040358,1.040469,1.039850,1.039854,1.045562,1.041148,1.040317,1.032732,1.041181,1.043390,1.049489,1.053242,1.054665,1.052327,1.055369,0.992408,1.047786,1.042474,1.041826,1.054664,1.042071,1.058625,1.057061,1.046235,1.036206,1.013565,0.970246,0.974486,0.988899,0.986983,1.008046,1.040523,1.004805,0.989448,1.029037
2.965480,1.038763,1.047696,1.047499,1.038221,1.040244,1.040355,1.039743,1.039750,1.045514,1.041029,1.040200,1.032613,1.041061,1.043268,1.049362,1.053114,1.054529,1.052189,1.055245,0.992285,1.047658,1.042347,1.041700,1.054538,1.041932,1.058472,1.056916,1.046065,1.036030,1.013403,0.970133,0.974371,0.988793,0.986850,1.007925,1.040398,1.004697,0.989265,1.029038
2.973810,1.038762,1.047536,1.047347,1.038091,1.040122,1.040233,1.039627,1.039637,1.045463,1.040901,1.040073,1.032485,1.040932,1.043136,1.049224,1.052973,1.054381,1.052040,1.055108,0.992150,1.047518,1.042208,1.041560,1.054401,1.041782,1.058306,1.056758,1.045881,1.035840,1.013229,0.970011,0.974247,0.988674,0.986702,1.007790,1.040259,1.004578,0.989068,1.029037
2.982140,1.038761,1.047365,1.047185,1.037951,1.039992,1.040102,1.039504,1.039518,1.045407,1.040764,1.039938,1.032349,1.040794,1.042994,1.049075,1.052821,1.054222,1.051880,1.054957,0.992000,1.047365,1.042056,1.041408,1.054251,1.041621,1.058128,1.056589,1.045684,1.035636,1.013045,0.969882,0.974116,0.988542,0.986540,1.007643,1.040104,1.004449,0.988857,1.029036
2.990470,1.038758,1.047183,1.047013,1.037803,1.039854,1.039964,1.039373,1.039391,1.045349,1.040618,1.039795,1.032204,1.040647,1.042844,1.048914,1.052656,1.054052,1.051708,1.054793,0.991838,1.047201,1.041890,1.041242,1.054089,1.041450,1.057939,1.056408,1.045475,1.035420,1.012850,0.969744,0.973976,0.988398,0.986364,1.007483,1.039935,1.004310,0.988634,1.029033
2.998800,1.038754,1.046992,1.046831,1.037646,1.039709,1.039818,1.039235,1.039257,1.045287,1.040465,1.039644,1.032050,1.040491,1.042684,1.048743,1.052481,1.053870,1.051527,1.054616,0.991663,1.047024,1.041713,1.041064,1.053915,1.041268,1.057738,1.056216,1.045253,1.035191,1.012645,0.969600,0.973828,0.988242,0.986175,1.007311,1.039752,1.004160,0.988398,1.029029
3.007130,1.038748,1.046790,1.046640,1.037480,1.039555,1.039664,1.039091,1.039116,1.045223,1.040303,1.039485,1.031889,1.040328,1.042516,1.048562,1.052293,1.053678,1.051335,1.054427,0.991476,1.046835,1.041523,1.040873,1.053730,1.041076,1.057526,1.056013,1.045018,1.034949,1.012430,0.969448,0.973673,0.988074,0.985972,1.007127,1.039555,1.004001,0.988150,1.029024
3.015460,1.038742,1.046579,1.046440,1.037307,1.039395,1.039503,1.038939,1.038969,1.045155,1.040133,1.039318,1.031719,1.040156,1.042339,1.048370,1.052095,1.053475,1.051133,1.054225,0.991276,1.046635,1.041321,1.040670,1.053534,1.040874,1.057303,1.055799,1.044773,1.034696,1.012204,0.969288,0.973511,0.987894,0.985756,1.006931,1.039344,1.003832,0.987890,1.029017
3.023790,1.038735,1.046358,1.046231,1.037126,1.039227,1.039336,1.038781,1.038816,1.045085,1.039956,1.039144,1.031542,1.039977,1.042154,1.048169,1.051887,1.053262,1.050922,1.054012,0.991064,1.046424,1.041108,1.040455,1.053327,1.040663,1.057070,1.055575,1.044516,1.034432,1.011969,0.969123,0.973342,0.987702,0.985527,1.006724,1.039120,1.003654,0.987619,1.029010
3.032120,1.038727,1.046128,1.046014,1.036937,1.039053,1.039161,1.038616,1.038656,1.045011,1.039772,1.038962,1.031358,1.039790,1.041961,1.047958,1.051668,1.053039,1.050701,1.053787,0.990840,1.046202,1.040883,1.040228,1.053109,1.040443,1.056827,1.055341,1.044249,1.034157,1.011723,0.968950,0.973165,0.987500,0.985285,1.006506,1.038883,1.003466,0.987337,1.029002
3.040450,1.038718,1.045889,1.045788,1.036741,1.038872,1.038980,1.038446,1.038491,1.044936,1.039580,1.038774,1.031167,1.039595,1.041760,1.047737,1.051438,1.052806,1.050471,1.053550,0.990605,1.045969,1.040647,1.039990,1.052881,1.040213,1.056574,1.055098,1.043971,1.033872,1.011469,0.968771,0.972982,0.987286,0.985032,1.006277,1.038633,1.003270,0.987044,1.028993
3.048780,1.038708,1.045641,1.045554,1.036537,1.038685,1.038792,1.038269,1.038320,1.044858,1.039381,1.038579,1.030968,1.039394,1.041551,1.047508,1.051199,1.052564,1.050232,1.053303,0.990359,1.045726,1.040401,1.039741,1.052642,1.039975,1.056311,1.054845,1.043683,1.033576,1.011205,0.968586,0.972793,0.987062,0.984766,1.006037,1.038371,1.003064,0.986742,1.028984
3.057110,1.038698,1.045385,1.045312,1.036327,1.038492,1.038599,1.038087,1.038143,1.044778,1.039176,1.038378,1.030763,1.039186,1.041336,1.047270,1.050951,1.052313,1.049984,1.053044,0.990102,1.045473,1.040144,1.039481,1.052394,1.039728,1.056039,1.054582,1.043385,1.033270,1.010932,0.968395,0.972597,0.986828,0.984489,1.005787,1.038097,1.002850,0.986430,1.028974
3.065440,1.038687,1.045120,1.045062,1.036110,1.038293,1.038399,1.037899,1.037961,1.044695,1.038964,1.038170,1.030552,1.038971,1.041113,1.047023,1.050693,1.052053,1.049728,1.052776,0.989835,1.045210,1.039876,1.039211,1.052137,1.039472,1.055759,1.054311,1.043078,1.032955,1.010651,0.968198,0.972395,0.986584,0.984201,1.005526,1.037812,1.002628,0.986108,1.028963
3.073770,1.038676,1.044848,1.044805,1.035886,1.038087,1.038194,1.037706,1.037774,1.044611,1.038746,1.037956,1.030334,1.038750,1.040884,1.046767,1.050426,1.051784,1.049464,1.052497,0.989557,1.044938,1.039599,1.038931,1.051870,1.039209,1.055469,1.054032,1.042761,1.032631,1.010360,0.967996,0.972187,0.986331,0.983902,1.005256,1.037515,1.002398,0.985778,1.028951
3.082100,1.038664,1.044567,1.044540,1.035656,1.037877,1.037983,1.037508,1.037582,1.044525,1.038522,1.037736,1.030110,1.038523,1.040647,1.046504,1.050150,1.051507,1.049191,1.052208,0.989270,1.044657,1.039312,1.038641,1.051594,1.038938,1.055172,1.053744,1.042436,1.032298,1.010061,0.967788,0.971973,0.986068,0.983593,1.004977,1.037207,1.002159,0.985439,1.028940
3.090430,1.038651,1.044279,1.044269,1.035420,1.037661,1.037766,1.037304,1.037385,1.044436,1.038292,1.037511,1.029880,1.038289,1.040405,1.046233,1.049866,1.051222,1.048912,1.051910,0.988973,1.044367,1.039016,1.038342,1.051310,1.038659,1.054866,1.053448,1.042103,1.031957,1.009754,0.967575,0.971754,0.985796,0.983273,1.004688,1.036888,1.001913,0.985091,1.028927
3.098760,1.038638,1.043983,1.043991,1.035178,1.037439,1.037545,1.037096,1.037184,1.044346,1.038057,1.037279,1.029645,1.038050,1.040156,1.045954,1.049573,1.050929,1.048624,1.051603,0.988667,1.044068,1.038711,1.038033,1.051017,1.038372,1.054552,1.053144,1.041761,1.031607,1.009438,0.967357,0.971529,0.985515,0.982943,1.004390,1.036560,1.001660,0.984736,1.028914
3.107090,1.038625,1.043679,1.043706,1.034930,1.037213,1.037318,1.036883,1.036978,1.044255,1.037815,1.037043,1.029404,1.037805,1.039901,1.045668,1.049273,1.050629,1.048329,1.051287,0.988352,1.043760,1.038397,1.037716,1.050716,1.038078,1.054231,1.052832,1.041411,1.031249,1.009115,0.967135,0.971300,0.985226,0.982605,1.004084,1.036221,1.001398,0.984372,1.028901
3.115420,1.038611,1.043368,1.043414,1.034677,1.036981,1.037086,1.036666,1.036767,1.044161,1.037569,1.036801,1.029157,1.037554,1.039640,1.045375,1.048965,1.050321,1.048028,1.050963,0.988029,1.043445,1.038075,1.037390,1.050407,1.037777,1.053902,1.052513,1.041054,1.030884,1.008783,0.966907,0.971065,0.984930,0.982257,1.003769,1.035873,1.001130,0.984001,1.028888
3.123750,1.038597,1.043051,1.043116,1.034418,1.036745,1.036850,1.036444,1.036552,1.044066,1.037317,1.036554,1.028905,1.037298,1.039373,1.045075,1.048649,1.050006,1.047719,1.050630,0.987697,1.043122,1.037744,1.037055,1.050090,1.037469,1.053566,1.052187,1.040689,1.030511,1.008443,0.966675,0.970824,0.984625,0.981900,1.003446,1.035516,1.000854,0.983623,1.028874
3.132080,1.038583,1.042726,1.042812,1.034153,1.036504,1.036609,1.036218,1.036334,1.043969,1.037060,1.036303,1.028648,1.037037,1.039101,1.044768,1.048326,1.049684,1.047404,1.050289,0.987357,1.042791,1.037406,1.036713,1.049766,1.037153,1.053222,1.051853,1.040316,1.030131,1.008096,0.966439,0.970580,0.984313,0.981535,1.003116,1.035151,1.000572,0.983238,1.028860
3.140410,1.038568,1.042394,1.042501,1.033884,1.036259,1.036363,1.035987,1.036111,1.043871,1.036798,1.036046,1.028387,1.036771,1.038823,1.044454,1.047996,1.049355,1.047082,1.049941,0.987010,1.042454,1.037060,1.036363,1.049435,1.036831,1.052872,1.051513,1.039937,1.029743,1.007741,0.966199,0.970330,0.983993,0.981163,1.002778,1.034776,1.000282,0.982846,1.028845
3.148740,1.038553,1.042056,1.042185,1.033609,1.036009,1.036113,1.035753,1.035884,1.043772,1.036531,1.035785,1.028120,1.036499,1.038540,1.044135,1.047659,1.049020,1.046754,1.049585,0.986656,1.042109,1.036707,1.036006,1.049097,1.036503,1.052516,1.051167,1.039550,1.029349,1.007379,0.965954,0.970076,0.983667,0.980782,1.002433,1.034394,0.999986,0.982447,1.028830
3.157070,1.038538,1.041712,1.041864,1.033330,1.035756,1.035859,1.035515,1.035654,1.043671,1.036260,1.035519,1.027849,1.036224,1.038253,1.043810,1.047317,1.048678,1.046420,1.049223,0.986295,1.041758,1.036347,1.035642,1.048752,1.036169,1.052153,1.050814,1.039158,1.028949,1.007010,0.965706,0.969818,0.983335,0.980395,1.002082,1.034005,0.999684,0.982042,1.028815
3.165400,1.038523,1.041363,1.041538,1.033046,1.035498,1.035602,1.035273,1.035421,1.043569,1.035985,1.035250,1.027574,1.035944,1.037960,1.043479,1.046968,1.048331,1.046081,1.048855,0.985927,1.041400,1.035981,1.035271,1.048402,1.035828,1.051784,1.050455,1.038759,1.028543,1.006635,0.965455,0.969556,0.982997,0.980001,1.001724,1.033608,0.999376,0.981631,1.028800
3.173730,1.038507,1.041008,1.041207,1.032759,1.035237,1.035340,1.035028,1.035184,1.043465,1.035706,1.034977,1.027295,1.035660,1.037664,1.043143,1.046614,1.047979,1.045737,1.048480,0.985554,1.041037,1.035609,1.034895,1.048045,1.035483,1.051410,1.050092,1.038355,1.028131,1.006255,0.965200,0.969290,0.982653,0.979601,1.001360,1.033205,0.999063,0.981215,1.028784
3.182060,1.038491,1.040650,1.040872,1.032468,1.034973,1.035076,1.034781,1.034944,1.043361,1.035423,1.034700,1.027013,1.035372,1.037364,1.042803,1.046255,1.047622,1.045389,1.048100,0.985175,1.040669,1.035232,1.034513,1.047684,1.035134,1.051032,1.049724,1.037946,1.027714,1.005871,0.964942,0.969020,0.982304,0.979196,1.000991,1.032797,0.998744,0.980794,1.028769
3.190390,1.038475,1.040287,1.040533,1.032173,1.034706,1.034809,1.034530,1.034703,1.043256,1.035138,1.034421,1.026727,1.035082,1.037060,1.042459,1.045891,1.047262,1.045036,1.047716,0.984792,1.040297,1.034850,1.034126,1.047319,1.034780,1.050649,1.049351,1.037532,1.027292,1.005483,0.964683,0.968748,0.981951,0.978786,1.000617,1.032383,0.998422,0.980369,1.028753
3.198720,1.038460,1.039922,1.040193,1.031876,1.034437,1.034540,1.034278,1.034459,1.043150,1.034850,1.034139,1.026440,1.034789,1.036754,1.042111,1.045525,1.046898,1.044681,1.047328,0.984405,1.039920,1.034465,1.033736,1.046950,1.034424,1.050263,1.048975,1.037115,1.026867,1.005094,0.964421,0.968474,0.981594,0.978371,1.000240,1.031965,0.998097,0.979940,1.028738
3.207050,1.038444,1.039556,1.039850,1.031577,1.034166,1.034269,1.034024,1.034213,1.043044,1.034560,1.033855,1.026150,1.034494,1.036446,1.041761,1.045155,1.046531,1.044323,1.046936,0.984014,1.039541,1.034075,1.033342,1.046577,1.034065,1.049874,1.048597,1.036695,1.026439,1.004703,0.964157,0.968197,0.981234,0.977953,0.999859,1.031543,0.997768,0.979507,1.028722
3.215380,1.038428,1.039188,1.039505,1.031277,1.033894,1.033997,1.033769,1.033967,1.042937,1.034268,1.033570,1.025858,1.034197,1.036136,1.041408,1.044782,1.046162,1.043964,1.046542,0.983621,1.039159,1.033684,1.032945,1.046202,1.033705,1.049483,1.048217,1.036272,1.026008,1.004313,0.963893,0.967919,0.980872,0.977533,0.999475,1.031119,0.997438,0.979073,1.028706
3.223710,1.038413,1.038821,1.039160,1.030975,1.033621,1.033723,1.033513,1.033720,1.042831,1.033976,1.033284,1.025566,1.033900,1.035825,1.041054,1.044408,1.045791,1.043603,1.046145,0.983225,1.038775,1.033290,1.032547,1.045825,1.033344,1.049091,1.047835,1.035847,1.025576,1.003924,0.963628,0.967640,0.980507,0.977110,0.999089,1.030692,0.997106,0.978636,1.028691
3.232040,1.038397,1.038453,1.038815,1.030673,1.033347,1.033450,1.033257,1.033472,1.042724,1.033683,1.032997,1.025273,1.033601,1.035513,1.040699,1.044033,1.045420,1.043242,1.045747,0.982828,1.038390,1.032894,1.032147,1.045447,1.032983,1.048698,1.047452,1.035421,1.025142,1.003536,0.963363,0.967360,0.980141,0.976685,0.998702,1.030264,0.996774,0.978198,1.028676
3.240370,1.038382,1.038087,1.038471,1.030371,1.033074,1.033176,1.033001,1.033225,1.042618,1.033390,1.032710,1.024980,1.033303,1.035201,1.040344,1.043658,1.045049,1.042881,1.045348,0.982430,1.038005,1.032499,1.031746,1.045068,1.032622,1.048305,1.047069,1.034995,1.024708,1.003152,0.963098,0.967080,0.979775,0.976260,0.998314,1.029835,0.996441,0.977759,1.028661
3.248700,1.038368,1.037723,1.038128,1.030069,1.032801,1.032903,1.032745,1.032978,1.042512,1.033097,1.032424,1.024687,1.033005,1.034890,1.039988,1.043282,1.044678,1.042520,1.044950,0.982032,1.037619,1.032102,1.031345,1.044689,1.032263,1.047912,1.046687,1.034568,1.024273,1.002771,0.962833,0.966800,0.979408,0.975835,0.997926,1.029406,0.996109,0.977320,1.028647
3.257030,1.038354,1.037361,1.037786,1.029769,1.032529,1.032631,1.032490,1.032731,1.042407,1.032805,1.032138,1.024395,1.032708,1.034579,1.039634,1.042907,1.044308,1.042161,1.044551,0.981634,1.037234,1.031707,1.030945,1.044311,1.031905,1.047520,1.046306,1.034143,1.023840,1.002395,0.962570,0.966521,0.979042,0.975410,0.997538,1.028977,0.995777,0.976881,1.028632
3.265360,1.038340,1.037003,1.037446,1.029469,1.032258,1.032360,1.032236,1.032486,1.042303,1.032514,1.031854,1.024105,1.032411,1.034269,1.039280,1.042533,1.043939,1.041804,1.044154,0.981237,1.036850,1.031313,1.030546,1.043933,1.031550,1.047131,1.045926,1.033718,1.023407,1.002023,0.962308,0.966242,0.978676,0.974986,0.997151,1.028550,0.995448,0.976444,1.028619
3.273690,1.038326,1.036647,1.037109,1.029171,1.031988,1.032091,1.031983,1.032242,1.042199,1.032224,1.031571,1.023816,1.032117,1.033961,1.038929,1.042161,1.043573,1.041448,1.043758,0.980842,1.036468,1.030920,1.030148,1.043558,1.031197,1.046743,1.045548,1.033296,1.022976,1.001657,0.962047,0.965966,0.978312,0.974563,0.996765,1.028125,0.995120,0.976008,1.028605
3.282020,1.038314,1.036296,1.036775,1.028876,1.031721,1.031823,1.031733,1.032000,1.042096,1.031937,1.031290,1.023528,1.031824,1.033656,1.038579,1.041792,1.043209,1.041096,1.043365,0.980448,1.036088,1.030529,1.029753,1.043184,1.030847,1.046358,1.045173,1.032875,1.022548,1.001297,0.961789,0.965690,0.977950,0.974143,0.996382,1.027703,0.994794,0.975574,1.028593
3.290350,1.038301,1.035949,1.036444,1.028582,1.031455,1.031558,1.031484,1.031760,1.041995,1.031652,1.031012,1.023244,1.031534,1.033352,1.038232,1.041425,1.042848,1.040746,1.042974,0.980057,1.035711,1.030141,1.029361,1.042813,1.030501,1.045975,1.044801,1.032458,1.022122,1.000943,0.961533,0.965417,0.977590,0.973726,0.996001,1.027284,0.994472,0.975142,1.028581
3.298680,1.038290,1.035608,1.036117,1.028292,1.031193,1.031295,1.031238,1.031523,1.041895,1.031369,1.030736,1.022961,1.031247,1.033052,1.037888,1.041061,1.042490,1.040400,1.042586,0.979669,1.035337,1.029757,1.028972,1.042445,1.030159,1.045597,1.044433,1.032044,1.021699,1.000596,0.961280,0.965147,0.977234,0.973312,0.995623,1.026868,0.994153,0.974714,1.028569
3.307010,1.038279,1.035271,1.035795,1.028005,1.030933,1.031035,1.030995,1.031288,1.041796,1.031090,1.030463,1.022682,1.030962,1.032754,1.037548,1.040700,1.042136,1.040058,1.042202,0.979285,1.034966,1.029376,1.028587,1.042081,1.029822,1.045223,1.044068,1.031633,1.021281,1.000257,0.961030,0.964879,0.976880,0.972901,0.995249,1.026457,0.993837,0.974290,1.028558
3.315340,1.038268,1.034940,1.035477,1.027721,1.030676,1.030778,1.030754,1.031055,1.041699,1.030814,1.030193,1.022406,1.030681,1.032460,1.037211,1.040344,1.041787,1.039721,1.041822,0.978904,1.034600,1.029000,1.028207,1.041720,1.029489,1.044853,1.043708,1.031227,1.020867,0.999925,0.960783,0.964614,0.976531,0.972495,0.994878,1.026051,0.993526,0.973869,1.028548
3.323670,1.038259,1.034615,1.035164,1.027441,1.030423,1.030525,1.030517,1.030826,1.041603,1.030541,1.029927,1.022134,1.030404,1.032170,1.036879,1.039992,1.041442,1.039388,1.041447,0.978528,1.034239,1.028628,1.027831,1.041364,1.029162,1.044488,1.043353,1.030826,1.020457,0.999602,0.960539,0.964352,0.976185,0.972094,0.994512,1.025650,0.993219,0.973454,1.028539
3.332000,1.038250,1.034297,1.034856,1.027165,1.030173,1.030276,1.030284,1.030601,1.041509,1.030272,1.029664,1.021866,1.030131,1.031884,1.036551,1.039646,1.041102,1.039060,1.041076,0.978157,1.033882,1.028261,1.027460,1.041013,1.028840,1.044128,1.043002,1.030430,1.020053,0.999286,0.960299,0.964094,0.975844,0.971698,0.994151,1.025255,0.992917,0.973044,1.028530
3.340330,1.038242,1.033985,1.034553,1.026893,1.029928,1.030030,1.030054,1.030379,1.041417,1.030008,1.029406,1.021601,1.029861,1.031603,1.036228,1.039304,1.040767,1.038738,1.040711,0.977791,1.033531,1.027900,1.027095,1.040667,1.028524,1.043774,1.042658,1.030040,1.019655,0.998979,0.960064,0.963840,0.975508,0.971308,0.993796,1.024867,0.992619,0.972639,1.028522
3.348660,1.038235,1.033680,1.034257,1.026626,1.029687,1.029789,1.029828,1.030160,1.041327,1.029748,1.029152,1.021342,1.029597,1.031326,1.035911,1.038968,1.040439,1.038421,1.040352,0.977431,1.033186,1.027544,1.026736,1.040327,1.028215,1.043426,1.042319,1.029657,1.019263,0.998681,0.959832,0.963590,0.975177,0.970924,0.993446,1.024486,0.992328,0.972241,1.028515
3.356990,1.038228,1.033382,1.033966,1.026364,1.029450,1.029552,1.029606,1.029946,1.041239,1.029493,1.028903,1.021086,1.029337,1.031055,1.035599,1.038638,1.040116,1.038111,1.039999,0.977077,1.032846,1.027195,1.026384,1.039992,1.027912,1.043085,1.041987,1.029279,1.018878,0.998392,0.959605,0.963344,0.974853,0.970546,0.993102,1.024111,0.992042,0.971849,1.028508
3.365320,1.038223,1.033091,1.033682,1.026107,1.029217,1.029320,1.029388,1.029736,1.041153,1.029242,1.028658,1.020836,1.029082,1.030788,1.035293,1.038314,1.039800,1.037807,1.039652,0.976729,1.032514,1.026853,1.026038,1.039664,1.027615,1.042750,1.041661,1.028909,1.018500,0.998111,0.959383,0.963103,0.974534,0.970175,0.992764,1.023745,0.991762,0.971464,1.028503
3.373650,1.038218,1.032808,1.033404,1.025856,1.028990,1.029092,1.029176,1.029531,1.041069,1.028997,1.028419,1.020592,1.028832,1.030527,1.034994,1.037997,1.039490,1.037509,1.039312,0.976388,1.032188,1.026518,1.025700,1.039342,1.027326,1.042423,1.041342,1.028547,1.018130,0.997841,0.959166,0.962867,0.974221,0.969812,0.992434,1.023387,0.991489,0.971088,1.028498
3.381980,1.038214,1.032533,1.033134,1.025610,1.028768,1.028870,1.028968,1.029330,1.040988,1.028757,1.028185,1.020352,1.028589,1.030272,1.034701,1.037687,1.039188,1.037219,1.038980,0.976054,1.031869,1.026190,1.025369,1.039028,1.027044,1.042103,1.041031,1.028192,1.017767,0.997579,0.958954,0.962637,0.973915,0.969456,0.992110,1.023037,0.991222,0.970719,1.028494
3.390310,1.038211,1.032266,1.032870,1.025370,1.028551,1.028653,1.028765,1.029134,1.040909,1.028523,1.027957,1.020118,1.028350,1.030023,1.034415,1.037384,1.038893,1.036936,1.038655,0.975728,1.031558,1.025870,1.025047,1.038721,1.026770,1.041791,1.040727,1.027846,1.017414,0.997327,0.958747,0.962411,0.973616,0.969108,0.991794,1.022696,0.990962,0.970359,1.028491
3.398640,1.038209,1.032008,1.032614,1.025136,1.028340,1.028442,1.028567,1.028943,1.040833,1.028295,1.027734,1.019891,1.028118,1.029780,1.034136,1.037089,1.038605,1.036660,1.038338,0.975410,1.031254,1.025558,1.024732,1.038421,1.026503,1.041487,1.040431,1.027508,1.017069,0.997085,0.958545,0.962191,0.973325,0.968769,0.991486,1.022365,0.990710,0.970007,1.028489
3.406970,1.038208,1.031757,1.032365,1.024908,1.028134,1.028237,1.028374,1.028757,1.040759,1.028073,1.027518,1.019669,1.027892,1.029544,1.033864,1.036801,1.038325,1.036392,1.038030,0.975099,1.030959,1.025254,1.024426,1.038129,1.026245,1.041192,1.040143,1.027179,1.016733,0.996853,0.958350,0.961977,0.973041,0.968438,0.991186,1.022043,0.990464,0.969665,1.028489
3.415300,1.038208,1.031516,1.032124,1.024687,1.027935,1.028037,1.028188,1.028577,1.040687,1.027857,1.027307,1.019453,1.027673,1.029315,1.033600,1.036522,1.038054,1.036132,1.037730,0.974797,1.030672,1.024959,1.024129,1.037845,1.025995,1.040905,1.039863,1.026860,1.016407,0.996631,0.958160,0.961769,0.972764,0.968117,0.990894,1.021732,0.990227,0.969333,1.028489
3.423630,1.038209,1.031283,1.031891,1.024472,1.027741,1.027844,1.028007,1.028402,1.040619,1.027648,1.027103,1.019245,1.027460,1.029092,1.033344,1.036251,1.037791,1.035880,1.037438,0.974504,1.030394,1.024673,1.023841,1.037570,1.025753,1.040628,1.039593,1.026551,1.016091,0.996419,0.957976,0.961567,0.972496,0.967804,0.990611,1.021430,0.989997,0.969011,1.028490
3.431960,1.038212,1.031060,1.031666,1.024265,1.027554,1.027656,1.027831,1.028233,1.040553,1.027446,1.026906,1.019042,1.027254,1.028877,1.033096,1.035989,1.037536,1.035637,1.037156,0.974220,1.030125,1.024397,1.023563,1.037304,1.025520,1.040359,1.039331,1.026251,1.015785,0.996216,0.957799,0.961372,0.972237,0.967502,0.990336,1.021140,0.989775,0.968700,1.028492
3.440290,1.038215,1.030845,1.031449,1.024064,1.027373,1.027476,1.027662,1.028070,1.040490,1.027250,1.026715,1.018847,1.027055,1.028668,1.032857,1.035736,1.037291,1.035402,1.036883,0.973945,1.029865,1.024129,1.023294,1.037046,1.025296,1.040100,1.039079,1.025963,1.015490,0.996024,0.957628,0.961183,0.971986,0.967209,0.990071,1.020860,0.989561,0.968400,1.028495
3.448620,1.038219,1.030640,1.031241,1.023871,1.027199,1.027302,1.027499,1.027913,1.040430,1.027062,1.026532,1.018659,1.026863,1.028468,1.032626,1.035491,1.037054,1.035177,1.036620,0.973679,1.029614,1.023872,1.023036,1.036797,1.025082,1.039851,1.038836,1.025684,1.015206,0.995843,0.957463,0.961001,0.971743,0.966926,0.989815,1.020591,0.989356,0.968110,1.028499
3.456950,1.038224,1.030445,1.031041,1.023685,1.027032,1.027134,1.027343,1.027762,1.040374,1.026881,1.026355,1.018478,1.026679,1.028275,1.032404,1.035256,1.036827,1.034960,1.036366,0.973423,1.029373,1.023624,1.022787,1.036558,1.024876,1.039613,1.038602,1.025417,1.014934,0.995671,0.957305,0.960826,0.971510,0.966654,0.989569,1.020334,0.989160,0.967833,1.028504
3.465280,1.038231,1.030259,1.030850,1.023506,1.026871,1.026974,1.027193,1.027617,1.040320,1.026707,1.026185,1.018304,1.026502,1.028090,1.032191,1.035031,1.036609,1.034752,1.036123,0.973177,1.029142,1.023387,1.022549,1.036329,1.024680,1.039384,1.038379,1.025161,1.014673,0.995511,0.957153,0.960658,0.971286,0.966392,0.989333,1.020088,0.988972,0.967567,1.028511
3.473610,1.038238,1.030082,1.030668,1.023336,1.026718,1.026820,1.027049,1.027479,1.040269,1.026540,1.026023,1.018138,1.026332,1.027912,1.031987,1.034815,1.036401,1.034554,1.035890,0.972941,1.028920,1.023159,1.022321,1.036109,1.024493,1.039166,1.038165,1.024917,1.014423,0.995360,0.957009,0.960497,0.971071,0.966141,0.989107,1.019855,0.988794,0.967313,1.028518
3.481940,1.038247,1.029916,1.030495,1.023173,1.026571,1.026674,1.026913,1.027347,1.040222,1.026382,1.025869,1.017980,1.026171,1.027743,1.031792,1.034609,1.036202,1.034365,1.035667,0.972716,1.028709,1.022943,1.022105,1.035899,1.024316,1.038958,1.037962,1.024685,1.014186,0.995220,0.956871,0.960343,0.970866,0.965901,0.988891,1.019633,0.988624,0.967072,1.028527
3.490270,1.038257,1.029759,1.030331,1.023018,1.026432,1.026535,1.026783,1.027222,1.040178,1.026231,1.025722,1.017829,1.026017,1.027582,1.031606,1.034413,1.036014,1.034186,1.035454,0.972501,1.028509,1.022737,1.021899,1.035699,1.024149,1.038761,1.037769,1.024464,1.013961,0.995091,0.956741,0.960197,0.970671,0.965672,0.988685,1.019424,0.988464,0.966844,1.028537
3.498600,1.038268,1.029612,1.030177,1.022871,1.026300,1.026403,1.026660,1.027103,1.040137,1.026088,1.025582,1.017686,1.025871,1.027430,1.031431,1.034228,1.035835,1.034017,1.035253,0.972296,1.028318,1.022541,1.021704,1.035510,1.023992,1.038575,1.037587,1.024256,1.013749,0.994972,0.956617,0.960058,0.970486,0.965455,0.988490,1.019227,0.988313,0.966628,1.028548
3.506930,1.038280,1.029476,1.030032,1.022732,1.026176,1.026279,1.026544,1.026991,1.040099,1.025952,1.025451,1.017551,1.025733,1.027286,1.031264,1.034052,1.035667,1.033857,1.035062,0.972103,1.028139,1.022357,1.021520,1.035331,1.023845,1.038401,1.037415,1.024060,1.013550,0.994863,0.956501,0.959927,0.970311,0.965249,0.988305,1.019043,0.988172,0.966425,1.028560
3.515260,1.038293,1.029349,1.029896,1.022601,1.026059,1.026162,1.026435,1.026886,1.040065,1.025825,1.025327,1.017424,1.025604,1.027150,1.031108,1.033887,1.035509,1.033708,1.034882,0.971920,1.027970,1.022184,1.021348,1.035162,1.023709,1.038237,1.037255,1.023876,1.013363,0.994766,0.956392,0.959804,0.970145,0.965054,0.988131,1.018871,0.988040,0.966236,1.028573
3.523590,1.038308,1.029233,1.029769,1.022479,1.025950,1.026053,1.026333,1.026788,1.040034,1.025706,1.025211,1.017305,1.025483,1.027023,1.030962,1.033733,1.035362,1.033568,1.034714,0.971748,1.027812,1.022022,1.021187,1.035004,1.023582,1.038085,1.037105,1.023705,1.013189,0.994678,0.956290,0.959688,0.969991,0.964871,0.987968,1.018712,0.987918,0.966060,1.028587
3.531920,1.038323,1.029127,1.029653,1.022365,1.025848,1.025951,1.026238,1.026697,1.040007,1.025595,1.025103,1.017194,1.025370,1.026905,1.030825,1.033589,1.035225,1.033439,1.034556,0.971587,1.027664,1.021871,1.021038,1.034856,1.023466,1.037944,1.036966,1.023547,1.013029,0.994602,0.956196,0.959580,0.969846,0.964700,0.987816,1.018566,0.987806,0.965897,1.028602
3.540250,1.038340,1.029031,1.029545,1.022259,1.025754,1.025857,1.026151,1.026613,1.039983,1.025493,1.025003,1.017092,1.025265,1.026795,1.030699,1.033455,1.035098,1.033320,1.034410,0.971438,1.027528,1.021732,1.020900,1.034720,1.023360,1.037815,1.036838,1.023402,1.012882,0.994536,0.956109,0.959480,0.969712,0.964541,0.987674,1.018432,0.987703,0.965748,1.028619
3.548580,1.038358,1.028946,1.029448,1.022162,1.025668,1.025771,1.026071,1.026536,1.039962,1.025398,1.024912,1.016998,1.025169,1.026695,1.030582,1.033333,1.034982,1.033211,1.034275,0.971299,1.027403,1.021604,1.020774,1.034594,1.023265,1.037698,1.036722,1.023270,1.012748,0.994481,0.956030,0.959388,0.969588,0.964394,0.987544,1.018312,0.987611,0.965613,1.028636
3.556910,1.038377,1.028871,1.029360,1.022074,1.025589,1.025693,1.025998,1.026466,1.039945,1.025312,1.024828,1.016912,1.025081,1.026603,1.030476,1.033221,1.034877,1.033112,1.034152,0.971172,1.027289,1.021487,1.020660,1.034479,1.023180,1.037592,1.036616,1.023151,1.012627,0.994436,0.955957,0.959303,0.969475,0.964259,0.987425,1.018205,0.987529,0.965491,1.028655
3.565240,1.038397,1.028806,1.029282,1.021993,1.025518,1.025622,1.025932,1.026403,1.039931,1.025234,1.024753,1.016834,1.025002,1.026520,1.030380,1.033120,1.034783,1.033024,1.034040,0.971056,1.027186,1.021382,1.020557,1.034375,1.023106,1.037497,1.036522,1.023045,1.012520,0.994402,0.955893,0.959227,0.969373,0.964135,0.987317,1.018110,0.987456,0.965384,1.028675
3.573570,1.038418,1.028751,1.029214,1.021922,1.025455,1.025559,1.025874,1.026347,1.039921,1.025165,1.024685,1.016765,1.024931,1.026445,1.030294,1.033030,1.034699,1.032946,1.033939,0.970952,1.027094,1.021289,1.020466,1.034282,1.023042,1.037415,1.036439,1.022952,1.012426,0.994379,0.955835,0.959158,0.969281,0.964024,0.987220,1.018029,0.987394,0.965290,1.028696
3.581900,1.038440,1.028707,1.029155,1.021859,1.025400,1.025504,1.025823,1.026298,1.039914,1.025104,1.024626,1.016704,1.024869,1.026380,1.030218,1.032950,1.034626,1.032878,1.033850,0.970859,1.027014,1.021206,1.020387,1.034200,1.022989,1.037344,1.036367,1.022871,1.012345,0.994366,0.955785,0.959098,0.969200,0.963925,0.987134,1.017960,0.987341,0.965209,1.028718
3.590230,1.038464,1.028674,1.029106,1.021805,1.025352,1.025456,1.025779,1.026257,1.039911,1.025051,1.024575,1.016651,1.024815,1.026323,1.030153,1.032882,1.034563,1.032821,1.033773,0.970777,1.026944,1.021136,1.020319,1.034129,1.022946,1.037285,1.036306,1.022804,1.012278,0.994364,0.955743,0.959045,0.969129,0.963838,0.987059,1.017905,0.987299,0.965143,1.028741
3.598560,1.038488,1.028650,1.029067,1.021759,1.025313,1.025417,1.025743,1.026222,1.039911,1.025007,1.024532,1.016607,1.024770,1.026276,1.030097,1.032824,1.034512,1.032774,1.033706,0.970707,1.026885,1.021076,1.020263,1.034068,1.022914,1.037237,1.036257,1.022750,1.012225,0.994372,0.955708,0.959000,0.969069,0.963762,0.986995,1.017862,0.987267,0.965090,1.028766
3.606890,1.038513,1.028637,1.029037,1.021721,1.025281,1.025385,1.025714,1.026194,1.039914,1.024970,1.024497,1.016571,1.024733,1.026237,1.030052,1.032777,1.034471,1.032737,1.033651,0.970647,1.026838,1.021028,1.020218,1.034019,1.022892,1.037201,1.036219,1.022709,1.012184,0.994390,0.955680,0.958963,0.969019,0.963699,0.986942,1.017832,0.987244,0.965050,1.028791
3.615220,1.038540,1.028634,1.029017,1.021692,1.025256,1.025360,1.025693,1.026174,1.039921,1.024942,1.024471,1.016543,1.024704,1.026207,1.030017,1.032741,1.034440,1.032711,1.033608,0.970599,1.026801,1.020991,1.020185,1.033980,1.022881,1.037177,1.036191,1.022681,1.012157,0.994420,0.955659,0.958934,0.968980,0.963647,0.986900,1.017814,0.987232,0.965024,1.028817
3.623550,1.038567,1.028642,1.029007,1.021672,1.025240,1.025344,1.025678,1.026160,1.039931,1.024923,1.024452,1.016523,1.024684,1.026185,1.029992,1.032715,1.034420,1.032695,1.033576,0.970562,1.026776,1.020966,1.020164,1.033952,1.022880,1.037164,1.036175,1.022665,1.012142,0.994459,0.955646,0.958913,0.968952,0.963607,0.986869,1.017809,0.987230,0.965011,1.028844
3.631880,1.038596,1.028659,1.029006,1.021660,1.025231,1.025335,1.025671,1.026154,1.039945,1.024911,1.024441,1.016512,1.024672,1.026173,1.029976,1.032700,1.034411,1.032689,1.033554,0.970537,1.026761,1.020951,1.020154,1.033935,1.022890,1.037163,1.036170,1.022663,1.012141,0.994509,0.955640,0.958899,0.968933,0.963579,0.986849,1.017816,0.987237,0.965012,1.028872
3.640210,1.038625,1.028687,1.029015,1.021656,1.025229,1.025333,1.025670,1.026154,1.039962,1.024907,1.024438,1.016508,1.024668,1.026169,1.029971,1.032695,1.034412,1.032693,1.033544,0.970522,1.026757,1.020948,1.020155,1.033928,1.022910,1.037173,1.036176,1.022672,1.012153,0.994569,0.955640,0.958894,0.968925,0.963562,0.986839,1.017836,0.987255,0.965025,1.028901
3.648540,1.038655,1.028724,1.029033,1.021661,1.025235,1.025339,1.025677,1.026161,1.039982,1.024912,1.024443,1.016513,1.024673,1.026173,1.029976,1.032701,1.034423,1.032706,1.033545,0.970518,1.026764,1.020955,1.020167,1.033932,1.022940,1.037194,1.036192,1.022694,1.012177,0.994640,0.955648,0.958895,0.968928,0.963556,0.986840,1.017868,0.987282,0.965052,1.028932
3.656870,1.038687,1.028772,1.029061,1.021673,1.025248,1.025353,1.025691,1.026175,1.040005,1.024924,1.024456,1.016525,1.024685,1.026186,1.029990,1.032717,1.034445,1.032730,1.033557,0.970524,1.026781,1.020973,1.020190,1.033946,1.022980,1.037226,1.036219,1.022728,1.012213,0.994720,0.955663,0.958904,0.968940,0.963562,0.986851,1.017911,0.987319,0.965091,1.028962
3.665200,1.038719,1.028829,1.029098,1.021694,1.025269,1.025373,1.025711,1.026195,1.040031,1.024944,1.024476,1.016546,1.024706,1.026207,1.030013,1.032743,1.034476,1.032764,1.033579,0.970541,1.026808,1.021002,1.020223,1.033971,1.023030,1.037269,1.036257,1.022774,1.012262,0.994811,0.955685,0.958921,0.968962,0.963579,0.986873,1.017966,0.987365,0.965142,1.028994
3.673530,1.038752,1.028897,1.029144,1.021723,1.025297,1.025401,1.025739,1.026222,1.040060,1.024972,1.024504,1.016574,1.024734,1.026237,1.030046,1.032779,1.034518,1.032807,1.033612,0.970569,1.026846,1.021041,1.020268,1.034005,1.023091,1.037323,1.036305,1.022832,1.012322,0.994912,0.955713,0.958945,0.968994,0.963607,0.986904,1.018033,0.987421,0.965206,1.029027
3.681860,1.038785,1.028973,1.029198,1.021760,1.025332,1.025436,1.025772,1.026255,1.040092,1.025008,1.024539,1.016609,1.024770,1.026274,1.030089,1.032825,1.034569,1.032859,1.033655,0.970606,1.026893,1.021090,1.020323,1.034050,1.023160,1.037387,1.036363,1.022902,1.012395,0.995023,0.955748,0.958976,0.969035,0.963645,0.986946,1.018111,0.987487,0.965281,1.029060
3.690190,1.038820,1.029059,1.029262,1.021804,1.025374,1.025478,1.025813,1.026295,1.040128,1.025050,1.024581,1.016652,1.024814,1.026320,1.030140,1.032880,1.034629,1.032921,1.033709,0.970654,1.026951,1.021150,1.020387,1.034104,1.023240,1.037462,1.036431,1.022982,1.012479,0.995143,0.955789,0.959014,0.969086,0.963694,0.986997,1.018200,0.987561,0.965368,1.029094
3.698520,1.038855,1.029154,1.029334,1.021856,1.025422,1.025526,1.025860,1.026341,1.040166,1.025100,1.024631,1.016702,1.024865,1.026373,1.030200,1.032945,1.034699,1.032992,1.033772,0.970711,1.027017,1.021219,1.020462,1.034168,1.023328,1.037547,1.036509,1.023074,1.012574,0.995272,0.955836,0.959059,0.969146,0.963753,0.987058,1.018299,0.987644,0.965466,1.029129
3.706850,1.038891,1.029258,1.029414,1.021915,1.025477,1.025581,1.025912,1.026393,1.040206,1.025157,1.024687,1.016759,1.024923,1.026434,1.030269,1.033019,1.034778,1.033071,1.033844,0.970778,1.027093,1.021297,1.020546,1.034240,1.023426,1.037641,1.036596,1.023176,1.012679,0.995410,0.955889,0.959111,0.969215,0.963821,0.987127,1.018408,0.987736,0.965575,1.029164
3.715180,1.038927,1.029369,1.029502,1.021981,1.025538,1.025642,1.025971,1.026450,1.040249,1.025221,1.024750,1.016823,1.024987,1.026501,1.030346,1.033101,1.034865,1.033159,1.033926,0.970854,1.027178,1.021384,1.020640,1.034322,1.023531,1.037744,1.036691,1.023288,1.012795,0.995555,0.955948,0.959168,0.969292,0.963899,0.987206,1.018528,0.987835,0.965694,1.029200
3.723510,1.038964,1.029488,1.029597,1.022053,1.025605,1.025708,1.026035,1.026512,1.040295,1.025291,1.024818,1.016893,1.025058,1.026576,1.030430,1.033191,1.034960,1.033254,1.034017,0.970938,1.027271,1.021480,1.020742,1.034411,1.023645,1.037856,1.036795,1.023410,1.012921,0.995708,0.956013,0.959232,0.969377,0.963986,0.987292,1.018656,0.987943,0.965822,1.029237
3.731840,1.039001,1.029614,1.029699,1.022132,1.025677,1.025781,1.026104,1.026579,1.040342,1.025366,1.024893,1.016969,1.025135,1.026656,1.030522,1.033289,1.035063,1.033356,1.034115,0.971031,1.027372,1.021584,1.020852,1.034509,1.023765,1.037976,1.036907,1.023540,1.013055,0.995867,0.956082,0.959301,0.969470,0.964082,0.987387,1.018794,0.988057,0.965960,1.029274
3.740170,1.039039,1.029746,1.029807,1.022216,1.025755,1.025858,1.026178,1.026651,1.040392,1.025448,1.024973,1.017050,1.025218,1.026743,1.030620,1.033395,1.035173,1.033465,1.034222,0.971131,1.027481,1.021696,1.020970,1.034614,1.023893,1.038104,1.037026,1.023679,1.013198,0.996032,0.956156,0.959376,0.969570,0.964185,0.987489,1.018939,0.988178,0.966107,1.029311
3.748500,1.039076,1.029883,1.029921,1.022305,1.025837,1.025940,1.026256,1.026727,1.040443,1.025534,1.025057,1.017136,1.025306,1.026834,1.030725,1.033507,1.035289,1.033580,1.034335,0.971238,1.027596,1.021814,1.021095,1.034725,1.024026,1.038238,1.037152,1.023825,1.013349,0.996201,0.956234,0.959455,0.969677,0.964297,0.987597,1.019092,0.988304,0.966261,1.029348
3.756830,1.039114,1.030025,1.030039,1.022399,1.025923,1.026026,1.026338,1.026807,1.040495,1.025624,1.025146,1.017227,1.025398,1.026931,1.030835,1.033625,1.035411,1.033701,1.034455,0.971352,1.027717,1.021939,1.021226,1.034843,1.024164,1.038378,1.037284,1.023979,1.013507,0.996374,0.956316,0.959539,0.969790,0.964415,0.987712,1.019252,0.988436,0.966423,1.029386
3.765160,1.039152,1.030171,1.030162,1.022497,1.026013,1.026115,1.026423,1.026890,1.040549,1.025719,1.025239,1.017322,1.025494,1.027032,1.030951,1.033748,1.035538,1.033826,1.034581,0.971472,1.027844,1.022070,1.021364,1.034966,1.024307,1.038524,1.037420,1.024138,1.013671,0.996550,0.956401,0.959626,0.969909,0.964539,0.987833,1.019418,0.988573,0.966591,1.029424
3.773490,1.039190,1.030321,1.030288,1.022599,1.026105,1.026208,1.026511,1.026976,1.040604,1.025817,1.025335,1.017420,1.025594,1.027137,1.031071,1.033877,1.035670,1.033956,1.034713,0.971597,1.027976,1.022206,1.021506,1.035095,1.024453,1.038675,1.037562,1.024303,1.013841,0.996727,0.956489,0.959716,0.970032,0.964669,0.987959,1.019590,0.988713,0.966765,1.029462
3.781820,1.039228,1.030472,1.030417,1.022703,1.026201,1.026303,1.026602,1.027065,1.040660,1.025918,1.025434,1.017521,1.025697,1.027244,1.031194,1.034009,1.035805,1.034089,1.034849,0.971728,1.028112,1.022346,1.021653,1.035228,1.024603,1.038829,1.037708,1.024473,1.014015,0.996904,0.956579,0.959810,0.970160,0.964805,0.988089,1.019767,0.988857,0.966944,1.029499
3.790150,1.039266,1.030625,1.030549,1.022810,1.026299,1.026401,1.026695,1.027155,1.040717,1.026021,1.025536,1.017624,1.025802,1.027355,1.031322,1.034145,1.035944,1.034225,1.034989,0.971862,1.028252,1.022491,1.021804,1.035364,1.024754,1.038987,1.037856,1.024647,1.014194,0.997082,0.956671,0.959906,0.970292,0.964944,0.988224,1.019948,0.989003,0.967127,1.029536
3.798480,1.039303,1.030778,1.030682,1.022919,1.026398,1.026500,1.026789,1.027246,1.040773,1.026126,1.025639,1.017730,1.025909,1.027467,1.031451,1.034284,1.036085,1.034363,1.035133,0.972000,1.028396,1.022638,1.021959,1.035504,1.024907,1.039148,1.038008,1.024824,1.014377,0.997258,0.956765,0.960003,0.970428,0.965088,0.988361,1.020133,0.989151,0.967314,1.029573
3.806810,1.039340,1.030932,1.030816,1.023030,1.026499,1.026600,1.026884,1.027339,1.040830,1.026233,1.025743,1.017836,1.026018,1.027582,1.031583,1.034425,1.036228,1.034503,1.035279,0.972141,1.028541,1.022789,1.022116,1.035646,1.025061,1.039310,1.038161,1.025004,1.014562,0.997432,0.956859,0.960102,0.970566,0.965235,0.988502,1.020320,0.989300,0.967504,1.029610
3.815140,1.039377,1.031085,1.030950,1.023141,1.026600,1.026701,1.026980,1.027432,1.040886,1.026340,1.025849,1.017944,1.026128,1.027697,1.031717,1.034568,1.036372,1.034643,1.035428,0.972285,1.028689,1.022941,1.022275,1.035789,1.025215,1.039473,1.038315,1.025186,1.014749,0.997603,0.956954,0.960202,0.970706,0.965384,0.988644,1.020510,0.989450,0.967697,1.029646
3.823470,1.039413,1.031237,1.031084,1.023253,1.026701,1.026802,1.027076,1.027526,1.040943,1.026448,1.025954,1.018052,1.026238,1.027812,1.031851,1.034712,1.036518,1.034784,1.035579,0.972430,1.028837,1.023094,1.022436,1.035935,1.025369,1.039638,1.038470,1.025369,1.014937,0.997771,0.957049,0.960302,0.970847,0.965536,0.988788,1.020701,0.989600,0.967891,1.029682
3.831800,1.039448,1.031387,1.031218,1.023365,1.026803,1.026904,1.027172,1.027619,1.040998,1.026556,1.026060,1.018160,1.026348,1.027928,1.031986,1.034857,1.036663,1.034925,1.035730,0.972577,1.028987,1.023249,1.022597,1.036081,1.025521,1.039802,1.038626,1.025553,1.015127,0.997935,0.957144,0.960402,0.970990,0.965689,0.988933,1.020893,0.989750,0.968087,1.029717
3.840130,1.039483,1.031535,1.031350,1.023476,1.026904,1.027004,1.027268,1.027712,1.041053,1.026663,1.026165,1.018267,1.026457,1.028044,1.032121,1.035002,1.036808,1.035065,1.035882,0.972724,1.029136,1.023404,1.022759,1.036227,1.025673,1.039965,1.038780,1.025737,1.015316,0.998094,0.957239,0.960502,0.971133,0.965843,0.989078,1.021086,0.989898,0.968282,1.029751
3.848460,1.039517,1.031680,1.031481,1.023586,1.027004,1.027104,1.027363,1.027804,1.041107,1.026770,1.026270,1.018374,1.026566,1.028158,1.032255,1.035146,1.036952,1.035205,1.036034,0.972872,1.029286,1.023559,1.022920,1.036373,1.025822,1.040128,1.038934,1.025920,1.015506,0.998249,0.957332,0.960601,0.971276,0.965997,0.989224,1.021278,0.990045,0.968478,1.029785
3.856790,1.039550,1.031822,1.031610,1.023695,1.027103,1.027203,1.027456,1.027895,1.041160,1.026875,1.026373,1.018480,1.026674,1.028272,1.032388,1.035289,1.037095,1.035342,1.036185,0.973019,1.029434,1.023712,1.023081,1.036518,1.025968,1.040289,1.039087,1.026102,1.015694,0.998397,0.957424,0.960699,0.971419,0.966152,0.989369,1.021470,0.990191,0.968673,1.029817
3.865120,1.039582,1.031960,1.031736,1.023803,1.027200,1.027300,1.027548,1.027984,1.041212,1.026979,1.026474,1.018584,1.026780,1.028384,1.032520,1.035431,1.037236,1.035477,1.036335,0.973166,1.029581,1.023865,1.023240,1.036661,1.026112,1.040448,1.039237,1.026283,1.015881,0.998539,0.957514,0.960796,0.971561,0.966305,0.989512,1.021660,0.990334,0.968866,1.029849
3.873450,1.039613,1.032094,1.031859,1.023908,1.027295,1.027395,1.027638,1.028071,1.041262,1.027081,1.026574,1.018686,1.026884,1.028494,1.032650,1.035571,1.037375,1.035610,1.036484,0.973311,1.029726,1.024016,1.023398,1.036804,1.026252,1.040605,1.039385,1.026462,1.016065,0.998675,0.957603,0.960891,0.971701,0.966457,0.989655,1.021848,0.990474,0.969058,1.029880
3.881780,1.039643,1.032224,1.031979,1.024011,1.027389,1.027488,1.027726,1.028157,1.041311,1.027181,1.026671,1.018785,1.026986,1.028601,1.032778,1.035709,1.037511,1.035740,1.036631,0.973454,1.029870,1.024165,1.023553,1.036944,1.026389,1.040758,1.039530,1.026638,1.016247,0.998804,0.957689,0.960984,0.971840,0.966608,0.989795,1.022034,0.990611,0.969248,1.029910
3.890110,1.039672,1.032348,1.032095,1.024112,1.027479,1.027578,1.027812,1.028240,1.041359,1.027278,1.026766,1.018883,1.027085,1.028706,1.032903,1.035844,1.037644,1.035867,1.036775,0.973596,1.030010,1.024311,1.023706,1.037081,1.026521,1.040908,1.039673,1.026811,1.016427,0.998926,0.957773,0.961074,0.971976,0.966757,0.989933,1.022216,0.990745,0.969435,1.029939
3.898440,1.039700,1.032468,1.032208,1.024210,1.027567,1.027666,1.027895,1.028320,1.041404,1.027372,1.026858,1.018977,1.027182,1.028808,1.033025,1.035977,1.037774,1.035991,1.036917,0.973735,1.030148,1.024455,1.023856,1.037216,1.026649,1.041055,1.039811,1.026980,1.016602,0.999041,0.957854,0.961162,0.972110,0.966903,0.990069,1.022396,0.990875,0.969619,1.029967
3.906770,1.039727,1.032582,1.032316,1.024304,1.027652,1.027751,1.027975,1.028398,1.041448,1.027463,1.026947,1.019069,1.027275,1.028907,1.033144,1.036105,1.037900,1.036110,1.037055,0.973871,1.030282,1.024595,1.024003,1.037347,1.026772,1.041197,1.039946,1.027146,1.016774,0.999148,0.957932,0.961247,0.972241,0.967046,0.990201,1.022572,0.991001,0.969799,1.029993
3.915100,1.039753,1.032691,1.032420,1.024395,1.027734,1.027832,1.028052,1.028473,1.041490,1.027551,1.027033,1.019157,1.027365,1.029003,1.033260,1.036230,1.038022,1.036225,1.037190,0.974004,1.030412,1.024731,1.024145,1.037474,1.026890,1.041335,1.040076,1.027307,1.016942,0.999247,0.958007,0.961328,0.972368,0.967185,0.990330,1.022744,0.991123,0.969975,1.030019
3.923430,1.039778,1.032793,1.032519,1.024482,1.027813,1.027910,1.028126,1.028544,1.041530,1.027636,1.027115,1.019241,1.027452,1.029095,1.033371,1.036351,1.038140,1.036336,1.037320,0.974133,1.030539,1.024864,1.024284,1.037598,1.027003,1.041468,1.040202,1.027464,1.017105,0.999338,0.958078,0.961407,0.972492,0.967321,0.990455,1.022911,0.991239,0.970147,1.030044
3.931760,1.039802,1.032890,1.032613,1.024566,1.027887,1.027985,1.028196,1.028612,1.041568,1.027716,1.027194,1.019322,1.027534,1.029183,1.033478,1.036468,1.038253,1.036442,1.037447,0.974258,1.030661,1.024991,1.024418,1.037717,1.027110,1.041595,1.040322,1.027616,1.017263,0.999420,0.958146,0.961482,0.972611,0.967453,0.990576,1.023073,0.991351,0.970314,1.030067
3.940090,1.039824,1.032980,1.032702,1.024645,1.027958,1.028055,1.028263,1.028677,1.041604,1.027793,1.027269,1.019399,1.027613,1.029267,1.033581,1.036580,1.038362,1.036543,1.037568,0.974378,1.030778,1.025115,1.024547,1.037832,1.027211,1.041718,1.040438,1.027762,1.017416,0.999495,0.958210,0.961553,0.972727,0.967580,0.990693,1.023230,0.991458,0.970476,1.030089
3.948420,1.039846,1.033066,1.032788,1.024721,1.028027,1.028123,1.028327,1.028739,1.041638,1.027867,1.027341,1.019473,1.027689,1.029347,1.033680,1.036689,1.038467,1.036640,1.037687,0.974496,1.030892,1.025235,1.024673,1.037944,1.027309,1.041837,1.040550,1.027905,1.017565,0.999564,0.958272,0.961621,0.972839,0.967705,0.990807,1.023383,0.991562,0.970634,1.030111
3.956750,1.039866,1.033145,1.032867,1.024793,1.028091,1.028187,1.028387,1.028798,1.041671,1.027936,1.027408,1.019542,1.027760,1.029423,1.033775,1.036792,1.038565,1.036732,1.037799,0.974608,1.031001,1.025349,1.024792,1.038050,1.027399,1.041949,1.040656,1.028041,1.017708,0.999623,0.958329,0.961685,0.972946,0.967823,0.990915,1.023529,0.991658,0.970786,1.030131
3.965080,1.039885,1.033215,1.032940,1.024859,1.028150,1.028246,1.028443,1.028852,1.041700,1.028000,1.027470,1.019606,1.027826,1.029494,1.033863,1.036889,1.038658,1.036817,1.037906,0.974714,1.031103,1.025457,1.024906,1.038150,1.027482,1.042054,1.040756,1.028171,1.017843,0.999672,0.958382,0.961744,0.973047,0.967935,0.991017,1.023669,0.991749,0.970931,1.030150
3.973410,1.039903,1.033278,1.033007,1.024921,1.028204,1.028301,1.028494,1.028901,1.041727,1.028060,1.027528,1.019666,1.027887,1.029560,1.033946,1.036980,1.038745,1.036896,1.038007,0.974815,1.031200,1.025559,1.025014,1.038244,1.027558,1.042153,1.040849,1.028294,1.017972,0.999712,0.958430,0.961799,0.973143,0.968042,0.991114,1.023803,0.991833,0.971070,1.030167
3.981740,1.039920,1.033335,1.033067,1.024977,1.028255,1.028350,1.028541,1.028947,1.041752,1.028114,1.027581,1.019721,1.027943,1.029621,1.034024,1.037066,1.038825,1.036969,1.038102,0.974911,1.031291,1.025656,1.025116,1.038333,1.027628,1.042245,1.040935,1.028410,1.018094,0.999743,0.958474,0.961849,0.973233,0.968143,0.991206,1.023929,0.991911,0.971202,1.030184
3.990070,1.039935,1.033383,1.033122,1.025029,1.028300,1.028396,1.028584,1.028988,1.041775,1.028164,1.027629,1.019771,1.027995,1.029676,1.034096,1.037145,1.038900,1.037036,1.038191,0.975000,1.031375,1.025746,1.025211,1.038415,1.027690,1.042331,1.041015,1.028519,1.018209,0.999765,0.958513,0.961895,0.973318,0.968238,0.991291,1.024049,0.991983,0.971327,1.030199
3.998400,1.039949,1.033425,1.033170,1.025075,1.028341,1.028436,1.028622,1.029025,1.041795,1.028209,1.027673,1.019816,1.028041,1.029726,1.034161,1.037219,1.038968,1.037096,1.038273,0.975083,1.031453,1.025829,1.025300,1.038492,1.027745,1.042409,1.041089,1.028620,1.018317,0.999777,0.958548,0.961936,0.973396,0.968327,0.991370,1.024161,0.992048,0.971445,1.030213
4.006730,1.039962,1.033459,1.033211,1.025116,1.028377,1.028472,1.028656,1.029057,1.041813,1.028248,1.027711,1.019855,1.028082,1.029771,1.034221,1.037285,1.039029,1.037150,1.038349,0.975160,1.031525,1.025907,1.025382,1.038562,1.027793,1.042480,1.041155,1.028715,1.018418,0.999780,0.958578,0.961972,0.973468,0.968409,0.991443,1.024266,0.992106,0.971556,1.030226
4.015060,1.039974,1.033485,1.033246,1.025151,1.028408,1.028503,1.028685,1.029085,1.041828,1.028282,1.027744,1.019890,1.028118,1.029810,1.034275,1.037346,1.039084,1.037197,1.038418,0.975230,1.031590,1.025977,1.025457,1.038625,1.027833,1.042544,1.041215,1.028802,1.018511,0.999775,0.958604,0.962003,0.973534,0.968484,0.991510,1.024364,0.992158,0.971660,1.030238
4.023390,1.039985,1.033503,1.033275,1.025182,1.028434,1.028528,1.028709,1.029109,1.041841,1.028312,1.027772,1.019919,1.028148,1.029844,1.034322,1.037400,1.039132,1.037238,1.038480,0.975293,1.031649,1.026041,1.025525,1.038682,1.027866,1.042601,1.041268,1.028882,1.018596,0.999760,0.958624,0.962029,0.973593,0.968552,0.991570,1.024453,0.992202,0.971756,1.030249
4.031720,1.039995,1.033514,1.033297,1.025206,1.028455,1.028549,1.028729,1.029128,1.041852,1.028336,1.027795,1.019943,1.028173,1.029872,1.034364,1.037447,1.039174,1.037272,1.038535,0.975350,1.031701,1.026098,1.025586,1.038732,1.027892,1.042650,1.041313,1.028953,1.018674,0.999735,0.958640,0.962050,0.973646,0.968613,0.991624,1.024535,0.992240,0.971844,1.030258
4.040050,1.040003,1.033517,1.033312,1.025225,1.028471,1.028565,1.028744,1.029143,1.041860,1.028354,1.027813,1.019962,1.028193,1.029895,1.034398,1.037487,1.039208,1.037299,1.038583,0.975400,1.031746,1.026147,1.025640,1.038776,1.027910,1.042692,1.041351,1.029017,1.018744,0.999702,0.958651,0.962067,0.973692,0.968667,0.991671,1.024610,0.992271,0.971924,1.030267
4.048380,1.040011,1.033513,1.033320,1.025239,1.028482,1.028576,1.028754,1.029152,1.041866,1.028367,1.027825,1.019975,1.028207,1.029912,1.034427,1.037521,1.039236,1.037319,1.038624,0.975444,1.031784,1.026190,1.025687,1.038813,1.027920,1.042726,1.041382,1.029074,1.018806,0.999659,0.958657,0.962078,0.973731,0.968714,0.991711,1.024676,0.992295,0.971997,1.030274
4.056710,1.040017,1.033500,1.033322,1.025247,1.028488,1.028582,1.028760,1.029158,1.041869,1.028375,1.027832,1.019983,1.028216,1.029923,1.034449,1.037548,1.039256,1.037333,1.038658,0.975480,1.031815,1.026226,1.025727,1.038842,1.027922,1.042752,1.041406,1.029122,1.018860,0.999607,0.958659,0.962084,0.973764,0.968754,0.991745,1.024734,0.992311,0.972062,1.030280
4.065040,1.040022,1.033480,1.033316,1.025249,1.028489,1.028583,1.028761,1.029158,1.041871,1.028377,1.027834,1.019986,1.028219,1.029928,1.034464,1.037567,1.039270,1.037339,1.038684,0.975509,1.031839,1.026254,1.025759,1.038865,1.027917,1.042771,1.041422,1.029162,1.018905,0.999546,0.958655,0.962085,0.973790,0.968786,0.991772,1.024784,0.992320,0.972119,1.030285
4.073370,1.040026,1.033452,1.033304,1.025245,1.028485,1.028579,1.028757,1.029154,1.041870,1.028374,1.027831,1.019983,1.028217,1.029927,1.034473,1.037580,1.039276,1.037338,1.038703,0.975531,1.031855,1.026276,1.025784,1.038881,1.027905,1.042782,1.041431,1.029194,1.018943,0.999475,0.958647,0.962080,0.973809,0.968811,0.991791,1.024826,0.992322,0.972168,1.030289
4.081700,1.040029,1.033416,1.033285,1.025236,1.028476,1.028569,1.028748,1.029146,1.041866,1.028366,1.027822,1.019975,1.028209,1.029921,1.034475,1.037586,1.039276,1.037331,1.038715,0.975546,1.031865,1.026290,1.025801,1.038890,1.027884,1.042785,1.041433,1.029218,1.018972,0.999396,0.958634,0.962071,0.973821,0.968829,0.991804,1.024861,0.992317,0.972208,1.030293
4.090030,1.040032,1.033372,1.033260,1.025222,1.028462,1.028555,1.028734,1.029133,1.041860,1.028352,1.027808,1.019961,1.028196,1.029909,1.034470,1.037585,1.039268,1.037316,1.038720,0.975554,1.031868,1.026297,1.025812,1.038892,1.027856,1.042781,1.041427,1.029234,1.018993,0.999307,0.958616,0.962057,0.973826,0.968839,0.991810,1.024886,0.992305,0.972241,1.030295
4.098360,1.040033,1.033321,1.033227,1.025201,1.028442,1.028536,1.028716,1.029115,1.041853,1.028333,1.027789,1.019942,1.028177,1.029891,1.034459,1.037577,1.039253,1.037295,1.038717,0.975555,1.031864,1.026296,1.025814,1.038887,1.027820,1.042769,1.041413,1.029242,1.019007,0.999209,0.958593,0.962037,0.973824,0.968841,0.991809,1.024904,0.992285,0.972266,1.030296
4.106690,1.040033,1.033262,1.033188,1.025175,1.028418,1.028511,1.028693,1.029093,1.041842,1.028309,1.027764,1.019918,1.028153,1.029868,1.034442,1.037562,1.039231,1.037266,1.038707,0.975548,1.031852,1.026289,1.025810,1.038875,1.027776,1.042749,1.041392,1.029241,1.019012,0.999102,0.958566,0.962013,0.973816,0.968837,0.991802,1.024914,0.992258,0.972282,1.030296
4.115020,1.040032,1.033195,1.033142,1.025144,1.028389,1.028482,1.028666,1.029067,1.041830,1.028279,1.027735,1.019888,1.028123,1.029838,1.034418,1.037540,1.039203,1.037231,1.038690,0.975535,1.031834,1.026274,1.025798,1.038856,1.027725,1.042721,1.041364,1.029233,1.019008,0.998987,0.958534,0.961984,0.973801,0.968825,0.991787,1.024916,0.992224,0.972291,1.030295
4.123350,1.040031,1.033120,1.033089,1.025107,1.028355,1.028448,1.028634,1.029035,1.041815,1.028244,1.027700,1.019853,1.028088,1.029804,1.034387,1.037511,1.039167,1.037189,1.038665,0.975514,1.031808,1.026252,1.025779,1.038830,1.027665,1.042686,1.041329,1.029217,1.018997,0.998862,0.958497,0.961949,0.973778,0.968805,0.991766,1.024910,0.992182,0.972291,1.030294
4.131680,1.040028,1.033038,1.033030,1.025064,1.028316,1.028409,1.028597,1.029000,1.041799,1.028204,1.027660,1.019813,1.028048,1.029763,1.034351,1.037475,1.039124,1.037140,1.038634,0.975487,1.031776,1.026223,1.025752,1.038797,1.027599,1.042643,1.041286,1.029193,1.018978,0.998728,0.958456,0.961910,0.973750,0.968779,0.991737,1.024896,0.992133,0.972284,1.030291
4.140010,1.040025,1.032949,1.032964,1.025016,1.028272,1.028365,1.028556,1.028960,1.041780,1.028158,1.027615,1.019768,1.028002,1.029717,1.034307,1.037433,1.039075,1.037084,1.038595,0.975453,1.031736,1.026187,1.025719,1.038757,1.027525,1.042593,1.041236,1.029161,1.018951,0.998586,0.958410,0.961866,0.973714,0.968745,0.991703,1.024874,0.992078,0.972269,1.030288
4.148340,1.040020,1.032851,1.032892,1.024963,1.028223,1.028316,1.028510,1.028916,1.041759,1.028107,1.027565,1.019718,1.027951,1.029665,1.034258,1.037383,1.039018,1.037021,1.038549,0.975412,1.031690,1.026145,1.025678,1.038710,1.027443,1.042535,1.041179,1.029121,1.018916,0.998435,0.958360,0.961817,0.973672,0.968704,0.991661,1.024845,0.992015,0.972246,1.030284
4.156670,1.040015,1.032747,1.032813,1.024904,1.028170,1.028263,1.028460,1.028867,1.041736,1.028052,1.027510,1.019662,1.027895,1.029608,1.034202,1.037328,1.038955,1.036952,1.038497,0.975364,1.031638,1.026095,1.025631,1.038657,1.027354,1.042470,1.041115,1.029073,1.018874,0.998275,0.958306,0.961764,0.973624,0.968657,0.991613,1.024808,0.991945,0.972216,1.030279
4.165000,1.040009,1.032635,1.032727,1.024840,1.028112,1.028205,1.028406,1.028815,1.041711,1.027991,1.027451,1.019602,1.027834,1.029546,1.034140,1.037265,1.038885,1.036877,1.038437,0.975310,1.031578,1.026039,1.025576,1.038598,1.027257,1.042398,1.041044,1.029018,1.018823,0.998107,0.958247,0.961706,0.973569,0.968602,0.991559,1.024764,0.991867,0.972178,1.030273
4.173330,1.040003,1.032516,1.032636,1.024771,1.028049,1.028142,1.028347,1.028758,1.041685,1.027926,1.027386,1.019536,1.027768,1.029478,1.034072,1.037196,1.038809,1.036794,1.038371,0.975249,1.031512,1.025976,1.025515,1.038531,1.027154,1.042318,1.040966,1.028956,1.018765,0.997930,0.958184,0.961643,0.973508,0.968541,0.991498,1.024712,0.991783,0.972133,1.030266
4.181660,1.039995,1.032389,1.032538,1.024696,1.027982,1.028075,1.028284,1.028697,1.041656,1.027855,1.027317,1.019466,1.027697,1.029405,1.033998,1.037121,1.038727,1.036706,1.038299,0.975181,1.031440,1.025906,1.025448,1.038459,1.027043,1.042232,1.040881,1.028886,1.018700,0.997744,0.958116,0.961575,0.973441,0.968473,0.991431,1.024654,0.991693,0.972081,1.030259
4.189990,1.039987,1.032256,1.032434,1.024617,1.027911,1.028003,1.028217,1.028632,1.041625,1.027780,1.027243,1.019391,1.027621,1.029327,1.033918,1.037040,1.038638,1.036611,1.038220,0.975108,1.031361,1.025831,1.025374,1.038380,1.026925,1.042138,1.040790,1.028809,1.018628,0.997551,0.958045,0.961504,0.973369,0.968399,0.991358,1.024588,0.991595,0.972021,1.030251
4.198320,1.039978,1.032116,1.032324,1.024533,1.027835,1.027928,1.028146,1.028563,1.041593,1.027701,1.027165,1.019312,1.027541,1.029244,1.033833,1.036953,1.038543,1.036511,1.038135,0.975029,1.031277,1.025749,1.025293,1.038295,1.026801,1.042038,1.040692,1.028725,1.018549,0.997350,0.957970,0.961428,0.973290,0.968319,0.991279,1.024516,0.991492,0.971955,1.030242
4.206650,1.039969,1.031970,1.032209,1.024444,1.027755,1.027848,1.028071,1.028491,1.041559,1.027617,1.027082,1.019228,1.027456,1.029157,1.033742,1.036860,1.038442,1.036405,1.038044,0.974943,1.031187,1.025661,1.025207,1.038205,1.026670,1.041932,1.040588,1.028634,1.018463,0.997142,0.957891,0.961348,0.973206,0.968233,0.991195,1.024438,0.991382,0.971883,1.030233
4.214980,1.039959,1.031818,1.032089,1.024350,1.027671,1.027764,1.027992,1.028415,1.041523,1.027529,1.026996,1.019140,1.027367,1.029065,1.033646,1.036762,1.038336,1.036293,1.037947,0.974853,1.031091,1.025568,1.025115,1.038109,1.026533,1.041819,1.040479,1.028538,1.018371,0.996927,0.957808,0.961264,0.973117,0.968141,0.991105,1.024353,0.991266,0.971804,1.030223
4.223310,1.039948,1.031660,1.031963,1.024253,1.027584,1.027677,1.027910,1.028336,1.041485,1.027437,1.026905,1.019048,1.027273,1.028968,1.033546,1.036658,1.038224,1.036176,1.037845,0.974757,1.030990,1.025470,1.025018,1.038008,1.026391,1.041701,1.040364,1.028435,1.018273,0.996705,0.957723,0.961177,0.973023,0.968044,0.991010,1.024263,0.991144,0.971719,1.030212
4.231640,1.039937,1.031497,1.031833,1.024152,1.027493,1.027587,1.027825,1.028253,1.041447,1.027341,1.026811,1.018952,1.027177,1.028868,1.033440,1.036550,1.038108,1.036055,1.037738,0.974656,1.030884,1.025366,1.024916,1.037902,1.026243,1.041577,1.040244,1.028326,1.018169,0.996478,0.957634,0.961086,0.972924,0.967942,0.990911,1.024167,0.991018,0.971629,1.030201
4.239970,1.039925,1.031329,1.031699,1.024047,1.027399,1.027493,1.027737,1.028168,1.041406,1.027242,1.026714,1.018853,1.027076,1.028764,1.033331,1.036437,1.037987,1.035929,1.037627,0.974551,1.030773,1.025258,1.024809,1.037791,1.026090,1.041449,1.040119,1.028213,1.018060,0.996245,0.957542,0.960993,0.972820,0.967835,0.990807,1.024066,0.990886,0.971533,1.030189
4.248300,1.039913,1.031157,1.031561,1.023938,1.027302,1.027396,1.027646,1.028080,1.041365,1.027140,1.026614,1.018751,1.026973,1.028657,1.033217,1.036320,1.037862,1.035798,1.037511,0.974442,1.030659,1.025146,1.024697,1.037676,1.025933,1.041316,1.039990,1.028094,1.017946,0.996008,0.957448,0.960896,0.972713,0.967724,0.990698,1.023961,0.990750,0.971433,1.030177
4.256630,1.039900,1.030981,1.031419,1.023827,1.027202,1.027297,1.027553,1.027990,1.041323,1.027036,1.026511,1.018646,1.026866,1.028546,1.033101,1.036200,1.037734,1.035665,1.037391,0.974328,1.030540,1.025029,1.024582,1.037557,1.025771,1.041179,1.039857,1.027971,1.017828,0.995767,0.957352,0.960797,0.972603,0.967608,0.990587,1.023851,0.990610,0.971329,1.030165
4.264960,1.039887,1.030803,1.031275,1.023713,1.027101,1.027195,1.027458,1.027898,1.041279,1.026928,1.026405,1.018539,1.026757,1.028433,1.032981,1.036076,1.037602,1.035528,1.037268,0.974212,1.030418,1.024910,1.024463,1.037435,1.025607,1.041038,1.039720,1.027845,1.017706,0.995523,0.957253,0.960695,0.972489,0.967490,0.990471,1.023738,0.990467,0.971221,1.030152
4.273290,1.039874,1.030621,1.031128,1.023597,1.026997,1.027092,1.027361,1.027804,1.041235,1.026819,1.026298,1.018430,1.026646,1.028318,1.032858,1.035949,1.037467,1.035389,1.037141,0.974092,1.030293,1.024787,1.024341,1.037310,1.025439,1.040894,1.039581,1.027715,1.017581,0.995276,0.957153,0.960592,0.972372,0.967368,0.990353,1.023621,0.990320,0.971109,1.030139
4.281620,1.039861,1.030438,1.030979,1.023479,1.026892,1.026987,1.027262,1.027709,1.041191,1.026708,1.026189,1.018319,1.026534,1.028201,1.032733,1.035819,1.037330,1.035247,1.037012,0.973970,1.030166,1.024662,1.024217,1.037182,1.025269,1.040748,1.039439,1.027582,1.017452,0.995028,0.957052,0.960487,0.972253,0.967244,0.990233,1.023502,0.990171,0.970994,1.030125
4.289950,1.039847,1.030253,1.030828,1.023360,1.026785,1.026881,1.027162,1.027612,1.041145,1.026595,1.026078,1.018206,1.026419,1.028082,1.032606,1.035688,1.037191,1.035104,1.036881,0.973845,1.030037,1.024534,1.024090,1.037053,1.025098,1.040599,1.039295,1.027446,1.017321,0.994779,0.956949,0.960380,0.972131,0.967118,0.990110,1.023380,0.990021,0.970877,1.030112
4.298280,1.039833,1.030067,1.030677,1.023239,1.026678,1.026773,1.027062,1.027515,1.041100,1.026482,1.025967,1.018093,1.026304,1.027962,1.032478,1.035555,1.037050,1.034959,1.036749,0.973719,1.029906,1.024405,1.023962,1.036921,1.024925,1.040449,1.039150,1.027309,1.017189,0.994529,0.956846,0.960273,0.972009,0.966989,0.989986,1.023257,0.989868,0.970758,1.030098
4.306610,1.039820,1.029882,1.030525,1.023118,1.026570,1.026666,1.026961,1.027417,1.041054,1.026368,1.025855,1.017979,1.026188,1.027842,1.032349,1.035421,1.036909,1.034814,1.036615,0.973592,1.029774,1.024275,1.023832,1.036789,1.024752,1.040299,1.039003,1.027171,1.017055,0.994281,0.956742,0.960165,0.971885,0.966860,0.989860,1.023132,0.989715,0.970638,1.030085
4.314940,1.039806,1.029696,1.030373,1.022997,1.026462,1.026558,1.026859,1.027319,1.041009,1.026254,1.025743,1.017865,1.026072,1.027721,1.032219,1.035287,1.036768,1.034668,1.036480,0.973464,1.029641,1.024145,1.023702,1.036656,1.024579,1.040147,1.038857,1.027032,1.016920,0.994034,0.956639,0.960058,0.971761,0.966730,0.989734,1.023007,0.989561,0.970517,1.030071
4.323270,1.039792,1.029512,1.030222,1.022876,1.026354,1.026451,1.026758,1.027222,1.040963,1.026140,1.025631,1.017751,1.025957,1.027600,1.032090,1.035153,1.036626,1.034523,1.036346,0.973335,1.029509,1.024014,1.023572,1.036522,1.024406,1.039996,1.038710,1.026892,1.016785,0.993789,0.956536,0.959950,0.971636,0.966599,0.989608,1.022881,0.989408,0.970395,1.030058
4.331600,1.039779,1.029330,1.030072,1.022755,1.026246,1.026344,1.026658,1.027125,1.040918,1.026027,1.025520,1.017637,1.025842,1.027480,1.031961,1.035019,1.036485,1.034379,1.036211,0.973207,1.029377,1.023883,1.023442,1.036390,1.024235,1.039846,1.038565,1.026753,1.016650,0.993548,0.956434,0.959843,0.971512,0.966469,0.989482,1.022756,0.989255,0.970274,1.030044
4.339930,1.039766,1.029150,1.029924,1.022636,1.026140,1.026238,1.026559,1.027028,1.040874,1.025914,1.025410,1.017525,1.025727,1.027362,1.031832,1.034886,1.036346,1.034236,1.036078,0.973080,1.029245,1.023754,1.023313,1.036257,1.024065,1.039697,1.038420,1.026616,1.016517,0.993310,0.956332,0.959737,0.971388,0.966340,0.989357,1.022631,0.989103,0.970153,1.030031
4.348260,1.039753,1.028973,1.029778,1.022518,1.026035,1.026133,1.026461,1.026934,1.040830,1.025803,1.025301,1.017414,1.025615,1.027244,1.031706,1.034754,1.036208,1.034095,1.035946,0.972953,1.029115,1.023625,1.023185,1.036127,1.023898,1.039550,1.038277,1.026479,1.016384,0.993076,0.956233,0.959632,0.971266,0.966211,0.989233,1.022508,0.988953,0.970034,1.030019
4.356590,1.039740,1.028799,1.029634,1.022401,1.025932,1.026030,1.026364,1.026840,1.040787,1.025694,1.025194,1.017305,1.025504,1.027128,1.031581,1.034624,1.036072,1.033956,1.035815,0.972829,1.028987,1.023499,1.023059,1.035998,1.023734,1.039405,1.038137,1.026345,1.016254,0.992848,0.956135,0.959529,0.971145,0.966085,0.989111,1.022387,0.988806,0.969916,1.030006
4.364920,1.039728,1.028630,1.029494,1.022288,1.025831,1.025930,1.026269,1.026749,1.040746,1.025587,1.025089,1.017198,1.025395,1.027015,1.031458,1.034497,1.035939,1.033820,1.035687,0.972706,1.028861,1.023374,1.022936,1.035871,1.023573,1.039263,1.037999,1.026213,1.016126,0.992626,0.956039,0.959428,0.971027,0.965960,0.988990,1.022268,0.988661,0.969800,1.029994
4.373250,1.039717,1.028465,1.029357,1.022176,1.025732,1.025831,1.026177,1.026660,1.040705,1.025483,1.024987,1.017093,1.025289,1.026904,1.031339,1.034372,1.035809,1.033687,1.035561,0.972586,1.028738,1.023253,1.022815,1.035747,1.023416,1.039124,1.037865,1.026084,1.016001,0.992410,0.955945,0.959329,0.970911,0.965838,0.988873,1.022152,0.988519,0.969688,1.029983
4.381580,1.039705,1.028305,1.029224,1.022068,1.025636,1.025735,1.026087,1.026573,1.040665,1.025381,1.024887,1.016991,1.025185,1.026796,1.031222,1.034251,1.035682,1.033558,1.035439,0.972468,1.028619,1.023134,1.022697,1.035626,1.023263,1.038989,1.037734,1.025958,1.015880,0.992201,0.955854,0.959233,0.970797,0.965719,0.988758,1.022040,0.988382,0.969578,1.029972
4.389910,1.039695,1.028150,1.029095,1.021963,1.025543,1.025643,1.026000,1.026489,1.040628,1.025282,1.024790,1.016892,1.025085,1.026691,1.031109,1.034133,1.035559,1.033433,1.035320,0.972354,1.028502,1.023019,1.022583,1.035509,1.023115,1.038859,1.037607,1.025837,1.015762,0.991999,0.955766,0.959140,0.970687,0.965603,0.988647,1.021931,0.988248,0.969472,1.029961
4.398240,1.039685,1.028001,1.028971,1.021861,1.025453,1.025553,1.025916,1.026407,1.040591,1.025187,1.024697,1.016797,1.024988,1.026590,1.030999,1.034019,1.035441,1.033312,1.035205,0.972244,1.028390,1.022908,1.022473,1.035395,1.022973,1.038733,1.037485,1.025720,1.015649,0.991805,0.955681,0.959049,0.970581,0.965491,0.988539,1.021826,0.988118,0.969370,1.029951
4.406570,1.039676,1.027858,1.028853,1.021764,1.025367,1.025467,1.025835,1.026329,1.040556,1.025095,1.024607,1.016706,1.024895,1.026493,1.030894,1.033910,1.035327,1.033196,1.035094,0.972137,1.028282,1.022801,1.022367,1.035286,1.022836,1.038611,1.037367,1.025607,1.015540,0.991619,0.955600,0.958963,0.970478,0.965383,0.988435,1.021726,0.987994,0.969273,1.029942
4.414900,1.039667,1.027722,1.028739,1.021670,1.025284,1.025385,1.025758,1.026255,1.040524,1.025008,1.024521,1.016618,1.024806,1.026400,1.030793,1.033805,1.035218,1.033086,1.034987,0.972035,1.028178,1.022699,1.022266,1.035181,1.022704,1.038496,1.037255,1.025500,1.015437,0.991441,0.955522,0.958880,0.970380,0.965280,0.988336,1.021630,0.987874,0.969180,1.029933
4.423230,1.039659,1.027592,1.028631,1.021581,1.025205,1.025307,1.025685,1.026184,1.040492,1.024924,1.024440,1.016534,1.024721,1.026311,1.030697,1.033705,1.035114,1.032980,1.034886,0.971938,1.028080,1.022602,1.022169,1.035081,1.022579,1.038385,1.037148,1.025398,1.015339,0.991272,0.955448,0.958801,0.970286,0.965181,0.988241,1.021540,0.987760,0.969092,1.029926
4.431560,1.039652,1.027469,1.028529,1.021497,1.025131,1.025233,1.025615,1.026117,1.040463,1.024845,1.024362,1.016455,1.024640,1.026227,1.030606,1.033610,1.035016,1.032880,1.034790,0.971845,1.027986,1.022510,1.022078,1.034986,1.022461,1.038281,1.037046,1.025302,1.015246,0.991112,0.955378,0.958726,0.970197,0.965088,0.988151,1.021456,0.987651,0.969010,1.029919
4.439890,1.039645,1.027354,1.028432,1.021417,1.025061,1.025163,1.025550,1.026054,1.040436,1.024771,1.024289,1.016381,1.024564,1.026148,1.030520,1.033521,1.034923,1.032786,1.034699,0.971758,1.027898,1.022423,1.021993,1.034897,1.022349,1.038183,1.036951,1.025212,1.015160,0.990962,0.955313,0.958655,0.970113,0.965000,0.988067,1.021377,0.987549,0.968934,1.029912
4.448220,1.039640,1.027246,1.028343,1.021343,1.024995,1.025098,1.025489,1.025995,1.040412,1.024701,1.024221,1.016311,1.024494,1.026074,1.030439,1.033437,1.034837,1.032699,1.034614,0.971676,1.027816,1.022343,1.021914,1.034813,1.022244,1.038092,1.036862,1.025128,1.015080,0.990821,0.955252,0.958589,0.970034,0.964917,0.987988,1.021305,0.987453,0.968863,1.029907
4.456550,1.039635,1.027145,1.028259,1.021273,1.024935,1.025037,1.025432,1.025941,1.040389,1.024637,1.024158,1.016246,1.024428,1.026005,1.030365,1.033359,1.034756,1.032617,1.034535,0.971600,1.027740,1.022268,1.021840,1.034735,1.022147,1.038007,1.036780,1.025051,1.015007,0.990689,0.955195,0.958527,0.969961,0.964840,0.987915,1.021239,0.987363,0.968799,1.029902
4.464880,1.039631,1.027053,1.028183,1.021209,1.024879,1.024982,1.025381,1.025890,1.040369,1.024577,1.024100,1.016187,1.024367,1.025942,1.030296,1.033288,1.034683,1.032542,1.034462,0.971529,1.027670,1.022199,1.021773,1.034664,1.022056,1.037930,1.036704,1.024981,1.014940,0.990568,0.955143,0.958471,0.969894,0.964770,0.987848,1.021179,0.987280,0.968742,1.029898
4.473210,1.039628,1.026969,1.028113,1.021151,1.024828,1.024931,1.025333,1.025845,1.040351,1.024523,1.024047,1.016133,1.024312,1.025884,1.030234,1.033223,1.034616,1.032474,1.034396,0.971465,1.027607,1.022138,1.021713,1.034599,1.021974,1.037859,1.036635,1.024919,1.014881,0.990456,0.955096,0.958419,0.969832,0.964706,0.987787,1.021127,0.987203,0.968692,1.029895
4.481540,1.039626,1.026892,1.028050,1.021099,1.024782,1.024886,1.025291,1.025804,1.040335,1.024474,1.023999,1.016084,1.024263,1.025832,1.030178,1.033165,1.034555,1.032413,1.034337,0.971408,1.027550,1.022082,1.021659,1.034540,1.021899,1.037797,1.036574,1.024863,1.014829,0.990354,0.955054,0.958372,0.969777,0.964648,0.987732,1.021082,0.987134,0.968648,1.029893
4.489870,1.039625,1.026825,1.027995,1.021052,1.024742,1.024846,1.025254,1.025769,1.040322,1.024431,1.023957,1.016041,1.024219,1.025786,1.030128,1.033113,1.034502,1.032359,1.034284,0.971357,1.027500,1.022034,1.021612,1.034488,1.021833,1.037741,1.036520,1.024815,1.014785,0.990263,0.955017,0.958331,0.969728,0.964598,0.987684,1.021044,0.987072,0.968612,1.029892
4.498200,1.039625,1.026765,1.027947,1.021011,1.024707,1.024811,1.025222,1.025738,1.040312,1.024394,1.023921,1.016004,1.024181,1.025746,1.030085,1.033069,1.034456,1.032312,1.034238,0.971312,1.027458,1.021992,1.021573,1.034443,1.021774,1.037694,1.036473,1.024775,1.014748,0.990182,0.954985,0.958295,0.969686,0.964554,0.987642,1.021014,0.987018,0.968584,1.029892
4.506530,1.039626,1.026715,1.027906,1.020977,1.024678,1.024782,1.025195,1.025712,1.040304,1.024362,1.023890,1.015972,1.024148,1.025712,1.030049,1.033031,1.034418,1.032273,1.034200,0.971275,1.027422,1.021958,1.021540,1.034405,1.021724,1.037654,1.036434,1.024743,1.014720,0.990112,0.954959,0.958265,0.969650,0.964517,0.987608,1.020991,0.986971,0.968563,1.029893
4.514860,1.039628,1.026673,1.027873,1.020949,1.024654,1.024759,1.025173,1.025691,1.040298,1.024337,1.023865,1.015947,1.024122,1.025685,1.030020,1.033001,1.034386,1.032241,1.034168,0.971244,1.027393,1.021931,1.021516,1.034374,1.021682,1.037623,1.036403,1.024720,1.014700,0.990052,0.954937,0.958240,0.969621,0.964488,0.987580,1.020976,0.986931,0.968550,1.029895
4.523190,1.039630,1.026640,1.027848,1.020927,1.024636,1.024741,1.025157,1.025676,1.040295,1.024317,1.023846,1.015927,1.024102,1.025664,1.029997,1.032978,1.034363,1.032216,1.034145,0.971221,1.027372,1.021912,1.021498,1.034351,1.021649,1.037600,1.036380,1.024704,1.014687,0.990002,0.954922,0.958220,0.969599,0.964466,0.987560,1.020969,0.986900,0.968545,1.029897
4.531520,1.039634,1.026615,1.027830,1.020911,1.024624,1.024729,1.025146,1.025666,1.040295,1.024304,1.023833,1.015914,1.024089,1.025650,1.029982,1.032963,1.034347,1.032200,1.034128,0.971205,1.027359,1.021900,1.021488,1.034335,1.021625,1.037585,1.036365,1.024697,1.014684,0.989963,0.954911,0.958207,0.969584,0.964451,0.987547,1.020970,0.986876,0.968548,1.029901
4.539850,1.039639,1.026600,1.027820,1.020902,1.024618,1.024723,1.025141,1.025661,1.040298,1.024296,1.023827,1.015906,1.024081,1.025642,1.029974,1.032955,1.034339,1.032191,1.034120,0.971197,1.027352,1.021895,1.021486,1.034327,1.021609,1.037578,1.036357,1.024698,1.014688,0.989935,0.954907,0.958199,0.969575,0.964444,0.987541,1.020979,0.986861,0.968559,1.029906
4.548180,1.039644,1.026594,1.027819,1.020900,1.024617,1.024723,1.025141,1.025661,1.040303,1.024295,1.023826,1.015905,1.024080,1.025640,1.029974,1.032954,1.034338,1.032190,1.034119,0.971195,1.027354,1.021899,1.021492,1.034326,1.021602,1.037580,1.036359,1.024708,1.014702,0.989917,0.954908,0.958197,0.969575,0.964445,0.987543,1.020997,0.986853,0.968579,1.029911
4.556510,1.039651,1.026596,1.027825,1.020904,1.024623,1.024729,1.025147,1.025667,1.040311,1.024301,1.023831,1.015911,1.024085,1.025646,1.029981,1.032962,1.034346,1.032197,1.034126,0.971202,1.027364,1.021910,1.021506,1.034333,1.021603,1.037591,1.036368,1.024727,1.014724,0.989910,0.954914,0.958201,0.969581,0.964453,0.987552,1.021023,0.986854,0.968607,1.029918
4.564840,1.039658,1.026608,1.027839,1.020915,1.024635,1.024740,1.025158,1.025679,1.040322,1.024312,1.023843,1.015922,1.024097,1.025658,1.029995,1.032977,1.034362,1.032212,1.034141,0.971216,1.027381,1.021929,1.021528,1.034347,1.021614,1.037610,1.036386,1.024754,1.014755,0.989914,0.954926,0.958211,0.969594,0.964469,0.987568,1.021057,0.986863,0.968644,1.029925
4.573170,1.039667,1.026629,1.027861,1.020932,1.024652,1.024758,1.025176,1.025696,1.040336,1.024330,1.023861,1.015940,1.024115,1.025677,1.030017,1.033000,1.034385,1.032235,1.034164,0.971237,1.027406,1.021956,1.021557,1.034370,1.021633,1.037638,1.036412,1.024790,1.014794,0.989928,0.954944,0.958227,0.969615,0.964494,0.987592,1.021100,0.986880,0.968689,1.029934
4.581500,1.039676,1.026659,1.027891,1.020957,1.024676,1.024782,1.025199,1.025719,1.040352,1.024355,1.023885,1.015965,1.024140,1.025702,1.030046,1.033031,1.034417,1.032266,1.034194,0.971267,1.027439,1.021991,1.021595,1.034400,1.021662,1.037675,1.036446,1.024835,1.014843,0.989953,0.954967,0.958249,0.969643,0.964525,0.987624,1.021151,0.986905,0.968742,1.029943
4.589830,1.039687,1.026698,1.027929,1.020988,1.024706,1.024812,1.025227,1.025747,1.040371,1.024385,1.023916,1.015996,1.024172,1.025735,1.030083,1.033069,1.034456,1.032305,1.034233,0.971304,1.027480,1.022034,1.021641,1.034438,1.021699,1.037720,1.036489,1.024889,1.014900,0.989988,0.954997,0.958277,0.969679,0.964565,0.987664,1.021210,0.986939,0.968805,1.029953
4.598160,1.039698,1.026746,1.027975,1.021025,1.024741,1.024848,1.025262,1.025780,1.040393,1.024423,1.023953,1.016033,1.024209,1.025774,1.030127,1.033116,1.034504,1.032352,1.034280,0.971348,1.027528,1.022085,1.021695,1.034484,1.021745,1.037774,1.036540,1.024951,1.014966,0.990035,0.955032,0.958311,0.969722,0.964613,0.987711,1.021278,0.986981,0.968875,1.029965
4.606490,1.039711,1.026803,1.028029,1.021070,1.024783,1.024890,1.025302,1.025820,1.040418,1.024466,1.023996,1.016077,1.024254,1.025820,1.030179,1.033170,1.034560,1.032407,1.034334,0.971400,1.027585,1.022144,1.021757,1.034538,1.021800,1.037837,1.036600,1.025023,1.015041,0.990091,0.955072,0.958351,0.969772,0.964669,0.987765,1.021354,0.987031,0.968955,1.029977
4.614820,1.039724,1.026869,1.028091,1.021121,1.024831,1.024938,1.025348,1.025865,1.040445,1.024517,1.024045,1.016127,1.024305,1.025873,1.030238,1.033233,1.034624,1.032471,1.034397,0.971461,1.027650,1.022211,1.021827,1.034600,1.021864,1.037908,1.036668,1.025103,1.015125,0.990159,0.955118,0.958397,0.969829,0.964732,0.987828,1.021439,0.987090,0.969043,1.029990
4.623150,1.039738,1.026945,1.028161,1.021179,1.024885,1.024992,1.025399,1.025915,1.040475,1.024573,1.024101,1.016184,1.024362,1.025933,1.030305,1.033303,1.034696,1.032542,1.034468,0.971528,1.027722,1.022285,1.021905,1.034670,1.021938,1.037989,1.036744,1.025193,1.015218,0.990236,0.955170,0.958449,0.969894,0.964804,0.987898,1.021532,0.987157,0.969139,1.030004
4.631480,1.039753,1.027029,1.028239,1.021244,1.024945,1.025052,1.025456,1.025971,1.040508,1.024636,1.024163,1.016247,1.024426,1.025999,1.030379,1.033381,1.034776,1.032621,1.034546,0.971604,1.027802,1.022368,1.021991,1.034747,1.022019,1.038078,1.036829,1.025291,1.015319,0.990325,0.955228,0.958507,0.969966,0.964883,0.987976,1.021634,0.987233,0.969244,1.030019
4.639810,1.039769,1.027122,1.028325,1.021316,1.025012,1.025118,1.025519,1.026032,1.040544,1.024705,1.024231,1.016316,1.024496,1.026073,1.030461,1.033466,1.034863,1.032708,1.034633,0.971686,1.027891,1.022459,1.022085,1.034832,1.022110,1.038175,1.036922,1.025398,1.015429,0.990423,0.955291,0.958571,0.970046,0.964970,0.988061,1.021743,0.987316,0.969358,1.030035
4.648140,1.039786,1.027225,1.028419,1.021394,1.025084,1.025190,1.025588,1.026099,1.040582,1.024781,1.024306,1.016392,1.024573,1.026153,1.030550,1.033560,1.034959,1.032803,1.034727,0.971777,1.027987,1.022557,1.022187,1.034925,1.022210,1.038281,1.037024,1.025513,1.015548,0.990532,0.955360,0.958641,0.970132,0.965065,0.988153,1.021861,0.987408,0.969480,1.030051
4.656470,1.039804,1.027336,1.028521,1.021478,1.025162,1.025268,1.025662,1.026171,1.040623,1.024863,1.024386,1.016474,1.024657,1.026239,1.030647,1.033661,1.035063,1.032906,1.034829,0.971875,1.028090,1.022663,1.022296,1.035026,1.022318,1.038396,1.037133,1.025637,1.015676,0.990651,0.955434,0.958717,0.970226,0.965167,0.988254,1.021987,0.987508,0.969610,1.030069
4.664800,1.039822,1.027455,1.028631,1.021570,1.025246,1.025352,1.025742,1.026249,1.040666,1.024951,1.024473,1.016562,1.024746,1.026333,1.030750,1.033770,1.035174,1.033017,1.034938,0.971980,1.028201,1.022777,1.022414,1.035134,1.022435,1.038518,1.037251,1.025770,1.015811,0.990780,0.955513,0.958798,0.970327,0.965277,0.988361,1.022121,0.987616,0.969748,1.030087
4.673130,1.039841,1.027583,1.028748,1.021667,1.025335,1.025442,1.025827,1.026332,1.040713,1.025045,1.024566,1.016657,1.024842,1.026432,1.030861,1.033886,1.035293,1.033135,1.035055,0.972092,1.028320,1.022898,1.022539,1.035250,1.022560,1.038649,1.037376,1.025911,1.015956,0.990918,0.955598,0.958885,0.970434,0.965394,0.988476,1.022262,0.987732,0.969894,1.030106
4.681460,1.039861,1.027719,1.028872,1.021771,1.025431,1.025537,1.025917,1.026420,1.040761,1.025145,1.024664,1.016757,1.024943,1.026539,1.030979,1.034009,1.035419,1.033261,1.035180,0.972212,1.028446,1.023026,1.022671,1.035373,1.022693,1.038788,1.037509,1.026060,1.016108,0.991066,0.955688,0.958978,0.970549,0.965518,0.988597,1.022411,0.987856,0.970048,1.030126
4.689790,1.039882,1.027864,1.029003,1.021881,1.025531,1.025637,1.026013,1.026513,1.040812,1.025251,1.024768,1.016863,1.025051,1.026651,1.031104,1.034140,1.035553,1.033393,1.035311,0.972338,1.028579,1.023162,1.022810,1.035503,1.022834,1.038935,1.037650,1.026216,1.016268,0.991223,0.955783,0.959076,0.970669,0.965650,0.988726,1.022568,0.987987,0.970210,1.030147
4.698120,1.039904,1.028016,1.029142,1.021997,1.025637,1.025743,1.026113,1.026610,1.040865,1.025362,1.024878,1.016974,1.025164,1.026769,1.031235,1.034277,1.035694,1.033533,1.035450,0.972472,1.028719,1.023305,1.022957,1.035641,1.022983,1.039090,1.037798,1.026381,1.016436,0.991389,0.955883,0.959180,0.970797,0.965788,0.988861,1.022732,0.988126,0.970379,1.030168
4.706450,1.039926,1.028175,1.029287,1.022119,1.025749,1.025854,1.026218,1.026713,1.040921,1.025479,1.024993,1.017092,1.025283,1.026893,1.031372,1.034421,1.035841,1.033680,1.035595,0.972611,1.028866,1.023454,1.023110,1.035784,1.023139,1.039251,1.037953,1.026553,1.016611,0.991563,0.955988,0.959288,0.970930,0.965933,0.989003,1.022903,0.988271,0.970555,1.030190
4.714780,1.039949,1.028342,1.029438,1.022246,1.025865,1.025970,1.026328,1.026820,1.040979,1.025601,1.025113,1.017214,1.025408,1.027023,1.031516,1.034571,1.035995,1.033833,1.035747,0.972757,1.029019,1.023610,1.023270,1.035935,1.023302,1.039420,1.038115,1.026732,1.016793,0.991745,0.956097,0.959402,0.971070,0.966084,0.989151,1.023080,0.988424,0.970738,1.030212
4.723110,1.039972,1.028515,1.029596,1.022379,1.025986,1.026091,1.026443,1.026932,1.041039,1.025728,1.025238,1.017341,1.025537,1.027158,1.031666,1.034728,1.036155,1.033992,1.035905,0.972910,1.029179,1.023772,1.023436,1.036091,1.023472,1.039595,1.038283,1.026918,1.016982,0.991934,0.956211,0.959520,0.971215,0.966242,0.989306,1.023264,0.988583,0.970927,1.030236
4.731440,1.039996,1.028694,1.029760,1.022517,1.026111,1.026216,1.026562,1.027047,1.041101,1.025860,1.025368,1.017474,1.025671,1.027298,1.031822,1.034891,1.036321,1.034157,1.036069,0.973067,1.029344,1.023940,1.023609,1.036254,1.023649,1.039777,1.038458,1.027111,1.017178,0.992130,0.956329,0.959643,0.971366,0.966405,0.989466,1.023455,0.988748,0.971123,1.030259
4.739770,1.040020,1.028880,1.029929,1.022659,1.026241,1.026346,1.026685,1.027167,1.041164,1.025997,1.025503,1.017611,1.025810,1.027443,1.031982,1.035059,1.036493,1.034328,1.036239,0.973231,1.029515,1.024114,1.023787,1.036422,1.023831,1.039965,1.038638,1.027309,1.017380,0.992333,0.956450,0.959770,0.971522,0.966574,0.989631,1.023651,0.988918,0.971325,1.030283
4.748100,1.040045,1.029071,1.030103,1.022807,1.026375,1.026479,1.026811,1.027290,1.041230,1.026138,1.025641,1.017752,1.025954,1.027593,1.032148,1.035233,1.036671,1.034504,1.036415,0.973400,1.029691,1.024294,1.023970,1.036596,1.024019,1.040158,1.038824,1.027514,1.017587,0.992542,0.956576,0.959901,0.971683,0.966749,0.989802,1.023852,0.989095,0.971533,1.030308
4.756430,1.040070,1.029267,1.030282,1.022958,1.026513,1.026617,1.026942,1.027417,1.041297,1.026283,1.025784,1.017897,1.026101,1.027747,1.032319,1.035411,1.036853,1.034685,1.036595,0.973573,1.029873,1.024478,1.024159,1.036775,1.024213,1.040357,1.039015,1.027724,1.017800,0.992756,0.956705,0.960036,0.971849,0.966928,0.989978,1.024059,0.989276,0.971745,1.030333
4.764760,1.040095,1.029468,1.030465,1.023113,1.026654,1.026758,1.027075,1.027547,1.041365,1.026432,1.025930,1.018046,1.026253,1.027905,1.032494,1.035594,1.037040,1.034871,1.036780,0.973752,1.030059,1.024667,1.024352,1.036958,1.024411,1.040561,1.039211,1.027939,1.018019,0.992974,0.956837,0.960174,0.972019,0.967112,0.990159,1.024270,0.989462,0.971963,1.030358
4.773090,1.040121,1.029673,1.030653,1.023273,1.026798,1.026902,1.027212,1.027680,1.041435,1.026584,1.026080,1.018199,1.026407,1.028066,1.032674,1.035782,1.037231,1.035061,1.036970,0.973935,1.030250,1.024861,1.024550,1.037146,1.024613,1.040769,1.039412,1.028159,1.018241,0.993197,0.956972,0.960316,0.972193,0.967301,0.990343,1.024486,0.989653,0.972186,1.030383
4.781420,1.040147,1.029882,1.030844,1.023435,1.026946,1.027049,1.027352,1.027816,1.041506,1.026739,1.026232,1.018354,1.026566,1.028231,1.032857,1.035974,1.037426,1.035254,1.037164,0.974121,1.030444,1.025058,1.024751,1.037338,1.024820,1.040981,1.039616,1.028383,1.018469,0.993424,0.957109,0.960461,0.972371,0.967494,0.990532,1.024706,0.989848,0.972412,1.030409
4.789750,1.040173,1.030095,1.031038,1.023600,1.027096,1.027199,1.027494,1.027954,1.041578,1.026898,1.026388,1.018513,1.026727,1.028400,1.033044,1.036169,1.037625,1.035451,1.037361,0.974312,1.030642,1.025260,1.024957,1.037534,1.025030,1.041197,1.039824,1.028612,1.018700,0.993653,0.957250,0.960608,0.972552,0.967690,0.990724,1.024930,0.990046,0.972642,1.030435
4.798080,1.040199,1.030310,1.031235,1.023769,1.027249,1.027351,1.027638,1.028094,1.041651,1.027059,1.026546,1.018674,1.026890,1.028571,1.033233,1.036367,1.037827,1.035651,1.037562,0.974505,1.030844,1.025464,1.025166,1.037733,1.025243,1.041417,1.040035,1.028843,1.018934,0.993885,0.957392,0.960758,0.972737,0.967889,0.990920,1.025157,0.990247,0.972876,1.030461
4.806410,1.040225,1.030527,1.031435,1.023939,1.027404,1.027506,1.027784,1.028236,1.041725,1.027222,1.026706,1.018837,1.027056,1.028744,1.033426,1.036568,1.038031,1.035854,1.037766,0.974702,1.031048,1.025672,1.025377,1.037934,1.025459,1.041639,1.040249,1.029078,1.019172,0.994119,0.957536,0.960910,0.972924,0.968092,0.991119,1.025387,0.990451,0.973113,1.030487
4.814740,1.040251,1.030746,1.031637,1.024112,1.027560,1.027662,1.027932,1.028380,1.041799,1.027387,1.026868,1.019003,1.027224,1.028919,1.033621,1.036772,1.038238,1.036059,1.037972,0.974901,1.031255,1.025882,1.025591,1.038139,1.025676,1.041863,1.040466,1.029315,1.019412,0.994354,0.957682,0.961064,0.973113,0.968297,0.991320,1.025619,0.990657,0.973352,1.030512
4.823070,1.040277,1.030967,1.031840,1.024286,1.027718,1.027819,1.028082,1.028526,1.041874,1.027553,1.027032,1.019170,1.027394,1.029096,1.033818,1.036978,1.038447,1.036266,1.038180,0.975102,1.031464,1.026094,1.025808,1.038346,1.025896,1.042090,1.040684,1.029554,1.019654,0.994590,0.957829,0.961219,0.973305,0.968505,0.991523,1.025853,0.990865,0.973593,1.030538
4.831400,1.040303,1.031188,1.032044,1.024462,1.027878,1.027978,1.028232,1.028672,1.041949,1.027721,1.027197,1.019338,1.027565,1.029275,1.034016,1.037185,1.038658,1.036474,1.038391,0.975306,1.031675,1.026308,1.026026,1.038554,1.026116,1.042318,1.040904,1.029796,1.019898,0.994826,0.957977,0.961375,0.973498,0.968714,0.991728,1.026089,0.991075,0.973836,1.030564
4.839730,1.040329,1.031410,1.032250,1.024638,1.028038,1.028138,1.028383,1.028819,1.042024,1.027890,1.027363,1.019507,1.027737,1.029455,1.034216,1.037394,1.038869,1.036683,1.038603,0.975510,1.031887,1.026524,1.026245,1.038764,1.026338,1.042547,1.041125,1.030038,1.020144,0.995061,0.958126,0.961533,0.973693,0.968925,0.991935,1.026327,0.991285,0.974081,1.030589
4.848060,1.040354,1.031632,1.032455,1.024816,1.028198,1.028298,1.028535,1.028967,1.042100,1.028060,1.027530,1.019677,1.027909,1.029635,1.034416,1.037604,1.039082,1.036893,1.038816,0.975716,1.032100,1.026740,1.026466,1.038974,1.026559,1.042777,1.041347,1.030281,1.020390,0.995296,0.958275,0.961691,0.973888,0.969137,0.992142,1.026565,0.991496,0.974326,1.030614
4.856390,1.040379,1.031853,1.032661,1.024993,1.028359,1.028459,1.028687,1.029115,1.042175,1.028230,1.027696,1.019847,1.028082,1.029816,1.034617,1.037814,1.039294,1.037103,1.039029,0.975923,1.032314,1.026957,1.026687,1.039186,1.026781,1.043007,1.041569,1.030525,1.020637,0.995528,0.958424,0.961849,0.974085,0.969350,0.992351,1.026803,0.991708,0.974572,1.030639
4.864720,1.040404,1.032074,1.032866,1.025171,1.028520,1.028619,1.028839,1.029262,1.042250,1.028400,1.027863,1.020017,1.028255,1.029996,1.034818,1.038025,1.039507,1.037313,1.039243,0.976129,1.032527,1.027174,1.026908,1.039398,1.027002,1.043237,1.041791,1.030769,1.020884,0.995759,0.958573,0.962007,0.974281,0.969563,0.992559,1.027042,0.991919,0.974818,1.030663
4.873050,1.040428,1.032293,1.033071,1.025348,1.028681,1.028779,1.028991,1.029410,1.042324,1.028569,1.028030,1.020187,1.028428,1.030177,1.035019,1.038235,1.039719,1.037523,1.039457,0.976336,1.032741,1.027392,1.027129,1.039609,1.027221,1.043466,1.042012,1.031012,1.021130,0.995986,0.958722,0.962165,0.974478,0.969776,0.992768,1.027280,0.992129,0.975063,1.030687
4.881380,1.040451,1.032510,1.033274,1.025525,1.028841,1.028939,1.029142,1.029557,1.042398,1.028738,1.028196,1.020356,1.028600,1.030357,1.035220,1.038445,1.039931,1.037731,1.039670,0.976543,1.032954,1.027608,1.027350,1.039820,1.027440,1.043695,1.042232,1.031255,1.021376,0.996211,0.958870,0.962323,0.974674,0.969989,0.992976,1.027518,0.992338,0.975308,1.030711
4.889710,1.040474,1.032724,1.033476,1.025701,1.029000,1.029097,1.029292,1.029703,1.042471,1.028906,1.028361,1.020525,1.028771,1.030536,1.035419,1.038653,1.040141,1.037938,1.039883,0.976749,1.033166,1.027824,1.027569,1.040030,1.027656,1.043921,1.042452,1.031496,1.021620,0.996432,0.959017,0.962479,0.974869,0.970201,0.993184,1.027754,0.992546,0.975552,1.030733
4.898040,1.040497,1.032936,1.033675,1.025875,1.029158,1.029255,1.029441,1.029848,1.042544,1.029073,1.028524,1.020692,1.028941,1.030713,1.035617,1.038861,1.040350,1.038143,1.040094,0.976954,1.033377,1.028039,1.027788,1.040239,1.027870,1.044146,1.042669,1.031736,1.021863,0.996648,0.959163,0.962635,0.975063,0.970411,0.993390,1.027989,0.992752,0.975794,1.030756
4.906370,1.040519,1.033145,1.033873,1.026048,1.029314,1.029411,1.029589,1.029991,1.042615,1.029238,1.028687,1.020857,1.029109,1.030889,1.035814,1.039066,1.040556,1.038346,1.040304,0.977157,1.033587,1.028252,1.028004,1.040447,1.028081,1.044369,1.042884,1.031974,1.022104,0.996860,0.959308,0.962789,0.975256,0.970621,0.993596,1.028222,0.992956,0.976035,1.030777
4.914700,1.040540,1.033351,1.034068,1.026219,1.029469,1.029565,1.029735,1.030133,1.042686,1.029402,1.028847,1.021021,1.029275,1.031063,1.036009,1.039270,1.040761,1.038547,1.040512,0.977359,1.033794,1.028463,1.028219,1.040652,1.028289,1.044589,1.043097,1.032209,1.022342,0.997067,0.959451,0.962941,0.975447,0.970829,0.993799,1.028453,0.993158,0.976273,1.030798
4.923030,1.040560,1.033552,1.034259,1.026388,1.029621,1.029717,1.029879,1.030273,1.042755,1.029563,1.029006,1.021183,1.029440,1.031235,1.036201,1.039471,1.040963,1.038745,1.040717,0.977559,1.033999,1.028671,1.028431,1.040855,1.028494,1.044807,1.043307,1.032442,1.022578,0.997269,0.959592,0.963092,0.975636,0.971034,0.994000,1.028681,0.993356,0.976509,1.030818
4.931360,1.040580,1.033752,1.034449,1.026555,1.029773,1.029868,1.030022,1.030412,1.042823,1.029723,1.029162,1.021343,1.029603,1.031406,1.036392,1.039671,1.041163,1.038942,1.040922,0.977757,1.034202,1.028879,1.028642,1.041057,1.028697,1.045022,1.043516,1.032673,1.022812,0.997467,0.959731,0.963241,0.975823,0.971239,0.994200,1.028907,0.993553,0.976743,1.030838
4.939690,1.040599,1.033946,1.034635,1.026720,1.029922,1.030017,1.030162,1.030549,1.042890,1.029880,1.029317,1.021501,1.029763,1.031574,1.036580,1.039868,1.041360,1.039134,1.041123,0.977953,1.034403,1.029083,1.028849,1.041255,1.028895,1.045233,1.043720,1.032900,1.023042,0.997658,0.959868,0.963388,0.976008,0.971440,0.994397,1.029130,0.993745,0.976974,1.030857
4.948020,1.040617,1.034134,1.034817,1.026881,1.030067,1.030162,1.030300,1.030682,1.042956,1.030035,1.029468,1.021655,1.029920,1.031738,1.036764,1.040061,1.041553,1.039323,1.041320,0.978145,1.034599,1.029283,1.029053,1.041450,1.029087,1.045440,1.043920,1.033122,1.023268,0.997841,0.960003,0.963532,0.976190,0.971638,0.994591,1.029349,0.993933,0.977200,1.030875
4.956350,1.040634,1.034320,1.034996,1.027040,1.030211,1.030305,1.030436,1.030814,1.043020,1.030187,1.029618,1.021808,1.030075,1.031900,1.036946,1.040252,1.041743,1.039509,1.041516,0.978335,1.034794,1.029482,1.029255,1.041643,1.029278,1.045645,1.044118,1.033343,1.023492,0.998021,0.960135,0.963674,0.976370,0.971834,0.994783,1.029565,0.994119,0.977424,1.030892
4.964680,1.040651,1.034499,1.035169,1.027195,1.030351,1.030445,1.030568,1.030943,1.043082,1.030335,1.029763,1.021956,1.030226,1.032059,1.037124,1.040438,1.041928,1.039690,1.041707,0.978521,1.034984,1.029676,1.029452,1.041832,1.029461,1.045843,1.044311,1.033558,1.023710,0.998191,0.960264,0.963812,0.976545,0.972026,0.994971,1.029776,0.994299,0.977643,1.030908
4.973010,1.040666,1.034671,1.035338,1.027347,1.030488,1.030581,1.030697,1.031068,1.043142,1.030480,1.029905,1.022101,1.030374,1.032213,1.037298,1.040620,1.042109,1.039866,1.041894,0.978704,1.035170,1.029865,1.029645,1.042016,1.029639,1.046037,1.044499,1.033768,1.023923,0.998353,0.960389,0.963947,0.976717,0.972214,0.995154,1.029983,0.994474,0.977858,1.030923
4.981340,1.040681,1.034841,1.035504,1.027495,1.030622,1.030715,1.030823,1.031191,1.043201,1.030622,1.030045,1.022244,1.030519,1.032365,1.037469,1.040799,1.042287,1.040040,1.042078,0.978883,1.035353,1.030052,1.029835,1.042197,1.029814,1.046228,1.044684,1.033975,1.024133,0.998511,0.960513,0.964080,0.976886,0.972399,0.995336,1.030187,0.994647,0.978070,1.030938
4.989670,1.040694,1.035002,1.035663,1.027639,1.030752,1.030844,1.030946,1.031310,1.043258,1.030760,1.030180,1.022382,1.030659,1.032512,1.037634,1.040972,1.042459,1.040207,1.042257,0.979057,1.035530,1.030233,1.030019,1.042373,1.029982,1.046411,1.044862,1.034175,1.024337,0.998659,0.960632,0.964208,0.977050,0.972578,0.995511,1.030384,0.994813,0.978275,1.030951
4.998000,1.040706,1.035156,1.035816,1.027778,1.030878,1.030970,1.031064,1.031425,1.043312,1.030893,1.030311,1.022515,1.030795,1.032654,1.037795,1.041141,1.042626,1.040368,1.042430,0.979227,1.035702,1.030410,1.030198,1.042544,1.030143,1.046589,1.045035,1.034370,1.024535,0.998798,0.960747,0.964333,0.977210,0.972754,0.995683,1.030577,0.994973,0.978475,1.030963
5.006330,1.040718,1.035307,1.035967,1.027915,1.031001,1.031093,1.031181,1.031538,1.043365,1.031024,1.030439,1.022646,1.030928,1.032794,1.037953,1.041307,1.042790,1.040527,1.042601,0.979395,1.035872,1.030583,1.030374,1.042712,1.030300,1.046764,1.045204,1.034561,1.024730,0.998932,0.960860,0.964455,0.977367,0.972926,0.995851,1.030766,0.995129,0.978672,1.030974
5.014660,1.040728,1.035449,1.036110,1.028045,1.031119,1.031210,1.031292,1.031646,1.043416,1.031149,1.030561,1.022772,1.031056,1.032928,1.038104,1.041465,1.042946,1.040678,1.042765,0.979555,1.036034,1.030750,1.030543,1.042874,1.030449,1.046931,1.045366,1.034745,1.024917,0.999055,0.960968,0.964572,0.977518,0.973091,0.996013,1.030947,0.995279,0.978861,1.030985
5.022990,1.040737,1.035584,1.036247,1.028171,1.031232,1.031324,1.031399,1.031750,1.043464,1.031270,1.030680,1.022893,1.031179,1.033057,1.038251,1.041619,1.043097,1.040824,1.042924,0.979711,1.036192,1.030911,1.030707,1.043030,1.030592,1.047092,1.045522,1.034922,1.025098,0.999169,0.961072,0.964684,0.977664,0.973252,0.996170,1.031123,0.995422,0.979045,1.030994
5.031320,1.040745,1.035712,1.036378,1.028293,1.031342,1.031433,1.031502,1.031850,1.043509,1.031386,1.030794,1.023009,1.031297,1.033181,1.038392,1.041767,1.043242,1.040964,1.043078,0.979862,1.036344,1.031067,1.030865,1.043181,1.030727,1.047246,1.045672,1.035094,1.025273,0.999274,0.961171,0.964793,0.977805,0.973408,0.996322,1.031293,0.995559,0.979223,1.031001
5.039650,1.040752,1.035833,1.036502,1.028409,1.031446,1.031537,1.031601,1.031946,1.043553,1.031497,1.030903,1.023121,1.031411,1.033301,1.038528,1.041910,1.043381,1.041097,1.043226,0.980007,1.036490,1.031217,1.031018,1.043326,1.030856,1.047394,1.045816,1.035259,1.025441,0.999370,0.961267,0.964896,0.977941,0.973558,0.996469,1.031457,0.995689,0.979394,1.031008
5.047980,1.040757,1.035946,1.036621,1.028520,1.031547,1.031637,1.031695,1.032038,1.043594,1.031604,1.031007,1.023227,1.031519,1.033415,1.038658,1.042046,1.043515,1.041225,1.043368,0.980147,1.036631,1.031362,1.031165,1.043465,1.030978,1.047535,1.045954,1.035417,1.025603,0.999458,0.961358,0.964996,0.978071,0.973703,0.996610,1.031615,0.995814,0.979560,1.031014
5.056310,1.040762,1.036052,1.036734,1.028626,1.031642,1.031732,1.031785,1.032125,1.043632,1.031705,1.031107,1.023329,1.031623,1.033524,1.038782,1.042177,1.043642,1.041347,1.043504,0.980281,1.036765,1.031501,1.031305,1.043599,1.031092,1.047670,1.046085,1.035569,1.025758,0.999537,0.961445,0.965091,0.978197,0.973842,0.996746,1.031766,0.995932,0.979719,1.031018
5.064640,1.040765,1.036152,1.036840,1.028727,1.031733,1.031823,1.031871,1.032208,1.043669,1.031802,1.031201,1.023426,1.031722,1.033628,1.038901,1.042302,1.043763,1.041462,1.043635,0.980410,1.036894,1.031634,1.031440,1.043727,1.031200,1.047798,1.046210,1.035714,1.025907,0.999607,0.961527,0.965181,0.978317,0.973975,0.996876,1.031911,0.996044,0.979872,1.031021
5.072970,1.040767,1.036244,1.036940,1.028822,1.031819,1.031909,1.031952,1.032287,1.043703,1.031894,1.031291,1.023518,1.031816,1.033726,1.039015,1.042421,1.043878,1.041572,1.043759,0.980533,1.037017,1.031761,1.031569,1.043849,1.031301,1.047920,1.046329,1.035853,1.026049,0.999669,0.961605,0.965267,0.978431,0.974102,0.997001,1.032050,0.996149,0.980018,1.031024
5.081300,1.040769,1.036328,1.037034,1.028913,1.031900,1.031990,1.032028,1.032361,1.043734,1.031981,1.031376,1.023605,1.031904,1.033820,1.039122,1.042535,1.043987,1.041675,1.043878,0.980651,1.037134,1.031882,1.031692,1.043965,1.031395,1.048035,1.046441,1.035985,1.026185,0.999722,0.961679,0.965348,0.978540,0.974224,0.997120,1.032182,0.996248,0.980158,1.031025
5.089630,1.040769,1.036406,1.037122,1.028998,1.031977,1.032066,1.032100,1.032431,1.043763,1.032063,1.031457,1.023687,1.031988,1.033908,1.039224,1.042642,1.044090,1.041772,1.043991,0.980763,1.037246,1.031997,1.031809,1.044075,1.031482,1.048143,1.046547,1.036110,1.026314,0.999767,0.961748,0.965424,0.978644,0.974340,0.997233,1.032308,0.996341,0.980292,1.031025
5.097960,1.040768,1.036477,1.037203,1.029078,1.032049,1.032138,1.032168,1.032497,1.043790,1.032140,1.031532,1.023765,1.032067,1.033991,1.039320,1.042743,1.044187,1.041863,1.044098,0.980869,1.037351,1.032106,1.031919,1.044179,1.031562,1.048245,1.046646,1.036229,1.026436,0.999803,0.961813,0.965496,0.978742,0.974450,0.997341,1.032427,0.996427,0.980419,1.031024
5.106290,1.040765,1.036540,1.037278,1.029153,1.032116,1.032205,1.032231,1.032558,1.043814,1.032212,1.031602,1.023837,1.032140,1.034069,1.039411,1.042839,1.044277,1.041948,1.044198,0.980969,1.037450,1.032209,1.032024,1.044277,1.031636,1.048340,1.046739,1.036341,1.026552,0.999831,0.961874,0.965564,0.978834,0.974554,0.997443,1.032540,0.996506,0.980540,1.031022
5.114620,1.040762,1.036597,1.037347,1.029222,1.032179,1.032268,1.032290,1.032615,1.043836,1.032279,1.031668,1.023904,1.032209,1.034141,1.039496,1.042928,1.044362,1.042026,1.044293,0.981064,1.037543,1.032306,1.032122,1.044370,1.031702,1.048428,1.046826,1.036446,1.026661,0.999851,0.961930,0.965626,0.978921,0.974653,0.997539,1.032647,0.996580,0.980654,1.031018
5.122950,1.040758,1.036647,1.037410,1.029287,1.032237,1.032325,1.032345,1.032668,1.043856,1.032342,1.031729,1.023967,1.032273,1.034208,1.039575,1.043012,1.044440,1.042099,1.044382,0.981153,1.037631,1.032397,1.032215,1.044456,1.031762,1.048510,1.046906,1.036545,1.026763,0.999863,0.961982,0.965684,0.979003,0.974745,0.997629,1.032748,0.996647,0.980763,1.031014
5.131280,1.040753,1.036690,1.037468,1.029347,1.032291,1.032379,1.032395,1.032717,1.043873,1.032399,1.031785,1.024024,1.032332,1.034271,1.039649,1.043090,1.044513,1.042166,1.044465,0.981236,1.037712,1.032483,1.032302,1.044537,1.031815,1.048585,1.046980,1.036637,1.026859,0.999868,0.962030,0.965738,0.979079,0.974832,0.997715,1.032842,0.996708,0.980865,1.031009
5.139610,1.040746,1.036727,1.037519,1.029401,1.032339,1.032428,1.032441,1.032761,1.043888,1.032452,1.031837,1.024077,1.032386,1.034328,1.039717,1.043162,1.044579,1.042226,1.044543,0.981314,1.037788,1.032562,1.032383,1.044612,1.031862,1.048655,1.047048,1.036723,1.026949,0.999865,0.962073,0.965787,0.979150,0.974914,0.997794,1.032930,0.996763,0.980961,1.031003
5.147940,1.040739,1.036758,1.037564,1.029451,1.032384,1.032472,1.032482,1.032801,1.043901,1.032500,1.031884,1.024125,1.032435,1.034380,1.039779,1.043229,1.044640,1.042281,1.044614,0.981387,1.037858,1.032636,1.032458,1.044681,1.031902,1.048718,1.047110,1.036803,1.027032,0.999855,0.962112,0.965832,0.979215,0.974989,0.997868,1.033012,0.996812,0.981050,1.030996
5.156270,1.040731,1.036782,1.037604,1.029496,1.032424,1.032512,1.032520,1.032838,1.043912,1.032543,1.031926,1.024169,1.032480,1.034428,1.039837,1.043290,1.044696,1.042331,1.044680,0.981454,1.037923,1.032704,1.032527,1.044745,1.031936,1.048775,1.047166,1.036876,1.027110,0.999838,0.962148,0.965873,0.979276,0.975059,0.997937,1.033088,0.996855,0.981134,1.030988
5.164600,1.040722,1.036800,1.037639,1.029536,1.032460,1.032548,1.032553,1.032870,1.043920,1.032582,1.031964,1.024208,1.032520,1.034470,1.039889,1.043345,1.044745,1.042375,1.044741,0.981515,1.037982,1.032767,1.032591,1.044803,1.031964,1.048825,1.047217,1.036944,1.027181,0.999814,0.962179,0.965909,0.979331,0.975124,0.998000,1.033159,0.996892,0.981212,1.030979
5.172930,1.040712,1.036812,1.037668,1.029571,1.032491,1.032579,1.032583,1.032899,1.043927,1.032617,1.031998,1.024243,1.032555,1.034508,1.039936,1.043395,1.044790,1.042413,1.044796,0.981572,1.038036,1.032825,1.032649,1.044856,1.031987,1.048871,1.047262,1.037005,1.027246,0.999784,0.962207,0.965941,0.979381,0.975183,0.998059,1.033223,0.996924,0.981284,1.030969
5.181260,1.040701,1.036819,1.037692,1.029602,1.032519,1.032607,1.032608,1.032923,1.043931,1.032647,1.032027,1.024273,1.032586,1.034542,1.039978,1.043440,1.044829,1.042447,1.044846,0.981623,1.038084,1.032877,1.032702,1.044904,1.032003,1.048910,1.047301,1.037061,1.027306,0.999747,0.962230,0.965970,0.979427,0.975238,0.998112,1.033282,0.996951,0.981351,1.030958
5.189590,1.040689,1.036820,1.037711,1.029629,1.032543,1.032630,1.032630,1.032944,1.043934,1.032673,1.032052,1.024299,1.032613,1.034571,1.040015,1.043480,1.044862,1.042475,1.044890,0.981669,1.038128,1.032924,1.032749,1.044946,1.032014,1.048944,1.047335,1.037111,1.027359,0.999705,0.962250,0.965994,0.979467,0.975287,0.998160,1.033335,0.996972,0.981412,1.030946
5.197920,1.040677,1.036816,1.037725,1.029651,1.032562,1.032650,1.032649,1.032962,1.043934,1.032695,1.032074,1.024321,1.032636,1.034596,1.040048,1.043515,1.044891,1.042498,1.044930,0.981711,1.038166,1.032966,1.032792,1.044984,1.032020,1.048973,1.047364,1.037155,1.027408,0.999657,0.962267,0.966015,0.979504,0.975331,0.998203,1.033383,0.996988,0.981468,1.030934
5.206250,1.040664,1.036807,1.037735,1.029669,1.032578,1.032666,1.032663,1.032976,1.043933,1.032714,1.032091,1.024340,1.032655,1.034616,1.040075,1.043545,1.044915,1.042516,1.044965,0.981748,1.038200,1.033003,1.032830,1.045017,1.032021,1.048996,1.047388,1.037195,1.027451,0.999603,0.962280,0.966032,0.979535,0.975370,0.998242,1.033426,0.996999,0.981519,1.030921
5.214580,1.040650,1.036793,1.037739,1.029684,1.032591,1.032678,1.032674,1.032987,1.043930,1.032728,1.032105,1.024354,1.032670,1.034633,1.040099,1.043571,1.044935,1.042530,1.044995,0.981780,1.038229,1.033035,1.032863,1.045045,1.032017,1.049015,1.047407,1.037229,1.027489,0.999545,0.962290,0.966045,0.979562,0.975405,0.998277,1.033464,0.997006,0.981565,1.030907
5.222910,1.040635,1.036775,1.037740,1.029694,1.032600,1.032687,1.032683,1.032994,1.043925,1.032739,1.032115,1.024365,1.032681,1.034646,1.040118,1.043592,1.044950,1.042540,1.045020,0.981808,1.038253,1.033063,1.032891,1.045069,1.032008,1.049029,1.047421,1.037258,1.027522,0.999482,0.962296,0.966055,0.979585,0.975435,0.998306,1.033497,0.997008,0.981606,1.030892
5.231240,1.040620,1.036752,1.037737,1.029701,1.032605,1.032693,1.032687,1.032999,1.043919,1.032746,1.032122,1.024372,1.032689,1.034655,1.040133,1.043609,1.044960,1.042545,1.045041,0.981831,1.038273,1.033087,1.032915,1.045088,1.031995,1.049038,1.047431,1.037283,1.027551,0.999414,0.962300,0.966062,0.979604,0.975461,0.998332,1.033526,0.997006,0.981643,1.030877
5.239570,1.040604,1.036725,1.037730,1.029704,1.032608,1.032696,1.032689,1.033001,1.043911,1.032750,1.032125,1.024376,1.032693,1.034660,1.040144,1.043622,1.044967,1.042547,1.045058,0.981851,1.038290,1.033106,1.032935,1.045103,1.031977,1.049043,1.047437,1.037304,1.027575,0.999343,0.962301,0.966066,0.979620,0.975482,0.998354,1.033550,0.997000,0.981675,1.030862
5.247900,1.040587,1.036695,1.037719,1.029704,1.032607,1.032695,1.032688,1.032999,1.043902,1.032751,1.032126,1.024377,1.032695,1.034662,1.040152,1.043631,1.044970,1.042544,1.045071,0.981867,1.038302,1.033121,1.032951,1.045114,1.031956,1.049044,1.047439,1.037320,1.027595,0.999268,0.962299,0.966066,0.979631,0.975500,0.998372,1.033570,0.996990,0.981703,1.030845
5.256230,1.040570,1.036661,1.037704,1.029701,1.032604,1.032692,1.032685,1.032996,1.043891,1.032748,1.032123,1.024375,1.032693,1.034661,1.040156,1.043636,1.044969,1.042538,1.045081,0.981879,1.038310,1.033133,1.032963,1.045122,1.031931,1.049042,1.047437,1.037332,1.027611,0.999189,0.962294,0.966064,0.979639,0.975514,0.998386,1.033586,0.996977,0.981728,1.030828
5.264560,1.040553,1.036624,1.037687,1.029695,1.032598,1.032686,1.032679,1.032990,1.043879,1.032743,1.032118,1.024370,1.032688,1.034657,1.040156,1.043638,1.044965,1.042529,1.045086,0.981887,1.038315,1.033141,1.032971,1.045126,1.031903,1.049035,1.047432,1.037340,1.027624,0.999107,0.962287,0.966060,0.979644,0.975525,0.998397,1.033598,0.996960,0.981748,1.030811
5.272890,1.040535,1.036584,1.037666,1.029686,1.032590,1.032678,1.032670,1.032981,1.043866,1.032736,1.032110,1.024362,1.032681,1.034650,1.040154,1.043637,1.044958,1.042516,1.045089,0.981892,1.038317,1.033146,1.032976,1.045127,1.031872,1.049026,1.047424,1.037345,1.027632,0.999023,0.962278,0.966053,0.979646,0.975532,0.998404,1.033606,0.996940,0.981766,1.030793
5.281220,1.040516,1.036541,1.037643,1.029675,1.032579,1.032667,1.032659,1.032970,1.043852,1.032726,1.032100,1.024352,1.032671,1.034641,1.040148,1.043632,1.044947,1.042501,1.045088,0.981895,1.038316,1.033148,1.032978,1.045125,1.031838,1.049013,1.047412,1.037347,1.027638,0.998936,0.962267,0.966043,0.979644,0.975536,0.998409,1.033612,0.996917,0.981780,1.030775
5.289550,1.040497,1.036496,1.037618,1.029661,1.032566,1.032654,1.032647,1.032958,1.043837,1.032713,1.032087,1.024340,1.032658,1.034629,1.040140,1.043625,1.044934,1.042483,1.045084,0.981894,1.038311,1.033146,1.032977,1.045120,1.031801,1.048998,1.047398,1.037346,1.027640,0.998847,0.962253,0.966032,0.979641,0.975537,0.998411,1.033614,0.996892,0.981791,1.030756
5.297880,1.040478,1.036448,1.037590,1.029645,1.032551,1.032639,1.032632,1.032943,1.043820,1.032699,1.032073,1.024325,1.032644,1.034615,1.040130,1.043615,1.044918,1.042463,1.045078,0.981891,1.038304,1.033142,1.032973,1.045112,1.031762,1.048980,1.047381,1.037342,1.027640,0.998757,0.962238,0.966018,0.979634,0.975535,0.998410,1.033614,0.996864,0.981799,1.030737
5.306210,1.040459,1.036399,1.037560,1.029627,1.032534,1.032622,1.032615,1.032927,1.043803,1.032682,1.032056,1.024309,1.032628,1.034599,1.040117,1.043603,1.044900,1.042440,1.045069,0.981885,1.038295,1.033136,1.032967,1.045102,1.031721,1.048959,1.047362,1.037335,1.027637,0.998665,0.962221,0.966003,0.979625,0.975531,0.998406,1.033611,0.996834,0.981805,1.030718
5.314540,1.040439,1.036348,1.037528,1.029608,1.032516,1.032604,1.032598,1.032909,1.043785,1.032664,1.032038,1.024291,1.032610,1.034581,1.040102,1.043589,1.044881,1.042416,1.045058,0.981877,1.038284,1.033127,1.032958,1.045089,1.031678,1.048937,1.047340,1.037326,1.027632,0.998572,0.962203,0.965987,0.979615,0.975524,0.998401,1.033605,0.996802,0.981809,1.030699
5.322870,1.040419,1.036296,1.037495,1.029586,1.032496,1.032584,1.032578,1.032890,1.043767,1.032645,1.032018,1.024271,1.032590,1.034561,1.040085,1.043573,1.044859,1.042390,1.045044,0.981867,1.038270,1.033117,1.032947,1.045075,1.031633,1.048912,1.047317,1.037315,1.027625,0.998478,0.962184,0.965968,0.979602,0.975516,0.998393,1.033598,0.996769,0.981811,1.030679
5.331200,1.040399,1.036243,1.037460,1.029564,1.032475,1.032563,1.032558,1.032870,1.043747,1.032624,1.031997,1.024250,1.032569,1.034540,1.040067,1.043555,1.044835,1.042362,1.045029,0.981855,1.038255,1.033104,1.032935,1.045058,1.031588,1.048887,1.047293,1.037303,1.027617,0.998384,0.962163,0.965949,0.979588,0.975505,0.998384,1.033588,0.996734,0.981811,1.030659
5.339530,1.040379,1.036189,1.037425,1.029540,1.032453,1.032542,1.032536,1.032849,1.043728,1.032602,1.031976,1.024228,1.032547,1.034518,1.040047,1.043536,1.044811,1.042334,1.045013,0.981842,1.038239,1.033091,1.032922,1.045041,1.031541,1.048860,1.047267,1.037289,1.027607,0.998290,0.962142,0.965929,0.979573,0.975494,0.998374,1.033578,0.996698,0.981810,1.030639
5.347860,1.040359,1.036133,1.037387,1.029514,1.032429,1.032518,1.032513,1.032826,1.043707,1.032578,1.031952,1.024204,1.032523,1.034494,1.040026,1.043514,1.044784,1.042303,1.044995,0.981827,1.038220,1.033074,1.032905,1.045021,1.031493,1.048831,1.047239,1.037273,1.027595,0.998196,0.962119,0.965907,0.979555,0.975479,0.998360,1.033565,0.996661,0.981806,1.030619
5.356190,1.040338,1.036078,1.037350,1.029488,1.032405,1.032494,1.032490,1.032803,1.043687,1.032554,1.031928,1.024180,1.032499,1.034470,1.040004,1.043492,1.044758,1.042272,1.044976,0.981811,1.038201,1.033058,1.032889,1.045001,1.031445,1.048802,1.047211,1.037257,1.027582,0.998102,0.962095,0.965884,0.979537,0.975465,0.998347,1.033551,0.996623,0.981803,1.030599
5.364520,1.040318,1.036023,1.037313,1.029462,1.032380,1.032470,1.032466,1.032780,1.043666,1.032530,1.031904,1.024156,1.032475,1.034445,1.039981,1.043470,1.044730,1.042241,1.044956,0.981794,1.038181,1.033041,1.032872,1.044980,1.031397,1.048772,1.047183,1.037240,1.027569,0.998009,0.962072,0.965862,0.979519,0.975449,0.998333,1.033537,0.996585,0.981798,1.030578
5.372850,1.040297,1.035968,1.037274,1.029434,1.032355,1.032444,1.032441,1.032755,1.043645,1.032504,1.031878,1.024130,1.032449,1.034419,1.039957,1.043446,1.044702,1.042208,1.044934,0.981776,1.038159,1.033022,1.032853,1.044958,1.031348,1.048742,1.047153,1.037222,1.027554,0.997917,0.962047,0.965838,0.979498,0.975432,0.998317,1.033521,0.996546,0.981792,1.030558
5.381180,1.040277,1.035913,1.037236,1.029407,1.032329,1.032419,1.032417,1.032731,1.043624,1.032478,1.031852,1.024104,1.032423,1.034393,1.039933,1.043422,1.044673,1.042176,1.044913,0.981757,1.038138,1.033003,1.032834,1.044935,1.031300,1.048711,1.047124,1.037204,1.027540,0.997826,0.962023,0.965814,0.979478,0.975415,0.998301,1.033505,0.996507,0.981786,1.030538
5.389510,1.040257,1.035860,1.037198,1.029380,1.032304,1.032394,1.032392,1.032707,1.043603,1.032453,1.031827,1.024079,1.032398,1.034368,1.039909,1.043398,1.044645,1.042144,1.044891,0.981738,1.038116,1.032984,1.032815,1.044913,1.031253,1.048681,1.047095,1.037186,1.027526,0.997738,0.961999,0.965791,0.979458,0.975398,0.998285,1.033489,0.996470,0.981781,1.030518
5.397840,1.040237,1.035806,1.037161,1.029352,1.032278,1.032368,1.032367,1.032682,1.043582,1.032427,1.031801,1.024053,1.032372,1.034341,1.039884,1.043374,1.044616,1.042112,1.044869,0.981719,1.038095,1.032964,1.032796,1.044890,1.031205,1.048651,1.047066,1.037168,1.027511,0.997650,0.961975,0.965767,0.979438,0.975380,0.998269,1.033473,0.996432,0.981775,1.030498
5.406170,1.040216,1.035753,1.037123,1.029324,1.032252,1.032342,1.032342,1.032657,1.043561,1.032401,1.031775,1.024027,1.032346,1.034315,1.039859,1.043349,1.044587,1.042080,1.044847,0.981700,1.038072,1.032944,1.032776,1.044866,1.031158,1.048621,1.047036,1.037149,1.027496,0.997564,0.961950,0.965743,0.979417,0.975361,0.998252,1.033456,0.996394,0.981768,1.030478
5.414500,1.040197,1.035703,1.037087,1.029297,1.032227,1.032317,1.032318,1.032633,1.043540,1.032376,1.031750,1.024002,1.032320,1.034289,1.039835,1.043326,1.044560,1.042049,1.044825,0.981681,1.038051,1.032925,1.032757,1.044844,1.031113,1.048592,1.047008,1.037132,1.027483,0.997482,0.961926,0.965720,0.979396,0.975344,0.998235,1.033440,0.996357,0.981763,1.030458
5.422830,1.040177,1.035653,1.037052,1.029270,1.032202,1.032293,1.032294,1.032610,1.043519,1.032351,1.031726,1.023977,1.032296,1.034264,1.039812,1.043302,1.044533,1.042019,1.044804,0.981662,1.038030,1.032906,1.032738,1.044821,1.031069,1.048564,1.046980,1.037115,1.027470,0.997401,0.961903,0.965697,0.979377,0.975326,0.998219,1.033424,0.996322,0.981758,1.030439
5.431160,1.040158,1.035605,1.037017,1.029244,1.032178,1.032268,1.032270,1.032586,1.043499,1.032327,1.031701,1.023953,1.032271,1.034239,1.039789,1.043280,1.044506,1.041989,1.044783,0.981644,1.038009,1.032888,1.032720,1.044800,1.031027,1.048537,1.046953,1.037099,1.027457,0.997324,0.961880,0.965675,0.979357,0.975309,0.998204,1.033409,0.996288,0.981754,1.030420
5.439490,1.040138,1.035560,1.036984,1.029219,1.032155,1.032245,1.032247,1.032564,1.043479,1.032304,1.031678,1.023929,1.032248,1.034216,1.039767,1.043258,1.044481,1.041961,1.044763,0.981626,1.037990,1.032871,1.032703,1.044779,1.030986,1.048511,1.046928,1.037085,1.027446,0.997249,0.961858,0.965653,0.979338,0.975293,0.998189,1.033395,0.996255,0.981751,1.030401
5.447820,1.040120,1.035516,1.036953,1.029195,1.032132,1.032223,1.032225,1.032542,1.043460,1.032281,1.031656,1.023907,1.032225,1.034193,1.039746,1.043237,1.044457,1.041934,1.044744,0.981610,1.037971,1.032854,1.032686,1.044759,1.030947,1.048487,1.046904,1.037072,1.027437,0.997178,0.961836,0.965633,0.979321,0.975277,0.998175,1.033382,0.996224,0.981749,1.030382
5.456150,1.040101,1.035475,1.036923,1.029172,1.032110,1.032201,1.032204,1.032521,1.043441,1.032260,1.031634,1.023885,1.032204,1.034171,1.039726,1.043218,1.044435,1.041909,1.044726,0.981594,1.037954,1.032839,1.032671,1.044740,1.030911,1.048464,1.046882,1.037060,1.027428,0.997110,0.961816,0.965613,0.979304,0.975263,0.998162,1.033370,0.996194,0.981748,1.030364
5.464480,1.040083,1.035436,1.036895,1.029150,1.032090,1.032181,1.032184,1.032501,1.043423,1.032239,1.031614,1.023865,1.032183,1.034151,1.039707,1.043199,1.044414,1.041885,1.044710,0.981580,1.037938,1.032825,1.032657,1.044723,1.030876,1.048443,1.046861,1.037050,1.027422,0.997046,0.961797,0.965594,0.979288,0.975250,0.998150,1.033360,0.996166,0.981749,1.030346
5.472810,1.040065,1.035399,1.036869,1.029130,1.032071,1.032162,1.032165,1.032483,1.043405,1.032220,1.031595,1.023846,1.032164,1.034132,1.039690,1.043183,1.044394,1.041863,1.044695,0.981566,1.037923,1.032812,1.032645,1.044707,1.030844,1.048424,1.046842,1.037042,1.027417,0.996985,0.961779,0.965577,0.979274,0.975238,0.998139,1.033351,0.996141,0.981752,1.030328
5.481140,1.040048,1.035365,1.036845,1.029111,1.032053,1.032144,1.032147,1.032465,1.043389,1.032203,1.031577,1.023828,1.032146,1.034114,1.039674,1.043167,1.044376,1.041843,1.044681,0.981554,1.037910,1.032801,1.032634,1.044692,1.030814,1.048407,1.046824,1.037035,1.027414,0.996928,0.961762,0.965561,0.979261,0.975227,0.998130,1.033343,0.996117,0.981756,1.030311
5.489470,1.040031,1.035334,1.036823,1.029093,1.032036,1.032127,1.032131,1.032449,1.043372,1.032186,1.031561,1.023811,1.032130,1.034098,1.039660,1.043154,1.044360,1.041825,1.044669,0.981544,1.037898,1.032791,1.032624,1.044679,1.030787,1.048393,1.046809,1.037031,1.027413,0.996875,0.961746,0.965546,0.979250,0.975218,0.998122,1.033337,0.996096,0.981762,1.030294
5.497800,1.040014,1.035305,1.036803,1.029077,1.032021,1.032112,1.032116,1.032434,1.043357,1.032172,1.031546,1.023797,1.032115,1.034083,1.039647,1.043142,1.044346,1.041809,1.044658,0.981535,1.037888,1.032783,1.032617,1.044668,1.030762,1.048380,1.046796,1.037028,1.027414,0.996826,0.961732,0.965532,0.979240,0.975210,0.998115,1.033333,0.996077,0.981770,1.030278
5.506130,1.039998,1.035280,1.036785,1.029063,1.032007,1.032099,1.032102,1.032420,1.043343,1.032158,1.031533,1.023783,1.032102,1.034070,1.039637,1.043132,1.044335,1.041794,1.044649,0.981528,1.037880,1.032777,1.032611,1.044659,1.030740,1.048370,1.046785,1.037028,1.027417,0.996780,0.961719,0.965520,0.979231,0.975204,0.998111,1.033331,0.996061,0.981780,1.030262
5.514460,1.039983,1.035257,1.036770,1.029051,1.031995,1.032087,1.032090,1.032408,1.043329,1.032147,1.031521,1.023772,1.032091,1.034059,1.039628,1.043124,1.044325,1.041782,1.044642,0.981522,1.037874,1.032772,1.032607,1.044651,1.030721,1.048362,1.046777,1.037030,1.027422,0.996739,0.961707,0.965510,0.979225,0.975200,0.998108,1.033331,0.996047,0.981792,1.030246
5.522790,1.039967,1.035238,1.036757,1.029040,1.031984,1.032076,1.032079,1.032397,1.043316,1.032137,1.031511,1.023762,1.032081,1.034049,1.039621,1.043118,1.044317,1.041773,1.044638,0.981519,1.037869,1.032770,1.032605,1.044646,1.030705,1.048357,1.046770,1.037035,1.027430,0.996702,0.961697,0.965501,0.979220,0.975198,0.998107,1.033333,0.996035,0.981807,1.030231
5.531120,1.039953,1.035221,1.036746,1.029031,1.031975,1.032067,1.032070,1.032388,1.043304,1.032129,1.031502,1.023754,1.032073,1.034042,1.039616,1.043114,1.044312,1.041765,1.044635,0.981517,1.037867,1.032769,1.032605,1.044642,1.030692,1.048354,1.046766,1.037042,1.027440,0.996669,0.961689,0.965494,0.979217,0.975197,0.998107,1.033337,0.996026,0.981823,1.030217
5.539450,1.039938,1.035208,1.036738,1.029024,1.031968,1.032060,1.032063,1.032380,1.043293,1.032123,1.031496,1.023747,1.032067,1.034036,1.039613,1.043112,1.044309,1.041760,1.044634,0.981517,1.037867,1.032771,1.032607,1.044641,1.030681,1.048354,1.046765,1.037051,1.027453,0.996640,0.961682,0.965489,0.979216,0.975199,0.998110,1.033344,0.996020,0.981842,1.030202
5.547780,1.039925,1.035197,1.036733,1.029019,1.031963,1.032055,1.032057,1.032374,1.043283,1.032118,1.031491,1.023743,1.032063,1.034032,1.039612,1.043112,1.044308,1.041758,1.044635,0.981519,1.037869,1.032775,1.032611,1.044641,1.030674,1.048357,1.046766,1.037063,1.027468,0.996616,0.961677,0.965485,0.979217,0.975202,0.998114,1.033352,0.996017,0.981863,1.030189
5.556110,1.039911,1.035190,1.036730,1.029016,1.031959,1.032052,1.032053,1.032370,1.043273,1.032115,1.031488,1.023740,1.032060,1.034030,1.039613,1.043115,1.044309,1.041758,1.044638,0.981523,1.037873,1.032781,1.032618,1.044644,1.030670,1.048362,1.046770,1.037078,1.027486,0.996595,0.961674,0.965483,0.979220,0.975208,0.998121,1.033363,0.996016,0.981887,1.030176
5.564440,1.039899,1.035186,1.036729,1.029015,1.031958,1.032050,1.032051,1.032367,1.043265,1.032115,1.031487,1.023739,1.032060,1.034030,1.039617,1.043119,1.044313,1.041760,1.044644,0.981529,1.037880,1.032789,1.032627,1.044649,1.030668,1.048370,1.046776,1.037095,1.027506,0.996579,0.961672,0.965483,0.979225,0.975215,0.998130,1.033376,0.996018,0.981913,1.030163
5.572770,1.039886,1.035185,1.036731,1.029016,1.031958,1.032050,1.032050,1.032366,1.043257,1.032116,1.031488,1.023740,1.032061,1.034033,1.039622,1.043126,1.044320,1.041765,1.044652,0.981537,1.037888,1.032799,1.032637,1.044657,1.030670,1.048380,1.046784,1.037115,1.027529,0.996567,0.961672,0.965484,0.979232,0.975225,0.998140,1.033391,0.996023,0.981941,1.030151
5.581100,1.039875,1.035187,1.036736,1.029019,1.031959,1.032052,1.032051,1.032367,1.043251,1.032119,1.031491,1.023743,1.032065,1.034037,1.039630,1.043136,1.044329,1.041772,1.044662,0.981547,1.037899,1.032811,1.032650,1.044666,1.030675,1.048394,1.046796,1.037137,1.027554,0.996559,0.961673,0.965487,0.979241,0.975236,0.998153,1.033409,0.996031,0.981972,1.030139
5.589430,1.039863,1.035193,1.036743,1.029024,1.031963,1.032055,1.032054,1.032369,1.043245,1.032124,1.031495,1.023748,1.032070,1.034043,1.039640,1.043147,1.044340,1.041782,1.044674,0.981560,1.037912,1.032826,1.032666,1.044678,1.030683,1.048409,1.046809,1.037162,1.027582,0.996555,0.961676,0.965492,0.979252,0.975250,0.998167,1.033429,0.996041,0.982005,1.030128
5.597760,1.039852,1.035201,1.036753,1.029031,1.031968,1.032061,1.032058,1.032373,1.043241,1.032131,1.031502,1.023755,1.032077,1.034051,1.039652,1.043161,1.044353,1.041794,1.044688,0.981574,1.037927,1.032842,1.032683,1.044692,1.030694,1.048428,1.046826,1.037189,1.027612,0.996555,0.961681,0.965499,0.979265,0.975266,0.998184,1.033451,0.996054,0.982041,1.030117
5.606090,1.039842,1.035213,1.036765,1.029041,1.031976,1.032068,1.032064,1.032379,1.043237,1.032139,1.031510,1.023764,1.032086,1.034061,1.039666,1.043176,1.044369,1.041808,1.044704,0.981590,1.037944,1.032861,1.032703,1.044708,1.030707,1.048449,1.046844,1.037219,1.027645,0.996559,0.961687,0.965508,0.979279,0.975284,0.998203,1.033475,0.996070,0.982078,1.030107
5.614420,1.039832,1.035227,1.036780,1.029051,1.031984,1.032077,1.032072,1.032386,1.043234,1.032150,1.031520,1.023774,1.032097,1.034073,1.039682,1.043194,1.044387,1.041825,1.044723,0.981608,1.037964,1.032882,1.032724,1.044726,1.030724,1.048473,1.046866,1.037252,1.027680,0.996567,0.961695,0.965518,0.979296,0.975303,0.998224,1.033502,0.996089,0.982118,1.030097
5.622750,1.039823,1.035244,1.036797,1.029064,1.031995,1.032087,1.032081,1.032394,1.043233,1.032162,1.031532,1.023786,1.032110,1.034087,1.039700,1.043214,1.044407,1.041844,1.044743,0.981629,1.037985,1.032905,1.032748,1.044746,1.030743,1.048499,1.046889,1.037287,1.027718,0.996578,0.961705,0.965530,0.979315,0.975325,0.998246,1.033530,0.996110,0.982161,1.030088
5.631080,1.039814,1.035264,1.036816,1.029079,1.032007,1.032100,1.032092,1.032405,1.043232,1.032176,1.031545,1.023800,1.032124,1.034103,1.039720,1.043237,1.044430,1.041865,1.044766,0.981651,1.038009,1.032930,1.032774,1.044768,1.030765,1.048528,1.046915,1.037324,1.027758,0.996593,0.961716,0.965543,0.979335,0.975349,0.998271,1.033561,0.996133,0.982205,1.030079
5.639410,1.039805,1.035287,1.036838,1.029096,1.032021,1.032113,1.032105,1.032416,1.043231,1.032192,1.031560,1.023816,1.032141,1.034121,1.039742,1.043261,1.044455,1.041889,1.044790,0.981675,1.038035,1.032957,1.032802,1.044793,1.030790,1.048559,1.046943,1.037364,1.027800,0.996611,0.961728,0.965558,0.979357,0.975374,0.998297,1.033594,0.996159,0.982252,1.030071
5.647740,1.039797,1.035312,1.036861,1.029114,1.032037,1.032129,1.032118,1.032429,1.043232,1.032209,1.031577,1.023833,1.032159,1.034140,1.039766,1.043287,1.044481,1.041914,1.044817,0.981700,1.038062,1.032986,1.032832,1.044819,1.030817,1.048592,1.046973,1.037405,1.027845,0.996632,0.961742,0.965575,0.979381,0.975401,0.998325,1.033629,0.996188,0.982301,1.030063
5.656070,1.039790,1.035340,1.036887,1.029134,1.032054,1.032146,1.032134,1.032444,1.043233,1.032228,1.031595,1.023852,1.032178,1.034161,1.039792,1.043315,1.044510,1.041942,1.044845,0.981728,1.038091,1.033017,1.032863,1.044847,1.030847,1.048628,1.047006,1.037449,1.027891,0.996657,0.961758,0.965593,0.979407,0.975430,0.998355,1.033665,0.996219,0.982351,1.030055
5.664400,1.039782,1.035370,1.036915,1.029155,1.032072,1.032164,1.032150,1.032460,1.043236,1.032249,1.031615,1.023873,1.032199,1.034184,1.039820,1.043345,1.044541,1.041971,1.044875,0.981757,1.038122,1.033049,1.032897,1.044877,1.030879,1.048665,1.047040,1.037495,1.027940,0.996685,0.961774,0.965612,0.979434,0.975461,0.998387,1.033704,0.996252,0.982404,1.030048
5.672730,1.039776,1.035402,1.036944,1.029179,1.032092,1.032184,1.032168,1.032477,1.043239,1.032271,1.031636,1.023895,1.032222,1.034208,1.039849,1.043376,1.044573,1.042003,1.044907,0.981788,1.038155,1.033083,1.032932,1.044909,1.030913,1.048705,1.047076,1.037543,1.027990,0.996715,0.961792,0.965633,0.979463,0.975493,0.998420,1.033744,0.996287,0.982458,1.030041
5.681060,1.039769,1.035436,1.036975,1.029203,1.032113,1.032205,1.032188,1.032495,1.043242,1.032294,1.031659,1.023918,1.032246,1.034233,1.039879,1.043409,1.044607,1.042036,1.044940,0.981820,1.038190,1.033119,1.032968,1.044942,1.030949,1.048746,1.047114,1.037593,1.028042,0.996748,0.961811,0.965655,0.979493,0.975527,0.998455,1.033785,0.996324,0.982513,1.030035
5.689390,1.039763,1.035473,1.037008,1.029229,1.032135,1.032227,1.032208,1.032515,1.043246,1.032318,1.031682,1.023942,1.032271,1.034260,1.039911,1.043444,1.044643,1.042070,1.044974,0.981853,1.038225,1.033156,1.033006,1.044977,1.030987,1.048789,1.047154,1.037644,1.028096,0.996783,0.961831,0.965678,0.979524,0.975562,0.998490,1.033829,0.996362,0.982571,1.030029
5.697720,1.039757,1.035511,1.037043,1.029256,1.032159,1.032250,1.032229,1.032535,1.043251,1.032344,1.031707,1.023968,1.032297,1.034288,1.039945,1.043480,1.044680,1.042106,1.045010,0.981888,1.038263,1.033194,1.033046,1.045013,1.031027,1.048834,1.047195,1.037697,1.028151,0.996821,0.961852,0.965703,0.979557,0.975598,0.998528,1.033873,0.996403,0.982630,1.030023
5.706050,1.039752,1.035551,1.037079,1.029285,1.032183,1.032275,1.032252,1.032557,1.043257,1.032371,1.031733,1.023995,1.032325,1.034318,1.039980,1.043517,1.044718,1.042144,1.045047,0.981924,1.038301,1.033234,1.033086,1.045050,1.031069,1.048880,1.047238,1.037751,1.028208,0.996861,0.961874,0.965728,0.979590,0.975635,0.998566,1.033919,0.996445,0.982690,1.030017
5.714380,1.039747,1.035592,1.037116,1.029314,1.032208,1.032300,1.032275,1.032579,1.043263,1.032398,1.031760,1.024022,1.032353,1.034348,1.040015,1.043555,1.044758,1.042182,1.045086,0.981961,1.038341,1.033275,1.033128,1.045089,1.031112,1.048928,1.047282,1.037807,1.028266,0.996902,0.961896,0.965754,0.979625,0.975674,0.998606,1.033966,0.996489,0.982751,1.030012
5.722710,1.039742,1.035634,1.037154,1.029344,1.032235,1.032326,1.032299,1.032602,1.043269,1.032427,1.031788,1.024051,1.032382,1.034379,1.040052,1.043595,1.044798,1.042222,1.045125,0.981999,1.038381,1.033317,1.033171,1.045128,1.031156,1.048977,1.047327,1.037863,1.028325,0.996945,0.961920,0.965781,0.979661,0.975713,0.998646,1.034014,0.996533,0.982813,1.030008
5.731040,1.039737,1.035678,1.037193,1.029376,1.032262,1.032353,1.032324,1.032626,1.043276,1.032456,1.031816,1.024080,1.032413,1.034412,1.040090,1.043635,1.044840,1.042263,1.045165,0.982038,1.038423,1.033360,1.033215,1.045169,1.031202,1.049026,1.047373,1.037921,1.028385,0.996990,0.961944,0.965809,0.979697,0.975753,0.998687,1.034063,0.996580,0.982876,1.030003
5.739370,1.039733,1.035723,1.037233,1.029408,1.032289,1.032380,1.032350,1.032650,1.043283,1.032487,1.031846,1.024111,1.032443,1.034444,1.040128,1.043676,1.044883,1.042304,1.045206,0.982077,1.038465,1.033403,1.033259,1.045210,1.031249,1.049077,1.047420,1.037980,1.028446,0.997036,0.961968,0.965837,0.979734,0.975794,0.998729,1.034112,0.996627,0.982940,1.029999
5.747700,1.039729,1.035768,1.037274,1.029440,1.032317,1.032408,1.032376,1.032675,1.043290,1.032517,1.031875,1.024141,1.032475,1.034478,1.040167,1.043718,1.044926,1.042347,1.045247,0.982117,1.038508,1.033447,1.033304,1.045252,1.031296,1.049128,1.047467,1.038039,1.028507,0.997082,0.961994,0.965866,0.979772,0.975836,0.998772,1.034162,0.996675,0.983004,1.029994
5.756030,1.039725,1.035814,1.037315,1.029473,1.032346,1.032437,1.032402,1.032701,1.043298,1.032548,1.031906,1.024172,1.032507,1.034512,1.040207,1.043760,1.044969,1.042389,1.045289,0.982158,1.038551,1.033492,1.033350,1.045295,1.031344,1.049180,1.047515,1.038099,1.028569,0.997130,0.962019,0.965895,0.979809,0.975878,0.998815,1.034213,0.996723,0.983069,1.029991
5.764360,1.039721,1.035861,1.037357,1.029507,1.032375,1.032465,1.032429,1.032726,1.043306,1.032580,1.031936,1.024204,1.032539,1.034546,1.040247,1.043803,1.045014,1.042432,1.045332,0.982199,1.038595,1.033537,1.033396,1.045338,1.031393,1.049233,1.047564,1.038159,1.028631,0.997178,0.962045,0.965925,0.979848,0.975920,0.998859,1.034264,0.996772,0.983134,1.029987
5.772690,1.039717,1.035908,1.037399,1.029540,1.032404,1.032494,1.032455,1.032752,1.043314,1.032611,1.031967,1.024235,1.032571,1.034580,1.040287,1.043846,1.045058,1.042476,1.045374,0.982240,1.038639,1.033582,1.033442,1.045381,1.031442,1.049285,1.047613,1.038219,1.028694,0.997226,0.962070,0.965955,0.979886,0.975962,0.998902,1.034315,0.996822,0.983199,1.029983
5.781020,1.039714,1.035955,1.037440,1.029574,1.032433,1.032523,1.032482,1.032778,1.043322,1.032643,1.031998,1.024267,1.032604,1.034615,1.040328,1.043889,1.045102,1.042519,1.045417,0.982281,1.038683,1.033627,1.033488,1.045424,1.031491,1.049338,1.047662,1.038280,1.028757,0.997275,0.962096,0.965984,0.979924,0.976004,0.998946,1.034365,0.996872,0.983264,1.029980
5.789350,1.039710,1.036002,1.037482,1.029608,1.032462,1.032552,1.032509,1.032804,1.043331,1.032675,1.032029,1.024299,1.032636,1.034650,1.040368,1.043931,1.045147,1.042563,1.045459,0.982322,1.038727,1.033672,1.033534,1.045467,1.031540,1.049391,1.047710,1.038340,1.028819,0.997323,0.962122,0.966014,0.979963,0.976046,0.998989,1.034416,0.996922,0.983329,1.029976
5.797680,1.039707,1.036048,1.037524,1.029641,1.032491,1.032581,1.032536,1.032830,1.043339,1.032706,1.032059,1.024330,1.032669,1.034684,1.040408,1.043974,1.045191,1.042606,1.045501,0.982363,1.038771,1.033717,1.033580,1.045510,1.031588,1.049443,1.047759,1.038400,1.028881,0.997371,0.962147,0.966044,0.980001,0.976088,0.999033,1.034467,0.996972,0.983394,1.029973
5.806010,1.039704,1.036095,1.037565,1.029675,1.032520,1.032610,1.032563,1.032855,1.043347,1.032737,1.032090,1.024362,1.032701,1.034718,1.040448,1.044017,1.045235,1.042649,1.045543,0.982403,1.038815,1.033762,1.033626,1.045553,1.031637,1.049496,1.047807,1.038460,1.028943,0.997418,0.962173,0.966073,0.980038,0.976130,0.999076,1.034517,0.997021,0.983458,1.029970
5.814340,1.039700,1.036141,1.037607,1.029708,1.032549,1.032639,1.032589,1.032881,1.043355,1.032769,1.032120,1.024393,1.032733,1.034752,1.040487,1.044059,1.045278,1.042692,1.045585,0.982443,1.038858,1.033807,1.033671,1.045596,1.031685,1.049548,1.047855,1.038519,1.029005,0.997466,0.962198,0.966103,0.980076,0.976171,0.999119,1.034567,0.997071,0.983522,1.029967
5.822670,1.039697,1.036185,1.037647,1.029741,1.032577,1.032666,1.032615,1.032905,1.043363,1.032799,1.032150,1.024423,1.032764,1.034786,1.040526,1.044100,1.045321,1.042733,1.045626,0.982483,1.038900,1.033850,1.033716,1.045638,1.031733,1.049598,1.047902,1.038578,1.029065,0.997511,0.962222,0.966131,0.980112,0.976212,0.999161,1.034616,0.997119,0.983585,1.029963
5.831000,1.039694,1.036230,1.037686,1.029773,1.032605,1.032694,1.032641,1.032930,1.043371,1.032829,1.032179,1.024453,1.032795,1.034818,1.040564,1.044141,1.045363,1.042774,1.045666,0.982522,1.038942,1.033893,1.033760,1.045679,1.031779,1.049649,1.047949,1.038635,1.029124,0.997556,0.962246,0.966159,0.980148,0.976252,0.999203,1.034664,0.997168,0.983647,1.029960
5.839330,1.039691,1.036273,1.037725,1.029804,1.032632,1.032721,1.032666,1.032954,1.043378,1.032859,1.032207,1.024483,1.032825,1.034851,1.040602,1.044182,1.045405,1.042815,1.045705,0.982560,1.038984,1.033936,1.033803,1.045720,1.031825,1.049698,1.047995,1.038692,1.029183,0.997600,0.962270,0.966187,0.980184,0.976291,0.999244,1.034711,0.997215,0.983709,1.029957
5.847660,1.039687,1.036314,1.037762,1.029834,1.032658,1.032747,1.032689,1.032977,1.043385,1.032887,1.032235,1.024511,1.032854,1.034882,1.040638,1.044220,1.045444,1.042854,1.045743,0.982596,1.039023,1.033976,1.033844,1.045759,1.031869,1.049746,1.048039,1.038747,1.029240,0.997641,0.962292,0.966214,0.980218,0.976328,0.999283,1.034757,0.997261,0.983768,1.029954
5.855990,1.039684,1.036355,1.037799,1.029864,1.032683,1.032772,1.032713,1.032999,1.043392,1.032914,1.032262,1.024539,1.032882,1.034912,1.040674,1.044258,1.045484,1.042892,1.045781,0.982633,1.039062,1.034016,1.033885,1.045798,1.031912,1.049793,1.048082,1.038802,1.029297,0.997681,0.962314,0.966240,0.980251,0.976365,0.999322,1.034802,0.997306,0.983827,1.029950
5.864320,1.039681,1.036394,1.037834,1.029893,1.032708,1.032796,1.032735,1.033021,1.043398,1.032941,1.032288,1.024565,1.032910,1.034941,1.040708,1.044295,1.045521,1.042929,1.045817,0.982667,1.039100,1.034055,1.033925,1.045835,1.031954,1.049838,1.048124,1.038855,1.029351,0.997720,0.962334,0.966265,0.980283,0.976401,0.999360,1.034846,0.997351,0.983884,1.029947
5.872650,1.039677,1.036430,1.037867,1.029920,1.032731,1.032819,1.032757,1.033041,1.043404,1.032966,1.032312,1.024591,1.032935,1.034969,1.040741,1.044330,1.045557,1.042963,1.045851,0.982700,1.039136,1.034092,1.033963,1.045870,1.031993,1.049881,1.048164,1.038905,1.029404,0.997755,0.962354,0.966288,0.980313,0.976435,0.999395,1.034887,0.997393,0.983939,1.029944
5.880980,1.039674,1.036466,1.037899,1.029946,1.032753,1.032841,1.032777,1.033061,1.043410,1.032991,1.032335,1.024615,1.032961,1.034996,1.040773,1.044364,1.045592,1.042997,1.045884,0.982732,1.039171,1.034128,1.033999,1.045905,1.032032,1.049923,1.048203,1.038955,1.029455,0.997789,0.962373,0.966311,0.980342,0.976468,0.999431,1.034927,0.997434,0.983993,1.029940
5.889310,1.039670,1.036499,1.037929,1.029970,1.032774,1.032861,1.032796,1.033079,1.043414,1.033013,1.032357,1.024638,1.032984,1.035021,1.040802,1.044396,1.045625,1.043029,1.045915,0.982762,1.039204,1.034162,1.034034,1.045937,1.032068,1.049963,1.048239,1.039002,1.029504,0.997820,0.962390,0.966333,0.980370,0.976498,0.999463,1.034965,0.997473,0.984044,1.029936
5.897640,1.039666,1.036530,1.037956,1.029993,1.032793,1.032880,1.032814,1.033096,1.043419,1.033034,1.032378,1.024659,1.033006,1.035044,1.040831,1.044426,1.045656,1.043059,1.045944,0.982791,1.039235,1.034194,1.034067,1.045968,1.032102,1.050001,1.048274,1.039047,1.029551,0.997848,0.962405,0.966353,0.980395,0.976527,0.999495,1.035002,0.997510,0.984094,1.029932
5.905970,1.039662,1.036559,1.037983,1.030015,1.032811,1.032899,1.032830,1.033112,1.043422,1.033055,1.032397,1.024679,1.033027,1.035067,1.040857,1.044455,1.045686,1.043087,1.045972,0.982818,1.039265,1.034225,1.034098,1.045998,1.032135,1.050038,1.048307,1.039090,1.029596,0.997875,0.962420,0.966372,0.980420,0.976555,0.999525,1.035037,0.997546,0.984142,1.029928
5.914300,1.039658,1.036585,1.038007,1.030035,1.032828,1.032915,1.032845,1.033126,1.043425,1.033073,1.032415,1.024697,1.033045,1.035087,1.040882,1.044481,1.045712,1.043113,1.045997,0.982843,1.039292,1.034253,1.034127,1.046024,1.032164,1.050071,1.048337,1.039131,1.029639,0.997898,0.962433,0.966389,0.980442,0.976580,0.999552,1.035068,0.997579,0.984187,1.029924
5.922630,1.039653,1.036608,1.038029,1.030053,1.032842,1.032929,1.032859,1.033139,1.043427,1.033089,1.032431,1.024714,1.033062,1.035105,1.040904,1.044505,1.045737,1.043137,1.046020,0.982865,1.039317,1.034279,1.034154,1.046049,1.032191,1.050102,1.048365,1.039169,1.029679,0.997917,0.962445,0.966404,0.980462,0.976603,0.999578,1.035098,0.997610,0.984230,1.029920
5.930960,1.039649,1.036630,1.038049,1.030069,1.032856,1.032943,1.032871,1.033151,1.043429,1.033104,1.032445,1.024729,1.033078,1.035123,1.040925,1.044528,1.045761,1.043159,1.046042,0.982887,1.039341,1.034304,1.034179,1.046073,1.032216,1.050132,1.048392,1.039206,1.029717,0.997935,0.962455,0.966418,0.980481,0.976625,0.999602,1.035126,0.997639,0.984271,1.029915
5.939290,1.039644,1.036648,1.038066,1.030083,1.032867,1.032954,1.032881,1.033160,1.043429,1.033117,1.032457,1.024741,1.033091,1.035137,1.040943,1.044548,1.045781,1.043178,1.046061,0.982905,1.039361,1.034326,1.034201,1.046093,1.032238,1.050158,1.048415,1.039239,1.029752,0.997948,0.962463,0.966430,0.980496,0.976643,0.999623,1.035151,0.997666,0.984308,1.029910
5.947620,1.039639,1.036663,1.038080,1.030095,1.032877,1.032963,1.032889,1.033168,1.043429,1.033128,1.032468,1.024752,1.033102,1.035150,1.040959,1.044565,1.045798,1.043194,1.046077,0.982921,1.039380,1.034345,1.034221,1.046111,1.032257,1.050181,1.048436,1.039269,1.029784,0.997958,0.962470,0.966441,0.980510,0.976659,0.999643,1.035173,0.997689,0.984343,1.029905
5.955950,1.039633,1.036677,1.038093,1.030106,1.032885,1.032971,1.032897,1.033175,1.043428,1.033137,1.032477,1.024762,1.033113,1.035161,1.040974,1.044582,1.045815,1.043209,1.046092,0.982936,1.039397,1.034363,1.034240,1.046128,1.032275,1.050203,1.048455,1.039298,1.029814,0.997966,0.962475,0.966450,0.980523,0.976674,0.999660,1.035194,0.997712,0.984377,1.029900
5.964280,1.039628,1.036686,1.038103,1.030114,1.032891,1.032977,1.032901,1.033179,1.043426,1.033144,1.032483,1.024769,1.033120,1.035169,1.040985,1.044594,1.045827,1.043220,1.046103,0.982947,1.039410,1.034377,1.034254,1.046141,1.032288,1.050220,1.048471,1.039322,1.029840,0.997968,0.962478,0.966456,0.980531,0.976685,0.999675,1.035211,0.997730,0.984406,1.029895
5.972610,1.039622,1.036693,1.038109,1.030120,1.032894,1.032980,1.032904,1.033182,1.043423,1.033149,1.032487,1.024773,1.033125,1.035175,1.040994,1.044604,1.045837,1.043229,1.046112,0.982956,1.039421,1.034389,1.034266,1.046152,1.032298,1.050235,1.048483,1.039344,1.029864,0.997968,0.962479,0.966461,0.980538,0.976694,0.999687,1.035225,0.997746,0.984432,1.029889
5.980940,1.039616,1.036696,1.038113,1.030123,1.032896,1.032982,1.032905,1.033183,1.043420,1.033151,1.032490,1.024776,1.033128,1.035179,1.041000,1.044611,1.045845,1.043235,1.046118,0.982962,1.039429,1.034398,1.034276,1.046160,1.032306,1.050247,1.048493,1.039363,1.029884,0.997963,0.962478,0.966463,0.980542,0.976701,0.999696,1.035237,0.997759,0.984456,1.029883
5.989270,1.039610,1.036696,1.038114,1.030124,1.032895,1.032981,1.032904,1.033182,1.043415,1.033152,1.032490,1.024776,1.033128,1.035180,1.041004,1.044616,1.045849,1.043238,1.046121,0.982966,1.039435,1.034405,1.034282,1.046166,1.032310,1.050256,1.048500,1.039378,1.029901,0.997954,0.962475,0.966464,0.980544,0.976704,0.999703,1.035245,0.997769,0.984476,1.029877
5.997600,1.039603,1.036692,1.038112,1.030122,1.032893,1.032978,1.032901,1.033178,1.043409,1.033150,1.032487,1.024774,1.033126,1.035179,1.041005,1.044618,1.045851,1.043239,1.046122,0.982967,1.039437,1.034408,1.034286,1.046168,1.032311,1.050262,1.048504,1.039390,1.029915,0.997942,0.962470,0.966462,0.980543,0.976705,0.999707,1.035251,0.997777,0.984494,1.029870
6.005930,1.039596,1.036686,1.038108,1.030119,1.032888,1.032973,1.032896,1.033173,1.043403,1.033145,1.032483,1.024770,1.033122,1.035175,1.041003,1.044617,1.045849,1.043236,1.046120,0.982965,1.039437,1.034409,1.034287,1.046168,1.032308,1.050264,1.048504,1.039399,1.029926,0.997926,0.962463,0.966458,0.980539,0.976703,0.999708,1.035253,0.997781,0.984508,1.029863
6.014260,1.039589,1.036676,1.038100,1.030112,1.032881,1.032966,1.032889,1.033166,1.043395,1.033139,1.032476,1.024763,1.033116,1.035169,1.040998,1.044613,1.045845,1.043231,1.046114,0.982960,1.039434,1.034407,1.034285,1.046165,1.032303,1.050264,1.048502,1.039405,1.029933,0.997906,0.962453,0.966452,0.980533,0.976698,0.999707,1.035253,0.997782,0.984519,1.029856
6.022590,1.039582,1.036662,1.038089,1.030104,1.032871,1.032956,1.032880,1.033157,1.043386,1.033130,1.032467,1.024754,1.033107,1.035161,1.040991,1.044606,1.045838,1.043222,1.046106,0.982953,1.039428,1.034402,1.034281,1.046159,1.032294,1.050260,1.048497,1.039408,1.029938,0.997882,0.962442,0.966444,0.980524,0.976691,0.999703,1.035249,0.997781,0.984527,1.029849
6.030920,1.039574,1.036646,1.038076,1.030092,1.032860,1.032945,1.032869,1.033146,1.043377,1.033119,1.032456,1.024743,1.033096,1.035150,1.040981,1.044597,1.045828,1.043211,1.046095,0.982943,1.039420,1.034394,1.034273,1.046151,1.032282,1.050253,1.048488,1.039407,1.029939,0.997855,0.962429,0.966433,0.980512,0.976680,0.999696,1.035243,0.997776,0.984531,1.029841
6.039250,1.039566,1.036626,1.038059,1.030079,1.032846,1.032931,1.032855,1.033133,1.043366,1.033105,1.032442,1.024729,1.033082,1.035137,1.040969,1.044585,1.045815,1.043196,1.046082,0.982930,1.039408,1.034384,1.034262,1.046139,1.032267,1.050243,1.048477,1.039403,1.029936,0.997823,0.962414,0.966421,0.980498,0.976667,0.999686,1.035233,0.997768,0.984533,1.029833
6.047580,1.039558,1.036603,1.038040,1.030063,1.032830,1.032915,1.032840,1.033117,1.043355,1.033089,1.032426,1.024714,1.033066,1.035121,1.040954,1.044570,1.045799,1.043179,1.046065,0.982915,1.039394,1.034370,1.034249,1.046125,1.032249,1.050230,1.048462,1.039396,1.029931,0.997788,0.962396,0.966406,0.980481,0.976651,0.999674,1.035221,0.997758,0.984531,1.029825
6.055910,1.039549,1.036576,1.038018,1.030044,1.032812,1.032897,1.032822,1.033100,1.043342,1.033071,1.032408,1.024695,1.033048,1.035102,1.040936,1.044552,1.045780,1.043159,1.046045,0.982897,1.039377,1.034354,1.034232,1.046108,1.032227,1.050213,1.048445,1.039386,1.029922,0.997749,0.962377,0.966389,0.980461,0.976632,0.999659,1.035205,0.997744,0.984526,1.029817
6.064240,1.039540,1.036547,1.037993,1.030023,1.032792,1.032877,1.032803,1.033081,1.043329,1.033050,1.032387,1.024675,1.033028,1.035081,1.040915,1.044531,1.045758,1.043136,1.046023,0.982876,1.039357,1.034335,1.034213,1.046088,1.032202,1.050194,1.048424,1.039372,1.029910,0.997707,0.962355,0.966370,0.980439,0.976610,0.999641,1.035186,0.997727,0.984518,1.029808
6.072570,1.039531,1.036514,1.037965,1.030000,1.032770,1.032854,1.032781,1.033060,1.043315,1.033028,1.032365,1.024652,1.033005,1.035058,1.040891,1.044507,1.045734,1.043110,1.045998,0.982852,1.039334,1.034313,1.034191,1.046065,1.032174,1.050171,1.048401,1.039356,1.029895,0.997661,0.962332,0.966349,0.980414,0.976586,0.999621,1.035165,0.997708,0.984507,1.029799
6.080900,1.039522,1.036478,1.037934,1.029974,1.032745,1.032830,1.032757,1.033037,1.043299,1.033003,1.032340,1.024627,1.032980,1.035033,1.040865,1.044481,1.045707,1.043082,1.045970,0.982825,1.039308,1.034288,1.034166,1.046039,1.032144,1.050145,1.048374,1.039336,1.029877,0.997611,0.962307,0.966326,0.980387,0.976559,0.999597,1.035140,0.997686,0.984493,1.029790
6.089230,1.039513,1.036439,1.037900,1.029946,1.032719,1.032803,1.032732,1.033012,1.043283,1.032975,1.032313,1.024600,1.032952,1.035005,1.040837,1.044452,1.045676,1.043050,1.045939,0.982796,1.039280,1.034260,1.034138,1.046011,1.032110,1.050117,1.048345,1.039313,1.029855,0.997558,0.962279,0.966301,0.980357,0.976529,0.999572,1.035113,0.997660,0.984476,1.029781
6.097560,1.039503,1.036397,1.037864,1.029916,1.032690,1.032774,1.032704,1.032985,1.043266,1.032946,1.032283,1.024570,1.032922,1.034974,1.040805,1.044420,1.045644,1.043016,1.045905,0.982765,1.039249,1.034230,1.034108,1.045980,1.032073,1.050085,1.048313,1.039287,1.029831,0.997502,0.962250,0.966274,0.980324,0.976496,0.999543,1.035083,0.997632,0.984456,1.029771
6.105890,1.039493,1.036352,1.037825,1.029883,1.032659,1.032743,1.032675,1.032956,1.043248,1.032914,1.032252,1.024538,1.032890,1.034942,1.040772,1.044386,1.045608,1.042979,1.045869,0.982730,1.039215,1.034197,1.034075,1.045946,1.032033,1.050050,1.048278,1.039258,1.029804,0.997443,0.962219,0.966244,0.980289,0.976461,0.999512,1.035050,0.997602,0.984433,1.029761
6.114220,1.039483,1.036305,1.037784,1.029848,1.032626,1.032711,1.032644,1.032925,1.043229,1.032881,1.032219,1.024505,1.032856,1.034907,1.040735,1.044349,1.045570,1.042940,1.045830,0.982693,1.039178,1.034161,1.034039,1.045910,1.031990,1.050013,1.048240,1.039226,1.029773,0.997380,0.962186,0.966213,0.980251,0.976423,0.999478,1.035014,0.997568,0.984407,1.029751
6.122550,1.039473,1.036254,1.037740,1.029811,1.032592,1.032676,1.032610,1.032893,1.043209,1.032845,1.032183,1.024469,1.032820,1.034870,1.040697,1.044309,1.045529,1.042898,1.045788,0.982654,1.039140,1.034123,1.034000,1.045871,1.031945,1.049973,1.048199,1.039191,1.029740,0.997314,0.962151,0.966180,0.980211,0.976383,0.999442,1.034975,0.997532,0.984378,1.029741
6.130880,1.039462,1.036201,1.037693,1.029772,1.032555,1.032639,1.032575,1.032859,1.043189,1.032807,1.032146,1.024431,1.032782,1.034831,1.040656,1.044267,1.045486,1.042853,1.045744,0.982612,1.039098,1.034082,1.033959,1.045830,1.031897,1.049930,1.048156,1.039154,1.029704,0.997245,0.962114,0.966145,0.980169,0.976340,0.999404,1.034934,0.997494,0.984347,1.029730
6.139210,1.039451,1.036145,1.037644,1.029731,1.032517,1.032601,1.032539,1.032823,1.043168,1.032767,1.032106,1.024391,1.032742,1.034789,1.040612,1.044222,1.045440,1.042806,1.045697,0.982568,1.039054,1.034039,1.033916,1.045786,1.031846,1.049884,1.048110,1.039113,1.029665,0.997174,0.962076,0.966108,0.980124,0.976295,0.999363,1.034890,0.997453,0.984313,1.029720
6.147540,1.039440,1.036087,1.037593,1.029688,1.032476,1.032560,1.032500,1.032785,1.043145,1.032726,1.032065,1.024349,1.032700,1.034746,1.040566,1.044176,1.045392,1.042757,1.045648,0.982521,1.039008,1.033993,1.033870,1.045740,1.031793,1.049836,1.048062,1.039070,1.029624,0.997100,0.962036,0.966069,0.980077,0.976247,0.999319,1.034844,0.997409,0.984276,1.029709
6.155870,1.039430,1.036027,1.037540,1.029642,1.032434,1.032518,1.032460,1.032746,1.043123,1.032682,1.032022,1.024306,1.032656,1.034701,1.040519,1.044127,1.045341,1.042705,1.045597,0.982472,1.038959,1.033945,1.033822,1.045691,1.031737,1.049786,1.048012,1.039025,1.029580,0.997023,0.961994,0.966029,0.980028,0.976197,0.999274,1.034796,0.997363,0.984237,1.029698
6.164200,1.039418,1.035964,1.037484,1.029595,1.032391,1.032475,1.032419,1.032706,1.043099,1.032637,1.031978,1.024260,1.032610,1.034653,1.040469,1.044075,1.045288,1.042651,1.045544,0.982421,1.038909,1.033895,1.033771,1.045641,1.031679,1.049733,1.047959,1.038977,1.029533,0.996944,0.961951,0.965986,0.979977,0.976145,0.999226,1.034745,0.997315,0.984195,1.029687
6.172530,1.039407,1.035899,1.037427,1.029547,1.032346,1.032430,1.032376,1.032664,1.043075,1.032590,1.031931,1.024213,1.032563,1.034604,1.040417,1.044022,1.045234,1.042595,1.045488,0.982368,1.038856,1.033843,1.033718,1.045588,1.031619,1.049677,1.047904,1.038926,1.029484,0.996863,0.961907,0.965943,0.979924,0.976091,0.999177,1.034691,0.997265,0.984151,1.029676
6.180860,1.039396,1.035832,1.037367,1.029496,1.032299,1.032383,1.032331,1.032620,1.043050,1.032541,1.031883,1.024165,1.032513,1.034554,1.040363,1.043966,1.045177,1.042538,1.045430,0.982313,1.038801,1.033788,1.033664,1.045533,1.031557,1.049620,1.047847,1.038874,1.029433,0.996779,0.961861,0.965898,0.979869,0.976034,0.999125,1.034636,0.997213,0.984105,1.029665
6.189190,1.039384,1.035763,1.037306,1.029444,1.032251,1.032335,1.032285,1.032576,1.043025,1.032491,1.031834,1.024115,1.032463,1.034501,1.040307,1.043909,1.045118,1.042478,1.045370,0.982256,1.038744,1.033732,1.033607,1.045476,1.031493,1.049561,1.047788,1.038819,1.029380,0.996694,0.961813,0.965851,0.979812,0.975976,0.999071,1.034579,0.997159,0.984056,1.029654
6.197520,1.039373,1.035692,1.037243,1.029390,1.032201,1.032285,1.032238,1.032530,1.042999,1.032440,1.031783,1.024063,1.032410,1.034447,1.040249,1.043850,1.045057,1.042416,1.045308,0.982197,1.038685,1.033673,1.033548,1.045417,1.031427,1.049499,1.047727,1.038762,1.029324,0.996607,0.961765,0.965803,0.979753,0.975916,0.999015,1.034519,0.997103,0.984006,1.029642
6.205850,1.039361,1.035619,1.037179,1.029335,1.032150,1.032234,1.032190,1.032483,1.042973,1.032387,1.031730,1.024010,1.032357,1.034392,1.040190,1.043789,1.044995,1.042353,1.045245,0.982136,1.038624,1.033613,1.033488,1.045357,1.031359,1.049436,1.047664,1.038703,1.029267,0.996518,0.961715,0.965754,0.979692,0.975854,0.998958,1.034458,0.997046,0.983953,1.029631
6.214180,1.039350,1.035545,1.037112,1.029279,1.032098,1.032182,1.032140,1.032434,1.042946,1.032332,1.031677,1.023955,1.032302,1.034335,1.040129,1.043726,1.044931,1.042288,1.045179,0.982074,1.038562,1.033551,1.033425,1.045295,1.031290,1.049371,1.047600,1.038642,1.029208,0.996428,0.961664,0.965703,0.979630,0.975790,0.998899,1.034395,0.996987,0.983899,1.029619
6.222510,1.039338,1.035470,1.037045,1.029221,1.032045,1.032129,1.032090,1.032385,1.042919,1.032277,1.031622,1.023900,1.032245,1.034277,1.040067,1.043662,1.044866,1.042222,1.045112,0.982010,1.038498,1.033488,1.033362,1.045231,1.031219,1.049305,1.047534,1.038580,1.029147,0.996337,0.961612,0.965652,0.979567,0.975725,0.998839,1.034331,0.996926,0.983843,1.029608
6.230840,1.039327,1.035393,1.036976,1.029162,1.031990,1.032074,1.032038,1.032335,1.042891,1.032220,1.031566,1.023843,1.032188,1.034218,1.040003,1.043596,1.044799,1.042154,1.045044,0.981945,1.038433,1.033423,1.033296,1.045166,1.031147,1.049237,1.047466,1.038516,1.029084,0.996244,0.961559,0.965599,0.979502,0.975658,0.998777,1.034264,0.996864,0.983786,1.029597
6.239170,1.039315,1.035315,1.036906,1.029102,1.031935,1.032019,1.031985,1.032283,1.042863,1.032163,1.031509,1.023785,1.032130,1.034157,1.039939,1.043529,1.044730,1.042085,1.044974,0.981878,1.038366,1.033357,1.033230,1.045099,1.031074,1.049167,1.047397,1.038450,1.029020,0.996151,0.961505,0.965545,0.979435,0.975590,0.998713,1.034197,0.996801,0.983727,1.029585
6.247500,1.039304,1.035237,1.036836,1.029041,1.031879,1.031963,1.031932,1.032232,1.042835,1.032105,1.031452,1.023727,1.032071,1.034096,1.039873,1.043461,1.044662,1.042016,1.044904,0.981810,1.038299,1.033290,1.033162,1.045032,1.031000,1.049097,1.047328,1.038384,1.028955,0.996057,0.961451,0.965491,0.979369,0.975521,0.998649,1.034129,0.996737,0.983667,1.029574
6.255830,1.039292,1.035157,1.036763,1.028979,1.031822,1.031906,1.031878,1.032179,1.042806,1.032045,1.031393,1.023667,1.032010,1.034033,1.039805,1.043392,1.044591,1.041944,1.044831,0.981741,1.038229,1.033221,1.033093,1.044963,1.030924,1.049025,1.047256,1.038316,1.028888,0.995961,0.961395,0.965436,0.979299,0.975449,0.998583,1.034058,0.996671,0.983605,1.029562
6.264160,1.039281,1.035076,1.036690,1.028916,1.031764,1.031848,1.031823,1.032125,1.042778,1.031985,1.031334,1.023607,1.031949,1.033970,1.039737,1.043321,1.044519,1.041873,1.044757,0.981670,1.038159,1.033151,1.033023,1.044893,1.030848,1.048953,1.047184,1.038247,1.028820,0.995866,0.961340,0.965380,0.979230,0.975378,0.998516,1.033987,0.996605,0.983542,1.029551
6.272490,1.039269,1.034996,1.036617,1.028853,1.031706,1.031790,1.031768,1.032072,1.042749,1.031924,1.031274,1.023546,1.031887,1.033906,1.039669,1.043251,1.044447,1.041800,1.044684,0.981600,1.038089,1.033081,1.032952,1.044822,1.030771,1.048879,1.047112,1.038177,1.028752,0.995770,0.961283,0.965323,0.979160,0.975305,0.998449,1.033916,0.996539,0.983479,1.029540
6.280820,1.039258,1.034914,1.036543,1.028788,1.031647,1.031731,1.031712,1.032017,1.042720,1.031862,1.031213,1.023484,1.031825,1.033842,1.039599,1.043178,1.044374,1.041726,1.044608,0.981527,1.038017,1.033009,1.032880,1.044750,1.030693,1.048805,1.047038,1.038106,1.028682,0.995674,0.961226,0.965266,0.979088,0.975231,0.998380,1.033842,0.996471,0.983414,1.029528
6.289150,1.039247,1.034832,1.036469,1.028724,1.031588,1.031672,1.031656,1.031963,1.042690,1.031800,1.031152,1.023422,1.031762,1.033777,1.039529,1.043106,1.044301,1.041653,1.044532,0.981455,1.037944,1.032937,1.032807,1.044678,1.030616,1.048730,1.046964,1.038034,1.028612,0.995578,0.961169,0.965208,0.979017,0.975158,0.998311,1.033769,0.996403,0.983349,1.029517
6.297480,1.039236,1.034750,1.036393,1.028658,1.031528,1.031612,1.031599,1.031907,1.042661,1.031738,1.031090,1.023360,1.031699,1.033711,1.039457,1.043032,1.044226,1.041578,1.044455,0.981381,1.037871,1.032863,1.032734,1.044604,1.030537,1.048655,1.046889,1.037962,1.028541,0.995482,0.961111,0.965150,0.978944,0.975082,0.998240,1.033695,0.996334,0.983282,1.029506
6.305810,1.039225,1.034668,1.036318,1.028593,1.031468,1.031552,1.031542,1.031852,1.042632,1.031675,1.031029,1.023297,1.031635,1.033645,1.039386,1.042959,1.044152,1.041503,1.044378,0.981307,1.037798,1.032790,1.032660,1.044531,1.030459,1.048579,1.046814,1.037889,1.028469,0.995387,0.961053,0.965092,0.978871,0.975007,0.998170,1.033620,0.996265,0.983216,1.029496
6.314140,1.039214,1.034585,1.036243,1.028528,1.031408,1.031492,1.031485,1.031797,1.042603,1.031612,1.030967,1.023234,1.031571,1.033579,1.039315,1.042885,1.044077,1.041428,1.044301,0.981233,1.037724,1.032717,1.032586,1.044457,1.030380,1.048503,1.046738,1.037816,1.028398,0.995292,0.960995,0.965034,0.978797,0.974931,0.998099,1.033545,0.996196,0.983149,1.029485
6.322470,1.039204,1.034503,1.036168,1.028461,1.031347,1.031432,1.031428,1.031741,1.042573,1.031549,1.030904,1.023171,1.031507,1.033512,1.039243,1.042810,1.044002,1.041353,1.044223,0.981158,1.037649,1.032642,1.032511,1.044383,1.030302,1.048427,1.046662,1.037742,1.028325,0.995197,0.960937,0.964975,0.978723,0.974854,0.998027,1.033470,0.996127,0.983081,1.029475
6.330800,1.039194,1.034422,1.036093,1.028396,1.031287,1.031372,1.031371,1.031685,1.042544,1.031486,1.030842,1.023107,1.031443,1.033446,1.039171,1.042736,1.043927,1.041278,1.044145,0.981083,1.037575,1.032568,1.032437,1.044308,1.030223,1.048351,1.046587,1.037669,1.028253,0.995103,0.960879,0.964916,0.978649,0.974778,0.997956,1.033395,0.996058,0.983014,1.029465
6.339130,1.039183,1.034340,1.036017,1.028330,1.031227,1.031312,1.031314,1.031630,1.042516,1.031423,1.030780,1.023044,1.031379,1.033380,1.039099,1.042661,1.043852,1.041203,1.044067,0.981008,1.037500,1.032494,1.032362,1.044234,1.030145,1.048274,1.046511,1.037595,1.028181,0.995010,0.960820,0.964857,0.978575,0.974701,0.997884,1.033319,0.995989,0.982946,1.029455
6.347460,1.039173,1.034259,1.035942,1.028264,1.031166,1.031251,1.031256,1.031574,1.042487,1.031360,1.030718,1.022981,1.031315,1.033313,1.039026,1.042586,1.043777,1.041128,1.043988,0.980932,1.037426,1.032419,1.032287,1.044159,1.030067,1.048198,1.046435,1.037521,1.028108,0.994917,0.960762,0.964798,0.978500,0.974624,0.997812,1.033243,0.995920,0.982878,1.029445
6.355790,1.039164,1.034178,1.035868,1.028198,1.031106,1.031191,1.031199,1.031518,1.042458,1.031297,1.030656,1.022918,1.031251,1.033246,1.038954,1.042512,1.043702,1.041053,1.043910,0.980857,1.037351,1.032344,1.032212,1.044084,1.029990,1.048122,1.046360,1.037448,1.028035,0.994826,0.960704,0.964740,0.978426,0.974547,0.997740,1.033168,0.995851,0.982810,1.029435
6.364120,1.039154,1.034099,1.035794,1.028133,1.031046,1.031131,1.031143,1.031463,1.042430,1.031234,1.030594,1.022855,1.031188,1.033181,1.038883,1.042438,1.043627,1.040979,1.043832,0.980782,1.037277,1.032270,1.032137,1.044010,1.029913,1.048047,1.046285,1.037374,1.027963,0.994737,0.960647,0.964682,0.978352,0.974471,0.997669,1.033093,0.995783,0.982743,1.029426
6.372450,1.039145,1.034020,1.035720,1.028068,1.030987,1.031072,1.031087,1.031409,1.042402,1.031172,1.030533,1.022793,1.031125,1.033115,1.038812,1.042364,1.043553,1.040905,1.043754,0.980707,1.037203,1.032196,1.032063,1.043937,1.029837,1.047972,1.046211,1.037302,1.027892,0.994649,0.960589,0.964624,0.978278,0.974394,0.997598,1.033018,0.995716,0.982676,1.029417
6.380780,1.039137,1.033943,1.035648,1.028004,1.030928,1.031013,1.031031,1.031354,1.042374,1.031111,1.030472,1.022731,1.031062,1.033050,1.038741,1.042291,1.043480,1.040832,1.043677,0.980632,1.037130,1.032123,1.031990,1.043863,1.029762,1.047898,1.046137,1.037230,1.027821,0.994562,0.960533,0.964566,0.978204,0.974318,0.997527,1.032944,0.995650,0.982609,1.029408
6.389110,1.039128,1.033866,1.035576,1.027940,1.030870,1.030955,1.030976,1.031300,1.042347,1.031049,1.030412,1.022670,1.031000,1.032986,1.038670,1.042218,1.043407,1.040759,1.043600,0.980558,1.037057,1.032050,1.031917,1.043790,1.029688,1.047825,1.046064,1.037158,1.027750,0.994477,0.960476,0.964510,0.978131,0.974243,0.997456,1.032871,0.995584,0.982543,1.029400
6.397440,1.039120,1.033790,1.035505,1.027877,1.030812,1.030897,1.030921,1.031247,1.042320,1.030989,1.030352,1.022609,1.030938,1.032922,1.038601,1.042145,1.043335,1.040688,1.043523,0.980484,1.036985,1.031978,1.031844,1.043718,1.029615,1.047752,1.045992,1.037087,1.027680,0.994394,0.960420,0.964453,0.978059,0.974167,0.997386,1.032797,0.995518,0.982477,1.029391
6.405770,1.039112,1.033716,1.035435,1.027814,1.030755,1.030840,1.030866,1.031194,1.042294,1.030929,1.030293,1.022549,1.030877,1.032858,1.038532,1.042074,1.043264,1.040617,1.043448,0.980411,1.036913,1.031906,1.031772,1.043646,1.029543,1.047680,1.045920,1.037017,1.027611,0.994312,0.960365,0.964397,0.977986,0.974093,0.997317,1.032725,0.995454,0.982412,1.029383
6.414100,1.039104,1.033643,1.035365,1.027752,1.030698,1.030783,1.030813,1.031142,1.042267,1.030869,1.030234,1.022489,1.030817,1.032795,1.038463,1.042003,1.043193,1.040546,1.043372,0.980339,1.036842,1.031835,1.031701,1.043575,1.029472,1.047609,1.045849,1.036947,1.027543,0.994232,0.960311,0.964342,0.977915,0.974019,0.997248,1.032653,0.995391,0.982348,1.029376
6.422430,1.039097,1.033571,1.035297,1.027691,1.030642,1.030727,1.030760,1.031091,1.042242,1.030811,1.030177,1.022431,1.030758,1.032734,1.038396,1.041933,1.043124,1.040478,1.043298,0.980267,1.036772,1.031765,1.031630,1.043505,1.029402,1.047539,1.045780,1.036879,1.027476,0.994154,0.960257,0.964287,0.977844,0.973946,0.997180,1.032583,0.995329,0.982285,1.029369
6.430760,1.039090,1.033501,1.035230,1.027631,1.030587,1.030672,1.030708,1.031040,1.042217,1.030753,1.030120,1.022372,1.030699,1.032673,1.038329,1.041864,1.043055,1.040409,1.043225,0.980196,1.036702,1.031695,1.031561,1.043435,1.029334,1.047470,1.045711,1.036812,1.027409,0.994078,0.960204,0.964233,0.977774,0.973873,0.997112,1.032513,0.995268,0.982222,1.029362
6.439090,1.039083,1.033432,1.035164,1.027572,1.030533,1.030618,1.030657,1.030990,1.042192,1.030696,1.030064,1.022316,1.030641,1.032613,1.038263,1.041796,1.042987,1.040343,1.043152,0.980126,1.036634,1.031627,1.031492,1.043367,1.029267,1.047403,1.045644,1.036746,1.027344,0.994004,0.960151,0.964181,0.977705,0.973802,0.997046,1.032445,0.995208,0.982161,1.029355
6.447420,1.039077,1.033365,1.035100,1.027513,1.030479,1.030565,1.030606,1.030941,1.042168,1.030640,1.030008,1.022259,1.030584,1.032553,1.038198,1.041729,1.042921,1.040277,1.043081,0.980057,1.036567,1.031559,1.031425,1.043300,1.029201,1.047337,1.045577,1.036680,1.027280,0.993932,0.960100,0.964128,0.977636,0.973731,0.996980,1.032377,0.995149,0.982101,1.029349
6.455750,1.039071,1.033300,1.035037,1.027456,1.030427,1.030513,1.030557,1.030893,1.042145,1.030585,1.029955,1.022205,1.030528,1.032496,1.038135,1.041663,1.042856,1.040213,1.043010,0.979989,1.036501,1.031493,1.031359,1.043234,1.029138,1.047272,1.045512,1.036617,1.027218,0.993863,0.960049,0.964078,0.977569,0.973662,0.996916,1.032311,0.995093,0.982042,1.029343
6.464080,1.039065,1.033235,1.034975,1.027400,1.030375,1.030461,1.030508,1.030845,1.042122,1.030531,1.029901,1.022150,1.030473,1.032438,1.038072,1.041598,1.042792,1.040149,1.042941,0.979922,1.036436,1.031428,1.031293,1.043168,1.029075,1.047208,1.045448,1.036554,1.027156,0.993795,0.960000,0.964027,0.977503,0.973594,0.996852,1.032246,0.995037,0.981983,1.029337
6.472410,1.039060,1.033174,1.034915,1.027345,1.030325,1.030411,1.030460,1.030799,1.042100,1.030478,1.029850,1.022098,1.030420,1.032383,1.038011,1.041535,1.042730,1.040088,1.042873,0.979856,1.036373,1.031364,1.031229,1.043105,1.029015,1.047147,1.045387,1.036494,1.027096,0.993731,0.959951,0.963978,0.977438,0.973527,0.996790,1.032182,0.994983,0.981927,1.029332
6.480740,1.039055,1.033113,1.034855,1.027291,1.030276,1.030361,1.030413,1.030754,1.042078,1.030426,1.029798,1.022045,1.030367,1.032328,1.037951,1.041472,1.042668,1.040027,1.042806,0.979791,1.036310,1.031301,1.031166,1.043042,1.028956,1.047086,1.045325,1.036434,1.027037,0.993668,0.959903,0.963930,0.977373,0.973460,0.996729,1.032120,0.994930,0.981871,1.029328
6.489070,1.039051,1.033055,1.034799,1.027239,1.030228,1.030314,1.030368,1.030710,1.042057,1.030376,1.029749,1.021995,1.030316,1.032275,1.037893,1.041412,1.042609,1.039969,1.042741,0.979728,1.036249,1.031240,1.031105,1.042981,1.028899,1.047028,1.045267,1.036376,1.026980,0.993609,0.959857,0.963883,0.977311,0.973396,0.996670,1.032059,0.994879,0.981818,1.029323
6.497400,1.039047,1.032998,1.034742,1.027187,1.030181,1.030266,1.030324,1.030666,1.042037,1.030327,1.029700,1.021945,1.030266,1.032223,1.037835,1.041352,1.042550,1.039911,1.042676,0.979665,1.036189,1.031180,1.031045,1.042921,1.028843,1.046970,1.045208,1.036319,1.026924,0.993550,0.959811,0.963837,0.977248,0.973332,0.996610,1.031999,0.994829,0.981765,1.029319
6.505730,1.039043,1.032944,1.034689,1.027138,1.030135,1.030221,1.030281,1.030625,1.042017,1.030279,1.029653,1.021898,1.030217,1.032172,1.037779,1.041294,1.042494,1.039856,1.042614,0.979605,1.036131,1.031122,1.030987,1.042863,1.028790,1.046915,1.045153,1.036264,1.026870,0.993496,0.959767,0.963793,0.977188,0.973270,0.996554,1.031942,0.994781,0.981714,1.029316
6.514060,1.039040,1.032891,1.034636,1.027088,1.030090,1.030176,1.030238,1.030583,1.041998,1.030232,1.029607,1.021850,1.030169,1.032122,1.037724,1.041237,1.042438,1.039801,1.042552,0.979545,1.036074,1.031064,1.030929,1.042805,1.028738,1.046860,1.045098,1.036211,1.026817,0.993443,0.959724,0.963749,0.977129,0.973209,0.996497,1.031885,0.994735,0.981664,1.029312
6.522390,1.039037,1.032841,1.034586,1.027042,1.030047,1.030133,1.030198,1.030544,1.041980,1.030187,1.029562,1.021805,1.030123,1.032074,1.037672,1.041183,1.042385,1.039749,1.042492,0.979487,1.036019,1.031009,1.030874,1.042750,1.028689,1.046809,1.045045,1.036159,1.026767,0.993393,0.959682,0.963707,0.977071,0.973150,0.996443,1.031830,0.994691,0.981616,1.029309
6.530720,1.039034,1.032792,1.034536,1.026995,1.030005,1.030091,1.030157,1.030505,1.041962,1.030142,1.029518,1.021760,1.030078,1.032027,1.037620,1.041128,1.042332,1.039697,1.042433,0.979429,1.035964,1.030954,1.030820,1.042696,1.028640,1.046758,1.044994,1.036109,1.026717,0.993345,0.959641,0.963665,0.977014,0.973091,0.996389,1.031776,0.994648,0.981569,1.029307
6.539050,1.039032,1.032746,1.034489,1.026951,1.029965,1.030050,1.030119,1.030468,1.041946,1.030099,1.029476,1.021718,1.030035,1.031982,1.037570,1.041077,1.042282,1.039649,1.042376,0.979374,1.035912,1.030902,1.030768,1.042644,1.028595,1.046709,1.044945,1.036061,1.026670,0.993300,0.959601,0.963626,0.976959,0.973035,0.996338,1.031725,0.994607,0.981525,1.029305
6.547380,1.039031,1.032702,1.034444,1.026908,1.029925,1.030011,1.030082,1.030432,1.041929,1.030058,1.029436,1.021676,1.029993,1.031939,1.037521,1.041027,1.042234,1.039601,1.042321,0.979321,1.035862,1.030851,1.030717,1.042593,1.028551,1.046663,1.044897,1.036015,1.026624,0.993258,0.959563,0.963587,0.976906,0.972980,0.996288,1.031675,0.994568,0.981482,1.029303
6.555710,1.039029,1.032660,1.034400,1.026867,1.029887,1.029973,1.030046,1.030397,1.041914,1.030018,1.029396,1.021636,1.029952,1.031896,1.037475,1.040978,1.042187,1.039556,1.042267,0.979268,1.035813,1.030802,1.030668,1.042544,1.028510,1.046618,1.044851,1.035970,1.026580,0.993219,0.959526,0.963550,0.976853,0.972927,0.996240,1.031627,0.994531,0.981440,1.029302
6.564040,1.039028,1.032620,1.034358,1.026827,1.029851,1.029936,1.030012,1.030364,1.041900,1.029980,1.029358,1.021598,1.029913,1.031856,1.037429,1.040931,1.042142,1.039512,1.042215,0.979218,1.035765,1.030754,1.030620,1.042496,1.028470,1.046575,1.044807,1.035928,1.026538,0.993182,0.959490,0.963514,0.976803,0.972875,0.996192,1.031581,0.994496,0.981401,1.029301
6.572370,1.039028,1.032582,1.034318,1.026788,1.029816,1.029901,1.029979,1.030331,1.041886,1.029942,1.029322,1.021560,1.029875,1.031816,1.037386,1.040886,1.042098,1.039470,1.042165,0.979168,1.035720,1.030708,1.030575,1.042450,1.028433,1.046534,1.044765,1.035887,1.026498,0.993148,0.959455,0.963480,0.976753,0.972825,0.996147,1.031536,0.994462,0.981363,1.029300
6.580700,1.039028,1.032546,1.034280,1.026751,1.029782,1.029867,1.029947,1.030300,1.041873,1.029907,1.029287,1.021524,1.029839,1.031778,1.037343,1.040842,1.042056,1.039429,1.042116,0.979121,1.035676,1.030663,1.030530,1.042406,1.028397,1.046495,1.044725,1.035848,1.026459,0.993116,0.959422,0.963446,0.976705,0.972776,0.996103,1.031493,0.994431,0.981326,1.029300
6.589030,1.039028,1.032512,1.034244,1.026716,1.029749,1.029835,1.029916,1.030270,1.041860,1.029872,1.029253,1.021490,1.029804,1.031742,1.037303,1.040800,1.042016,1.039391,1.042068,0.979074,1.035633,1.030621,1.030488,1.042363,1.028363,1.046457,1.044686,1.035810,1.026422,0.993086,0.959390,0.963414,0.976659,0.972729,0.996061,1.031452,0.994401,0.981291,1.029301
6.597360,1.039029,1.032480,1.034209,1.026682,1.029718,1.029803,1.029886,1.030242,1.041849,1.029839,1.029221,1.021457,1.029771,1.031707,1.037264,1.040759,1.041978,1.039354,1.042023,0.979030,1.035592,1.030579,1.030447,1.042322,1.028332,1.046422,1.044649,1.035775,1.026387,0.993059,0.959359,0.963384,0.976614,0.972683,0.996020,1.031412,0.994373,0.981258,1.029301
6.605690,1.039030,1.032450,1.034176,1.026649,1.029688,1.029773,1.029858,1.030214,1.041838,1.029808,1.029189,1.021425,1.029738,1.031674,1.037226,1.040720,1.041941,1.039318,1.041978,0.978986,1.035553,1.030540,1.030408,1.042283,1.028302,1.046388,1.044614,1.035741,1.026354,0.993034,0.959329,0.963354,0.976570,0.972639,0.995980,1.031374,0.994347,0.981226,1.029302
6.614020,1.039031,1.032422,1.034144,1.026618,1.029659,1.029744,1.029831,1.030188,1.041827,1.029777,1.029160,1.021395,1.029708,1.031641,1.037190,1.040683,1.041906,1.039284,1.041936,0.978945,1.035515,1.030501,1.030370,1.042245,1.028274,1.046355,1.044580,1.035708,1.026322,0.993012,0.959301,0.963326,0.976528,0.972596,0.995942,1.031337,0.994322,0.981196,1.029303
6.622350,1.039033,1.032395,1.034114,1.026588,1.029632,1.029717,1.029805,1.030163,1.041818,1.029748,1.029131,1.021366,1.029678,1.031611,1.037156,1.040647,1.041872,1.039252,1.041894,0.978904,1.035479,1.030465,1.030333,1.042208,1.028247,1.046325,1.044548,1.035678,1.026292,0.992991,0.959273,0.963299,0.976487,0.972555,0.995906,1.031303,0.994299,0.981168,1.029305
6.630680,1.039035,1.032371,1.034086,1.026559,1.029605,1.029691,1.029780,1.030139,1.041809,1.029721,1.029104,1.021338,1.029650,1.031581,1.037123,1.040612,1.041840,1.039222,1.041855,0.978865,1.035444,1.030430,1.030299,1.042173,1.028223,1.046296,1.044518,1.035649,1.026263,0.992973,0.959247,0.963273,0.976448,0.972515,0.995870,1.031269,0.994277,0.981141,1.029307
6.639010,1.039037,1.032348,1.034059,1.026532,1.029580,1.029666,1.029757,1.030116,1.041800,1.029694,1.029078,1.021311,1.029623,1.031553,1.037091,1.040579,1.041810,1.039192,1.041816,0.978828,1.035410,1.030396,1.030265,1.042140,1.028200,1.046269,1.044489,1.035621,1.026236,0.992956,0.959222,0.963249,0.976409,0.972477,0.995837,1.031237,0.994258,0.981115,1.029309
6.647340,1.039039,1.032327,1.034034,1.026506,1.029556,1.029642,1.029734,1.030095,1.041792,1.029669,1.029053,1.021286,1.029597,1.031526,1.037061,1.040548,1.041781,1.039165,1.041779,0.978791,1.035378,1.030364,1.030233,1.042108,1.028178,1.046243,1.044462,1.035595,1.026211,0.992942,0.959198,0.963225,0.976372,0.972440,0.995804,1.031207,0.994239,0.981091,1.029312
6.655670,1.039042,1.032307,1.034010,1.026482,1.029534,1.029619,1.029713,1.030074,1.041785,1.029645,1.029029,1.021262,1.029573,1.031501,1.037032,1.040518,1.041753,1.039139,1.041744,0.978756,1.035348,1.030333,1.030203,1.042077,1.028159,1.046219,1.044436,1.035571,1.026187,0.992929,0.959174,0.963203,0.976337,0.972404,0.995773,1.031178,0.994223,0.981068,1.029315
6.664000,1.039045,1.032289,1.033988,1.026458,1.029512,1.029597,1.029693,1.030054,1.041779,1.029622,1.029007,1.021239,1.029549,1.031476,1.037004,1.040489,1.041727,1.039114,1.041710,0.978723,1.035319,1.030303,1.030174,1.042048,1.028141,1.046196,1.044412,1.035548,1.026164,0.992919,0.959152,0.963182,0.976302,0.972369,0.995743,1.031151,0.994207,0.981046,1.029318
6.672330,1.039049,1.032273,1.033967,1.026436,1.029491,1.029576,1.029673,1.030036,1.041773,1.029600,1.028985,1.021217,1.029527,1.031453,1.036978,1.040461,1.041702,1.039090,1.041677,0.978690,1.035291,1.030275,1.030146,1.042020,1.028124,1.046174,1.044389,1.035526,1.026142,0.992910,0.959131,0.963161,0.976269,0.972336,0.995715,1.031125,0.994193,0.981026,1.029321
6.680660,1.039053,1.032258,1.033947,1.026415,1.029472,1.029557,1.029655,1.030018,1.041767,1.029579,1.028965,1.021196,1.029506,1.031431,1.036952,1.040435,1.041678,1.039068,1.041645,0.978659,1.035264,1.030248,1.030119,1.041993,1.028109,1.046155,1.044367,1.035506,1.026122,0.992902,0.959111,0.963142,0.976236,0.972304,0.995687,1.031100,0.994181,0.981007,1.029325
6.688990,1.039057,1.032244,1.033928,1.026395,1.029453,1.029538,1.029638,1.030001,1.041762,1.029560,1.028946,1.021177,1.029486,1.031410,1.036929,1.040410,1.041656,1.039047,1.041615,0.978629,1.035239,1.030222,1.030094,1.041967,1.028095,1.046136,1.044347,1.035487,1.026104,0.992896,0.959092,0.963124,0.976205,0.972273,0.995661,1.031076,0.994169,0.980989,1.029329
6.697320,1.039061,1.032232,1.033911,1.026376,1.029436,1.029521,1.029621,1.029985,1.041758,1.029541,1.028927,1.021158,1.029467,1.031391,1.036906,1.040386,1.041634,1.039028,1.041585,0.978600,1.035214,1.030197,1.030070,1.041943,1.028083,1.046118,1.044327,1.035469,1.026086,0.992892,0.959074,0.963107,0.976175,0.972244,0.995636,1.031054,0.994159,0.980972,1.029333
6.705650,1.039065,1.032221,1.033895,1.026358,1.029419,1.029504,1.029606,1.029970,1.041754,1.029524,1.028910,1.021140,1.029449,1.031372,1.036884,1.040363,1.041614,1.039009,1.041557,0.978572,1.035191,1.030174,1.030047,1.041920,1.028071,1.046102,1.044309,1.035452,1.026070,0.992889,0.959056,0.963090,0.976146,0.972215,0.995612,1.031033,0.994151,0.980956,1.029338
6.713980,1.039070,1.032211,1.033880,1.026341,1.029404,1.029488,1.029591,1.029956,1.041751,1.029507,1.028893,1.021124,1.029432,1.031354,1.036863,1.040342,1.041596,1.038992,1.041530,0.978546,1.035169,1.030152,1.030025,1.041898,1.028061,1.046087,1.044293,1.035437,1.026055,0.992888,0.959040,0.963075,0.976118,0.972188,0.995589,1.031013,0.994143,0.980942,1.029342
6.722310,1.039075,1.032202,1.033866,1.026325,1.029389,1.029473,1.029577,1.029943,1.041748,1.029491,1.028878,1.021108,1.029416,1.031337,1.036844,1.040321,1.041578,1.038975,1.041504,0.978520,1.035149,1.030130,1.030004,1.041877,1.028052,1.046073,1.044277,1.035422,1.026040,0.992887,0.959024,0.963060,0.976091,0.972162,0.995567,1.030994,0.994136,0.980928,1.029347
6.730640,1.039080,1.032195,1.033853,1.026310,1.029375,1.029459,1.029564,1.029930,1.041745,1.029476,1.028863,1.021093,1.029401,1.031321,1.036825,1.040302,1.041561,1.038960,1.041479,0.978495,1.035129,1.030110,1.029985,1.041857,1.028045,1.046060,1.044262,1.035409,1.026027,0.992888,0.959009,0.963046,0.976064,0.972136,0.995547,1.030976,0.994131,0.980916,1.029352
6.738970,1.039085,1.032188,1.033841,1.026295,1.029361,1.029446,1.029552,1.029918,1.041743,1.029462,1.028849,1.021078,1.029386,1.031306,1.036807,1.040283,1.041545,1.038945,1.041455,0.978471,1.035110,1.030091,1.029966,1.041838,1.028038,1.046048,1.044248,1.035396,1.026015,0.992890,0.958995,0.963033,0.976039,0.972112,0.995527,1.030959,0.994126,0.980904,1.029357
6.747300,1.039091,1.032182,1.033830,1.026282,1.029349,1.029433,1.029540,1.029907,1.041741,1.029449,1.028836,1.021065,1.029373,1.031292,1.036791,1.040265,1.041530,1.038932,1.041432,0.978448,1.035092,1.030072,1.029948,1.041820,1.028032,1.046037,1.044235,1.035385,1.026003,0.992893,0.958981,0.963021,0.976014,0.972088,0.995508,1.030943,0.994122,0.980893,1.029363
6.755630,1.039096,1.032178,1.033820,1.026269,1.029337,1.029421,1.029529,1.029897,1.041740,1.029436,1.028824,1.021052,1.029360,1.031278,1.036775,1.040249,1.041516,1.038919,1.041410,0.978426,1.035074,1.030055,1.029931,1.041802,1.028027,1.046027,1.044223,1.035374,1.025993,0.992897,0.958968,0.963009,0.975990,0.972065,0.995489,1.030928,0.994120,0.980883,1.029368
6.763960,1.039102,1.032173,1.033810,1.026257,1.029326,1.029410,1.029519,1.029887,1.041739,1.029424,1.028812,1.021040,1.029348,1.031265,1.036759,1.040233,1.041502,1.038907,1.041388,0.978405,1.035058,1.030038,1.029915,1.041786,1.028023,1.046018,1.044212,1.035364,1.025983,0.992901,0.958956,0.962998,0.975967,0.972043,0.995472,1.030914,0.994117,0.980873,1.029374
6.772290,1.039108,1.032170,1.033802,1.026246,1.029316,1.029399,1.029509,1.029877,1.041738,1.029413,1.028801,1.021029,1.029336,1.031253,1.036745,1.040217,1.041490,1.038896,1.041367,0.978384,1.035042,1.030022,1.029899,1.041770,1.028019,1.046009,1.044202,1.035355,1.025974,0.992906,0.958944,0.962987,0.975945,0.972022,0.995455,1.030901,0.994116,0.980864,1.029380
6.780620,1.039114,1.032168,1.033794,1.026236,1.029306,1.029389,1.029500,1.029869,1.041738,1.029402,1.028790,1.021018,1.029325,1.031242,1.036731,1.040203,1.041478,1.038886,1.041347,0.978364,1.035027,1.030007,1.029885,1.041755,1.028017,1.046001,1.044192,1.035347,1.025965,0.992912,0.958932,0.962977,0.975923,0.972001,0.995439,1.030888,0.994115,0.980856,1.029386
6.788950,1.039120,1.032166,1.033786,1.026225,1.029296,1.029380,1.029491,1.029860,1.041737,1.029392,1.028780,1.021008,1.029315,1.031231,1.036718,1.040189,1.041467,1.038876,1.041327,0.978345,1.035013,1.029992,1.029871,1.041741,1.028014,1.045994,1.044183,1.035339,1.025957,0.992919,0.958921,0.962968,0.975901,0.971981,0.995424,1.030876,0.994115,0.980848,1.029392
6.797280,1.039126,1.032164,1.033779,1.026216,1.029287,1.029371,1.029483,1.029852,1.041737,1.029382,1.028771,1.020998,1.029305,1.031221,1.036705,1.040175,1.041456,1.038867,1.041308,0.978326,1.034999,1.029978,1.029857,1.041727,1.028013,1.045987,1.044174,1.035331,1.025950,0.992926,0.958911,0.962959,0.975881,0.971962,0.995409,1.030864,0.994116,0.980841,1.029398
6.805610,1.039133,1.032163,1.033773,1.026207,1.029279,1.029362,1.029475,1.029845,1.041738,1.029373,1.028762,1.020989,1.029296,1.031211,1.036693,1.040162,1.041446,1.038858,1.041290,0.978307,1.034986,1.029965,1.029844,1.041714,1.028012,1.045981,1.044166,1.035325,1.025943,0.992933,0.958901,0.962950,0.975860,0.971943,0.995394,1.030853,0.994117,0.980834,1.029404
6.813940,1.039139,1.032163,1.033767,1.026198,1.029271,1.029354,1.029468,1.029838,1.041738,1.029364,1.028753,1.020980,1.029287,1.031201,1.036681,1.040150,1.041436,1.038850,1.041272,0.978290,1.034973,1.029952,1.029832,1.041701,1.028011,1.045975,1.044158,1.035318,1.025937,0.992941,0.958891,0.962942,0.975840,0.971925,0.995381,1.030843,0.994118,0.980827,1.029411
6.822270,1.039146,1.032163,1.033761,1.026190,1.029263,1.029346,1.029461,1.029831,1.041739,1.029356,1.028745,1.020972,1.029278,1.031192,1.036670,1.040138,1.041427,1.038842,1.041255,0.978272,1.034961,1.029939,1.029820,1.041689,1.028011,1.045970,1.044151,1.035312,1.025931,0.992949,0.958882,0.962934,0.975821,0.971907,0.995367,1.030832,0.994120,0.980821,1.029417
6.830600,1.039152,1.032162,1.033756,1.026182,1.029256,1.029338,1.029454,1.029825,1.041740,1.029348,1.028737,1.020964,1.029270,1.031184,1.036659,1.040126,1.041417,1.038834,1.041237,0.978255,1.034949,1.029927,1.029808,1.041677,1.028010,1.045965,1.044144,1.035306,1.025925,0.992957,0.958873,0.962927,0.975801,0.971889,0.995354,1.030823,0.994122,0.980815,1.029424
6.838930,1.039159,1.032163,1.033751,1.026175,1.029249,1.029331,1.029447,1.029819,1.041741,1.029340,1.028730,1.020956,1.029262,1.031175,1.036649,1.040115,1.041409,1.038827,1.041221,0.978238,1.034938,1.029915,1.029797,1.041666,1.028011,1.045960,1.044138,1.035301,1.025919,0.992965,0.958864,0.962920,0.975782,0.971872,0.995341,1.030813,0.994124,0.980810,1.029430
6.847260,1.039166,1.032163,1.033746,1.026168,1.029242,1.029324,1.029441,1.029813,1.041742,1.029332,1.028722,1.020949,1.029254,1.031167,1.036638,1.040104,1.041400,1.038820,1.041204,0.978222,1.034926,1.029903,1.029786,1.041654,1.028011,1.045955,1.044131,1.035295,1.025914,0.992974,0.958856,0.962912,0.975763,0.971855,0.995329,1.030804,0.994127,0.980804,1.029437
6.855590,1.039172,1.032164,1.033742,1.026161,1.029235,1.029318,1.029435,1.029807,1.041743,1.029325,1.028715,1.020941,1.029247,1.031159,1.036629,1.040094,1.041392,1.038813,1.041188,0.978206,1.034915,1.029892,1.029775,1.041644,1.028012,1.045951,1.044125,1.035290,1.025909,0.992982,0.958847,0.962906,0.975745,0.971838,0.995317,1.030795,0.994130,0.980799,1.029444
6.863920,1.039179,1.032165,1.033738,1.026154,1.029229,1.029311,1.029429,1.029802,1.041745,1.029318,1.028709,1.020934,1.029240,1.031152,1.036619,1.040083,1.041385,1.038807,1.041172,0.978190,1.034905,1.029881,1.029765,1.041633,1.028012,1.045947,1.044119,1.035285,1.025904,0.992991,0.958839,0.962899,0.975727,0.971822,0.995305,1.030787,0.994133,0.980794,1.029450
6.872250,1.039186,1.032166,1.033733,1.026147,1.029223,1.029305,1.029424,1.029797,1.041746,1.029312,1.028702,1.020928,1.029233,1.031145,1.036609,1.040073,1.041377,1.038800,1.041156,0.978174,1.034894,1.029870,1.029755,1.041623,1.028013,1.045943,1.044114,1.035280,1.025899,0.992999,0.958831,0.962893,0.975709,0.971805,0.995294,1.030779,0.994136,0.980788,1.029457
6.880580,1.039193,1.032167,1.033729,1.026141,1.029217,1.029299,1.029418,1.029791,1.041748,1.029305,1.028695,1.020921,1.029226,1.031137,1.036600,1.040063,1.041369,1.038794,1.041141,0.978159,1.034884,1.029860,1.029745,1.041612,1.028014,1.045939,1.044108,1.035276,1.025894,0.993007,0.958824,0.962887,0.975691,0.971789,0.995282,1.030770,0.994139,0.980783,1.029464
6.888910,1.039200,1.032167,1.033725,1.026135,1.029211,1.029293,1.029413,1.029786,1.041749,1.029298,1.028689,1.020914,1.029219,1.031130,1.036591,1.040053,1.041362,1.038788,1.041125,0.978143,1.034874,1.029849,1.029735,1.041602,1.028015,1.045935,1.044102,1.035271,1.025889,0.993015,0.958816,0.962881,0.975673,0.971773,0.995271,1.030762,0.994142,0.980778,1.029471
6.897240,1.039207,1.032168,1.033721,1.026129,1.029205,1.029287,1.029408,1.029781,1.041751,1.029292,1.028683,1.020908,1.029213,1.031123,1.036582,1.040043,1.041354,1.038782,1.041109,0.978128,1.034863,1.029839,1.029725,1.041592,1.028016,1.045931,1.044097,1.035266,1.025884,0.993023,0.958808,0.962875,0.975655,0.971758,0.995260,1.030754,0.994145,0.980773,1.029477
6.905570,1.039213,1.032169,1.033717,1.026122,1.029199,1.029281,1.029402,1.029777,1.041753,1.029285,1.028676,1.020901,1.029206,1.031116,1.036572,1.040033,1.041347,1.038775,1.041094,0.978113,1.034853,1.029828,1.029715,1.041582,1.028016,1.045926,1.044091,1.035261,1.025879,0.993030,0.958801,0.962868,0.975637,0.971742,0.995248,1.030746,0.994148,0.980767,1.029484
6.913900,1.039220,1.032169,1.033713,1.026116,1.029193,1.029275,1.029397,1.029772,1.041755,1.029279,1.028670,1.020895,1.029199,1.031109,1.036563,1.040023,1.041339,1.038769,1.041078,0.978097,1.034843,1.029818,1.029705,1.041572,1.028017,1.045922,1.044085,1.035256,1.025873,0.993037,0.958793,0.962862,0.975619,0.971726,0.995237,1.030738,0.994151,0.980762,1.029491
6.922230,1.039227,1.032169,1.033709,1.026110,1.029187,1.029269,1.029392,1.029767,1.041756,1.029272,1.028664,1.020888,1.029193,1.031102,1.036554,1.040013,1.041331,1.038763,1.041063,0.978082,1.034833,1.029807,1.029695,1.041562,1.028017,1.045918,1.044079,1.035251,1.025868,0.993044,0.958785,0.962856,0.975601,0.971710,0.995226,1.030729,0.994153,0.980756,1.029498
6.930560,1.039234,1.032169,1.033704,1.026104,1.029182,1.029263,1.029387,1.029762,1.041758,1.029266,1.028657,1.020882,1.029186,1.031095,1.036545,1.040003,1.041324,1.038756,1.041047,0.978066,1.034823,1.029797,1.029685,1.041552,1.028017,1.045913,1.044073,1.035245,1.025862,0.993050,0.958778,0.962850,0.975582,0.971694,0.995215,1.030721,0.994156,0.980750,1.029504
6.938890,1.039241,1.032169,1.033700,1.026098,1.029176,1.029257,1.029381,1.029757,1.041760,1.029259,1.028651,1.020875,1.029179,1.031088,1.036536,1.039993,1.041316,1.038750,1.041032,0.978051,1.034812,1.029786,1.029675,1.041541,1.028017,1.045909,1.044067,1.035240,1.025856,0.993055,0.958770,0.962844,0.975564,0.971678,0.995203,1.030713,0.994158,0.980744,1.029511
6.947220,1.039247,1.032168,1.033695,1.026091,1.029170,1.029251,1.029376,1.029752,1.041761,1.029253,1.028645,1.020869,1.029173,1.031081,1.036526,1.039983,1.041308,1.038743,1.041016,0.978035,1.034802,1.029776,1.029665,1.041531,1.028016,1.045904,1.044061,1.035234,1.025850,0.993061,0.958762,0.962838,0.975546,0.971662,0.995192,1.030704,0.994160,0.980738,1.029518
6.955550,1.039254,1.032167,1.033690,1.026085,1.029164,1.029245,1.029371,1.029747,1.041763,1.029246,1.028638,1.020862,1.029166,1.031073,1.036517,1.039973,1.041299,1.038736,1.041000,0.978020,1.034791,1.029765,1.029654,1.041520,1.028016,1.045898,1.044054,1.035228,1.025844,0.993066,0.958754,0.962832,0.975527,0.971646,0.995180,1.030695,0.994162,0.980731,1.029524
6.963880,1.039261,1.032166,1.033685,1.026078,1.029158,1.029238,1.029365,1.029742,1.041764,1.029239,1.028631,1.020855,1.029159,1.031066,1.036507,1.039962,1.041291,1.038729,1.040984,0.978004,1.034780,1.029754,1.029644,1.041510,1.028015,1.045893,1.044047,1.035221,1.025837,0.993070,0.958746,0.962825,0.975509,0.971629,0.995169,1.030686,0.994164,0.980724,1.029531
6.972210,1.039267,1.032165,1.033680,1.026072,1.029151,1.029232,1.029360,1.029736,1.041766,1.029232,1.028625,1.020848,1.029152,1.031058,1.036497,1.039951,1.041283,1.038722,1.040967,0.977988,1.034769,1.029743,1.029633,1.041499,1.028013,1.045887,1.044040,1.035215,1.025830,0.993074,0.958738,0.962819,0.975490,0.971613,0.995157,1.030677,0.994165,0.980717,1.029537
6.980540,1.039274,1.032163,1.033674,1.026065,1.029145,1.029225,1.029354,1.029731,1.041767,1.029225,1.028618,1.020841,1.029144,1.031051,1.036487,1.039941,1.041274,1.038714,1.040951,0.977971,1.034758,1.029731,1.029622,1.041488,1.028011,1.045881,1.044033,1.035207,1.025823,0.993077,0.958730,0.962812,0.975471,0.971596,0.995145,1.030668,0.994166,0.980709,1.029544
6.988870,1.039280,1.032160,1.033668,1.026058,1.029139,1.029219,1.029348,1.029726,1.041769,1.029218,1.028611,1.020834,1.029137,1.031043,1.036477,1.039929,1.041265,1.038706,1.040934,0.977955,1.034747,1.029720,1.029611,1.041477,1.028009,1.045875,1.044025,1.035200,1.025815,0.993080,0.958722,0.962805,0.975451,0.971579,0.995133,1.030658,0.994167,0.980701,1.029550
6.997200,1.039287,1.032158,1.033662,1.026051,1.029132,1.029212,1.029342,1.029720,1.041770,1.029211,1.028604,1.020826,1.029130,1.031035,1.036467,1.039918,1.041255,1.038698,1.040917,0.977938,1.034735,1.029708,1.029600,1.041465,1.028007,1.045868,1.044017,1.035192,1.025807,0.993082,0.958714,0.962798,0.975432,0.971562,0.995120,1.030648,0.994167,0.980693,1.029557
7.005530,1.039293,1.032155,1.033656,1.026043,1.029125,1.029205,1.029336,1.029714,1.041771,1.029203,1.028596,1.020819,1.029122,1.031027,1.036456,1.039907,1.041246,1.038690,1.040900,0.977922,1.034723,1.029696,1.029588,1.041454,1.028004,1.045861,1.044009,1.035184,1.025799,0.993084,0.958705,0.962791,0.975412,0.971545,0.995108,1.030638,0.994167,0.980684,1.029563
7.013860,1.039299,1.032152,1.033649,1.026036,1.029118,1.029198,1.029330,1.029708,1.041772,1.029195,1.028589,1.020811,1.029114,1.031018,1.036445,1.039895,1.041236,1.038681,1.040882,0.977905,1.034711,1.029684,1.029576,1.041442,1.028001,1.045854,1.044001,1.035176,1.025790,0.993085,0.958696,0.962784,0.975392,0.971527,0.995095,1.030627,0.994166,0.980675,1.029569
7.022190,1.039305,1.032148,1.033642,1.026028,1.029111,1.029191,1.029323,1.029702,1.041773,1.029188,1.028581,1.020803,1.029106,1.031010,1.036434,1.039883,1.041226,1.038673,1.040865,0.977887,1.034699,1.029671,1.029564,1.041430,1.027998,1.045846,1.043992,1.035167,1.025781,0.993086,0.958688,0.962777,0.975372,0.971509,0.995082,1.030617,0.994166,0.980665,1.029575
7.030520,1.039311,1.032144,1.033635,1.026020,1.029104,1.029184,1.029317,1.029696,1.041774,1.029180,1.028573,1.020795,1.029098,1.031001,1.036423,1.039870,1.041216,1.038663,1.040847,0.977870,1.034687,1.029658,1.029552,1.041418,1.027994,1.045838,1.043983,1.035158,1.025772,0.993086,0.958679,0.962769,0.975351,0.971491,0.995069,1.030606,0.994165,0.980655,1.029581
7.038850,1.039318,1.032140,1.033628,1.026012,1.029097,1.029176,1.029310,1.029690,1.041775,1.029171,1.028565,1.020787,1.029089,1.030992,1.036411,1.039858,1.041205,1.038654,1.040829,0.977852,1.034674,1.029646,1.029539,1.041405,1.027990,1.045830,1.043973,1.035148,1.025762,0.993085,0.958670,0.962762,0.975331,0.971473,0.995056,1.030594,0.994163,0.980645,1.029587
7.047180,1.039323,1.032135,1.033620,1.026004,1.029089,1.029168,1.029303,1.029684,1.041776,1.029163,1.028557,1.020779,1.029081,1.030983,1.036400,1.039845,1.041194,1.038644,1.040810,0.977834,1.034661,1.029632,1.029527,1.041392,1.027985,1.045821,1.043964,1.035138,1.025752,0.993085,0.958660,0.962754,0.975310,0.971455,0.995042,1.030583,0.994162,0.980634,1.029593
7.055510,1.039329,1.032130,1.033613,1.025996,1.029081,1.029161,1.029296,1.029677,1.041777,1.029154,1.028549,1.020770,1.029072,1.030974,1.036388,1.039832,1.041183,1.038635,1.040792,0.977816,1.034648,1.029619,1.029514,1.041379,1.027980,1.045812,1.043954,1.035128,1.025741,0.993084,0.958651,0.962746,0.975289,0.971436,0.995028,1.030571,0.994160,0.980624,1.029599
7.063840,1.039335,1.032124,1.033604,1.025987,1.029074,1.029153,1.029289,1.029670,1.041777,1.029146,1.028540,1.020762,1.029063,1.030964,1.036376,1.039819,1.041172,1.038625,1.040773,0.977798,1.034635,1.029605,1.029500,1.041366,1.027975,1.045803,1.043944,1.035118,1.025730,0.993082,0.958642,0.962738,0.975267,0.971417,0.995014,1.030559,0.994157,0.980612,1.029605
7.072170,1.039341,1.032119,1.033596,1.025978,1.029066,1.029145,1.029282,1.029664,1.041778,1.029137,1.028532,1.020753,1.029054,1.030955,1.036364,1.039806,1.041161,1.038614,1.040754,0.977779,1.034621,1.029592,1.029487,1.041353,1.027970,1.045793,1.043933,1.035107,1.025719,0.993080,0.958632,0.962729,0.975246,0.971398,0.995000,1.030547,0.994155,0.980601,1.029611
7.080500,1.039347,1.032113,1.033588,1.025970,1.029058,1.029136,1.029275,1.029657,1.041778,1.029128,1.028523,1.020744,1.029045,1.030945,1.036351,1.039792,1.041149,1.038604,1.040734,0.977760,1.034607,1.029578,1.029473,1.041339,1.027964,1.045784,1.043923,1.035096,1.025708,0.993078,0.958623,0.962721,0.975224,0.971379,0.994986,1.030534,0.994152,0.980589,1.029616
7.088830,1.039352,1.032107,1.033579,1.025961,1.029049,1.029128,1.029267,1.029650,1.041779,1.029119,1.028514,1.020735,1.029036,1.030935,1.036339,1.039779,1.041137,1.038593,1.040715,0.977742,1.034593,1.029564,1.029460,1.041325,1.027958,1.045774,1.043912,1.035084,1.025696,0.993075,0.958613,0.962713,0.975202,0.971359,0.994971,1.030521,0.994149,0.980576,1.029622
7.097160,1.039358,1.032101,1.033570,1.025952,1.029041,1.029120,1.029260,1.029643,1.041779,1.029110,1.028506,1.020726,1.029026,1.030925,1.036326,1.039765,1.041125,1.038582,1.040695,0.977723,1.034579,1.029549,1.029446,1.041312,1.027951,1.045763,1.043901,1.035073,1.025684,0.993072,0.958603,0.962704,0.975180,0.971340,0.994956,1.030508,0.994145,0.980564,1.029627
7.105490,1.039364,1.032094,1.033561,1.025942,1.029033,1.029111,1.029252,1.029636,1.041779,1.029101,1.028497,1.020716,1.029017,1.030915,1.036313,1.039751,1.041113,1.038571,1.040676,0.977703,1.034565,1.029535,1.029431,1.041298,1.027945,1.045753,1.043889,1.035061,1.025671,0.993069,0.958593,0.962695,0.975158,0.971320,0.994942,1.030495,0.994142,0.980551,1.029633
7.113820,1.039369,1.032087,1.033552,1.025933,1.029024,1.029103,1.029245,1.029629,1.041780,1.029092,1.028488,1.020707,1.029007,1.030905,1.036300,1.039737,1.041100,1.038560,1.040656,0.977684,1.034551,1.029520,1.029417,1.041283,1.027938,1.045742,1.043878,1.035049,1.025659,0.993066,0.958583,0.962687,0.975135,0.971300,0.994927,1.030482,0.994138,0.980538,1.029638
7.122150,1.039374,1.032081,1.033543,1.025924,1.029016,1.029094,1.029237,1.029621,1.041780,1.029082,1.028479,1.020698,1.028998,1.030895,1.036287,1.039723,1.041088,1.038549,1.040636,0.977665,1.034536,1.029506,1.029403,1.041269,1.027932,1.045731,1.043866,1.035036,1.025646,0.993062,0.958573,0.962678,0.975113,0.971280,0.994912,1.030469,0.994134,0.980525,1.029644
7.130480,1.039380,1.032074,1.033534,1.025915,1.029008,1.029086,1.029229,1.029614,1.041780,1.029073,1.028469,1.020688,1.028988,1.030884,1.036274,1.039708,1.041075,1.038538,1.040616,0.977645,1.034522,1.029491,1.029389,1.041255,1.027925,1.045720,1.043855,1.035024,1.025633,0.993058,0.958563,0.962669,0.975090,0.971260,0.994897,1.030455,0.994130,0.980511,1.029649
7.138810,1.039385,1.032067,1.033525,1.025905,1.028999,1.029077,1.029222,1.029607,1.041780,1.029063,1.028460,1.020679,1.028979,1.030874,1.036261,1.039694,1.041063,1.038527,1.040596,0.977626,1.034507,1.029476,1.029374,1.041241,1.027918,1.045709,1.043843,1.035011,1.025620,0.993054,0.958554,0.962660,0.975067,0.971240,0.994882,1.030442,0.994125,0.980498,1.029654
7.147140,1.039390,1.032060,1.033515,1.025896,1.028991,1.029069,1.029214,1.029600,1.041780,1.029054,1.028451,1.020670,1.028969,1.030864,1.036248,1.039680,1.041050,1.038515,1.040576,0.977606,1.034493,1.029461,1.029360,1.041226,1.027911,1.045698,1.043831,1.034998,1.025607,0.993051,0.958544,0.962652,0.975045,0.971220,0.994867,1.030428,0.994121,0.980484,1.029659
7.155470,1.039395,1.032053,1.033506,1.025887,1.028982,1.029060,1.029206,1.029592,1.041781,1.029045,1.028442,1.020660,1.028959,1.030854,1.036235,1.039665,1.041038,1.038504,1.040555,0.977587,1.034478,1.029447,1.029345,1.041212,1.027903,1.045687,1.043819,1.034986,1.025594,0.993047,0.958534,0.962643,0.975022,0.971200,0.994852,1.030415,0.994117,0.980470,1.029664
7.163800,1.039401,1.032046,1.033497,1.025878,1.028974,1.029052,1.029199,1.029585,1.041781,1.029036,1.028433,1.020651,1.028950,1.030844,1.036222,1.039651,1.041025,1.038493,1.040535,0.977567,1.034464,1.029432,1.029331,1.041197,1.027896,1.045676,1.043808,1.034973,1.025581,0.993043,0.958524,0.962634,0.975000,0.971180,0.994837,1.030401,0.994112,0.980456,1.029670
7.172130,1.039406,1.032039,1.033488,1.025868,1.028966,1.029043,1.029191,1.029578,1.041781,1.029026,1.028424,1.020642,1.028941,1.030833,1.036209,1.039637,1.041013,1.038482,1.040515,0.977548,1.034449,1.029417,1.029317,1.041183,1.027889,1.045665,1.043796,1.034960,1.025567,0.993040,0.958515,0.962626,0.974977,0.971160,0.994822,1.030388,0.994108,0.980443,1.029675
7.180460,1.039411,1.032032,1.033479,1.025859,1.028958,1.029035,1.029184,1.029571,1.041781,1.029017,1.028415,1.020633,1.028931,1.030824,1.036196,1.039623,1.041001,1.038471,1.040495,0.977528,1.034435,1.029403,1.029302,1.041169,1.027882,1.045654,1.043784,1.034947,1.025554,0.993036,0.958505,0.962617,0.974954,0.971141,0.994807,1.030375,0.994104,0.980429,1.029680
7.188790,1.039416,1.032026,1.033470,1.025851,1.028949,1.029027,1.029177,1.029564,1.041781,1.029008,1.028407,1.020624,1.028922,1.030814,1.036183,1.039609,1.040988,1.038460,1.040476,0.977509,1.034421,1.029388,1.029288,1.041155,1.027876,1.045643,1.043773,1.034935,1.025541,0.993033,0.958496,0.962609,0.974932,0.971121,0.994792,1.030361,0.994100,0.980415,1.029685
7.197120,1.039421,1.032019,1.033462,1.025842,1.028942,1.029019,1.029170,1.029558,1.041782,1.029000,1.028398,1.020615,1.028913,1.030804,1.036171,1.039595,1.040976,1.038449,1.040456,0.977490,1.034407,1.029374,1.029274,1.041141,1.027869,1.045632,1.043762,1.034922,1.025528,0.993030,0.958486,0.962600,0.974910,0.971101,0.994777,1.030348,0.994095,0.980401,1.029690
7.205450,1.039426,1.032013,1.033453,1.025833,1.028934,1.029011,1.029163,1.029551,1.041782,1.028991,1.028390,1.020607,1.028904,1.030795,1.036159,1.039581,1.040964,1.038439,1.040437,0.977471,1.034393,1.029360,1.029260,1.041127,1.027863,1.045622,1.043751,1.034910,1.025515,0.993027,0.958477,0.962592,0.974888,0.971082,0.994763,1.030335,0.994091,0.980388,1.029694
7.213780,1.039431,1.032008,1.033445,1.025825,1.028926,1.029004,1.029156,1.029545,1.041783,1.028983,1.028382,1.020598,1.028896,1.030785,1.036147,1.039568,1.040953,1.038428,1.040417,0.977453,1.034379,1.029346,1.029247,1.041114,1.027857,1.045612,1.043740,1.034898,1.025502,0.993025,0.958469,0.962585,0.974866,0.971063,0.994749,1.030323,0.994088,0.980374,1.029699
7.222110,1.039435,1.032002,1.033437,1.025817,1.028919,1.028996,1.029149,1.029539,1.041783,1.028975,1.028374,1.020590,1.028887,1.030776,1.036135,1.039555,1.040942,1.038418,1.040398,0.977434,1.034366,1.029333,1.029234,1.041101,1.027851,1.045602,1.043729,1.034886,1.025490,0.993023,0.958460,0.962577,0.974844,0.971044,0.994735,1.030310,0.994084,0.980361,1.029704
7.230440,1.039440,1.031997,1.033430,1.025809,1.028912,1.028989,1.029143,1.029533,1.041784,1.028967,1.028366,1.020582,1.028879,1.030768,1.036123,1.039542,1.040931,1.038409,1.040380,0.977416,1.034353,1.029319,1.029221,1.041088,1.027845,1.045592,1.043719,1.034874,1.025478,0.993021,0.958452,0.962570,0.974823,0.971025,0.994721,1.030298,0.994081,0.980348,1.029709
7.238770,1.039445,1.031993,1.033423,1.025802,1.028905,1.028982,1.029137,1.029527,1.041784,1.028959,1.028359,1.020575,1.028871,1.030759,1.036112,1.039530,1.040920,1.038399,1.040361,0.977398,1.034340,1.029306,1.029208,1.041075,1.027840,1.045583,1.043709,1.034863,1.025466,0.993021,0.958444,0.962562,0.974802,0.971007,0.994708,1.030287,0.994078,0.980336,1.029714
7.247100,1.039450,1.031988,1.033416,1.025795,1.028899,1.028976,1.029131,1.029522,1.041785,1.028952,1.028352,1.020567,1.028864,1.030751,1.036101,1.039518,1.040910,1.038391,1.040343,0.977381,1.034328,1.029294,1.029196,1.041063,1.027835,1.045574,1.043699,1.034852,1.025454,0.993020,0.958436,0.962556,0.974781,0.970989,0.994695,1.030275,0.994076,0.980323,1.029719
7.255430,1.039455,1.031985,1.033410,1.025788,1.028893,1.028970,1.029126,1.029517,1.041786,1.028945,1.028345,1.020561,1.028857,1.030744,1.036091,1.039506,1.040900,1.038382,1.040326,0.977364,1.034316,1.029282,1.029184,1.041051,1.027831,1.045565,1.043690,1.034841,1.025443,0.993021,0.958428,0.962549,0.974760,0.970972,0.994683,1.030264,0.994073,0.980311,1.029724
7.263760,1.039460,1.031982,1.033405,1.025782,1.028887,1.028964,1.029121,1.029512,1.041787,1.028939,1.028339,1.020554,1.028850,1.030736,1.036081,1.039495,1.040890,1.038374,1.040309,0.977347,1.034305,1.029270,1.029173,1.041040,1.027827,1.045557,1.043682,1.034831,1.025433,0.993022,0.958421,0.962543,0.974740,0.970955,0.994670,1.030254,0.994072,0.980300,1.029728
7.272090,1.039465,1.031979,1.033399,1.025776,1.028882,1.028959,1.029116,1.029508,1.041789,1.028932,1.028333,1.020548,1.028844,1.030729,1.036071,1.039484,1.040882,1.038367,1.040292,0.977331,1.034293,1.029259,1.029162,1.041029,1.027824,1.045550,1.043673,1.034821,1.025423,0.993023,0.958415,0.962537,0.974721,0.970938,0.994659,1.030244,0.994070,0.980289,1.029733
7.280420,1.039470,1.031977,1.033395,1.025770,1.028877,1.028954,1.029112,1.029504,1.041790,1.028927,1.028328,1.020542,1.028838,1.030723,1.036062,1.039473,1.040873,1.038360,1.040276,0.977315,1.034283,1.029248,1.029151,1.041019,1.027822,1.045543,1.043666,1.034812,1.025413,0.993026,0.958409,0.962532,0.974702,0.970922,0.994648,1.030234,0.994070,0.980278,1.029738
7.288750,1.039475,1.031976,1.033391,1.025765,1.028873,1.028949,1.029108,1.029500,1.041792,1.028922,1.028323,1.020537,1.028833,1.030717,1.036053,1.039464,1.040865,1.038353,1.040260,0.977300,1.034273,1.029238,1.029141,1.041009,1.027820,1.045536,1.043659,1.034804,1.025404,0.993029,0.958403,0.962527,0.974683,0.970907,0.994637,1.030226,0.994069,0.980268,1.029743
7.297080,1.039479,1.031976,1.033387,1.025761,1.028869,1.028945,1.029104,1.029497,1.041794,1.028917,1.028319,1.020532,1.028828,1.030712,1.036045,1.039455,1.040858,1.038348,1.040245,0.977285,1.034264,1.029228,1.029132,1.041000,1.027818,1.045531,1.043652,1.034796,1.025395,0.993033,0.958397,0.962523,0.974665,0.970892,0.994627,1.030217,0.994070,0.980259,1.029748
7.305410,1.039484,1.031976,1.033385,1.025757,1.028865,1.028941,1.029102,1.029495,1.041796,1.028913,1.028315,1.020528,1.028823,1.030707,1.036038,1.039446,1.040852,1.038343,1.040231,0.977271,1.034255,1.029219,1.029123,1.040991,1.027818,1.045525,1.043647,1.034789,1.025387,0.993038,0.958393,0.962519,0.974647,0.970877,0.994617,1.030210,0.994071,0.980250,1.029753
7.313740,1.039489,1.031977,1.033383,1.025754,1.028862,1.028938,1.029099,1.029492,1.041798,1.028909,1.028311,1.020525,1.028820,1.030703,1.036031,1.039438,1.040846,1.038338,1.040217,0.977258,1.034247,1.029211,1.029115,1.040983,1.027818,1.045521,1.043642,1.034782,1.025380,0.993044,0.958388,0.962515,0.974630,0.970863,0.994608,1.030203,0.994072,0.980241,1.029758
7.322070,1.039494,1.031979,1.033381,1.025751,1.028860,1.028936,1.029097,1.029491,1.041800,1.028906,1.028308,1.020522,1.028816,1.030699,1.036025,1.039431,1.040841,1.038334,1.040204,0.977245,1.034239,1.029203,1.029108,1.040975,1.027819,1.045517,1.043637,1.034776,1.025374,0.993051,0.958384,0.962513,0.974614,0.970850,0.994600,1.030196,0.994075,0.980234,1.029762
7.330400,1.039499,1.031982,1.033381,1.025749,1.028858,1.028934,1.029096,1.029489,1.041803,1.028904,1.028306,1.020519,1.028814,1.030696,1.036019,1.039424,1.040836,1.038331,1.040191,0.977233,1.034232,1.029196,1.029101,1.040969,1.027821,1.045514,1.043634,1.034771,1.025368,0.993060,0.958381,0.962510,0.974598,0.970838,0.994592,1.030191,0.994078,0.980227,1.029767
7.338730,1.039504,1.031986,1.033381,1.025748,1.028857,1.028933,1.029095,1.029489,1.041806,1.028902,1.028304,1.020517,1.028812,1.030694,1.036015,1.039418,1.040832,1.038329,1.040179,0.977221,1.034226,1.029190,1.029095,1.040963,1.027823,1.045512,1.043631,1.034767,1.025363,0.993069,0.958378,0.962509,0.974583,0.970826,0.994585,1.030186,0.994082,0.980220,1.029772
7.347060,1.039509,1.031990,1.033382,1.025747,1.028856,1.028932,1.029094,1.029489,1.041809,1.028901,1.028303,1.020516,1.028810,1.030692,1.036011,1.039413,1.040829,1.038328,1.040168,0.977210,1.034221,1.029184,1.029090,1.040957,1.027827,1.045511,1.043629,1.034763,1.025359,0.993079,0.958376,0.962507,0.974568,0.970815,0.994579,1.030182,0.994086,0.980215,1.029777
7.355390,1.039515,1.031996,1.033384,1.025747,1.028856,1.028932,1.029095,1.029489,1.041812,1.028900,1.028303,1.020516,1.028810,1.030691,1.036007,1.039409,1.040827,1.038327,1.040158,0.977200,1.034217,1.029179,1.029086,1.040953,1.027831,1.045511,1.043628,1.034760,1.025355,0.993090,0.958375,0.962507,0.974555,0.970805,0.994574,1.030178,0.994092,0.980210,1.029783
7.363720,1.039520,1.032002,1.033387,1.025747,1.028857,1.028932,1.029095,1.029490,1.041816,1.028900,1.028303,1.020516,1.028810,1.030691,1.036005,1.039406,1.040826,1.038327,1.040149,0.977191,1.034213,1.029175,1.029082,1.040949,1.027837,1.045511,1.043627,1.034758,1.025353,0.993103,0.958374,0.962507,0.974542,0.970795,0.994569,1.030176,0.994098,0.980207,1.029788
7.372050,1.039525,1.032010,1.033390,1.025749,1.028858,1.028933,1.029097,1.029492,1.041820,1.028901,1.028304,1.020517,1.028811,1.030691,1.036003,1.039403,1.040825,1.038329,1.040140,0.977182,1.034210,1.029172,1.029079,1.040947,1.027843,1.045513,1.043628,1.034757,1.025351,0.993117,0.958373,0.962508,0.974529,0.970787,0.994565,1.030174,0.994105,0.980204,1.029793
7.380380,1.039530,1.032018,1.033395,1.025751,1.028860,1.028935,1.029099,1.029494,1.041824,1.028903,1.028306,1.020518,1.028812,1.030693,1.036002,1.039401,1.040826,1.038331,1.040132,0.977175,1.034208,1.029170,1.029078,1.040945,1.027850,1.045515,1.043629,1.034757,1.025351,0.993132,0.958374,0.962509,0.974518,0.970779,0.994562,1.030174,0.994113,0.980201,1.029798
7.388710,1.039535,1.032028,1.033401,1.025754,1.028863,1.028938,1.029102,1.029497,1.041829,1.028905,1.028308,1.020520,1.028814,1.030695,1.036002,1.039400,1.040827,1.038334,1.040125,0.977168,1.034207,1.029168,1.029077,1.040943,1.027859,1.045518,1.043632,1.034758,1.025351,0.993148,0.958375,0.962511,0.974507,0.970772,0.994560,1.030174,0.994122,0.980200,1.029803
7.397040,1.039541,1.032039,1.033407,1.025758,1.028866,1.028941,1.029105,1.029501,1.041834,1.028908,1.028311,1.020524,1.028817,1.030697,1.036003,1.039400,1.040830,1.038337,1.040119,0.977162,1.034207,1.029168,1.029077,1.040943,1.027868,1.045523,1.043635,1.034760,1.025352,0.993166,0.958376,0.962514,0.974497,0.970766,0.994558,1.030175,0.994132,0.980200,1.029808
7.405370,1.039546,1.032051,1.033414,1.025762,1.028870,1.028945,1.029110,1.029505,1.041839,1.028912,1.028315,1.020527,1.028821,1.030701,1.036005,1.039401,1.040833,1.038342,1.040114,0.977157,1.034207,1.029168,1.029077,1.040944,1.027878,1.045528,1.043640,1.034763,1.025354,0.993185,0.958379,0.962518,0.974488,0.970761,0.994558,1.030177,0.994143,0.980200,1.029814
7.413700,1.039552,1.032064,1.033423,1.025768,1.028875,1.028950,1.029114,1.029510,1.041844,1.028917,1.028320,1.020532,1.028826,1.030706,1.036007,1.039403,1.040837,1.038348,1.040110,0.977153,1.034209,1.029170,1.029079,1.040946,1.027890,1.045534,1.043645,1.034767,1.025357,0.993205,0.958382,0.962522,0.974480,0.970757,0.994558,1.030180,0.994154,0.980202,1.029819
7.422030,1.039557,1.032078,1.033432,1.025774,1.028881,1.028955,1.029120,1.029515,1.041850,1.028922,1.028325,1.020537,1.028831,1.030711,1.036011,1.039406,1.040842,1.038355,1.040107,0.977149,1.034211,1.029172,1.029082,1.040948,1.027903,1.045542,1.043651,1.034772,1.025362,0.993227,0.958386,0.962527,0.974473,0.970753,0.994560,1.030184,0.994167,0.980205,1.029825
7.430360,1.039563,1.032093,1.033443,1.025781,1.028887,1.028962,1.029126,1.029522,1.041856,1.028928,1.028331,1.020544,1.028837,1.030717,1.036015,1.039409,1.040848,1.038363,1.040105,0.977147,1.034215,1.029175,1.029086,1.040952,1.027916,1.045550,1.043659,1.034778,1.025367,0.993250,0.958390,0.962533,0.974467,0.970751,0.994562,1.030189,0.994181,0.980208,1.029830
7.438690,1.039568,1.032109,1.033454,1.025789,1.028894,1.028969,1.029133,1.029529,1.041863,1.028935,1.028338,1.020551,1.028844,1.030724,1.036021,1.039414,1.040855,1.038371,1.040104,0.977146,1.034219,1.029179,1.029090,1.040956,1.027931,1.045560,1.043667,1.034785,1.025373,0.993274,0.958396,0.962539,0.974461,0.970750,0.994565,1.030195,0.994196,0.980213,1.029836
7.447020,1.039574,1.032127,1.033467,1.025798,1.028902,1.028976,1.029141,1.029536,1.041869,1.028943,1.028346,1.020558,1.028852,1.030732,1.036027,1.039420,1.040864,1.038381,1.040103,0.977145,1.034225,1.029185,1.029096,1.040962,1.027947,1.045570,1.043677,1.034793,1.025381,0.993300,0.958402,0.962546,0.974456,0.970749,0.994569,1.030202,0.994211,0.980218,1.029841
7.455350,1.039579,1.032146,1.033480,1.025807,1.028911,1.028985,1.029149,1.029545,1.041876,1.028952,1.028355,1.020567,1.028861,1.030741,1.036034,1.039426,1.040873,1.038392,1.040104,0.977146,1.034231,1.029191,1.029102,1.040968,1.027964,1.045582,1.043687,1.034802,1.025389,0.993327,0.958408,0.962554,0.974453,0.970750,0.994574,1.030210,0.994228,0.980225,1.029847
7.463680,1.039585,1.032166,1.033495,1.025818,1.028920,1.028994,1.029159,1.029554,1.041884,1.028961,1.028364,1.020577,1.028870,1.030750,1.036043,1.039434,1.040883,1.038404,1.040106,0.977147,1.034239,1.029198,1.029110,1.040976,1.027982,1.045595,1.043699,1.034813,1.025399,0.993355,0.958416,0.962563,0.974450,0.970751,0.994580,1.030220,0.994246,0.980232,1.029853
7.472010,1.039591,1.032187,1.033510,1.025829,1.028931,1.029005,1.029168,1.029564,1.041891,1.028971,1.028375,1.020587,1.028881,1.030761,1.036052,1.039443,1.040894,1.038417,1.040109,0.977149,1.034247,1.029206,1.029119,1.040984,1.028002,1.045609,1.043712,1.034824,1.025409,0.993385,0.958424,0.962573,0.974448,0.970754,0.994587,1.030230,0.994265,0.980241,1.029858
7.480340,1.039597,1.032209,1.033527,1.025841,1.028942,1.029016,1.029179,1.029574,1.041900,1.028983,1.028386,1.020598,1.028892,1.030772,1.036062,1.039452,1.040906,1.038431,1.040112,0.977153,1.034256,1.029215,1.029128,1.040993,1.028022,1.045624,1.043725,1.034836,1.025421,0.993416,0.958433,0.962583,0.974447,0.970757,0.994595,1.030241,0.994285,0.980251,1.029864
7.488670,1.039603,1.032233,1.033545,1.025855,1.028954,1.029027,1.029191,1.029586,1.041908,1.028995,1.028398,1.020610,1.028904,1.030784,1.036073,1.039463,1.040920,1.038446,1.040117,0.977157,1.034267,1.029226,1.029139,1.041004,1.028044,1.045640,1.043740,1.034850,1.025434,0.993449,0.958443,0.962594,0.974447,0.970761,0.994604,1.030253,0.994306,0.980261,1.029870
7.497000,1.039609,1.032257,1.033564,1.025869,1.028966,1.029040,1.029203,1.029598,1.041917,1.029007,1.028410,1.020623,1.028917,1.030798,1.036085,1.039474,1.040934,1.038462,1.040123,0.977162,1.034278,1.029237,1.029151,1.041015,1.028067,1.045657,1.043756,1.034865,1.025448,0.993483,0.958453,0.962606,0.974448,0.970767,0.994614,1.030266,0.994328,0.980273,1.029876
7.505330,1.039615,1.032283,1.033584,1.025884,1.028980,1.029053,1.029216,1.029610,1.041926,1.029021,1.028424,1.020637,1.028931,1.030812,1.036098,1.039487,1.040949,1.038479,1.040129,0.977168,1.034291,1.029249,1.029164,1.041028,1.028091,1.045675,1.043773,1.034880,1.025463,0.993518,0.958464,0.962619,0.974450,0.970773,0.994624,1.030281,0.994351,0.980286,1.029882
7.513660,1.039621,1.032310,1.033604,1.025899,1.028994,1.029067,1.029229,1.029624,1.041935,1.029036,1.028438,1.020651,1.028945,1.030827,1.036112,1.039501,1.040966,1.038497,1.040137,0.977176,1.034304,1.029262,1.029177,1.041041,1.028116,1.045695,1.043791,1.034897,1.025479,0.993555,0.958476,0.962632,0.974453,0.970781,0.994636,1.030296,0.994376,0.980300,1.029888
7.521990,1.039627,1.032338,1.033626,1.025916,1.029009,1.029082,1.029244,1.029638,1.041944,1.029051,1.028453,1.020666,1.028961,1.030843,1.036127,1.039516,1.040983,1.038516,1.040146,0.977184,1.034319,1.029276,1.029192,1.041056,1.028142,1.045715,1.043810,1.034915,1.025496,0.993593,0.958489,0.962647,0.974456,0.970789,0.994649,1.030312,0.994401,0.980315,1.029894
7.530320,1.039633,1.032368,1.033649,1.025934,1.029025,1.029098,1.029259,1.029653,1.041954,1.029067,1.028469,1.020683,1.028977,1.030859,1.036143,1.039531,1.041002,1.038536,1.040156,0.977193,1.034334,1.029292,1.029208,1.041071,1.028169,1.045737,1.043830,1.034934,1.025514,0.993633,0.958502,0.962662,0.974461,0.970798,0.994663,1.030330,0.994427,0.980330,1.029900
7.538650,1.039639,1.032398,1.033673,1.025952,1.029041,1.029114,1.029275,1.029668,1.041965,1.029084,1.028486,1.020700,1.028994,1.030877,1.036160,1.039548,1.041021,1.038558,1.040166,0.977203,1.034351,1.029308,1.029225,1.041088,1.028198,1.045759,1.043851,1.034954,1.025533,0.993673,0.958516,0.962678,0.974466,0.970809,0.994677,1.030348,0.994454,0.980347,1.029906
7.546980,1.039645,1.032429,1.033698,1.025971,1.029059,1.029131,1.029291,1.029685,1.041975,1.029102,1.028504,1.020717,1.029012,1.030895,1.036178,1.039565,1.041042,1.038580,1.040178,0.977214,1.034368,1.029325,1.029242,1.041105,1.028227,1.045783,1.043874,1.034975,1.025553,0.993715,0.958531,0.962694,0.974473,0.970820,0.994693,1.030367,0.994483,0.980365,1.029912
7.555310,1.039651,1.032462,1.033724,1.025991,1.029077,1.029149,1.029309,1.029701,1.041986,1.029120,1.028522,1.020736,1.029031,1.030914,1.036197,1.039584,1.041063,1.038603,1.040191,0.977226,1.034386,1.029343,1.029261,1.041123,1.028258,1.045808,1.043897,1.034997,1.025575,0.993758,0.958547,0.962711,0.974480,0.970832,0.994709,1.030388,0.994512,0.980384,1.029918
7.563640,1.039658,1.032496,1.033751,1.026012,1.029096,1.029168,1.029326,1.029719,1.041997,1.029140,1.028541,1.020755,1.029050,1.030935,1.036216,1.039603,1.041085,1.038627,1.040204,0.977239,1.034406,1.029362,1.029281,1.041143,1.028290,1.045834,1.043921,1.035021,1.025597,0.993803,0.958563,0.962729,0.974488,0.970845,0.994727,1.030409,0.994542,0.980404,1.029924
7.571970,1.039664,1.032531,1.033779,1.026034,1.029115,1.029187,1.029345,1.029737,1.042008,1.029160,1.028561,1.020775,1.029071,1.030955,1.036237,1.039624,1.041109,1.038652,1.040219,0.977253,1.034426,1.029382,1.029301,1.041163,1.028322,1.045860,1.043946,1.035045,1.025620,0.993848,0.958580,0.962748,0.974497,0.970859,0.994745,1.030431,0.994573,0.980424,1.029930
7.580300,1.039670,1.032566,1.033808,1.026057,1.029135,1.029207,1.029364,1.029756,1.042020,1.029180,1.028582,1.020796,1.029092,1.030977,1.036258,1.039645,1.041133,1.038678,1.040234,0.977267,1.034447,1.029403,1.029323,1.041184,1.028356,1.045888,1.043972,1.035070,1.025645,0.993895,0.958597,0.962767,0.974507,0.970874,0.994764,1.030454,0.994606,0.980446,1.029937
7.588630,1.039676,1.032603,1.033837,1.026080,1.029156,1.029228,1.029384,1.029776,1.042032,1.029202,1.028603,1.020818,1.029114,1.031000,1.036281,1.039667,1.041158,1.038705,1.040251,0.977283,1.034469,1.029425,1.029345,1.041206,1.028391,1.045917,1.043999,1.035096,1.025670,0.993943,0.958615,0.962788,0.974517,0.970890,0.994784,1.030478,0.994639,0.980469,1.029943
7.596960,1.039683,1.032641,1.033868,1.026104,1.029178,1.029250,1.029405,1.029796,1.042044,1.029224,1.028625,1.020840,1.029136,1.031023,1.036304,1.039691,1.041184,1.038733,1.040268,0.977299,1.034492,1.029447,1.029368,1.041229,1.028426,1.045946,1.044027,1.035123,1.025696,0.993992,0.958634,0.962808,0.974529,0.970907,0.994805,1.030503,0.994673,0.980492,1.029949
7.605290,1.039689,1.032680,1.033899,1.026129,1.029200,1.029272,1.029426,1.029817,1.042057,1.029247,1.028648,1.020863,1.029159,1.031047,1.036328,1.039714,1.041211,1.038761,1.040286,0.977316,1.034516,1.029471,1.029392,1.041253,1.028463,1.045977,1.044056,1.035151,1.025723,0.994042,0.958654,0.962830,0.974541,0.970924,0.994827,1.030529,0.994707,0.980516,1.029955
7.613620,1.039695,1.032719,1.033932,1.026155,1.029223,1.029294,1.029448,1.029838,1.042069,1.029271,1.028671,1.020887,1.029183,1.031072,1.036353,1.039739,1.041239,1.038791,1.040305,0.977334,1.034540,1.029495,1.029417,1.041278,1.028500,1.046008,1.044086,1.035180,1.025751,0.994093,0.958674,0.962852,0.974554,0.970942,0.994850,1.030556,0.994743,0.980542,1.029962
7.621950,1.039702,1.032760,1.033965,1.026181,1.029247,1.029318,1.029470,1.029860,1.042082,1.029295,1.028695,1.020911,1.029208,1.031097,1.036378,1.039765,1.041267,1.038821,1.040325,0.977353,1.034566,1.029521,1.029443,1.041303,1.028539,1.046041,1.044117,1.035210,1.025780,0.994146,0.958694,0.962874,0.974568,0.970962,0.994873,1.030583,0.994780,0.980568,1.029968
7.630280,1.039708,1.032801,1.033999,1.026208,1.029271,1.029342,1.029493,1.029882,1.042096,1.029320,1.028720,1.020936,1.029233,1.031123,1.036404,1.039791,1.041297,1.038852,1.040345,0.977372,1.034592,1.029546,1.029470,1.041329,1.028578,1.046074,1.044148,1.035240,1.025809,0.994199,0.958715,0.962898,0.974582,0.970982,0.994897,1.030612,0.994817,0.980594,1.029974
7.638610,1.039714,1.032843,1.034033,1.026235,1.029296,1.029366,1.029517,1.029905,1.042109,1.029346,1.028745,1.020962,1.029259,1.031150,1.036431,1.039818,1.041327,1.038884,1.040367,0.977393,1.034619,1.029573,1.029497,1.041356,1.028618,1.046108,1.044180,1.035271,1.025840,0.994253,0.958737,0.962921,0.974597,0.971002,0.994922,1.030641,0.994855,0.980622,1.029981
7.646940,1.039721,1.032886,1.034069,1.026264,1.029321,1.029391,1.029541,1.029929,1.042123,1.029372,1.028771,1.020988,1.029286,1.031177,1.036459,1.039846,1.041358,1.038917,1.040389,0.977414,1.034646,1.029601,1.029525,1.041384,1.028659,1.046142,1.044213,1.035304,1.025871,0.994307,0.958759,0.962946,0.974613,0.971024,0.994947,1.030670,0.994894,0.980650,1.029987
7.655270,1.039727,1.032930,1.034105,1.026292,1.029347,1.029417,1.029565,1.029953,1.042136,1.029399,1.028797,1.021015,1.029313,1.031206,1.036487,1.039875,1.041389,1.038950,1.040411,0.977435,1.034675,1.029629,1.029554,1.041412,1.028700,1.046178,1.044247,1.035336,1.025903,0.994363,0.958782,0.962971,0.974629,0.971046,0.994974,1.030701,0.994933,0.980679,1.029993
7.663600,1.039733,1.032975,1.034141,1.026322,1.029373,1.029443,1.029590,1.029977,1.042150,1.029426,1.028824,1.021042,1.029341,1.031234,1.036517,1.039904,1.041422,1.038984,1.040435,0.977458,1.034704,1.029658,1.029583,1.041442,1.028742,1.046214,1.044281,1.035370,1.025936,0.994420,0.958805,0.962996,0.974647,0.971068,0.995001,1.030732,0.994974,0.980709,1.029999
7.671930,1.039740,1.033020,1.034179,1.026352,1.029400,1.029470,1.029616,1.030002,1.042164,1.029454,1.028852,1.021070,1.029369,1.031263,1.036546,1.039934,1.041455,1.039019,1.040459,0.977481,1.034733,1.029687,1.029613,1.041471,1.028785,1.046251,1.044316,1.035404,1.025969,0.994477,0.958829,0.963022,0.974664,0.971092,0.995028,1.030764,0.995014,0.980739,1.030005
7.680260,1.039746,1.033066,1.034217,1.026382,1.029427,1.029497,1.029642,1.030028,1.042179,1.029482,1.028880,1.021099,1.029398,1.031293,1.036576,1.039964,1.041488,1.039054,1.040484,0.977504,1.034764,1.029717,1.029644,1.041502,1.028829,1.046288,1.044352,1.035439,1.026003,0.994535,0.958853,0.963049,0.974683,0.971116,0.995056,1.030796,0.995056,0.980770,1.030012
7.688590,1.039752,1.033112,1.034255,1.026413,1.029455,1.029525,1.029668,1.030053,1.042193,1.029511,1.028908,1.021128,1.029427,1.031323,1.036607,1.039995,1.041522,1.039090,1.040509,0.977528,1.034795,1.029748,1.029675,1.041533,1.028873,1.046326,1.044388,1.035475,1.026037,0.994593,0.958877,0.963075,0.974701,0.971140,0.995085,1.030829,0.995098,0.980801,1.030018
7.696920,1.039758,1.033159,1.034294,1.026445,1.029483,1.029553,1.029695,1.030079,1.042207,1.029540,1.028937,1.021157,1.029456,1.031354,1.036639,1.040027,1.041557,1.039126,1.040535,0.977553,1.034826,1.029779,1.029707,1.041564,1.028918,1.046365,1.044425,1.035511,1.026073,0.994652,0.958902,0.963103,0.974721,0.971165,0.995114,1.030862,0.995140,0.980833,1.030024
7.705250,1.039764,1.033207,1.034334,1.026477,1.029512,1.029581,1.029722,1.030106,1.042222,1.029570,1.028966,1.021187,1.029486,1.031385,1.036670,1.040059,1.041592,1.039163,1.040561,0.977578,1.034858,1.029811,1.029739,1.041596,1.028963,1.046404,1.044462,1.035548,1.026108,0.994712,0.958928,0.963130,0.974741,0.971191,0.995144,1.030896,0.995183,0.980866,1.030030
7.713580,1.039770,1.033255,1.034374,1.026509,1.029541,1.029610,1.029749,1.030133,1.042237,1.029600,1.028996,1.021217,1.029517,1.031417,1.036703,1.040092,1.041628,1.039200,1.040588,0.977604,1.034891,1.029843,1.029772,1.041629,1.029009,1.046444,1.044500,1.035585,1.026144,0.994772,0.958953,0.963158,0.974761,0.971217,0.995174,1.030931,0.995227,0.980899,1.030036
7.721910,1.039776,1.033303,1.034415,1.026542,1.029570,1.029639,1.029777,1.030160,1.042252,1.029631,1.029026,1.021247,1.029548,1.031449,1.036735,1.040125,1.041664,1.039238,1.040616,0.977630,1.034923,1.029876,1.029805,1.041662,1.029055,1.046484,1.044538,1.035622,1.026181,0.994833,0.958979,0.963187,0.974781,0.971244,0.995205,1.030966,0.995271,0.980932,1.030042
7.730240,1.039782,1.033352,1.034455,1.026575,1.029600,1.029668,1.029805,1.030187,1.042267,1.029661,1.029056,1.021278,1.029579,1.031481,1.036769,1.040158,1.041700,1.039276,1.040643,0.977656,1.034957,1.029909,1.029839,1.041695,1.029102,1.046525,1.044577,1.035660,1.026218,0.994894,0.959005,0.963215,0.974803,0.971271,0.995236,1.031001,0.995315,0.980966,1.030047
7.738570,1.039788,1.033401,1.034497,1.026609,1.029630,1.029698,1.029834,1.030215,1.042282,1.029692,1.029087,1.021309,1.029611,1.031514,1.036802,1.040192,1.041737,1.039315,1.040671,0.977683,1.034991,1.029943,1.029873,1.041729,1.029149,1.046566,1.044616,1.035699,1.026255,0.994955,0.959032,0.963244,0.974824,0.971298,0.995268,1.031037,0.995360,0.981000,1.030053
7.746900,1.039794,1.033451,1.034538,1.026642,1.029660,1.029728,1.029862,1.030243,1.042297,1.029724,1.029118,1.021341,1.029642,1.031547,1.036836,1.040227,1.041774,1.039354,1.040700,0.977711,1.035025,1.029976,1.029908,1.041763,1.029196,1.046607,1.044656,1.035738,1.026293,0.995017,0.959058,0.963274,0.974846,0.971326,0.995299,1.031073,0.995405,0.981035,1.030059
7.755230,1.039799,1.033501,1.034580,1.026676,1.029690,1.029758,1.029891,1.030271,1.042312,1.029755,1.029149,1.021372,1.029675,1.031580,1.036870,1.040261,1.041812,1.039393,1.040729,0.977738,1.035059,1.030011,1.029942,1.041798,1.029244,1.046649,1.044696,1.035777,1.026331,0.995079,0.959085,0.963303,0.974868,0.971354,0.995332,1.031109,0.995451,0.981070,1.030065
7.763560,1.039805,1.033551,1.034622,1.026711,1.029721,1.029789,1.029920,1.030299,1.042327,1.029787,1.029180,1.021404,1.029707,1.031614,1.036905,1.040296,1.041850,1.039432,1.040758,0.977766,1.035094,1.030045,1.029978,1.041833,1.029291,1.046691,1.044736,1.035816,1.026370,0.995141,0.959112,0.963333,0.974890,0.971382,0.995364,1.031146,0.995496,0.981105,1.030070
7.771890,1.039810,1.033601,1.034665,1.026745,1.029752,1.029819,1.029949,1.030328,1.042342,1.029819,1.029212,1.021436,1.029739,1.031647,1.036939,1.040331,1.041888,1.039472,1.040788,0.977794,1.035129,1.030080,1.030013,1.041868,1.029340,1.046733,1.044776,1.035856,1.026408,0.995203,0.959140,0.963362,0.974913,0.971411,0.995397,1.031183,0.995542,0.981140,1.030076
7.780220,1.039816,1.033651,1.034707,1.026780,1.029783,1.029850,1.029978,1.030356,1.042357,1.029852,1.029244,1.021469,1.029772,1.031681,1.036974,1.040366,1.041926,1.039512,1.040817,0.977823,1.035164,1.030115,1.030048,1.041903,1.029388,1.046775,1.044816,1.035896,1.026447,0.995265,0.959167,0.963392,0.974936,0.971440,0.995430,1.031220,0.995588,0.981175,1.030081
7.788550,1.039821,1.033702,1.034750,1.026815,1.029814,1.029881,1.030008,1.030385,1.042372,1.029884,1.029276,1.021501,1.029805,1.031715,1.037009,1.040402,1.041965,1.039552,1.040847,0.977851,1.035199,1.030150,1.030084,1.041939,1.029436,1.046818,1.044857,1.035936,1.026486,0.995328,0.959195,0.963423,0.974959,0.971469,0.995463,1.031257,0.995634,0.981211,1.030086
7.796880,1.039826,1.033753,1.034793,1.026850,1.029845,1.029912,1.030037,1.030414,1.042387,1.029916,1.029308,1.021534,1.029838,1.031749,1.037045,1.040438,1.042003,1.039592,1.040877,0.977880,1.035235,1.030186,1.030120,1.041974,1.029485,1.046860,1.044898,1.035976,1.026525,0.995391,0.959222,0.963453,0.974982,0.971498,0.995496,1.031294,0.995681,0.981247,1.030092
7.805210,1.039832,1.033804,1.034836,1.026885,1.029876,1.029943,1.030067,1.030442,1.042402,1.029949,1.029340,1.021566,1.029871,1.031784,1.037080,1.040473,1.042042,1.039633,1.040907,0.977909,1.035270,1.030221,1.030156,1.042010,1.029533,1.046903,1.044939,1.036016,1.026564,0.995453,0.959250,0.963483,0.975005,0.971528,0.995530,1.031332,0.995727,0.981283,1.030097
7.813540,1.039837,1.033854,1.034878,1.026920,1.029908,1.029974,1.030096,1.030471,1.042417,1.029982,1.029372,1.021599,1.029904,1.031818,1.037115,1.040509,1.042081,1.039673,1.040938,0.977938,1.035306,1.030257,1.030192,1.042046,1.029582,1.046946,1.044980,1.036056,1.026604,0.995516,0.959278,0.963514,0.975028,0.971557,0.995564,1.031369,0.995773,0.981319,1.030102
7.821870,1.039842,1.033905,1.034921,1.026955,1.029939,1.030005,1.030126,1.030500,1.042432,1.030014,1.029404,1.021632,1.029937,1.031853,1.037151,1.040545,1.042120,1.039714,1.040968,0.977967,1.035342,1.030292,1.030228,1.042082,1.029631,1.046989,1.045021,1.036097,1.026643,0.995578,0.959306,0.963544,0.975052,0.971587,0.995597,1.031407,0.995820,0.981355,1.030106
7.830200,1.039846,1.033956,1.034964,1.026990,1.029971,1.030037,1.030156,1.030529,1.042447,1.030047,1.029436,1.021664,1.029970,1.031887,1.037186,1.040581,1.042159,1.039754,1.040998,0.977996,1.035378,1.030328,1.030264,1.042118,1.029679,1.047031,1.045062,1.036137,1.026682,0.995640,0.959333,0.963574,0.975075,0.971616,0.995631,1.031444,0.995866,0.981391,1.030111
7.838530,1.039851,1.034006,1.035007,1.027026,1.030002,1.030068,1.030185,1.030558,1.042462,1.030080,1.029468,1.021697,1.030004,1.031921,1.037222,1.040617,1.042198,1.039794,1.041029,0.978026,1.035414,1.030364,1.030301,1.042154,1.029728,1.047074,1.045103,1.036178,1.026722,0.995702,0.959361,0.963605,0.975099,0.971646,0.995665,1.031482,0.995913,0.981426,1.030116
7.846860,1.039856,1.034057,1.035050,1.027061,1.030033,1.030099,1.030215,1.030587,1.042477,1.030112,1.029501,1.021730,1.030037,1.031956,1.037258,1.040653,1.042236,1.039835,1.041059,0.978055,1.035450,1.030399,1.030337,1.042190,1.029776,1.047117,1.045144,1.036218,1.026761,0.995764,0.959389,0.963635,0.975122,0.971675,0.995698,1.031519,0.995959,0.981462,1.030120
7.855190,1.039860,1.034107,1.035093,1.027096,1.030064,1.030130,1.030244,1.030616,1.042491,1.030145,1.029533,1.021762,1.030070,1.031990,1.037293,1.040689,1.042275,1.039875,1.041090,0.978084,1.035485,1.030435,1.030373,1.042226,1.029825,1.047160,1.045184,1.036258,1.026800,0.995826,0.959417,0.963666,0.975146,0.971705,0.995732,1.031556,0.996005,0.981498,1.030125
7.863520,1.039864,1.034158,1.035136,1.027131,1.030096,1.030161,1.030274,1.030644,1.042506,1.030177,1.029565,1.021795,1.030103,1.032024,1.037328,1.040725,1.042314,1.039915,1.041120,0.978113,1.035521,1.030470,1.030409,1.042262,1.029873,1.047202,1.045225,1.036298,1.026839,0.995887,0.959444,0.963696,0.975169,0.971735,0.995766,1.031593,0.996051,0.981534,1.030129
7.871850,1.039868,1.034208,1.035178,1.027166,1.030127,1.030192,1.030303,1.030673,1.042520,1.030210,1.029597,1.021827,1.030136,1.032059,1.037364,1.040761,1.042352,1.039955,1.041150,0.978142,1.035557,1.030506,1.030445,1.042298,1.029921,1.047244,1.045266,1.036338,1.026878,0.995949,0.959472,0.963726,0.975192,0.971764,0.995799,1.031630,0.996097,0.981569,1.030133
7.880180,1.039872,1.034257,1.035220,1.027201,1.030158,1.030222,1.030332,1.030701,1.042534,1.030242,1.029628,1.021860,1.030168,1.032093,1.037399,1.040796,1.042391,1.039995,1.041180,0.978171,1.035592,1.030541,1.030480,1.042333,1.029969,1.047287,1.045306,1.036378,1.026916,0.996009,0.959499,0.963756,0.975215,0.971793,0.995833,1.031667,0.996143,0.981604,1.030137
7.888510,1.039876,1.034307,1.035262,1.027235,1.030188,1.030253,1.030361,1.030730,1.042548,1.030274,1.029660,1.021892,1.030201,1.032126,1.037434,1.040832,1.042429,1.040035,1.041210,0.978199,1.035627,1.030576,1.030516,1.042369,1.030016,1.047329,1.045346,1.036417,1.026955,0.996070,0.959526,0.963786,0.975238,0.971822,0.995866,1.031704,0.996189,0.981639,1.030141
7.896840,1.039880,1.034356,1.035304,1.027270,1.030219,1.030283,1.030390,1.030758,1.042562,1.030306,1.029691,1.021924,1.030233,1.032160,1.037469,1.040867,1.042467,1.040074,1.041240,0.978228,1.035662,1.030611,1.030551,1.042404,1.030063,1.047370,1.045386,1.036456,1.026993,0.996130,0.959553,0.963816,0.975261,0.971851,0.995899,1.031740,0.996234,0.981674,1.030145
7.905170,1.039884,1.034405,1.035346,1.027304,1.030250,1.030314,1.030419,1.030786,1.042576,1.030338,1.029723,1.021956,1.030266,1.032194,1.037503,1.040902,1.042505,1.040114,1.041269,0.978256,1.035697,1.030646,1.030586,1.042439,1.030110,1.047412,1.045426,1.036495,1.027031,0.996189,0.959580,0.963845,0.975284,0.971880,0.995932,1.031776,0.996279,0.981709,1.030148
7.913500,1.039887,1.034454,1.035387,1.027338,1.030280,1.030344,1.030448,1.030813,1.042590,1.030369,1.029754,1.021987,1.030298,1.032227,1.037538,1.040937,1.042542,1.040153,1.041298,0.978284,1.035732,1.030680,1.030621,1.042474,1.030157,1.047453,1.045466,1.036534,1.027068,0.996248,0.959607,0.963875,0.975306,0.971908,0.995965,1.031812,0.996323,0.981743,1.030152
7.921830,1.039890,1.034502,1.035428,1.027372,1.030310,1.030374,1.030476,1.030841,1.042603,1.030400,1.029784,1.022019,1.030329,1.032260,1.037572,1.040971,1.042579,1.040191,1.041327,0.978312,1.035766,1.030714,1.030656,1.042509,1.030203,1.047494,1.045505,1.036572,1.027106,0.996307,0.959633,0.963904,0.975328,0.971937,0.995997,1.031848,0.996368,0.981777,1.030155
7.930160,1.039893,1.034550,1.035469,1.027405,1.030340,1.030403,1.030504,1.030868,1.042617,1.030432,1.029815,1.022050,1.030361,1.032293,1.037605,1.041005,1.042616,1.040230,1.041356,0.978340,1.035800,1.030748,1.030690,1.042543,1.030249,1.047534,1.045544,1.036611,1.027143,0.996365,0.959660,0.963933,0.975350,0.971965,0.996029,1.031883,0.996412,0.981811,1.030158
7.938490,1.039896,1.034597,1.035509,1.027439,1.030369,1.030432,1.030532,1.030895,1.042630,1.030462,1.029845,1.022081,1.030392,1.032325,1.037639,1.041039,1.042653,1.040268,1.041385,0.978367,1.035834,1.030782,1.030724,1.042577,1.030295,1.047574,1.045582,1.036648,1.027179,0.996423,0.959686,0.963961,0.975372,0.971993,0.996061,1.031918,0.996456,0.981844,1.030161
7.946820,1.039899,1.034644,1.035550,1.027472,1.030398,1.030461,1.030559,1.030922,1.042643,1.030493,1.029875,1.022111,1.030423,1.032358,1.037672,1.041073,1.042689,1.040305,1.041413,0.978394,1.035868,1.030815,1.030758,1.042611,1.030340,1.047614,1.045620,1.036686,1.027216,0.996480,0.959711,0.963990,0.975393,0.972020,0.996093,1.031952,0.996499,0.981877,1.030164
7.955150,1.039902,1.034691,1.035589,1.027504,1.030427,1.030490,1.030587,1.030949,1.042655,1.030523,1.029905,1.022142,1.030454,1.032390,1.037705,1.041106,1.042725,1.040343,1.041440,0.978421,1.035901,1.030848,1.030791,1.042644,1.030384,1.047653,1.045658,1.036723,1.027251,0.996537,0.959737,0.964018,0.975415,0.972047,0.996124,1.031986,0.996542,0.981910,1.030166
7.963480,1.039905,1.034737,1.035629,1.027537,1.030456,1.030519,1.030614,1.030975,1.042668,1.030553,1.029935,1.022172,1.030484,1.032421,1.037738,1.041139,1.042761,1.040380,1.041468,0.978447,1.035934,1.030881,1.030824,1.042678,1.030429,1.047692,1.045695,1.036759,1.027287,0.996593,0.959762,0.964046,0.975435,0.972074,0.996155,1.032020,0.996585,0.981942,1.030169
7.971810,1.039907,1.034782,1.035667,1.027569,1.030485,1.030547,1.030640,1.031001,1.042680,1.030583,1.029964,1.022201,1.030514,1.032452,1.037770,1.041172,1.042796,1.040416,1.041495,0.978474,1.035966,1.030913,1.030857,1.042710,1.030473,1.047731,1.045732,1.036795,1.027322,0.996649,0.959787,0.964073,0.975456,0.972100,0.996186,1.032053,0.996627,0.981974,1.030171
7.980140,1.039909,1.034828,1.035706,1.027601,1.030513,1.030575,1.030667,1.031027,1.042692,1.030612,1.029993,1.022231,1.030544,1.032483,1.037802,1.041204,1.042831,1.040453,1.041522,0.978499,1.035998,1.030945,1.030889,1.042743,1.030516,1.047769,1.045769,1.036831,1.027357,0.996703,0.959812,0.964101,0.975476,0.972126,0.996216,1.032086,0.996668,0.982005,1.030173
7.988470,1.039911,1.034872,1.035744,1.027632,1.030540,1.030602,1.030693,1.031052,1.042704,1.030641,1.030021,1.022260,1.030574,1.032514,1.037834,1.041236,1.042865,1.040488,1.041548,0.978525,1.036030,1.030977,1.030921,1.042775,1.030559,1.047807,1.045805,1.036866,1.027391,0.996758,0.959836,0.964128,0.975496,0.972152,0.996246,1.032119,0.996710,0.982036,1.030175
7.996800,1.039913,1.034916,1.035782,1.027663,1.030568,1.030630,1.030719,1.031078,1.042716,1.030670,1.030049,1.022288,1.030603,1.032544,1.037865,1.041267,1.042899,1.040524,1.041574,0.978550,1.036061,1.031008,1.030953,1.042806,1.030601,1.047844,1.045841,1.036901,1.027424,0.996812,0.959860,0.964154,0.975515,0.972178,0.996276,1.032151,0.996751,0.982067,1.030177
8.005130,1.039915,1.034960,1.035819,1.027694,1.030595,1.030657,1.030744,1.031102,1.042727,1.030698,1.030077,1.022317,1.030632,1.032574,1.037895,1.041298,1.042932,1.040559,1.041600,0.978574,1.036092,1.031039,1.030984,1.042837,1.030643,1.047880,1.045876,1.036935,1.027458,0.996865,0.959884,0.964181,0.975534,0.972202,0.996305,1.032182,0.996791,0.982097,1.030179
8.013460,1.039916,1.035003,1.035856,1.027724,1.030622,1.030683,1.030769,1.031127,1.042738,1.030726,1.030105,1.022345,1.030660,1.032604,1.037926,1.041329,1.042965,1.040593,1.041625,0.978599,1.036122,1.031069,1.031014,1.042868,1.030685,1.047917,1.045911,1.036969,1.027490,0.996917,0.959908,0.964207,0.975553,0.972227,0.996333,1.032213,0.996831,0.982126,1.030181
8.021790,1.039918,1.035046,1.035892,1.027754,1.030648,1.030709,1.030794,1.031151,1.042749,1.030753,1.030132,1.022372,1.030688,1.032633,1.037956,1.041359,1.042998,1.040627,1.041650,0.978622,1.036152,1.031099,1.031044,1.042898,1.030726,1.047953,1.045945,1.037003,1.027523,0.996969,0.959931,0.964232,0.975571,0.972251,0.996362,1.032244,0.996870,0.982155,1.030182
8.030120,1.039919,1.035088,1.035928,1.027784,1.030674,1.030735,1.030819,1.031175,1.042760,1.030780,1.030159,1.022399,1.030715,1.032662,1.037985,1.041389,1.043030,1.040661,1.041674,0.978646,1.036182,1.031128,1.031074,1.042928,1.030766,1.047988,1.045979,1.037035,1.027554,0.997021,0.959954,0.964258,0.975589,0.972275,0.996390,1.032274,0.996909,0.982184,1.030183
8.038450,1.039920,1.035130,1.035963,1.027813,1.030700,1.030761,1.030843,1.031198,1.042771,1.030807,1.030185,1.022426,1.030743,1.032690,1.038014,1.041418,1.043062,1.040694,1.041698,0.978669,1.036211,1.031157,1.031103,1.042958,1.030806,1.048023,1.046012,1.037068,1.027586,0.997072,0.959976,0.964282,0.975606,0.972298,0.996417,1.032304,0.996948,0.982212,1.030184
8.046780,1.039921,1.035171,1.035998,1.027842,1.030725,1.030786,1.030867,1.031221,1.042781,1.030834,1.030211,1.022453,1.030770,1.032718,1.038043,1.041447,1.043093,1.040727,1.041721,0.978691,1.036240,1.031186,1.031132,1.042987,1.030845,1.048057,1.046045,1.037100,1.027617,0.997122,0.959998,0.964307,0.975623,0.972321,0.996444,1.032333,0.996986,0.982240,1.030185
8.055110,1.039922,1.035212,1.036033,1.027870,1.030750,1.030810,1.030890,1.031244,1.042791,1.030860,1.030237,1.022479,1.030796,1.032745,1.038071,1.041475,1.043124,1.040759,1.041744,0.978714,1.036268,1.031214,1.031160,1.043015,1.030884,1.048091,1.046078,1.037131,1.027647,0.997171,0.960020,0.964331,0.975640,0.972343,0.996471,1.032361,0.997024,0.982267,1.030186
8.063440,1.039923,1.035252,1.036067,1.027898,1.030775,1.030835,1.030913,1.031267,1.042801,1.030885,1.030262,1.022505,1.030822,1.032773,1.038099,1.041503,1.043155,1.040791,1.041767,0.978735,1.036296,1.031241,1.031188,1.043043,1.030923,1.048124,1.046110,1.037162,1.027677,0.997220,0.960042,0.964355,0.975656,0.972365,0.996497,1.032390,0.997061,0.982294,1.030187
8.071770,1.039923,1.035291,1.036100,1.027925,1.030799,1.030859,1.030936,1.031289,1.042810,1.030911,1.030287,1.022530,1.030848,1.032799,1.038126,1.041531,1.043184,1.040822,1.041789,0.978757,1.036323,1.031268,1.031215,1.043071,1.030960,1.048157,1.046141,1.037192,1.027706,0.997269,0.960063,0.964379,0.975672,0.972387,0.996523,1.032417,0.997097,0.982320,1.030187
8.080100,1.039923,1.035330,1.036133,1.027953,1.030823,1.030882,1.030958,1.031310,1.042820,1.030936,1.030311,1.022555,1.030873,1.032826,1.038153,1.041558,1.043214,1.040853,1.041810,0.978778,1.036350,1.031295,1.031242,1.043098,1.030998,1.048189,1.046172,1.037222,1.027735,0.997317,0.960083,0.964402,0.975688,0.972408,0.996548,1.032444,0.997133,0.982346,1.030188
8.088430,1.039924,1.035369,1.036166,1.027979,1.030846,1.030906,1.030980,1.031332,1.042829,1.030960,1.030335,1.022579,1.030898,1.032852,1.038180,1.041585,1.043243,1.040883,1.041832,0.978798,1.036377,1.031321,1.031269,1.043125,1.031035,1.048221,1.046203,1.037252,1.027763,0.997364,0.960104,0.964425,0.975703,0.972429,0.996573,1.032471,0.997169,0.982371,1.030188
8.096760,1.039924,1.035407,1.036198,1.028006,1.030869,1.030929,1.031002,1.031353,1.042838,1.030984,1.030359,1.022604,1.030922,1.032877,1.038206,1.041611,1.043271,1.040913,1.041852,0.978818,1.036403,1.031347,1.031295,1.043151,1.031071,1.048252,1.046233,1.037280,1.027791,0.997410,0.960124,0.964447,0.975717,0.972449,0.996598,1.032497,0.997204,0.982396,1.030188
8.105090,1.039924,1.035444,1.036230,1.028032,1.030892,1.030951,1.031023,1.031373,1.042847,1.031008,1.030382,1.022627,1.030947,1.032902,1.038231,1.041636,1.043299,1.040943,1.041873,0.978838,1.036428,1.031372,1.031320,1.043177,1.031107,1.048283,1.046262,1.037309,1.027818,0.997457,0.960144,0.964469,0.975731,0.972469,0.996622,1.032523,0.997239,0.982420,1.030188
8.113420,1.039923,1.035482,1.036261,1.028057,1.030914,1.030973,1.031044,1.031394,1.042855,1.031031,1.030405,1.022651,1.030970,1.032927,1.038257,1.041662,1.043327,1.040971,1.041892,0.978857,1.036453,1.031397,1.031345,1.043203,1.031142,1.048313,1.046291,1.037337,1.027845,0.997502,0.960163,0.964491,0.975745,0.972488,0.996645,1.032548,0.997273,0.982444,1.030188
8.121750,1.039923,1.035518,1.036292,1.028082,1.030936,1.030995,1.031065,1.031414,1.042863,1.031054,1.030428,1.022674,1.030994,1.032951,1.038281,1.041686,1.043354,1.041000,1.041912,0.978875,1.036478,1.031421,1.031370,1.043228,1.031177,1.048343,1.046320,1.037364,1.027871,0.997547,0.960182,0.964512,0.975758,0.972507,0.996669,1.032573,0.997306,0.982468,1.030187
8.130080,1.039923,1.035554,1.036322,1.028107,1.030958,1.031017,1.031085,1.031433,1.042871,1.031077,1.030450,1.022696,1.031017,1.032975,1.038306,1.041711,1.043381,1.041028,1.041931,0.978894,1.036502,1.031445,1.031394,1.043252,1.031211,1.048373,1.046348,1.037391,1.027897,0.997592,0.960201,0.964533,0.975771,0.972525,0.996691,1.032597,0.997340,0.982491,1.030187
8.138410,1.039922,1.035590,1.036352,1.028131,1.030979,1.031038,1.031105,1.031453,1.042879,1.031099,1.030472,1.022719,1.031039,1.032999,1.038330,1.041735,1.043407,1.041056,1.041949,0.978912,1.036526,1.031469,1.031418,1.043276,1.031245,1.048402,1.046376,1.037417,1.027922,0.997636,0.960219,0.964554,0.975784,0.972543,0.996714,1.032620,0.997373,0.982513,1.030186
8.146740,1.039921,1.035625,1.036382,1.028155,1.031000,1.031058,1.031124,1.031472,1.042887,1.031121,1.030493,1.022741,1.031061,1.033022,1.038353,1.041758,1.043433,1.041083,1.041967,0.978929,1.036549,1.031492,1.031441,1.043300,1.031279,1.048430,1.046403,1.037443,1.027947,0.997680,0.960238,0.964574,0.975796,0.972561,0.996736,1.032644,0.997405,0.982535,1.030185
8.155070,1.039920,1.035660,1.036411,1.028179,1.031021,1.031079,1.031143,1.031490,1.042894,1.031142,1.030515,1.022762,1.031083,1.033045,1.038376,1.041781,1.043458,1.041110,1.041985,0.978946,1.036572,1.031515,1.031464,1.043323,1.031312,1.048458,1.046430,1.037469,1.027972,0.997723,0.960255,0.964594,0.975808,0.972578,0.996757,1.032666,0.997437,0.982557,1.030185
8.163400,1.039919,1.035694,1.036439,1.028202,1.031041,1.031099,1.031162,1.031509,1.042901,1.031163,1.030535,1.022783,1.031105,1.033067,1.038399,1.041804,1.043483,1.041136,1.042002,0.978963,1.036594,1.031537,1.031486,1.043346,1.031344,1.048486,1.046456,1.037494,1.027996,0.997765,0.960273,0.964614,0.975819,0.972595,0.996778,1.032689,0.997468,0.982578,1.030184
8.171730,1.039918,1.035728,1.036468,1.028225,1.031061,1.031118,1.031181,1.031527,1.042908,1.031184,1.030556,1.022804,1.031126,1.033089,1.038421,1.041826,1.043508,1.041162,1.042019,0.978979,1.036616,1.031559,1.031508,1.043368,1.031377,1.048513,1.046482,1.037519,1.028019,0.997808,0.960290,0.964633,0.975830,0.972611,0.996799,1.032710,0.997499,0.982598,1.030183
8.180060,1.039917,1.035761,1.036495,1.028248,1.031080,1.031138,1.031199,1.031544,1.042915,1.031205,1.030576,1.022825,1.031147,1.033111,1.038443,1.041848,1.043532,1.041188,1.042035,0.978995,1.036638,1.031580,1.031529,1.043390,1.031408,1.048540,1.046508,1.037543,1.028042,0.997850,0.960307,0.964652,0.975841,0.972627,0.996819,1.032732,0.997530,0.982619,1.030181
8.188390,1.039916,1.035794,1.036523,1.028270,1.031100,1.031157,1.031217,1.031562,1.042922,1.031225,1.030596,1.022845,1.031167,1.033132,1.038464,1.041869,1.043556,1.041213,1.042051,0.979010,1.036659,1.031601,1.031550,1.043412,1.031440,1.048566,1.046533,1.037567,1.028065,0.997891,0.960323,0.964671,0.975851,0.972643,0.996839,1.032753,0.997560,0.982639,1.030180
8.196720,1.039914,1.035827,1.036550,1.028292,1.031118,1.031176,1.031235,1.031579,1.042928,1.031244,1.030615,1.022865,1.031187,1.033153,1.038485,1.041891,1.043579,1.041238,1.042067,0.979025,1.036680,1.031621,1.031571,1.043433,1.031471,1.048592,1.046558,1.037590,1.028087,0.997932,0.960340,0.964689,0.975861,0.972658,0.996858,1.032773,0.997590,0.982658,1.030179
8.205050,1.039913,1.035859,1.036577,1.028313,1.031137,1.031194,1.031252,1.031596,1.042934,1.031264,1.030634,1.022884,1.031207,1.033174,1.038506,1.041911,1.043602,1.041262,1.042082,0.979040,1.036700,1.031642,1.031591,1.043454,1.031501,1.048617,1.046582,1.037613,1.028109,0.997973,0.960356,0.964708,0.975871,0.972673,0.996878,1.032793,0.997620,0.982677,1.030177
8.213380,1.039911,1.035891,1.036603,1.028335,1.031155,1.031212,1.031269,1.031612,1.042940,1.031283,1.030653,1.022903,1.031226,1.033194,1.038527,1.041932,1.043625,1.041286,1.042097,0.979055,1.036720,1.031661,1.031611,1.043474,1.031531,1.048642,1.046606,1.037636,1.028131,0.998013,0.960371,0.964725,0.975880,0.972687,0.996896,1.032813,0.997649,0.982696,1.030175
8.221710,1.039909,1.035923,1.036629,1.028355,1.031173,1.031230,1.031286,1.031629,1.042946,1.031302,1.030672,1.022922,1.031246,1.033214,1.038547,1.041951,1.043647,1.041310,1.042112,0.979069,1.036740,1.031681,1.031631,1.043494,1.031561,1.048667,1.046630,1.037658,1.028152,0.998053,0.960387,0.964743,0.975889,0.972702,0.996915,1.032832,0.997678,0.982714,1.030174
8.230040,1.039908,1.035954,1.036655,1.028376,1.031191,1.031248,1.031303,1.031645,1.042952,1.031320,1.030690,1.022941,1.031264,1.033234,1.038566,1.041971,1.043669,1.041333,1.042126,0.979082,1.036759,1.031700,1.031650,1.043514,1.031591,1.048692,1.046653,1.037680,1.028173,0.998093,0.960402,0.964760,0.975897,0.972715,0.996933,1.032851,0.997706,0.982732,1.030172
8.238370,1.039906,1.035985,1.036680,1.028396,1.031209,1.031265,1.031319,1.031660,1.042958,1.031339,1.030708,1.022959,1.031283,1.033253,1.038586,1.041990,1.043691,1.041356,1.042140,0.979096,1.036778,1.031718,1.031669,1.043533,1.031620,1.048716,1.046676,1.037701,1.028193,0.998132,0.960417,0.964777,0.975906,0.972729,0.996950,1.032870,0.997734,0.982750,1.030170
8.246700,1.039904,1.036015,1.036705,1.028416,1.031226,1.031282,1.031335,1.031676,1.042963,1.031357,1.030725,1.022977,1.031301,1.033272,1.038605,1.042009,1.043712,1.041379,1.042153,0.979109,1.036797,1.031737,1.031687,1.043552,1.031649,1.048739,1.046699,1.037722,1.028213,0.998171,0.960432,0.964794,0.975914,0.972742,0.996968,1.032888,0.997762,0.982767,1.030168
8.255030,1.039901,1.036046,1.036730,1.028436,1.031243,1.031299,1.031350,1.031691,1.042968,1.031374,1.030743,1.022995,1.031319,1.033291,1.038624,1.042028,1.043733,1.041401,1.042166,0.979121,1.036815,1.031755,1.031706,1.043571,1.031677,1.048763,1.046721,1.037743,1.028233,0.998210,0.960446,0.964810,0.975921,0.972755,0.996985,1.032906,0.997790,0.982784,1.030166
8.263360,1.039899,1.036076,1.036754,1.028455,1.031259,1.031315,1.031366,1.031706,1.042973,1.031392,1.030760,1.023012,1.031337,1.033309,1.038642,1.042046,1.043753,1.041424,1.042179,0.979134,1.036833,1.031773,1.031723,1.043589,1.031706,1.048786,1.046743,1.037763,1.028252,0.998249,0.960460,0.964826,0.975929,0.972767,0.997001,1.032924,0.997817,0.982801,1.030164
8.271690,1.039897,1.036105,1.036779,1.028474,1.031276,1.031331,1.031381,1.031721,1.042978,1.031409,1.030777,1.023029,1.031354,1.033328,1.038660,1.042064,1.043774,1.041445,1.042192,0.979146,1.036851,1.031790,1.031741,1.043607,1.031734,1.048809,1.046765,1.037784,1.028271,0.998287,0.960474,0.964842,0.975936,0.972779,0.997018,1.032941,0.997844,0.982817,1.030161
8.280020,1.039895,1.036135,1.036803,1.028493,1.031292,1.031347,1.031396,1.031735,1.042983,1.031426,1.030793,1.023046,1.031372,1.033346,1.038678,1.042082,1.043794,1.041467,1.042204,0.979158,1.036868,1.031807,1.031758,1.043625,1.031761,1.048831,1.046786,1.037804,1.028290,0.998325,0.960488,0.964858,0.975943,0.972791,0.997034,1.032958,0.997870,0.982834,1.030159
8.288350,1.039892,1.036164,1.036826,1.028512,1.031308,1.031363,1.031411,1.031750,1.042988,1.031442,1.030810,1.023063,1.031389,1.033363,1.038696,1.042099,1.043813,1.041488,1.042216,0.979169,1.036886,1.031824,1.031775,1.043643,1.031789,1.048853,1.046807,1.037823,1.028309,0.998363,0.960501,0.964874,0.975949,0.972803,0.997050,1.032974,0.997897,0.982849,1.030157
8.296680,1.039890,1.036193,1.036850,1.028530,1.031324,1.031379,1.031425,1.031764,1.042992,1.031459,1.030826,1.023079,1.031405,1.033381,1.038713,1.042116,1.043833,1.041509,1.042227,0.979180,1.036902,1.031840,1.031791,1.043660,1.031816,1.048875,1.046828,1.037842,1.028327,0.998401,0.960515,0.964889,0.975956,0.972814,0.997065,1.032990,0.997923,0.982865,1.030154
8.305010,1.039887,1.036222,1.036873,1.028548,1.031339,1.031394,1.031440,1.031778,1.042997,1.031475,1.030842,1.023096,1.031422,1.033398,1.038730,1.042133,1.043852,1.041530,1.042239,0.979191,1.036919,1.031857,1.031808,1.043677,1.031843,1.048897,1.046848,1.037862,1.028345,0.998439,0.960528,0.964904,0.975962,0.972825,0.997081,1.033006,0.997949,0.982880,1.030152
8.313340,1.039884,1.036251,1.036896,1.028566,1.031354,1.031409,1.031454,1.031791,1.043001,1.031491,1.030857,1.023112,1.031438,1.033415,1.038747,1.042150,1.043871,1.041550,1.042250,0.979202,1.036935,1.031873,1.031824,1.043694,1.031870,1.048918,1.046869,1.037880,1.028363,0.998476,0.960541,0.964919,0.975967,0.972836,0.997096,1.033022,0.997975,0.982895,1.030149
8.321670,1.039882,1.036279,1.036919,1.028584,1.031369,1.031424,1.031468,1.031805,1.043005,1.031507,1.030873,1.023127,1.031454,1.033432,1.038763,1.042166,1.043890,1.041571,1.042261,0.979213,1.036951,1.031888,1.031840,1.043710,1.031896,1.048940,1.046889,1.037899,1.028380,0.998513,0.960554,0.964934,0.975973,0.972846,0.997110,1.033037,0.998000,0.982910,1.030146
8.330000,1.039879,1.036307,1.036941,1.028602,1.031384,1.031439,1.031482,1.031818,1.043009,1.031522,1.030888,1.023143,1.031470,1.033448,1.038780,1.042182,1.043909,1.041591,1.042272,0.979223,1.036967,1.031904,1.031855,1.043726,1.031923,1.048961,1.046909,1.037917,1.028398,0.998551,0.960566,0.964948,0.975978,0.972857,0.997125,1.033053,0.998025,0.982925,1.030143
8.338330,1.039876,1.036335,1.036963,1.028619,1.031399,1.031453,1.031495,1.031831,1.043013,1.031538,1.030903,1.023158,1.031486,1.033465,1.038796,1.042198,1.043927,1.041611,1.042282,0.979233,1.036983,1.031919,1.031870,1.043742,1.031949,1.048982,1.046928,1.037935,1.028415,0.998588,0.960579,0.964962,0.975984,0.972867,0.997139,1.033068,0.998050,0.982939,1.030141
8.346660,1.039873,1.036363,1.036986,1.028636,1.031413,1.031467,1.031509,1.031844,1.043017,1.031553,1.030918,1.023174,1.031501,1.033481,1.038812,1.042214,1.043945,1.041630,1.042292,0.979243,1.036998,1.031934,1.031886,1.043758,1.031975,1.049002,1.046948,1.037953,1.028432,0.998625,0.960591,0.964977,0.975989,0.972877,0.997153,1.033082,0.998075,0.982954,1.030138
8.354990,1.039870,1.036391,1.037007,1.028653,1.031428,1.031482,1.031522,1.031857,1.043020,1.031568,1.030933,1.023189,1.031516,1.033497,1.038827,1.042230,1.043963,1.041650,1.042302,0.979253,1.037013,1.031949,1.031900,1.043773,1.032001,1.049023,1.046967,1.037971,1.028448,0.998662,0.960603,0.964990,0.975993,0.972886,0.997167,1.033097,0.998100,0.982968,1.030135
8.363320,1.039867,1.036418,1.037029,1.028670,1.031442,1.031496,1.031535,1.031870,1.043024,1.031583,1.030948,1.023203,1.031531,1.033513,1.038843,1.042245,1.043981,1.041669,1.042312,0.979262,1.037028,1.031963,1.031915,1.043789,1.032026,1.049043,1.046986,1.037989,1.028465,0.998698,0.960615,0.965004,0.975998,0.972896,0.997181,1.033111,0.998124,0.982981,1.030132
8.371650,1.039864,1.036445,1.037051,1.028686,1.031456,1.031509,1.031548,1.031882,1.043028,1.031597,1.030962,1.023218,1.031546,1.033528,1.038858,1.042260,1.043998,1.041688,1.042321,0.979271,1.037043,1.031977,1.031929,1.043804,1.032052,1.049063,1.047005,1.038006,1.028481,0.998735,0.960626,0.965018,0.976002,0.972905,0.997194,1.033125,0.998149,0.982995,1.030129
8.379980,1.039861,1.036473,1.037072,1.028703,1.031470,1.031523,1.031561,1.031894,1.043031,1.031612,1.030976,1.023233,1.031561,1.033544,1.038873,1.042275,1.044015,1.041707,1.042331,0.979280,1.037057,1.031992,1.031944,1.043819,1.032077,1.049083,1.047024,1.038023,1.028497,0.998772,0.960638,0.965031,0.976007,0.972914,0.997207,1.033138,0.998173,0.983009,1.030126
8.388310,1.039858,1.036500,1.037093,1.028719,1.031483,1.031537,1.031573,1.031907,1.043034,1.031626,1.030990,1.023247,1.031576,1.033559,1.038888,1.042289,1.044033,1.041726,1.042340,0.979289,1.037072,1.032006,1.031958,1.043833,1.032102,1.049102,1.047042,1.038040,1.028513,0.998808,0.960650,0.965045,0.976011,0.972923,0.997220,1.033152,0.998197,0.983022,1.030123
8.396640,1.039855,1.036527,1.037115,1.028735,1.031497,1.031550,1.031586,1.031919,1.043038,1.031640,1.031004,1.023261,1.031590,1.033574,1.038903,1.042304,1.044049,1.041744,1.042349,0.979298,1.037086,1.032019,1.031971,1.043848,1.032127,1.049122,1.047061,1.038057,1.028529,0.998845,0.960661,0.965058,0.976014,0.972931,0.997233,1.033165,0.998221,0.983035,1.030120
8.404970,1.039852,1.036554,1.037136,1.028751,1.031510,1.031563,1.031598,1.031930,1.043041,1.031654,1.031018,1.023275,1.031604,1.033589,1.038918,1.042318,1.044066,1.041763,1.042358,0.979306,1.037100,1.032033,1.031985,1.043862,1.032152,1.049141,1.047079,1.038073,1.028544,0.998881,0.960672,0.965071,0.976018,0.972940,0.997246,1.033179,0.998245,0.983048,1.030117
8.413300,1.039849,1.036580,1.037156,1.028766,1.031523,1.031576,1.031610,1.031942,1.043044,1.031668,1.031031,1.023289,1.031618,1.033604,1.038932,1.042332,1.044083,1.041781,1.042366,0.979314,1.037114,1.032046,1.031998,1.043876,1.032177,1.049160,1.047097,1.038090,1.028560,0.998917,0.960683,0.965084,0.976022,0.972948,0.997258,1.033191,0.998268,0.983061,1.030114
8.421630,1.039846,1.036607,1.037177,1.028782,1.031537,1.031589,1.031622,1.031954,1.043047,1.031682,1.031045,1.023303,1.031632,1.033618,1.038946,1.042346,1.044099,1.041799,1.042375,0.979322,1.037127,1.032059,1.032012,1.043890,1.032202,1.049179,1.047115,1.038106,1.028575,0.998954,0.960694,0.965096,0.976025,0.972956,0.997270,1.033204,0.998292,0.983074,1.030110
8.429960,1.039842,1.036633,1.037197,1.028797,1.031549,1.031602,1.031634,1.031965,1.043050,1.031695,1.031058,1.023316,1.031646,1.033633,1.038960,1.042360,1.044116,1.041817,1.042383,0.979330,1.037140,1.032072,1.032025,1.043904,1.032226,1.049198,1.047132,1.038122,1.028590,0.998990,0.960705,0.965109,0.976028,0.972964,0.997282,1.033217,0.998315,0.983086,1.030107
8.438290,1.039839,1.036660,1.037218,1.028813,1.031562,1.031614,1.031646,1.031976,1.043053,1.031709,1.031071,1.023330,1.031660,1.033647,1.038974,1.042374,1.044132,1.041834,1.042391,0.979338,1.037154,1.032085,1.032037,1.043918,1.032250,1.049217,1.047150,1.038138,1.028605,0.999026,0.960715,0.965121,0.976031,0.972972,0.997294,1.033229,0.998338,0.983098,1.030104
8.446620,1.039836,1.036686,1.037238,1.028828,1.031575,1.031627,1.031657,1.031988,1.043055,1.031722,1.031084,1.023343,1.031673,1.033661,1.038988,1.042387,1.044148,1.041852,1.042399,0.979346,1.037167,1.032098,1.032050,1.043931,1.032275,1.049236,1.047167,1.038154,1.028620,0.999062,0.960726,0.965134,0.976034,0.972979,0.997306,1.033241,0.998361,0.983111,1.030101
8.454950,1.039832,1.036712,1.037258,1.028843,1.031587,1.031639,1.031669,1.031999,1.043058,1.031735,1.031097,1.023356,1.031687,1.033675,1.039001,1.042400,1.044164,1.041869,1.042407,0.979353,1.037180,1.032110,1.032063,1.043945,1.032299,1.049254,1.047185,1.038170,1.028634,0.999098,0.960736,0.965146,0.976037,0.972987,0.997317,1.033253,0.998384,0.983123,1.030097
8.463280,1.039829,1.036738,1.037278,1.028858,1.031600,1.031651,1.031680,1.032010,1.043061,1.031748,1.031110,1.023369,1.031700,1.033689,1.039015,1.042414,1.044179,1.041887,1.042414,0.979360,1.037192,1.032122,1.032075,1.043958,1.032323,1.049272,1.047202,1.038185,1.028649,0.999134,0.960746,0.965158,0.976040,0.972994,0.997329,1.033265,0.998407,0.983135,1.030094
8.471610,1.039826,1.036764,1.037298,1.028872,1.031612,1.031663,1.031691,1.032020,1.043063,1.031761,1.031122,1.023382,1.031713,1.033702,1.039028,1.042427,1.044195,1.041904,1.042422,0.979367,1.037205,1.032134,1.032087,1.043971,1.032347,1.049290,1.047219,1.038201,1.028663,0.999170,0.960756,0.965170,0.976042,0.973001,0.997340,1.033277,0.998429,0.983147,1.030091
8.479940,1.039822,1.036789,1.037317,1.028887,1.031624,1.031675,1.031702,1.032031,1.043066,1.031773,1.031135,1.023394,1.031726,1.033716,1.039041,1.042439,1.044210,1.041921,1.042429,0.979374,1.037217,1.032146,1.032099,1.043983,1.032371,1.049308,1.047235,1.038216,1.028678,0.999206,0.960766,0.965182,0.976044,0.973008,0.997351,1.033288,0.998452,0.983158,1.030087
8.488270,1.039819,1.036815,1.037337,1.028901,1.031636,1.031687,1.031713,1.032042,1.043068,1.031786,1.031147,1.023407,1.031738,1.033729,1.039054,1.042452,1.044225,1.041938,1.042436,0.979381,1.037229,1.032158,1.032111,1.043996,1.032394,1.049326,1.047252,1.038231,1.028692,0.999242,0.960776,0.965193,0.976046,0.973014,0.997361,1.033300,0.998474,0.983170,1.030084
8.496600,1.039815,1.036841,1.037356,1.028915,1.031648,1.031698,1.031724,1.032052,1.043071,1.031798,1.031159,1.023419,1.031751,1.033743,1.039067,1.042464,1.044240,1.041954,1.042443,0.979388,1.037241,1.032169,1.032123,1.044008,1.032418,1.049344,1.047269,1.038246,1.028706,0.999278,0.960786,0.965205,0.976048,0.973021,0.997372,1.033311,0.998496,0.983181,1.030080
8.504930,1.039812,1.036866,1.037375,1.028929,1.031659,1.031710,1.031735,1.032062,1.043073,1.031810,1.031171,1.023432,1.031763,1.033756,1.039079,1.042477,1.044255,1.041971,1.042449,0.979394,1.037253,1.032181,1.032134,1.044021,1.032441,1.049362,1.047285,1.038261,1.028719,0.999314,0.960795,0.965216,0.976050,0.973027,0.997382,1.033322,0.998519,0.983192,1.030077
8.513260,1.039808,1.036891,1.037394,1.028943,1.031671,1.031721,1.031745,1.032072,1.043075,1.031822,1.031183,1.023444,1.031776,1.033768,1.039092,1.042489,1.044270,1.041987,1.042456,0.979400,1.037265,1.032192,1.032145,1.044033,1.032464,1.049379,1.047301,1.038276,1.028733,0.999349,0.960805,0.965227,0.976052,0.973033,0.997393,1.033332,0.998541,0.983203,1.030074
8.521590,1.039805,1.036916,1.037413,1.028957,1.031682,1.031732,1.031756,1.032082,1.043077,1.031834,1.031194,1.023456,1.031788,1.033781,1.039104,1.042501,1.044284,1.042003,1.042462,0.979406,1.037276,1.032203,1.032156,1.044045,1.032488,1.049396,1.047317,1.038290,1.028746,0.999385,0.960814,0.965238,0.976053,0.973039,0.997403,1.033343,0.998562,0.983214,1.030070
8.529920,1.039801,1.036941,1.037432,1.028971,1.031693,1.031743,1.031766,1.032092,1.043079,1.031846,1.031206,1.023467,1.031800,1.033794,1.039116,1.042512,1.044299,1.042019,1.042468,0.979412,1.037288,1.032214,1.032167,1.044056,1.032510,1.049413,1.047333,1.038304,1.028760,0.999420,0.960823,0.965249,0.976054,0.973045,0.997413,1.033353,0.998584,0.983225,1.030067
8.538250,1.039798,1.036966,1.037450,1.028984,1.031704,1.031754,1.031776,1.032102,1.043081,1.031858,1.031217,1.023479,1.031812,1.033806,1.039128,1.042524,1.044313,1.042035,1.042474,0.979418,1.037299,1.032224,1.032178,1.044068,1.032533,1.049430,1.047348,1.038318,1.028773,0.999456,0.960832,0.965260,0.976056,0.973051,0.997422,1.033363,0.998605,0.983236,1.030063
8.546580,1.039794,1.036991,1.037469,1.028997,1.031715,1.031765,1.031786,1.032111,1.043083,1.031869,1.031228,1.023490,1.031823,1.033818,1.039139,1.042535,1.044327,1.042051,1.042480,0.979423,1.037310,1.032235,1.032188,1.044079,1.032556,1.049447,1.047364,1.038332,1.028786,0.999491,0.960841,0.965271,0.976057,0.973056,0.997432,1.033373,0.998627,0.983246,1.030060
8.554910,1.039791,1.037015,1.037487,1.029010,1.031726,1.031776,1.031796,1.032121,1.043085,1.031880,1.031239,1.023502,1.031835,1.033830,1.039151,1.042547,1.044341,1.042066,1.042486,0.979429,1.037320,1.032245,1.032198,1.044090,1.032578,1.049463,1.047379,1.038346,1.028798,0.999526,0.960850,0.965281,0.976057,0.973062,0.997441,1.033383,0.998648,0.983256,1.030056
8.563240,1.039787,1.037039,1.037505,1.029023,1.031736,1.031786,1.031805,1.032130,1.043087,1.031891,1.031250,1.023513,1.031846,1.033842,1.039162,1.042557,1.044354,1.042082,1.042491,0.979434,1.037331,1.032255,1.032209,1.044101,1.032601,1.049480,1.047394,1.038360,1.028811,0.999561,0.960858,0.965291,0.976058,0.973067,0.997450,1.033393,0.998669,0.983266,1.030053
8.571570,1.039784,1.037063,1.037522,1.029036,1.031747,1.031796,1.031815,1.032139,1.043088,1.031902,1.031261,1.023524,1.031857,1.033854,1.039173,1.042568,1.044368,1.042097,1.042496,0.979439,1.037341,1.032265,1.032218,1.044112,1.032623,1.049496,1.047409,1.038373,1.028823,0.999595,0.960866,0.965302,0.976058,0.973071,0.997459,1.033402,0.998690,0.983276,1.030049
8.579900,1.039780,1.037087,1.037540,1.029048,1.031757,1.031806,1.031824,1.032148,1.043090,1.031913,1.031271,1.023534,1.031868,1.033865,1.039184,1.042579,1.044381,1.042111,1.042501,0.979443,1.037351,1.032274,1.032228,1.044122,1.032645,1.049512,1.047424,1.038386,1.028835,0.999630,0.960875,0.965312,0.976058,0.973076,0.997467,1.033411,0.998710,0.983286,1.030046
8.588230,1.039777,1.037111,1.037557,1.029061,1.031767,1.031816,1.031833,1.032157,1.043091,1.031923,1.031282,1.023545,1.031879,1.033877,1.039195,1.042589,1.044394,1.042126,1.042506,0.979448,1.037361,1.032283,1.032237,1.044133,1.032666,1.049527,1.047438,1.038399,1.028847,0.999664,0.960883,0.965321,0.976058,0.973080,0.997476,1.033420,0.998731,0.983295,1.030042
8.596560,1.039773,1.037134,1.037574,1.029073,1.031777,1.031826,1.031842,1.032165,1.043093,1.031934,1.031292,1.023555,1.031889,1.033888,1.039205,1.042599,1.044406,1.042140,1.042510,0.979452,1.037370,1.032293,1.032246,1.044143,1.032688,1.049543,1.047452,1.038412,1.028859,0.999699,0.960890,0.965331,0.976058,0.973085,0.997484,1.033428,0.998751,0.983304,1.030038
8.604890,1.039769,1.037157,1.037591,1.029085,1.031786,1.031835,1.031851,1.032174,1.043094,1.031944,1.031302,1.023565,1.031899,1.033899,1.039215,1.042609,1.044419,1.042155,1.042514,0.979456,1.037380,1.032301,1.032255,1.044153,1.032709,1.049558,1.047466,1.038424,1.028870,0.999733,0.960898,0.965340,0.976058,0.973088,0.997492,1.033437,0.998771,0.983313,1.030035
8.613220,1.039766,1.037180,1.037608,1.029096,1.031796,1.031844,1.031859,1.032182,1.043096,1.031954,1.031311,1.023575,1.031910,1.033909,1.039225,1.042619,1.044431,1.042168,1.042518,0.979460,1.037389,1.032310,1.032264,1.044162,1.032730,1.049573,1.047480,1.038437,1.028882,0.999766,0.960905,0.965349,0.976057,0.973092,0.997500,1.033445,0.998791,0.983322,1.030031
8.621550,1.039762,1.037203,1.037624,1.029108,1.031805,1.031853,1.031868,1.032190,1.043097,1.031963,1.031321,1.023585,1.031919,1.033920,1.039235,1.042628,1.044443,1.042182,1.042522,0.979463,1.037398,1.032318,1.032272,1.044171,1.032751,1.049588,1.047493,1.038448,1.028892,0.999800,0.960913,0.965358,0.976056,0.973096,0.997507,1.033452,0.998810,0.983331,1.030028
8.629880,1.039758,1.037226,1.037640,1.029119,1.031814,1.031862,1.031876,1.032198,1.043098,1.031973,1.031330,1.023594,1.031929,1.033930,1.039244,1.042637,1.044455,1.042195,1.042525,0.979467,1.037406,1.032326,1.032280,1.044180,1.032771,1.049602,1.047507,1.038460,1.028903,0.999833,0.960920,0.965367,0.976055,0.973099,0.997514,1.033460,0.998829,0.983339,1.030024
8.638210,1.039755,1.037248,1.037656,1.029130,1.031823,1.031871,1.031884,1.032205,1.043099,1.031982,1.031339,1.023604,1.031938,1.033940,1.039253,1.042646,1.044466,1.042209,1.042529,0.979470,1.037414,1.032334,1.032288,1.044189,1.032791,1.049617,1.047520,1.038472,1.028914,0.999866,0.960926,0.965376,0.976053,0.973102,0.997521,1.033467,0.998848,0.983347,1.030020
8.646540,1.039751,1.037270,1.037672,1.029141,1.031831,1.031879,1.031891,1.032213,1.043100,1.031991,1.031348,1.023613,1.031948,1.033949,1.039262,1.042654,1.044477,1.042221,1.042532,0.979472,1.037422,1.032341,1.032296,1.044198,1.032811,1.049630,1.047532,1.038483,1.028924,0.999899,0.960933,0.965384,0.976052,0.973104,0.997527,1.033474,0.998867,0.983355,1.030017
8.654870,1.039747,1.037291,1.037687,1.029151,1.031840,1.031887,1.031899,1.032220,1.043100,1.032000,1.031356,1.023621,1.031957,1.033959,1.039271,1.042662,1.044488,1.042234,1.042534,0.979475,1.037430,1.032348,1.032303,1.044206,1.032831,1.049644,1.047545,1.038494,1.028933,0.999931,0.960939,0.965392,0.976050,0.973107,0.997534,1.033481,0.998885,0.983362,1.030013
8.663200,1.039744,1.037312,1.037702,1.029161,1.031848,1.031895,1.031906,1.032227,1.043101,1.032008,1.031365,1.023630,1.031965,1.033968,1.039279,1.042670,1.044499,1.042246,1.042536,0.979477,1.037438,1.032355,1.032310,1.044214,1.032850,1.049657,1.047557,1.038504,1.028943,0.999963,0.960946,0.965400,0.976047,0.973109,0.997540,1.033487,0.998904,0.983369,1.030009
8.671530,1.039740,1.037333,1.037717,1.029171,1.031856,1.031903,1.031913,1.032233,1.043102,1.032016,1.031373,1.023638,1.031974,1.033977,1.039287,1.042678,1.044509,1.042258,1.042538,0.979479,1.037445,1.032362,1.032316,1.044221,1.032869,1.049670,1.047568,1.038514,1.028952,0.999995,0.960951,0.965408,0.976045,0.973110,0.997545,1.033493,0.998921,0.983376,1.030006
8.679860,1.039736,1.037354,1.037731,1.029181,1.031863,1.031910,1.031920,1.032240,1.043102,1.032024,1.031380,1.023646,1.031982,1.033985,1.039295,1.042685,1.044519,1.042270,1.042540,0.979481,1.037451,1.032368,1.032323,1.044228,1.032888,1.049683,1.047580,1.038524,1.028961,1.000026,0.960957,0.965415,0.976042,0.973112,0.997551,1.033498,0.998939,0.983383,1.030002
8.688190,1.039732,1.037374,1.037745,1.029190,1.031870,1.031917,1.031926,1.032246,1.043102,1.032032,1.031388,1.023654,1.031989,1.033994,1.039302,1.042692,1.044528,1.042281,1.042541,0.979482,1.037458,1.032374,1.032328,1.044235,1.032906,1.049695,1.047591,1.038534,1.028970,1.000057,0.960962,0.965422,0.976039,0.973113,0.997556,1.033504,0.998956,0.983389,1.029998
8.696520,1.039729,1.037394,1.037759,1.029199,1.031877,1.031924,1.031933,1.032252,1.043103,1.032039,1.031395,1.023661,1.031997,1.034002,1.039309,1.042699,1.044538,1.042292,1.042542,0.979483,1.037464,1.032379,1.032334,1.044242,1.032924,1.049707,1.047601,1.038543,1.028978,1.000088,0.960968,0.965429,0.976035,0.973114,0.997560,1.033509,0.998973,0.983395,1.029995
8.704850,1.039725,1.037413,1.037772,1.029208,1.031884,1.031931,1.031939,1.032258,1.043103,1.032046,1.031402,1.023668,1.032004,1.034009,1.039316,1.042705,1.044546,1.042303,1.042543,0.979483,1.037470,1.032384,1.032339,1.044248,1.032942,1.049719,1.047612,1.038552,1.028986,1.000118,0.960972,0.965436,0.976032,0.973114,0.997565,1.033513,0.998989,0.983400,1.029991
8.713180,1.039721,1.037433,1.037785,1.029216,1.031891,1.031937,1.031944,1.032263,1.043103,1.032053,1.031409,1.023675,1.032011,1.034016,1.039322,1.042711,1.044555,1.042313,1.042543,0.979483,1.037475,1.032389,1.032344,1.044254,1.032959,1.049730,1.047622,1.038560,1.028993,1.000148,0.960977,0.965442,0.976028,0.973114,0.997568,1.033517,0.999006,0.983406,1.029987
8.721510,1.039717,1.037451,1.037798,1.029224,1.031897,1.031943,1.031950,1.032268,1.043103,1.032059,1.031415,1.023681,1.032018,1.034023,1.039328,1.042717,1.044563,1.042323,1.042543,0.979483,1.037480,1.032394,1.032349,1.044259,1.032976,1.049741,1.047631,1.038568,1.029000,1.000178,0.960981,0.965448,0.976023,0.973114,0.997572,1.033521,0.999021,0.983410,1.029983
8.729840,1.039713,1.037470,1.037810,1.029232,1.031903,1.031949,1.031955,1.032273,1.043102,1.032066,1.031421,1.023687,1.032024,1.034030,1.039334,1.042722,1.044571,1.042332,1.042543,0.979483,1.037484,1.032398,1.032353,1.044265,1.032993,1.049751,1.047640,1.038576,1.029007,1.000207,0.960985,0.965453,0.976018,0.973113,0.997575,1.033525,0.999037,0.983415,1.029979
8.738170,1.039710,1.037487,1.037822,1.029240,1.031908,1.031954,1.031960,1.032278,1.043102,1.032071,1.031426,1.023693,1.032030,1.034036,1.039339,1.042727,1.044578,1.042341,1.042542,0.979482,1.037489,1.032401,1.032356,1.044269,1.033009,1.049761,1.047649,1.038583,1.029013,1.000235,0.960989,0.965459,0.976013,0.973112,0.997578,1.033528,0.999052,0.983419,1.029976
8.746500,1.039706,1.037505,1.037833,1.029247,1.031913,1.031959,1.031964,1.032282,1.043101,1.032077,1.031432,1.023699,1.032036,1.034042,1.039344,1.042731,1.044585,1.042350,1.042540,0.979481,1.037493,1.032405,1.032360,1.044274,1.033024,1.049771,1.047658,1.038590,1.029019,1.000263,0.960993,0.965464,0.976008,0.973111,0.997581,1.033530,0.999066,0.983422,1.029972
8.754830,1.039702,1.037522,1.037844,1.029253,1.031918,1.031964,1.031969,1.032286,1.043101,1.032082,1.031437,1.023704,1.032041,1.034048,1.039349,1.042735,1.044592,1.042358,1.042539,0.979479,1.037496,1.032407,1.032362,1.044278,1.033039,1.049780,1.047666,1.038596,1.029024,1.000291,0.960996,0.965469,0.976002,0.973109,0.997583,1.033532,0.999081,0.983426,1.029968
8.763160,1.039698,1.037538,1.037854,1.029260,1.031923,1.031968,1.031973,1.032290,1.043100,1.032087,1.031441,1.023709,1.032046,1.034053,1.039353,1.042739,1.044598,1.042366,1.042537,0.979477,1.037499,1.032410,1.032365,1.044281,1.033054,1.049789,1.047673,1.038602,1.029029,1.000318,0.960999,0.965473,0.975995,0.973107,0.997584,1.033534,0.999094,0.983428,1.029964
8.771490,1.039694,1.037554,1.037865,1.029266,1.031927,1.031972,1.031976,1.032294,1.043099,1.032091,1.031446,1.023713,1.032050,1.034058,1.039356,1.042742,1.044604,1.042373,1.042534,0.979475,1.037501,1.032412,1.032367,1.044284,1.033068,1.049797,1.047680,1.038608,1.029034,1.000344,0.961001,0.965477,0.975989,0.973104,0.997585,1.033535,0.999108,0.983431,1.029960
8.779820,1.039690,1.037570,1.037874,1.029271,1.031931,1.031976,1.031980,1.032297,1.043098,1.032095,1.031450,1.023717,1.032054,1.034063,1.039360,1.042744,1.044609,1.042380,1.042531,0.979472,1.037504,1.032413,1.032368,1.044287,1.033082,1.049805,1.047687,1.038613,1.029038,1.000370,0.961003,0.965481,0.975982,0.973101,0.997586,1.033536,0.999120,0.983433,1.029956
8.788150,1.039686,1.037585,1.037883,1.029276,1.031934,1.031979,1.031983,1.032299,1.043097,1.032099,1.031453,1.023721,1.032058,1.034067,1.039362,1.042747,1.044614,1.042387,1.042528,0.979469,1.037505,1.032414,1.032370,1.044289,1.033096,1.049812,1.047693,1.038617,1.029041,1.000396,0.961005,0.965484,0.975974,0.973098,0.997587,1.033537,0.999133,0.983434,1.029952
8.796480,1.039682,1.037600,1.037892,1.029281,1.031938,1.031982,1.031985,1.032302,1.043095,1.032102,1.031457,1.023724,1.032062,1.034070,1.039365,1.042748,1.044618,1.042393,1.042524,0.979465,1.037507,1.032415,1.032370,1.044291,1.033108,1.049819,1.047699,1.038622,1.029045,1.000421,0.961007,0.965487,0.975966,0.973094,0.997587,1.033537,0.999145,0.983435,1.029948
8.804810,1.039678,1.037614,1.037900,1.029286,1.031941,1.031985,1.031988,1.032304,1.043094,1.032105,1.031459,1.023727,1.032065,1.034074,1.039367,1.042750,1.044622,1.042398,1.042520,0.979461,1.037507,1.032415,1.032370,1.044292,1.033121,1.049825,1.047704,1.038625,1.029047,1.000445,0.961008,0.965490,0.975958,0.973090,0.997586,1.033536,0.999156,0.983436,1.029944
8.813140,1.039674,1.037627,1.037908,1.029290,1.031943,1.031987,1.031990,1.032306,1.043092,1.032108,1.031462,1.023730,1.032067,1.034077,1.039368,1.042751,1.044625,1.042403,1.042515,0.979456,1.037508,1.032415,1.032370,1.044293,1.033133,1.049831,1.047709,1.038628,1.029049,1.000469,0.961009,0.965493,0.975949,0.973085,0.997585,1.033535,0.999167,0.983436,1.029940
8.821470,1.039670,1.037640,1.037916,1.029293,1.031945,1.031989,1.031991,1.032307,1.043090,1.032110,1.031464,1.023732,1.032070,1.034079,1.039369,1.042751,1.044628,1.042408,1.042510,0.979451,1.037507,1.032414,1.032369,1.044293,1.033144,1.049836,1.047713,1.038631,1.029051,1.000493,0.961009,0.965495,0.975940,0.973080,0.997584,1.033534,0.999178,0.983436,1.029936
8.829800,1.039666,1.037653,1.037922,1.029296,1.031947,1.031991,1.031992,1.032308,1.043088,1.032112,1.031466,1.023734,1.032072,1.034081,1.039370,1.042751,1.044631,1.042412,1.042504,0.979446,1.037507,1.032413,1.032368,1.044293,1.033155,1.049841,1.047717,1.038633,1.029052,1.000515,0.961009,0.965496,0.975931,0.973074,0.997582,1.033532,0.999188,0.983435,1.029932
8.838130,1.039662,1.037665,1.037929,1.029299,1.031948,1.031992,1.031993,1.032309,1.043086,1.032113,1.031467,1.023735,1.032073,1.034083,1.039370,1.042751,1.044633,1.042416,1.042498,0.979440,1.037506,1.032411,1.032367,1.044293,1.033165,1.049846,1.047720,1.038635,1.029053,1.000537,0.961009,0.965497,0.975921,0.973068,0.997579,1.033529,0.999198,0.983434,1.029928
8.846460,1.039658,1.037676,1.037935,1.029301,1.031949,1.031993,1.031994,1.032310,1.043084,1.032114,1.031468,1.023736,1.032074,1.034084,1.039370,1.042750,1.044634,1.042419,1.042491,0.979434,1.037504,1.032409,1.032364,1.044292,1.033175,1.049849,1.047723,1.038636,1.029053,1.000559,0.961008,0.965498,0.975910,0.973061,0.997576,1.033526,0.999207,0.983432,1.029924
8.854790,1.039654,1.037687,1.037940,1.029303,1.031950,1.031993,1.031994,1.032310,1.043081,1.032115,1.031468,1.023737,1.032075,1.034085,1.039369,1.042748,1.044635,1.042422,1.042484,0.979427,1.037502,1.032406,1.032362,1.044290,1.033184,1.049853,1.047725,1.038636,1.029053,1.000580,0.961007,0.965499,0.975899,0.973054,0.997573,1.033523,0.999215,0.983430,1.029920
8.863120,1.039649,1.037698,1.037945,1.029305,1.031950,1.031993,1.031994,1.032309,1.043079,1.032115,1.031468,1.023737,1.032075,1.034085,1.039368,1.042746,1.044636,1.042424,1.042477,0.979420,1.037499,1.032403,1.032358,1.044288,1.033193,1.049855,1.047727,1.038637,1.029052,1.000600,0.961006,0.965499,0.975888,0.973047,0.997569,1.033519,0.999223,0.983427,1.029916
8.871450,1.039645,1.037707,1.037949,1.029306,1.031950,1.031993,1.031993,1.032309,1.043076,1.032114,1.031468,1.023736,1.032075,1.034085,1.039366,1.042744,1.044636,1.042425,1.042468,0.979412,1.037496,1.032399,1.032355,1.044286,1.033201,1.049858,1.047728,1.038636,1.029050,1.000620,0.961004,0.965499,0.975876,0.973039,0.997565,1.033514,0.999231,0.983423,1.029912
8.879780,1.039641,1.037717,1.037953,1.029306,1.031949,1.031992,1.031992,1.032308,1.043073,1.032114,1.031467,1.023736,1.032074,1.034084,1.039364,1.042741,1.044635,1.042427,1.042460,0.979403,1.037493,1.032395,1.032351,1.044283,1.033208,1.049859,1.047728,1.038635,1.029049,1.000639,0.961002,0.965498,0.975864,0.973030,0.997560,1.033509,0.999238,0.983420,1.029908
8.888110,1.039637,1.037725,1.037956,1.029306,1.031948,1.031991,1.031991,1.032306,1.043070,1.032113,1.031466,1.023735,1.032073,1.034083,1.039361,1.042737,1.044634,1.042427,1.042451,0.979395,1.037489,1.032390,1.032346,1.044279,1.033215,1.049861,1.047729,1.038633,1.029046,1.000658,0.961000,0.965497,0.975851,0.973021,0.997555,1.033503,0.999244,0.983415,1.029904
8.896440,1.039633,1.037733,1.037959,1.029306,1.031946,1.031989,1.031989,1.032305,1.043067,1.032111,1.031465,1.023733,1.032071,1.034082,1.039358,1.042733,1.044633,1.042427,1.042441,0.979386,1.037484,1.032385,1.032341,1.044275,1.033222,1.049861,1.047728,1.038631,1.029043,1.000675,0.960997,0.965495,0.975838,0.973012,0.997549,1.033497,0.999250,0.983410,1.029900
8.904770,1.039629,1.037741,1.037962,1.029305,1.031945,1.031987,1.031987,1.032303,1.043063,1.032109,1.031463,1.023731,1.032069,1.034080,1.039354,1.042729,1.044631,1.042427,1.042431,0.979376,1.037479,1.032379,1.032335,1.044270,1.033228,1.049861,1.047727,1.038629,1.029039,1.000693,0.960994,0.965494,0.975824,0.973002,0.997543,1.033491,0.999256,0.983405,1.029895
8.913100,1.039624,1.037748,1.037963,1.029304,1.031942,1.031985,1.031985,1.032300,1.043059,1.032107,1.031460,1.023729,1.032067,1.034078,1.039350,1.042724,1.044628,1.042426,1.042420,0.979366,1.037473,1.032373,1.032329,1.044265,1.033233,1.049861,1.047726,1.038626,1.029035,1.000709,0.960990,0.965491,0.975810,0.972991,0.997536,1.033484,0.999260,0.983399,1.029891
8.921430,1.039620,1.037754,1.037965,1.029303,1.031940,1.031982,1.031982,1.032297,1.043056,1.032104,1.031458,1.023726,1.032064,1.034075,1.039345,1.042718,1.044625,1.042424,1.042409,0.979355,1.037467,1.032366,1.032322,1.044260,1.033238,1.049860,1.047724,1.038622,1.029031,1.000725,0.960986,0.965489,0.975795,0.972980,0.997529,1.033476,0.999265,0.983393,1.029887
8.929760,1.039616,1.037760,1.037965,1.029300,1.031937,1.031979,1.031979,1.032294,1.043052,1.032101,1.031454,1.023723,1.032061,1.034072,1.039340,1.042712,1.044621,1.042422,1.042397,0.979344,1.037461,1.032359,1.032315,1.044254,1.033242,1.049858,1.047721,1.038618,1.029025,1.000741,0.960982,0.965486,0.975780,0.972969,0.997521,1.033468,0.999269,0.983386,1.029883
8.938090,1.039611,1.037765,1.037965,1.029298,1.031933,1.031975,1.031975,1.032291,1.043048,1.032097,1.031451,1.023719,1.032057,1.034068,1.039335,1.042706,1.044617,1.042420,1.042385,0.979332,1.037453,1.032351,1.032307,1.044247,1.033246,1.049856,1.047718,1.038613,1.029020,1.000755,0.960977,0.965482,0.975764,0.972957,0.997513,1.033459,0.999272,0.983378,1.029879
8.946420,1.039607,1.037770,1.037965,1.029295,1.031930,1.031971,1.031971,1.032287,1.043044,1.032093,1.031447,1.023715,1.032053,1.034064,1.039328,1.042699,1.044612,1.042417,1.042372,0.979320,1.037446,1.032343,1.032298,1.044240,1.033249,1.049853,1.047715,1.038607,1.029013,1.000769,0.960972,0.965478,0.975748,0.972944,0.997504,1.033450,0.999275,0.983370,1.029874
8.954750,1.039603,1.037774,1.037964,1.029291,1.031925,1.031967,1.031967,1.032282,1.043039,1.032089,1.031442,1.023711,1.032049,1.034059,1.039322,1.042691,1.044607,1.042413,1.042359,0.979307,1.037438,1.032334,1.032290,1.044232,1.033252,1.049850,1.047710,1.038601,1.029007,1.000783,0.960967,0.965474,0.975732,0.972931,0.997495,1.033440,0.999277,0.983362,1.029870
8.963080,1.039599,1.037778,1.037963,1.029288,1.031921,1.031962,1.031962,1.032278,1.043035,1.032084,1.031437,1.023706,1.032044,1.034054,1.039315,1.042683,1.044601,1.042409,1.042345,0.979294,1.037429,1.032325,1.032280,1.044224,1.033254,1.049846,1.047706,1.038595,1.028999,1.000796,0.960961,0.965470,0.975715,0.972918,0.997485,1.033430,0.999278,0.983353,1.029866
8.971410,1.039594,1.037781,1.037961,1.029283,1.031916,1.031957,1.031957,1.032273,1.043030,1.032078,1.031432,1.023700,1.032038,1.034049,1.039307,1.042675,1.044595,1.042405,1.042331,0.979281,1.037420,1.032315,1.032270,1.044216,1.033255,1.049842,1.047701,1.038588,1.028991,1.000808,0.960955,0.965465,0.975697,0.972904,0.997474,1.033419,0.999280,0.983343,1.029861
8.979740,1.039590,1.037783,1.037959,1.029279,1.031910,1.031952,1.031952,1.032267,1.043025,1.032073,1.031427,1.023695,1.032033,1.034043,1.039299,1.042666,1.044589,1.042400,1.042317,0.979267,1.037410,1.032304,1.032260,1.044207,1.033256,1.049837,1.047695,1.038580,1.028983,1.000820,0.960948,0.965459,0.975679,0.972890,0.997464,1.033408,0.999280,0.983333,1.029857
8.988070,1.039586,1.037785,1.037956,1.029273,1.031904,1.031946,1.031946,1.032262,1.043020,1.032066,1.031420,1.023689,1.032027,1.034036,1.039290,1.042656,1.044581,1.042394,1.042301,0.979252,1.037400,1.032293,1.032249,1.044197,1.033256,1.049832,1.047689,1.038572,1.028974,1.000831,0.960942,0.965453,0.975661,0.972875,0.997452,1.033396,0.999280,0.983323,1.029853
8.996400,1.039581,1.037786,1.037952,1.029268,1.031898,1.031939,1.031940,1.032256,1.043015,1.032060,1.031414,1.023682,1.032020,1.034030,1.039281,1.042646,1.044574,1.042388,1.042286,0.979237,1.037389,1.032282,1.032238,1.044187,1.033256,1.049826,1.047682,1.038564,1.028964,1.000841,0.960934,0.965447,0.975642,0.972860,0.997441,1.033384,0.999280,0.983312,1.029849
9.004730,1.039577,1.037787,1.037949,1.029262,1.031892,1.031933,1.031934,1.032249,1.043010,1.032053,1.031407,1.023675,1.032013,1.034022,1.039272,1.042636,1.044565,1.042382,1.042269,0.979222,1.037378,1.032270,1.032226,1.044176,1.033255,1.049819,1.047675,1.038555,1.028954,1.000851,0.960927,0.965441,0.975623,0.972844,0.997428,1.033371,0.999279,0.983300,1.029844
9.013060,1.039573,1.037787,1.037944,1.029255,1.031885,1.031925,1.031927,1.032242,1.043004,1.032046,1.031400,1.023668,1.032005,1.034015,1.039262,1.042625,1.044557,1.042375,1.042253,0.979206,1.037366,1.032258,1.032214,1.044165,1.033254,1.049813,1.047667,1.038545,1.028944,1.000861,0.960919,0.965434,0.975603,0.972828,0.997416,1.033358,0.999277,0.983288,1.029840
9.021390,1.039568,1.037787,1.037939,1.029248,1.031877,1.031918,1.031919,1.032235,1.042999,1.032038,1.031392,1.023660,1.031998,1.034007,1.039251,1.042613,1.044547,1.042367,1.042235,0.979189,1.037354,1.032245,1.032201,1.044154,1.033252,1.049805,1.047659,1.038535,1.028933,1.000869,0.960910,0.965427,0.975583,0.972811,0.997403,1.033344,0.999275,0.983276,1.029836
9.029720,1.039564,1.037786,1.037934,1.029241,1.031870,1.031910,1.031912,1.032228,1.042993,1.032030,1.031384,1.023652,1.031989,1.033998,1.039241,1.042601,1.044538,1.042359,1.042218,0.979172,1.037341,1.032232,1.032187,1.044141,1.033250,1.049797,1.047650,1.038524,1.028921,1.000878,0.960902,0.965419,0.975562,0.972794,0.997389,1.033330,0.999273,0.983263,1.029831
9.038050,1.039560,1.037785,1.037928,1.029233,1.031862,1.031902,1.031904,1.032220,1.042987,1.032021,1.031376,1.023643,1.031981,1.033989,1.039229,1.042589,1.044528,1.042350,1.042200,0.979155,1.037328,1.032218,1.032174,1.044129,1.033247,1.049789,1.047641,1.038513,1.028909,1.000885,0.960893,0.965411,0.975541,0.972776,0.997375,1.033315,0.999270,0.983249,1.029827
9.046380,1.039555,1.037783,1.037922,1.029225,1.031853,1.031893,1.031896,1.032212,1.042981,1.032012,1.031367,1.023634,1.031972,1.033980,1.039217,1.042576,1.044517,1.042341,1.042181,0.979137,1.037315,1.032204,1.032159,1.044116,1.033244,1.049780,1.047631,1.038501,1.028897,1.000892,0.960883,0.965403,0.975520,0.972758,0.997360,1.033300,0.999267,0.983236,1.029823
9.054710,1.039551,1.037781,1.037915,1.029217,1.031845,1.031885,1.031887,1.032204,1.042975,1.032003,1.031358,1.023625,1.031962,1.033970,1.039205,1.042563,1.044506,1.042332,1.042162,0.979119,1.037301,1.032189,1.032145,1.044103,1.033240,1.049770,1.047621,1.038489,1.028884,1.000899,0.960874,0.965394,0.975498,0.972740,0.997345,1.033285,0.999263,0.983221,1.029819
9.063040,1.039547,1.037778,1.037908,1.029208,1.031835,1.031875,1.031878,1.032195,1.042969,1.031993,1.031348,1.023615,1.031953,1.033960,1.039193,1.042549,1.044494,1.042322,1.042143,0.979101,1.037286,1.032174,1.032130,1.044089,1.033236,1.049760,1.047610,1.038476,1.028870,1.000905,0.960864,0.965385,0.975476,0.972721,0.997330,1.033269,0.999258,0.983206,1.029814
9.071370,1.039542,1.037775,1.037900,1.029198,1.031826,1.031866,1.031869,1.032186,1.042962,1.031983,1.031338,1.023605,1.031942,1.033950,1.039180,1.042535,1.044482,1.042312,1.042123,0.979082,1.037272,1.032158,1.032114,1.044074,1.033231,1.049750,1.047599,1.038463,1.028857,1.000910,0.960854,0.965376,0.975453,0.972701,0.997314,1.033252,0.999253,0.983191,1.029810
9.079700,1.039538,1.037771,1.037892,1.029189,1.031816,1.031856,1.031860,1.032177,1.042956,1.031973,1.031328,1.023595,1.031932,1.033939,1.039166,1.042520,1.044470,1.042301,1.042102,0.979062,1.037256,1.032142,1.032098,1.044060,1.033226,1.049739,1.047587,1.038450,1.028842,1.000915,0.960843,0.965366,0.975430,0.972682,0.997298,1.033235,0.999248,0.983175,1.029806
9.088030,1.039534,1.037767,1.037884,1.029179,1.031806,1.031846,1.031850,1.032167,1.042949,1.031962,1.031318,1.023584,1.031921,1.033928,1.039152,1.042505,1.044457,1.042290,1.042082,0.979042,1.037240,1.032126,1.032082,1.044044,1.033220,1.049728,1.047575,1.038436,1.028827,1.000920,0.960832,0.965356,0.975406,0.972662,0.997281,1.033218,0.999242,0.983159,1.029802
9.096360,1.039529,1.037762,1.037875,1.029168,1.031796,1.031835,1.031840,1.032157,1.042943,1.031951,1.031307,1.023573,1.031910,1.033916,1.039138,1.042490,1.044444,1.042278,1.042061,0.979022,1.037224,1.032109,1.032065,1.044029,1.033214,1.049716,1.047563,1.038421,1.028812,1.000924,0.960821,0.965345,0.975383,0.972641,0.997264,1.033200,0.999236,0.983143,1.029797
9.104690,1.039525,1.037757,1.037866,1.029158,1.031785,1.031824,1.031829,1.032147,1.042936,1.031940,1.031296,1.023562,1.031898,1.033904,1.039123,1.042474,1.044430,1.042266,1.042039,0.979001,1.037208,1.032092,1.032047,1.044013,1.033208,1.049704,1.047550,1.038407,1.028796,1.000928,0.960809,0.965335,0.975358,0.972620,0.997246,1.033182,0.999230,0.983126,1.029793
9.113020,1.039521,1.037752,1.037856,1.029147,1.031774,1.031813,1.031819,1.032136,1.042929,1.031928,1.031284,1.023550,1.031886,1.033892,1.039108,1.042457,1.044416,1.042254,1.042017,0.978981,1.037191,1.032074,1.032030,1.043997,1.033201,1.049691,1.047537,1.038391,1.028780,1.000931,0.960798,0.965324,0.975334,0.972599,0.997229,1.033164,0.999222,0.983109,1.029789
9.121350,1.039517,1.037746,1.037846,1.029135,1.031763,1.031802,1.031808,1.032126,1.042922,1.031916,1.031272,1.023538,1.031874,1.033879,1.039093,1.042441,1.044402,1.042241,1.041995,0.978959,1.037173,1.032056,1.032012,1.043980,1.033194,1.049678,1.047523,1.038376,1.028764,1.000934,0.960786,0.965313,0.975309,0.972577,0.997210,1.033145,0.999215,0.983091,1.029785
9.129680,1.039513,1.037739,1.037835,1.029123,1.031751,1.031790,1.031796,1.032115,1.042915,1.031904,1.031260,1.023526,1.031862,1.033866,1.039077,1.042424,1.044387,1.042228,1.041972,0.978938,1.037156,1.032038,1.031993,1.043963,1.033186,1.049665,1.047509,1.038360,1.028747,1.000936,0.960773,0.965301,0.975284,0.972555,0.997192,1.033125,0.999207,0.983073,1.029781
9.138010,1.039508,1.037733,1.037825,1.029111,1.031739,1.031778,1.031785,1.032103,1.042908,1.031891,1.031248,1.023513,1.031849,1.033853,1.039061,1.042407,1.044372,1.042215,1.041949,0.978916,1.037138,1.032019,1.031975,1.043945,1.033178,1.049651,1.047495,1.038343,1.028730,1.000938,0.960761,0.965289,0.975258,0.972533,0.997173,1.033106,0.999199,0.983055,1.029776
9.146340,1.039504,1.037726,1.037814,1.029099,1.031727,1.031766,1.031773,1.032092,1.042900,1.031878,1.031235,1.023500,1.031836,1.033840,1.039044,1.042389,1.044356,1.042201,1.041925,0.978893,1.037119,1.032000,1.031955,1.043927,1.033169,1.049637,1.047480,1.038326,1.028712,1.000939,0.960748,0.965277,0.975232,0.972510,0.997153,1.033086,0.999190,0.983036,1.029772
9.154670,1.039500,1.037718,1.037802,1.029086,1.031714,1.031753,1.031761,1.032080,1.042893,1.031865,1.031222,1.023487,1.031823,1.033826,1.039028,1.042371,1.044340,1.042187,1.041902,0.978870,1.037101,1.031980,1.031936,1.043909,1.033160,1.049623,1.047465,1.038309,1.028694,1.000941,0.960735,0.965265,0.975206,0.972487,0.997134,1.033066,0.999182,0.983017,1.029768
9.163000,1.039496,1.037711,1.037790,1.029074,1.031702,1.031740,1.031749,1.032068,1.042886,1.031852,1.031209,1.023474,1.031809,1.033812,1.039011,1.042352,1.044324,1.042172,1.041878,0.978848,1.037082,1.031961,1.031916,1.043891,1.033151,1.049608,1.047449,1.038292,1.028676,1.000941,0.960722,0.965253,0.975179,0.972464,0.997114,1.033045,0.999172,0.982997,1.029764
9.171330,1.039492,1.037703,1.037778,1.029060,1.031689,1.031727,1.031736,1.032056,1.042878,1.031838,1.031195,1.023460,1.031795,1.033797,1.038993,1.042334,1.044308,1.042157,1.041853,0.978824,1.037062,1.031940,1.031896,1.043872,1.033142,1.049593,1.047434,1.038274,1.028657,1.000942,0.960708,0.965240,0.975152,0.972441,0.997093,1.033024,0.999163,0.982978,1.029760
9.179660,1.039488,1.037694,1.037766,1.029047,1.031676,1.031714,1.031724,1.032044,1.042871,1.031824,1.031182,1.023446,1.031781,1.033783,1.038976,1.042315,1.044291,1.042142,1.041829,0.978801,1.037042,1.031920,1.031876,1.043853,1.033132,1.049577,1.047418,1.038256,1.028639,1.000942,0.960695,0.965227,0.975125,0.972417,0.997073,1.033003,0.999153,0.982958,1.029756
9.187990,1.039484,1.037685,1.037753,1.029033,1.031662,1.031700,1.031711,1.032031,1.042863,1.031810,1.031168,1.023432,1.031767,1.033768,1.038958,1.042295,1.044274,1.042127,1.041804,0.978777,1.037022,1.031899,1.031855,1.043833,1.033121,1.049562,1.047401,1.038237,1.028619,1.000942,0.960681,0.965214,0.975098,0.972393,0.997052,1.032982,0.999143,0.982937,1.029752
9.196320,1.039480,1.037676,1.037740,1.029019,1.031649,1.031687,1.031698,1.032018,1.042855,1.031796,1.031154,1.023417,1.031752,1.033753,1.038939,1.042276,1.044256,1.042111,1.041778,0.978753,1.037002,1.031878,1.031834,1.043814,1.033111,1.049546,1.047385,1.038219,1.028600,1.000942,0.960667,0.965200,0.975070,0.972368,0.997031,1.032960,0.999132,0.982917,1.029748
9.204650,1.039476,1.037667,1.037727,1.029005,1.031635,1.031673,1.031685,1.032005,1.042848,1.031781,1.031139,1.023403,1.031737,1.033737,1.038921,1.042256,1.044239,1.042095,1.041753,0.978728,1.036982,1.031857,1.031813,1.043794,1.033100,1.049529,1.047368,1.038200,1.028580,1.000941,0.960652,0.965186,0.975042,0.972344,0.997009,1.032938,0.999121,0.982896,1.029745
9.212980,1.039472,1.037658,1.037713,1.028991,1.031621,1.031659,1.031671,1.031992,1.042840,1.031766,1.031125,1.023388,1.031722,1.033721,1.038902,1.042236,1.044221,1.042079,1.041727,0.978704,1.036961,1.031836,1.031791,1.043773,1.033089,1.049513,1.047350,1.038180,1.028560,1.000940,0.960638,0.965173,0.975014,0.972319,0.996988,1.032916,0.999110,0.982875,1.029741
9.221310,1.039469,1.037648,1.037700,1.028976,1.031607,1.031645,1.031658,1.031979,1.042832,1.031751,1.031110,1.023373,1.031707,1.033706,1.038883,1.042216,1.044203,1.042062,1.041701,0.978679,1.036940,1.031814,1.031770,1.043753,1.033078,1.049496,1.047333,1.038161,1.028540,1.000939,0.960623,0.965159,0.974986,0.972294,0.996966,1.032893,0.999099,0.982854,1.029737
9.229640,1.039465,1.037638,1.037686,1.028961,1.031593,1.031630,1.031644,1.031966,1.042824,1.031736,1.031095,1.023358,1.031692,1.033690,1.038864,1.042195,1.044184,1.042046,1.041675,0.978654,1.036919,1.031792,1.031748,1.043732,1.033066,1.049479,1.047315,1.038141,1.028519,1.000937,0.960608,0.965144,0.974957,0.972268,0.996944,1.032871,0.999087,0.982832,1.029733
9.237970,1.039461,1.037628,1.037672,1.028946,1.031578,1.031615,1.031630,1.031952,1.042816,1.031721,1.031080,1.023342,1.031676,1.033673,1.038845,1.042174,1.044166,1.042029,1.041648,0.978629,1.036897,1.031770,1.031726,1.043711,1.033055,1.049461,1.047297,1.038121,1.028498,1.000935,0.960594,0.965130,0.974929,0.972243,0.996921,1.032848,0.999075,0.982810,1.029730
9.246300,1.039457,1.037617,1.037657,1.028931,1.031563,1.031601,1.031616,1.031938,1.042808,1.031705,1.031064,1.023327,1.031660,1.033657,1.038825,1.042154,1.044147,1.042012,1.041622,0.978603,1.036875,1.031747,1.031703,1.043690,1.033043,1.049444,1.047279,1.038101,1.028478,1.000934,0.960578,0.965115,0.974900,0.972217,0.996899,1.032825,0.999063,0.982789,1.029726
9.254630,1.039454,1.037606,1.037643,1.028916,1.031549,1.031586,1.031602,1.031924,1.042800,1.031689,1.031049,1.023311,1.031644,1.033640,1.038805,1.042132,1.044128,1.041994,1.041595,0.978578,1.036854,1.031725,1.031681,1.043669,1.033031,1.049426,1.047261,1.038081,1.028456,1.000931,0.960563,0.965101,0.974871,0.972191,0.996876,1.032801,0.999051,0.982766,1.029722
9.262960,1.039450,1.037595,1.037628,1.028900,1.031534,1.031571,1.031587,1.031911,1.042792,1.031674,1.031033,1.023295,1.031628,1.033624,1.038785,1.042111,1.044109,1.041977,1.041568,0.978552,1.036832,1.031702,1.031658,1.043647,1.033018,1.049408,1.047243,1.038060,1.028435,1.000929,0.960548,0.965086,0.974841,0.972165,0.996853,1.032778,0.999038,0.982744,1.029719
9.271290,1.039447,1.037584,1.037613,1.028884,1.031519,1.031556,1.031573,1.031896,1.042784,1.031658,1.031018,1.023279,1.031612,1.033607,1.038765,1.042089,1.044089,1.041959,1.041541,0.978526,1.036809,1.031679,1.031635,1.043626,1.033006,1.049390,1.047224,1.038039,1.028414,1.000927,0.960533,0.965071,0.974812,0.972139,0.996830,1.032754,0.999026,0.982722,1.029715
9.279620,1.039443,1.037573,1.037598,1.028869,1.031503,1.031540,1.031558,1.031882,1.042776,1.031642,1.031002,1.023263,1.031596,1.033590,1.038745,1.042068,1.044070,1.041941,1.041513,0.978500,1.036787,1.031656,1.031612,1.043604,1.032993,1.049372,1.047205,1.038018,1.028392,1.000924,0.960517,0.965056,0.974782,0.972113,0.996806,1.032731,0.999013,0.982699,1.029712
9.287950,1.039440,1.037562,1.037583,1.028853,1.031488,1.031525,1.031544,1.031868,1.042768,1.031625,1.030986,1.023247,1.031579,1.033573,1.038724,1.042046,1.044050,1.041923,1.041486,0.978474,1.036764,1.031633,1.031589,1.043582,1.032980,1.049354,1.047186,1.037997,1.028370,1.000922,0.960501,0.965041,0.974753,0.972087,0.996783,1.032707,0.999000,0.982677,1.029708
9.296280,1.039436,1.037550,1.037567,1.028837,1.031473,1.031509,1.031529,1.031854,1.042760,1.031609,1.030970,1.023230,1.031562,1.033555,1.038704,1.042024,1.044030,1.041905,1.041458,0.978447,1.036742,1.031609,1.031565,1.043560,1.032967,1.049335,1.047167,1.037976,1.028348,1.000919,0.960486,0.965026,0.974723,0.972060,0.996759,1.032683,0.998987,0.982654,1.029705
9.304610,1.039433,1.037539,1.037552,1.028820,1.031457,1.031494,1.031514,1.031839,1.042752,1.031593,1.030954,1.023214,1.031546,1.033538,1.038683,1.042002,1.044010,1.041887,1.041430,0.978421,1.036719,1.031586,1.031542,1.043537,1.032954,1.049316,1.047148,1.037955,1.028326,1.000916,0.960470,0.965010,0.974693,0.972033,0.996736,1.032659,0.998973,0.982631,1.029702
9.312940,1.039430,1.037527,1.037536,1.028804,1.031442,1.031478,1.031499,1.031825,1.042744,1.031576,1.030937,1.023197,1.031529,1.033521,1.038662,1.041980,1.043990,1.041869,1.041402,0.978394,1.036696,1.031562,1.031518,1.043515,1.032941,1.049298,1.047128,1.037933,1.028304,1.000913,0.960454,0.964995,0.974663,0.972007,0.996712,1.032635,0.998960,0.982608,1.029699
9.321270,1.039427,1.037515,1.037521,1.028788,1.031426,1.031462,1.031484,1.031810,1.042736,1.031560,1.030921,1.023181,1.031512,1.033503,1.038642,1.041958,1.043970,1.041850,1.041374,0.978367,1.036673,1.031538,1.031495,1.043492,1.032927,1.049279,1.047109,1.037912,1.028282,1.000910,0.960438,0.964979,0.974633,0.971980,0.996688,1.032611,0.998946,0.982585,1.029696
9.329600,1.039424,1.037503,1.037505,1.028771,1.031410,1.031447,1.031469,1.031795,1.042728,1.031543,1.030905,1.023164,1.031495,1.033485,1.038621,1.041935,1.043950,1.041832,1.041346,0.978341,1.036650,1.031514,1.031471,1.043470,1.032914,1.049260,1.047089,1.037890,1.028260,1.000906,0.960422,0.964964,0.974602,0.971953,0.996664,1.032587,0.998932,0.982562,1.029693
9.337930,1.039421,1.037491,1.037489,1.028755,1.031395,1.031431,1.031454,1.031781,1.042720,1.031526,1.030888,1.023147,1.031478,1.033468,1.038599,1.041913,1.043930,1.041813,1.041318,0.978314,1.036627,1.031491,1.031447,1.043447,1.032900,1.049241,1.047070,1.037869,1.028237,1.000903,0.960406,0.964948,0.974572,0.971926,0.996640,1.032562,0.998919,0.982538,1.029690
9.346260,1.039418,1.037479,1.037473,1.028738,1.031379,1.031415,1.031439,1.031766,1.042713,1.031509,1.030872,1.023131,1.031461,1.033450,1.038578,1.041890,1.043909,1.041794,1.041290,0.978287,1.036603,1.031467,1.031423,1.043424,1.032887,1.049222,1.047050,1.037847,1.028215,1.000900,0.960390,0.964933,0.974542,0.971899,0.996615,1.032538,0.998905,0.982515,1.029687
9.354590,1.039415,1.037467,1.037457,1.028722,1.031363,1.031399,1.031424,1.031751,1.042705,1.031493,1.030855,1.023114,1.031444,1.033432,1.038557,1.041868,1.043889,1.041776,1.041262,0.978260,1.036580,1.031442,1.031399,1.043402,1.032873,1.049202,1.047030,1.037825,1.028192,1.000897,0.960374,0.964917,0.974511,0.971872,0.996591,1.032514,0.998891,0.982492,1.029684
9.362920,1.039412,1.037455,1.037441,1.028705,1.031347,1.031383,1.031409,1.031737,1.042697,1.031476,1.030839,1.023097,1.031427,1.033414,1.038536,1.041845,1.043868,1.041757,1.041233,0.978233,1.036557,1.031418,1.031375,1.043379,1.032859,1.049183,1.047010,1.037803,1.028170,1.000893,0.960358,0.964901,0.974481,0.971845,0.996567,1.032489,0.998877,0.982468,1.029681
9.371250,1.039409,1.037443,1.037425,1.028688,1.031331,1.031367,1.031394,1.031722,1.042689,1.031459,1.030822,1.023080,1.031410,1.033396,1.038515,1.041822,1.043848,1.041738,1.041205,0.978206,1.036533,1.031394,1.031351,1.043356,1.032846,1.049164,1.046991,1.037781,1.028147,1.000890,0.960341,0.964885,0.974450,0.971818,0.996542,1.032465,0.998863,0.982445,1.029678
9.379580,1.039407,1.037431,1.037409,1.028672,1.031315,1.031351,1.031379,1.031707,1.042681,1.031442,1.030805,1.023063,1.031392,1.033378,1.038493,1.041800,1.043827,1.041719,1.041177,0.978179,1.036510,1.031370,1.031327,1.043333,1.032832,1.049145,1.046971,1.037759,1.028125,1.000887,0.960325,0.964869,0.974420,0.971791,0.996518,1.032440,0.998849,0.982422,1.029676
9.387910,1.039404,1.037419,1.037393,1.028655,1.031299,1.031335,1.031363,1.031692,1.042673,1.031425,1.030789,1.023046,1.031375,1.033360,1.038472,1.041777,1.043807,1.041700,1.041148,0.978152,1.036486,1.031346,1.031303,1.043310,1.032818,1.049125,1.046951,1.037737,1.028102,1.000883,0.960309,0.964854,0.974389,0.971764,0.996494,1.032416,0.998834,0.982398,1.029673
9.396240,1.039401,1.037406,1.037377,1.028638,1.031283,1.031319,1.031348,1.031677,1.042666,1.031408,1.030772,1.023029,1.031358,1.033342,1.038451,1.041754,1.043786,1.041682,1.041120,0.978125,1.036463,1.031322,1.031279,1.043287,1.032804,1.049106,1.046931,1.037715,1.028079,1.000880,0.960293,0.964838,0.974359,0.971736,0.996469,1.032392,0.998820,0.982375,1.029670
9.404570,1.039399,1.037394,1.037361,1.028621,1.031267,1.031303,1.031333,1.031663,1.042658,1.031391,1.030756,1.023012,1.031341,1.033325,1.038429,1.041731,1.043766,1.041663,1.041092,0.978098,1.036440,1.031298,1.031255,1.043264,1.032790,1.049087,1.046911,1.037694,1.028057,1.000876,0.960277,0.964822,0.974328,0.971709,0.996445,1.032367,0.998806,0.982351,1.029668
9.412900,1.039397,1.037382,1.037345,1.028605,1.031251,1.031287,1.031318,1.031648,1.042650,1.031374,1.030739,1.022995,1.031324,1.033307,1.038408,1.041709,1.043745,1.041644,1.041063,0.978071,1.036416,1.031273,1.031231,1.043241,1.032776,1.049067,1.046891,1.037672,1.028034,1.000873,0.960260,0.964806,0.974298,0.971682,0.996420,1.032343,0.998792,0.982328,1.029666
9.421230,1.039394,1.037370,1.037329,1.028588,1.031235,1.031271,1.031303,1.031633,1.042643,1.031357,1.030722,1.022978,1.031306,1.033289,1.038387,1.041686,1.043724,1.041625,1.041035,0.978044,1.036393,1.031249,1.031207,1.043218,1.032763,1.049048,1.046871,1.037650,1.028012,1.000870,0.960244,0.964790,0.974267,0.971655,0.996396,1.032319,0.998777,0.982305,1.029663
9.429560,1.039392,1.037357,1.037312,1.028571,1.031220,1.031255,1.031287,1.031618,1.042635,1.031340,1.030706,1.022961,1.031289,1.033271,1.038365,1.041663,1.043704,1.041606,1.041006,0.978017,1.036369,1.031225,1.031183,1.043195,1.032749,1.049029,1.046851,1.037628,1.027989,1.000867,0.960228,0.964775,0.974237,0.971628,0.996371,1.032294,0.998763,0.982281,1.029661
9.437890,1.039390,1.037345,1.037296,1.028554,1.031204,1.031239,1.031272,1.031604,1.042628,1.031323,1.030689,1.022944,1.031272,1.033253,1.038344,1.041640,1.043683,1.041587,1.040978,0.977990,1.036346,1.031201,1.031159,1.043172,1.032735,1.049010,1.046832,1.037606,1.027967,1.000863,0.960212,0.964759,0.974206,0.971601,0.996347,1.032270,0.998749,0.982258,1.029659
9.446220,1.039388,1.037333,1.037280,1.028538,1.031188,1.031223,1.031257,1.031589,1.042620,1.031307,1.030673,1.022928,1.031255,1.033235,1.038323,1.041618,1.043663,1.041568,1.040950,0.977963,1.036322,1.031177,1.031135,1.043149,1.032721,1.048990,1.046812,1.037584,1.027944,1.000860,0.960196,0.964743,0.974176,0.971575,0.996323,1.032246,0.998734,0.982235,1.029657
9.454550,1.039386,1.037321,1.037264,1.028521,1.031172,1.031207,1.031242,1.031574,1.042613,1.031290,1.030656,1.022911,1.031238,1.033217,1.038302,1.041595,1.043642,1.041550,1.040922,0.977936,1.036299,1.031153,1.031111,1.043126,1.032708,1.048971,1.046792,1.037563,1.027922,1.000857,0.960180,0.964728,0.974145,0.971548,0.996298,1.032222,0.998720,0.982212,1.029655
9.462880,1.039384,1.037309,1.037248,1.028504,1.031156,1.031191,1.031227,1.031560,1.042606,1.031273,1.030640,1.022894,1.031221,1.033199,1.038281,1.041573,1.043622,1.041531,1.040894,0.977910,1.036276,1.031129,1.031088,1.043104,1.032694,1.048952,1.046772,1.037541,1.027900,1.000854,0.960164,0.964712,0.974115,0.971521,0.996274,1.032198,0.998706,0.982189,1.029653
9.471210,1.039382,1.037297,1.037233,1.028488,1.031141,1.031175,1.031212,1.031545,1.042599,1.031256,1.030623,1.022877,1.031204,1.033182,1.038260,1.041550,1.043602,1.041512,1.040865,0.977883,1.036253,1.031105,1.031064,1.043081,1.032680,1.048933,1.046753,1.037519,1.027877,1.000851,0.960148,0.964696,0.974085,0.971494,0.996250,1.032174,0.998692,0.982166,1.029651
9.479540,1.039380,1.037285,1.037217,1.028471,1.031125,1.031160,1.031197,1.031531,1.042591,1.031240,1.030607,1.022860,1.031187,1.033164,1.038238,1.041528,1.043581,1.041494,1.040837,0.977856,1.036230,1.031081,1.031040,1.043058,1.032667,1.048914,1.046733,1.037498,1.027855,1.000848,0.960132,0.964681,0.974055,0.971468,0.996225,1.032151,0.998677,0.982143,1.029649
9.487870,1.039378,1.037273,1.037201,1.028455,1.031109,1.031144,1.031183,1.031516,1.042584,1.031223,1.030591,1.022844,1.031170,1.033146,1.038217,1.041505,1.043561,1.041475,1.040809,0.977830,1.036206,1.031057,1.031017,1.043036,1.032653,1.048895,1.046713,1.037476,1.027833,1.000845,0.960116,0.964665,0.974024,0.971441,0.996201,1.032127,0.998663,0.982120,1.029648
9.496200,1.039377,1.037261,1.037185,1.028438,1.031094,1.031128,1.031168,1.031502,1.042577,1.031207,1.030574,1.022827,1.031153,1.033129,1.038197,1.041483,1.043541,1.041457,1.040782,0.977803,1.036183,1.031034,1.030993,1.043013,1.032640,1.048876,1.046694,1.037455,1.027811,1.000842,0.960100,0.964650,0.973994,0.971415,0.996177,1.032103,0.998649,0.982097,1.029646
9.504530,1.039375,1.037250,1.037170,1.028422,1.031078,1.031113,1.031153,1.031488,1.042570,1.031190,1.030558,1.022811,1.031136,1.033111,1.038176,1.041461,1.043521,1.041438,1.040754,0.977777,1.036161,1.031010,1.030970,1.042991,1.032626,1.048857,1.046675,1.037434,1.027789,1.000840,0.960085,0.964634,0.973964,0.971389,0.996153,1.032080,0.998635,0.982075,1.029644
9.512860,1.039374,1.037238,1.037154,1.028406,1.031063,1.031097,1.031138,1.031474,1.042563,1.031174,1.030542,1.022794,1.031120,1.033094,1.038155,1.041439,1.043501,1.041420,1.040726,0.977751,1.036138,1.030986,1.030946,1.042968,1.032613,1.048839,1.046655,1.037412,1.027767,1.000837,0.960069,0.964619,0.973935,0.971362,0.996129,1.032057,0.998621,0.982052,1.029643
9.521190,1.039372,1.037226,1.037138,1.028390,1.031048,1.031082,1.031124,1.031459,1.042557,1.031157,1.030526,1.022778,1.031103,1.033076,1.038134,1.041416,1.043481,1.041402,1.040698,0.977724,1.036115,1.030963,1.030923,1.042946,1.032600,1.048820,1.046636,1.037391,1.027746,1.000835,0.960054,0.964604,0.973905,0.971336,0.996105,1.032033,0.998607,0.982030,1.029642
9.529520,1.039371,1.037215,1.037123,1.028373,1.031032,1.031067,1.031109,1.031445,1.042550,1.031141,1.030510,1.022762,1.031087,1.033059,1.038114,1.041394,1.043461,1.041384,1.040671,0.977698,1.036092,1.030940,1.030900,1.042924,1.032586,1.048802,1.046617,1.037370,1.027724,1.000832,0.960038,0.964589,0.973875,0.971310,0.996082,1.032010,0.998593,0.982007,1.029640
9.537850,1.039370,1.037203,1.037108,1.028357,1.031017,1.031051,1.031095,1.031431,1.042543,1.031125,1.030494,1.022746,1.031070,1.033042,1.038093,1.041373,1.043441,1.041366,1.040643,0.977672,1.036070,1.030916,1.030877,1.042902,1.032573,1.048783,1.046598,1.037349,1.027702,1.000830,0.960023,0.964574,0.973845,0.971285,0.996058,1.031987,0.998579,0.981985,1.029639
9.546180,1.039368,1.037192,1.037092,1.028341,1.031002,1.031036,1.031081,1.031417,1.042537,1.031109,1.030478,1.022729,1.031054,1.033025,1.038073,1.041351,1.043422,1.041348,1.040616,0.977646,1.036047,1.030893,1.030854,1.042880,1.032560,1.048765,1.046579,1.037329,1.027681,1.000828,0.960007,0.964559,0.973816,0.971259,0.996035,1.031965,0.998565,0.981963,1.029638
9.554510,1.039367,1.037181,1.037077,1.028326,1.030987,1.031021,1.031066,1.031404,1.042530,1.031093,1.030463,1.022713,1.031037,1.033008,1.038052,1.041329,1.043402,1.041330,1.040589,0.977621,1.036025,1.030870,1.030831,1.042858,1.032547,1.048747,1.046560,1.037308,1.027660,1.000825,0.959992,0.964544,0.973786,0.971233,0.996011,1.031942,0.998551,0.981941,1.029637
9.562840,1.039366,1.037169,1.037062,1.028310,1.030972,1.031006,1.031052,1.031390,1.042524,1.031077,1.030447,1.022697,1.031021,1.032991,1.038032,1.041308,1.043383,1.041312,1.040562,0.977595,1.036003,1.030847,1.030808,1.042836,1.032534,1.048728,1.046541,1.037287,1.027639,1.000823,0.959977,0.964529,0.973757,0.971208,0.995988,1.031919,0.998538,0.981919,1.029636
9.571170,1.039365,1.037158,1.037047,1.028294,1.030957,1.030991,1.031038,1.031376,1.042517,1.031061,1.030431,1.022682,1.031005,1.032974,1.038012,1.041286,1.043363,1.041294,1.040535,0.977569,1.035980,1.030824,1.030786,1.042814,1.032522,1.048710,1.046523,1.037267,1.027617,1.000821,0.959962,0.964514,0.973728,0.971182,0.995964,1.031897,0.998524,0.981897,1.029635
9.579500,1.039364,1.037147,1.037032,1.028278,1.030943,1.030976,1.031024,1.031363,1.042511,1.031045,1.030416,1.022666,1.030989,1.032957,1.037992,1.041265,1.043344,1.041277,1.040508,0.977544,1.035958,1.030802,1.030763,1.042792,1.032509,1.048693,1.046504,1.037247,1.027597,1.000819,0.959947,0.964499,0.973699,0.971157,0.995941,1.031875,0.998510,0.981876,1.029634
9.587830,1.039364,1.037136,1.037017,1.028263,1.030928,1.030962,1.031010,1.031349,1.042505,1.031030,1.030401,1.022650,1.030973,1.032941,1.037972,1.041243,1.043325,1.041259,1.040481,0.977519,1.035936,1.030779,1.030741,1.042771,1.032496,1.048675,1.046486,1.037226,1.027576,1.000818,0.959932,0.964485,0.973670,0.971132,0.995918,1.031852,0.998497,0.981854,1.029633
9.596160,1.039363,1.037126,1.037003,1.028247,1.030913,1.030947,1.030996,1.031336,1.042499,1.031014,1.030385,1.022635,1.030957,1.032924,1.037952,1.041222,1.043306,1.041242,1.040455,0.977494,1.035915,1.030757,1.030719,1.042749,1.032484,1.048657,1.046467,1.037206,1.027555,1.000816,0.959917,0.964470,0.973641,0.971107,0.995895,1.031831,0.998484,0.981833,1.029632
9.604490,1.039362,1.037115,1.036988,1.028232,1.030899,1.030932,1.030983,1.031322,1.042493,1.030999,1.030370,1.022619,1.030942,1.032908,1.037932,1.041201,1.043287,1.041224,1.040428,0.977469,1.035893,1.030734,1.030697,1.042728,1.032471,1.048639,1.046449,1.037186,1.027534,1.000814,0.959902,0.964456,0.973612,0.971082,0.995873,1.031809,0.998470,0.981812,1.029632
9.612820,1.039362,1.037104,1.036974,1.028217,1.030885,1.030918,1.030969,1.031309,1.042487,1.030983,1.030355,1.022604,1.030926,1.032891,1.037913,1.041180,1.043268,1.041207,1.040402,0.977444,1.035871,1.030712,1.030675,1.042707,1.032459,1.048622,1.046431,1.037166,1.027514,1.000812,0.959888,0.964442,0.973583,0.971058,0.995850,1.031787,0.998457,0.981790,1.029631
9.621150,1.039361,1.037094,1.036959,1.028202,1.030870,1.030904,1.030956,1.031296,1.042481,1.030968,1.030340,1.022588,1.030910,1.032875,1.037893,1.041159,1.043249,1.041190,1.040376,0.977419,1.035850,1.030690,1.030653,1.042686,1.032447,1.048605,1.046413,1.037147,1.027494,1.000811,0.959873,0.964427,0.973555,0.971033,0.995827,1.031766,0.998444,0.981769,1.029631
9.629480,1.039361,1.037083,1.036945,1.028187,1.030856,1.030889,1.030942,1.031283,1.042475,1.030953,1.030325,1.022573,1.030895,1.032859,1.037874,1.041139,1.043231,1.041173,1.040350,0.977394,1.035829,1.030668,1.030631,1.042665,1.032435,1.048587,1.046395,1.037127,1.027474,1.000810,0.959859,0.964413,0.973526,0.971009,0.995805,1.031744,0.998430,0.981749,1.029630
9.637810,1.039360,1.037073,1.036931,1.028172,1.030842,1.030875,1.030929,1.031270,1.042470,1.030938,1.030311,1.022558,1.030880,1.032843,1.037855,1.041118,1.043212,1.041156,1.040324,0.977370,1.035807,1.030646,1.030610,1.042644,1.032423,1.048570,1.046377,1.037108,1.027453,1.000808,0.959844,0.964399,0.973498,0.970985,0.995783,1.031723,0.998417,0.981728,1.029630
9.646140,1.039360,1.037062,1.036917,1.028157,1.030828,1.030861,1.030916,1.031257,1.042464,1.030923,1.030296,1.022543,1.030865,1.032827,1.037836,1.041098,1.043194,1.041140,1.040298,0.977345,1.035786,1.030624,1.030588,1.042624,1.032411,1.048553,1.046360,1.037088,1.027434,1.000807,0.959830,0.964385,0.973470,0.970961,0.995760,1.031702,0.998404,0.981707,1.029629
9.654470,1.039360,1.037052,1.036902,1.028142,1.030814,1.030847,1.030903,1.031244,1.042458,1.030908,1.030281,1.022528,1.030849,1.032811,1.037817,1.041077,1.043176,1.041123,1.040272,0.977321,1.035765,1.030603,1.030567,1.042603,1.032399,1.048536,1.046342,1.037069,1.027414,1.000806,0.959816,0.964371,0.973442,0.970937,0.995738,1.031681,0.998391,0.981687,1.029629
9.662800,1.039359,1.037042,1.036889,1.028127,1.030800,1.030833,1.030889,1.031232,1.042453,1.030894,1.030267,1.022514,1.030834,1.032795,1.037798,1.041057,1.043158,1.041107,1.040246,0.977297,1.035744,1.030581,1.030546,1.042583,1.032387,1.048519,1.046325,1.037050,1.027394,1.000805,0.959802,0.964358,0.973414,0.970913,0.995716,1.031660,0.998379,0.981666,1.029629
9.671130,1.039359,1.037032,1.036875,1.028113,1.030787,1.030820,1.030877,1.031219,1.042448,1.030879,1.030253,1.022499,1.030819,1.032780,1.037779,1.041037,1.043140,1.041090,1.040221,0.977273,1.035724,1.030560,1.030525,1.042562,1.032375,1.048503,1.046308,1.037031,1.027375,1.000804,0.959788,0.964344,0.973386,0.970890,0.995694,1.031640,0.998366,0.981646,1.029629
9.679460,1.039359,1.037022,1.036861,1.028098,1.030773,1.030806,1.030864,1.031207,1.042442,1.030864,1.030238,1.022484,1.030805,1.032764,1.037760,1.041017,1.043122,1.041074,1.040196,0.977249,1.035703,1.030539,1.030504,1.042542,1.032364,1.048486,1.046290,1.037012,1.027355,1.000803,0.959774,0.964330,0.973358,0.970866,0.995673,1.031619,0.998353,0.981626,1.029629
9.687790,1.039359,1.037012,1.036847,1.028084,1.030760,1.030792,1.030851,1.031195,1.042437,1.030850,1.030224,1.022470,1.030790,1.032749,1.037742,1.040997,1.043104,1.041058,1.040171,0.977226,1.035683,1.030518,1.030483,1.042522,1.032352,1.048470,1.046273,1.036993,1.027336,1.000802,0.959760,0.964317,0.973331,0.970843,0.995651,1.031599,0.998340,0.981606,1.029629
9.696120,1.039359,1.037003,1.036834,1.028070,1.030746,1.030779,1.030838,1.031182,1.042432,1.030836,1.030210,1.022456,1.030775,1.032733,1.037723,1.040978,1.043086,1.041042,1.040146,0.977202,1.035663,1.030497,1.030463,1.042502,1.032341,1.048453,1.046256,1.036975,1.027317,1.000801,0.959746,0.964304,0.973303,0.970820,0.995630,1.031579,0.998328,0.981586,1.029629
9.704450,1.039359,1.036993,1.036821,1.028056,1.030733,1.030766,1.030826,1.031170,1.042427,1.030821,1.030196,1.022441,1.030761,1.032718,1.037705,1.040958,1.043069,1.041026,1.040121,0.977179,1.035642,1.030476,1.030442,1.042482,1.032329,1.048437,1.046239,1.036956,1.027298,1.000800,0.959733,0.964290,0.973276,0.970797,0.995609,1.031559,0.998315,0.981567,1.029629
9.712780,1.039360,1.036983,1.036807,1.028042,1.030720,1.030752,1.030813,1.031158,1.042422,1.030807,1.030182,1.022427,1.030747,1.032703,1.037687,1.040939,1.043051,1.041010,1.040096,0.977156,1.035622,1.030456,1.030422,1.042463,1.032318,1.048421,1.046223,1.036938,1.027279,1.000799,0.959719,0.964277,0.973249,0.970774,0.995587,1.031539,0.998303,0.981547,1.029629
9.721110,1.039360,1.036974,1.036794,1.028028,1.030707,1.030739,1.030801,1.031146,1.042417,1.030793,1.030169,1.022413,1.030732,1.032688,1.037669,1.040919,1.043034,1.040994,1.040072,0.977132,1.035602,1.030435,1.030402,1.042443,1.032307,1.048405,1.046206,1.036920,1.027260,1.000799,0.959706,0.964264,0.973222,0.970752,0.995566,1.031520,0.998291,0.981528,1.029629
9.729440,1.039360,1.036965,1.036781,1.028014,1.030694,1.030726,1.030789,1.031134,1.042412,1.030780,1.030155,1.022399,1.030718,1.032673,1.037651,1.040900,1.043017,1.040978,1.040047,0.977110,1.035583,1.030415,1.030382,1.042424,1.032296,1.048389,1.046190,1.036902,1.027242,1.000798,0.959693,0.964251,0.973195,0.970729,0.995545,1.031500,0.998278,0.981509,1.029629
9.737770,1.039360,1.036955,1.036768,1.028000,1.030681,1.030713,1.030777,1.031123,1.042407,1.030766,1.030142,1.022386,1.030704,1.032659,1.037633,1.040881,1.043000,1.040963,1.040023,0.977087,1.035563,1.030394,1.030362,1.042405,1.032285,1.048373,1.046173,1.036884,1.027223,1.000798,0.959680,0.964238,0.973168,0.970707,0.995525,1.031481,0.998266,0.981490,1.029630
9.746100,1.039361,1.036946,1.036755,1.027987,1.030668,1.030700,1.030765,1.031111,1.042403,1.030752,1.030128,1.022372,1.030690,1.032644,1.037615,1.040862,1.042983,1.040948,1.039999,0.977064,1.035544,1.030374,1.030342,1.042385,1.032274,1.048358,1.046157,1.036866,1.027205,1.000797,0.959667,0.964226,0.973141,0.970685,0.995504,1.031462,0.998254,0.981471,1.029630
9.754430,1.039361,1.036937,1.036742,1.027973,1.030656,1.030688,1.030753,1.031099,1.042398,1.030739,1.030115,1.022358,1.030676,1.032629,1.037598,1.040843,1.042966,1.040932,1.039975,0.977042,1.035524,1.030354,1.030322,1.042366,1.032263,1.048342,1.046141,1.036848,1.027187,1.000797,0.959654,0.964213,0.973115,0.970663,0.995484,1.031443,0.998242,0.981452,1.029631
9.762760,1.039362,1.036928,1.036730,1.027960,1.030643,1.030675,1.030741,1.031088,1.042393,1.030725,1.030102,1.022345,1.030663,1.032615,1.037580,1.040825,1.042949,1.040917,1.039951,0.977019,1.035505,1.030335,1.030303,1.042348,1.032252,1.048327,1.046125,1.036831,1.027169,1.000796,0.959641,0.964201,0.973089,0.970641,0.995463,1.031424,0.998230,0.981433,1.029631
9.771090,1.039362,1.036919,1.036717,1.027947,1.030631,1.030663,1.030729,1.031077,1.042389,1.030712,1.030089,1.022331,1.030649,1.032601,1.037563,1.040806,1.042933,1.040902,1.039927,0.976997,1.035486,1.030315,1.030284,1.042329,1.032242,1.048311,1.046109,1.036813,1.027151,1.000796,0.959628,0.964188,0.973062,0.970619,0.995443,1.031406,0.998218,0.981415,1.029632
9.779420,1.039363,1.036910,1.036705,1.027933,1.030618,1.030650,1.030717,1.031065,1.042384,1.030699,1.030076,1.022318,1.030636,1.032587,1.037546,1.040788,1.042916,1.040887,1.039904,0.976975,1.035467,1.030296,1.030265,1.042310,1.032231,1.048296,1.046093,1.036796,1.027133,1.000795,0.959615,0.964176,0.973036,0.970598,0.995423,1.031387,0.998206,0.981396,1.029632
9.787750,1.039364,1.036901,1.036692,1.027920,1.030606,1.030638,1.030706,1.031054,1.042380,1.030685,1.030063,1.022305,1.030622,1.032573,1.037529,1.040770,1.042900,1.040872,1.039880,0.976953,1.035448,1.030276,1.030246,1.042292,1.032221,1.048281,1.046078,1.036779,1.027115,1.000795,0.959603,0.964164,0.973010,0.970576,0.995403,1.031369,0.998194,0.981378,1.029633
9.796080,1.039364,1.036892,1.036680,1.027907,1.030594,1.030626,1.030695,1.031043,1.042376,1.030672,1.030050,1.022292,1.030609,1.032559,1.037512,1.040751,1.042884,1.040858,1.039857,0.976931,1.035429,1.030257,1.030227,1.042273,1.032210,1.048266,1.046062,1.036762,1.027098,1.000795,0.959590,0.964151,0.972985,0.970555,0.995383,1.031351,0.998182,0.981360,1.029634
9.804410,1.039365,1.036884,1.036668,1.027895,1.030582,1.030614,1.030683,1.031032,1.042372,1.030659,1.030037,1.022279,1.030596,1.032545,1.037495,1.040733,1.042868,1.040843,1.039834,0.976910,1.035411,1.030238,1.030208,1.042255,1.032200,1.048251,1.046047,1.036745,1.027080,1.000795,0.959578,0.964139,0.972959,0.970534,0.995363,1.031333,0.998171,0.981342,1.029634
9.812740,1.039366,1.036875,1.036656,1.027882,1.030570,1.030602,1.030672,1.031021,1.042368,1.030647,1.030025,1.022266,1.030583,1.032531,1.037479,1.040716,1.042852,1.040829,1.039811,0.976888,1.035392,1.030219,1.030189,1.042237,1.032190,1.048236,1.046031,1.036728,1.027063,1.000795,0.959566,0.964127,0.972933,0.970514,0.995344,1.031315,0.998159,0.981324,1.029635
9.821070,1.039367,1.036867,1.036644,1.027869,1.030558,1.030590,1.030661,1.031011,1.042364,1.030634,1.030012,1.022254,1.030570,1.032517,1.037462,1.040698,1.042836,1.040814,1.039788,0.976867,1.035374,1.030200,1.030171,1.042219,1.032180,1.048222,1.046016,1.036712,1.027046,1.000795,0.959554,0.964116,0.972908,0.970493,0.995325,1.031298,0.998147,0.981306,1.029636
9.829400,1.039368,1.036858,1.036632,1.027857,1.030547,1.030578,1.030650,1.031000,1.042360,1.030621,1.030000,1.022241,1.030557,1.032504,1.037446,1.040680,1.042820,1.040800,1.039765,0.976846,1.035356,1.030182,1.030153,1.042202,1.032169,1.048207,1.046001,1.036695,1.027029,1.000795,0.959541,0.964104,0.972883,0.970473,0.995305,1.031280,0.998136,0.981289,1.029637
9.837730,1.039369,1.036850,1.036620,1.027844,1.030535,1.030566,1.030639,1.030989,1.042356,1.030609,1.029988,1.022228,1.030544,1.032491,1.037429,1.040663,1.042805,1.040786,1.039743,0.976825,1.035338,1.030163,1.030135,1.042184,1.032159,1.048193,1.045986,1.036679,1.027012,1.000795,0.959530,0.964092,0.972858,0.970452,0.995286,1.031263,0.998125,0.981271,1.029638
9.846060,1.039369,1.036842,1.036609,1.027832,1.030524,1.030555,1.030628,1.030979,1.042352,1.030597,1.029976,1.022216,1.030532,1.032477,1.037413,1.040645,1.042789,1.040772,1.039721,0.976804,1.035320,1.030145,1.030117,1.042166,1.032150,1.048179,1.045971,1.036662,1.026995,1.000795,0.959518,0.964081,0.972833,0.970432,0.995267,1.031246,0.998113,0.981254,1.029639
9.854390,1.039371,1.036834,1.036597,1.027820,1.030512,1.030543,1.030617,1.030969,1.042348,1.030584,1.029964,1.022204,1.030519,1.032464,1.037397,1.040628,1.042774,1.040758,1.039698,0.976784,1.035303,1.030127,1.030099,1.042149,1.032140,1.048164,1.045957,1.036646,1.026979,1.000795,0.959506,0.964069,0.972808,0.970412,0.995249,1.031229,0.998102,0.981237,1.029640
9.862720,1.039372,1.036825,1.036586,1.027808,1.030501,1.030532,1.030607,1.030958,1.042344,1.030572,1.029952,1.022192,1.030507,1.032451,1.037381,1.040611,1.042759,1.040744,1.039676,0.976763,1.035285,1.030108,1.030081,1.042132,1.032130,1.048150,1.045942,1.036630,1.026962,1.000795,0.959494,0.964058,0.972783,0.970392,0.995230,1.031213,0.998091,0.981220,1.029641
9.871050,1.039373,1.036817,1.036574,1.027796,1.030490,1.030521,1.030596,1.030948,1.042341,1.030560,1.029940,1.022180,1.030494,1.032438,1.037366,1.040594,1.042744,1.040731,1.039654,0.976743,1.035268,1.030091,1.030064,1.042115,1.032120,1.048137,1.045928,1.036614,1.026946,1.000795,0.959483,0.964047,0.972759,0.970373,0.995211,1.031196,0.998080,0.981203,1.029642
9.879380,1.039374,1.036810,1.036563,1.027784,1.030479,1.030510,1.030586,1.030938,1.042337,1.030548,1.029929,1.022168,1.030482,1.032425,1.037350,1.040578,1.042729,1.040717,1.039633,0.976723,1.035250,1.030073,1.030046,1.042098,1.032111,1.048123,1.045913,1.036599,1.026930,1.000795,0.959471,0.964036,0.972734,0.970353,0.995193,1.031180,0.998068,0.981186,1.029643
9.887710,1.039375,1.036802,1.036552,1.027772,1.030468,1.030499,1.030576,1.030928,1.042334,1.030537,1.029917,1.022156,1.030470,1.032413,1.037334,1.040561,1.042714,1.040704,1.039611,0.976703,1.035233,1.030055,1.030029,1.042081,1.032101,1.048109,1.045899,1.036583,1.026914,1.000795,0.959460,0.964025,0.972710,0.970334,0.995175,1.031163,0.998057,0.981170,1.029644
9.896040,1.039376,1.036794,1.036541,1.027761,1.030457,1.030488,1.030566,1.030919,1.042330,1.030525,1.029906,1.022144,1.030458,1.032400,1.037319,1.040544,1.042699,1.040690,1.039590,0.976683,1.035216,1.030038,1.030012,1.042064,1.032092,1.048096,1.045885,1.036568,1.026898,1.000796,0.959449,0.964014,0.972686,0.970315,0.995157,1.031147,0.998047,0.981153,1.029646
9.904370,1.039378,1.036786,1.036530,1.027749,1.030446,1.030477,1.030555,1.030909,1.042327,1.030513,1.029894,1.022133,1.030447,1.032388,1.037304,1.040528,1.042685,1.040677,1.039569,0.976663,1.035200,1.030021,1.029995,1.042048,1.032083,1.048082,1.045871,1.036552,1.026882,1.000796,0.959438,0.964003,0.972662,0.970296,0.995139,1.031132,0.998036,0.981137,1.029647
9.912700,1.039379,1.036779,1.036519,1.027738,1.030436,1.030466,1.030546,1.030899,1.042324,1.030502,1.029883,1.022121,1.030435,1.032375,1.037289,1.040512,1.042670,1.040664,1.039547,0.976644,1.035183,1.030003,1.029979,1.042031,1.032073,1.048069,1.045857,1.036537,1.026867,1.000797,0.959427,0.963993,0.972638,0.970278,0.995121,1.031116,0.998025,0.981121,1.029648
9.921030,1.039380,1.036771,1.036509,1.027726,1.030425,1.030456,1.030536,1.030890,1.042320,1.030491,1.029872,1.022110,1.030423,1.032363,1.037274,1.040496,1.042656,1.040651,1.039527,0.976624,1.035166,1.029987,1.029962,1.042015,1.032064,1.048056,1.045844,1.036522,1.026851,1.000797,0.959416,0.963982,0.972615,0.970259,0.995104,1.031100,0.998014,0.981105,1.029649
9.929360,1.039382,1.036764,1.036498,1.027715,1.030415,1.030445,1.030526,1.030880,1.042317,1.030479,1.029861,1.022099,1.030412,1.032351,1.037259,1.040480,1.042642,1.040639,1.039506,0.976605,1.035150,1.029970,1.029946,1.041999,1.032055,1.048043,1.045830,1.036508,1.026836,1.000798,0.959405,0.963972,0.972591,0.970241,0.995086,1.031085,0.998004,0.981089,1.029651
9.937690,1.039383,1.036757,1.036488,1.027704,1.030405,1.030435,1.030516,1.030871,1.042314,1.030468,1.029850,1.022088,1.030401,1.032339,1.037245,1.040464,1.042628,1.040626,1.039485,0.976586,1.035134,1.029953,1.029930,1.041983,1.032046,1.048030,1.045817,1.036493,1.026821,1.000798,0.959395,0.963961,0.972568,0.970223,0.995069,1.031070,0.997993,0.981073,1.029652
9.946020,1.039385,1.036750,1.036477,1.027693,1.030394,1.030425,1.030507,1.030862,1.042311,1.030458,1.029840,1.022077,1.030389,1.032328,1.037230,1.040449,1.042614,1.040613,1.039465,0.976567,1.035118,1.029937,1.029914,1.041968,1.032038,1.048017,1.045803,1.036478,1.026806,1.000799,0.959384,0.963951,0.972545,0.970205,0.995052,1.031055,0.997983,0.981058,1.029654
9.954350,1.039386,1.036743,1.036467,1.027683,1.030384,1.030415,1.030498,1.030853,1.042308,1.030447,1.029829,1.022066,1.030378,1.032316,1.037216,1.040433,1.042600,1.040601,1.039445,0.976549,1.035102,1.029920,1.029898,1.041952,1.032029,1.048004,1.045790,1.036464,1.026791,1.000799,0.959374,0.963941,0.972522,0.970187,0.995035,1.031040,0.997972,0.981043,1.029655
9.962680,1.039388,1.036736,1.036457,1.027672,1.030375,1.030405,1.030488,1.030844,1.042305,1.030436,1.029819,1.022055,1.030368,1.032304,1.037202,1.040418,1.042587,1.040589,1.039425,0.976530,1.035086,1.029904,1.029882,1.041937,1.032020,1.047992,1.045777,1.036450,1.026776,1.000800,0.959364,0.963931,0.972499,0.970169,0.995018,1.031026,0.997962,0.981027,1.029657
9.971010,1.039389,1.036729,1.036447,1.027661,1.030365,1.030395,1.030479,1.030835,1.042303,1.030426,1.029808,1.022045,1.030357,1.032293,1.037188,1.040403,1.042573,1.040577,1.039405,0.976512,1.035071,1.029888,1.029867,1.041921,1.032012,1.047980,1.045764,1.036436,1.026762,1.000801,0.959354,0.963922,0.972476,0.970152,0.995002,1.031012,0.997952,0.981012,1.029658
9.979340,1.039391,1.036722,1.036437,1.027651,1.030355,1.030385,1.030470,1.030827,1.042300,1.030415,1.029798,1.022034,1.030346,1.032282,1.037174,1.040388,1.042560,1.040565,1.039385,0.976494,1.035055,1.029873,1.029851,1.041906,1.032003,1.047967,1.045752,1.036422,1.026748,1.000802,0.959344,0.963912,0.972454,0.970135,0.994985,1.030997,0.997942,0.980998,1.029660
9.987670,1.039392,1.036715,1.036428,1.027641,1.030346,1.030376,1.030461,1.030818,1.042297,1.030405,1.029788,1.022024,1.030336,1.032271,1.037160,1.040373,1.042547,1.040553,1.039366,0.976476,1.035040,1.029857,1.029836,1.041891,1.031995,1.047955,1.045739,1.036408,1.026733,1.000803,0.959334,0.963902,0.972431,0.970118,0.994969,1.030984,0.997932,0.980983,1.029661
9.996000,1.039394,1.036709,1.036418,1.027631,1.030336,1.030366,1.030453,1.030810,1.042295,1.030395,1.029778,1.022014,1.030325,1.032260,1.037146,1.040359,1.042534,1.040541,1.039346,0.976458,1.035025,1.029842,1.029821,1.041877,1.031987,1.047943,1.045727,1.036394,1.026719,1.000804,0.959324,0.963893,0.972409,0.970101,0.994953,1.030970,0.997922,0.980969,1.029663
10.000000,1.039395,1.036706,1.036414,1.027626,1.030332,1.030362,1.030448,1.030806,1.042294,1.030390,1.029774,1.022009,1.030320,1.032255,1.037140,1.040352,1.042528,1.040536,1.039337,0.976450,1.035018,1.029834,1.029814,1.041870,1.031983,1.047938,1.045721,1.036388,1.026713,1.000804,0.959320,0.963889,0.972399,0.970093,0.994945,1.030963,0.997917,0.980962,1.029664
10.000000,1.039395,1.036706,1.036414,1.027626,1.030332,1.030362,1.030449,1.030806,1.042294,1.030390,1.029774,1.022009,1.030320,1.032255,1.037140,1.040352,1.042528,1.040536,1.039337,0.976450,1.035018,1.029834,1.029814,1.041870,1.031983,1.047938,1.045721,1.036388,1.026713,1.000804,0.959320,0.963889,0.972399,0.970094,0.994945,1.030963,0.997917,0.980962,1.029664
