Results,B01,B02,B03,B04,B05,B06,B07,B08,B09,B10,B11,B12,B13,B14,B15,B16,B17,B18,B19,B20,B21,B22,B23,B24,B25,B26,B27,B28,B29,B30,B31,B32,B33,B34,B35,B36,B37,B38,B39
Time in s,u. Magnitude in p.u.,u. Magnitude in p.u.,u. Magnitude in p.u.,u. Magnitude in p.u.,u. Magnitude in p.u.,u. Magnitude in p.u.,u. Magnitude in p.u.,u. Magnitude in p.u.,u. Magnitude in p.u.,u. Magnitude in p.u.,u. Magnitude in p.u.,u. Magnitude in p.u.,u. Magnitude in p.u.,u. Magnitude in p.u.,u. Magnitude in p.u.,u. Magnitude in p.u.,u. Magnitude in p.u.,u. Magnitude in p.u.,u. Magnitude in p.u.,u. Magnitude in p.u.,u. Magnitude in p.u.,u. Magnitude in p.u.,u. Magnitude in p.u.,u. Magnitude in p.u.,u. Magnitude in p.u.,u. Magnitude in p.u.,u. Magnitude in p.u.,u. Magnitude in p.u.,u. Magnitude in p.u.,u. Magnitude in p.u.,u. Magnitude in p.u.,u. Magnitude in p.u.,u. Magnitude in p.u.,u. Magnitude in p.u.,u. Magnitude in p.u.,u. Magnitude in p.u.,u. Magnitude in p.u.,u. Magnitude in p.u.,u. Magnitude in p.u.
0.000000,1.047706,1.049572,1.038075,1.028335,1.043617,1.047804,1.040115,1.037625,1.049996,1.050023,1.048129,1.033989,1.044627,1.034943,1.026852,1.032436,1.034559,1.034617,1.050036,0.993174,1.032716,1.045878,1.036532,1.035148,1.050007,1.050042,1.039491,1.039848,1.034156,1.029420,1.040322,1.015470,1.000713,1.012982,1.050000,1.050000,1.023238,0.994794,1.038655
0.008330,1.047706,1.049572,1.038075,1.028335,1.043617,1.047804,1.040115,1.037625,1.049996,1.050023,1.048129,1.033989,1.044627,1.034943,1.026852,1.032436,1.034559,1.034617,1.050036,0.993174,1.032716,1.045878,1.036532,1.035148,1.050007,1.050042,1.039491,1.039848,1.034156,1.029420,1.040322,1.015470,1.000713,1.012982,1.050000,1.050000,1.023238,0.994794,1.038655
0.016660,1.047706,1.049572,1.038075,1.028335,1.043617,1.047804,1.040115,1.037625,1.049996,1.050023,1.048129,1.033989,1.044627,1.034943,1.026852,1.032436,1.034559,1.034617,1.050036,0.993174,1.032716,1.045878,1.036532,1.035148,1.050007,1.050042,1.039491,1.039848,1.034156,1.029420,1.040322,1.015470,1.000713,1.012982,1.050000,1.050000,1.023238,0.994794,1.038655
0.024990,1.047706,1.049572,1.038075,1.028335,1.043617,1.047804,1.040115,1.037625,1.049996,1.050023,1.048129,1.033989,1.044627,1.034943,1.026852,1.032436,1.034559,1.034617,1.050036,0.993174,1.032716,1.045878,1.036532,1.035148,1.050007,1.050042,1.039491,1.039848,1.034156,1.029420,1.040322,1.015470,1.000713,1.012982,1.050000,1.050000,1.023238,0.994794,1.038655
0.033320,1.047706,1.049572,1.038075,1.028335,1.043617,1.047804,1.040115,1.037625,1.049996,1.050023,1.048129,1.033989,1.044627,1.034943,1.026852,1.032436,1.034559,1.034617,1.050036,0.993174,1.032716,1.045878,1.036532,1.035148,1.050007,1.050042,1.039491,1.039848,1.034156,1.029420,1.040322,1.015470,1.000713,1.012982,1.050000,1.050000,1.023238,0.994794,1.038655
0.041650,1.047706,1.049572,1.038075,1.028335,1.043617,1.047804,1.040115,1.037625,1.049996,1.050023,1.048129,1.033989,1.044627,1.034943,1.026852,1.032436,1.034559,1.034617,1.050036,0.993174,1.032716,1.045878,1.036532,1.035148,1.050007,1.050042,1.039491,1.039848,1.034156,1.029420,1.040322,1.015470,1.000713,1.012982,1.050000,1.050000,1.023238,0.994794,1.038655
0.049980,1.047706,1.049572,1.038075,1.028335,1.043617,1.047804,1.040115,1.037625,1.049996,1.050023,1.048129,1.033989,1.044627,1.034943,1.026852,1.032436,1.034559,1.034617,1.050036,0.993174,1.032716,1.045878,1.036532,1.035148,1.050007,1.050042,1.039491,1.039848,1.034156,1.029420,1.040322,1.015470,1.000713,1.012982,1.050000,1.050000,1.023238,0.994794,1.038655
0.058310,1.047706,1.049572,1.038075,1.028335,1.043617,1.047804,1.040115,1.037625,1.049996,1.050023,1.048129,1.033989,1.044627,1.034943,1.026852,1.032436,1.034559,1.034617,1.050036,0.993174,1.032716,1.045878,1.036532,1.035148,1.050007,1.050042,1.039491,1.039848,1.034156,1.029420,1.040322,1.015470,1.000713,1.012982,1.050000,1.050000,1.023238,0.994794,1.038655
0.066640,1.047706,1.049572,1.038075,1.028335,1.043617,1.047804,1.040115,1.037625,1.049996,1.050023,1.048129,1.033989,1.044627,1.034943,1.026852,1.032436,1.034559,1.034617,1.050036,0.993174,1.032716,1.045878,1.036532,1.035148,1.050007,1.050042,1.039491,1.039848,1.034156,1.029420,1.040322,1.015470,1.000713,1.012982,1.050000,1.050000,1.023238,0.994794,1.038655
0.074970,1.047706,1.049572,1.038075,1.028335,1.043617,1.047804,1.040115,1.037625,1.049996,1.050023,1.048129,1.033989,1.044627,1.034943,1.026852,1.032436,1.034559,1.034617,1.050036,0.993174,1.032716,1.045878,1.036532,1.035148,1.050007,1.050042,1.039491,1.039848,1.034156,1.029420,1.040322,1.015470,1.000713,1.012982,1.050000,1.050000,1.023238,0.994794,1.038655
0.083300,1.047706,1.049572,1.038075,1.028335,1.043617,1.047804,1.040115,1.037625,1.049996,1.050023,1.048129,1.033989,1.044627,1.034943,1.026852,1.032436,1.034559,1.034617,1.050036,0.993174,1.032716,1.045878,1.036532,1.035148,1.050007,1.050042,1.039491,1.039848,1.034156,1.029420,1.040322,1.015470,1.000713,1.012982,1.050000,1.050000,1.023238,0.994794,1.038655
0.091630,1.047706,1.049572,1.038075,1.028335,1.043617,1.047804,1.040115,1.037625,1.049996,1.050023,1.048129,1.033989,1.044627,1.034943,1.026852,1.032436,1.034559,1.034617,1.050036,0.993174,1.032716,1.045878,1.036532,1.035148,1.050007,1.050042,1.039491,1.039848,1.034156,1.029420,1.040322,1.015470,1.000713,1.012982,1.050000,1.050000,1.023238,0.994794,1.038655
0.099960,1.047706,1.049572,1.038075,1.028335,1.043617,1.047804,1.040115,1.037625,1.049996,1.050023,1.048129,1.033989,1.044627,1.034943,1.026852,1.032436,1.034559,1.034617,1.050036,0.993174,1.032716,1.045878,1.036532,1.035148,1.050007,1.050042,1.039491,1.039848,1.034156,1.029420,1.040322,1.015470,1.000713,1.012982,1.050000,1.050000,1.023238,0.994794,1.038655
0.108290,1.047706,1.049572,1.038075,1.028335,1.043617,1.047804,1.040115,1.037625,1.049996,1.050023,1.048129,1.033989,1.044627,1.034943,1.026852,1.032436,1.034559,1.034617,1.050036,0.993174,1.032716,1.045878,1.036532,1.035148,1.050007,1.050042,1.039491,1.039848,1.034156,1.029420,1.040322,1.015470,1.000713,1.012982,1.050000,1.050000,1.023238,0.994794,1.038655
0.116620,0.906336,0.772441,0.647220,0.715509,0.783660,0.791367,0.802456,0.809049,0.921000,0.751863,0.763156,0.729541,0.721177,0.647404,0.374320,0.245813,0.404515,0.496444,0.570605,0.654559,0.357701,0.484764,0.447697,0.029086,0.755674,0.630613,0.525357,0.699050,0.701477,0.877068,0.874832,0.796210,0.671278,0.767911,0.663537,0.686760,0.783016,0.704475,0.979728
0.124950,0.891358,0.747728,0.617770,0.677739,0.750016,0.758326,0.769771,0.776504,0.902304,0.718913,0.730168,0.696461,0.687792,0.612903,0.343659,0.223539,0.378571,0.469093,0.510130,0.586743,0.325334,0.444247,0.405108,0.022197,0.729290,0.599605,0.496789,0.660102,0.664347,0.859879,0.849167,0.767641,0.600468,0.696164,0.619862,0.613210,0.754608,0.668997,0.970765
0.133280,0.880625,0.730359,0.597804,0.652448,0.727151,0.735810,0.747503,0.754332,0.889205,0.696542,0.707750,0.674102,0.665268,0.589971,0.324414,0.210089,0.361966,0.451148,0.478580,0.548756,0.306455,0.421682,0.383838,0.018417,0.710865,0.578714,0.477945,0.633773,0.639019,0.847003,0.830921,0.747630,0.567769,0.655906,0.592827,0.582942,0.734314,0.644476,0.964118
0.141610,0.872314,0.717086,0.582870,0.633633,0.709986,0.718884,0.730753,0.737647,0.879160,0.679802,0.690952,0.657413,0.648481,0.573042,0.310862,0.200979,0.350140,0.438087,0.460123,0.525947,0.294104,0.407603,0.371704,0.016014,0.696918,0.563311,0.464244,0.614351,0.620245,0.836711,0.816877,0.732444,0.550123,0.632047,0.574822,0.568600,0.718867,0.626183,0.958867
0.149940,0.865473,0.706234,0.570746,0.618290,0.695955,0.705049,0.717041,0.723978,0.870878,0.666189,0.677269,0.643853,0.634851,0.559348,0.300250,0.194129,0.340895,0.427699,0.448091,0.511094,0.285153,0.397899,0.363865,0.014198,0.685636,0.551043,0.453413,0.598873,0.605275,0.828083,0.805334,0.720112,0.539246,0.616851,0.562071,0.560769,0.706450,0.611585,0.954527
0.158270,0.859589,0.696910,0.560290,0.604896,0.683745,0.693023,0.705104,0.712070,0.863693,0.654406,0.665410,0.632114,0.623047,0.547478,0.291195,0.188506,0.333114,0.418855,0.439358,0.500485,0.278087,0.390628,0.358221,0.012635,0.676044,0.540669,0.444271,0.585769,0.592632,0.820611,0.795377,0.709559,0.531657,0.606308,0.552553,0.555848,0.696024,0.599295,0.950830
0.166600,0.854388,0.688647,0.550938,0.592720,0.672718,0.682178,0.694330,0.701315,0.857281,0.643811,0.654736,0.621552,0.612417,0.536746,0.283032,0.183610,0.326246,0.410998,0.432460,0.492227,0.272176,0.384859,0.353863,0.011252,0.667623,0.531549,0.436221,0.574220,0.581536,0.814012,0.786528,0.700217,0.525861,0.598355,0.545153,0.552438,0.686992,0.588561,0.947628
0.174930,0.849719,0.681193,0.542414,0.581441,0.662587,0.672230,0.684443,0.691443,0.851489,0.634098,0.644948,0.611863,0.602651,0.526834,0.275440,0.179181,0.320002,0.403843,0.426607,0.485285,0.267028,0.380094,0.350346,0.010137,0.660091,0.523344,0.428948,0.563803,0.571572,0.808119,0.778541,0.691787,0.521071,0.591857,0.539208,0.549889,0.679004,0.578971,0.944840
0.183260,0.845501,0.674414,0.534587,0.570944,0.653240,0.663063,0.675338,0.682355,0.846254,0.625140,0.635925,0.602922,0.593622,0.517616,0.268289,0.175088,0.314238,0.397248,0.421396,0.479112,0.262434,0.376065,0.347459,0.009485,0.653293,0.515876,0.422290,0.554302,0.562519,0.802831,0.771294,0.684118,0.516895,0.586216,0.534315,0.547913,0.671849,0.570298,0.942416
0.191590,0.841680,0.668225,0.527391,0.561204,0.644639,0.654637,0.666979,0.674016,0.841544,0.616884,0.627616,0.594679,0.585280,0.509049,0.261534,0.171258,0.308872,0.391138,0.416600,0.473402,0.258269,0.372614,0.345088,0.009469,0.647128,0.509041,0.416154,0.545595,0.554248,0.798072,0.764720,0.677129,0.513114,0.581097,0.530217,0.546363,0.665388,0.562398,0.940324
0.199920,0.924811,0.834681,0.762112,0.739724,0.792851,0.801018,0.801886,0.803400,0.915710,0.788603,0.791195,0.768916,0.772184,0.734992,0.661627,0.660583,0.697334,0.719972,0.688268,0.657110,0.629020,0.629396,0.589744,0.388231,0.824482,0.763070,0.730245,0.748086,0.752296,0.888884,0.860073,0.803707,0.685182,0.704589,0.695728,0.676303,0.808989,0.734827,0.974619
0.208250,0.937889,0.858777,0.794015,0.770692,0.819500,0.827258,0.827012,0.827996,0.929961,0.816971,0.818899,0.797715,0.802039,0.768647,0.707228,0.709186,0.739761,0.758415,0.745668,0.709634,0.680497,0.683496,0.652854,0.487528,0.850653,0.797583,0.768269,0.782354,0.785344,0.903419,0.878779,0.826401,0.741652,0.753176,0.736610,0.732971,0.833485,0.765004,0.981537
0.216580,0.947337,0.876003,0.816481,0.792966,0.838775,0.846238,0.845257,0.845892,0.940461,0.837288,0.838803,0.818336,0.823314,0.792384,0.738125,0.742004,0.768736,0.784913,0.782109,0.743944,0.717054,0.723449,0.699569,0.565903,0.869458,0.821814,0.794594,0.806676,0.808894,0.914319,0.892618,0.842938,0.776189,0.785684,0.767942,0.773544,0.851441,0.786689,0.986889
0.224910,0.954518,0.889026,0.833298,0.810019,0.853556,0.860787,0.859291,0.859684,0.948609,0.852703,0.853953,0.833974,0.839398,0.810195,0.760368,0.765410,0.789706,0.804300,0.806212,0.766642,0.743886,0.753052,0.733918,0.626228,0.883721,0.839834,0.813909,0.824975,0.826635,0.922933,0.903388,0.855602,0.798237,0.807309,0.791618,0.802464,0.865204,0.803105,0.991223
0.233240,0.960132,0.899171,0.846317,0.823648,0.865347,0.872377,0.870515,0.870735,0.955143,0.864846,0.865931,0.846295,0.852031,0.824099,0.776907,0.782428,0.805274,0.818900,0.822537,0.781791,0.763227,0.773749,0.757296,0.668704,0.894858,0.853656,0.828490,0.839263,0.840460,0.929924,0.912039,0.865606,0.812854,0.821675,0.808372,0.821818,0.876001,0.815923,0.994822
0.241570,0.964457,0.906949,0.856226,0.834525,0.874729,0.881585,0.879474,0.879580,0.960363,0.874352,0.875353,0.855942,0.861882,0.834851,0.788843,0.794183,0.816404,0.829570,0.833254,0.791660,0.775668,0.785763,0.769786,0.692136,0.903425,0.864059,0.839199,0.850353,0.851141,0.935536,0.918961,0.873453,0.822390,0.831031,0.818363,0.832236,0.884366,0.825839,0.997797
0.249900,0.967588,0.912531,0.863234,0.842821,0.881867,0.888575,0.886329,0.886374,0.964371,0.881407,0.882396,0.863102,0.869143,0.842661,0.796565,0.801146,0.823456,0.836608,0.839534,0.797567,0.781525,0.789515,0.771946,0.696591,0.909626,0.871329,0.846352,0.858540,0.858965,0.939843,0.924291,0.879317,0.828096,0.836729,0.822023,0.834430,0.890531,0.833124,1.000188
0.258230,0.969593,0.916058,0.867513,0.848625,0.886855,0.893442,0.891167,0.891204,0.967238,0.886128,0.887170,0.867890,0.873937,0.847666,0.800420,0.803819,0.826785,0.840290,0.842180,0.800379,0.781596,0.786362,0.765672,0.684909,0.913632,0.875705,0.850236,0.864032,0.864144,0.942909,0.928116,0.883317,0.830732,0.839649,0.820477,0.829891,0.894683,0.837983,1.002022
0.266560,0.970597,0.917780,0.869400,0.852161,0.889891,0.896388,0.894175,0.894247,0.969082,0.888753,0.889901,0.870548,0.876519,0.850173,0.801024,0.803021,0.827009,0.841119,0.842005,0.800846,0.777346,0.778604,0.754145,0.662537,0.915728,0.877593,0.851349,0.867159,0.867012,0.944864,0.930584,0.885651,0.830987,0.840492,0.815490,0.821057,0.897087,0.840719,1.003352
0.274890,0.970777,0.918040,0.869369,0.853788,0.891287,0.897720,0.895637,0.895778,0.970074,0.889641,0.890932,0.871441,0.877276,0.850636,0.799167,0.799736,0.824904,0.839753,0.839803,0.799631,0.770465,0.768688,0.740695,0.635902,0.916287,0.877518,0.850329,0.868351,0.867995,0.945893,0.931911,0.886602,0.829500,0.839840,0.808840,0.810483,0.898071,0.841714,1.004255
0.283220,0.970322,0.917188,0.867899,0.853901,0.891380,0.897771,0.895863,0.896096,0.970393,0.889178,0.890630,0.870960,0.876619,0.849536,0.795617,0.794874,0.821214,0.836835,0.836257,0.797281,0.762420,0.758595,0.727962,0.610720,0.915680,0.875996,0.847795,0.868040,0.867516,0.946186,0.932325,0.886469,0.826824,0.838165,0.801931,0.800242,0.897958,0.841345,1.004815
0.291550,0.969391,0.915516,0.865389,0.852838,0.890462,0.896831,0.895124,0.895459,0.970191,0.887690,0.889313,0.869437,0.874900,0.847279,0.790972,0.789111,0.816516,0.832879,0.831877,0.794203,0.754201,0.749523,0.717464,0.590877,0.914214,0.873444,0.844236,0.866583,0.865927,0.945907,0.932023,0.885509,0.823385,0.835817,0.795603,0.791574,0.897016,0.839926,1.005106
0.299880,0.968106,0.913240,0.862128,0.850858,0.888754,0.895120,0.893625,0.894069,0.969583,0.885426,0.887219,0.867126,0.872381,0.844167,0.785637,0.782875,0.811196,0.828236,0.826987,0.790654,0.746324,0.741928,0.709663,0.578156,0.912111,0.870157,0.839992,0.864245,0.863489,0.945181,0.931161,0.883920,0.819467,0.833023,0.790172,0.784884,0.895448,0.837694,1.005184
0.308210,0.966547,0.910507,0.858312,0.848143,0.886416,0.892794,0.891514,0.892068,0.968645,0.882560,0.884518,0.864202,0.869246,0.840406,0.779860,0.776404,0.805489,0.823132,0.821781,0.786791,0.738972,0.735805,0.704372,0.572606,0.909525,0.866332,0.835278,0.861219,0.860389,0.944098,0.929850,0.881838,0.815245,0.829922,0.785644,0.780069,0.893397,0.834824,1.005088
0.316540,0.964767,0.907421,0.854075,0.844828,0.883566,0.889970,0.888904,0.889565,0.967430,0.879216,0.881331,0.860792,0.865627,0.836142,0.773787,0.769812,0.799529,0.817705,0.816356,0.782690,0.732123,0.730869,0.701030,0.573112,0.906564,0.862104,0.830229,0.857645,0.856767,0.942726,0.928172,0.879367,0.810818,0.826585,0.781829,0.776701,0.890969,0.831451,1.004846
0.324870,0.962805,0.904056,0.849515,0.841021,0.880299,0.886741,0.885886,0.886653,0.965980,0.875491,0.877755,0.856995,0.861624,0.831487,0.767501,0.763144,0.793393,0.812045,0.810756,0.778384,0.725646,0.726706,0.698920,0.577936,0.903307,0.857566,0.824934,0.853637,0.852735,0.941118,0.926197,0.876583,0.806230,0.823044,0.778442,0.774219,0.888243,0.827682,1.004480
0.333200,0.960690,0.900470,0.844703,0.836818,0.876697,0.883188,0.882540,0.883411,0.964331,0.871465,0.873871,0.852892,0.857319,0.826526,0.761042,0.756390,0.787112,0.806202,0.804979,0.773872,0.719338,0.722843,0.697273,0.585104,0.899809,0.852781,0.819441,0.849283,0.848378,0.939316,0.923980,0.873552,0.801489,0.819300,0.775150,0.772013,0.885279,0.823604,1.004006
0.341530,0.958441,0.896698,0.839686,0.832296,0.872828,0.879377,0.878934,0.879906,0.962514,0.867200,0.869742,0.848547,0.852775,0.821323,0.754408,0.749499,0.780681,0.800192,0.798996,0.769127,0.712954,0.718783,0.695330,0.592652,0.896109,0.847787,0.813771,0.844650,0.843760,0.937349,0.921570,0.870323,0.796578,0.815334,0.771602,0.769486,0.882114,0.819280,1.003438
0.349860,0.956070,0.892756,0.834480,0.827515,0.868743,0.875356,0.875117,0.876191,0.960553,0.862738,0.865411,0.843999,0.848031,0.815913,0.747562,0.742383,0.774059,0.794000,0.792748,0.764105,0.706217,0.714048,0.692396,0.598811,0.892220,0.842588,0.807906,0.839775,0.838915,0.935236,0.919001,0.866930,0.791454,0.811114,0.767463,0.766105,0.878770,0.814746,1.002787
0.358190,0.953577,0.888642,0.829079,0.822508,0.864468,0.871152,0.871120,0.872295,0.958462,0.858093,0.860899,0.839267,0.843101,0.810302,0.740433,0.734927,0.767173,0.787580,0.786164,0.758752,0.698859,0.708230,0.687910,0.602161,0.888138,0.837165,0.801803,0.834668,0.833851,0.932982,0.916294,0.863388,0.786069,0.806600,0.762455,0.761451,0.875245,0.810016,1.002060
0.366520,0.950957,0.884336,0.823455,0.817286,0.860013,0.866770,0.866952,0.868231,0.956247,0.853265,0.856205,0.834348,0.837978,0.804474,0.732938,0.727018,0.759941,0.780868,0.779174,0.753016,0.690656,0.701047,0.681516,0.601768,0.883843,0.831482,0.795406,0.829321,0.828557,0.930585,0.913456,0.859699,0.780370,0.801756,0.756399,0.755282,0.871529,0.805082,1.001260
0.374850,0.948200,0.879817,0.817572,0.811844,0.855369,0.862204,0.862607,0.863996,0.953908,0.848235,0.851315,0.829223,0.832642,0.798401,0.725001,0.718563,0.752288,0.773805,0.771728,0.746865,0.681472,0.692391,0.673119,0.597246,0.879312,0.825499,0.788659,0.823715,0.823013,0.928036,0.910486,0.855852,0.774322,0.796559,0.749245,0.747565,0.867602,0.799932,1.000386
0.383180,0.945298,0.875066,0.811404,0.806170,0.850527,0.857443,0.858078,0.859579,0.951441,0.842989,0.846216,0.823876,0.827074,0.792056,0.716576,0.709517,0.744171,0.766350,0.763811,0.740288,0.671282,0.682337,0.662877,0.588771,0.874528,0.819190,0.781525,0.817834,0.817204,0.925331,0.907377,0.851836,0.767914,0.791009,0.741076,0.738469,0.863453,0.794552,0.999439
0.391510,0.942248,0.870075,0.804937,0.800258,0.845479,0.852477,0.853355,0.854975,0.948845,0.837513,0.840895,0.818295,0.821261,0.785424,0.707652,0.699886,0.735582,0.758491,0.755442,0.733309,0.660167,0.671115,0.651161,0.576963,0.869485,0.812547,0.773995,0.811674,0.811127,0.922468,0.904126,0.847642,0.761165,0.785127,0.732087,0.728330,0.859076,0.788940,0.998420
0.399840,0.939051,0.864848,0.798177,0.794109,0.840222,0.847306,0.848437,0.850181,0.946124,0.831807,0.835352,0.812479,0.815202,0.778507,0.698257,0.689723,0.726547,0.750245,0.746675,0.725972,0.648290,0.659058,0.638465,0.562739,0.864191,0.805583,0.766090,0.805244,0.804790,0.919452,0.900733,0.843271,0.754115,0.778957,0.722537,0.717577,0.854477,0.783105,0.997333
0.408170,0.935718,0.859404,0.791147,0.787735,0.834766,0.841937,0.843331,0.845203,0.943284,0.825883,0.829597,0.806441,0.808911,0.771322,0.688448,0.679113,0.717123,0.741653,0.737582,0.718342,0.635855,0.646532,0.625319,0.547145,0.858666,0.798329,0.757849,0.798566,0.798215,0.916296,0.897203,0.838731,0.746825,0.772555,0.712706,0.706652,0.849673,0.777067,0.996181
0.416500,0.932261,0.853765,0.783877,0.781151,0.829124,0.836385,0.838047,0.840050,0.940336,0.819759,0.823647,0.800197,0.802408,0.763893,0.678293,0.668153,0.707378,0.732766,0.728244,0.710488,0.623074,0.633882,0.612203,0.531198,0.852937,0.790827,0.749327,0.791672,0.791435,0.913013,0.893546,0.834035,0.739359,0.765983,0.702846,0.695944,0.844686,0.770852,0.994973
0.424830,0.928695,0.847957,0.776400,0.774378,0.823313,0.830666,0.832602,0.834739,0.937292,0.813456,0.817522,0.793772,0.795716,0.756252,0.667862,0.656936,0.697380,0.723640,0.718736,0.702475,0.610133,0.621388,0.599497,0.515783,0.847035,0.783120,0.740577,0.784591,0.784480,0.909620,0.889774,0.829199,0.731778,0.759298,0.693162,0.685747,0.839539,0.764488,0.993717
0.433160,0.925037,0.842003,0.768749,0.767434,0.817351,0.824799,0.827011,0.829284,0.934164,0.806998,0.811243,0.787191,0.788861,0.748428,0.657217,0.645541,0.687189,0.714323,0.709119,0.694358,0.597180,0.609249,0.587459,0.501580,0.840983,0.775244,0.731646,0.777352,0.777377,0.906131,0.885898,0.824241,0.724134,0.752550,0.683793,0.676243,0.834253,0.757998,0.992420
0.441490,0.921300,0.835924,0.760949,0.760338,0.811254,0.818800,0.821290,0.823699,0.930965,0.800404,0.804830,0.780475,0.781865,0.740447,0.646406,0.634026,0.676852,0.704855,0.699436,0.686177,0.584313,0.597583,0.576225,0.489038,0.834805,0.767228,0.722573,0.769976,0.770146,0.902558,0.881930,0.819176,0.716461,0.745773,0.674813,0.667507,0.828845,0.751397,0.991090
0.449820,0.917497,0.829736,0.753022,0.753102,0.805036,0.812683,0.815451,0.817998,0.927704,0.793691,0.798297,0.773638,0.774744,0.732329,0.635464,0.622430,0.666401,0.695262,0.689714,0.677959,0.571587,0.586427,0.565818,0.478367,0.828515,0.759095,0.713383,0.762475,0.762800,0.898909,0.877879,0.814017,0.708784,0.738991,0.666240,0.659520,0.823328,0.744696,0.989734
0.458150,0.913637,0.823449,0.744979,0.745734,0.798707,0.806457,0.809504,0.812188,0.924391,0.786870,0.791656,0.766695,0.767512,0.724088,0.624407,0.610766,0.655853,0.685562,0.679960,0.669712,0.559011,0.575749,0.556166,0.469544,0.822123,0.750856,0.704091,0.754858,0.755347,0.895193,0.873751,0.808771,0.701108,0.732211,0.658041,0.652189,0.817710,0.737900,0.988358
0.466480,0.909729,0.817067,0.736825,0.738241,0.792272,0.800129,0.803456,0.806278,0.921032,0.779949,0.784914,0.759652,0.760175,0.715729,0.613237,0.599031,0.645208,0.675757,0.670163,0.661432,0.546555,0.565458,0.547114,0.462331,0.815633,0.742511,0.694698,0.747124,0.747784,0.891410,0.869552,0.803445,0.693427,0.725432,0.650137,0.645367,0.811993,0.731006,0.986967
0.474810,0.905775,0.810588,0.728555,0.730618,0.785733,0.793700,0.797309,0.800269,0.917631,0.772927,0.778072,0.752510,0.752734,0.707253,0.601938,0.587195,0.634451,0.665838,0.660297,0.653098,0.534150,0.555413,0.538446,0.456307,0.809039,0.734053,0.685195,0.739263,0.740103,0.887560,0.865283,0.798039,0.685721,0.718636,0.642421,0.638866,0.806171,0.724004,0.985565
0.483140,0.901778,0.804003,0.720157,0.722860,0.779087,0.787167,0.791060,0.794161,0.914190,0.765800,0.771124,0.745264,0.745182,0.698649,0.590477,0.575210,0.623549,0.655780,0.650320,0.644678,0.521691,0.545435,0.529904,0.450911,0.802331,0.725462,0.675555,0.731258,0.732283,0.883638,0.860940,0.792548,0.677959,0.711797,0.634761,0.632489,0.800236,0.716875,0.984153
0.491470,0.897733,0.797294,0.711605,0.714950,0.772323,0.780521,0.784702,0.787945,0.910706,0.758554,0.764060,0.737900,0.737505,0.689897,0.578805,0.563009,0.612454,0.645546,0.640176,0.636130,0.509049,0.535330,0.521216,0.445508,0.795488,0.716706,0.665740,0.723080,0.724299,0.879633,0.856517,0.786963,0.670099,0.704884,0.627020,0.626041,0.794169,0.709595,0.982733
0.499800,0.893634,0.790437,0.702867,0.706865,0.765423,0.773742,0.778219,0.781606,0.907174,0.751168,0.756859,0.730396,0.729677,0.680967,0.566854,0.550506,0.601104,0.635085,0.629804,0.627407,0.496080,0.524907,0.512131,0.439468,0.788483,0.707744,0.655701,0.714694,0.716113,0.875532,0.852003,0.781268,0.662097,0.697858,0.619072,0.619368,0.787948,0.702131,0.981303
0.508130,0.889469,0.783403,0.693900,0.698571,0.758363,0.766808,0.771589,0.775126,0.903585,0.743612,0.749493,0.722724,0.721669,0.671820,0.554550,0.537610,0.589425,0.624336,0.619139,0.618457,0.482642,0.514011,0.502458,0.432258,0.781283,0.698528,0.645378,0.706057,0.707685,0.871317,0.847380,0.775438,0.653905,0.690683,0.610827,0.612376,0.781543,0.694444,0.979859
0.516460,0.885225,0.776155,0.684656,0.690034,0.751112,0.759688,0.764786,0.768478,0.899926,0.735852,0.741929,0.714848,0.713442,0.662411,0.541811,0.524225,0.577341,0.613235,0.608121,0.609236,0.468612,0.502552,0.492105,0.423521,0.773851,0.689005,0.634708,0.697124,0.698968,0.866967,0.842629,0.769449,0.645482,0.683326,0.602246,0.605058,0.774921,0.686494,0.978397
0.524790,0.880886,0.768659,0.675090,0.681215,0.743641,0.752353,0.757782,0.761636,0.896184,0.727853,0.734134,0.706734,0.704959,0.652695,0.528563,0.510272,0.564781,0.601719,0.596707,0.599711,0.453909,0.490526,0.481105,0.413144,0.766150,0.679123,0.623631,0.687849,0.689921,0.862461,0.837728,0.763271,0.636800,0.675766,0.593358,0.597502,0.768053,0.678244,0.976912
0.533120,0.876437,0.760885,0.665160,0.672079,0.735920,0.744773,0.750550,0.754573,0.892346,0.719581,0.726076,0.698348,0.696183,0.642631,0.514746,0.495692,0.551690,0.589738,0.584875,0.589868,0.438511,0.478027,0.469624,0.401298,0.758149,0.668843,0.612099,0.678196,0.680508,0.857783,0.832656,0.756878,0.627848,0.667997,0.584264,0.589894,0.760908,0.669662,0.975398
0.541450,0.871869,0.752811,0.654841,0.662602,0.727927,0.736927,0.743071,0.747271,0.888401,0.711014,0.717733,0.689668,0.687092,0.632193,0.500326,0.480460,0.538036,0.577263,0.572627,0.579709,0.422460,0.465241,0.457939,0.388448,0.749827,0.658138,0.600085,0.668141,0.670706,0.852917,0.827398,0.750251,0.618633,0.660030,0.575119,0.582467,0.753471,0.660730,0.973850
0.549780,0.867177,0.744432,0.644127,0.652776,0.719655,0.728808,0.735336,0.739723,0.884345,0.702143,0.709096,0.680687,0.677677,0.621374,0.485304,0.464592,0.523824,0.564291,0.559996,0.569261,0.405866,0.452421,0.446400,0.375298,0.741180,0.647006,0.587587,0.657681,0.660513,0.847861,0.821946,0.743380,0.609183,0.651889,0.566111,0.575472,0.745735,0.651444,0.972266
0.558110,0.862363,0.735752,0.633027,0.642603,0.711105,0.720417,0.727346,0.731928,0.880180,0.692972,0.700169,0.671408,0.667943,0.610182,0.469703,0.448129,0.509077,0.550840,0.547032,0.558565,0.388875,0.439844,0.435373,0.362642,0.732213,0.635458,0.574624,0.646822,0.649937,0.842616,0.816297,0.736266,0.599542,0.643613,0.557436,0.569144,0.737703,0.641815,0.970647
0.566440,0.857436,0.726787,0.621566,0.632105,0.702292,0.711767,0.719115,0.723899,0.875911,0.683519,0.690969,0.661852,0.657911,0.598644,0.453568,0.431132,0.493839,0.536948,0.533793,0.547667,0.371645,0.427758,0.425160,0.351225,0.722945,0.623522,0.561229,0.635586,0.638999,0.837189,0.810459,0.728920,0.589760,0.635244,0.549253,0.563642,0.729389,0.631858,0.968996
0.574770,0.852407,0.717557,0.609776,0.621305,0.693238,0.702881,0.710663,0.715656,0.871551,0.673808,0.681519,0.652044,0.647609,0.586793,0.436953,0.413664,0.478161,0.522658,0.520340,0.536618,0.354335,0.416365,0.415971,0.341607,0.713398,0.611232,0.547445,0.623996,0.627722,0.831592,0.804441,0.721359,0.579887,0.626827,0.541679,0.559040,0.720811,0.621595,0.967318
0.583100,0.847291,0.708087,0.597693,0.610236,0.683967,0.693783,0.702011,0.707220,0.867111,0.663871,0.671848,0.642015,0.637069,0.574669,0.419911,0.395783,0.462093,0.508017,0.506730,0.525461,0.337069,0.405772,0.407869,0.334009,0.703596,0.598619,0.533313,0.612078,0.616131,0.825837,0.798257,0.713603,0.569968,0.618400,0.534762,0.555311,0.711985,0.611048,0.965620
0.591430,0.842109,0.698401,0.585352,0.598935,0.674513,0.684506,0.693193,0.698622,0.862612,0.653744,0.661992,0.631805,0.626331,0.562320,0.402485,0.377515,0.445670,0.493065,0.492983,0.514218,0.319898,0.395966,0.400749,0.328232,0.693560,0.585711,0.518865,0.599851,0.604243,0.819936,0.791925,0.705679,0.560026,0.609982,0.528468,0.552329,0.702929,0.600227,0.963911
0.599760,0.836879,0.688516,0.572782,0.587436,0.664908,0.675080,0.684237,0.689890,0.858071,0.643461,0.651984,0.621447,0.615433,0.549787,0.384696,0.358853,0.428911,0.477827,0.479099,0.502893,0.302810,0.386838,0.394386,0.323709,0.683305,0.572522,0.504119,0.587320,0.592061,0.813895,0.785463,0.697610,0.550064,0.601582,0.522704,0.549912,0.693648,0.589133,0.962199
0.608090,0.831617,0.678440,0.559997,0.575767,0.655175,0.665530,0.675166,0.681050,0.853505,0.633051,0.641850,0.610972,0.604404,0.537102,0.366540,0.339750,0.411801,0.462309,0.465058,0.491476,0.285740,0.378238,0.388512,0.319664,0.672831,0.559048,0.489069,0.574475,0.579574,0.807717,0.778884,0.689416,0.540076,0.593195,0.517361,0.547882,0.684141,0.577751,0.960495
0.616420,0.826333,0.668167,0.546996,0.563942,0.645331,0.655872,0.665999,0.672116,0.848926,0.622529,0.631609,0.600396,0.593261,0.524285,0.347993,0.320132,0.394310,0.446496,0.450842,0.479961,0.268610,0.370051,0.382923,0.315371,0.662127,0.545266,0.473692,0.561291,0.566755,0.801393,0.772194,0.681105,0.530054,0.584821,0.512365,0.546130,0.674393,0.566055,0.958803
0.624750,0.821033,0.657688,0.533772,0.551971,0.635386,0.646115,0.656744,0.663100,0.844343,0.611907,0.621270,0.589731,0.582016,0.511350,0.329023,0.299913,0.376392,0.430368,0.436437,0.468346,0.251386,0.362261,0.377568,0.310393,0.651177,0.531149,0.457953,0.547736,0.553571,0.794914,0.765396,0.672685,0.519998,0.576465,0.507717,0.544653,0.664388,0.554011,0.957129
0.633080,0.815722,0.646992,0.520319,0.539866,0.625350,0.636269,0.647413,0.654013,0.839761,0.601196,0.610844,0.578990,0.570685,0.498315,0.309612,0.279016,0.358014,0.413907,0.421866,0.456657,0.234134,0.355007,0.372598,0.304762,0.639964,0.516668,0.441825,0.533776,0.539988,0.788270,0.758493,0.664160,0.509931,0.568151,0.503513,0.543569,0.654104,0.541587,0.955475
0.641410,0.810407,0.636076,0.506644,0.527643,0.615237,0.626349,0.638018,0.644867,0.835189,0.590416,0.600349,0.568193,0.559286,0.485209,0.289772,0.257401,0.339167,0.397120,0.407197,0.444959,0.217086,0.348587,0.368358,0.299017,0.628479,0.501810,0.425296,0.519391,0.525988,0.781455,0.751488,0.655541,0.499907,0.559930,0.499943,0.543084,0.643532,0.528765,0.953847
0.649740,0.805097,0.624950,0.492776,0.515338,0.605076,0.616381,0.628585,0.635686,0.830639,0.579599,0.589817,0.557374,0.547860,0.472086,0.269566,0.235072,0.319881,0.380045,0.392557,0.433355,0.200659,0.343396,0.365293,0.294069,0.616730,0.486585,0.408387,0.504578,0.511566,0.774471,0.744396,0.646849,0.490015,0.551882,0.497249,0.543434,0.632673,0.515542,0.952248
0.658070,0.799821,0.613666,0.478801,0.503027,0.594924,0.606422,0.619167,0.626520,0.826133,0.568817,0.579314,0.546606,0.536487,0.459049,0.249169,0.212151,0.300287,0.362805,0.378146,0.422006,0.185493,0.339791,0.363743,0.290862,0.604768,0.471065,0.391193,0.489386,0.496771,0.767342,0.737249,0.638132,0.480394,0.544119,0.495615,0.544720,0.621563,0.501957,0.950689
0.666400,0.794595,0.602241,0.464759,0.490760,0.584821,0.596512,0.609798,0.617404,0.821689,0.558117,0.568885,0.535937,0.525219,0.446174,0.228679,0.188613,0.280424,0.345454,0.364133,0.411055,0.172219,0.338091,0.364039,0.290094,0.592601,0.455254,0.373731,0.473805,0.481593,0.760074,0.730066,0.629422,0.471146,0.536743,0.495247,0.547147,0.610204,0.488002,0.949178
0.674730,0.789461,0.590757,0.450786,0.478659,0.574861,0.586742,0.600564,0.608419,0.817346,0.547611,0.558635,0.525480,0.514182,0.433620,0.208394,0.164616,0.260505,0.328191,0.350765,0.400697,0.161611,0.338330,0.366086,0.291784,0.580310,0.439268,0.356155,0.457915,0.466108,0.752708,0.722905,0.620799,0.462426,0.529882,0.496130,0.550568,0.598655,0.473740,0.947731
0.683060,0.784468,0.579306,0.437033,0.466858,0.565150,0.577216,0.591560,0.599656,0.813150,0.537424,0.548682,0.515359,0.503513,0.421567,0.188670,0.140287,0.240771,0.311234,0.338276,0.391120,0.154305,0.340341,0.369560,0.295330,0.567984,0.423226,0.338628,0.441800,0.450396,0.745290,0.715830,0.612354,0.454356,0.523652,0.498141,0.554740,0.586984,0.459240,0.946370
0.691390,0.779661,0.567957,0.423624,0.455485,0.555789,0.568034,0.582878,0.591203,0.809147,0.527672,0.539137,0.505692,0.493341,0.410182,0.169890,0.115616,0.221426,0.294772,0.326860,0.382487,0.150694,0.343911,0.374161,0.299781,0.555683,0.407205,0.321270,0.425505,0.434497,0.737852,0.708902,0.604169,0.447038,0.518152,0.501163,0.559534,0.575230,0.444532,0.945114
0.699720,0.775093,0.556794,0.410708,0.444683,0.546891,0.559306,0.574621,0.583161,0.805387,0.518486,0.530124,0.496609,0.483810,0.399650,0.152619,0.090622,0.202769,0.279050,0.316733,0.374978,0.150988,0.348803,0.379565,0.304302,0.543483,0.391304,0.304236,0.409089,0.418463,0.730430,0.702189,0.596339,0.440573,0.513485,0.505049,0.564758,0.563444,0.429655,0.943987
0.708050,0.770807,0.545883,0.398419,0.434583,0.538558,0.551132,0.566883,0.575619,0.801916,0.509981,0.521753,0.488224,0.475048,0.390142,0.137608,0.065274,0.185151,0.264312,0.308134,0.368782,0.155223,0.354950,0.385707,0.308573,0.531437,0.375596,0.287665,0.392586,0.402320,0.723051,0.695754,0.588947,0.435069,0.509762,0.509776,0.570392,0.551658,0.414626,0.943008
0.716380,0.766843,0.535280,0.386878,0.425303,0.530877,0.543597,0.559742,0.568654,0.798772,0.502257,0.514118,0.480635,0.467164,0.381804,0.125860,0.039639,0.169036,0.250826,0.301361,0.364123,0.163319,0.362453,0.392751,0.312897,0.519584,0.360134,0.271701,0.375988,0.386040,0.715734,0.689651,0.582066,0.430669,0.507117,0.515429,0.576541,0.539888,0.399401,0.942195
0.724710,0.763233,0.525031,0.376203,0.416948,0.523926,0.536777,0.553270,0.562332,0.795988,0.495398,0.507300,0.473927,0.460253,0.374767,0.118575,0.014736,0.155041,0.238886,0.296749,0.361234,0.175093,0.371524,0.401009,0.318048,0.507950,0.344963,0.256505,0.359270,0.369569,0.708490,0.683927,0.575759,0.427541,0.505693,0.522179,0.583389,0.528136,0.383899,0.941565
0.733040,0.759998,0.515196,0.366518,0.409603,0.517767,0.530731,0.547518,0.556707,0.793585,0.489474,0.501366,0.468164,0.454390,0.369132,0.116831,0.016951,0.143994,0.228837,0.294675,0.360355,0.190178,0.382311,0.410719,0.324826,0.496593,0.330195,0.242326,0.342490,0.352953,0.701348,0.678627,0.570082,0.425890,0.505646,0.530154,0.591065,0.516441,0.368152,0.941125
0.741370,0.757155,0.505852,0.357958,0.403345,0.512451,0.525512,0.542535,0.551821,0.791579,0.484543,0.496369,0.463404,0.449636,0.364976,0.121023,0.043017,0.136799,0.221033,0.295433,0.361647,0.207995,0.394767,0.421887,0.333588,0.485597,0.315985,0.229475,0.325752,0.336282,0.694349,0.673796,0.565090,0.425899,0.507092,0.539363,0.599572,0.504867,0.352235,0.940881
0.749700,0.754733,0.497109,0.350690,0.398267,0.508054,0.521191,0.538384,0.547735,0.789998,0.480684,0.492387,0.459719,0.446073,0.362382,0.130653,0.070247,0.134242,0.215831,0.299105,0.365111,0.227808,0.408602,0.434226,0.344013,0.475083,0.302546,0.218335,0.309215,0.319696,0.687558,0.669499,0.560862,0.427655,0.510055,0.549643,0.608748,0.493508,0.336265,0.940846
0.758030,0.752786,0.489121,0.344922,0.394494,0.504680,0.517875,0.535162,0.544543,0.788890,0.478011,0.489530,0.457220,0.443814,0.361457,0.144619,0.097552,0.136710,0.213556,0.305487,0.370521,0.248841,0.423352,0.447254,0.355245,0.465220,0.290162,0.209361,0.293100,0.303392,0.681063,0.665828,0.557506,0.431100,0.514412,0.560699,0.618326,0.482499,0.320398,0.941041
0.766360,0.751382,0.482072,0.340886,0.392180,0.502470,0.515702,0.532997,0.542365,0.788324,0.476668,0.487940,0.456044,0.443002,0.362322,0.161720,0.124633,0.144018,0.214439,0.314152,0.377472,0.270452,0.438561,0.460502,0.366350,0.456208,0.279159,0.203016,0.277670,0.287596,0.674971,0.662901,0.555161,0.436048,0.519916,0.572215,0.628046,0.471997,0.304806,0.941495
0.774690,0.750593,0.476135,0.338773,0.391470,0.501561,0.514810,0.532017,0.541329,0.788372,0.476795,0.487755,0.456323,0.443771,0.365074,0.180967,0.151375,0.155494,0.218529,0.324619,0.385501,0.292249,0.453945,0.473714,0.376795,0.448232,0.269845,0.199660,0.263184,0.272522,0.669379,0.660838,0.553964,0.442263,0.526265,0.583980,0.637763,0.462147,0.289633,0.942241
0.783020,0.750523,0.471524,0.338832,0.392577,0.502154,0.515398,0.532411,0.541616,0.789143,0.478594,0.489177,0.458257,0.446322,0.369886,0.201824,0.177864,0.170461,0.225869,0.336383,0.394132,0.314087,0.469430,0.486893,0.386648,0.441514,0.262583,0.199645,0.249930,0.258395,0.664399,0.659796,0.554099,0.449463,0.533124,0.595919,0.647486,0.453111,0.274998,0.943326
0.791350,0.751247,0.468385,0.341207,0.395658,0.504400,0.517616,0.534324,0.543371,0.790724,0.482214,0.492353,0.461987,0.450795,0.376856,0.223995,0.204313,0.188253,0.236319,0.349210,0.403105,0.336065,0.485154,0.500263,0.396491,0.436207,0.257642,0.203105,0.238139,0.245373,0.660104,0.659902,0.555703,0.457508,0.540286,0.608109,0.657335,0.444997,0.260942,0.944790
0.799680,0.752836,0.466842,0.346002,0.400849,0.508434,0.521599,0.537888,0.546723,0.793194,0.487777,0.497413,0.467637,0.457307,0.386064,0.247410,0.231010,0.208405,0.249702,0.363083,0.412400,0.358382,0.501320,0.514097,0.407024,0.432440,0.255253,0.210041,0.228017,0.233584,0.656553,0.661266,0.558894,0.466383,0.547707,0.620679,0.667485,0.437890,0.247447,0.946669
0.808010,0.755319,0.466949,0.353213,0.408207,0.514322,0.527410,0.543171,0.551743,0.796598,0.495329,0.504406,0.475250,0.465890,0.397500,0.272057,0.258233,0.230561,0.265758,0.378239,0.422273,0.381238,0.518089,0.528570,0.418641,0.430272,0.255543,0.220278,0.219712,0.223108,0.653769,0.663953,0.563726,0.476251,0.555545,0.633739,0.678039,0.431824,0.234435,0.948981
0.816340,0.758706,0.468728,0.362782,0.417732,0.522077,0.535063,0.550191,0.558452,0.800954,0.504857,0.513330,0.484819,0.476520,0.411098,0.297921,0.286174,0.254460,0.284216,0.394993,0.433145,0.404714,0.535453,0.543630,0.431226,0.429738,0.258571,0.233559,0.213355,0.214018,0.651767,0.667992,0.570209,0.487348,0.564098,0.647274,0.688976,0.426822,0.221803,0.951736
0.824670,0.762987,0.472184,0.374607,0.429369,0.531668,0.544527,0.558927,0.566833,0.806255,0.516306,0.524138,0.496289,0.489123,0.426738,0.324909,0.314886,0.279874,0.304798,0.413605,0.445468,0.428756,0.553270,0.559076,0.444280,0.430856,0.264339,0.249578,0.209070,0.206412,0.650563,0.673389,0.578321,0.499898,0.573721,0.661175,0.700187,0.422908,0.209463,0.954931
0.833000,0.768114,0.477256,0.388482,0.442952,0.542970,0.555681,0.569272,0.576784,0.812451,0.529520,0.536684,0.509509,0.503522,0.444193,0.352805,0.344285,0.306521,0.327157,0.434224,0.459634,0.453226,0.571355,0.574684,0.457236,0.433585,0.272705,0.267938,0.206916,0.200373,0.650155,0.680089,0.587963,0.514072,0.584758,0.675292,0.711546,0.420079,0.197341,0.958546
0.841330,0.774004,0.483833,0.404122,0.458225,0.555784,0.568332,0.581048,0.588138,0.819453,0.544267,0.550753,0.524254,0.519465,0.463154,0.381287,0.374143,0.334057,0.350892,0.456789,0.475831,0.477892,0.589500,0.590263,0.469783,0.437837,0.283405,0.288172,0.206870,0.195971,0.650534,0.687992,0.598978,0.529899,0.597436,0.689456,0.722932,0.418315,0.185417,0.962542
0.849660,0.780548,0.491767,0.421188,0.474858,0.569852,0.582227,0.594024,0.600672,0.827140,0.560260,0.566066,0.540239,0.536640,0.483254,0.409973,0.404134,0.362090,0.375568,0.481012,0.493985,0.502473,0.607520,0.605699,0.481946,0.443485,0.296065,0.309770,0.208812,0.193252,0.651691,0.696958,0.611164,0.547232,0.611791,0.703509,0.734264,0.417588,0.173757,0.966866
0.857990,0.787634,0.500908,0.439341,0.492490,0.584895,0.597096,0.607947,0.614141,0.835383,0.577200,0.582335,0.557169,0.554727,0.504129,0.438508,0.433897,0.390238,0.400774,0.506398,0.513736,0.526670,0.625229,0.620906,0.493944,0.450403,0.310274,0.332246,0.212546,0.192237,0.653636,0.706832,0.624305,0.565739,0.627639,0.717292,0.745474,0.417886,0.162553,0.971463
0.866320,0.795119,0.511054,0.458178,0.510689,0.600572,0.612607,0.622508,0.628248,0.844022,0.594722,0.599205,0.574679,0.573341,0.525347,0.466501,0.463018,0.418056,0.426050,0.532351,0.534544,0.550135,0.642393,0.635731,0.505934,0.458416,0.325531,0.355056,0.217736,0.192841,0.656364,0.717414,0.638128,0.584984,0.644624,0.730610,0.756449,0.419175,0.152091,0.976260
0.874650,0.802847,0.521971,0.477270,0.528987,0.616506,0.628391,0.637361,0.642659,0.852874,0.612426,0.616288,0.592372,0.592062,0.546447,0.493559,0.491078,0.445089,0.450923,0.558265,0.555794,0.572490,0.658707,0.649915,0.517819,0.467318,0.341299,0.377653,0.223945,0.194860,0.659864,0.728469,0.652323,0.604485,0.662289,0.743219,0.767005,0.421400,0.142711,0.981179
0.882980,0.810658,0.533417,0.496195,0.546918,0.632314,0.644074,0.652156,0.657032,0.861754,0.629903,0.633184,0.609838,0.610463,0.566968,0.519281,0.517651,0.470891,0.474936,0.583544,0.576862,0.593331,0.673811,0.663103,0.529212,0.476897,0.357080,0.399530,0.230723,0.198015,0.664120,0.739747,0.666564,0.623753,0.680132,0.754833,0.776892,0.424499,0.134765,0.986136
0.891310,0.818424,0.545206,0.514617,0.564092,0.647665,0.659329,0.666585,0.671069,0.870499,0.646798,0.649549,0.626721,0.628176,0.586517,0.543319,0.542380,0.495112,0.497734,0.607684,0.597215,0.612308,0.687367,0.674941,0.539606,0.487008,0.372529,0.420323,0.237742,0.202065,0.669134,0.751021,0.680558,0.642355,0.697690,0.765193,0.785851,0.428443,0.128598,0.991059
0.899640,0.826052,0.557213,0.532312,0.580236,0.662312,0.673909,0.680412,0.684541,0.878981,0.662838,0.665116,0.642748,0.644920,0.604804,0.565414,0.565031,0.517542,0.519094,0.630336,0.616484,0.629188,0.699140,0.685174,0.548589,0.497564,0.387470,0.439844,0.244859,0.206857,0.674922,0.762102,0.694064,0.659976,0.714602,0.774114,0.793679,0.433228,0.124463,0.995892
0.907970,0.833489,0.569366,0.549165,0.595205,0.676096,0.687654,0.693485,0.697298,0.887115,0.677846,0.679714,0.657739,0.660518,0.621660,0.585430,0.585511,0.538115,0.538924,0.651329,0.634489,0.643877,0.709034,0.693698,0.556001,0.508512,0.401875,0.458061,0.252110,0.212334,0.681490,0.772847,0.706903,0.676447,0.730651,0.781518,0.800260,0.438843,0.122480,1.000593
0.916300,0.840709,0.581625,0.565153,0.608975,0.688951,0.700488,0.705730,0.709267,0.894850,0.691735,0.693261,0.671613,0.674891,0.637031,0.603348,0.603852,0.556887,0.557247,0.670645,0.651212,0.656407,0.717072,0.700545,0.561937,0.519821,0.415830,0.475067,0.259684,0.218544,0.688830,0.783162,0.718963,0.691729,0.745753,0.787418,0.805567,0.445264,0.122653,1.005139
0.924630,0.847698,0.593950,0.580294,0.621600,0.700865,0.712391,0.717125,0.720425,0.902160,0.704481,0.705733,0.684346,0.688024,0.650939,0.619236,0.620158,0.573965,0.574134,0.688368,0.666739,0.666874,0.723342,0.705814,0.566630,0.531435,0.429434,0.490993,0.267785,0.225546,0.696896,0.792978,0.730172,0.705878,0.759918,0.791870,0.809621,0.452418,0.124878,1.009511
0.932960,0.854430,0.606251,0.594584,0.633150,0.711838,0.723357,0.727658,0.730759,0.909020,0.716075,0.717122,0.695932,0.699921,0.663424,0.633180,0.634527,0.589435,0.589633,0.704604,0.681185,0.675363,0.727911,0.709580,0.570288,0.543227,0.442694,0.505906,0.276488,0.233303,0.705594,0.802236,0.740474,0.718984,0.773197,0.794915,0.812440,0.460161,0.128941,1.013692
0.941290,0.860849,0.618371,0.607954,0.643656,0.721846,0.733352,0.737298,0.740236,0.915390,0.726484,0.727395,0.706341,0.710558,0.674492,0.645218,0.646989,0.603286,0.603711,0.719416,0.694620,0.681875,0.730747,0.711798,0.572948,0.554985,0.455463,0.519743,0.285624,0.241605,0.714772,0.810859,0.749799,0.731117,0.785625,0.796518,0.813966,0.468271,0.134525,1.017654
0.949620,0.866876,0.630099,0.620266,0.653093,0.730827,0.742311,0.745977,0.748791,0.921210,0.735643,0.736487,0.715508,0.719875,0.684101,0.655321,0.657492,0.615419,0.616253,0.732792,0.707041,0.686351,0.731796,0.712419,0.574509,0.566448,0.467462,0.532316,0.294797,0.250088,0.724249,0.818755,0.758064,0.742301,0.797184,0.796638,0.814163,0.476493,0.141251,1.021361
0.957950,0.872404,0.641175,0.631311,0.661356,0.738668,0.750118,0.753587,0.756315,0.926402,0.743435,0.744280,0.723314,0.727755,0.692138,0.663366,0.665881,0.625629,0.627054,0.744635,0.718355,0.688618,0.730872,0.711229,0.574728,0.577312,0.478310,0.543328,0.303459,0.258288,0.733814,0.825810,0.765154,0.752505,0.807796,0.795129,0.812864,0.484542,0.148710,1.024769
0.966280,0.877326,0.651356,0.640866,0.668297,0.745231,0.756637,0.759994,0.762678,0.930878,0.749721,0.750638,0.729618,0.734056,0.698454,0.669180,0.671963,0.633688,0.635889,0.754786,0.728404,0.688496,0.727824,0.708077,0.573282,0.587316,0.487662,0.552482,0.311098,0.265791,0.743272,0.831905,0.770950,0.761646,0.817328,0.791892,0.809980,0.492179,0.156559,1.027829
0.974610,0.881545,0.660428,0.648722,0.673747,0.750371,0.761726,0.765061,0.767746,0.934553,0.754356,0.755415,0.734272,0.738629,0.702886,0.672580,0.675546,0.639387,0.642548,0.763070,0.737003,0.685816,0.722516,0.702829,0.569992,0.596252,0.495273,0.559544,0.317390,0.272345,0.752441,0.836925,0.775336,0.769616,0.825626,0.786835,0.805415,0.499213,0.164577,1.030499
0.982940,0.884991,0.668235,0.654712,0.677547,0.753955,0.765254,0.768663,0.771394,0.937354,0.757213,0.758484,0.737142,0.741339,0.705284,0.673397,0.676473,0.642571,0.646873,0.769301,0.743958,0.680467,0.714888,0.695441,0.564787,0.603986,0.501053,0.564393,0.322291,0.277926,0.761170,0.840774,0.778214,0.776276,0.832526,0.779929,0.799152,0.505511,0.172717,1.032744
0.991270,0.887616,0.674659,0.658704,0.679549,0.755867,0.767110,0.770690,0.773514,0.939223,0.758179,0.759730,0.738113,0.742068,0.705511,0.671483,0.674609,0.643129,0.648741,0.773286,0.749071,0.672377,0.704938,0.685936,0.557698,0.610432,0.505031,0.566993,0.326005,0.282716,0.769326,0.843373,0.779502,0.781451,0.837858,0.771192,0.791238,0.510972,0.181093,1.034537
0.999600,0.889384,0.679598,0.660575,0.679615,0.756000,0.767192,0.771044,0.774010,0.940110,0.757151,0.759052,0.737078,0.740705,0.703438,0.666686,0.669815,0.640952,0.648037,0.774805,0.752134,0.661493,0.692697,0.674379,0.548813,0.615504,0.507273,0.567330,0.328864,0.287001,0.776776,0.844652,0.779130,0.784914,0.841448,0.760678,0.781767,0.515492,0.189916,1.035862
1.007930,0.890262,0.682927,0.660183,0.677601,0.754249,0.765397,0.769626,0.772785,0.939973,0.754023,0.756345,0.733929,0.737136,0.698924,0.658822,0.661915,0.635890,0.644608,0.773585,0.752910,0.647740,0.678203,0.660847,0.538222,0.619076,0.507781,0.565338,0.331156,0.291039,0.783374,0.844547,0.777029,0.786373,0.843097,0.748456,0.770862,0.518923,0.199407,1.036701
1.016260,0.890203,0.684484,0.657338,0.673344,0.750494,0.761613,0.766331,0.769735,0.938766,0.748677,0.751492,0.728541,0.731229,0.691803,0.647654,0.650659,0.627711,0.638235,0.769286,0.751116,0.631007,0.661489,0.645413,0.525983,0.620960,0.506434,0.560842,0.332987,0.294948,0.788952,0.842989,0.773123,0.785460,0.842578,0.734608,0.758660,0.521065,0.209697,1.037037
1.024590,0.889152,0.684065,0.651810,0.666664,0.744610,0.755719,0.761043,0.764750,0.936441,0.740979,0.744364,0.720782,0.722836,0.681885,0.632889,0.635738,0.616113,0.628639,0.761513,0.746437,0.611151,0.642605,0.628168,0.512135,0.620916,0.502988,0.553565,0.334240,0.298669,0.793325,0.839907,0.767329,0.781757,0.839634,0.719250,0.745338,0.521678,0.220771,1.036853
1.032920,0.887045,0.681456,0.643347,0.657378,0.736470,0.747594,0.753651,0.757721,0.932958,0.730801,0.734835,0.710518,0.711812,0.668974,0.614205,0.616808,0.600751,0.615504,0.749856,0.738545,0.588033,0.621645,0.609257,0.496726,0.618690,0.497131,0.543172,0.334638,0.302010,0.796309,0.835231,0.759570,0.774843,0.834004,0.702556,0.731128,0.520507,0.232470,1.036130
1.041250,0.883831,0.676456,0.631715,0.645322,0.725970,0.737140,0.744065,0.748561,0.928286,0.718032,0.722800,0.697639,0.698030,0.652893,0.591278,0.593529,0.581286,0.598528,0.733929,0.727137,0.561560,0.598806,0.588923,0.479881,0.614051,0.488575,0.529346,0.333878,0.304747,0.797733,0.828905,0.749787,0.764323,0.825451,0.684793,0.716338,0.517318,0.244542,1.034856
1.049580,0.879492,0.668927,0.616741,0.630389,0.713054,0.724307,0.732240,0.737229,0.922424,0.702619,0.708206,0.682095,0.681422,0.633523,0.563832,0.565622,0.557443,0.577467,0.713452,0.711993,0.531736,0.574426,0.567551,0.461858,0.606839,0.477144,0.511859,0.331787,0.306743,0.797468,0.820903,0.737963,0.749920,0.813812,0.666349,0.701381,0.511926,0.256736,1.033034
1.057910,0.874073,0.658835,0.598378,0.612592,0.697775,0.709153,0.718232,0.723779,0.915429,0.684627,0.691118,0.663953,0.662044,0.610881,0.531717,0.532937,0.529087,0.552217,0.688301,0.693019,0.498718,0.548916,0.545531,0.443010,0.596994,0.462847,0.490651,0.328441,0.308060,0.795441,0.811268,0.724176,0.731517,0.799032,0.647616,0.686578,0.504210,0.268917,1.030690
1.066240,0.867631,0.646186,0.576609,0.591968,0.680205,0.691753,0.702117,0.708285,0.907361,0.664143,0.671619,0.643307,0.639972,0.584999,0.494748,0.495324,0.496072,0.522676,0.658559,0.670291,0.462793,0.523147,0.523850,0.424089,0.584505,0.445760,0.465699,0.324048,0.308829,0.791615,0.800053,0.708521,0.709270,0.781203,0.629437,0.672821,0.494086,0.280965,1.027857
1.074570,0.860332,0.631156,0.551651,0.568793,0.660624,0.672387,0.684158,0.691003,0.898383,0.641489,0.650021,0.620485,0.615537,0.556189,0.452999,0.452873,0.458491,0.488995,0.624570,0.644096,0.424522,0.497878,0.503137,0.405875,0.569490,0.426177,0.437208,0.319065,0.309407,0.786043,0.787437,0.691272,0.683567,0.760601,0.612363,0.660444,0.481534,0.292963,1.024609
1.082900,0.852350,0.613951,0.523761,0.543406,0.639358,0.651383,0.664666,0.672233,0.888666,0.617045,0.626688,0.595877,0.589129,0.524833,0.406493,0.405642,0.416382,0.451318,0.586927,0.614936,0.384675,0.474277,0.484508,0.389218,0.552084,0.404377,0.405358,0.313891,0.310069,0.778806,0.773628,0.672745,0.655074,0.737693,0.597298,0.650224,0.466544,0.304919,1.021027
1.091230,0.843987,0.594986,0.493520,0.516481,0.617018,0.629347,0.644204,0.652517,0.878504,0.591524,0.602300,0.570204,0.561501,0.491731,0.355503,0.353850,0.370007,0.410099,0.546558,0.583560,0.344335,0.453366,0.468739,0.375052,0.532569,0.380856,0.370572,0.309049,0.311217,0.770086,0.759000,0.653499,0.624792,0.713131,0.584831,0.642463,0.449156,0.316978,1.017243
1.099560,0.835647,0.574880,0.461839,0.489045,0.594484,0.607149,0.623577,0.632631,0.868293,0.565961,0.577840,0.544507,0.533763,0.458130,0.300471,0.297713,0.319778,0.366109,0.504606,0.550874,0.304973,0.436158,0.456535,0.364053,0.511386,0.356360,0.333542,0.305141,0.313313,0.760170,0.744084,0.634316,0.593860,0.687675,0.575475,0.637399,0.429482,0.329321,1.013432
1.107890,0.827736,0.554417,0.429952,0.462357,0.572765,0.585782,0.603695,0.613442,0.858440,0.541556,0.554440,0.519994,0.507233,0.425629,0.242133,0.237698,0.266430,0.320574,0.462928,0.518286,0.269254,0.423939,0.448731,0.356870,0.489189,0.331958,0.295429,0.302667,0.316634,0.749444,0.729479,0.616063,0.563923,0.662447,0.569852,0.635297,0.407824,0.341872,1.009767
1.116220,0.820716,0.534636,0.399614,0.438042,0.553091,0.566451,0.585649,0.595991,0.849403,0.519787,0.533485,0.498147,0.483568,0.396395,0.182020,0.174716,0.211486,0.275671,0.424098,0.487595,0.241203,0.417896,0.446017,0.354003,0.466934,0.309246,0.258280,0.302169,0.321435,0.738429,0.715901,0.599762,0.536918,0.638756,0.568467,0.636326,0.384723,0.354500,1.006439
1.124550,0.815055,0.516753,0.373069,0.417973,0.536797,0.550456,0.570607,0.581385,0.841649,0.502269,0.516481,0.480585,0.464615,0.373048,0.123809,0.110789,0.158160,0.235031,0.391515,0.461047,0.225998,0.418947,0.448886,0.355805,0.445818,0.290295,0.225389,0.304154,0.327906,0.727727,0.704123,0.586489,0.515028,0.618133,0.571681,0.640575,0.360933,0.367038,1.003644
1.132880,0.811188,0.502073,0.352923,0.404060,0.525182,0.539061,0.559699,0.570692,0.835614,0.490565,0.504885,0.468877,0.452190,0.358341,0.080473,0.055281,0.114764,0.204522,0.369190,0.441186,0.228066,0.427544,0.457547,0.362443,0.427232,0.277450,0.201648,0.308997,0.336132,0.717990,0.694910,0.577260,0.500422,0.602217,0.579661,0.648047,0.337438,0.379308,1.001561
1.141210,0.809417,0.491809,0.341639,0.397759,0.519202,0.533191,0.553752,0.564697,0.831613,0.485783,0.499741,0.464135,0.447587,0.354308,0.085832,0.061669,0.100702,0.191620,0.361059,0.430634,0.247962,0.443274,0.471485,0.373666,0.412630,0.272710,0.192583,0.316702,0.345919,0.709874,0.688878,0.572795,0.494971,0.592688,0.592107,0.658321,0.315509,0.390986,1.000320
1.149540,0.809773,0.486561,0.340417,0.399460,0.519104,0.533083,0.552979,0.563603,0.829709,0.488123,0.501263,0.466558,0.451024,0.361252,0.134666,0.122061,0.127310,0.200370,0.369447,0.431444,0.282678,0.466069,0.490996,0.389685,0.402911,0.276558,0.200596,0.326615,0.356558,0.703772,0.686280,0.573249,0.499814,0.591015,0.609220,0.671795,0.296241,0.401434,0.999948
1.157870,0.812315,0.486799,0.349557,0.409010,0.524920,0.538778,0.557446,0.567487,0.830000,0.497456,0.509383,0.476008,0.462260,0.378403,0.196374,0.190303,0.177095,0.228389,0.393381,0.444042,0.327193,0.494637,0.515149,0.409510,0.398830,0.288588,0.223869,0.338151,0.367509,0.700079,0.687331,0.578650,0.514609,0.597838,0.630340,0.688003,0.280830,0.410224,1.000490
1.166200,0.817038,0.492666,0.368063,0.425504,0.536277,0.549925,0.566895,0.576129,0.832540,0.513093,0.523534,0.491782,0.480363,0.403835,0.260335,0.258556,0.234567,0.268936,0.429148,0.467041,0.376716,0.527107,0.542518,0.432117,0.400802,0.307425,0.257592,0.350636,0.378217,0.699145,0.692087,0.588725,0.537626,0.612818,0.654355,0.706174,0.270488,0.416977,1.001985
1.174530,0.823687,0.503531,0.393571,0.447219,0.552156,0.565546,0.580499,0.588774,0.837156,0.533619,0.542449,0.512451,0.503612,0.434786,0.322985,0.324733,0.293183,0.315457,0.472801,0.498299,0.428193,0.562011,0.572016,0.456593,0.408313,0.330694,0.296571,0.362986,0.387778,0.700995,0.700200,0.602681,0.566793,0.634966,0.680361,0.725764,0.265718,0.421041,1.004374
1.182860,0.832282,0.519112,0.424426,0.473033,0.571965,0.585074,0.597816,0.605035,0.843912,0.558150,0.565352,0.537124,0.530908,0.469505,0.383260,0.387849,0.350909,0.364635,0.520043,0.534612,0.479245,0.597663,0.602284,0.481737,0.421074,0.357070,0.338102,0.374971,0.396134,0.705827,0.711542,0.620068,0.599364,0.662295,0.707195,0.746037,0.266908,0.422514,1.007713
1.191190,0.842649,0.538670,0.458731,0.501629,0.594809,0.607637,0.618109,0.624241,0.852697,0.585519,0.591173,0.564631,0.560912,0.506234,0.440349,0.447254,0.406427,0.414110,0.567971,0.573336,0.528428,0.632836,0.632297,0.506638,0.438263,0.385078,0.380076,0.386198,0.403067,0.713602,0.725709,0.640147,0.633216,0.692849,0.733939,0.766389,0.273723,0.421379,1.011981
1.199520,0.854573,0.561383,0.494978,0.531935,0.619842,0.632403,0.640656,0.645721,0.863337,0.614697,0.618941,0.593949,0.592494,0.543686,0.493887,0.502659,0.459080,0.462541,0.614685,0.612417,0.575122,0.667003,0.661697,0.530965,0.458944,0.413645,0.421236,0.396478,0.408545,0.724151,0.742211,0.662176,0.666806,0.724856,0.760131,0.786589,0.285363,0.417783,1.017128
1.207850,0.867757,0.586350,0.531889,0.562995,0.646206,0.658515,0.664692,0.668757,0.875555,0.644694,0.647708,0.624096,0.624617,0.580794,0.543538,0.553763,0.508368,0.508988,0.658993,0.650391,0.618518,0.699210,0.689553,0.554176,0.482139,0.441961,0.460732,0.405746,0.412634,0.737171,0.760441,0.685366,0.699116,0.756860,0.785000,0.806046,0.300767,0.411965,1.023058
1.216180,0.881843,0.612662,0.568505,0.594071,0.673153,0.685221,0.689525,0.692687,0.889005,0.674710,0.676685,0.654280,0.656475,0.616835,0.589292,0.600640,0.554147,0.552946,0.700258,0.686316,0.658606,0.729388,0.715881,0.576036,0.506845,0.469394,0.498077,0.413906,0.415329,0.752208,0.779765,0.709004,0.729596,0.787835,0.808401,0.824770,0.318743,0.404043,1.029629
1.224510,0.896380,0.639349,0.603901,0.624422,0.699911,0.711745,0.714424,0.716804,0.903243,0.703946,0.705078,0.683708,0.687280,0.651105,0.630964,0.643161,0.596109,0.593857,0.738181,0.719680,0.695058,0.757110,0.740285,0.596800,0.532013,0.495255,0.532722,0.420670,0.416421,0.768670,0.799490,0.732359,0.758010,0.817080,0.829940,0.842480,0.338093,0.393934,1.036646
1.232840,0.910977,0.665657,0.637455,0.653502,0.725884,0.737485,0.738812,0.740541,0.917862,0.731824,0.732299,0.711804,0.716475,0.683148,0.668546,0.681365,0.634154,0.631432,0.772665,0.750225,0.727827,0.782249,0.762661,0.616213,0.556842,0.519108,0.564378,0.425850,0.415799,0.786010,0.819027,0.754867,0.784314,0.844160,0.849454,0.859113,0.357891,0.381631,1.043922
1.241170,0.925257,0.690910,0.668613,0.680790,0.750519,0.761887,0.762143,0.763360,0.932448,0.757818,0.757812,0.738035,0.743554,0.712531,0.701927,0.715173,0.668099,0.665358,0.803638,0.777811,0.756755,0.804587,0.782792,0.634051,0.580632,0.540549,0.592738,0.429238,0.413353,0.803683,0.837835,0.776023,0.808509,0.868804,0.866729,0.874516,0.377377,0.367148,1.051260
1.249500,0.938871,0.714536,0.696894,0.705805,0.773320,0.784455,0.783925,0.784766,0.946611,0.781466,0.781142,0.761931,0.768069,0.738859,0.730945,0.744450,0.697731,0.695331,0.830998,0.802332,0.781663,0.823912,0.800477,0.650131,0.602812,0.559245,0.617521,0.430698,0.409055,0.821183,0.855442,0.795394,0.830559,0.890824,0.881573,0.888533,0.395964,0.350611,1.058473
1.257830,0.951520,0.736068,0.721884,0.728111,0.793846,0.804750,0.803713,0.804315,0.959996,0.802358,0.801869,0.783071,0.789619,0.761760,0.755373,0.768978,0.722806,0.721051,0.854539,0.823625,0.802324,0.840003,0.815494,0.664259,0.622934,0.574948,0.638476,0.430221,0.403012,0.838067,0.871448,0.812606,0.850299,0.910032,0.893806,0.900985,0.413217,0.332324,1.065384
1.266160,0.962875,0.755003,0.743111,0.747242,0.811634,0.822315,0.821040,0.821533,0.972219,0.820063,0.819552,0.801007,0.807775,0.780819,0.774890,0.788449,0.742972,0.742121,0.873932,0.841449,0.818460,0.852613,0.827607,0.676248,0.640508,0.587331,0.655256,0.427748,0.395271,0.853855,0.885461,0.827288,0.867393,0.926215,0.903230,0.911659,0.428707,0.312554,1.071802
1.274490,0.972675,0.770955,0.760173,0.762789,0.826290,0.836759,0.835505,0.836015,0.982963,0.834201,0.833807,0.815338,0.822154,0.795643,0.789093,0.802443,0.757851,0.758158,0.888660,0.855412,0.829691,0.861448,0.836530,0.685843,0.655180,0.596170,0.667557,0.423356,0.386028,0.868164,0.897176,0.839126,0.881289,0.939058,0.909649,0.920300,0.442149,0.291797,1.077564
1.282820,0.980656,0.783528,0.772646,0.774350,0.837432,0.847707,0.846723,0.847371,0.991920,0.844404,0.844262,0.825681,0.832379,0.805836,0.797550,0.810521,0.767015,0.768731,0.898104,0.865039,0.835758,0.866345,0.842120,0.692869,0.666576,0.601179,0.675018,0.417054,0.375420,0.880605,0.906317,0.847825,0.891266,0.948183,0.912967,0.926712,0.453266,0.270574,1.082508
1.291150,0.986505,0.792230,0.779954,0.781429,0.844607,0.854716,0.854246,0.855150,0.998741,0.850218,0.850466,0.831571,0.837974,0.810867,0.799560,0.811912,0.769762,0.773181,0.901317,0.869572,0.835935,0.866659,0.843696,0.696833,0.674205,0.601868,0.677037,0.408664,0.363415,0.890743,0.912582,0.853035,0.896304,0.952979,0.912714,0.930325,0.461718,0.249385,1.086453
1.299480,0.989972,0.796671,0.781612,0.783595,0.847430,0.857410,0.857693,0.858968,1.003136,0.851255,0.852034,0.832613,0.838530,0.810274,0.794499,0.805955,0.765481,0.770937,0.897431,0.868310,0.829734,0.862095,0.840993,0.697304,0.677685,0.597840,0.673103,0.398081,0.350089,0.898224,0.915735,0.854467,0.895438,0.952867,0.908732,0.930863,0.467285,0.229023,1.089243
1.307810,0.990821,0.796477,0.777116,0.780417,0.845525,0.855422,0.856692,0.858450,1.004822,0.847133,0.848590,0.828413,0.833639,0.803575,0.781659,0.791876,0.753478,0.761368,0.885492,0.860461,0.816512,0.852148,0.833508,0.694010,0.676630,0.588649,0.662634,0.385180,0.335522,0.902720,0.915558,0.851847,0.887665,0.947176,0.900665,0.927846,0.469784,0.210523,1.090731
1.316140,0.988905,0.791416,0.766085,0.771552,0.838606,0.848479,0.850963,0.853313,1.003593,0.837560,0.839846,0.818670,0.822983,0.790381,0.760404,0.768983,0.733148,0.743946,0.864703,0.845341,0.795697,0.836406,0.820828,0.686391,0.670798,0.573992,0.645167,0.370034,0.320035,0.904009,0.911905,0.844976,0.872201,0.935311,0.888267,0.920907,0.469203,0.195459,1.090808
1.324470,0.984180,0.781441,0.748300,0.756783,0.826508,0.836423,0.840342,0.843390,0.999332,0.822370,0.825640,0.803205,0.806370,0.770426,0.730187,0.736680,0.704006,0.718283,0.834439,0.822413,0.766794,0.814524,0.802589,0.673984,0.660135,0.553761,0.620391,0.353012,0.304302,0.902010,0.904712,0.833761,0.848479,0.916830,0.871346,0.909722,0.465747,0.185967,1.089416
1.332800,0.976756,0.766774,0.723818,0.736112,0.809265,0.819298,0.824857,0.828703,0.992056,0.801612,0.806020,0.782069,0.783833,0.743675,0.690683,0.694601,0.665811,0.684252,0.794501,0.791489,0.729520,0.786365,0.778634,0.656464,0.644871,0.528171,0.588274,0.334926,0.289502,0.896828,0.894044,0.818278,0.816474,0.891588,0.849890,0.894161,0.459927,0.184444,1.086564
1.341130,0.966905,0.747946,0.693028,0.709812,0.787157,0.797386,0.804768,0.809499,0.981934,0.775598,0.781293,0.755602,0.755677,0.710384,0.641820,0.642657,0.618609,0.642042,0.745247,0.752870,0.683882,0.752104,0.749120,0.633728,0.625576,0.497825,0.549120,0.317109,0.277364,0.888777,0.880118,0.798803,0.776833,0.859915,0.824158,0.874385,0.452590,0.192636,1.082342
1.349460,0.955049,0.725797,0.656681,0.678456,0.760721,0.771225,0.780578,0.786265,0.969281,0.744920,0.752036,0.724423,0.722506,0.671132,0.583771,0.581001,0.562722,0.592179,0.687605,0.707413,0.630198,0.712289,0.714559,0.605951,0.603174,0.463776,0.503595,0.301409,0.269992,0.878366,0.863306,0.775825,0.730819,0.822700,0.794735,0.850872,0.444907,0.210713,1.076907
1.357790,0.941768,0.701518,0.616018,0.643030,0.730837,0.741689,0.753110,0.759796,0.954579,0.710552,0.719196,0.689539,0.685328,0.626955,0.517067,0.510137,0.498880,0.535679,0.623401,0.656757,0.569279,0.668018,0.676001,0.573749,0.579008,0.427680,0.452901,0.290102,0.269474,0.866304,0.844181,0.750106,0.680634,0.781554,0.762650,0.824551,0.438334,0.237271,1.070493
1.366120,0.927777,0.676648,0.572863,0.604992,0.698749,0.710006,0.723508,0.731195,0.938448,0.673888,0.684120,0.652385,0.645620,0.579462,0.442659,0.430932,0.428309,0.474210,0.555590,0.603472,0.502575,0.621081,0.635152,0.538330,0.554847,0.391965,0.398992,0.285523,0.277223,0.853475,0.823524,0.722700,0.629458,0.738851,0.729440,0.796844,0.434493,0.270097,1.063396
1.374450,0.913932,0.653099,0.529806,0.566428,0.666155,0.677850,0.693315,0.701944,0.921664,0.636873,0.648668,0.614943,0.605474,0.531054,0.361924,0.344317,0.352833,0.410385,0.488329,0.551045,0.432091,0.573640,0.593962,0.501365,0.532878,0.360048,0.344932,0.289650,0.293697,0.840928,0.802373,0.695023,0.581293,0.697654,0.696757,0.769250,0.435047,0.307186,1.055969
1.382780,0.901268,0.633268,0.490614,0.530373,0.635424,0.647548,0.664657,0.674075,0.905211,0.602274,0.615465,0.580019,0.567929,0.485447,0.277206,0.251039,0.275833,0.348774,0.427146,0.503618,0.360574,0.528531,0.555158,0.465410,0.515838,0.336739,0.296163,0.303739,0.318556,0.829917,0.782133,0.669019,0.540473,0.661211,0.666645,0.743787,0.441653,0.347101,1.048647
1.391110,0.890823,0.619578,0.459967,0.500541,0.609311,0.621790,0.639982,0.649921,0.890156,0.573360,0.587588,0.550920,0.536668,0.447567,0.194090,0.152326,0.205124,0.297230,0.380458,0.466668,0.293500,0.489500,0.521965,0.433242,0.506502,0.327242,0.261537,0.327368,0.350279,0.821677,0.764390,0.646876,0.511955,0.633248,0.641424,0.722479,0.455336,0.388263,1.041884
1.399440,0.883517,0.614041,0.442731,0.480880,0.590653,0.603340,0.621798,0.631877,0.877558,0.553536,0.568222,0.531083,0.515613,0.423105,0.130138,0.050556,0.160120,0.267611,0.358435,0.446124,0.241865,0.461192,0.498051,0.408900,0.507019,0.334971,0.251721,0.358578,0.386586,0.817256,0.750755,0.630803,0.500112,0.617338,0.623541,0.707230,0.476160,0.428971,1.036117
1.407770,0.879892,0.617500,0.441956,0.474215,0.581512,0.594202,0.611952,0.621713,0.868206,0.545253,0.559659,0.522971,0.507615,0.416404,0.128658,0.055958,0.168627,0.270190,0.367908,0.446418,0.223047,0.448518,0.487118,0.396542,0.517960,0.359113,0.271106,0.394315,0.424682,0.817206,0.742446,0.622394,0.507132,0.616089,0.615450,0.699826,0.502976,0.467282,1.031669
1.416100,0.879974,0.629204,0.457031,0.480840,0.582354,0.594835,0.610939,0.619940,0.862437,0.548912,0.562320,0.526965,0.513089,0.427872,0.190225,0.157765,0.223406,0.303077,0.406275,0.467881,0.247663,0.454927,0.491757,0.399152,0.537930,0.394831,0.312573,0.431072,0.461594,0.821411,0.739914,0.622046,0.531647,0.630102,0.619056,0.701530,0.533604,0.501147,1.028691
1.424430,0.883540,0.647626,0.484829,0.499086,0.592499,0.604603,0.618312,0.626189,0.860362,0.563434,0.575281,0.541930,0.530595,0.454584,0.271508,0.256320,0.296487,0.355188,0.463350,0.506035,0.304068,0.479611,0.511483,0.416412,0.564574,0.436624,0.365618,0.465983,0.494951,0.829432,0.743120,0.629388,0.568969,0.657224,0.634355,0.712224,0.565898,0.529019,1.027254
1.432760,0.890200,0.670742,0.520738,0.525685,0.610164,0.621810,0.632689,0.639222,0.861908,0.586356,0.596341,0.565332,0.557068,0.491317,0.353364,0.347738,0.371900,0.415039,0.527770,0.553592,0.373443,0.517376,0.542240,0.444525,0.595175,0.479611,0.421662,0.496699,0.522806,0.840595,0.751508,0.643245,0.612695,0.693021,0.659078,0.730012,0.597945,0.549617,1.027386
1.441090,0.899700,0.697291,0.561627,0.557953,0.633731,0.644908,0.652776,0.657861,0.867010,0.615536,0.623559,0.594985,0.589910,0.534079,0.431691,0.432469,0.445206,0.477097,0.592882,0.604793,0.446610,0.563531,0.580694,0.479528,0.628130,0.521863,0.477355,0.522888,0.545079,0.854458,0.764491,0.662519,0.658233,0.733273,0.690750,0.753246,0.629072,0.563167,1.029118
1.449420,0.911693,0.726001,0.604778,0.593391,0.661454,0.672206,0.677116,0.680768,0.875510,0.648775,0.654900,0.628660,0.626585,0.579506,0.504560,0.509985,0.514132,0.537929,0.654743,0.655519,0.518440,0.613470,0.622891,0.516564,0.662041,0.561971,0.530550,0.544372,0.561787,0.870479,0.781287,0.685914,0.702439,0.774459,0.726449,0.779577,0.658818,0.569938,1.032443
1.457750,0.926226,0.756575,0.649181,0.630836,0.692468,0.702863,0.705011,0.707313,0.887554,0.684957,0.689332,0.665235,0.665824,0.626081,0.571938,0.580548,0.578579,0.596684,0.711545,0.703349,0.585635,0.662884,0.665014,0.552730,0.696715,0.600185,0.581169,0.562189,0.574149,0.888556,0.801506,0.712746,0.743685,0.814144,0.763007,0.806634,0.687678,0.571275,1.037494
1.466080,0.942292,0.787095,0.692212,0.667955,0.724593,0.734705,0.734459,0.735586,0.902273,0.721593,0.724461,0.702223,0.705015,0.671086,0.632613,0.643568,0.636903,0.651000,0.762492,0.747007,0.647581,0.710833,0.706297,0.587650,0.730341,0.634791,0.627285,0.575539,0.581500,0.907543,0.823644,0.741050,0.781307,0.850930,0.799567,0.833817,0.714760,0.566777,1.043930
1.474410,0.959446,0.816995,0.733323,0.704166,0.757033,0.766917,0.764688,0.764837,0.919218,0.757836,0.759445,0.738797,0.743354,0.713971,0.687407,0.700084,0.689702,0.700966,0.807990,0.786325,0.704467,0.756579,0.746199,0.621147,0.762561,0.665974,0.669179,0.585011,0.584542,0.926951,0.846924,0.769951,0.815552,0.884300,0.835182,0.860593,0.740201,0.557218,1.051568
1.482740,0.977019,0.845365,0.771565,0.738661,0.788800,0.798490,0.794725,0.794116,0.937688,0.792627,0.793239,0.773911,0.779814,0.753881,0.736125,0.749931,0.736596,0.745947,0.847983,0.821010,0.755437,0.798715,0.783284,0.652185,0.792658,0.693307,0.706363,0.590667,0.583470,0.946073,0.870395,0.798390,0.846439,0.913818,0.868603,0.886015,0.763734,0.542956,1.060097
1.491070,0.994304,0.871367,0.806154,0.770763,0.819010,0.828519,0.823673,0.822529,0.956875,0.825076,0.824945,0.806676,0.813551,0.790156,0.778645,0.793050,0.777318,0.785472,0.882479,0.850907,0.800203,0.836717,0.817202,0.681844,0.819959,0.716410,0.738445,0.592537,0.578439,0.964218,0.893154,0.825415,0.874018,0.939222,0.899192,0.909792,0.784992,0.524310,1.069138
1.499400,1.010696,0.894367,0.836539,0.799934,0.846945,0.856269,0.850774,0.849310,0.976018,0.854489,0.853853,0.836361,0.843919,0.822315,0.814878,0.829410,0.811732,0.819259,0.911423,0.875882,0.838601,0.870151,0.847532,0.709445,0.843977,0.735114,0.765230,0.590834,0.569808,0.980822,0.914451,0.850274,0.898209,0.960305,0.926371,0.931619,0.803646,0.501830,1.078320
1.507730,1.025481,0.913560,0.861939,0.825421,0.871748,0.880883,0.875147,0.873566,0.994248,0.880043,0.879129,0.862132,0.870125,0.849657,0.844369,0.858620,0.839333,0.846699,0.934357,0.895526,0.870276,0.898566,0.873852,0.734564,0.864001,0.748925,0.786173,0.585465,0.557627,0.995241,0.933510,0.872151,0.918525,0.976658,0.949631,0.951231,0.819064,0.475803,1.087204
1.516060,1.038097,0.928329,0.881716,0.846541,0.892702,0.901646,0.896047,0.894534,1.010842,0.901065,0.900084,0.883315,0.891507,0.871555,0.866567,0.880128,0.859607,0.867245,0.950594,0.909293,0.894700,0.921409,0.895642,0.756641,0.879493,0.757518,0.800837,0.576540,0.542195,1.006969,0.949737,0.890416,0.934198,0.987785,0.968445,0.968324,0.830688,0.446856,1.095412
1.524390,1.047922,0.937953,0.895095,0.862496,0.909012,0.917777,0.912661,0.911386,1.025037,0.916800,0.915956,0.899152,0.907309,0.887248,0.880729,0.893193,0.871831,0.880158,0.959081,0.916287,0.911317,0.938209,0.912455,0.775147,0.889750,0.760354,0.808568,0.563955,0.523591,1.015471,0.962542,0.904410,0.944035,0.992856,0.982397,0.982617,0.837745,0.415460,1.102534
1.532720,1.054396,0.941773,0.901329,0.872503,0.919939,0.928550,0.924235,0.923352,1.036148,0.926541,0.926031,0.908928,0.916809,0.895980,0.886051,0.896999,0.875242,0.884684,0.958733,0.915654,0.919466,0.948443,0.923787,0.789495,0.894098,0.756902,0.808707,0.547615,0.501918,1.020277,0.971431,0.913555,0.946803,0.991113,0.991097,0.993741,0.839445,0.382200,1.108190
1.541050,1.057035,0.939239,0.899783,0.875883,0.924853,0.933354,0.930126,0.929771,1.043578,0.929698,0.929711,0.912041,0.919402,0.897100,0.881844,0.890869,0.869186,0.880172,0.948485,0.906526,0.918841,0.951953,0.929491,0.799341,0.891918,0.746688,0.800682,0.527443,0.477293,1.021019,0.976020,0.917385,0.941251,0.981791,0.994448,1.001467,0.835014,0.347754,1.112039
1.549380,1.055416,0.929837,0.889779,0.871942,0.923146,0.931601,0.929726,0.930027,1.046805,0.925676,0.926404,0.907881,0.914460,0.889895,0.867181,0.873812,0.852797,0.865826,0.927196,0.888016,0.908441,0.947792,0.928490,0.803539,0.882576,0.729151,0.783776,0.503309,0.449804,1.017401,0.975976,0.915466,0.926189,0.964181,0.991796,1.004898,0.823656,0.312936,1.113780
1.557710,1.049363,0.913407,0.871021,0.860304,0.914511,0.923000,0.922717,0.923789,1.045543,0.914197,0.915826,0.896155,0.901681,0.873995,0.841538,0.845293,0.825635,0.841258,0.894198,0.859628,0.887861,0.935685,0.920527,0.802218,0.865763,0.704120,0.757690,0.475465,0.419950,1.009383,0.971177,0.907623,0.900915,0.937949,0.982962,1.003578,0.804843,0.279222,1.113238
1.566040,1.038931,0.890100,0.843495,0.840841,0.898879,0.907496,0.909027,0.910974,1.039731,0.895216,0.897930,0.876807,0.881000,0.849267,0.804570,0.804953,0.787484,0.806329,0.849263,0.821290,0.856691,0.915231,0.905091,0.794510,0.841454,0.671730,0.722392,0.444548,0.388684,0.997159,0.961661,0.893875,0.865293,0.903238,0.967712,0.996883,0.778297,0.248989,1.110366
1.574370,1.024416,0.860381,0.807489,0.813700,0.876448,0.885297,0.888841,0.891760,1.029537,0.868956,0.872933,0.850049,0.852623,0.815848,0.756134,0.752610,0.738322,0.761147,0.792659,0.773435,0.814597,0.886066,0.881696,0.779788,0.809851,0.632301,0.678035,0.411459,0.357320,0.981154,0.947629,0.874455,0.819828,0.860760,0.945839,0.984184,0.743912,0.225647,1.105253
1.582700,1.006379,0.825109,0.763710,0.779384,0.847739,0.856928,0.862664,0.866642,1.015381,0.835973,0.841385,0.816431,0.817103,0.774246,0.696421,0.688441,0.678509,0.706227,0.725480,0.717334,0.761561,0.848119,0.850126,0.757587,0.771577,0.586664,0.625212,0.377882,0.328170,0.962034,0.929467,0.849845,0.766011,0.812132,0.917391,0.965109,0.701958,0.213907,1.098127
1.591030,0.985627,0.785550,0.713347,0.738851,0.813666,0.823296,0.831371,0.836478,0.997924,0.797240,0.804242,0.776945,0.775431,0.725445,0.625980,0.612953,0.608792,0.642537,0.649685,0.655137,0.697951,0.801741,0.810562,0.727692,0.727690,0.536198,0.564987,0.346335,0.304484,0.940670,0.907789,0.820835,0.706277,0.759871,0.882787,0.939668,0.653071,0.217769,1.089344
1.599360,0.963195,0.743431,0.658220,0.693627,0.775633,0.785796,0.796290,0.802565,0.978062,0.754289,0.763002,0.733237,0.729200,0.671086,0.545873,0.527107,0.530472,0.571692,0.568587,0.590179,0.624707,0.747960,0.763871,0.690349,0.679720,0.483025,0.499096,0.320222,0.290088,0.918127,0.883494,0.788612,0.644442,0.707448,0.843008,0.908553,0.598254,0.237694,1.079368
1.607690,0.940258,0.700850,0.600779,0.645801,0.735481,0.746247,0.759152,0.766588,0.956851,0.709145,0.719633,0.687399,0.680543,0.613481,0.457599,0.432133,0.445347,0.495994,0.487335,0.527383,0.543483,0.688758,0.711892,0.646481,0.629636,0.430057,0.430026,0.303251,0.288016,0.895553,0.857721,0.754690,0.585745,0.659488,0.799839,0.873338,0.538880,0.270129,1.068729
1.616020,0.918234,0.660565,0.544684,0.598466,0.695794,0.707189,0.722341,0.730850,0.935592,0.664715,0.676930,0.642406,0.632590,0.556236,0.363691,0.329564,0.356403,0.419298,0.413456,0.472956,0.456747,0.626869,0.657087,0.597615,0.580133,0.381648,0.361892,0.298783,0.299464,0.874302,0.832023,0.721164,0.536361,0.620799,0.755521,0.836103,0.476874,0.310460,1.058050
1.624350,0.898721,0.625957,0.495073,0.555873,0.659923,0.671910,0.688887,0.698264,0.915776,0.624876,0.638581,0.602192,0.589605,0.504622,0.268501,0.220355,0.268892,0.348071,0.357462,0.433943,0.367795,0.566116,0.603185,0.546204,0.534653,0.343944,0.301625,0.308776,0.323597,0.855878,0.808349,0.690727,0.502511,0.595684,0.713038,0.799972,0.414792,0.355240,1.048021
1.632680,0.883344,0.600730,0.458661,0.523357,0.631820,0.644261,0.662317,0.672207,0.899008,0.594289,0.608975,0.571469,0.556850,0.465758,0.184408,0.106446,0.196559,0.294139,0.333073,0.417461,0.283918,0.511734,0.554686,0.496138,0.497648,0.324575,0.261536,0.332375,0.357503,0.841732,0.788920,0.666484,0.489607,0.587411,0.675764,0.768013,0.356904,0.401438,1.039352
1.641010,0.873205,0.587545,0.441444,0.505653,0.614795,0.627447,0.645560,0.655479,0.886516,0.576907,0.591807,0.554222,0.538905,0.446431,0.146415,0.017761,0.169796,0.273083,0.349372,0.427665,0.222899,0.472031,0.518637,0.453004,0.473266,0.328212,0.255055,0.365557,0.396667,0.832716,0.775555,0.651002,0.500251,0.597438,0.648640,0.744571,0.309431,0.445823,1.032570
1.649340,0.868666,0.587126,0.445800,0.504994,0.610420,0.622981,0.640028,0.649446,0.878888,0.574550,0.588780,0.552258,0.537884,0.449861,0.188033,0.129531,0.208265,0.292568,0.400655,0.462302,0.215964,0.456635,0.502736,0.425311,0.464039,0.352742,0.283869,0.402911,0.436232,0.828922,0.769206,0.645551,0.532125,0.624317,0.636794,0.733520,0.280340,0.485096,1.027932
1.657670,0.869589,0.598500,0.469533,0.520510,0.618429,0.630618,0.645596,0.654035,0.876246,0.586677,0.599455,0.564970,0.553002,0.474225,0.272278,0.243328,0.283584,0.343175,0.471783,0.513697,0.270085,0.471149,0.511798,0.420903,0.470182,0.391205,0.335800,0.439747,0.472341,0.830010,0.770048,0.650145,0.578537,0.663823,0.643482,0.737107,0.276429,0.516755,1.025523
1.666000,0.875566,0.619576,0.507354,0.548826,0.637058,0.648692,0.660893,0.668008,0.878448,0.610851,0.621658,0.589825,0.581162,0.513950,0.365683,0.351216,0.368899,0.409381,0.549052,0.572680,0.355827,0.512629,0.544446,0.442159,0.489660,0.436181,0.397479,0.472634,0.502244,0.835480,0.777659,0.663785,0.631416,0.710072,0.668227,0.754790,0.298060,0.539082,1.025354
1.674330,0.885929,0.647481,0.552676,0.584840,0.663184,0.674215,0.683350,0.688989,0.885044,0.643048,0.651713,0.622694,0.617534,0.561661,0.454853,0.448752,0.451461,0.478903,0.622880,0.631437,0.447938,0.570580,0.592606,0.483486,0.518877,0.481654,0.459434,0.499242,0.524170,0.844693,0.790921,0.684389,0.683668,0.757289,0.706416,0.782729,0.338422,0.551127,1.027356
1.682660,0.900680,0.681242,0.602806,0.625899,0.695218,0.705690,0.711699,0.715821,0.896143,0.681239,0.687764,0.661505,0.659690,0.613899,0.538605,0.537990,0.530077,0.548592,0.690769,0.686886,0.538369,0.636012,0.649193,0.537330,0.555912,0.526867,0.520191,0.520916,0.539805,0.857868,0.809394,0.710962,0.732588,0.802644,0.752352,0.817127,0.390766,0.554809,1.031688
1.690990,0.919233,0.719000,0.654540,0.668903,0.730837,0.740855,0.743940,0.746632,0.911364,0.722611,0.727174,0.703419,0.704503,0.666923,0.614989,0.618294,0.602832,0.615368,0.751299,0.737093,0.622548,0.701979,0.707539,0.594201,0.598101,0.570396,0.577758,0.538178,0.550001,0.874663,0.831978,0.741670,0.776820,0.844208,0.800880,0.853802,0.449310,0.551341,1.038286
1.699320,0.940193,0.757988,0.704328,0.710598,0.767120,0.776813,0.777405,0.778872,0.929553,0.763819,0.766731,0.745081,0.748445,0.717006,0.681807,0.688103,0.667315,0.676050,0.803661,0.781001,0.697790,0.764527,0.763673,0.650052,0.642081,0.609998,0.629571,0.550414,0.554441,0.893940,0.856769,0.773878,0.815771,0.880827,0.848834,0.890151,0.509481,0.540840,1.046686
1.707650,0.962757,0.797135,0.751384,0.750173,0.802978,0.812446,0.811029,0.811506,0.950030,0.803682,0.805270,0.785336,0.790403,0.763383,0.740037,0.748682,0.724261,0.730740,0.848761,0.818928,0.763999,0.821614,0.815606,0.702125,0.686499,0.645866,0.675981,0.558659,0.554397,0.915192,0.882713,0.806315,0.850124,0.912462,0.893806,0.924641,0.569286,0.524767,1.056570
1.715980,0.985701,0.834874,0.794420,0.786638,0.837068,0.846368,0.843463,0.843207,0.971656,0.840751,0.841360,0.822739,0.828996,0.804971,0.789489,0.799801,0.773163,0.778620,0.886696,0.850768,0.820001,0.870853,0.860542,0.746736,0.729647,0.677319,0.716307,0.563082,0.550286,0.937457,0.908441,0.837428,0.880053,0.938860,0.933514,0.955405,0.626895,0.503853,1.067361
1.724310,1.007765,0.869804,0.832477,0.819306,0.868287,0.877433,0.873554,0.872822,0.993193,0.873911,0.873869,0.856138,0.863201,0.841086,0.830301,0.841630,0.813841,0.819218,0.917580,0.876476,0.865963,0.912048,0.898493,0.785410,0.770060,0.703794,0.750105,0.563736,0.542374,0.959678,0.932692,0.865896,0.905616,0.959830,0.967282,0.982309,0.680859,0.478651,1.078380
1.732640,1.027870,0.900848,0.864921,0.847687,0.895807,0.904786,0.900402,0.899428,1.013511,0.902400,0.902008,0.884803,0.892353,0.871336,0.862716,0.874475,0.846332,0.852342,0.941439,0.895978,0.902358,0.945287,0.929538,0.817539,0.806632,0.725007,0.777200,0.560862,0.531129,0.980931,0.954463,0.890763,0.926686,0.975189,0.994739,1.005385,0.729987,0.449961,1.088977
1.740970,1.044969,0.926889,0.890925,0.871038,0.918698,0.927488,0.923020,0.922011,1.031480,0.925370,0.924899,0.907900,0.915655,0.895073,0.886436,0.898083,0.870225,0.877441,0.957777,0.908894,0.929199,0.970539,0.953716,0.843345,0.838170,0.740427,0.797086,0.554500,0.516851,1.000255,0.972839,0.911127,0.942615,0.984584,1.015652,1.024632,0.772976,0.418558,1.098493
1.749300,1.058062,0.946774,0.909494,0.888392,0.935931,0.944519,0.940336,0.939476,1.045998,0.941881,0.941578,0.924489,0.932189,0.911436,0.900802,0.911855,0.884803,0.893707,0.965694,0.914467,0.946264,0.987718,0.971009,0.863040,0.863418,0.749314,0.809008,0.544485,0.499647,1.016664,0.986958,0.926116,0.952340,0.987318,1.029893,1.039967,0.808472,0.385166,1.106284
1.757630,1.066305,0.959444,0.919598,0.898701,0.946500,0.954896,0.951325,0.950771,1.056102,0.951008,0.951099,0.933635,0.941022,0.919466,0.904894,0.914911,0.889152,0.900187,0.964117,0.911954,0.952966,0.996497,0.981139,0.876623,0.881200,0.750893,0.812104,0.530642,0.479645,1.029255,0.996100,0.934967,0.954608,0.982851,1.037268,1.051044,0.835221,0.350744,1.111791
1.765960,1.069091,0.964074,0.920376,0.901058,0.949600,0.957840,0.955167,0.955058,1.061070,0.952021,0.952717,0.934588,0.941402,0.918351,0.897893,0.906496,0.882480,0.896060,0.952010,0.900606,0.949058,0.996855,0.984118,0.884182,0.890561,0.744528,0.805644,0.512902,0.457088,1.037267,0.999772,0.937132,0.948182,0.970639,1.037869,1.057563,0.852269,0.316602,1.114592
1.774290,1.066025,0.959957,0.910923,0.894559,0.944505,0.952658,0.951153,0.951620,1.060396,0.944225,0.945735,0.926630,0.932583,0.907196,0.878591,0.885331,0.863646,0.880270,0.928116,0.879566,0.933227,0.987578,0.978525,0.884405,0.890652,0.729505,0.788698,0.491203,0.432277,1.040049,0.997608,0.932150,0.931767,0.950157,1.030923,1.058199,0.858903,0.284531,1.114405
1.782620,1.057165,0.946937,0.890870,0.878765,0.930952,0.939114,0.939039,0.940206,1.054010,0.927383,0.929917,0.909499,0.914279,0.885580,0.846266,0.850674,0.832041,0.852293,0.891677,0.848382,0.904913,0.968345,0.964084,0.877738,0.881209,0.705695,0.760898,0.466104,0.406211,1.037310,0.989579,0.919946,0.904578,0.921265,1.016275,1.052305,0.855044,0.257597,1.111206
1.790950,1.042941,0.925271,0.860179,0.853556,0.909011,0.917301,0.918923,0.920921,1.042209,0.901564,0.905340,0.883244,0.886511,0.853358,0.800301,0.801843,0.787213,0.811834,0.842328,0.806987,0.863391,0.938543,0.940043,0.863015,0.862408,0.673330,0.722136,0.438694,0.380537,1.029060,0.975877,0.900697,0.866377,0.884261,0.993614,1.039025,0.841104,0.240106,1.105191
1.799280,1.024159,0.895683,0.819278,0.819244,0.879170,0.887720,0.891322,0.894287,1.025662,0.867254,0.872497,0.848331,0.849716,0.810806,0.740358,0.738411,0.729025,0.758984,0.780324,0.755928,0.808156,0.897783,0.905880,0.839527,0.834903,0.633104,0.672694,0.410728,0.357705,1.015633,0.956938,0.874906,0.817718,0.840102,0.962802,1.017713,0.817961,0.236841,1.096770
1.807610,1.001942,0.859402,0.769190,0.776691,0.842410,0.851357,0.857230,0.861302,1.005373,0.825451,0.832386,0.805749,0.804873,0.758778,0.666579,0.660458,0.657892,0.694438,0.707016,0.696803,0.739335,0.846370,0.861742,0.807005,0.799929,0.586482,0.613525,0.384955,0.341121,0.997701,0.933466,0.843453,0.760395,0.790786,0.924283,0.988396,0.786944,0.250662,1.086521
1.815940,0.977670,0.818186,0.711747,0.727562,0.800397,0.809870,0.818277,0.823580,0.982658,0.777925,0.786751,0.757334,0.753785,0.699033,0.579797,0.568722,0.574973,0.619727,0.625255,0.632502,0.657998,0.785676,0.808798,0.765811,0.759289,0.535795,0.546445,0.364800,0.334262,0.976237,0.906541,0.807769,0.697715,0.739390,0.879389,0.952082,0.749699,0.280141,1.075144
1.824270,0.952817,0.774142,0.649554,0.674329,0.755457,0.765566,0.776689,0.783307,0.959021,0.727237,0.738087,0.705797,0.699121,0.634337,0.481480,0.464460,0.482134,0.537273,0.540085,0.567795,0.566440,0.718593,0.749691,0.717180,0.715145,0.484228,0.474224,0.353507,0.339140,0.952384,0.877588,0.769825,0.634948,0.690442,0.830698,0.911128,0.707889,0.320418,1.063375
1.832600,0.929018,0.729940,0.586572,0.620779,0.710918,0.721726,0.735581,0.743507,0.936202,0.677146,0.690008,0.654981,0.644903,0.569217,0.374458,0.349714,0.382737,0.451319,0.459679,0.509388,0.468946,0.649810,0.688614,0.663638,0.670122,0.436240,0.401476,0.353279,0.355479,0.927511,0.848569,0.732368,0.579157,0.649234,0.781968,0.869016,0.663134,0.366091,1.051999
1.840930,0.908166,0.688962,0.528711,0.572529,0.671376,0.682866,0.699146,0.708219,0.916251,0.633034,0.647620,0.610348,0.597050,0.510899,0.263983,0.226069,0.282940,0.369392,0.395448,0.465072,0.371965,0.585670,0.631422,0.609379,0.627331,0.397896,0.335989,0.364974,0.381545,0.903233,0.822110,0.699171,0.537888,0.620722,0.737883,0.830358,0.616884,0.413358,1.041892
1.849260,0.892044,0.654927,0.483802,0.536641,0.642133,0.654162,0.672111,0.681959,0.901169,0.601272,0.616891,0.578341,0.562787,0.469220,0.166255,0.095453,0.198748,0.305410,0.363326,0.443483,0.289256,0.534605,0.585171,0.558989,0.590160,0.376094,0.290775,0.387377,0.414398,0.881215,0.801147,0.674473,0.518609,0.609208,0.703773,0.799907,0.570427,0.459200,1.033864
1.857590,0.881848,0.631130,0.459961,0.519834,0.627817,0.640100,0.658513,0.668561,0.892423,0.587464,0.603034,0.564618,0.548641,0.453985,0.139479,0.040136,0.171364,0.280297,0.376058,0.450752,0.250427,0.507528,0.558561,0.520230,0.561824,0.375597,0.281165,0.417074,0.450086,0.862910,0.788275,0.661900,0.525920,0.617220,0.685608,0.782338,0.525091,0.500507,1.028470
1.865920,0.877419,0.618451,0.460331,0.524305,0.629684,0.641876,0.659398,0.669006,0.890116,0.593012,0.607369,0.570564,0.556273,0.467930,0.214603,0.173700,0.223551,0.303905,0.430179,0.486264,0.283402,0.514239,0.559643,0.502317,0.543276,0.393679,0.308691,0.448020,0.482983,0.848747,0.784445,0.662473,0.558733,0.644377,0.688783,0.781507,0.481339,0.533160,1.025700
1.874250,0.878148,0.616451,0.482596,0.547781,0.646273,0.658084,0.673517,0.682118,0.893694,0.615773,0.628009,0.593956,0.582975,0.506159,0.323004,0.303060,0.313426,0.362995,0.508372,0.541801,0.368853,0.554511,0.589373,0.510756,0.534199,0.423607,0.360280,0.475082,0.508633,0.838786,0.789478,0.675293,0.609370,0.686459,0.713939,0.797693,0.439899,0.553995,1.025346
1.882580,0.882985,0.623385,0.519394,0.583772,0.673334,0.684630,0.697235,0.704474,0.901926,0.650189,0.659892,0.629098,0.622075,0.558189,0.430568,0.421014,0.407760,0.435796,0.592542,0.605672,0.470632,0.616483,0.639060,0.542989,0.533278,0.457530,0.419807,0.494219,0.523658,0.832913,0.801881,0.697360,0.666987,0.736202,0.755514,0.826386,0.402643,0.560699,1.027006
1.890910,0.891957,0.639032,0.565750,0.627381,0.707771,0.718550,0.727948,0.733637,0.914351,0.692276,0.699373,0.671919,0.668827,0.617032,0.531065,0.527721,0.498464,0.512211,0.673220,0.669843,0.572185,0.687949,0.699474,0.591809,0.540801,0.493041,0.481005,0.506099,0.529189,0.831825,0.820643,0.726526,0.724060,0.787709,0.806077,0.862943,0.373884,0.554778,1.030695
1.899240,0.904600,0.662152,0.616300,0.673336,0.745747,0.756116,0.762321,0.766457,0.930073,0.737380,0.742092,0.717695,0.718013,0.676177,0.620419,0.621221,0.581036,0.585616,0.745551,0.729439,0.664804,0.758833,0.761371,0.645742,0.556294,0.527999,0.539445,0.511624,0.526597,0.835947,0.844002,0.759769,0.776221,0.836794,0.858306,0.901731,0.358763,0.538016,1.036240
1.907570,0.919111,0.688945,0.664601,0.715886,0.782366,0.792482,0.795895,0.798669,0.947097,0.779935,0.782699,0.760805,0.763730,0.729210,0.694716,0.698875,0.651030,0.649961,0.806897,0.781520,0.744306,0.823574,0.819284,0.699808,0.576435,0.558314,0.590004,0.509592,0.515113,0.844071,0.868786,0.792773,0.821271,0.880715,0.907674,0.939192,0.359288,0.510243,1.042879
1.915900,0.935149,0.718723,0.709721,0.754021,0.816434,0.826426,0.827524,0.829167,0.964841,0.818661,0.819925,0.799977,0.804776,0.775335,0.755483,0.762483,0.709857,0.705680,0.857768,0.825732,0.810248,0.879455,0.870519,0.749335,0.601031,0.584952,0.633570,0.502532,0.497632,0.856317,0.893794,0.824144,0.859405,0.918679,0.951157,0.973503,0.377278,0.474412,1.050411
1.924230,0.951385,0.749110,0.749483,0.786338,0.846212,0.856155,0.855506,0.856299,0.981982,0.851682,0.851915,0.833308,0.839349,0.813112,0.802585,0.811931,0.756773,0.751434,0.898390,0.861847,0.861374,0.923906,0.912068,0.792538,0.627942,0.606679,0.668872,0.490834,0.474893,0.871481,0.917169,0.851896,0.890925,0.950191,0.986319,1.002551,0.409992,0.431505,1.058183
1.932560,0.967232,0.779354,0.784067,0.813414,0.871680,0.881584,0.879708,0.879912,0.997911,0.879089,0.878699,0.860907,0.867721,0.843361,0.838179,0.849387,0.793471,0.788413,0.930203,0.890668,0.899661,0.957922,0.944814,0.828936,0.656655,0.624460,0.697095,0.476559,0.449340,0.889000,0.938196,0.875587,0.916901,0.975610,1.013278,1.026801,0.454221,0.383983,1.065819
1.940890,0.981916,0.808391,0.813268,0.835506,0.892636,0.902467,0.899830,0.899674,1.011874,0.900814,0.900156,0.882754,0.889966,0.866539,0.863588,0.876136,0.820828,0.817139,0.954005,0.912663,0.926336,0.982127,0.969173,0.858485,0.686250,0.638696,0.718760,0.461318,0.423092,0.907972,0.956165,0.894784,0.937832,0.995152,1.032219,1.046338,0.506023,0.334251,1.072846
1.949220,0.994643,0.835152,0.836673,0.852478,0.908689,0.918395,0.915401,0.915087,1.023115,0.916604,0.915984,0.898617,0.905913,0.882694,0.879335,0.892663,0.839153,0.837702,0.969905,0.927879,0.941984,0.996849,0.985304,0.881027,0.715730,0.649658,0.734089,0.446823,0.398636,0.927500,0.970469,0.909081,0.953573,1.008778,1.043323,1.061041,0.561571,0.285902,1.078790
1.957550,1.004434,0.858151,0.853287,0.863544,0.919003,0.928545,0.925556,0.925262,1.030750,0.925746,0.925436,0.907782,0.914875,0.891202,0.885022,0.898581,0.847933,0.849442,0.977284,0.935876,0.946426,1.001984,0.992980,0.896202,0.743507,0.656936,0.742581,0.434210,0.378097,0.946399,0.980361,0.917835,0.963299,1.016127,1.046598,1.070424,0.616941,0.243787,1.083120
1.965880,1.010257,0.875655,0.861800,0.867592,0.922572,0.931936,0.929287,0.929176,1.033932,0.927335,0.927580,0.909327,0.915936,0.891107,0.879779,0.893075,0.846219,0.851292,0.975032,0.935783,0.939393,0.997447,0.992018,0.903002,0.767567,0.659660,0.743299,0.424132,0.363250,0.963269,0.985114,0.920341,0.965686,1.016469,1.042198,1.073954,0.668252,0.214966,1.085322
1.974210,1.011132,0.885736,0.860598,0.863296,0.918314,0.927526,0.925553,0.925788,1.031948,0.920348,0.921389,0.902200,0.908017,0.881179,0.862108,0.874567,0.832447,0.841685,0.961493,0.926392,0.919468,0.981958,0.980950,0.901605,0.785522,0.656481,0.734785,0.416645,0.355167,0.976509,0.984053,0.915872,0.959006,1.008879,1.029177,1.069952,0.711709,0.207159,1.084962
1.982540,1.006385,0.886770,0.848297,0.849511,0.905396,0.914527,0.913582,0.914335,1.024420,0.903977,0.906059,0.885560,0.890239,0.860334,0.830578,0.841621,0.805188,0.819213,0.935206,0.906632,0.885676,0.955065,0.959339,0.890783,0.795182,0.646210,0.715746,0.411665,0.354359,0.984722,0.976768,0.903914,0.941737,0.992555,1.007483,1.057840,0.743987,0.223404,1.081797
1.990870,0.995809,0.877573,0.823827,0.825422,0.883360,0.892521,0.892994,0.894451,1.011400,0.877756,0.881140,0.858904,0.862049,0.827767,0.783772,0.792738,0.763060,0.782616,0.894830,0.875540,0.836881,0.916098,0.926446,0.869704,0.794722,0.627870,0.685037,0.408972,0.360541,0.986753,0.963124,0.884249,0.912611,0.966843,0.976865,1.036767,0.762544,0.258724,1.075845
1.999200,0.979844,0.857815,0.786867,0.790866,0.852381,0.861716,0.864036,0.866406,0.993489,0.841847,0.846812,0.822368,0.823533,0.783308,0.720750,0.726908,0.705236,0.731273,0.839765,0.832779,0.772544,0.865089,0.882240,0.838021,0.783213,0.601241,0.642193,0.408603,0.372989,0.982016,0.943405,0.857158,0.871217,0.931664,0.937672,1.006647,0.766081,0.305241,1.067445
2.007530,0.959615,0.828265,0.738166,0.746615,0.813477,0.823148,0.827767,0.831267,0.971853,0.797295,0.804124,0.776994,0.775695,0.727750,0.641328,0.643933,0.631764,0.665543,0.770716,0.779104,0.693295,0.803421,0.827986,0.796297,0.760950,0.567167,0.587775,0.410835,0.390589,0.970667,0.918393,0.823591,0.818525,0.887931,0.891396,0.968647,0.754841,0.356413,1.057236
2.015860,0.936824,0.790821,0.679721,0.694590,0.768670,0.778836,0.786185,0.791016,0.948153,0.746260,0.755206,0.725082,0.720717,0.663144,0.546157,0.544475,0.543664,0.586951,0.690201,0.716829,0.601311,0.734342,0.766707,0.746132,0.729544,0.527680,0.523572,0.415860,0.411738,0.953609,0.889427,0.785306,0.757387,0.837950,0.841057,0.925532,0.730626,0.407380,1.046079
2.024190,0.913629,0.748599,0.615266,0.638304,0.721274,0.732066,0.742467,0.748770,0.924470,0.692382,0.703601,0.670387,0.662404,0.593461,0.437202,0.430429,0.443481,0.498887,0.603389,0.650260,0.501335,0.663544,0.703522,0.690613,0.692006,0.486310,0.453279,0.423668,0.434559,0.932487,0.858539,0.745075,0.692965,0.785558,0.791342,0.881580,0.696615,0.454447,1.034976
2.032520,0.892312,0.705512,0.550352,0.583026,0.675847,0.687326,0.700850,0.708638,0.903080,0.640863,0.654292,0.618207,0.606362,0.525110,0.317618,0.304213,0.335375,0.407117,0.518792,0.585978,0.401964,0.599867,0.646493,0.635547,0.652144,0.447519,0.382700,0.433495,0.456790,0.909372,0.828364,0.706637,0.632779,0.736143,0.748847,0.842967,0.656440,0.494653,1.024932
2.040850,0.875572,0.666780,0.494012,0.537136,0.639074,0.651166,0.667381,0.676426,0.886764,0.599615,0.614746,0.576557,0.561396,0.469258,0.195352,0.168269,0.229237,0.323753,0.448193,0.531749,0.317969,0.552757,0.603440,0.586279,0.614784,0.417675,0.322647,0.445251,0.477358,0.886883,0.802643,0.675392,0.585129,0.695177,0.719382,0.814811,0.613760,0.526692,1.017099
2.049180,0.865441,0.637658,0.457742,0.510511,0.618038,0.630480,0.648276,0.658037,0.877825,0.577232,0.592972,0.554129,0.537425,0.440235,0.111174,0.041195,0.158714,0.272678,0.409712,0.498027,0.279920,0.533317,0.583151,0.551067,0.584659,0.403004,0.290065,0.457841,0.494532,0.867644,0.785297,0.656898,0.559662,0.669051,0.708613,0.801552,0.571307,0.548769,1.012337
2.057510,0.862260,0.620948,0.449782,0.509479,0.616716,0.629105,0.646884,0.656605,0.876982,0.578532,0.593436,0.555780,0.540158,0.447204,0.168203,0.134517,0.185463,0.279256,0.420241,0.495149,0.315306,0.549769,0.592514,0.538824,0.563964,0.404859,0.297193,0.467787,0.504676,0.853153,0.778760,0.654268,0.564093,0.663908,0.720669,0.806196,0.529518,0.557616,1.010805
2.065840,0.864972,0.616535,0.469758,0.532977,0.634156,0.646120,0.662286,0.671218,0.883347,0.601970,0.614802,0.579890,0.567617,0.486529,0.289651,0.275455,0.279349,0.337032,0.476808,0.525318,0.403549,0.597857,0.628859,0.553375,0.552113,0.418978,0.337416,0.470743,0.503694,0.843778,0.783327,0.667019,0.597722,0.681988,0.753393,0.826763,0.487276,0.549820,1.012078
2.074170,0.872002,0.622153,0.509312,0.573566,0.665337,0.676679,0.690104,0.697715,0.895079,0.640973,0.651089,0.619733,0.611866,0.545399,0.413252,0.408222,0.385413,0.417406,0.559282,0.579977,0.511415,0.667496,0.686053,0.593266,0.546655,0.438680,0.393209,0.463409,0.488711,0.838977,0.797264,0.691651,0.651153,0.719681,0.801965,0.860714,0.443274,0.523170,1.015478
2.082500,0.883317,0.637888,0.561690,0.624576,0.705982,0.716678,0.726697,0.732665,0.911280,0.689981,0.697226,0.669624,0.666232,0.613705,0.528458,0.528524,0.488301,0.504046,0.647907,0.645655,0.617899,0.743394,0.751108,0.645360,0.548434,0.462549,0.455013,0.447982,0.462259,0.839603,0.819228,0.725246,0.711831,0.768577,0.856553,0.900776,0.401193,0.480117,1.020906
2.090830,0.898055,0.661965,0.618391,0.677709,0.749892,0.760070,0.766601,0.770882,0.930131,0.741572,0.746226,0.722027,0.722427,0.681145,0.628248,0.631288,0.579677,0.585739,0.730260,0.711418,0.711270,0.814057,0.813485,0.700691,0.557561,0.487932,0.514587,0.426857,0.427333,0.845869,0.846181,0.762934,0.770211,0.820525,0.908754,0.940521,0.368393,0.423730,1.027903
2.099160,0.914744,0.691081,0.672378,0.726210,0.791308,0.801153,0.804574,0.807343,0.949411,0.789286,0.791856,0.770416,0.773648,0.740499,0.709680,0.715155,0.655941,0.656462,0.801683,0.771801,0.788867,0.875573,0.869476,0.754185,0.572698,0.511704,0.566693,0.401722,0.386262,0.856724,0.874245,0.799646,0.821966,0.870439,0.954965,0.977502,0.353914,0.356104,1.035739
2.107490,0.932965,0.724184,0.721368,0.767712,0.827890,0.837561,0.838424,0.839952,0.968137,0.830579,0.831617,0.812217,0.817372,0.789554,0.772699,0.780023,0.717088,0.715219,0.859428,0.823018,0.847992,0.923377,0.914054,0.799490,0.594827,0.534612,0.610993,0.377667,0.345038,0.872170,0.901317,0.832969,0.864686,0.914481,0.991167,1.008479,0.367527,0.281953,1.044126
2.115820,0.952076,0.759857,0.764402,0.801750,0.858710,0.868296,0.867222,0.867814,0.985545,0.864512,0.864541,0.846456,0.852830,0.828163,0.819302,0.828160,0.764581,0.762548,0.904581,0.864804,0.890254,0.957884,0.947506,0.837204,0.623938,0.557465,0.648129,0.360186,0.311160,0.891541,0.925859,0.861512,0.899077,0.951564,1.017025,1.033309,0.410549,0.208202,1.052707
2.124150,0.971692,0.797370,0.801998,0.829427,0.884271,0.893789,0.891360,0.891303,1.001416,0.891730,0.891208,0.873830,0.880882,0.857781,0.852267,0.862212,0.800694,0.800171,0.938776,0.897741,0.917710,0.980065,0.970400,0.866549,0.660132,0.582093,0.679901,0.356213,0.295664,0.914471,0.947437,0.885240,0.926438,0.981587,1.032957,1.052078,0.476384,0.154750,1.061267
2.132480,0.990916,0.835093,0.834100,0.851504,0.904863,0.914279,0.911016,0.910569,1.015307,0.912692,0.912010,0.894859,0.902156,0.879488,0.873627,0.884082,0.826841,0.829045,0.963395,0.922596,0.931877,0.990699,0.983143,0.887346,0.701750,0.609020,0.707170,0.370001,0.306997,0.939872,0.965628,0.904107,0.947814,1.004864,1.039429,1.064549,0.554585,0.159194,1.069412
2.140810,1.008386,0.870614,0.859821,0.867871,0.920161,0.929430,0.925805,0.925199,1.026490,0.927235,0.926731,0.909402,0.916581,0.893437,0.884005,0.894255,0.843174,0.849022,0.978701,0.939491,0.933157,0.989992,0.985662,0.899252,0.745640,0.637311,0.729608,0.401015,0.344726,0.966123,0.979866,0.917780,0.963247,1.021383,1.036694,1.070098,0.634955,0.222935,1.076572
2.149140,1.022333,0.900779,0.877419,0.877507,0.929149,0.938242,0.934696,0.934147,1.033926,0.934485,0.934457,0.916583,0.923313,0.898858,0.882960,0.892299,0.848852,0.858981,0.984109,0.948016,0.921593,0.978052,0.977884,0.901192,0.787407,0.664635,0.745802,0.444230,0.400113,0.990927,0.989267,0.925475,0.971872,1.030798,1.025121,1.068121,0.708690,0.310367,1.082011
2.157470,1.031057,0.922466,0.884878,0.878970,0.930537,0.939460,0.936421,0.936137,1.036561,0.933265,0.933986,0.915207,0.921158,0.894509,0.869259,0.876923,0.842463,0.857320,0.978005,0.946907,0.896052,0.953704,0.958336,0.893455,0.822604,0.688571,0.754105,0.493904,0.463872,1.011737,0.992864,0.926244,0.971825,1.032070,1.003748,1.056717,0.769059,0.402370,1.085012
2.165800,1.033271,0.933143,0.880354,0.870804,0.923138,0.931940,0.929838,0.930026,1.033602,0.922457,0.924193,0.904128,0.908946,0.879069,0.841389,0.846616,0.822416,0.842372,0.958636,0.934852,0.855657,0.916788,0.926900,0.874913,0.847438,0.706560,0.752705,0.544476,0.528478,1.026355,0.989924,0.919270,0.961125,1.024121,0.972892,1.035678,0.811468,0.490610,1.085044
2.174130,1.028289,0.931010,0.862282,0.851779,0.906069,0.914849,0.914134,0.915010,1.024674,0.901202,0.904226,0.882451,0.885739,0.851365,0.797596,0.799492,0.786826,0.812384,0.923898,0.910217,0.799198,0.866882,0.883150,0.844921,0.858970,0.715557,0.739337,0.590487,0.587695,1.033064,0.980004,0.903989,0.937605,1.005614,0.932659,1.004628,0.833499,0.570083,1.081857
2.182460,1.016354,0.915664,0.830125,0.821457,0.879223,0.888120,0.889262,0.891051,1.010080,0.869407,0.874004,0.850053,0.851371,0.810986,0.736674,0.734186,0.734464,0.766413,0.872298,0.871827,0.726206,0.804616,0.827736,0.803571,0.856017,0.713298,0.712452,0.627465,0.636628,1.031177,0.963231,0.880463,0.899846,0.975597,0.884128,0.964381,0.835327,0.636642,1.075624
2.190790,0.998515,0.888034,0.784540,0.780388,0.843403,0.852580,0.856054,0.858984,0.990783,0.827913,0.834366,0.807756,0.806640,0.758535,0.658253,0.650190,0.665070,0.704605,0.803631,0.819557,0.637519,0.732460,0.763104,0.752045,0.839063,0.698395,0.671449,0.651636,0.671104,1.021036,0.940326,0.849472,0.847892,0.934056,0.830024,0.917499,0.819238,0.686308,1.066887
2.199120,0.976296,0.849969,0.727337,0.730233,0.800372,0.810002,0.816249,0.820526,0.968246,0.778612,0.787179,0.757515,0.753463,0.695846,0.562892,0.547908,0.579395,0.628262,0.719691,0.754977,0.535822,0.655710,0.694445,0.693205,0.809636,0.670100,0.616606,0.659639,0.687347,1.003737,0.912553,0.812563,0.783988,0.882511,0.775411,0.868882,0.788418,0.715176,1.056405
2.207450,0.951519,0.804074,0.661877,0.674209,0.753177,0.763418,0.772750,0.778517,0.944376,0.724912,0.735748,0.702920,0.695420,0.626719,0.452890,0.429300,0.479963,0.540595,0.625456,0.682224,0.427422,0.582850,0.629210,0.632269,0.769851,0.628578,0.549597,0.648925,0.682407,0.980918,0.881859,0.772317,0.713457,0.824685,0.726863,0.824315,0.745667,0.720023,1.045070
2.215780,0.925961,0.753108,0.592730,0.616926,0.705882,0.716847,0.729354,0.736634,0.921207,0.671485,0.684548,0.648765,0.637554,0.556966,0.331705,0.296191,0.370504,0.446556,0.529738,0.608138,0.323976,0.526669,0.578862,0.576667,0.721389,0.574302,0.472887,0.617506,0.653982,0.954312,0.850649,0.732086,0.644731,0.766340,0.693311,0.792087,0.691808,0.698337,1.033737
2.224110,0.902243,0.701809,0.528636,0.566622,0.665134,0.676821,0.692081,0.700652,0.901539,0.626224,0.641031,0.603079,0.588634,0.497696,0.210732,0.151445,0.261855,0.358110,0.446758,0.542405,0.251494,0.499350,0.552710,0.534771,0.667044,0.510639,0.393377,0.565922,0.602297,0.926578,0.822701,0.697273,0.588616,0.714794,0.680435,0.776608,0.626637,0.649967,1.023557
2.232440,0.883051,0.656141,0.481500,0.533452,0.638346,0.650559,0.667469,0.676795,0.887966,0.598054,0.613543,0.574910,0.558879,0.463328,0.137050,0.008481,0.184972,0.297916,0.399651,0.498622,0.254548,0.510273,0.557982,0.515868,0.610295,0.442963,0.323233,0.495790,0.528563,0.900742,0.802110,0.673715,0.557938,0.678921,0.691769,0.780401,0.549351,0.575721,1.015591
2.240770,0.870432,0.622439,0.462989,0.525652,0.630910,0.643255,0.660150,0.669443,0.881983,0.593312,0.608011,0.570640,0.555630,0.464863,0.196889,0.157801,0.199939,0.294522,0.411626,0.491363,0.336405,0.558873,0.595188,0.526320,0.555810,0.379162,0.281733,0.409673,0.434868,0.879629,0.791967,0.665571,0.563062,0.667815,0.726660,0.802860,0.460726,0.477543,1.010500
2.249100,0.865117,0.605520,0.476522,0.543738,0.642837,0.654864,0.670065,0.678537,0.883243,0.611324,0.623969,0.589499,0.577836,0.499734,0.317343,0.306348,0.289363,0.347260,0.479126,0.525430,0.449214,0.630289,0.652955,0.564802,0.509789,0.329646,0.284792,0.311562,0.324462,0.865215,0.792919,0.672969,0.603337,0.686176,0.776918,0.837377,0.367014,0.359385,1.008313
2.257430,0.869548,0.612707,0.522301,0.586091,0.673747,0.685057,0.697073,0.704017,0.892329,0.650569,0.660314,0.629835,0.622968,0.561373,0.447942,0.448885,0.405294,0.436468,0.574897,0.588613,0.569047,0.713862,0.724323,0.620179,0.484676,0.315099,0.337383,0.213130,0.202399,0.861048,0.805873,0.696095,0.665633,0.728703,0.836874,0.881731,0.289787,0.221671,1.009706
2.265760,0.884967,0.646920,0.591489,0.645201,0.719286,0.729684,0.737649,0.742643,0.908879,0.704879,0.711551,0.685299,0.683347,0.637452,0.571572,0.578021,0.523087,0.539131,0.675928,0.664447,0.678992,0.794331,0.794949,0.681376,0.494213,0.351107,0.422006,0.162725,0.108176,0.870100,0.830051,0.732247,0.735084,0.785029,0.895684,0.926859,0.276890,0.072241,1.015064
2.274090,0.909760,0.702299,0.670311,0.709792,0.771185,0.780703,0.784544,0.787544,0.930520,0.764469,0.768448,0.745972,0.748085,0.714638,0.679938,0.689512,0.631461,0.639565,0.770035,0.741058,0.773978,0.866228,0.859921,0.742086,0.539908,0.426532,0.518041,0.220501,0.167023,0.891894,0.861438,0.775078,0.801909,0.845973,0.948723,0.969744,0.349229,0.099793,1.023836
2.282420,0.941773,0.770572,0.749353,0.772326,0.823538,0.832356,0.832480,0.833672,0.955463,0.822888,0.824756,0.805314,0.810346,0.785591,0.769651,0.780715,0.725596,0.730509,0.849964,0.809896,0.849209,0.923315,0.912556,0.794262,0.612964,0.520719,0.613298,0.335652,0.303285,0.924749,0.896660,0.819883,0.859741,0.903400,0.990871,1.006226,0.467947,0.261540,1.035531
2.290750,0.977424,0.842325,0.821721,0.827462,0.871443,0.879773,0.876877,0.876604,0.981360,0.875070,0.875449,0.858120,0.865070,0.845688,0.839856,0.851747,0.803654,0.808132,0.914005,0.867512,0.904916,0.965172,0.952444,0.837913,0.699119,0.618949,0.701471,0.461290,0.445037,0.964587,0.931855,0.862178,0.907051,0.953309,1.021237,1.035681,0.595955,0.418235,1.049079
2.299080,1.014065,0.911985,0.885611,0.874343,0.913576,0.921579,0.916414,0.915045,1.007045,0.919878,0.919310,0.903261,0.911394,0.894929,0.893456,0.905944,0.868024,0.873403,0.964140,0.914083,0.943946,0.993404,0.980619,0.872344,0.788853,0.717078,0.782902,0.586631,0.582687,1.007903,0.965073,0.900238,0.945344,0.994662,1.040790,1.058329,0.716324,0.565058,1.063677
2.307410,1.048104,0.973537,0.938631,0.912401,0.948860,0.956634,0.949972,0.947888,1.030984,0.956406,0.955364,0.939923,0.948645,0.933307,0.932126,0.944933,0.918758,0.925591,1.002039,0.950368,0.967962,1.009064,0.997652,0.897405,0.872544,0.808210,0.854499,0.703653,0.709756,1.049963,0.994497,0.932582,0.976081,1.027553,1.050334,1.073832,0.818696,0.698918,1.078047
2.315740,1.076001,1.021940,0.978275,0.940728,0.975892,0.983486,0.976100,0.973680,1.051244,0.983391,0.982292,0.966907,0.975735,0.960212,0.956241,0.968928,0.954647,0.963085,1.028363,0.976795,0.977241,1.012300,1.003369,0.912669,0.942582,0.886016,0.912383,0.806173,0.820608,1.086152,1.018163,0.957538,0.999720,1.052175,1.050093,1.081265,0.897005,0.815536,1.090671
2.324070,1.095056,1.053793,1.002335,0.958034,0.993078,1.000516,0.993150,0.990757,1.065898,0.999358,0.998576,0.982776,0.991289,0.974524,0.965154,0.977159,0.973886,0.983973,1.042620,0.993059,0.971674,1.003155,0.997642,0.917016,0.994052,0.945135,0.952782,0.888401,0.909478,1.112994,1.034292,0.973491,1.015511,1.068271,1.040409,1.079946,0.948921,0.909590,1.100159
2.332400,1.103639,1.067365,1.009153,0.962854,0.998838,1.006156,0.999499,0.997466,1.073271,1.002846,1.002721,0.986069,0.993871,0.974881,0.957615,0.968303,0.974696,0.986527,1.043413,0.998165,0.950287,0.980678,0.979219,0.910899,1.024659,0.982051,0.972932,0.946103,0.971980,1.128350,1.041479,0.979043,1.021695,1.075035,1.020450,1.068107,0.975437,0.976511,1.105436
2.340730,1.101044,1.062012,0.997479,0.953749,0.991859,0.999133,0.993813,0.992443,1.072207,0.992630,0.993487,0.975539,0.982221,0.959902,0.932016,0.940728,0.955317,0.969158,1.028738,0.990519,0.912158,0.944786,0.948135,0.893294,1.033760,0.994242,0.970624,0.975884,1.004577,1.131185,1.038918,0.973228,1.015931,1.071110,0.990610,1.045844,0.979321,1.012509,1.105853
2.349060,1.087195,1.037578,0.966387,0.929557,0.971278,0.978643,0.975240,0.974808,1.062154,0.967908,0.970072,0.950343,0.955453,0.928462,0.886769,0.892849,0.914167,0.930500,0.996647,0.968600,0.856548,0.895583,0.904521,0.863973,1.021279,0.979794,0.944069,0.975145,1.004627,1.121161,1.026388,0.955580,0.996000,1.055186,0.951400,1.013395,0.963159,1.014890,1.101160
2.357390,1.062519,0.994138,0.915308,0.889598,0.936832,0.944491,0.943562,0.944333,1.043262,0.928451,0.932256,0.910199,0.913223,0.879888,0.820460,0.823261,0.849906,0.869463,0.945539,0.931120,0.783166,0.833997,0.849403,0.823351,0.986990,0.937240,0.891843,0.942020,0.970346,1.098477,1.004207,0.926188,0.960228,1.026168,0.904122,0.972093,0.927731,0.982020,1.091510
2.365720,1.028015,0.932125,0.844196,0.833868,0.888995,0.897209,0.899314,0.901558,1.016416,0.874739,0.880538,0.855536,0.855895,0.814156,0.732052,0.731033,0.761561,0.785374,0.874938,0.877761,0.692817,0.762623,0.785434,0.772931,0.930265,0.865497,0.812890,0.875258,0.900663,1.063984,0.973167,0.885746,0.908312,0.983881,0.851571,0.924845,0.871397,0.913179,1.077456
2.374050,0.985495,0.852982,0.754059,0.763410,0.829230,0.838300,0.844007,0.847991,0.983252,0.808276,0.816428,0.787813,0.784878,0.732297,0.621313,0.616398,0.649007,0.678450,0.786818,0.810273,0.588724,0.686908,0.717739,0.715664,0.850566,0.764276,0.707001,0.774509,0.795480,1.019538,0.934573,0.835724,0.842490,0.930027,0.798692,0.876411,0.790899,0.808799,1.059950
2.382380,0.937724,0.760084,0.647841,0.681052,0.760509,0.770742,0.780539,0.786494,0.946091,0.732233,0.743062,0.710448,0.703358,0.637224,0.489214,0.481718,0.513656,0.550499,0.687747,0.734115,0.479150,0.617617,0.656401,0.658524,0.748752,0.635378,0.575869,0.642384,0.658145,0.968258,0.890466,0.778738,0.769168,0.869478,0.754043,0.834860,0.683574,0.673454,1.040261
2.390710,0.888889,0.660539,0.532434,0.592902,0.688436,0.700085,0.714194,0.722203,0.908156,0.652791,0.666451,0.629921,0.617809,0.535668,0.338516,0.333082,0.358977,0.406226,0.590758,0.659262,0.381334,0.568670,0.613034,0.609520,0.628880,0.483247,0.423516,0.485683,0.497361,0.915027,0.844251,0.719401,0.699419,0.810460,0.726428,0.807673,0.549788,0.519216,1.020035
2.399040,0.845568,0.568765,0.423994,0.511778,0.623415,0.636525,0.654404,0.664184,0.874230,0.581879,0.597980,0.558378,0.541243,0.443042,0.173526,0.184135,0.189470,0.257627,0.514277,0.598330,0.324388,0.551759,0.596673,0.577382,0.500532,0.313129,0.254962,0.312740,0.326037,0.867512,0.801819,0.665966,0.646212,0.762448,0.721118,0.799002,0.394002,0.368101,1.001598
2.407370,0.817824,0.512844,0.359802,0.461192,0.582041,0.596119,0.615751,0.626344,0.850853,0.538861,0.555889,0.515413,0.495687,0.389936,0.043406,0.119577,0.037923,0.160617,0.480789,0.564891,0.340900,0.572336,0.611400,0.569053,0.389190,0.137921,0.087754,0.128498,0.161400,0.837454,0.771938,0.630823,0.621702,0.734330,0.739509,0.809592,0.231022,0.252902,0.988208
2.415700,0.813192,0.520590,0.382779,0.464984,0.579152,0.593006,0.610973,0.620791,0.842756,0.540814,0.556212,0.518269,0.501105,0.407217,0.203980,0.252295,0.197930,0.238750,0.511118,0.573464,0.430577,0.628940,0.656152,0.589437,0.348869,0.138059,0.161669,0.122769,0.170066,0.833789,0.762186,0.624497,0.636715,0.735573,0.780450,0.837530,0.152525,0.271536,0.982167
2.424030,0.832431,0.590513,0.482017,0.525309,0.617921,0.630297,0.643278,0.650755,0.851182,0.589655,0.601301,0.568637,0.558352,0.489746,0.387666,0.427479,0.388815,0.401784,0.597252,0.625274,0.558833,0.713005,0.726258,0.638904,0.415828,0.329845,0.355889,0.328934,0.360459,0.857151,0.775959,0.650250,0.689314,0.768853,0.840219,0.881044,0.283892,0.422041,0.984067
2.432360,0.872143,0.697128,0.614331,0.622682,0.689628,0.699989,0.706241,0.710508,0.875498,0.672987,0.680285,0.653670,0.651039,0.606893,0.561978,0.597167,0.568719,0.571455,0.708836,0.704050,0.693482,0.806856,0.807095,0.703432,0.547622,0.524791,0.543502,0.531600,0.561230,0.902760,0.812710,0.704199,0.763208,0.825305,0.907965,0.932239,0.467377,0.602870,0.993925
2.440690,0.924879,0.813248,0.747678,0.730571,0.776107,0.784699,0.784333,0.785392,0.911314,0.769757,0.773287,0.752057,0.755401,0.729030,0.715963,0.747027,0.727180,0.725689,0.820689,0.790635,0.815777,0.895986,0.885711,0.772453,0.694206,0.700127,0.710374,0.710509,0.740163,0.961601,0.865067,0.774033,0.841065,0.891880,0.973596,0.983430,0.639923,0.769849,1.010395
2.449020,0.979705,0.917430,0.862722,0.828012,0.859147,0.866601,0.860774,0.859156,0.951369,0.860967,0.861620,0.844601,0.851849,0.836735,0.841985,0.869532,0.856419,0.853108,0.918444,0.871275,0.917967,0.973531,0.956071,0.838868,0.825503,0.842145,0.846038,0.851165,0.880309,1.021496,0.921744,0.845152,0.911088,0.957181,1.031708,1.031042,0.782238,0.901995,1.030300
2.457350,1.030143,1.002410,0.953128,0.904962,0.928078,0.934982,0.925193,0.921630,0.989921,0.935801,0.934450,0.920133,0.929849,0.921023,0.936921,0.962337,0.955339,0.951177,0.996086,0.938692,0.995736,1.034209,1.012490,0.895657,0.934846,0.955108,0.952126,0.960595,0.988881,1.075841,0.973560,0.907287,0.967915,1.014177,1.077901,1.071352,0.891901,1.001736,1.051010
2.465680,1.070096,1.062375,1.015762,0.958531,0.978725,0.985505,0.973337,0.968608,1.022990,0.990178,0.987615,0.974717,0.985780,0.979624,1.001042,1.025541,1.022759,1.018269,1.052473,0.990296,1.048871,1.077307,1.054345,0.942573,1.014256,1.032094,1.024391,1.031430,1.057395,1.118417,1.015031,0.955208,1.010455,1.059539,1.111113,1.103568,0.965858,1.061865,1.069758
2.474010,1.098798,1.099955,1.054909,0.992819,1.013274,1.020113,1.006971,1.001769,1.049870,1.026460,1.023358,1.010948,1.022534,1.016747,1.039799,1.064006,1.063743,1.059396,1.090528,1.027255,1.080871,1.104651,1.082748,0.978707,1.066937,1.077804,1.067699,1.068483,1.090569,1.148724,1.045420,0.989125,1.040949,1.093297,1.132428,1.127882,1.010257,1.086265,1.085487
2.482340,1.115768,1.117194,1.073759,1.011503,1.033879,1.040789,1.027855,1.022761,1.069733,1.046992,1.043921,1.031330,1.042841,1.036055,1.057618,1.081554,1.081793,1.078056,1.113230,1.051446,1.094280,1.117591,1.098483,1.004092,1.094908,1.093899,1.084613,1.071819,1.087910,1.166521,1.064776,1.009801,1.061716,1.116501,1.142664,1.143981,1.030208,1.074035,1.097179
2.490670,1.121852,1.117070,1.075479,1.017338,1.042393,1.049317,1.037497,1.032955,1.082215,1.053933,1.051350,1.038099,1.049099,1.040499,1.058171,1.081612,1.080636,1.077843,1.122959,1.064590,1.092156,1.118095,1.102981,1.018595,1.102440,1.085557,1.079633,1.047380,1.055784,1.172829,1.073957,1.018519,1.074322,1.130289,1.143329,1.152132,1.031540,1.031278,1.104450
2.499000,1.116933,1.100051,1.060338,1.010369,1.038687,1.045603,1.035581,1.031922,1.086225,1.047447,1.045728,1.031408,1.041521,1.030374,1.041943,1.064464,1.060741,1.059182,1.119510,1.066433,1.074373,1.105702,1.095461,1.023290,1.090379,1.054194,1.053736,0.996975,0.996301,1.167602,1.073124,1.015451,1.078141,1.134330,1.133885,1.150911,1.015363,0.960303,1.106696
2.507330,1.100880,1.065808,1.027610,0.989569,1.022006,1.028975,1.021271,1.018741,1.080866,1.027014,1.026483,1.010683,1.019525,1.004905,1.008100,1.029299,1.021487,1.021415,1.101669,1.056057,1.040488,1.080352,1.075872,1.017065,1.058211,1.000457,1.006969,0.922083,0.911287,1.150684,1.062413,1.000520,1.071554,1.127800,1.114518,1.140081,0.979806,0.863272,1.103523
2.515660,1.073825,1.013788,0.976059,0.953553,0.991468,0.998650,0.993703,0.992511,1.065680,0.991859,0.992831,0.975070,0.982186,0.962765,0.954720,0.974175,0.961217,0.963005,1.067079,1.031584,0.989126,1.041236,1.043397,0.999050,1.004438,0.924121,0.938400,0.823531,0.801823,1.122163,1.041980,0.973583,1.051952,1.109109,1.084824,1.118792,0.921002,0.741576,1.094849
2.523990,1.036815,0.944401,0.904938,0.901388,0.946727,0.954359,0.952616,0.952971,1.041066,0.941604,0.944429,0.924107,0.928936,0.902858,0.879651,0.896940,0.878160,0.882473,1.013314,0.991127,0.918970,0.987883,0.997616,0.968589,0.928065,0.825174,0.847108,0.702809,0.669813,1.083090,1.012253,0.934843,1.016767,1.076729,1.044764,1.086780,0.835400,0.597618,1.081130
2.532320,0.992188,0.860024,0.814825,0.833200,0.888447,0.896817,0.898770,0.900909,1.008447,0.876801,0.881880,0.858268,0.860131,0.824966,0.781260,0.796159,0.771333,0.779233,0.939117,0.933849,0.829797,0.921094,0.939333,0.925872,0.830019,0.704946,0.733237,0.563536,0.519782,1.035932,0.974142,0.885215,0.964658,1.030153,0.995401,1.044987,0.721947,0.437302,1.063433
2.540650,0.943585,0.765902,0.708644,0.750886,0.818817,0.828222,0.834381,0.838548,0.970219,0.799564,0.807333,0.779627,0.777756,0.730590,0.659772,0.673012,0.642053,0.654848,0.846807,0.861918,0.724841,0.844954,0.872315,0.873201,0.714666,0.567551,0.599570,0.412562,0.360039,0.984622,0.929306,0.826724,0.897587,0.971553,0.940372,0.996746,0.584209,0.272446,1.043310
2.548980,0.896451,0.671863,0.593104,0.659476,0.742728,0.753432,0.764145,0.770504,0.929981,0.714980,0.725838,0.693605,0.686900,0.624361,0.516933,0.530687,0.492874,0.513008,0.742695,0.780753,0.610659,0.766184,0.802483,0.814771,0.590636,0.418395,0.449695,0.254289,0.193804,0.935068,0.880959,0.763559,0.821234,0.905943,0.884985,0.946892,0.430374,0.112309,1.022861
2.557310,0.857728,0.593735,0.481276,0.568457,0.668570,0.680713,0.695881,0.704365,0.892386,0.632108,0.646240,0.609549,0.596963,0.515724,0.355008,0.374378,0.326859,0.360713,0.638345,0.699786,0.498434,0.694732,0.738836,0.756493,0.474800,0.270348,0.289765,0.107169,0.042414,0.894758,0.834213,0.702575,0.745556,0.841599,0.836610,0.902518,0.279368,0.095078,1.004554
2.565640,0.835829,0.554706,0.401696,0.496930,0.611227,0.624614,0.642923,0.652898,0.863809,0.568029,0.584806,0.544710,0.526627,0.426864,0.176916,0.214231,0.149103,0.221665,0.549709,0.630359,0.405181,0.640065,0.689151,0.703869,0.401608,0.179087,0.146650,0.143058,0.172747,0.872597,0.797499,0.655550,0.682297,0.787377,0.800936,0.868826,0.197433,0.257541,0.991389
2.573970,0.834873,0.568609,0.391470,0.469957,0.587492,0.601339,0.619830,0.629914,0.849477,0.543176,0.560506,0.519762,0.499805,0.393515,0.037485,0.129238,0.072821,0.187817,0.504606,0.589843,0.367258,0.615996,0.664327,0.665916,0.408500,0.245503,0.165542,0.305365,0.347728,0.872496,0.779355,0.635001,0.647951,0.754898,0.785412,0.851609,0.276197,0.424383,0.985211
2.582300,0.852716,0.626180,0.454825,0.499537,0.604874,0.618047,0.633143,0.641662,0.850786,0.566642,0.581743,0.543933,0.527612,0.435048,0.213791,0.252006,0.248997,0.303172,0.529333,0.595728,0.416194,0.635435,0.675198,0.654216,0.487392,0.389631,0.318466,0.464759,0.507069,0.891603,0.783747,0.646395,0.657355,0.755306,0.797329,0.856028,0.424393,0.572107,0.986039
2.590630,0.883923,0.705443,0.556077,0.571799,0.656407,0.668154,0.677536,0.683360,0.866041,0.628569,0.639820,0.607086,0.597441,0.527581,0.394375,0.420619,0.423300,0.453517,0.611590,0.645925,0.522713,0.692318,0.718173,0.674806,0.596155,0.533755,0.474498,0.601365,0.639125,0.923903,0.809087,0.685592,0.706531,0.788538,0.834149,0.879514,0.568690,0.689547,0.992967
2.598960,0.923717,0.791317,0.669085,0.666293,0.730073,0.740297,0.743175,0.745868,0.893041,0.713862,0.720928,0.693822,0.690973,0.642197,0.562791,0.583227,0.583691,0.601615,0.718142,0.721423,0.648435,0.771665,0.783395,0.718828,0.707999,0.662425,0.616763,0.710712,0.741217,0.964548,0.851468,0.745125,0.776818,0.843330,0.887950,0.917897,0.692190,0.774522,1.005142
2.607290,0.963373,0.867086,0.770006,0.757336,0.805415,0.814531,0.811677,0.811564,0.924617,0.799477,0.802984,0.780833,0.783146,0.749849,0.705714,0.723515,0.717435,0.727342,0.824689,0.804058,0.768864,0.856993,0.856655,0.777717,0.802968,0.762049,0.731497,0.783349,0.804703,1.004794,0.899580,0.809039,0.851277,0.907117,0.948598,0.962506,0.785487,0.819440,1.019623
2.615620,0.999074,0.928376,0.852303,0.833533,0.871722,0.880248,0.872911,0.870582,0.956555,0.874136,0.874871,0.856584,0.862473,0.839522,0.819445,0.835634,0.822838,0.827466,0.915398,0.878975,0.870745,0.935261,0.926322,0.840326,0.876972,0.832518,0.818154,0.820593,0.831293,1.041191,0.945877,0.867998,0.916517,0.967818,1.006547,1.006670,0.850669,0.826155,1.034768
2.623950,1.027042,0.971554,0.911105,0.888072,0.921574,0.929936,0.919649,0.915853,0.984470,0.929964,0.928791,0.912971,0.921185,0.904318,0.900885,0.917051,0.897453,0.898556,0.984753,0.939428,0.948943,0.999732,0.985598,0.898751,0.927496,0.872672,0.874736,0.823490,0.822220,1.070152,0.983627,0.914406,0.967496,1.018960,1.056085,1.045995,0.890234,0.796149,1.048528
2.632280,1.047330,0.999186,0.949734,0.923603,0.956059,0.964484,0.952673,0.948114,1.007769,0.968094,0.965802,0.951317,0.960840,0.946966,0.954087,0.971174,0.945649,0.944812,1.033269,0.984006,1.003868,1.048224,1.031909,0.948760,0.958551,0.888377,0.906366,0.799643,0.785269,1.091906,1.011784,0.947749,1.004252,1.058217,1.094537,1.078625,0.910331,0.736955,1.060356
2.640610,1.060333,1.013759,0.972268,0.944806,0.978256,0.986785,0.974645,0.969918,1.026455,0.991816,0.989079,0.975092,0.985164,0.972284,0.985049,1.003464,0.972834,0.971296,1.064677,1.014580,1.038983,1.081830,1.065652,0.988962,0.973620,0.885448,0.918539,0.756647,0.728266,1.106859,1.031090,0.969557,1.029761,1.086200,1.121917,1.104429,0.914503,0.656063,1.069875
2.648940,1.066327,1.016813,0.981630,0.955280,0.990675,0.999246,0.987721,0.983292,1.040407,1.003945,1.001316,0.987212,0.997275,0.984123,0.998439,1.017975,0.983046,0.981766,1.082211,1.033336,1.056957,1.101799,1.087582,1.019056,0.974699,0.868507,0.915485,0.701341,0.658616,1.115231,1.042612,0.981499,1.046618,1.104157,1.138736,1.123528,0.903262,0.560891,1.076742
2.657270,1.065012,1.008392,0.978757,0.956426,0.994189,1.002730,0.992516,0.988727,1.048825,1.005732,1.003641,0.988962,0.998593,0.984309,0.997029,1.017246,0.978368,0.977933,1.087528,1.041308,1.060611,1.110159,1.099468,1.040105,0.961610,0.839824,0.899211,0.638470,0.581894,1.116528,1.046832,0.984402,1.055828,1.112545,1.146300,1.136575,0.874367,0.457436,1.080412
2.665600,1.056054,0.987980,0.962996,0.947632,0.988207,0.996697,0.988316,0.985421,1.050623,0.996850,0.995660,0.979987,0.988796,0.972497,0.980595,1.000780,0.958360,0.959303,1.079884,1.037969,1.049031,1.105680,1.099548,1.049863,0.933381,0.800147,0.869738,0.571991,0.503483,1.110155,1.043651,0.978172,1.056267,1.110799,1.143710,1.141995,0.825230,0.352847,1.080384
2.673930,1.039870,0.956030,0.933931,0.928005,0.972060,0.980544,0.974389,0.972576,1.045159,0.976834,0.976860,0.959772,0.967361,0.947993,0.948365,0.967792,0.922445,0.925337,1.057525,1.021836,1.022178,1.088832,1.088582,1.050483,0.890150,0.750689,0.827239,0.506978,0.430747,1.096230,1.033072,0.962736,1.045663,1.097587,1.131287,1.139675,0.755290,0.260104,1.076529
2.682260,1.017695,0.914143,0.891438,0.896680,0.945226,0.953814,0.950224,0.949656,1.032384,0.945208,0.946768,0.927776,0.933685,0.909839,0.898618,0.916472,0.869479,0.875218,1.017816,0.990807,0.978642,1.058541,1.065332,1.039993,0.833620,0.693286,0.771903,0.450190,0.374006,1.075685,1.015215,0.938082,1.021012,1.071212,1.108411,1.128333,0.666983,0.206641,1.069137
2.690590,0.991583,0.865216,0.836143,0.853421,0.907846,0.916690,0.916008,0.916847,1.013022,0.902057,0.905502,0.884025,0.887699,0.857512,0.829446,0.844704,0.798247,0.808361,0.958131,0.942939,0.916707,1.013594,1.028488,1.016917,0.767345,0.630421,0.704127,0.409861,0.345809,1.050280,0.990570,0.904659,0.979545,1.030299,1.074393,1.106551,0.566552,0.226013,1.058936
2.698920,0.964255,0.813670,0.770111,0.799206,0.861179,0.870454,0.873026,0.875438,0.988643,0.848586,0.854293,0.829673,0.830479,0.791640,0.739654,0.751071,0.708472,0.725350,0.877306,0.877708,0.835307,0.953460,0.977375,0.980185,0.697781,0.566636,0.625724,0.394820,0.355393,1.022583,0.960234,0.863764,0.920178,0.974925,1.029165,1.073535,0.466831,0.303142,1.047020
2.707250,0.938679,0.765084,0.697397,0.736787,0.807986,0.817855,0.823965,0.828088,0.961532,0.787647,0.795972,0.767590,0.764854,0.714779,0.629725,0.635960,0.601715,0.628808,0.777529,0.797570,0.735439,0.879628,0.913179,0.930119,0.634039,0.508524,0.540682,0.407505,0.396964,0.995592,0.926109,0.817855,0.845300,0.907963,0.974325,1.030091,0.390092,0.398586,1.034671
2.715580,0.917643,0.725427,0.624540,0.671322,0.752981,0.763571,0.773278,0.779138,0.934534,0.724423,0.735588,0.703221,0.696204,0.632420,0.502276,0.501812,0.482031,0.524303,0.665697,0.708981,0.620949,0.796315,0.839526,0.868823,0.586733,0.464321,0.456244,0.440870,0.454134,0.972275,0.891164,0.770976,0.761930,0.835822,0.913582,0.979114,0.364514,0.489696,1.023190
2.723910,0.903139,0.699380,0.560383,0.610466,0.702678,0.714029,0.726966,0.734378,0.910654,0.666418,0.680312,0.644228,0.632613,0.553735,0.362371,0.352646,0.356663,0.421536,0.555051,0.623140,0.499401,0.711104,0.763178,0.801173,0.564133,0.440624,0.383176,0.482568,0.511261,0.954855,0.859250,0.728561,0.682223,0.768495,0.852969,0.925951,0.398766,0.565044,1.013688
2.732240,0.896305,0.689410,0.516084,0.564911,0.665512,0.677525,0.692591,0.701025,0.892981,0.623907,0.639770,0.601014,0.585599,0.493492,0.220721,0.191689,0.241194,0.338500,0.465571,0.554332,0.382300,0.633404,0.692317,0.732272,0.568119,0.439262,0.336302,0.521548,0.557911,0.944538,0.835150,0.697592,0.620979,0.716780,0.799312,0.876990,0.469528,0.618644,1.007081
2.740570,0.897072,0.694944,0.502062,0.545984,0.649665,0.662043,0.677358,0.685924,0.883944,0.607191,0.623467,0.584024,0.567225,0.469639,0.129500,0.030707,0.184357,0.305518,0.426694,0.519950,0.297264,0.576683,0.637901,0.669609,0.593250,0.456461,0.330586,0.549597,0.586950,0.941329,0.823296,0.684573,0.594005,0.691348,0.760806,0.839406,0.548572,0.645855,1.003889
2.748900,0.903495,0.711198,0.519324,0.557875,0.657799,0.670133,0.683604,0.691310,0.883846,0.619593,0.634452,0.596660,0.581647,0.489740,0.200594,0.150438,0.237737,0.338490,0.458655,0.532551,0.293685,0.558131,0.613866,0.624874,0.628342,0.482400,0.363476,0.559595,0.592104,0.943412,0.825220,0.691463,0.610393,0.699020,0.746933,0.820928,0.617149,0.641941,1.003816
2.757230,0.912848,0.731910,0.558403,0.594271,0.685427,0.697395,0.707498,0.713605,0.891005,0.655116,0.667281,0.632830,0.621817,0.543092,0.335885,0.310057,0.344130,0.413061,0.542674,0.585720,0.374719,0.584766,0.627056,0.609540,0.662605,0.506907,0.416142,0.547134,0.569625,0.948248,0.839018,0.714745,0.662074,0.736400,0.761776,0.824676,0.666234,0.604151,1.006027
2.765560,0.923536,0.753599,0.608672,0.644684,0.725199,0.736673,0.742687,0.746827,0.903347,0.704308,0.713284,0.682903,0.676605,0.612943,0.470340,0.455610,0.456122,0.500950,0.645180,0.660042,0.492240,0.648839,0.674884,0.629426,0.691111,0.526185,0.474163,0.513683,0.521374,0.954400,0.861335,0.748796,0.730488,0.791886,0.802828,0.850030,0.695626,0.534373,1.009861
2.773890,0.935803,0.776793,0.664165,0.700839,0.771130,0.782136,0.783959,0.786058,0.919745,0.759671,0.765507,0.739238,0.737385,0.687474,0.592711,0.584468,0.561396,0.589359,0.744151,0.737630,0.613343,0.730349,0.741792,0.673658,0.715269,0.543460,0.533007,0.467600,0.456004,0.962521,0.889340,0.788949,0.799465,0.852648,0.858600,0.888539,0.711050,0.439955,1.015273
2.782220,0.949379,0.801124,0.718768,0.754728,0.816831,0.827499,0.825599,0.825866,0.938591,0.813631,0.816770,0.794117,0.795852,0.756804,0.696375,0.692460,0.653182,0.669824,0.828895,0.807586,0.721472,0.812102,0.812529,0.730864,0.736595,0.561161,0.588526,0.419737,0.385584,0.973059,0.919382,0.829837,0.859916,0.909531,0.917475,0.931308,0.717345,0.330994,1.022022
2.790550,0.962500,0.823535,0.766295,0.799848,0.856484,0.866980,0.862205,0.861051,0.957431,0.859700,0.860784,0.840892,0.845226,0.813825,0.777703,0.777694,0.727403,0.736445,0.896206,0.865323,0.811994,0.886839,0.879922,0.792491,0.753306,0.578560,0.636447,0.380037,0.322902,0.984579,0.947311,0.866191,0.909028,0.957881,0.973523,0.973743,0.714333,0.216904,1.029241
2.798880,0.974151,0.842539,0.804882,0.834577,0.888182,0.898622,0.891924,0.889815,0.975019,0.895816,0.895504,0.877440,0.883526,0.857007,0.837401,0.841192,0.784378,0.788483,0.946426,0.909743,0.882169,0.948393,0.937289,0.850281,0.764511,0.596901,0.676497,0.361835,0.289360,0.996119,0.971116,0.895810,0.947161,0.995957,1.021125,1.011407,0.700414,0.129576,1.036368
2.807210,0.983651,0.857344,0.834463,0.859683,0.911994,0.922413,0.914697,0.912081,0.990593,0.922122,0.921025,0.903991,0.911101,0.887326,0.878025,0.885407,0.825780,0.826922,0.981412,0.941540,0.932953,0.995431,0.982746,0.900402,0.769568,0.617145,0.709312,0.374955,0.304863,1.006788,0.990019,0.918166,0.975780,1.023666,1.058271,1.042772,0.673564,0.160022,1.042924
2.815540,0.990781,0.868060,0.855657,0.876529,0.928573,0.938933,0.930993,0.928263,1.003576,0.939413,0.938077,0.921410,0.928944,0.906308,0.902061,0.912427,0.853168,0.852991,1.002470,0.961485,0.965577,1.027856,1.015751,0.940867,0.768909,0.639673,0.735517,0.418319,0.365631,1.016138,1.003836,0.933401,0.995498,1.041241,1.084269,1.067257,0.633883,0.274390,1.048549
2.823870,0.995665,0.875426,0.869065,0.886081,0.938334,0.948561,0.941043,0.938521,1.013307,0.948309,0.947204,0.930363,0.937820,0.915106,0.911410,0.923870,0.867766,0.867676,1.009665,0.969345,0.982203,1.046899,1.037089,0.971240,0.764295,0.664715,0.755786,0.482610,0.451586,1.024057,1.012467,0.941714,1.005438,1.048096,1.099676,1.085103,0.585150,0.402681,1.052936
2.832200,0.998943,0.881243,0.875527,0.888756,0.941400,0.951413,0.944831,0.942770,1.019294,0.949114,0.948652,0.931163,0.938109,0.914282,0.907024,0.920601,0.870649,0.871954,1.002612,0.964862,0.983688,1.053287,1.047311,0.990446,0.759778,0.693308,0.771464,0.558278,0.546856,1.031320,1.015918,0.943259,1.004217,1.043874,1.105052,1.096438,0.537159,0.526943,1.055981
2.840530,1.000462,0.885549,0.874142,0.883688,0.936984,0.946739,0.941522,0.940133,1.020696,0.941190,0.941747,0.923148,0.929148,0.903092,0.887884,0.901334,0.860597,0.864705,0.978940,0.946163,0.969212,1.046238,1.045477,0.999843,0.757514,0.722326,0.780800,0.634896,0.639681,1.037749,1.013768,0.937625,0.988978,1.027019,1.099678,1.100118,0.502145,0.640214,1.057359
2.848860,0.999822,0.887787,0.863824,0.869830,0.924308,0.933819,0.930345,0.929810,1.016944,0.923894,0.925821,0.905637,0.910241,0.880667,0.852798,0.864835,0.836190,0.844638,0.936891,0.911937,0.938286,1.025755,1.031629,0.998406,0.758856,0.747228,0.781224,0.703393,0.720928,1.042992,1.005732,0.924482,0.957665,0.996591,1.083711,1.095855,0.492932,0.736236,1.056802
2.857190,0.996232,0.886354,0.843127,0.846108,0.902711,0.912058,0.910690,0.911186,1.007729,0.896684,0.900317,0.878041,0.880765,0.846123,0.800223,0.809434,0.795537,0.810067,0.875122,0.861351,0.889707,0.991056,1.004878,0.985267,0.763099,0.762533,0.769367,0.755871,0.782814,1.046084,0.991636,0.903631,0.909160,0.952282,1.056761,1.082454,0.514525,0.808777,1.054056
2.865520,0.988770,0.879015,0.810791,0.811916,0.872062,0.881392,0.882492,0.884193,0.993201,0.859571,0.865227,0.840328,0.840658,0.799124,0.728984,0.733808,0.736981,0.759578,0.793758,0.795033,0.822484,0.941600,0.964485,0.959424,0.767525,0.762743,0.741818,0.785357,0.818407,1.045667,0.971637,0.875318,0.844256,0.895342,1.018742,1.058862,0.559666,0.851714,1.048985
2.873850,0.976619,0.863344,0.766136,0.767480,0.833025,0.842546,0.846463,0.849534,0.974026,0.813440,0.821386,0.793349,0.790777,0.740321,0.638767,0.637561,0.659628,0.692522,0.695744,0.716237,0.736693,0.877967,0.910691,0.920428,0.767869,0.743089,0.695765,0.786019,0.821888,1.040237,0.946352,0.840444,0.767071,0.829551,0.970598,1.024869,0.613228,0.859667,1.041631
2.882180,0.959391,0.837302,0.709506,0.714290,0.787396,0.797361,0.804369,0.808939,0.951426,0.760477,0.770888,0.739400,0.733376,0.671908,0.530375,0.521354,0.563637,0.609425,0.588131,0.631886,0.634244,0.802820,0.845629,0.869152,0.759183,0.700117,0.629483,0.753648,0.789123,1.028479,0.917030,0.800839,0.685973,0.761958,0.915046,0.981921,0.659424,0.828840,1.032270
2.890510,0.937717,0.800449,0.643412,0.655969,0.738721,0.749398,0.759572,0.765666,0.927337,0.704915,0.717764,0.682874,0.672964,0.598798,0.406717,0.387445,0.451261,0.513282,0.484476,0.553453,0.520214,0.721788,0.774008,0.808319,0.737588,0.632752,0.543444,0.686556,0.718592,1.009929,0.885885,0.759722,0.613977,0.702473,0.856955,0.933576,0.686465,0.758081,1.021555
2.898840,0.913890,0.755492,0.574316,0.599564,0.693103,0.704692,0.717688,0.725126,0.904631,0.654000,0.668872,0.631152,0.617473,0.530500,0.274813,0.239009,0.328588,0.411995,0.407175,0.496448,0.404579,0.644367,0.704112,0.743352,0.702464,0.543570,0.441816,0.586370,0.612193,0.985792,0.856484,0.722225,0.566606,0.662010,0.803666,0.886100,0.688971,0.649837,1.010668
2.907170,0.892027,0.709491,0.514738,0.556462,0.659366,0.671871,0.686641,0.694913,0.887029,0.618201,0.634066,0.594865,0.578692,0.482691,0.160335,0.080439,0.213942,0.324542,0.384451,0.476356,0.308712,0.583222,0.646308,0.680815,0.658352,0.440630,0.335932,0.458434,0.475632,0.959486,0.833742,0.695330,0.556067,0.649029,0.763365,0.846637,0.668979,0.511058,1.001301
2.915500,0.876349,0.671739,0.480527,0.538539,0.645681,0.658790,0.673621,0.681911,0.877619,0.606913,0.622208,0.583560,0.567457,0.471309,0.158839,0.084731,0.167157,0.285544,0.427745,0.499914,0.277847,0.554982,0.614076,0.631293,0.613593,0.338627,0.250747,0.310169,0.317036,0.935454,0.822057,0.684981,0.584385,0.666356,0.745221,0.823159,0.633643,0.354602,0.994970
2.923830,0.870166,0.651350,0.483912,0.552076,0.655821,0.668976,0.681939,0.689336,0.877860,0.623642,0.636808,0.600795,0.587629,0.501575,0.276708,0.249318,0.244144,0.322194,0.517435,0.559775,0.341805,0.572977,0.619382,0.607468,0.578298,0.268685,0.236180,0.148029,0.136282,0.917803,0.823665,0.693555,0.642531,0.710251,0.756437,0.822155,0.591767,0.194177,0.992649
2.932160,0.874657,0.654036,0.524936,0.593957,0.687666,0.700302,0.709887,0.715667,0.887452,0.664433,0.674545,0.642509,0.634052,0.563833,0.416756,0.406318,0.372808,0.413556,0.623089,0.637710,0.459691,0.633043,0.661724,0.617951,0.562931,0.283896,0.313626,0.096009,0.061580,0.909727,0.838342,0.719311,0.713823,0.769569,0.795602,0.843567,0.551629,0.143736,0.994567
2.940490,0.889258,0.679641,0.593205,0.655759,0.736107,0.747886,0.753224,0.756959,0.905436,0.722439,0.729237,0.701690,0.698351,0.644668,0.554357,0.552758,0.509053,0.526827,0.727173,0.719217,0.591923,0.718579,0.730291,0.660698,0.572219,0.379109,0.434853,0.262929,0.262402,0.912708,0.864655,0.758886,0.786088,0.833840,0.854223,0.882442,0.517307,0.298216,1.000586
2.948820,0.911828,0.722555,0.673843,0.725837,0.793091,0.803975,0.804960,0.806581,0.929687,0.788158,0.791934,0.768650,0.769759,0.730077,0.678834,0.682338,0.636337,0.640630,0.820003,0.794628,0.716703,0.810164,0.808428,0.720489,0.603009,0.502546,0.561959,0.439036,0.451724,0.926533,0.899167,0.806524,0.851971,0.894989,0.919744,0.929224,0.489683,0.482541,1.010097
2.957150,0.939921,0.776292,0.755222,0.793785,0.850233,0.860363,0.857472,0.857201,0.957197,0.852359,0.853704,0.833981,0.838433,0.809194,0.784387,0.791713,0.748327,0.744672,0.898456,0.859880,0.825461,0.896504,0.885207,0.787657,0.649814,0.629468,0.682077,0.602994,0.624098,0.949857,0.936949,0.855493,0.909257,0.948971,0.983718,0.977140,0.471872,0.653441,1.022176
2.965480,0.970484,0.834015,0.829582,0.852930,0.901522,0.911101,0.905136,0.903369,0.985078,0.908740,0.908328,0.891137,0.897961,0.875767,0.868289,0.879094,0.841342,0.833343,0.961493,0.913243,0.913365,0.969761,0.952466,0.852803,0.705374,0.745464,0.787195,0.744723,0.771748,0.979993,0.973561,0.900491,0.957395,0.993787,1.039399,1.020791,0.470802,0.799695,1.035635
2.973810,1.000721,0.890497,0.892647,0.900326,0.943788,0.952982,0.944887,0.942089,1.011044,0.954094,0.952592,0.936946,0.945259,0.927249,0.930068,0.944145,0.913572,0.903880,1.008782,0.954008,0.979269,1.026870,1.006644,0.910078,0.764058,0.842452,0.872509,0.857392,0.888118,1.013917,1.005826,0.938226,0.995866,1.028433,1.083524,1.057585,0.495582,0.913832,1.049268
2.982140,1.028339,0.942220,0.942526,0.935494,0.975881,0.984777,0.975494,0.972129,1.033358,0.987350,0.985378,0.970424,0.979464,0.963393,0.970669,0.987451,0.964598,0.955397,1.039955,0.981706,1.023727,1.067243,1.046739,0.957058,0.822299,0.916513,0.935744,0.937634,0.969493,1.048868,1.031813,0.967046,1.023531,1.052218,1.115017,1.086681,0.550343,0.991380,1.061947
2.990470,1.051032,0.986003,0.977839,0.958342,0.997061,1.005682,0.996080,0.992578,1.050285,1.007923,1.006038,0.991061,1.000180,0.984309,0.990997,1.009537,0.994350,0.987430,1.054049,0.995311,1.047524,1.091204,1.072731,0.992348,0.876998,0.966197,0.976106,0.984927,1.015087,1.081948,1.050086,0.985859,1.038397,1.063953,1.133851,1.107904,0.628977,1.030995,1.072447
2.998800,1.066159,1.017986,0.996742,0.968173,1.006289,1.014647,1.005487,1.002219,1.059967,1.015025,1.013704,0.998096,1.006743,0.989651,0.991443,1.010678,1.002452,0.999138,1.050027,0.993952,1.052214,1.100168,1.085872,1.016258,0.923744,0.990261,0.992754,0.999277,1.024948,1.109694,1.059405,0.993683,1.038514,1.062765,1.141027,1.121724,0.717527,1.032736,1.079415
3.007130,1.070760,1.033259,0.996100,0.962977,1.001700,1.009863,1.001831,0.999131,1.060419,1.007000,1.006671,0.989851,0.997486,0.977706,0.970287,0.988946,0.986690,0.988039,1.025710,0.975920,1.036045,1.092435,1.083958,1.026035,0.956208,0.986416,0.983432,0.979937,0.998643,1.128019,1.058428,0.989160,1.021486,1.047263,1.135380,1.126289,0.799400,0.996653,1.081462
3.015460,1.062730,1.027641,0.973377,0.941015,0.981956,0.990075,0.983788,0.981951,1.050476,0.982746,0.983789,0.965177,0.971256,0.947152,0.926232,0.943121,0.945450,0.952236,0.979828,0.940239,0.998802,1.068473,1.067755,1.023937,0.968028,0.952923,0.946442,0.926537,0.936243,1.133407,1.046518,0.971575,0.986043,1.016769,1.117285,1.121372,0.859799,0.923436,1.077711
3.023790,1.041398,0.998331,0.926685,0.900978,0.946369,0.954691,0.950752,0.950067,1.030074,0.941695,0.944484,0.923443,0.927363,0.896920,0.857587,0.871525,0.876923,0.889917,0.911754,0.886670,0.939225,1.027399,1.036146,1.008039,0.953696,0.888301,0.880116,0.838777,0.837839,1.123551,1.023690,0.940791,0.932121,0.971489,1.086343,1.105602,0.887477,0.813798,1.068066
3.032120,1.008409,0.945490,0.856067,0.843014,0.895737,0.904579,0.903620,0.904387,1.000750,0.884675,0.889600,0.865415,0.866492,0.827206,0.763200,0.772960,0.780118,0.800476,0.822288,0.816357,0.856405,0.968715,0.988376,0.977254,0.910632,0.792571,0.783937,0.717470,0.704505,1.098437,0.990966,0.897832,0.861507,0.913066,1.042511,1.077786,0.876834,0.669290,1.053515
3.040450,0.967556,0.873074,0.764568,0.769431,0.832759,0.842460,0.845130,0.847657,0.965485,0.814420,0.821876,0.793795,0.791308,0.740299,0.643890,0.648727,0.656675,0.686011,0.716633,0.734234,0.752201,0.894448,0.925865,0.931887,0.841027,0.669658,0.660783,0.568301,0.542895,1.060801,0.950434,0.845124,0.780256,0.846509,0.987869,1.038448,0.829330,0.498224,1.035899
3.048780,0.923931,0.788607,0.658794,0.685403,0.762442,0.773296,0.780133,0.784672,0.928205,0.736196,0.746510,0.714127,0.707201,0.641534,0.503011,0.503576,0.511301,0.551903,0.606774,0.650532,0.633300,0.810977,0.853857,0.874944,0.751859,0.527358,0.516992,0.401521,0.365179,1.015545,0.905317,0.786789,0.700005,0.780957,0.927880,0.991116,0.752956,0.318373,1.017414
3.057110,0.884020,0.703689,0.550215,0.600110,0.692945,0.705111,0.716326,0.722953,0.893785,0.658854,0.672126,0.635625,0.623501,0.540876,0.345032,0.343570,0.349657,0.406981,0.510775,0.579090,0.510387,0.727521,0.780000,0.811446,0.654277,0.376396,0.360516,0.224413,0.177271,0.969471,0.860408,0.729275,0.635437,0.727441,0.869652,0.941317,0.658959,0.152247,1.000563
3.065440,0.855966,0.635927,0.461110,0.530412,0.637725,0.651034,0.665956,0.674318,0.868544,0.597656,0.613308,0.573789,0.556957,0.458672,0.177660,0.176339,0.181868,0.273592,0.450514,0.533532,0.399140,0.654770,0.713545,0.747560,0.565540,0.245786,0.211439,0.072727,0.025374,0.931564,0.823143,0.682955,0.599051,0.694777,0.820548,0.895906,0.558687,0.138311,0.988333
3.073770,0.844909,0.601892,0.422507,0.497695,0.611512,0.625282,0.641920,0.651063,0.857410,0.570079,0.586414,0.546332,0.527797,0.424421,0.079150,0.086625,0.096032,0.218645,0.450956,0.527743,0.336110,0.608728,0.667409,0.692292,0.505324,0.220308,0.162847,0.192030,0.223844,0.908752,0.801149,0.658739,0.600895,0.690557,0.790048,0.863189,0.460332,0.307063,0.982627
3.082100,0.849400,0.604946,0.448087,0.512201,0.619957,0.633198,0.648845,0.657501,0.860538,0.582960,0.597730,0.560141,0.544371,0.452607,0.222839,0.236175,0.235517,0.295204,0.517524,0.567839,0.370492,0.610502,0.659399,0.661102,0.483487,0.319847,0.275764,0.369020,0.410083,0.901447,0.797501,0.660795,0.642904,0.718599,0.790232,0.853411,0.368701,0.483756,0.983026
3.090430,0.868047,0.643198,0.525103,0.569095,0.660628,0.672521,0.684747,0.691775,0.876673,0.632291,0.643852,0.610956,0.601071,0.530759,0.396410,0.413152,0.406484,0.432414,0.621858,0.640498,0.483132,0.663473,0.695270,0.665268,0.505464,0.457911,0.428321,0.529615,0.571888,0.909893,0.812726,0.688373,0.711354,0.771883,0.823773,0.870074,0.307684,0.635569,0.989080
3.098760,0.899233,0.709540,0.628148,0.651916,0.723969,0.734210,0.741671,0.746419,0.903475,0.705507,0.713416,0.685838,0.682302,0.633041,0.558170,0.576252,0.565684,0.576308,0.733501,0.725244,0.618951,0.747372,0.761140,0.705218,0.568151,0.592620,0.574055,0.662173,0.701019,0.934177,0.844550,0.735902,0.787735,0.837139,0.880351,0.906414,0.327426,0.751524,1.000323
3.107090,0.940566,0.794443,0.739528,0.744821,0.798960,0.807702,0.810013,0.812276,0.938006,0.789879,0.794385,0.771874,0.773688,0.741355,0.705020,0.723565,0.709881,0.712990,0.839383,0.809807,0.755430,0.845294,0.844034,0.767010,0.660701,0.713446,0.705533,0.763220,0.794847,0.972861,0.888540,0.795892,0.862130,0.904742,0.949607,0.955503,0.436766,0.828229,1.016080
3.115420,0.987029,0.884952,0.844183,0.832805,0.873390,0.881078,0.878651,0.878618,0.975768,0.872165,0.873902,0.855540,0.861190,0.840568,0.828132,0.846155,0.831157,0.831474,0.929895,0.884915,0.872666,0.936400,0.924377,0.836202,0.766976,0.813246,0.815431,0.829919,0.851112,1.021416,0.937957,0.858875,0.927361,0.966739,1.016710,1.005321,0.588066,0.863631,1.034740
3.123750,1.030609,0.965899,0.929353,0.903595,0.935771,0.942918,0.936761,0.934925,1.010615,0.940371,0.940113,0.924498,0.932706,0.919101,0.921529,0.939737,0.923426,0.923206,1.001266,0.946164,0.966271,1.014346,0.995837,0.904743,0.867860,0.885001,0.896974,0.859661,0.867738,1.070811,0.983953,0.914447,0.980758,1.018839,1.075915,1.051497,0.738479,0.856324,1.053254
3.132080,1.065722,1.028330,0.990621,0.954051,0.982413,0.989445,0.980725,0.977657,1.039443,0.990859,0.989335,0.975228,0.984889,0.974530,0.984896,1.003633,0.985849,0.986404,1.052763,0.992148,1.032036,1.072105,1.050749,0.962734,0.950435,0.927465,0.949107,0.855582,0.848595,1.114089,1.022167,0.958363,1.021891,1.059229,1.120846,1.089014,0.862670,0.810949,1.069411
3.140410,1.088556,1.067229,1.027199,0.984968,1.012934,1.020121,1.009989,1.006251,1.060387,1.023388,1.021246,1.007661,1.017886,1.008019,1.020895,1.040088,1.020189,1.022147,1.085427,1.023142,1.071426,1.109413,1.088411,1.007784,1.006250,0.941589,0.973172,0.822570,0.799298,1.145967,1.050341,0.989051,1.051104,1.087559,1.150381,1.117177,0.946443,0.733809,1.081426
3.148740,1.097511,1.081327,1.040179,0.998329,1.028072,1.035530,1.025027,1.021126,1.072288,1.038860,1.036655,1.022836,1.032939,1.021673,1.032684,1.051826,1.028837,1.032483,1.100033,1.039395,1.087015,1.127655,1.109635,1.038905,1.031739,0.929471,0.971351,0.765709,0.725565,1.163556,1.067360,1.006125,1.068018,1.103548,1.165094,1.136228,0.985566,0.630901,1.088141
3.157070,1.093307,1.072733,1.031564,0.995729,1.028599,1.036360,1.026373,1.022737,1.074654,1.038211,1.036426,1.021764,1.031182,1.017088,1.022236,1.040421,1.013754,1.019449,1.096374,1.040558,1.080392,1.127986,1.115223,1.056314,1.028512,0.894756,0.946380,0.691481,0.634851,1.166772,1.072972,1.009782,1.071358,1.106608,1.165747,1.146193,0.984660,0.509993,1.089248
3.165400,1.078140,1.045497,1.003750,0.978195,1.015168,1.023253,1.014500,1.011476,1.067601,1.022283,1.021340,1.005303,1.013539,0.995362,0.990854,1.007114,0.976815,0.985110,1.073793,1.025817,1.053326,1.111793,1.106195,1.059784,1.001796,0.842410,0.901544,0.608141,0.537001,1.157417,1.067528,1.000560,1.059479,1.095783,1.153491,1.146952,0.953833,0.382029,1.085126
3.173730,1.054367,1.003434,0.958552,0.946122,0.988246,0.996707,0.989792,0.987669,1.051694,0.991668,0.991959,0.974021,0.980574,0.956934,0.938607,0.951905,0.919002,0.930748,1.031184,0.994255,1.005720,1.078824,1.081922,1.050726,0.957344,0.777639,0.839773,0.526027,0.445487,1.137732,1.051729,0.979108,1.030783,1.070290,1.128104,1.136934,0.902771,0.266881,1.076467
3.182060,1.023784,0.948941,0.897122,0.899721,0.948383,0.957329,0.952809,0.951853,1.027901,0.946975,0.948891,0.928480,0.932810,0.902048,0.865194,0.874639,0.840923,0.857154,0.968179,0.945670,0.937718,1.029486,1.042506,1.027864,0.898837,0.705196,0.763590,0.457284,0.377881,1.109482,1.026519,0.946229,0.984715,1.030124,1.090307,1.115449,0.835578,0.207230,1.064042
3.190390,0.987781,0.882954,0.819847,0.839191,0.896312,0.905911,0.904378,0.904875,0.997614,0.888912,0.892873,0.869333,0.870816,0.830834,0.769500,0.774223,0.741934,0.764062,0.884859,0.880499,0.848752,0.963741,0.987515,0.990125,0.826339,0.627336,0.673645,0.412271,0.350337,1.073853,0.992901,0.902830,0.921759,0.976131,1.040597,1.081469,0.748753,0.244453,1.048698
3.198720,0.948446,0.807514,0.728237,0.765816,0.833769,0.844218,0.846318,0.848577,0.962958,0.819184,0.825637,0.798245,0.796194,0.744460,0.651045,0.650459,0.621898,0.651957,0.784028,0.801615,0.740013,0.883640,0.918485,0.937718,0.739568,0.546354,0.570872,0.397201,0.366804,1.032775,0.952336,0.850524,0.845296,0.911441,0.981286,1.035874,0.636547,0.337890,1.031599
3.207050,0.909730,0.729138,0.627630,0.683663,0.764743,0.776206,0.782527,0.786826,0.927139,0.741927,0.751291,0.719585,0.713133,0.646910,0.511001,0.505243,0.482704,0.524199,0.673332,0.715856,0.616746,0.795376,0.840757,0.873646,0.642938,0.467619,0.459154,0.408696,0.411102,0.990372,0.907398,0.792569,0.763090,0.842567,0.917871,0.982825,0.499297,0.436946,1.014444
3.215380,0.878112,0.661867,0.531147,0.601936,0.697170,0.709653,0.720463,0.726906,0.894833,0.665677,0.678174,0.642278,0.630647,0.547892,0.353194,0.343232,0.330378,0.391091,0.566833,0.634341,0.490247,0.709477,0.763326,0.803824,0.551447,0.404091,0.350483,0.437218,0.463469,0.953851,0.862671,0.735106,0.687282,0.778885,0.858385,0.929266,0.354650,0.520589,0.999620
3.223710,0.861482,0.626163,0.463816,0.537482,0.644095,0.657257,0.671961,0.680233,0.872041,0.605169,0.620378,0.581319,0.564952,0.467375,0.185836,0.170884,0.182813,0.281105,0.484748,0.570733,0.380423,0.639802,0.698383,0.736897,0.493915,0.376881,0.275088,0.474266,0.512640,0.932305,0.825218,0.688020,0.631687,0.730411,0.812151,0.884300,0.264866,0.582271,0.989955
3.232040,0.864660,0.636726,0.455470,0.512249,0.620862,0.633878,0.650475,0.659616,0.863892,0.578728,0.595049,0.555271,0.537160,0.435810,0.090389,0.077465,0.144343,0.261065,0.456666,0.542164,0.331145,0.604372,0.660543,0.683309,0.500022,0.400182,0.281683,0.511211,0.550476,0.931868,0.803164,0.662974,0.611307,0.707565,0.789307,0.857035,0.323034,0.617089,0.987431
3.240370,0.884995,0.686201,0.508292,0.536381,0.634502,0.646399,0.661998,0.670653,0.871119,0.595234,0.610336,0.572978,0.557671,0.469168,0.231273,0.238070,0.273824,0.349522,0.501493,0.561993,0.384743,0.620523,0.664917,0.658615,0.564466,0.458637,0.362563,0.536465,0.567115,0.950482,0.801148,0.666250,0.635428,0.718464,0.799267,0.855536,0.468423,0.617951,0.991761
3.248700,0.915136,0.753152,0.594585,0.598925,0.679317,0.689593,0.701748,0.708765,0.890666,0.647689,0.659837,0.627035,0.617448,0.550106,0.403661,0.415928,0.429068,0.477592,0.597308,0.623084,0.506528,0.684744,0.711820,0.671801,0.652711,0.525863,0.466384,0.542175,0.556798,0.980438,0.818801,0.695871,0.695035,0.760281,0.841020,0.879942,0.612089,0.581430,1.001101
3.257030,0.947388,0.818582,0.686616,0.678424,0.741355,0.750168,0.757702,0.762505,0.917549,0.719294,0.727944,0.700223,0.696588,0.648821,0.560664,0.574573,0.569717,0.602532,0.707987,0.703821,0.641211,0.772374,0.782752,0.719242,0.735300,0.584866,0.563595,0.527514,0.520780,1.013330,0.851226,0.743182,0.769502,0.820083,0.901231,0.920410,0.720671,0.510322,1.013102
3.265360,0.977376,0.874537,0.771824,0.758871,0.808084,0.815929,0.818630,0.821097,0.947433,0.795774,0.801054,0.778102,0.779407,0.746755,0.697787,0.711941,0.691562,0.713735,0.813249,0.786863,0.767852,0.865448,0.863134,0.782797,0.800665,0.632556,0.648041,0.499636,0.467966,1.044272,0.892033,0.798738,0.843431,0.885200,0.967924,0.969204,0.789008,0.412816,1.026013
3.273690,1.001823,0.916633,0.840624,0.826806,0.867316,0.874761,0.873241,0.873655,0.975394,0.863458,0.865961,0.846781,0.851589,0.828935,0.805937,0.819974,0.787089,0.801966,0.901180,0.860532,0.872243,0.948516,0.937812,0.850933,0.845007,0.666636,0.713644,0.467177,0.410373,1.069839,0.933013,0.851703,0.906826,0.945720,1.029650,1.016552,0.821796,0.300821,1.038029
3.282020,1.020488,0.946321,0.891706,0.877807,0.913989,0.921463,0.916673,0.915497,0.999127,0.916682,0.917122,0.900450,0.907598,0.890709,0.884512,0.898863,0.856956,0.866870,0.968237,0.919642,0.950771,1.015011,1.000350,0.914640,0.872360,0.691630,0.762279,0.445499,0.369940,1.089850,0.969120,0.896267,0.956318,0.996373,1.080167,1.058416,0.829948,0.204591,1.048427
3.290350,1.033969,0.965805,0.926681,0.912778,0.947890,0.955639,0.948617,0.946359,1.018191,0.955027,0.954130,0.938849,0.947326,0.932915,0.935949,0.950771,0.903784,0.910679,1.015106,0.963247,1.002388,1.060636,1.045210,0.965085,0.887293,0.712744,0.797318,0.450145,0.371921,1.104940,0.998460,0.930737,0.992352,1.035304,1.115235,1.091038,0.820973,0.199817,1.057039
3.298680,1.042432,0.976015,0.947753,0.934610,0.970723,0.978832,0.970549,0.967684,1.032671,0.980298,0.978713,0.963946,0.972955,0.958714,0.964932,0.980024,0.931358,0.936665,1.044780,0.992822,1.030402,1.086903,1.073454,1.002476,0.891646,0.733171,0.821842,0.486809,0.423692,1.115166,1.020714,0.955413,1.017303,1.062923,1.135226,1.114579,0.795249,0.302049,1.063698
3.307010,1.045758,0.977255,0.956513,0.945611,0.983862,0.992305,0.983617,0.980564,1.042394,0.994070,0.992356,0.977429,0.986354,0.970721,0.975317,0.990170,0.942669,0.947367,1.059840,1.010039,1.037918,1.095619,1.086159,1.026139,0.885618,0.754389,0.838048,0.549022,0.508923,1.120251,1.035787,0.970777,1.033005,1.080094,1.141268,1.128961,0.749900,0.437350,1.068118
3.315340,1.044149,0.970418,0.953920,0.946790,0.987721,0.996417,0.988062,0.985181,1.046870,0.996960,0.995597,0.979973,0.988320,0.970180,0.969171,0.983090,0.939245,0.944113,1.061232,1.015514,1.026721,1.088035,1.084088,1.036652,0.869907,0.775794,0.846641,0.624285,0.606881,1.120282,1.043356,0.976880,1.039633,1.087009,1.134300,1.133537,0.685276,0.572422,1.070042
3.323670,1.038603,0.957783,0.940751,0.938236,0.982168,0.991035,0.983645,0.981245,1.045727,0.988989,0.988410,0.971607,0.978929,0.957282,0.946859,0.959050,0.921234,0.927257,1.048344,1.008740,0.997707,1.064917,1.067650,1.033518,0.847981,0.794966,0.846803,0.699934,0.701853,1.116347,1.043202,0.973637,1.035909,1.083100,1.115161,1.127489,0.611511,0.694261,1.069492
3.332000,1.030602,0.942434,0.917828,0.919753,0.967033,0.976013,0.970144,0.968490,1.038935,0.970087,0.970701,0.952238,0.958081,0.931818,0.907694,0.917159,0.888014,0.896683,1.019233,0.988033,0.950229,1.025603,1.035775,1.017569,0.825885,0.808758,0.837015,0.765847,0.782926,1.110164,1.035372,0.961085,1.019404,1.066861,1.083307,1.108733,0.550959,0.794675,1.066749
3.340330,1.021185,0.926459,0.885551,0.891013,0.942242,0.951325,0.947490,0.946832,1.026753,0.940218,0.942437,0.921793,0.925656,0.893404,0.850425,0.856038,0.838377,0.851778,0.972012,0.951981,0.883649,0.970209,0.988428,0.987310,0.809516,0.812871,0.814822,0.813014,0.840824,1.103028,1.020205,0.939446,0.987931,1.037213,1.039399,1.076921,0.531475,0.865931,1.062129
3.348660,1.010236,0.909426,0.843604,0.851732,0.907913,0.917147,0.915853,0.916436,1.009602,0.899557,0.903797,0.880398,0.881731,0.841791,0.773658,0.774122,0.770773,0.791533,0.905176,0.899589,0.797453,0.899274,0.925928,0.942081,0.800751,0.802156,0.777089,0.833629,0.867701,1.094842,0.998185,0.909141,0.939966,0.993613,0.984529,1.032260,0.563265,0.901147,1.055766
3.356990,0.996382,0.888061,0.791041,0.801897,0.864513,0.874013,0.875766,0.877830,0.988014,0.848727,0.855380,0.828636,0.826865,0.777267,0.676647,0.670715,0.683983,0.715019,0.819366,0.831803,0.693063,0.815975,0.851220,0.883128,0.795380,0.771277,0.720617,0.821270,0.857300,1.083902,0.969970,0.870922,0.876357,0.937369,0.922073,0.977647,0.625427,0.894829,1.047559
3.365320,0.977614,0.857355,0.726611,0.742004,0.813032,0.822985,0.828256,0.832025,0.962653,0.789042,0.798430,0.767822,0.762376,0.700967,0.559164,0.545851,0.576966,0.621444,0.718387,0.752406,0.574716,0.727330,0.770942,0.814496,0.783975,0.714943,0.642140,0.770833,0.804887,1.067535,0.936420,0.826021,0.801241,0.872469,0.858425,0.919266,0.684457,0.843210,1.037291
3.373650,0.952967,0.813891,0.650975,0.674503,0.756115,0.766759,0.775859,0.781473,0.934858,0.723816,0.736089,0.701511,0.691767,0.616554,0.422477,0.401200,0.450181,0.512048,0.611525,0.669479,0.452425,0.645343,0.695814,0.743480,0.757025,0.630074,0.540197,0.679991,0.708669,1.043972,0.899255,0.777037,0.723575,0.806414,0.802839,0.865890,0.715170,0.745644,1.025104
3.381980,0.924358,0.759836,0.570430,0.606221,0.699803,0.711339,0.724159,0.731543,0.907413,0.660304,0.675223,0.637153,0.622935,0.533267,0.270679,0.239860,0.307837,0.394111,0.515386,0.595408,0.346838,0.586848,0.640715,0.679759,0.711082,0.518619,0.417948,0.550937,0.571643,1.014476,0.861996,0.729178,0.656596,0.749149,0.766597,0.828530,0.707761,0.606812,1.012040
3.390310,0.897576,0.706088,0.502541,0.552096,0.655785,0.668180,0.683645,0.692267,0.885224,0.612477,0.628971,0.588951,0.571531,0.471574,0.128542,0.077098,0.172257,0.293833,0.455895,0.546395,0.300596,0.567547,0.618081,0.634349,0.653492,0.392105,0.290673,0.391642,0.403065,0.984628,0.831167,0.691901,0.615878,0.711659,0.757215,0.813562,0.668152,0.439899,1.000353
3.398640,0.879504,0.668245,0.472368,0.530803,0.637233,0.650037,0.665881,0.674667,0.873165,0.595898,0.611922,0.572666,0.555417,0.457273,0.152237,0.141521,0.153742,0.268929,0.461879,0.539329,0.353056,0.596878,0.636177,0.619162,0.599236,0.277397,0.205294,0.208757,0.209616,0.961644,0.813950,0.675330,0.615353,0.703863,0.778690,0.823943,0.610594,0.264028,0.992443
3.406970,0.874794,0.659316,0.496550,0.553097,0.651427,0.663875,0.677275,0.684896,0.873766,0.618049,0.631375,0.595788,0.582744,0.500477,0.313521,0.323633,0.291216,0.348708,0.536196,0.580678,0.473881,0.667511,0.690495,0.640472,0.565805,0.247641,0.252301,0.052432,0.019288,0.950976,0.814990,0.684976,0.658187,0.730327,0.827203,0.855893,0.549097,0.157640,0.989764
3.415300,0.883739,0.681389,0.566323,0.612885,0.695342,0.706812,0.715562,0.720964,0.886580,0.673312,0.682668,0.652442,0.645766,0.585127,0.483437,0.500969,0.456342,0.479392,0.648493,0.657130,0.616723,0.763166,0.770372,0.696027,0.563532,0.344552,0.391067,0.231205,0.236718,0.953830,0.834735,0.719208,0.730751,0.784660,0.894336,0.904501,0.491119,0.288716,0.992427
3.423630,0.905356,0.729634,0.662034,0.696008,0.760846,0.771151,0.774186,0.776835,0.910613,0.750672,0.755908,0.731331,0.730914,0.689858,0.641727,0.661021,0.614453,0.619765,0.765985,0.745720,0.751385,0.860294,0.855147,0.764974,0.592961,0.491323,0.545761,0.436553,0.453595,0.970118,0.871555,0.773030,0.811547,0.851850,0.964352,0.958291,0.443327,0.491357,1.000456
3.431960,0.936567,0.794778,0.762824,0.782885,0.832837,0.842151,0.839744,0.839745,0.941354,0.832614,0.834437,0.814725,0.819034,0.792316,0.777110,0.796764,0.753517,0.749381,0.872925,0.831965,0.867886,0.948766,0.935194,0.838168,0.648048,0.643600,0.692035,0.627418,0.651860,0.997681,0.917590,0.834465,0.887625,0.920589,1.029348,1.011043,0.421728,0.684590,1.012732
3.440290,0.973710,0.867944,0.855803,0.860169,0.899425,0.908044,0.901197,0.899033,0.974137,0.906403,0.905775,0.889535,0.897044,0.879542,0.883797,0.903758,0.867586,0.858974,0.960480,0.906335,0.958746,1.019541,1.001225,0.904652,0.721223,0.782228,0.818981,0.791721,0.821023,1.033559,0.964604,0.893091,0.951145,0.982461,1.081845,1.057010,0.453160,0.849940,1.027817
3.448620,1.013896,0.943104,0.935524,0.922588,0.955150,0.963332,0.953321,0.949618,1.006183,0.966529,0.964394,0.950216,0.959664,0.947249,0.961369,0.981855,0.955220,0.945760,1.026460,0.965081,1.023030,1.070443,1.050803,0.960087,0.806747,0.898171,0.921534,0.920618,0.952104,1.075316,1.007394,0.943314,0.999955,1.033232,1.119518,1.094353,0.547643,0.976206,1.044628
3.456950,1.053663,1.014439,0.999807,0.969541,0.998431,1.006309,0.994441,0.989843,1.035506,1.011637,1.008834,0.995582,1.005954,0.995690,1.012914,1.034154,1.017862,1.010073,1.073115,1.008713,1.063000,1.102110,1.083730,1.002016,0.897493,0.987970,0.998562,1.010954,1.041546,1.119514,1.042929,0.982633,1.035937,1.072349,1.142473,1.122009,0.681930,1.058491,1.061838
3.465280,1.088313,1.074697,1.046620,1.001546,1.028846,1.036451,1.023960,1.019075,1.060076,1.041658,1.038890,1.025699,1.036223,1.026148,1.041580,1.063377,1.056823,1.052266,1.102955,1.038674,1.081009,1.115994,1.100714,1.030057,0.983043,1.049532,1.049564,1.062525,1.089074,1.161085,1.069321,1.009896,1.061265,1.100415,1.151812,1.139285,0.821702,1.096201,1.077602
3.473610,1.111793,1.115012,1.072357,1.017672,1.044879,1.052212,1.040216,1.035588,1.076865,1.055492,1.053326,1.039537,1.049624,1.038429,1.048841,1.070871,1.071830,1.071010,1.117450,1.056031,1.079157,1.113689,1.102829,1.043823,1.050089,1.079880,1.072807,1.075567,1.095291,1.193139,1.084425,1.023513,1.076964,1.117995,1.148933,1.145762,0.937578,1.090568,1.089301
3.481940,1.118744,1.127641,1.072859,1.015733,1.044248,1.051355,1.040828,1.036928,1.082645,1.051255,1.050149,1.035209,1.044358,1.030920,1.033819,1.055564,1.060778,1.063544,1.115620,1.059922,1.056824,1.094635,1.089177,1.044752,1.086384,1.075407,1.065376,1.049558,1.060235,1.209176,1.086308,1.021762,1.081803,1.124220,1.133212,1.139484,1.009756,1.042606,1.094365
3.490270,1.106890,1.109050,1.045641,0.993824,1.025336,1.032363,1.024113,1.021328,1.075479,1.027634,1.027976,1.011340,1.019045,1.002040,0.994861,1.015739,1.021645,1.027692,1.095596,1.048879,1.013069,1.058651,1.059653,1.031537,1.084926,1.034085,1.025242,0.984459,0.984425,1.205713,1.074293,1.003842,1.073607,1.117807,1.104841,1.120159,1.029822,0.953686,1.091431
3.498600,1.077857,1.060930,0.990925,0.951433,0.988093,0.995283,0.989977,0.988620,1.055493,0.984719,0.986883,0.967939,0.973620,0.951260,0.930435,0.949726,0.953387,0.962830,1.054981,1.020882,0.946684,1.005154,1.013623,1.003129,1.045616,0.956676,0.952313,0.881650,0.869536,1.183214,1.049248,0.970370,1.049659,1.097021,1.063648,1.087183,1.000683,0.825790,1.080852
3.506930,1.036353,0.989238,0.911605,0.889836,0.934278,0.941946,0.940169,0.940519,1.024898,0.924263,0.928649,0.906674,0.909644,0.879545,0.839776,0.856626,0.856416,0.870223,0.991944,0.974399,0.857296,0.934629,0.951537,0.959086,0.974353,0.847185,0.848849,0.744924,0.719370,1.145541,1.013322,0.923397,1.007793,1.060588,1.010477,1.041278,0.933036,0.662405,1.064465
3.515260,0.987764,0.901197,0.812057,0.811680,0.866960,0.875453,0.877764,0.880084,0.987062,0.849302,0.856333,0.830510,0.829991,0.789202,0.723362,0.737250,0.732870,0.752715,0.906811,0.909782,0.747253,0.850706,0.876818,0.901155,0.879625,0.712775,0.719566,0.583228,0.543816,1.097754,0.969230,0.865917,0.947893,1.008955,0.948855,0.985858,0.838559,0.474414,1.044608
3.523590,0.936123,0.802499,0.696981,0.720630,0.790048,0.799723,0.806622,0.811150,0.945404,0.763891,0.773964,0.743565,0.738672,0.683836,0.583566,0.595691,0.586812,0.614333,0.804808,0.831426,0.624883,0.762809,0.797892,0.834957,0.767970,0.561963,0.570889,0.409560,0.358108,1.043882,0.919792,0.801514,0.874234,0.946077,0.886593,0.928031,0.722643,0.282418,1.023196
3.531920,0.885686,0.699309,0.572458,0.622666,0.709549,0.720758,0.732504,0.739351,0.903763,0.674622,0.687988,0.652860,0.642379,0.569684,0.422272,0.436585,0.420748,0.458702,0.695371,0.747051,0.503056,0.684524,0.727275,0.769110,0.642699,0.400578,0.406547,0.230689,0.167927,0.987856,0.868878,0.735550,0.795032,0.878768,0.834158,0.877970,0.581890,0.109576,1.002118
3.540250,0.844256,0.606614,0.454441,0.531285,0.637269,0.650208,0.666246,0.675123,0.867911,0.594942,0.611294,0.572020,0.555414,0.462127,0.240655,0.266949,0.236189,0.295159,0.592925,0.667485,0.402908,0.630341,0.677176,0.712152,0.513172,0.244153,0.233252,0.080619,0.043569,0.937098,0.823481,0.677915,0.721915,0.816006,0.800778,0.844158,0.413078,0.146457,0.984214
3.548580,0.823589,0.555613,0.385416,0.475598,0.594641,0.608904,0.626768,0.636508,0.846269,0.550124,0.567653,0.526571,0.506302,0.399034,0.051002,0.131186,0.055834,0.179330,0.520471,0.607177,0.362343,0.613314,0.657878,0.673323,0.413758,0.181718,0.120191,0.194858,0.238010,0.904000,0.795138,0.645103,0.669591,0.767930,0.792626,0.831687,0.236657,0.330737,0.973441
3.556910,0.830239,0.572740,0.411860,0.484518,0.599496,0.613813,0.629418,0.638119,0.844128,0.560936,0.576499,0.537659,0.519772,0.420473,0.174314,0.217718,0.190768,0.249155,0.514318,0.588574,0.417845,0.643885,0.677596,0.664597,0.404607,0.301492,0.243820,0.380036,0.429107,0.897587,0.792690,0.649224,0.658402,0.748967,0.814494,0.842903,0.197977,0.510002,0.971993
3.565240,0.862449,0.651748,0.517666,0.556489,0.651554,0.664572,0.674498,0.680534,0.861462,0.624498,0.635870,0.602387,0.591505,0.516005,0.376931,0.404559,0.392479,0.417964,0.584888,0.623885,0.542948,0.718852,0.736953,0.694817,0.501335,0.473302,0.428005,0.550587,0.596025,0.919499,0.817608,0.689768,0.696925,0.768197,0.865881,0.878316,0.376733,0.660490,0.979830
3.573570,0.913786,0.763907,0.655928,0.666563,0.737587,0.748758,0.751609,0.754255,0.896210,0.723111,0.729897,0.702673,0.699349,0.647638,0.567975,0.588780,0.580748,0.594560,0.696210,0.696788,0.686005,0.813913,0.816808,0.750523,0.648990,0.638353,0.602898,0.693682,0.730666,0.965806,0.866809,0.758773,0.767681,0.817382,0.932506,0.927460,0.583822,0.774405,0.996216
3.581900,0.969174,0.872441,0.784930,0.778310,0.830231,0.839885,0.836405,0.835965,0.938649,0.826329,0.829365,0.807674,0.809938,0.775552,0.730752,0.747311,0.738450,0.746635,0.813870,0.784377,0.817267,0.908208,0.899135,0.818711,0.790277,0.771202,0.746456,0.794925,0.820560,1.021438,0.926089,0.835951,0.848818,0.882294,1.000597,0.979689,0.754227,0.841292,1.016796
3.590230,1.014856,0.954398,0.883288,0.867253,0.907281,0.916073,0.907892,0.905140,0.977826,0.911384,0.911691,0.894011,0.900002,0.876803,0.855519,0.870228,0.856752,0.860987,0.916829,0.868071,0.924110,0.990466,0.973884,0.888526,0.895811,0.859332,0.848212,0.845093,0.857323,1.070877,0.979955,0.902927,0.923107,0.948738,1.061644,1.029111,0.867291,0.853916,1.036267
3.598560,1.044609,1.003190,0.945149,0.924523,0.959234,0.967756,0.956730,0.952572,1.007607,0.968709,0.967269,0.951945,0.960202,0.943205,0.938118,0.952907,0.932739,0.934042,0.993787,0.935738,0.998548,1.051376,1.031572,0.948668,0.957721,0.900618,0.905801,0.843894,0.841051,1.106129,1.019551,0.950434,0.980137,1.005919,1.107980,1.069758,0.922503,0.812672,1.051342
3.606890,1.059917,1.024933,0.977014,0.954583,0.988497,0.997082,0.984865,0.980112,1.027833,1.000856,0.998534,0.984273,0.993629,0.979252,0.984214,1.000188,0.973104,0.972746,1.044062,0.983930,1.042464,1.090123,1.070723,0.995176,0.983822,0.904528,0.927494,0.801940,0.782463,1.127640,1.044236,0.978839,1.018244,1.049226,1.138049,1.100242,0.934447,0.727454,1.061613
3.615220,1.064216,1.027560,0.987271,0.965335,1.000914,1.009650,0.997567,0.992871,1.040189,1.013887,1.011414,0.997270,1.006855,0.992742,1.002117,1.019472,0.986397,0.985784,1.071969,1.014321,1.060429,1.108648,1.092277,1.026848,0.984766,0.882759,0.923404,0.733114,0.695774,1.138321,1.056588,0.991847,1.040700,1.078644,1.152720,1.120317,0.918276,0.611434,1.067687
3.623550,1.059594,1.015378,0.981267,0.962631,1.000997,1.009845,0.998879,0.994724,1.045745,1.012699,1.010655,0.995957,1.005147,0.989815,0.998942,1.017370,0.979194,0.979385,1.082745,1.030363,1.058036,1.110413,1.098832,1.043853,0.966510,0.843942,0.900901,0.649969,0.594568,1.139840,1.059171,0.992833,1.051807,1.096175,1.154351,1.130687,0.879621,0.477770,1.069924
3.631880,1.046384,0.988583,0.960050,0.948430,0.990293,0.999220,0.990083,0.986818,1.044266,0.999233,0.998077,0.982290,0.990582,0.972834,0.977505,0.996166,0.953492,0.955254,1.078540,1.033564,1.036619,1.095859,1.090312,1.048638,0.928703,0.791549,0.862416,0.561722,0.490148,1.131798,1.053204,0.983354,1.053392,1.102760,1.142935,1.130058,0.813916,0.338908,1.068161
3.640210,1.025863,0.948631,0.924583,0.923348,0.969428,0.978455,0.971645,0.969510,1.035740,0.974435,0.974541,0.957186,0.964124,0.942750,0.939010,0.956962,0.910529,0.914522,1.060058,1.024521,0.997294,1.066035,1.067644,1.040876,0.871488,0.729441,0.810239,0.480016,0.398503,1.114725,1.039619,0.964444,1.045626,1.098706,1.119375,1.118537,0.717068,0.219655,1.062638
3.648540,1.001417,0.900779,0.877195,0.888089,0.939231,0.948423,0.944293,0.943457,1.021009,0.939265,0.940977,0.921554,0.926653,0.900183,0.883300,0.899376,0.851020,0.858454,1.025901,1.002049,0.939596,1.020533,1.030203,1.019804,0.799919,0.663550,0.747348,0.421129,0.343996,1.091448,1.019535,0.937260,1.026611,1.082959,1.083512,1.094997,0.594933,0.187044,1.054371
3.656870,0.978168,0.854559,0.822400,0.844386,0.901469,0.910899,0.909715,0.910306,1.001993,0.895463,0.899140,0.877097,0.879813,0.846424,0.809988,0.822642,0.776247,0.789501,0.973666,0.964113,0.862751,0.958952,0.977386,0.984271,0.727727,0.603872,0.678745,0.405814,0.354329,1.067359,0.994569,0.903558,0.993416,1.053790,1.035403,1.058704,0.475130,0.279767,1.045044
3.665200,0.960756,0.820293,0.766048,0.795005,0.858770,0.868486,0.870450,0.872564,0.981097,0.845629,0.851634,0.826401,0.826164,0.783789,0.719394,0.726706,0.688743,0.711557,0.901529,0.909217,0.767122,0.882408,0.910053,0.934057,0.675308,0.562753,0.611506,0.441192,0.424229,1.048350,0.966667,0.865625,0.943665,1.009983,0.976562,1.010429,0.415128,0.415398,1.036319
3.673530,0.950986,0.803350,0.713567,0.743421,0.814285,0.824297,0.829503,0.833188,0.960456,0.793114,0.801748,0.772873,0.769164,0.715823,0.613453,0.613338,0.592819,0.629803,0.810341,0.838174,0.655857,0.795216,0.832030,0.870919,0.658869,0.548681,0.553684,0.509035,0.518794,1.037839,0.937873,0.826128,0.877668,0.952411,0.911209,0.953627,0.457351,0.545956,1.029143
3.681860,0.946303,0.798897,0.666485,0.692459,0.770704,0.781046,0.789413,0.794630,0.941102,0.741248,0.752631,0.720030,0.712396,0.646502,0.494640,0.484585,0.491936,0.547906,0.704244,0.754722,0.534474,0.704957,0.750350,0.800065,0.674321,0.554799,0.507317,0.579719,0.606051,1.034006,0.909856,0.787585,0.799520,0.884688,0.845938,0.894371,0.557611,0.651429,1.023260
3.690190,0.941260,0.794688,0.621846,0.643605,0.729657,0.740441,0.751675,0.758278,0.922827,0.692677,0.706632,0.670585,0.658903,0.579690,0.365194,0.341372,0.387585,0.466963,0.592646,0.666994,0.412431,0.623533,0.675799,0.728088,0.699277,0.562187,0.466176,0.628599,0.664031,1.030762,0.883575,0.751869,0.718536,0.814347,0.790268,0.841649,0.650626,0.718209,1.017487
3.698520,0.932495,0.781998,0.579547,0.601380,0.695138,0.706529,0.719832,0.727434,0.906318,0.653123,0.668922,0.630338,0.615269,0.524245,0.234041,0.184067,0.287008,0.392998,0.492070,0.587247,0.308604,0.564842,0.620039,0.662844,0.713384,0.556315,0.425359,0.643074,0.681888,1.023089,0.861377,0.722899,0.648510,0.751456,0.753038,0.803604,0.704503,0.738973,1.011222
3.706850,0.920855,0.760946,0.546621,0.574839,0.674107,0.686165,0.700022,0.707900,0.893761,0.631536,0.647739,0.608385,0.591866,0.495084,0.150040,0.015792,0.220056,0.344486,0.432287,0.533919,0.268383,0.544572,0.595596,0.614950,0.709381,0.533335,0.388634,0.619786,0.656612,1.010293,0.847136,0.706501,0.607588,0.708741,0.741975,0.786772,0.714447,0.711435,1.005063
3.715180,0.909710,0.738007,0.533796,0.573024,0.672805,0.685348,0.697769,0.704974,0.887539,0.635046,0.649826,0.612006,0.596939,0.504484,0.213542,0.157879,0.238796,0.345970,0.445418,0.526877,0.327720,0.570709,0.609215,0.596084,0.691030,0.497890,0.367755,0.560943,0.590035,0.995224,0.844252,0.707203,0.611295,0.698489,0.760024,0.792942,0.690017,0.636948,1.000199
3.723510,0.901272,0.718634,0.545131,0.596598,0.691241,0.703929,0.713183,0.718883,0.888112,0.662365,0.674293,0.639902,0.628711,0.548957,0.348387,0.325171,0.328349,0.397476,0.526043,0.570370,0.446963,0.638043,0.660154,0.614849,0.664079,0.457233,0.371514,0.471423,0.486611,0.980520,0.852942,0.724399,0.658786,0.724756,0.805477,0.821921,0.641341,0.519712,0.997216
3.731840,0.897286,0.707442,0.579492,0.640904,0.726358,0.738870,0.743847,0.747487,0.895588,0.708346,0.716722,0.686798,0.680631,0.616954,0.489429,0.480070,0.441618,0.479588,0.635758,0.645371,0.578602,0.725393,0.732288,0.661307,0.634198,0.424094,0.403732,0.363515,0.357857,0.968659,0.872320,0.755563,0.730500,0.777435,0.866291,0.864987,0.573017,0.370980,0.996613
3.740170,0.898413,0.706641,0.629181,0.695923,0.770984,0.783140,0.783609,0.785052,0.908717,0.763538,0.768452,0.743041,0.741681,0.692922,0.617133,0.615013,0.553094,0.570639,0.744583,0.729003,0.699346,0.813414,0.808680,0.722764,0.604408,0.411474,0.457798,0.257370,0.218279,0.960917,0.899059,0.794953,0.805833,0.841124,0.929583,0.912402,0.484301,0.197523,0.998448
3.748500,0.905904,0.719895,0.686929,0.752191,0.817577,0.829305,0.825720,0.825170,0.925627,0.818880,0.820919,0.799415,0.801895,0.764951,0.724636,0.727531,0.653925,0.658868,0.839884,0.807767,0.802517,0.893636,0.881233,0.789293,0.582939,0.433129,0.526782,0.213615,0.138717,0.959187,0.928802,0.836170,0.873592,0.904437,0.988598,0.959280,0.387796,0.019415,1.002742
3.756830,0.923030,0.754602,0.750640,0.805609,0.862548,0.873781,0.866901,0.864728,0.945820,0.870133,0.870064,0.851534,0.856802,0.828387,0.810961,0.817871,0.742952,0.741391,0.916817,0.874539,0.884566,0.959497,0.942819,0.851670,0.589575,0.497202,0.607823,0.298832,0.252619,0.968312,0.959074,0.875781,0.929148,0.960252,1.037544,1.001133,0.341920,0.209441,1.010252
3.765160,0.952398,0.814657,0.819586,0.855606,0.905288,0.915929,0.906610,0.903238,0.969664,0.916614,0.915203,0.898666,0.905825,0.883158,0.878839,0.889146,0.821735,0.818551,0.976504,0.927981,0.946771,1.009961,0.991809,0.905871,0.642282,0.595987,0.697602,0.451151,0.433445,0.993403,0.989103,0.912849,0.973341,1.006103,1.074803,1.036739,0.418081,0.419236,1.021882
3.773490,0.993912,0.896684,0.892868,0.903280,0.946604,0.956533,0.945585,0.941422,0.997520,0.959442,0.957348,0.942018,0.950358,0.931454,0.933330,0.946723,0.894218,0.892548,1.023313,0.970389,0.993120,1.047001,1.029257,0.950729,0.740945,0.718958,0.795640,0.620642,0.620077,1.036691,1.018959,0.947774,1.009767,1.042952,1.101490,1.066316,0.580690,0.617219,1.038028
3.781820,1.040415,0.984840,0.962764,0.946098,0.984123,0.993263,0.981528,0.976992,1.026801,0.996632,0.994406,0.979640,0.988599,0.972026,0.975754,0.992107,0.958113,0.959234,1.059632,1.003573,1.026676,1.073135,1.057220,0.986840,0.860300,0.845356,0.891952,0.781327,0.792434,1.091263,1.046473,0.978540,1.040269,1.071981,1.119558,1.090526,0.755991,0.794698,1.056700
3.790150,1.080518,1.058907,1.017250,0.977964,1.012204,1.020575,1.008984,1.004534,1.052114,1.022815,1.020952,1.006144,1.015186,0.999609,1.001904,1.020695,1.004923,1.008949,1.082949,1.025855,1.044205,1.085820,1.072615,1.010791,0.968987,0.953146,0.971104,0.915017,0.934922,1.143732,1.067204,1.000509,1.062495,1.091863,1.127367,1.106630,0.899566,0.940775,1.073826
3.798480,1.105350,1.105440,1.047812,0.993827,1.026030,1.033740,1.023181,1.019250,1.068414,1.033474,1.032401,1.016983,1.025601,1.009722,1.008043,1.028641,1.028148,1.034505,1.090270,1.035160,1.044148,1.084984,1.075875,1.024938,1.046721,1.028953,1.022666,1.011822,1.038015,1.182714,1.077452,1.009811,1.073180,1.100901,1.124996,1.114043,0.991648,1.046970,1.085577
3.806810,1.110781,1.119165,1.050095,0.990261,1.022374,1.029613,1.020863,1.017823,1.072305,1.025577,1.025685,1.009080,1.016742,0.999085,0.990709,1.012358,1.023350,1.031473,1.077994,1.028644,1.024121,1.069165,1.065490,1.027143,1.085431,1.066494,1.040979,1.067108,1.096921,1.202054,1.075074,1.004025,1.068429,1.096688,1.111635,1.111198,1.030047,1.108340,1.089580
3.815140,1.096782,1.100483,1.022927,0.965517,0.999789,1.006826,1.000543,0.998706,1.062491,0.997792,0.999456,0.981034,0.987152,0.965891,0.947337,0.969205,0.988005,0.997762,1.043087,1.003764,0.982215,1.037143,1.040195,1.016034,1.085300,1.063406,1.023469,1.078283,1.108992,1.200256,1.059564,0.982356,1.045011,1.077051,1.086578,1.096680,1.023150,1.122092,1.085202
3.823470,1.065335,1.051600,0.966398,0.918858,0.958060,0.965250,0.962040,0.961695,1.039392,0.949937,0.953550,0.932587,0.936476,0.909296,0.876008,0.897327,0.920632,0.932381,0.983810,0.959089,0.917206,0.988368,0.999341,0.990460,1.049177,1.018941,0.968990,1.043619,1.072679,1.178147,1.031438,0.945114,1.001287,1.040868,1.049736,1.069815,0.980247,1.086785,1.073043
3.831800,1.018911,0.973869,0.880491,0.850142,0.897855,0.905645,0.906156,0.907609,1.004692,0.882667,0.888658,0.864294,0.865148,0.829058,0.775039,0.795322,0.819872,0.834334,0.900308,0.894967,0.828763,0.923467,0.943420,0.950067,0.977742,0.932125,0.876362,0.961674,0.986959,1.137043,0.991791,0.893403,0.937935,0.988774,1.002113,1.031125,0.902912,1.001976,1.054399
3.840130,0.961113,0.868863,0.765859,0.760574,0.821399,0.830329,0.835264,0.838850,0.961448,0.798218,0.807050,0.778296,0.775155,0.726279,0.643448,0.663043,0.684768,0.702971,0.796385,0.814931,0.719024,0.845662,0.875216,0.896164,0.869021,0.801801,0.744481,0.831718,0.851679,1.079312,0.942669,0.829651,0.859434,0.924322,0.946819,0.983102,0.784160,0.868654,1.031265
3.848460,0.898463,0.743248,0.627363,0.655219,0.734351,0.744996,0.754942,0.760932,0.914467,0.702556,0.714652,0.680936,0.672384,0.605985,0.482963,0.505073,0.517531,0.540728,0.684181,0.729061,0.597491,0.764562,0.803231,0.834575,0.723839,0.630310,0.575700,0.657836,0.672097,1.010740,0.888029,0.758936,0.777257,0.856437,0.891584,0.932385,0.617573,0.694360,1.006515
3.856790,0.841185,0.614542,0.478971,0.546215,0.647934,0.660735,0.675721,0.684098,0.870347,0.607922,0.623384,0.584872,0.569598,0.481057,0.298550,0.335020,0.324672,0.355161,0.587327,0.654856,0.485173,0.696019,0.740898,0.774423,0.553591,0.426168,0.377497,0.455144,0.467734,0.941991,0.834631,0.690324,0.709891,0.798954,0.847533,0.888603,0.409413,0.505982,0.983741
3.865120,0.805657,0.523196,0.361563,0.462524,0.584726,0.599528,0.617839,0.627773,0.839324,0.540060,0.557759,0.516165,0.495206,0.386170,0.095330,0.188979,0.112082,0.171174,0.532433,0.609337,0.411777,0.653612,0.699349,0.724059,0.394092,0.197990,0.156437,0.241810,0.267733,0.891338,0.794842,0.640944,0.673262,0.763593,0.822153,0.858871,0.193171,0.348412,0.968151
3.873450,0.807157,0.524080,0.356135,0.448342,0.573110,0.588474,0.605917,0.615454,0.831644,0.531786,0.548601,0.508110,0.487597,0.380140,0.120072,0.209646,0.114585,0.168500,0.543251,0.607230,0.415960,0.649938,0.688957,0.693435,0.341304,0.075314,0.087186,0.128506,0.193759,0.878507,0.782680,0.630444,0.678239,0.759330,0.821370,0.848577,0.193843,0.316009,0.964583
3.881780,0.841496,0.610866,0.465409,0.513180,0.618171,0.632188,0.644579,0.651755,0.847649,0.587219,0.600204,0.564885,0.551298,0.469052,0.332278,0.379919,0.336747,0.355695,0.621354,0.654208,0.506498,0.693125,0.717639,0.694844,0.444737,0.307918,0.319548,0.318479,0.368021,0.903717,0.801369,0.662076,0.726224,0.790589,0.849990,0.861571,0.408187,0.455405,0.972477
3.890110,0.901073,0.744047,0.624710,0.631322,0.708185,0.719856,0.725047,0.728793,0.885585,0.689732,0.697986,0.669319,0.664247,0.609560,0.535787,0.568840,0.549666,0.559623,0.734358,0.733307,0.639856,0.771404,0.779123,0.730689,0.621318,0.551992,0.548223,0.561845,0.603583,0.961003,0.849653,0.730348,0.800145,0.847822,0.902614,0.895371,0.617595,0.657601,0.991081
3.898440,0.961753,0.864823,0.769636,0.753601,0.807723,0.817392,0.816012,0.816570,0.931568,0.799964,0.804269,0.781529,0.782807,0.747922,0.710047,0.736767,0.726883,0.731242,0.851261,0.823010,0.778190,0.865437,0.858199,0.789635,0.775944,0.741840,0.731292,0.757209,0.797242,1.023754,0.910219,0.810261,0.880315,0.916721,0.968349,0.941645,0.768238,0.837687,1.013364
3.906770,1.017350,0.965899,0.891118,0.861050,0.899330,0.907655,0.900900,0.898829,0.978217,0.900202,0.901434,0.883388,0.889000,0.867374,0.852498,0.875260,0.870781,0.871305,0.953938,0.906635,0.899221,0.955245,0.936956,0.857748,0.902565,0.894400,0.879011,0.913387,0.950802,1.084367,0.971674,0.887706,0.952923,0.984054,1.033674,0.990116,0.871450,0.979617,1.036525
3.915100,1.059866,1.037752,0.978677,0.939623,0.968953,0.976626,0.966107,0.962192,1.017366,0.976186,0.975237,0.960215,0.968696,0.955031,0.956538,0.977986,0.975053,0.972328,1.034047,0.975182,0.995087,1.032444,1.007479,0.925694,0.992445,1.000494,0.983518,1.018510,1.051630,1.133315,1.022516,0.949719,1.011413,1.041658,1.091882,1.035664,0.932112,1.069473,1.056595
3.923430,1.087305,1.080229,1.032840,0.988752,1.014779,1.022321,1.009649,1.004681,1.046672,1.026150,1.023850,1.010452,1.020551,1.010709,1.023094,1.044768,1.040552,1.035469,1.089612,1.025309,1.061211,1.089714,1.061883,0.983253,1.046662,1.059937,1.045204,1.069711,1.096298,1.167756,1.059212,0.993130,1.054284,1.085716,1.136558,1.073116,0.956841,1.102561,1.071975
3.931760,1.098845,1.093914,1.056777,1.012771,1.039480,1.047193,1.033822,1.028516,1.065657,1.052886,1.049970,1.037104,1.047821,1.038806,1.057032,1.079552,1.071334,1.064727,1.122832,1.057768,1.099365,1.126458,1.098976,1.027345,1.065306,1.075401,1.067472,1.069193,1.086992,1.185951,1.081669,1.018690,1.083032,1.115904,1.166278,1.101268,0.944007,1.080599,1.081689
3.940090,1.094599,1.079903,1.053793,1.016377,1.046266,1.054283,1.041425,1.036371,1.074213,1.059785,1.056894,1.043715,1.054265,1.043950,1.063166,1.086270,1.071387,1.064006,1.136005,1.074042,1.112091,1.143679,1.119214,1.057028,1.047475,1.050187,1.054049,1.021214,1.028160,1.187009,1.090905,1.028150,1.098781,1.132797,1.181213,1.119931,0.887995,1.008028,1.085170
3.948420,1.077126,1.042616,1.028017,1.003469,1.037973,1.046339,1.034889,1.030524,1.072761,1.049971,1.047631,1.033487,1.043250,1.030059,1.045711,1.068583,1.044720,1.037410,1.130204,1.074542,1.103259,1.144111,1.125021,1.073949,0.995750,0.989055,1.009437,0.931159,0.925160,1.172671,1.088481,1.023587,1.101179,1.136179,1.183023,1.130042,0.789443,0.889879,1.082765
3.956750,1.051656,0.990859,0.984275,0.976630,1.016705,1.025446,1.016040,1.012672,1.062485,1.025723,1.024401,1.008703,1.017108,0.999520,1.006374,1.027549,0.994035,0.988417,1.104349,1.058184,1.072800,1.126890,1.114865,1.076030,0.919569,0.898878,0.938594,0.805589,0.784122,1.148051,1.076141,1.006918,1.088178,1.124854,1.170926,1.130055,0.664092,0.731081,1.075878
3.965080,1.024866,0.936982,0.928961,0.938560,0.984915,0.994053,0.987124,0.984959,1.045578,0.989620,0.989744,0.971928,0.978421,0.954839,0.946951,0.964724,0.923076,0.921716,1.057172,1.023552,1.022235,1.093478,1.090407,1.066438,0.836808,0.791088,0.849029,0.656153,0.616518,1.120671,1.056080,0.980489,1.057515,1.097371,1.145858,1.120222,0.550395,0.541117,1.066607
3.973410,1.001649,0.891378,0.867729,0.891512,0.944783,0.954337,0.950227,0.949429,1.024289,0.943856,0.945848,0.925336,0.929348,0.898007,0.868491,0.881126,0.835352,0.841638,0.987841,0.969815,0.952092,1.044009,1.051246,1.043549,0.768277,0.680227,0.749322,0.501431,0.441924,1.096824,1.030213,0.946340,1.007702,1.053005,1.108157,1.099532,0.502221,0.337148,1.056687
3.981740,0.983516,0.858041,0.804562,0.837642,0.898455,0.908441,0.907454,0.908171,1.000539,0.890640,0.894907,0.871130,0.872100,0.831142,0.772263,0.778151,0.734458,0.752143,0.897195,0.897799,0.863389,0.979232,0.997524,1.006610,0.727382,0.581487,0.648267,0.367368,0.289666,1.078998,1.000194,0.906406,0.939319,0.992743,1.058787,1.067245,0.537799,0.141171,1.047022
3.990070,0.969136,0.833998,0.741084,0.778815,0.847946,0.858391,0.860810,0.863179,0.975793,0.832165,0.839073,0.811503,0.808898,0.756367,0.658890,0.656119,0.622238,0.655629,0.787490,0.810013,0.756604,0.900015,0.929630,0.955025,0.711870,0.506752,0.551891,0.293022,0.219421,1.065805,0.967416,0.862532,0.855303,0.919515,0.999029,1.023195,0.612241,0.101016,1.037793
3.998400,0.955416,0.811871,0.677281,0.716950,0.795313,0.806278,0.812306,0.816423,0.951013,0.770953,0.780744,0.749081,0.742411,0.676488,0.529403,0.515725,0.500293,0.554100,0.665522,0.713096,0.634145,0.809820,0.850437,0.890147,0.707437,0.462401,0.464918,0.315826,0.287098,1.053399,0.933136,0.816653,0.763437,0.840117,0.932409,0.969548,0.674308,0.278341,1.028644
4.006730,0.940820,0.787198,0.615498,0.656038,0.744167,0.755706,0.765304,0.771140,0.927608,0.711481,0.724143,0.688609,0.677548,0.597246,0.386806,0.358549,0.372944,0.452945,0.545247,0.619160,0.501983,0.715765,0.766089,0.815697,0.700798,0.447181,0.393804,0.400078,0.408724,1.039365,0.899363,0.771910,0.677344,0.765651,0.865102,0.911289,0.700812,0.445429,1.019587
4.015060,0.928249,0.765100,0.567182,0.606474,0.702816,0.714838,0.727327,0.734540,0.909035,0.663681,0.678636,0.640221,0.625383,0.532746,0.244004,0.187904,0.259882,0.371471,0.449798,0.544598,0.372431,0.628799,0.686207,0.738227,0.692482,0.461547,0.356506,0.498197,0.526970,1.026261,0.870705,0.735009,0.613913,0.708617,0.805157,0.855927,0.695979,0.582935,1.011975
4.023390,0.921136,0.752636,0.546501,0.581419,0.681007,0.693181,0.707019,0.714864,0.898819,0.639407,0.655282,0.615963,0.599515,0.502207,0.157361,0.009519,0.215958,0.341904,0.413783,0.509507,0.277433,0.565029,0.623950,0.666025,0.688214,0.497995,0.367326,0.583375,0.620937,1.017629,0.852514,0.713707,0.590343,0.681347,0.762389,0.812510,0.672588,0.682640,1.007261
4.031720,0.919172,0.749458,0.556659,0.586709,0.682724,0.694610,0.707823,0.715363,0.897620,0.643688,0.658690,0.620888,0.605904,0.515066,0.224736,0.168960,0.277594,0.376965,0.457762,0.527611,0.280359,0.546037,0.597018,0.613491,0.686274,0.537793,0.412963,0.636437,0.674850,1.013267,0.847264,0.711456,0.614694,0.691455,0.748393,0.791163,0.634174,0.733474,1.005515
4.040050,0.919307,0.749437,0.587817,0.616456,0.703768,0.715064,0.726015,0.732468,0.903222,0.671344,0.684048,0.649610,0.638430,0.561835,0.358852,0.335980,0.384097,0.449937,0.554700,0.589426,0.380550,0.581870,0.616167,0.595739,0.677671,0.563005,0.466895,0.645297,0.678029,1.009985,0.853462,0.725650,0.675266,0.734264,0.769029,0.797504,0.572876,0.726743,1.005653
4.048380,0.920143,0.750276,0.629472,0.660133,0.736678,0.747300,0.755045,0.759952,0.913074,0.712908,0.722638,0.692393,0.685889,0.625472,0.492165,0.483790,0.491766,0.532838,0.664782,0.670481,0.510743,0.656279,0.671789,0.617404,0.658066,0.567429,0.514597,0.608251,0.629047,1.006312,0.867918,0.750976,0.749457,0.794783,0.817152,0.826800,0.485805,0.661346,1.006877
4.056710,0.925453,0.760891,0.681387,0.712565,0.777850,0.787800,0.791832,0.794939,0.927158,0.763320,0.769911,0.744045,0.742175,0.696867,0.615331,0.614948,0.594521,0.618915,0.767952,0.752478,0.640789,0.747513,0.747393,0.669928,0.640138,0.562696,0.560938,0.537675,0.539365,1.006564,0.889342,0.784691,0.821666,0.859245,0.880297,0.870626,0.401771,0.546260,1.010037
4.065040,0.940137,0.791739,0.743322,0.769287,0.824078,0.833402,0.833670,0.834943,0.945957,0.817981,0.821726,0.799859,0.801911,0.768877,0.723403,0.727686,0.689460,0.704307,0.856280,0.825931,0.756978,0.838125,0.826702,0.735314,0.646757,0.566210,0.611920,0.455851,0.430221,1.017076,0.916654,0.824074,0.884629,0.919039,0.946075,0.919049,0.393026,0.397231,1.016488
4.073370,0.965321,0.843518,0.809900,0.824438,0.870623,0.879425,0.876338,0.875979,0.968442,0.871134,0.872644,0.853902,0.858869,0.834528,0.812086,0.819506,0.772678,0.783493,0.926851,0.886301,0.853973,0.919083,0.900232,0.804150,0.690869,0.589614,0.668109,0.393079,0.334128,1.040433,0.947226,0.864884,0.936059,0.969453,1.006970,0.965899,0.493138,0.235148,1.026572
4.081700,0.998597,0.908580,0.876228,0.875364,0.915267,0.923683,0.917827,0.916126,0.993673,0.920472,0.920383,0.903790,0.910773,0.891920,0.882835,0.892647,0.844729,0.854863,0.981612,0.933822,0.931105,0.986232,0.963538,0.869033,0.765866,0.637292,0.729883,0.385976,0.305077,1.074871,0.979498,0.905019,0.977619,1.009740,1.058392,1.008124,0.642631,0.127593,1.039876
4.090030,1.032930,0.971869,0.933837,0.918132,0.954378,0.962575,0.954716,0.952054,1.018796,0.962395,0.961342,0.945959,0.954104,0.937921,0.934621,0.946032,0.901965,0.913090,1.020887,0.968370,0.986517,1.035862,1.011951,0.922859,0.848463,0.698677,0.789757,0.441906,0.369597,1.112820,1.010408,0.941077,1.009756,1.039308,1.096802,1.042604,0.780115,0.229033,1.054322
4.098360,1.061601,1.021843,0.977083,0.950361,0.985188,0.993297,0.984253,0.981033,1.040720,0.994342,0.992884,0.977928,0.986523,0.970870,0.967924,0.980111,0.942513,0.955053,1.045014,0.990070,1.021603,1.068836,1.046137,0.965571,0.918795,0.762194,0.841639,0.535177,0.485854,1.146503,1.036889,0.970158,1.032142,1.057826,1.122314,1.069489,0.877190,0.398570,1.067452
4.106690,1.081333,1.054863,1.004584,0.971336,1.006187,1.014259,1.004795,1.001390,1.057151,1.014993,1.013609,0.998462,1.006954,0.990357,0.983849,0.996014,0.966708,0.980513,1.053841,0.998730,1.038175,1.086443,1.066890,0.996384,0.969674,0.823059,0.884011,0.642583,0.616375,1.171875,1.056648,0.990362,1.043507,1.064785,1.135744,1.088869,0.930822,0.565433,1.077538
4.115020,1.091262,1.071376,1.016237,0.980395,1.016127,1.024164,1.014964,1.011708,1.066402,1.023241,1.022354,1.006504,1.014427,0.995783,0.982412,0.993719,0.974208,0.989218,1.045975,0.993032,1.036844,1.089320,1.074583,1.015404,1.001509,0.876829,0.914900,0.747818,0.741625,1.187669,1.067984,1.000270,1.041523,1.058786,1.137597,1.100339,0.950748,0.716778,1.083568
4.123350,1.091190,1.072156,1.011683,0.976494,1.013820,1.021832,1.013502,1.010684,1.067267,1.018062,1.018045,1.001030,1.007960,0.986255,0.963014,0.972759,0.964133,0.980456,1.020227,0.972064,1.018114,1.078091,1.069610,1.022101,1.016674,0.918551,0.931618,0.839126,0.849189,1.193503,1.069819,0.998897,1.024361,1.039102,1.128559,1.103417,0.948105,0.843899,1.084946
4.131680,1.079522,1.054384,0.988046,0.957271,0.997333,1.005407,0.998533,0.996435,1.058390,0.997661,0.998866,0.980195,0.985674,0.959671,0.923325,0.930810,0.933277,0.951125,0.974697,0.934504,0.980453,1.051697,1.050756,1.017312,1.012464,0.939800,0.928374,0.904852,0.927258,1.187338,1.061002,0.984946,0.990182,1.004954,1.107861,1.096331,0.923888,0.937132,1.080874
4.140010,1.054102,1.013002,0.941056,0.919858,0.964606,0.972947,0.968167,0.967092,1.038742,0.960068,0.962854,0.941949,0.945436,0.913443,0.860307,0.864970,0.877282,0.896835,0.908490,0.880151,0.922197,1.009503,1.017355,0.999369,0.981349,0.930783,0.897908,0.933961,0.964797,1.166190,1.040591,0.957180,0.938657,0.956869,1.075508,1.078152,0.868504,0.986555,1.070663
4.148340,1.014756,0.944881,0.867418,0.862260,0.914605,0.923530,0.921580,0.921882,1.008621,0.904227,0.908998,0.885143,0.885964,0.845635,0.770676,0.771938,0.791560,0.813348,0.821603,0.809870,0.841267,0.950531,0.968287,0.966750,0.915637,0.882598,0.833160,0.917063,0.952629,1.128790,1.008418,0.915198,0.870973,0.896663,1.031281,1.047630,0.770356,0.983934,1.054578
4.156670,0.965780,0.853907,0.768229,0.785381,0.848954,0.858833,0.860536,0.862609,0.970690,0.831666,0.838878,0.811229,0.808582,0.756859,0.652664,0.650023,0.673700,0.699326,0.717381,0.727550,0.737519,0.875731,0.904176,0.919025,0.814591,0.790712,0.730352,0.848396,0.885185,1.078626,0.966000,0.860635,0.791775,0.828983,0.976561,1.005134,0.627856,0.924278,1.034552
4.165000,0.916034,0.753971,0.652097,0.695178,0.773479,0.784619,0.790720,0.794914,0.930108,0.748280,0.758376,0.726288,0.719201,0.652651,0.508057,0.501698,0.526177,0.559311,0.606294,0.642603,0.616147,0.790771,0.829826,0.858774,0.690229,0.658172,0.592169,0.728271,0.762847,1.024666,0.917219,0.798275,0.711480,0.762699,0.916267,0.954353,0.460540,0.808165,1.013949
4.173330,0.876167,0.667679,0.537218,0.604183,0.699020,0.711508,0.722324,0.728769,0.893602,0.665596,0.678776,0.642361,0.629918,0.545901,0.343210,0.334975,0.357501,0.406166,0.508976,0.570825,0.490561,0.706871,0.754624,0.792349,0.569716,0.497506,0.429332,0.566054,0.595598,0.978677,0.868496,0.736584,0.646248,0.710298,0.858691,0.902219,0.325197,0.646402,0.996493
4.181660,0.854803,0.619123,0.452908,0.532429,0.641180,0.654681,0.669505,0.677830,0.868203,0.601203,0.616904,0.577336,0.560057,0.460259,0.169750,0.163736,0.182719,0.268605,0.452858,0.529308,0.383575,0.638697,0.691264,0.728076,0.490477,0.329000,0.260384,0.376483,0.400526,0.950709,0.828387,0.687516,0.611567,0.682479,0.813574,0.857985,0.315585,0.461093,0.985299
4.189990,0.855123,0.620663,0.432511,0.503336,0.616089,0.629728,0.646357,0.655506,0.858928,0.574377,0.590770,0.550720,0.531904,0.428197,0.084244,0.097887,0.095387,0.222278,0.462202,0.531298,0.336047,0.602269,0.652696,0.675895,0.480632,0.195073,0.142648,0.165553,0.189312,0.944919,0.805315,0.663243,0.617203,0.685871,0.789731,0.829679,0.418519,0.281909,0.981963
4.198320,0.873438,0.663802,0.482893,0.527916,0.630656,0.643321,0.658658,0.667183,0.866085,0.593599,0.608198,0.571016,0.555536,0.465822,0.244262,0.261620,0.248553,0.317199,0.537300,0.579451,0.388413,0.614990,0.653980,0.650381,0.532253,0.227177,0.230496,0.066478,0.096573,0.957998,0.803515,0.669383,0.663466,0.721695,0.796892,0.825647,0.537511,0.217563,0.985843
4.206650,0.902918,0.729222,0.576337,0.595455,0.679164,0.690161,0.701601,0.708275,0.886571,0.651296,0.662408,0.630308,0.621163,0.554212,0.425062,0.444689,0.430051,0.465890,0.648184,0.658562,0.511717,0.677370,0.698669,0.662052,0.612978,0.387146,0.404198,0.301244,0.318927,0.983221,0.822560,0.703348,0.736074,0.781241,0.836662,0.847991,0.630442,0.373839,0.995119
4.214980,0.939453,0.804641,0.685753,0.685915,0.749406,0.758689,0.764888,0.769053,0.916906,0.732113,0.739332,0.712847,0.710189,0.664365,0.592444,0.612542,0.598805,0.617158,0.763962,0.747325,0.651893,0.766586,0.770160,0.708820,0.702894,0.562785,0.576959,0.522730,0.546490,1.016901,0.859106,0.757709,0.815490,0.850456,0.897273,0.888247,0.696926,0.585280,1.008578
4.223310,0.981818,0.886247,0.798763,0.784073,0.830347,0.838280,0.838856,0.840301,0.954477,0.823280,0.826883,0.805706,0.808351,0.778990,0.744347,0.763893,0.752984,0.760675,0.872200,0.834018,0.788192,0.864650,0.853939,0.773492,0.798760,0.732529,0.739028,0.724525,0.753259,1.058694,0.908741,0.824681,0.891587,0.920143,0.966902,0.938487,0.751204,0.784605,1.025790
4.231640,1.020730,0.956426,0.893891,0.868937,0.903925,0.911149,0.906865,0.905953,0.991361,0.905238,0.906010,0.888837,0.895181,0.876531,0.865960,0.885044,0.876401,0.877121,0.961271,0.908120,0.903362,0.955039,0.934287,0.844689,0.880629,0.869185,0.869110,0.882756,0.914520,1.099257,0.960071,0.889235,0.955764,0.981620,1.033903,0.988820,0.785165,0.941942,1.043231
4.239970,1.050533,1.006616,0.963213,0.931748,0.961303,0.968413,0.960492,0.957819,1.022686,0.968819,0.967605,0.952939,0.961653,0.948923,0.953982,0.973476,0.965627,0.961421,1.028455,0.966146,0.991414,1.029202,1.002982,0.912381,0.938726,0.966992,0.962426,0.992670,1.024896,1.132528,1.005216,0.942661,1.005967,1.031311,1.090670,1.033969,0.790405,1.046891,1.058385
4.248300,1.066860,1.030849,1.002974,0.970035,0.998890,1.006292,0.996169,0.992433,1.045212,1.010269,1.007912,0.994442,1.004344,0.993768,1.007551,1.027880,1.018200,1.010784,1.072768,1.006485,1.049032,1.081408,1.053402,0.967168,0.963229,1.017155,1.013298,1.044260,1.073923,1.152954,1.039019,0.980191,1.041632,1.067221,1.131887,1.069502,0.757772,1.089355,1.069062
4.256630,1.071335,1.033904,1.018228,0.988259,1.019130,1.026961,1.015934,1.011769,1.058953,1.032120,1.029361,1.016099,1.026283,1.015364,1.032058,1.053080,1.039390,1.030549,1.096783,1.030422,1.079674,1.112953,1.086327,1.008479,0.958795,1.024784,1.027009,1.042333,1.066143,1.161416,1.060739,1.002273,1.064256,1.089592,1.157547,1.095516,0.697794,1.072696,1.075105
4.264960,1.068073,1.024269,1.015579,0.991578,1.025487,1.033681,1.022803,1.018721,1.064903,1.038031,1.035498,1.021716,1.031514,1.018685,1.033112,1.054083,1.035085,1.026920,1.102586,1.039058,1.087332,1.126050,1.103244,1.035860,0.936263,0.997134,1.010338,0.992600,1.006458,1.161630,1.071302,1.010891,1.074514,1.098653,1.168767,1.112500,0.637735,1.000605,1.077308
4.273290,1.061668,1.011111,1.001129,0.983782,1.020849,1.029266,1.019310,1.015688,1.064349,1.031169,1.029380,1.014522,1.023409,1.007560,1.014835,1.034631,1.010697,1.005621,1.091338,1.033045,1.074883,1.122556,1.105561,1.050250,0.911087,0.945216,0.971679,0.905919,0.905752,1.158646,1.072414,1.008349,1.072223,1.094557,1.166733,1.120762,0.616204,0.882755,1.076857
4.281620,1.054200,0.998753,0.977799,0.966267,1.006456,1.014980,1.006515,1.003627,1.057882,1.013086,1.012470,0.996060,1.003583,0.983704,0.979202,0.996658,0.969397,0.969829,1.062884,1.012024,1.044363,1.103952,1.094405,1.051712,0.893704,0.878320,0.917278,0.792284,0.773911,1.155149,1.065261,0.996053,1.056170,1.076793,1.152622,1.120258,0.651110,0.727598,1.074329
4.289950,1.044358,0.984701,0.944648,0.938240,0.981979,0.990587,0.984094,0.982171,1.045281,0.983697,0.984633,0.966191,0.971891,0.946761,0.925731,0.939656,0.911490,0.919548,1.015910,0.975104,0.995329,1.069820,1.069068,1.041580,0.884134,0.802843,0.850272,0.662856,0.622937,1.150064,1.050230,0.974308,1.024584,1.044824,1.126138,1.109468,0.719470,0.546139,1.069426
4.298280,1.028745,0.961739,0.898138,0.897721,0.946246,0.955035,0.951015,0.950297,1.025955,0.941989,0.944843,0.923829,0.927187,0.895199,0.852677,0.862110,0.835461,0.852631,0.949450,0.921908,0.927047,1.020064,1.029230,1.018298,0.872290,0.721523,0.770996,0.530242,0.467925,1.139490,1.027155,0.942727,0.976408,0.998840,1.087720,1.087509,0.780578,0.353188,1.061342
4.306610,1.005201,0.924038,0.835519,0.843483,0.898825,0.907995,0.907005,0.907758,1.000109,0.887635,0.892772,0.868571,0.868995,0.828080,0.758280,0.762427,0.739748,0.767139,0.863517,0.853081,0.838711,0.954542,0.974352,0.980585,0.846673,0.636086,0.679422,0.410313,0.330143,1.120131,0.996228,0.901446,0.911998,0.940190,1.037855,1.053321,0.806385,0.170100,1.049787
4.314940,0.975588,0.872615,0.758207,0.776983,0.841646,0.851439,0.854040,0.856531,0.969809,0.822655,0.830435,0.802389,0.799237,0.746862,0.641779,0.639595,0.624060,0.663632,0.760007,0.771027,0.730323,0.874219,0.905009,0.927874,0.803398,0.551461,0.577515,0.328564,0.251179,1.092588,0.959016,0.852396,0.834021,0.871966,0.977990,1.007141,0.790265,0.111120,1.035843
4.323270,0.944591,0.814754,0.673015,0.703516,0.779746,0.790365,0.796950,0.801362,0.938669,0.752435,0.763116,0.730856,0.723432,0.657019,0.505222,0.495345,0.492001,0.547550,0.646079,0.682523,0.605901,0.784107,0.825511,0.862424,0.748483,0.479914,0.473276,0.323328,0.288288,1.060993,0.918811,0.799867,0.749949,0.800959,0.912721,0.952431,0.741621,0.268120,1.021490
4.331600,0.917019,0.759807,0.591357,0.632347,0.721112,0.732638,0.743160,0.749453,0.910867,0.685939,0.699456,0.663272,0.651158,0.569261,0.354784,0.334748,0.352752,0.430862,0.536692,0.599579,0.475801,0.694241,0.744456,0.789990,0.692544,0.436243,0.381953,0.387893,0.395360,1.030300,0.880364,0.750398,0.672659,0.737281,0.849842,0.895905,0.674629,0.432674,1.008696
4.339930,0.896229,0.715383,0.527883,0.576367,0.675948,0.688262,0.701872,0.709619,0.890380,0.635283,0.650880,0.611941,0.595913,0.500728,0.204225,0.163118,0.226942,0.335852,0.454851,0.537850,0.358854,0.618919,0.674409,0.718702,0.643711,0.428296,0.326035,0.474662,0.505203,1.004129,0.849391,0.712231,0.617677,0.692126,0.799305,0.847133,0.596329,0.566060,0.998957
4.348260,0.883221,0.684678,0.496085,0.548663,0.653521,0.666261,0.681159,0.689496,0.879687,0.612065,0.628102,0.588625,0.571256,0.471549,0.124786,0.037152,0.176965,0.298150,0.431547,0.514924,0.297647,0.576479,0.630288,0.659483,0.602583,0.444985,0.321299,0.545460,0.585201,0.983468,0.830875,0.692713,0.600308,0.675605,0.771569,0.815543,0.503020,0.653124,0.992914
4.356590,0.877877,0.669052,0.501753,0.555355,0.657349,0.669986,0.683903,0.691762,0.878890,0.620596,0.635085,0.597687,0.582465,0.490847,0.227224,0.203665,0.252759,0.336870,0.482079,0.541418,0.341461,0.585418,0.627985,0.627712,0.567623,0.465634,0.357322,0.577019,0.616160,0.968060,0.826846,0.694472,0.627982,0.693567,0.776618,0.809782,0.395052,0.680579,0.990473
4.364920,0.882217,0.675121,0.543871,0.594392,0.685937,0.697934,0.708828,0.715243,0.887503,0.657863,0.669340,0.635995,0.625517,0.550633,0.379941,0.375291,0.378782,0.427211,0.580751,0.606996,0.458290,0.643157,0.667992,0.633819,0.549928,0.482911,0.416304,0.563058,0.592466,0.960639,0.837493,0.716389,0.689902,0.740650,0.813693,0.829708,0.314208,0.643151,0.991942
4.373250,0.899455,0.710787,0.615917,0.658121,0.734802,0.745796,0.752296,0.756604,0.905286,0.716952,0.724846,0.696428,0.691567,0.635333,0.531467,0.535125,0.512221,0.539607,0.694631,0.691303,0.597676,0.733008,0.740314,0.678191,0.570483,0.505208,0.490516,0.513759,0.523389,0.966450,0.862094,0.755414,0.766859,0.804419,0.874878,0.870889,0.351024,0.547367,0.998114
4.381580,0.930454,0.774997,0.706733,0.736301,0.797744,0.807681,0.809206,0.811109,0.931891,0.789781,0.794235,0.770699,0.770937,0.730865,0.671053,0.677757,0.640521,0.657237,0.802019,0.776088,0.729700,0.828707,0.822201,0.740737,0.637049,0.544629,0.576175,0.454112,0.433566,0.989406,0.899280,0.807552,0.842141,0.871455,0.942956,0.920253,0.493802,0.412393,1.009578
4.389910,0.967206,0.847792,0.794235,0.810550,0.860263,0.869436,0.866490,0.866220,0.961694,0.860294,0.862021,0.842434,0.846383,0.817719,0.785710,0.793814,0.748936,0.760562,0.892347,0.851057,0.841230,0.916330,0.900376,0.810272,0.724138,0.593949,0.657636,0.407055,0.350559,1.023137,0.940863,0.861362,0.906849,0.933009,1.007617,0.969516,0.649455,0.258717,1.023910
4.398240,1.001330,0.911875,0.865936,0.870317,0.912882,0.921687,0.915291,0.913343,0.989761,0.918745,0.918538,0.901606,0.908051,0.886415,0.871980,0.881527,0.833290,0.842147,0.961996,0.911333,0.927614,0.988388,0.967486,0.876396,0.804561,0.645854,0.727769,0.397780,0.316342,1.058634,0.979689,0.908583,0.957854,0.984291,1.062016,1.014056,0.769801,0.140656,1.038322
4.406570,1.027796,0.959130,0.917834,0.912668,0.951993,0.960730,0.952073,0.949029,1.013201,0.961537,0.960150,0.944712,0.952606,0.934564,0.930392,0.941704,0.893422,0.900545,1.011525,0.956144,0.987147,1.040254,1.017856,0.931872,0.864129,0.696257,0.784243,0.440374,0.365385,1.089214,1.011454,0.945104,0.995672,1.023781,1.101675,1.049985,0.841168,0.218740,1.050789
4.414900,1.047255,0.992771,0.954677,0.941696,0.979955,0.988711,0.978823,0.975187,1.032187,0.991250,0.989311,0.974530,0.983116,0.966509,0.967355,0.980568,0.935489,0.941553,1.045057,0.987820,1.024598,1.074187,1.052959,0.975235,0.905544,0.749165,0.832262,0.528399,0.479293,1.114418,1.035939,0.971710,1.023362,1.052527,1.127428,1.077872,0.873225,0.395327,1.061078
4.423230,1.062476,1.019658,0.982721,0.962349,1.000140,1.008825,0.998494,0.994656,1.047667,1.011501,1.009511,0.994823,1.003599,0.987293,0.989374,1.004398,0.966271,0.971813,1.066748,1.009200,1.044947,1.093241,1.074924,1.006819,0.939107,0.810611,0.878715,0.643897,0.621065,1.136932,1.054275,0.990422,1.043663,1.072248,1.141261,1.098421,0.884762,0.577795,1.069686
4.431560,1.073349,1.040667,1.002854,0.975798,1.013091,1.021568,1.011433,1.007704,1.059009,1.023101,1.021464,1.006463,1.015067,0.998439,0.999150,1.015837,0.987379,0.992657,1.078233,1.021578,1.051710,1.100267,1.086187,1.028370,0.968191,0.875804,0.922539,0.763851,0.762336,1.156781,1.066331,1.001513,1.057183,1.083769,1.145338,1.112368,0.885050,0.744930,1.076209
4.439890,1.076149,1.049387,1.009806,0.978755,1.015875,1.024083,1.014772,1.011457,1.063614,1.023303,1.022387,1.006663,1.014727,0.997044,0.993998,1.011947,0.994009,0.999078,1.077266,1.023337,1.042836,1.093615,1.084564,1.037581,0.985619,0.930998,0.954672,0.867532,0.882269,1.169776,1.070087,1.002811,1.061590,1.085814,1.138679,1.117445,0.867759,0.882588,1.079013
4.448220,1.066857,1.038022,0.997016,0.966784,1.004817,1.012824,1.004986,1.002395,1.058732,1.008595,1.008752,0.991828,0.998914,0.979061,0.969753,0.988498,0.979728,0.984533,1.060500,1.012067,1.016341,1.072883,1.070135,1.036469,0.980213,0.961475,0.964337,0.938982,0.965233,1.170589,1.063351,0.991756,1.053679,1.076606,1.121202,1.112754,0.819908,0.978480,1.076419
4.456550,1.044316,1.002894,0.960043,0.936448,0.977331,0.985331,0.979648,0.978106,1.042999,0.976389,0.978009,0.959272,0.964804,0.941046,0.921898,0.940774,0.938667,0.943556,1.024085,0.984875,0.968919,1.035985,1.040744,1.022161,0.945043,0.956780,0.943080,0.967436,1.000583,1.156391,1.044965,0.966708,1.029953,1.054010,1.091816,1.096258,0.735624,1.023119,1.067869
4.464880,1.011443,0.946853,0.898457,0.886832,0.933217,0.941491,0.938677,0.938526,1.017355,0.926368,0.929905,0.908585,0.911827,0.881707,0.847202,0.865249,0.867232,0.873545,0.965102,0.939602,0.897967,0.981373,0.994750,0.992560,0.881683,0.911692,0.886250,0.946180,0.981717,1.128670,1.015517,0.927945,0.987878,1.016532,1.049821,1.066360,0.625377,1.010350,1.054438
4.473210,0.974191,0.878633,0.816096,0.819983,0.874994,0.883859,0.884629,0.886211,0.984906,0.860912,0.866882,0.842073,0.842152,0.802503,0.744412,0.760402,0.764752,0.775314,0.882805,0.875920,0.802696,0.909248,0.932162,0.946676,0.800731,0.826422,0.793495,0.872762,0.906264,1.092778,0.977311,0.877891,0.927087,0.964311,0.995972,1.023088,0.520873,0.937896,1.038438
4.481540,0.938756,0.809489,0.720366,0.740838,0.807625,0.817372,0.822345,0.825956,0.949860,0.785045,0.793952,0.764780,0.760757,0.707970,0.615215,0.628249,0.634226,0.653427,0.781122,0.797352,0.686845,0.824114,0.856832,0.886466,0.718668,0.706566,0.669159,0.749707,0.776853,1.055428,0.933908,0.820849,0.851490,0.900792,0.934369,0.969671,0.468446,0.808486,1.022344
4.489870,0.908550,0.747629,0.620433,0.656745,0.737902,0.748763,0.758256,0.764039,0.916169,0.706184,0.718357,0.684518,0.675338,0.605923,0.464138,0.474956,0.481914,0.515523,0.671008,0.712895,0.561162,0.737031,0.778677,0.818603,0.649693,0.562364,0.521654,0.586464,0.603948,1.021134,0.889579,0.762548,0.770922,0.833853,0.873887,0.914054,0.485052,0.634222,1.007756
4.498200,0.883547,0.694501,0.525302,0.576656,0.673578,0.685699,0.699474,0.707293,0.886736,0.633469,0.648783,0.610655,0.595800,0.507583,0.296099,0.309786,0.314099,0.370709,0.571213,0.636768,0.445122,0.664244,0.711832,0.752814,0.596011,0.404127,0.359514,0.396681,0.404981,0.990367,0.848770,0.709461,0.700434,0.775000,0.826104,0.866851,0.529149,0.440631,0.995196
4.506530,0.865817,0.654032,0.452524,0.516803,0.627288,0.640584,0.657201,0.666356,0.865807,0.582433,0.599728,0.558913,0.539691,0.435846,0.118131,0.151263,0.138427,0.242607,0.503727,0.583078,0.367645,0.620248,0.668407,0.698132,0.555315,0.245537,0.194500,0.185209,0.193143,0.964440,0.818430,0.671875,0.653987,0.734031,0.799321,0.836171,0.559022,0.266366,0.985925
4.514860,0.861411,0.640315,0.434557,0.501231,0.615334,0.629154,0.645578,0.654643,0.858692,0.572708,0.589469,0.549223,0.529963,0.425541,0.106251,0.147178,0.106835,0.219827,0.494655,0.567036,0.371484,0.618800,0.659806,0.665632,0.538274,0.179850,0.139495,0.053151,0.105917,0.949282,0.807095,0.661938,0.644502,0.720022,0.800183,0.827949,0.568030,0.234000,0.982214
4.523190,0.872083,0.660611,0.484228,0.539623,0.643369,0.656686,0.669543,0.676931,0.866723,0.609736,0.623392,0.587140,0.572786,0.485702,0.294370,0.317443,0.289781,0.336250,0.555167,0.598795,0.463800,0.665265,0.691535,0.666985,0.556248,0.307826,0.293509,0.290080,0.326677,0.948722,0.818262,0.683386,0.678627,0.739549,0.831457,0.844021,0.566395,0.404576,0.984667
4.531520,0.894846,0.707853,0.577200,0.617487,0.702823,0.714950,0.722126,0.726811,0.887612,0.681309,0.690686,0.660157,0.652778,0.588775,0.479366,0.499495,0.474446,0.491840,0.659993,0.668467,0.599076,0.748541,0.758123,0.706394,0.603925,0.480337,0.472461,0.506244,0.546156,0.961894,0.849510,0.730549,0.745208,0.788178,0.888359,0.882221,0.562503,0.608387,0.992442
4.539850,0.927038,0.772662,0.686572,0.713467,0.780008,0.790831,0.791789,0.793468,0.918571,0.770417,0.775628,0.750907,0.749899,0.705814,0.646332,0.664339,0.640536,0.643797,0.774253,0.753138,0.735906,0.843076,0.838420,0.766567,0.671510,0.642389,0.635814,0.688676,0.729533,0.988108,0.895700,0.794162,0.822736,0.851490,0.955117,0.930783,0.560319,0.781045,1.004949
4.548180,0.959887,0.835274,0.785244,0.802388,0.854762,0.864647,0.860251,0.859314,0.951996,0.854985,0.856854,0.836945,0.840531,0.810505,0.782792,0.799420,0.774823,0.770219,0.877648,0.835770,0.854747,0.932331,0.917588,0.835549,0.734416,0.768367,0.764815,0.820126,0.858700,1.018625,0.945033,0.858389,0.895763,0.916791,1.020242,0.980743,0.547704,0.899400,1.019108
4.556510,0.987224,0.884594,0.860247,0.869822,0.913662,0.923074,0.914817,0.911985,0.981368,0.920999,0.920507,0.903828,0.910464,0.889130,0.882294,0.898783,0.871355,0.862444,0.959669,0.905658,0.945846,1.005416,0.985031,0.901731,0.779029,0.847710,0.851598,0.889932,0.922364,1.046018,0.987317,0.911288,0.955320,0.974939,1.075050,1.025611,0.526424,0.950255,1.032158
4.564840,1.009641,0.923631,0.913344,0.915287,0.954950,0.964189,0.953595,0.949616,1.005249,0.966686,0.964757,0.949900,0.958314,0.941572,0.947389,0.964647,0.933810,0.923748,1.018366,0.958940,1.008016,1.058318,1.036156,0.957315,0.811336,0.885070,0.900594,0.900742,0.922417,1.070117,1.019346,0.949887,0.999122,1.021546,1.115454,1.062308,0.528255,0.933311,1.043642
4.573170,1.030477,0.960067,0.951804,0.944909,0.982865,0.991997,0.980353,0.975863,1.025008,0.996483,0.993918,0.979820,0.989040,0.974121,0.985564,1.003785,0.970554,0.962396,1.057049,0.996609,1.045025,1.091740,1.070707,0.999702,0.845219,0.892931,0.922475,0.864390,0.870206,1.094497,1.042382,0.976402,1.029446,1.056225,1.141103,1.090123,0.586870,0.857820,1.054322
4.581500,1.050624,0.996199,0.980026,0.963871,1.001225,1.010176,0.998499,0.994002,1.041455,1.014566,1.012021,0.997920,1.007241,0.992399,1.003608,1.022362,0.988451,0.984620,1.079943,1.021260,1.061040,1.107793,1.089967,1.028647,0.887167,0.883016,0.926550,0.795406,0.780271,1.120526,1.058109,0.993359,1.049531,1.080301,1.153135,1.109101,0.693334,0.736496,1.064358
4.589830,1.067001,1.026478,0.997220,0.973596,1.010950,1.019632,1.008721,1.004608,1.053572,1.022343,1.020318,1.005663,1.014577,0.998674,1.005335,1.023983,0.990583,0.992307,1.089875,1.034997,1.059732,1.108999,1.095896,1.044378,0.930408,0.862017,0.917438,0.708184,0.668286,1.144937,1.066829,1.001536,1.061404,1.095081,1.153404,1.119590,0.806543,0.584002,1.072614
4.598160,1.074445,1.041382,0.998840,0.972133,1.010304,1.018715,1.009226,1.005817,1.058934,1.018510,1.017396,1.001724,1.009799,0.991804,0.990478,1.008130,0.975622,0.983111,1.086337,1.037385,1.040760,1.094917,1.087735,1.048961,0.960034,0.830633,0.894483,0.615447,0.550253,1.161337,1.067459,0.999904,1.064300,1.100092,1.141385,1.119816,0.888726,0.417007,1.077126
4.606490,1.070041,1.035377,0.981874,0.957445,0.997628,1.005864,0.998334,0.995884,1.055815,1.001717,1.001835,0.984704,0.991515,0.970266,0.957902,0.973693,0.942212,0.955122,1.067881,1.027286,1.003749,1.065668,1.065556,1.041408,0.965328,0.789996,0.857328,0.533388,0.449343,1.165293,1.059256,0.987599,1.056400,1.094335,1.117443,1.109164,0.922058,0.267543,1.076629
4.614820,1.055026,1.010202,0.947089,0.929218,0.972837,0.981056,0.975908,0.974617,1.044249,0.972013,0.973660,0.954599,0.959694,0.933769,0.906744,0.919709,0.890478,0.908705,1.032352,1.002794,0.947827,1.020530,1.028336,1.020380,0.946069,0.745572,0.808566,0.484315,0.400297,1.156895,1.042648,0.964957,1.035096,1.076155,1.081270,1.086073,0.909609,0.222929,1.071333
4.623150,1.033156,0.972121,0.897902,0.888756,0.937347,0.945727,0.943310,0.943341,1.025783,0.930814,0.934294,0.912791,0.915666,0.883344,0.836784,0.845743,0.821840,0.846041,0.977835,0.962212,0.872442,0.959180,0.975439,0.984457,0.909981,0.705458,0.752827,0.487360,0.429199,1.139551,1.019037,0.933421,0.998053,1.044093,1.033011,1.049671,0.866383,0.332274,1.062507
4.631480,1.007421,0.926349,0.837778,0.837917,0.893112,0.901838,0.902464,0.903966,1.002344,0.880093,0.885709,0.861228,0.861359,0.820710,0.748643,0.752451,0.738620,0.769926,0.903996,0.905286,0.778666,0.883266,0.908170,0.933675,0.865305,0.675757,0.694914,0.537311,0.514376,1.116544,0.990005,0.894801,0.944581,0.997996,0.974588,1.001043,0.805537,0.486387,1.051390
4.639810,0.978119,0.872754,0.767329,0.777668,0.841433,0.850724,0.854715,0.857840,0.975180,0.821260,0.829296,0.801295,0.798147,0.747016,0.642539,0.640391,0.641367,0.680994,0.812566,0.833737,0.669297,0.797182,0.830546,0.870064,0.812183,0.651871,0.634180,0.601715,0.607456,1.088220,0.956568,0.850415,0.876453,0.939647,0.910364,0.943979,0.726310,0.622100,1.038463
4.648140,0.944694,0.808591,0.685505,0.708876,0.783670,0.793805,0.801444,0.806328,0.945274,0.755982,0.766661,0.734766,0.727696,0.663652,0.517923,0.509393,0.528107,0.577706,0.708034,0.751754,0.549342,0.708778,0.750022,0.799172,0.743848,0.619084,0.563432,0.645427,0.670709,1.053427,0.919716,0.801734,0.798631,0.873188,0.847265,0.885162,0.617765,0.711867,1.023945
4.656470,0.909400,0.736521,0.594961,0.635124,0.723390,0.734662,0.746018,0.752683,0.914617,0.688403,0.701789,0.666009,0.654345,0.575018,0.374551,0.359524,0.397044,0.460422,0.600425,0.667748,0.429272,0.630782,0.678165,0.728198,0.658137,0.564102,0.475500,0.645970,0.682590,1.013793,0.881681,0.751885,0.720908,0.806237,0.795251,0.834246,0.477638,0.740052,1.008816
4.664800,0.879843,0.672254,0.511321,0.568806,0.670731,0.683247,0.697625,0.705726,0.888037,0.630162,0.645787,0.606879,0.590802,0.496247,0.218780,0.193759,0.255391,0.342762,0.506951,0.593842,0.331693,0.578092,0.627461,0.665831,0.570434,0.487012,0.374618,0.597135,0.637172,0.977163,0.848323,0.708919,0.656566,0.748287,0.763308,0.799729,0.338217,0.702326,0.995669
4.673130,0.865419,0.639967,0.464778,0.531244,0.641136,0.654528,0.669936,0.678528,0.871824,0.599223,0.615611,0.575642,0.557435,0.455233,0.104829,0.052274,0.149278,0.269202,0.455696,0.546898,0.303066,0.565657,0.609913,0.623006,0.515160,0.404127,0.286226,0.504406,0.539112,0.954539,0.827971,0.684433,0.621532,0.710474,0.758242,0.787547,0.298624,0.602761,0.987651
4.681460,0.869298,0.651061,0.477592,0.538367,0.644902,0.658330,0.671961,0.679724,0.869288,0.607358,0.622352,0.584271,0.567980,0.473032,0.203052,0.190980,0.203570,0.298213,0.475096,0.545112,0.371523,0.600018,0.631276,0.611573,0.519798,0.343640,0.260483,0.379512,0.398675,0.951340,0.826042,0.685832,0.629472,0.704025,0.782298,0.798793,0.402668,0.451528,0.986082
4.689790,0.885809,0.691434,0.536753,0.584626,0.678272,0.690973,0.700581,0.706441,0.878453,0.649356,0.661326,0.627389,0.616080,0.538904,0.366411,0.368041,0.345199,0.401177,0.558409,0.591795,0.496607,0.674482,0.689553,0.639162,0.569103,0.331637,0.317428,0.239849,0.226780,0.962834,0.841301,0.710700,0.679180,0.732718,0.833181,0.832786,0.537304,0.260305,0.989592
4.698120,0.909630,0.745423,0.621041,0.656343,0.733094,0.744708,0.749025,0.752350,0.897035,0.714871,0.723082,0.694353,0.689067,0.631906,0.528352,0.535848,0.497552,0.529104,0.670825,0.669272,0.634692,0.767981,0.768172,0.693927,0.634406,0.386417,0.427548,0.173217,0.097075,0.983344,0.871001,0.754101,0.752800,0.787222,0.898804,0.880662,0.640204,0.063656,0.996916
4.706450,0.937302,0.803741,0.712569,0.736782,0.797570,0.808129,0.807038,0.807736,0.921906,0.789793,0.794386,0.770775,0.770854,0.730724,0.673868,0.684497,0.640156,0.656033,0.784637,0.756592,0.762677,0.861648,0.850386,0.762744,0.699815,0.492194,0.556250,0.300146,0.259299,1.009161,0.909705,0.807508,0.831483,0.853549,0.966427,0.932671,0.702014,0.231277,1.007002
4.714780,0.967524,0.863289,0.800653,0.813151,0.861301,0.871040,0.865205,0.863579,0.950025,0.862356,0.863938,0.844641,0.848801,0.821259,0.796135,0.809129,0.765119,0.770663,0.885716,0.839636,0.871953,0.945928,0.927147,0.834634,0.763587,0.619941,0.684329,0.491011,0.479478,1.039245,0.951357,0.862425,0.903315,0.920115,1.028501,0.983422,0.735928,0.473043,1.019216
4.723110,1.000361,0.924044,0.881037,0.879339,0.918661,0.927833,0.918297,0.914855,0.979696,0.926361,0.925691,0.909489,0.916582,0.897453,0.893356,0.908776,0.871019,0.869876,0.968297,0.910826,0.958464,1.014467,0.991518,0.900417,0.830298,0.755145,0.805944,0.683634,0.690179,1.074224,0.991798,0.913538,0.962981,0.979610,1.079541,1.028499,0.758244,0.695176,1.033441
4.731440,1.031189,0.977181,0.946426,0.930920,0.965283,0.974131,0.962183,0.957561,1.008157,0.977314,0.975180,0.960872,0.969813,0.955489,0.964273,0.982331,0.953310,0.947910,1.030984,0.967261,1.021102,1.065248,1.041133,0.955649,0.890287,0.875138,0.908238,0.847547,0.866943,1.109024,1.027022,0.956381,1.009394,1.028534,1.117482,1.066030,0.765176,0.879353,1.048092
4.739770,1.054352,1.013430,0.991218,0.965990,0.998635,1.007326,0.994314,0.989176,1.032325,1.012753,1.009901,0.996446,1.006287,0.993930,1.009051,1.029436,1.008304,1.000412,1.074283,1.008487,1.059570,1.097533,1.074802,0.997739,0.930336,0.962651,0.980538,0.964884,0.992910,1.136817,1.053866,0.987855,1.043259,1.065785,1.141565,1.094499,0.745042,1.010040,1.060900
4.748100,1.067644,1.030890,1.015330,0.985866,1.018827,1.027412,1.014504,1.009422,1.050261,1.033033,1.030105,1.016700,1.026704,1.014386,1.030865,1.052899,1.037034,1.028043,1.100609,1.035965,1.077089,1.113455,1.094152,1.027151,0.946332,1.012522,1.020563,1.030984,1.062803,1.154444,1.071119,1.007177,1.066360,1.092003,1.153205,1.113907,0.698849,1.080880,1.070381
4.756430,1.072174,1.033363,1.021036,0.992196,1.026574,1.035033,1.023151,1.018578,1.060967,1.039096,1.036643,1.022646,1.032214,1.018516,1.031807,1.054299,1.041009,1.032596,1.111106,1.050513,1.074075,1.112392,1.097656,1.041690,0.943229,1.024933,1.029086,1.045973,1.076202,1.162685,1.078702,1.014545,1.079212,1.107558,1.151817,1.122243,0.648307,1.090625,1.076084
4.764760,1.070910,1.027396,1.011917,0.986626,1.023004,1.031312,1.021100,1.017347,1.064397,1.032379,1.030855,1.015743,1.024375,1.008138,1.014022,1.035670,1.022879,1.017062,1.106305,1.052291,1.052480,1.096060,1.087166,1.044720,0.932025,1.003885,1.009481,1.012659,1.035757,1.164759,1.077465,1.011010,1.081485,1.112304,1.138448,1.119722,0.630361,1.041304,1.078390
4.773090,1.065739,1.016914,0.989979,0.969541,1.008532,1.016709,1.008628,1.005917,1.060624,1.013543,1.013338,0.996622,1.003848,0.983853,0.978010,0.997549,0.984233,0.983251,1.085571,1.040714,1.012635,1.064564,1.062459,1.035096,0.921953,0.954532,0.965243,0.935395,0.946057,1.162970,1.068153,0.997334,1.071864,1.105600,1.113294,1.105669,0.666805,0.937152,1.077652
4.781420,1.055767,1.000002,0.954364,0.939950,0.982632,0.990786,0.985233,0.983753,1.049365,0.982244,0.983715,0.964879,0.970197,0.944952,0.922738,0.938986,0.924974,0.930925,1.047043,1.014204,0.953969,1.017675,1.023124,1.012053,0.913123,0.881259,0.898606,0.819797,0.813144,1.156419,1.050951,0.973619,1.048083,1.086072,1.076457,1.079386,0.736920,0.783987,1.073618
4.789750,1.038036,0.970035,0.901759,0.895902,0.944153,0.952499,0.949917,0.949877,1.030127,0.937429,0.940935,0.919380,0.922210,0.889753,0.845852,0.857719,0.843239,0.857828,0.988290,0.970846,0.875300,0.955256,0.968947,0.974734,0.895698,0.786700,0.809926,0.673227,0.645250,1.141531,1.025578,0.939460,1.007687,1.052181,1.028403,1.040769,0.797454,0.590100,1.065591
4.798080,1.010340,0.921058,0.829261,0.836027,0.892559,0.901411,0.902314,0.903959,1.003073,0.878621,0.884537,0.859564,0.859235,0.817063,0.745136,0.751815,0.737259,0.761796,0.908070,0.909802,0.776529,0.878789,0.901316,0.923400,0.857636,0.673648,0.699660,0.507844,0.456799,1.115244,0.992053,0.894890,0.949626,1.003419,0.971096,0.991363,0.815731,0.371169,1.053246
4.806410,0.974482,0.854552,0.738800,0.762027,0.829909,0.839612,0.844490,0.848053,0.970186,0.807980,0.816666,0.787555,0.783360,0.728578,0.620704,0.622038,0.608289,0.644326,0.808840,0.833251,0.661160,0.793296,0.824783,0.860554,0.795564,0.549769,0.572120,0.343609,0.270817,1.078920,0.951914,0.841880,0.876385,0.941905,0.909204,0.935369,0.783706,0.147342,1.037580
4.814740,0.937489,0.782789,0.640729,0.681273,0.762933,0.773753,0.782795,0.788362,0.936019,0.732656,0.744345,0.710806,0.701938,0.631657,0.475436,0.471127,0.461346,0.513181,0.696827,0.746391,0.535846,0.706747,0.746741,0.791562,0.720355,0.434278,0.438527,0.227602,0.156045,1.039939,0.909449,0.785981,0.794131,0.872365,0.849170,0.879135,0.715300,0.079710,1.021257
4.823070,0.906299,0.720296,0.551076,0.605607,0.701510,0.713518,0.726336,0.733705,0.905685,0.663577,0.678134,0.640590,0.626681,0.539480,0.315426,0.304664,0.306753,0.383842,0.585574,0.659787,0.415280,0.632239,0.678627,0.723730,0.649075,0.360481,0.321870,0.256316,0.252538,1.006023,0.870406,0.734977,0.714643,0.803746,0.800310,0.831458,0.629472,0.293057,1.006882
4.831400,0.884841,0.677014,0.489462,0.550953,0.657722,0.670696,0.685900,0.694397,0.883757,0.615115,0.631555,0.591509,0.573774,0.473279,0.156368,0.131833,0.171359,0.287610,0.496311,0.587794,0.327786,0.584380,0.632391,0.665864,0.593145,0.353936,0.261745,0.375764,0.407766,0.981482,0.841330,0.698320,0.652926,0.746823,0.770894,0.799874,0.534069,0.475541,0.996190
4.839730,0.874220,0.657466,0.473060,0.532360,0.641587,0.654951,0.670171,0.678677,0.872939,0.599710,0.616082,0.576208,0.557985,0.456136,0.116968,0.091546,0.162551,0.276678,0.461753,0.550315,0.322431,0.578699,0.620630,0.629899,0.556784,0.400600,0.289500,0.490965,0.534290,0.967462,0.827279,0.683582,0.626826,0.714698,0.768544,0.790555,0.428923,0.607234,0.989896
4.848060,0.873980,0.662412,0.503418,0.553518,0.654925,0.667935,0.680678,0.688016,0.873085,0.619296,0.633533,0.596621,0.581742,0.492624,0.261536,0.260820,0.285519,0.353287,0.503160,0.563612,0.407776,0.619949,0.648223,0.627071,0.541626,0.459244,0.367056,0.563486,0.605677,0.963575,0.829295,0.692053,0.647519,0.718140,0.795775,0.804839,0.331509,0.672273,0.987840
4.856390,0.885758,0.695602,0.571121,0.607959,0.693988,0.706011,0.714418,0.719690,0.883616,0.668004,0.678819,0.646658,0.637419,0.568174,0.424974,0.432974,0.430580,0.469253,0.599297,0.622408,0.536555,0.697803,0.710101,0.661388,0.559576,0.511377,0.457224,0.582717,0.613507,0.972128,0.846544,0.721308,0.706638,0.756119,0.848442,0.840694,0.321948,0.662661,0.990355
4.864720,0.912034,0.758429,0.663729,0.685118,0.753030,0.763756,0.766862,0.769581,0.904688,0.737651,0.744691,0.717867,0.714626,0.665097,0.580759,0.592221,0.572411,0.596168,0.714201,0.705095,0.671338,0.790529,0.788618,0.718965,0.622313,0.561628,0.551111,0.559101,0.567919,0.996714,0.878034,0.767984,0.783520,0.815871,0.913552,0.888417,0.446191,0.585345,0.998448
4.873050,0.948673,0.836085,0.760821,0.767596,0.819808,0.829382,0.827367,0.827591,0.933218,0.813961,0.817659,0.795677,0.797309,0.763119,0.716138,0.728257,0.697465,0.714115,0.822622,0.790607,0.791255,0.879705,0.867236,0.786339,0.713463,0.611112,0.639393,0.510921,0.488152,1.033626,0.918451,0.823370,0.859502,0.882156,0.978320,0.938187,0.614369,0.455990,1.011330
4.881380,0.985785,0.906607,0.843295,0.838572,0.880286,0.889156,0.883015,0.881220,0.962991,0.881999,0.883124,0.864793,0.869831,0.845765,0.822744,0.835056,0.796652,0.809504,0.912886,0.866611,0.888647,0.956827,0.937873,0.853721,0.801088,0.654363,0.712350,0.460056,0.401298,1.072303,0.959123,0.876137,0.924379,0.944216,1.035824,0.984975,0.753919,0.297576,1.025987
4.889710,1.015606,0.957448,0.903070,0.890511,0.926984,0.935609,0.926642,0.923462,0.989288,0.934110,0.933461,0.917421,0.924631,0.906258,0.898310,0.911171,0.867972,0.878207,0.980374,0.926752,0.959349,1.015619,0.993771,0.912388,0.864564,0.690502,0.767734,0.436440,0.352871,1.104005,0.993775,0.919161,0.973923,0.995664,1.080519,1.024401,0.838099,0.171310,1.039522
4.898040,1.037256,0.990538,0.944122,0.926236,0.960968,0.969602,0.958970,0.954977,1.011325,0.971508,0.969781,0.954987,0.963420,0.947710,0.948496,0.962336,0.917704,0.925857,1.027825,0.971243,1.006745,1.056719,1.034800,0.959823,0.903523,0.727989,0.812510,0.471739,0.396580,1.127418,1.021258,0.951887,1.009912,1.035280,1.111972,1.055976,0.871827,0.249957,1.051043
4.906370,1.054573,1.015358,0.975173,0.952589,0.987055,0.995710,0.984278,0.979901,1.030699,0.999220,0.996978,0.982728,0.991739,0.976960,0.981633,0.996548,0.954840,0.961474,1.060680,1.003330,1.036559,1.083121,1.062932,0.995943,0.930892,0.778503,0.856826,0.569468,0.524213,1.146651,1.043454,0.977155,1.036470,1.064750,1.131867,1.080316,0.877081,0.446096,1.061335
4.914700,1.070360,1.038079,1.001667,0.974161,1.008577,1.017138,1.005517,1.001060,1.048431,1.020853,1.018539,1.004374,1.013548,0.998841,1.003934,1.019833,0.985484,0.990957,1.083630,1.026448,1.053595,1.098006,1.080591,1.022249,0.957583,0.845492,0.906025,0.701325,0.684484,1.164926,1.061951,0.997214,1.057052,1.086358,1.142404,1.098242,0.871695,0.648336,1.071038
4.923030,1.082205,1.054522,1.020699,0.989792,1.024293,1.032664,1.021390,1.017117,1.062823,1.035428,1.033407,1.018959,1.027967,1.012730,1.015865,1.032582,1.007746,1.012020,1.097674,1.041676,1.059521,1.102958,1.089100,1.039088,0.979892,0.915115,0.952836,0.831118,0.836054,1.179707,1.075676,1.011089,1.072155,1.100901,1.144967,1.109951,0.853462,0.825438,1.079071
4.931360,1.084959,1.055563,1.024722,0.994606,1.029908,1.038094,1.027744,1.023932,1.070362,1.038813,1.037430,1.022294,1.030766,1.014173,1.013118,1.030191,1.014197,1.017145,1.099681,1.046737,1.051375,1.096109,1.086650,1.047326,0.985084,0.967266,0.983493,0.932135,0.952681,1.185237,1.081651,1.015516,1.078924,1.106608,1.138159,1.113348,0.808309,0.958971,1.083238
4.939690,1.076028,1.036729,1.008581,0.984437,1.021830,1.029939,1.021107,1.018041,1.068450,1.027491,1.027093,1.010788,1.018271,0.999107,0.991174,1.007967,0.998398,1.000268,1.085833,1.038720,1.026171,1.075907,1.071922,1.044883,0.965394,0.988135,0.987533,0.989620,1.019752,1.178416,1.077590,1.007861,1.073745,1.101163,1.121235,1.107207,0.731668,1.036809,1.082130
4.948020,1.056878,1.000562,0.971257,0.957372,0.998548,1.006752,1.000024,0.997983,1.056468,0.999896,1.000866,0.982804,0.988738,0.965312,0.946530,0.962120,0.956328,0.958337,1.052247,1.014405,0.981009,1.040361,1.042901,1.029573,0.923150,0.971124,0.959320,0.996031,1.029735,1.160583,1.062814,0.987160,1.052824,1.081897,1.092994,1.089590,0.640753,1.052189,1.075845
4.956350,1.031709,0.954401,0.915317,0.913939,0.960818,0.969313,0.965258,0.964513,1.035784,0.956656,0.959426,0.938919,0.942638,0.912793,0.877422,0.890595,0.886780,0.891427,0.996335,0.971627,0.914188,0.988383,0.998393,0.999645,0.869314,0.915653,0.897787,0.948672,0.980082,1.136225,1.038278,0.954258,1.013560,1.047010,1.052952,1.059381,0.574943,1.002839,1.065717
4.964680,1.004525,0.905313,0.844809,0.856251,0.910900,0.919886,0.919058,0.919875,1.008831,0.899949,0.904983,0.881273,0.882041,0.843221,0.783597,0.792958,0.790616,0.801589,0.917555,0.910070,0.825600,0.920485,0.938771,0.954675,0.816419,0.825252,0.805088,0.848969,0.872543,1.109728,1.005857,0.911208,0.955465,0.996409,1.001955,1.016967,0.569794,0.890772,1.053357
4.973010,0.976769,0.855477,0.763125,0.786985,0.851633,0.861313,0.864235,0.866867,0.978023,0.832713,0.840456,0.812786,0.809861,0.759259,0.666126,0.670576,0.670038,0.691676,0.818805,0.832472,0.717906,0.840190,0.867259,0.896574,0.769622,0.705782,0.685338,0.702282,0.712995,1.082571,0.967606,0.860567,0.881531,0.932852,0.943315,0.965239,0.612970,0.722589,1.039802
4.981340,0.947239,0.801579,0.672468,0.709273,0.786217,0.796810,0.803891,0.808533,0.945239,0.758611,0.769383,0.737257,0.729897,0.664740,0.527699,0.527604,0.528745,0.565190,0.708800,0.746335,0.598741,0.755639,0.791087,0.830364,0.722894,0.564906,0.544388,0.520504,0.515455,1.053036,0.925555,0.805255,0.800002,0.863200,0.883703,0.910159,0.655163,0.516217,1.025326
4.989670,0.915093,0.740452,0.575819,0.627551,0.718882,0.730603,0.742007,0.748721,0.912348,0.682729,0.696610,0.660112,0.647582,0.565487,0.370924,0.369768,0.369825,0.426019,0.602972,0.664149,0.481532,0.679511,0.721683,0.764156,0.665722,0.409488,0.387218,0.317445,0.298628,1.019472,0.882123,0.749033,0.724237,0.798246,0.832643,0.860705,0.659079,0.305911,1.010202
4.998000,0.886918,0.684136,0.490139,0.555329,0.660730,0.673592,0.688687,0.697146,0.884557,0.617984,0.634411,0.594481,0.577015,0.478206,0.198734,0.202402,0.197960,0.290748,0.518786,0.598101,0.383134,0.621894,0.667523,0.703774,0.603820,0.261466,0.227061,0.098315,0.067408,0.988111,0.843489,0.700911,0.666610,0.747333,0.796226,0.823015,0.623382,0.162415,0.996954
5.006330,0.873353,0.656881,0.452207,0.518388,0.630373,0.643815,0.660407,0.669559,0.869437,0.586172,0.603312,0.562488,0.542972,0.437153,0.070474,0.094285,0.094070,0.229906,0.481627,0.563160,0.339160,0.594505,0.637853,0.657089,0.564327,0.226654,0.165566,0.155301,0.187104,0.970206,0.819587,0.674997,0.640190,0.719807,0.779868,0.801896,0.571454,0.282560,0.989337
5.014660,0.875567,0.664478,0.478839,0.531413,0.637005,0.650050,0.665071,0.673474,0.869119,0.598042,0.613356,0.575052,0.558255,0.463117,0.211459,0.230018,0.233986,0.305535,0.515930,0.575753,0.388407,0.612332,0.645423,0.637449,0.560520,0.342434,0.287195,0.373049,0.415061,0.967571,0.815458,0.677877,0.657420,0.725695,0.791585,0.803423,0.518610,0.491515,0.987987
5.022990,0.889918,0.698114,0.551683,0.587101,0.676616,0.688504,0.699447,0.705911,0.881870,0.647568,0.659297,0.625891,0.615057,0.541041,0.388528,0.405580,0.405606,0.440419,0.604680,0.631229,0.499478,0.669963,0.687714,0.651254,0.586024,0.488597,0.442902,0.556047,0.601133,0.977024,0.830928,0.707315,0.711617,0.763323,0.829050,0.825746,0.467485,0.667804,0.991990
5.031320,0.911460,0.744760,0.641586,0.664353,0.735777,0.746335,0.752106,0.756087,0.903615,0.717922,0.725663,0.697762,0.693289,0.640004,0.550181,0.566809,0.559236,0.575840,0.714014,0.710160,0.628760,0.752635,0.755436,0.697097,0.624975,0.611933,0.578503,0.685949,0.728213,0.993856,0.861100,0.754268,0.784307,0.821298,0.885333,0.864808,0.421109,0.783111,0.999784
5.039650,0.938379,0.799629,0.733165,0.746309,0.802160,0.811621,0.812204,0.813667,0.931016,0.794739,0.798864,0.776054,0.776864,0.739948,0.690671,0.706309,0.690262,0.697328,0.819781,0.793069,0.751179,0.840395,0.831223,0.758091,0.672527,0.702081,0.686682,0.756341,0.789592,1.016706,0.900260,0.809645,0.858057,0.885751,0.947659,0.910772,0.413718,0.827365,1.010568
5.047980,0.969174,0.859836,0.816085,0.819391,0.863943,0.872677,0.868857,0.868172,0.959843,0.864844,0.866154,0.847352,0.851913,0.826277,0.803613,0.818848,0.794457,0.797237,0.910470,0.868421,0.856292,0.922440,0.904754,0.825162,0.731146,0.758755,0.765554,0.767423,0.784798,1.044936,0.940879,0.863287,0.923019,0.946985,1.008251,0.957264,0.487703,0.797628,1.023328
5.056310,1.003248,0.923556,0.887766,0.879476,0.916953,0.925301,0.918109,0.915780,0.988537,0.923795,0.923135,0.907010,0.914083,0.895373,0.889092,0.904176,0.873751,0.876053,0.980864,0.929578,0.939164,0.991380,0.968909,0.889316,0.803386,0.791403,0.821065,0.732266,0.726834,1.078970,0.979410,0.910947,0.974435,0.998685,1.060641,0.999871,0.625828,0.704464,1.037783
5.064640,1.035625,0.981011,0.943562,0.924373,0.958557,0.966792,0.957385,0.953983,1.014762,0.968990,0.967169,0.952522,0.961017,0.945717,0.947983,0.963171,0.928746,0.932715,1.031034,0.975130,0.998130,1.043009,1.018573,0.942890,0.876605,0.805720,0.855988,0.666992,0.633173,1.113884,1.012715,0.949512,1.012317,1.038691,1.100831,1.035071,0.768972,0.563716,1.052300
5.072970,1.060321,1.022013,0.980643,0.954524,0.988278,0.996571,0.986046,0.982110,1.036380,1.000294,0.997990,0.983889,0.992957,0.978568,0.983587,0.998812,0.961571,0.967875,1.063367,1.006206,1.035095,1.077650,1.053726,0.984867,0.933481,0.806053,0.873137,0.592012,0.528304,1.142841,1.038918,0.977799,1.038641,1.067153,1.128307,1.062470,0.873434,0.399510,1.064730
5.081300,1.074099,1.042520,0.999548,0.971837,1.006796,1.015200,1.004467,1.000443,1.051846,1.018792,1.016522,1.002319,1.011369,0.996361,1.000181,1.015162,0.975853,0.984230,1.080868,1.024797,1.053316,1.097075,1.075555,1.015005,0.964340,0.798443,0.876968,0.533416,0.448051,1.161422,1.057035,0.995747,1.055549,1.085068,1.143921,1.082333,0.923437,0.260543,1.073462
5.089630,1.078749,1.047447,1.005144,0.979519,1.016148,1.024610,1.014307,1.010506,1.061245,1.026881,1.025020,1.010297,1.018943,1.002500,1.002292,1.016580,0.977080,0.987141,1.086045,1.032656,1.056158,1.103473,1.085809,1.034654,0.973229,0.794383,0.875685,0.523402,0.440703,1.170764,1.067654,1.004753,1.064381,1.093386,1.149028,1.095232,0.928109,0.266637,1.078487
5.097960,1.078330,1.045241,1.003332,0.980537,1.018539,1.026955,1.017451,1.014051,1.065532,1.027084,1.025894,1.010390,1.018394,1.000134,0.993911,1.007185,0.970878,0.982359,1.080507,1.030625,1.047350,1.099425,1.086623,1.044746,0.972234,0.805913,0.877970,0.578847,0.523469,1.175060,1.072139,1.006691,1.065431,1.092350,1.145460,1.101955,0.908514,0.422571,1.080737
5.106290,1.074581,1.039619,0.996195,0.975466,1.014481,1.022774,1.014296,1.011404,1.064955,1.020126,1.019805,1.003315,1.010481,0.990093,0.976267,0.988379,0.959432,0.972022,1.064168,1.018517,1.028101,1.085685,1.078395,1.047549,0.969422,0.835755,0.886828,0.680137,0.656090,1.176520,1.071135,1.002283,1.057723,1.081664,1.133650,1.102012,0.878532,0.610107,1.080614
5.114620,1.064827,1.025438,0.979316,0.961298,1.001685,1.009882,1.002714,1.000465,1.058101,1.003776,1.004534,0.986769,0.992833,0.969647,0.946540,0.957463,0.938620,0.951842,1.034777,0.994707,0.997100,1.061861,1.060733,1.041696,0.959667,0.869962,0.894015,0.787277,0.788247,1.172371,1.063546,0.990063,1.038871,1.060161,1.113749,1.094808,0.832655,0.776900,1.077205
5.122950,1.045286,0.994379,0.945203,0.933251,0.976500,0.984762,0.979369,0.977985,1.043025,0.974276,0.976395,0.956889,0.961409,0.934047,0.898904,0.908382,0.899912,0.913554,0.988268,0.956407,0.950246,1.025471,1.031227,1.024750,0.930440,0.886957,0.884634,0.866384,0.885312,1.157841,1.047353,0.967453,1.005478,1.026035,1.084451,1.078191,0.756026,0.897036,1.069288
5.131280,1.015962,0.944192,0.889731,0.888403,0.936952,0.945540,0.942554,0.942338,1.019471,0.929448,0.933305,0.911394,0.913738,0.880026,0.828110,0.835469,0.836040,0.850874,0.921179,0.901436,0.883432,0.974024,0.987476,0.994106,0.875542,0.870990,0.846777,0.897795,0.928014,1.131707,1.021636,0.933151,0.955032,0.978147,1.044474,1.050149,0.646472,0.955230,1.056983
5.139610,0.981730,0.881868,0.815143,0.827738,0.884447,0.893639,0.893755,0.895044,0.989741,0.870504,0.876548,0.851438,0.850834,0.807955,0.731874,0.736004,0.744224,0.762705,0.832866,0.829934,0.794813,0.906830,0.928765,0.948553,0.802145,0.816308,0.775740,0.873299,0.908190,1.098206,0.987620,0.888471,0.887749,0.917424,0.993867,1.010095,0.530465,0.944462,1.042134
5.147940,0.949108,0.819420,0.728805,0.755878,0.823404,0.833422,0.837264,0.840358,0.957672,0.801859,0.810538,0.781452,0.777112,0.721984,0.611589,0.611359,0.626528,0.653062,0.727896,0.746352,0.686888,0.827084,0.857919,0.889723,0.727678,0.725060,0.673380,0.791945,0.824943,1.064195,0.948273,0.837036,0.808626,0.848525,0.935635,0.960332,0.463909,0.864287,1.027184
5.156270,0.922092,0.766038,0.640093,0.679971,0.760184,0.771155,0.779082,0.784146,0.927051,0.730387,0.741987,0.708638,0.699753,0.629633,0.471676,0.466418,0.488591,0.529541,0.617372,0.660263,0.567175,0.742278,0.781489,0.822228,0.668593,0.604856,0.546281,0.659132,0.684202,1.034477,0.907480,0.784032,0.728111,0.780196,0.875781,0.906080,0.482647,0.721585,1.013844
5.164600,0.900252,0.722137,0.557025,0.607911,0.701464,0.713422,0.725349,0.732322,0.900382,0.663926,0.678351,0.641093,0.627304,0.540868,0.318009,0.308384,0.337457,0.401653,0.520572,0.586490,0.449768,0.664847,0.710563,0.753861,0.627029,0.465604,0.403142,0.486196,0.499499,1.008931,0.869003,0.734943,0.661505,0.724372,0.823478,0.855888,0.543027,0.534095,1.002498
5.172930,0.882460,0.684875,0.489555,0.550431,0.655581,0.668413,0.683469,0.691911,0.880044,0.612947,0.629353,0.589454,0.571680,0.471536,0.160590,0.147406,0.183480,0.287102,0.461820,0.540655,0.356638,0.607568,0.655820,0.692011,0.593114,0.318605,0.255327,0.284719,0.287792,0.985641,0.837279,0.696640,0.623254,0.691419,0.786613,0.817241,0.585137,0.334320,0.993359
5.181260,0.872727,0.661901,0.458610,0.524207,0.634160,0.647394,0.663568,0.672518,0.869862,0.591619,0.608165,0.568112,0.549362,0.446037,0.097741,0.093475,0.108529,0.240089,0.463664,0.535450,0.325216,0.583053,0.627485,0.645390,0.566972,0.209580,0.159233,0.056435,0.067204,0.967575,0.818363,0.678015,0.622964,0.688155,0.771459,0.795961,0.591411,0.194716,0.988029
5.189590,0.876113,0.666272,0.484098,0.542678,0.645886,0.658674,0.673160,0.681297,0.872658,0.609498,0.623906,0.586766,0.571291,0.480411,0.248325,0.256513,0.246135,0.314652,0.530141,0.575547,0.385664,0.603701,0.636447,0.625990,0.564113,0.267030,0.251283,0.196923,0.225281,0.960528,0.817299,0.685296,0.662625,0.716936,0.784526,0.797398,0.574973,0.310074,0.988097
5.197920,0.891697,0.697596,0.555379,0.600132,0.687790,0.699448,0.709910,0.716126,0.887499,0.661439,0.672246,0.640044,0.630512,0.560390,0.419623,0.431688,0.417334,0.448299,0.633443,0.647399,0.502723,0.664119,0.680469,0.640610,0.590177,0.423825,0.416392,0.429585,0.465274,0.965786,0.834644,0.716890,0.729164,0.769956,0.823585,0.820027,0.551014,0.529150,0.993297
5.206250,0.916457,0.747450,0.647853,0.678810,0.748964,0.759339,0.764662,0.768408,0.911633,0.733528,0.740465,0.713657,0.710248,0.659957,0.577813,0.591158,0.575587,0.587507,0.744048,0.731186,0.634080,0.748400,0.749250,0.687103,0.638403,0.584304,0.575341,0.628565,0.668396,0.982306,0.867136,0.765757,0.804436,0.834401,0.880848,0.859170,0.525786,0.723443,1.002789
5.214580,0.945014,0.802565,0.740196,0.760078,0.815861,0.825270,0.825488,0.826756,0.940783,0.810419,0.813925,0.791978,0.793494,0.758378,0.714064,0.727170,0.710046,0.711580,0.844499,0.811782,0.755464,0.835781,0.824589,0.747670,0.691433,0.715522,0.707009,0.775412,0.814821,1.005416,0.908411,0.822104,0.875024,0.898824,0.942827,0.904352,0.496636,0.860745,1.014886
5.222910,0.971456,0.851516,0.816484,0.827644,0.874123,0.883038,0.879105,0.878352,0.968667,0.876527,0.877434,0.859111,0.864012,0.838830,0.819433,0.832862,0.811921,0.807801,0.926208,0.880520,0.856996,0.916121,0.896707,0.813775,0.735401,0.801731,0.799560,0.855660,0.889567,1.028611,0.948648,0.873598,0.933903,0.955799,1.002299,0.949504,0.475629,0.923086,1.027033
5.231240,0.997157,0.898288,0.878121,0.879982,0.921201,0.929946,0.922965,0.920730,0.994176,0.929116,0.928245,0.912249,0.919357,0.900039,0.896234,0.910471,0.885213,0.879382,0.987933,0.934593,0.935921,0.983327,0.959438,0.877043,0.778631,0.848050,0.858058,0.871972,0.894335,1.053353,0.984465,0.916840,0.979590,1.002159,1.053669,0.990628,0.507888,0.909200,1.039177
5.239570,1.023720,0.946892,0.928647,0.919882,0.958417,0.967115,0.958139,0.954942,1.017488,0.969506,0.967619,0.952889,0.961239,0.944843,0.948984,0.964168,0.935523,0.931346,1.031917,0.974601,0.992813,1.034513,1.008734,0.930575,0.831299,0.865440,0.891103,0.836223,0.840484,1.082098,1.015075,0.951645,1.013688,1.037531,1.093832,1.024855,0.611087,0.828142,1.051573
5.247900,1.049153,0.993969,0.968826,0.949938,0.987234,0.995879,0.985821,0.982112,1.038061,0.999484,0.997208,0.982959,0.991838,0.976450,0.982780,0.998666,0.967736,0.967323,1.061309,1.002425,1.030835,1.070807,1.045241,0.973839,0.891049,0.863951,0.906215,0.764220,0.744051,1.113358,1.040159,0.978496,1.038488,1.062759,1.122810,1.052259,0.745170,0.693972,1.063471
5.256230,1.067916,1.029478,0.995106,0.969719,1.006808,1.015379,1.005046,1.001221,1.053731,1.018632,1.016457,1.002102,1.010976,0.995285,0.999647,1.015595,0.982906,0.986937,1.077358,1.018954,1.051327,1.092716,1.069151,1.005881,0.942658,0.848603,0.906226,0.673013,0.624247,1.140919,1.058315,0.996534,1.054708,1.078188,1.140585,1.072708,0.858583,0.524862,1.072872
5.264560,1.075160,1.044758,1.003685,0.977424,1.015236,1.023741,1.013843,1.010245,1.061995,1.025442,1.023746,1.008821,1.017265,1.000248,0.999681,1.014913,0.980470,0.988586,1.079626,1.023841,1.054606,1.100565,1.080728,1.026943,0.970701,0.822131,0.891918,0.582299,0.506319,1.158117,1.067726,1.004281,1.061480,1.083318,1.147238,1.086018,0.921098,0.347918,1.077786
5.272890,1.071072,1.040158,0.995595,0.973143,1.012379,1.020841,1.011913,1.008797,1.062197,1.020096,1.019157,1.003299,1.010972,0.991796,0.984043,0.997887,0.962444,0.973977,1.067578,1.016287,1.042363,1.095639,1.081057,1.037076,0.972268,0.792518,0.867995,0.521463,0.432545,1.163364,1.068161,1.001796,1.057473,1.077171,1.143654,1.092396,0.930547,0.236469,1.077868
5.281220,1.059905,1.023307,0.975715,0.958867,0.999946,1.008383,1.000772,0.998302,1.055605,1.004470,1.004514,0.987417,0.994021,0.971908,0.954531,0.966283,0.932710,0.947389,1.040587,0.995492,1.015628,1.078320,1.070221,1.038245,0.956611,0.772545,0.842519,0.522894,0.450588,1.160111,1.061043,0.990672,1.041227,1.058903,1.129853,1.091195,0.904319,0.312893,1.074316
5.289550,1.045343,1.001311,0.948537,0.936621,0.979862,0.988297,0.982232,0.980516,1.043869,0.980567,0.981795,0.963173,0.968427,0.942591,0.913049,0.922246,0.895168,0.912935,0.998912,0.961518,0.976106,1.049826,1.049108,1.029982,0.935408,0.771861,0.822472,0.590683,0.552879,1.152488,1.048145,0.972695,1.012117,1.028523,1.106872,1.082528,0.861623,0.490719,1.068387
5.297880,1.026974,0.973424,0.913347,0.905965,0.952106,0.960616,0.956361,0.955527,1.027346,0.948364,0.950995,0.930507,0.934084,0.903507,0.859046,0.865460,0.849399,0.870043,0.942391,0.914538,0.923747,1.010189,1.017382,1.011489,0.909988,0.784982,0.805940,0.688175,0.681224,1.140436,1.029902,0.948103,0.969711,0.986528,1.075078,1.065489,0.805098,0.666784,1.060167
5.306210,1.001900,0.932595,0.864396,0.863830,0.914616,0.923386,0.921386,0.921647,1.005300,0.905699,0.910014,0.887172,0.888603,0.851664,0.788556,0.791918,0.789126,0.812515,0.869848,0.854427,0.855999,0.958108,0.973643,0.981078,0.869959,0.791182,0.780181,0.770652,0.785842,1.120194,1.005323,0.915550,0.913619,0.933672,1.034134,1.038667,0.721310,0.801082,1.049021
5.314540,0.969947,0.875410,0.797326,0.807873,0.866069,0.875379,0.876260,0.877917,0.977934,0.851092,0.857456,0.831593,0.830237,0.784531,0.697002,0.696793,0.707021,0.733928,0.780885,0.781954,0.770003,0.892531,0.916848,0.937346,0.806854,0.769996,0.731082,0.808186,0.837496,1.089984,0.973825,0.874251,0.844826,0.871788,0.984069,1.001192,0.602999,0.871909,1.035205
5.322870,0.935990,0.808757,0.714742,0.739909,0.808602,0.818733,0.823142,0.826507,0.947704,0.786604,0.795419,0.765834,0.760927,0.703496,0.582647,0.578123,0.600037,0.633183,0.678965,0.701027,0.665971,0.815232,0.848539,0.880873,0.726495,0.711839,0.651699,0.787145,0.822991,1.053785,0.936895,0.826033,0.767940,0.805388,0.927064,0.954358,0.473207,0.868675,1.020526
5.331200,0.907096,0.747087,0.626746,0.666952,0.748446,0.759572,0.767906,0.773161,0.918694,0.718809,0.730368,0.696792,0.687491,0.615542,0.448142,0.438365,0.471217,0.516284,0.574122,0.620380,0.549410,0.732283,0.773968,0.815071,0.649184,0.618643,0.544101,0.706092,0.741039,1.019346,0.898328,0.775818,0.692659,0.742509,0.868206,0.902349,0.397326,0.790948,1.007402
5.339530,0.887490,0.702306,0.547227,0.599658,0.694308,0.706418,0.718519,0.725566,0.894788,0.657475,0.671694,0.634483,0.620520,0.532987,0.300401,0.283789,0.328893,0.395841,0.484919,0.553627,0.433097,0.654947,0.703104,0.746836,0.596232,0.500201,0.417366,0.572360,0.599741,0.992569,0.863091,0.730386,0.632977,0.693472,0.815781,0.852781,0.427089,0.648329,0.997422
5.347860,0.876723,0.676052,0.490015,0.550570,0.655583,0.668453,0.683280,0.691604,0.878678,0.614081,0.630119,0.590588,0.573088,0.473461,0.155548,0.124072,0.189356,0.294314,0.436015,0.515785,0.339659,0.596449,0.646983,0.683629,0.571890,0.370594,0.286552,0.398264,0.413802,0.974035,0.836277,0.697179,0.602390,0.667518,0.777982,0.813377,0.507967,0.461338,0.990933
5.356190,0.872479,0.663534,0.466348,0.530829,0.639600,0.652784,0.668414,0.677100,0.871517,0.598124,0.614313,0.574762,0.556580,0.455102,0.115366,0.084714,0.125839,0.254485,0.448991,0.518951,0.310647,0.572102,0.618208,0.635894,0.563262,0.253779,0.188497,0.191897,0.195165,0.960992,0.821667,0.681948,0.609707,0.670846,0.762900,0.791582,0.568810,0.263974,0.987628
5.364520,0.875811,0.666928,0.486097,0.547602,0.650645,0.663487,0.677509,0.685422,0.874090,0.614511,0.628884,0.591971,0.576726,0.486738,0.251727,0.249955,0.238265,0.313598,0.521574,0.564498,0.374042,0.594115,0.627811,0.615971,0.565640,0.236816,0.227274,0.064368,0.071895,0.953801,0.821740,0.687933,0.654188,0.704114,0.777062,0.793176,0.590425,0.193921,0.987856
5.372850,0.888857,0.691994,0.547716,0.598891,0.688032,0.699921,0.710180,0.716297,0.886694,0.661000,0.672146,0.639795,0.629989,0.559402,0.414044,0.421549,0.399363,0.434518,0.626273,0.638549,0.493146,0.656890,0.673598,0.631059,0.587315,0.361227,0.374362,0.303090,0.325099,0.956014,0.837627,0.715228,0.722461,0.759401,0.818116,0.816826,0.586021,0.386967,0.992186
5.381180,0.911829,0.738281,0.635864,0.673169,0.745346,0.756036,0.761268,0.764969,0.908584,0.728813,0.736247,0.709149,0.705309,0.654387,0.570240,0.581801,0.558369,0.571546,0.737173,0.722977,0.627079,0.743090,0.743738,0.677690,0.632185,0.526791,0.537828,0.531871,0.563628,0.970172,0.868184,0.760255,0.798177,0.824760,0.876999,0.856864,0.573167,0.615434,1.000807
5.389510,0.941770,0.797031,0.731096,0.754305,0.811592,0.821277,0.821325,0.822513,0.937158,0.804994,0.808996,0.786787,0.787954,0.752611,0.708346,0.721181,0.699646,0.700822,0.838367,0.804088,0.751820,0.832987,0.821078,0.739265,0.691942,0.682320,0.686156,0.723072,0.759355,0.995270,0.908969,0.815494,0.869191,0.889788,0.940936,0.903293,0.556730,0.804828,1.013005
5.397840,0.970177,0.850159,0.812157,0.824019,0.871449,0.880590,0.876338,0.875431,0.965791,0.872911,0.874221,0.855750,0.860426,0.835370,0.817038,0.830826,0.809724,0.804124,0.921165,0.873480,0.855810,0.914675,0.894242,0.805904,0.743319,0.797334,0.798005,0.852467,0.888808,1.022244,0.950186,0.868303,0.928707,0.947377,1.001354,0.949124,0.528385,0.926831,1.025741
5.406170,0.994548,0.893899,0.874414,0.876838,0.918949,0.927919,0.920578,0.918168,0.991267,0.926229,0.925652,0.909584,0.916551,0.897471,0.895571,0.910727,0.887825,0.879158,0.983915,0.928344,0.936086,0.982600,0.957579,0.869681,0.781694,0.865349,0.869994,0.911817,0.942798,1.047261,0.986128,0.912372,0.975174,0.994481,1.053165,0.990614,0.509037,0.969132,1.037629
5.414500,1.017623,0.935066,0.922816,0.915947,0.955488,0.964421,0.955129,0.951777,1.013801,0.966284,0.964575,0.949830,0.958105,0.941962,0.948697,0.965207,0.939718,0.931535,1.028709,0.969194,0.993371,1.034001,1.007181,0.923854,0.819545,0.894520,0.909438,0.907875,0.927034,1.072925,1.015826,0.947271,1.009996,1.030705,1.093360,1.025017,0.546732,0.934654,1.049079
5.422830,1.041453,0.978498,0.962553,0.946092,0.984224,0.993071,0.982747,0.978907,1.034182,0.996471,0.994260,0.980062,0.988936,0.973850,0.983061,1.000433,0.972790,0.968031,1.059278,0.998280,1.031736,1.070462,1.043987,0.967822,0.868032,0.897725,0.926822,0.855245,0.855596,1.102043,1.040102,0.974621,1.035726,1.057192,1.122281,1.052613,0.653740,0.835236,1.060534
5.431160,1.063068,1.018887,0.992640,0.968172,1.005478,1.014149,1.003563,0.999613,1.051236,1.017490,1.015281,1.001059,1.010009,0.994764,1.001875,1.019282,0.990114,0.990451,1.077481,1.016932,1.053193,1.092922,1.068521,1.000823,0.922005,0.883748,0.928179,0.769402,0.744402,1.131837,1.058498,0.994424,1.053448,1.074674,1.140242,1.073488,0.784212,0.684995,1.070892
5.439490,1.076254,1.044660,1.007754,0.979763,1.016975,1.025447,1.015279,1.011550,1.062161,1.027503,1.025683,1.010985,1.019596,1.003247,1.005179,1.021757,0.990935,0.996551,1.082843,1.024659,1.058729,1.102111,1.081359,1.023240,0.963776,0.855938,0.914591,0.666464,0.612164,1.154836,1.069169,1.004972,1.062299,1.082525,1.147596,1.087657,0.885766,0.501681,1.077878
5.447820,1.076930,1.048094,1.003949,0.978242,1.016427,1.024764,1.015613,1.012390,1.064695,1.024538,1.023420,1.007838,1.015726,0.997301,0.991672,1.006624,0.973905,0.984126,1.073866,1.020327,1.047551,1.097774,1.082341,1.034256,0.978803,0.817565,0.886742,0.568324,0.487634,1.165030,1.070609,1.004685,1.060507,1.079762,1.144266,1.094616,0.931306,0.317439,1.079810
5.456150,1.066793,1.031874,0.983215,0.963983,1.004189,1.012486,1.004798,1.002293,1.058993,1.009143,1.008987,0.992150,0.998954,0.977452,0.961827,0.974371,0.941021,0.955206,1.049175,1.002553,1.019970,1.079780,1.071072,1.035489,0.967290,0.778736,0.850376,0.509250,0.420944,1.162615,1.063314,0.994080,1.046119,1.065073,1.129897,1.093283,0.923890,0.229764,1.076980
5.464480,1.051042,1.005408,0.951600,0.939766,0.982779,0.991118,0.985183,0.983530,1.047161,0.983907,0.984949,0.966513,0.971892,0.946306,0.917826,0.927276,0.896994,0.915005,1.008726,0.971026,0.977525,1.049082,1.048184,1.026260,0.941343,0.754193,0.814976,0.523209,0.459907,1.152609,1.049399,0.975382,1.018258,1.038055,1.105251,1.083499,0.884630,0.347980,1.071065
5.472810,1.032827,0.974913,0.913335,0.907840,0.954348,0.962802,0.958844,0.958150,1.031070,0.951001,0.953464,0.933095,0.936718,0.906012,0.861555,0.867459,0.845637,0.867487,0.953331,0.926397,0.921677,1.006526,1.013981,1.006226,0.911862,0.751754,0.786937,0.603128,0.576944,1.138866,1.030671,0.950508,0.977074,0.999326,1.071169,1.064672,0.830828,0.536778,1.063283
5.481140,1.010693,0.937278,0.866295,0.867345,0.918557,0.927251,0.925583,0.926000,1.010874,0.910059,0.914195,0.891487,0.892962,0.855814,0.791885,0.794024,0.785177,0.810680,0.883431,0.869512,0.852164,0.952306,0.968307,0.974642,0.876102,0.759722,0.760886,0.700562,0.703662,1.120038,1.007187,0.919428,0.923172,0.950104,1.028345,1.036172,0.759106,0.705801,1.053467
5.489470,0.982010,0.885441,0.804394,0.815201,0.873374,0.882542,0.883668,0.885438,0.985902,0.858951,0.865075,0.839468,0.838255,0.792674,0.704491,0.702642,0.708240,0.737510,0.798964,0.801276,0.766860,0.886108,0.910793,0.930664,0.821998,0.753167,0.721199,0.768630,0.791196,1.092518,0.977865,0.880808,0.857672,0.892124,0.977445,0.997683,0.654732,0.819173,1.041061
5.497800,0.948470,0.820034,0.725708,0.750571,0.818710,0.828643,0.833169,0.836583,0.957010,0.797482,0.805970,0.776791,0.772202,0.715495,0.595591,0.589417,0.608314,0.642953,0.701934,0.724382,0.664967,0.809356,0.842743,0.874714,0.745625,0.712863,0.654409,0.780389,0.813837,1.057056,0.942798,0.834762,0.783974,0.828779,0.920555,0.950515,0.520437,0.857629,1.026801
5.506130,0.916685,0.753485,0.637435,0.678317,0.759039,0.769967,0.778330,0.783591,0.927466,0.730302,0.741487,0.708368,0.699551,0.628872,0.465452,0.454478,0.484977,0.529518,0.599850,0.645570,0.550609,0.727701,0.769239,0.809945,0.661459,0.633918,0.557133,0.727111,0.763331,1.020588,0.904756,0.784827,0.709846,0.766505,0.862665,0.898960,0.402886,0.814876,1.012881
5.514460,0.893408,0.702244,0.554272,0.608772,0.702848,0.714809,0.726942,0.734000,0.901574,0.666699,0.680623,0.643762,0.630258,0.544052,0.319349,0.302763,0.344777,0.408459,0.508335,0.576445,0.435806,0.652153,0.699967,0.742990,0.595582,0.523757,0.436145,0.613087,0.644444,0.991400,0.868635,0.737518,0.647610,0.714382,0.811859,0.850467,0.384685,0.696824,1.001555
5.522790,0.880996,0.674600,0.493769,0.555950,0.660739,0.673517,0.688443,0.696817,0.883062,0.619208,0.635204,0.595744,0.578400,0.479326,0.170981,0.143446,0.203336,0.302838,0.449504,0.530791,0.343114,0.595986,0.646047,0.681420,0.564775,0.397727,0.307023,0.450644,0.470966,0.973179,0.840260,0.701113,0.610178,0.681347,0.776195,0.812769,0.462669,0.520784,0.993986
5.531120,0.876688,0.665653,0.468357,0.531905,0.640780,0.653920,0.669737,0.678521,0.873349,0.598228,0.614745,0.574882,0.556346,0.453949,0.103605,0.073972,0.123440,0.254788,0.447209,0.522185,0.314109,0.574565,0.620166,0.636006,0.560189,0.278143,0.202382,0.252175,0.258952,0.963229,0.823797,0.682008,0.608064,0.674956,0.763637,0.793228,0.546360,0.317788,0.989826
5.539450,0.878872,0.671546,0.484733,0.543163,0.646787,0.659664,0.673970,0.682034,0.872596,0.608611,0.623662,0.586076,0.569970,0.477718,0.228962,0.230656,0.219991,0.303321,0.506729,0.556230,0.376112,0.599173,0.632639,0.618898,0.568039,0.233201,0.214394,0.046204,0.030940,0.959222,0.821287,0.683298,0.643791,0.698533,0.780172,0.797179,0.590779,0.175381,0.988727
5.547780,0.889815,0.697319,0.543495,0.589876,0.679534,0.691507,0.702024,0.708285,0.881550,0.650084,0.662043,0.628906,0.618093,0.545269,0.392499,0.403867,0.380857,0.420913,0.605992,0.623577,0.494975,0.663871,0.680705,0.636572,0.592333,0.338767,0.353002,0.249144,0.263740,0.963899,0.834284,0.706211,0.707415,0.747288,0.823173,0.822854,0.600871,0.325989,0.991358
5.556110,0.910563,0.743585,0.630892,0.662004,0.733876,0.744624,0.749935,0.753698,0.900113,0.715132,0.723295,0.695538,0.690906,0.638758,0.552376,0.568114,0.543565,0.559479,0.717567,0.706515,0.630316,0.751867,0.752861,0.685623,0.637663,0.504763,0.519244,0.490326,0.517880,0.979720,0.862268,0.748192,0.782774,0.810131,0.883809,0.864709,0.595612,0.567167,0.998225
5.564440,0.940213,0.804709,0.729073,0.744670,0.800341,0.809986,0.809804,0.810903,0.927032,0.792086,0.796604,0.774004,0.774762,0.739412,0.696014,0.712894,0.691094,0.693866,0.822437,0.789305,0.757286,0.843250,0.831748,0.749104,0.700802,0.669825,0.675811,0.699407,0.733543,1.007146,0.902120,0.803147,0.855935,0.875515,0.949085,0.912641,0.586518,0.777397,1.009450
5.572770,0.969804,0.861039,0.814564,0.818057,0.862749,0.871754,0.866951,0.865796,0.955760,0.863213,0.864801,0.846257,0.850845,0.826725,0.811069,0.828568,0.808207,0.803408,0.910664,0.862571,0.863693,0.925897,0.905826,0.816861,0.757046,0.797061,0.797518,0.848163,0.884147,1.036676,0.944102,0.857996,0.919011,0.935620,1.010197,0.959521,0.562383,0.921964,1.022072
5.581100,0.994829,0.905282,0.879610,0.874206,0.913106,0.921906,0.913781,0.911003,0.982134,0.920028,0.919519,0.903622,0.910719,0.893065,0.894620,0.912821,0.891379,0.882880,0.978132,0.921364,0.944903,0.993437,0.968857,0.880424,0.796254,0.874458,0.876838,0.923365,0.955751,1.062736,0.981495,0.904861,0.968547,0.985784,1.061550,1.001364,0.532888,0.983674,1.034124
5.589430,1.017087,0.943233,0.927998,0.914989,0.951443,0.960231,0.950054,0.946279,1.005487,0.962402,0.960605,0.946172,0.954698,0.940104,0.950567,0.969453,0.945383,0.936769,1.026457,0.965659,1.001686,1.043502,1.017371,0.933958,0.828553,0.907655,0.919286,0.929099,0.951301,1.086918,1.012253,0.941919,1.005459,1.025084,1.100497,1.035686,0.544263,0.962552,1.045549
5.597760,1.040091,0.982823,0.966838,0.946141,0.981549,0.990290,0.979068,0.974793,1.026926,0.994337,0.991934,0.978126,0.987312,0.973739,0.986696,1.005860,0.979010,0.973412,1.059967,0.997946,1.039093,1.078384,1.052872,0.976785,0.869463,0.910672,0.936667,0.880052,0.884658,1.113310,1.037406,0.971018,1.032718,1.054747,1.127922,1.063109,0.630514,0.869884,1.057134
5.606090,1.062999,1.022472,0.997686,0.970186,1.005082,1.013665,1.002195,0.997816,1.046162,1.017882,1.015413,1.001641,1.010944,0.997170,1.007837,1.026472,0.997446,0.996897,1.081548,1.020190,1.060336,1.099741,1.076470,1.008827,0.920232,0.895400,0.937743,0.793430,0.773087,1.141324,1.057366,0.993130,1.052318,1.075929,1.144659,1.083995,0.759474,0.720642,1.068501
5.614420,1.080048,1.051263,1.015868,0.985192,1.020209,1.028584,1.017558,1.013414,1.060675,1.031655,1.029538,1.015344,1.024343,1.009459,1.014591,1.031833,1.000829,1.005806,1.091634,1.032793,1.066020,1.108041,1.088508,1.030441,0.965023,0.867507,0.925282,0.687246,0.636833,1.164377,1.070633,1.006912,1.064358,1.088799,1.150953,1.098112,0.872486,0.533506,1.077602
5.622750,1.085780,1.059405,1.016560,0.988218,1.024336,1.032549,1.022566,1.018942,1.067709,1.033464,1.032019,1.017016,1.025348,1.008507,1.005993,1.021154,0.987930,0.997715,1.089178,1.034823,1.056293,1.103560,1.089204,1.041115,0.986352,0.830535,0.900123,0.584663,0.505719,1.175654,1.075429,1.010572,1.067574,1.092476,1.147080,1.105003,0.932425,0.340417,1.082282
5.631080,1.080203,1.047368,1.000521,0.978911,1.017121,1.025262,1.016761,1.013865,1.066614,1.023224,1.022700,1.006551,1.013888,0.994234,0.982178,0.994659,0.960219,0.973877,1.073130,1.025261,1.031007,1.085822,1.077823,1.042179,0.980714,0.793900,0.867387,0.521454,0.431785,1.174287,1.071709,1.004106,1.060441,1.085967,1.132449,1.103230,0.935671,0.236012,1.082136
5.639410,1.068161,1.024456,0.973816,0.959943,1.000888,1.009029,1.002266,1.000215,1.059133,1.003373,1.003978,0.986389,0.992439,0.969162,0.945411,0.954754,0.922598,0.939630,1.043531,1.003792,0.991701,1.055699,1.054880,1.032823,0.959393,0.772983,0.836973,0.535072,0.468735,1.165231,1.061386,0.989604,1.042116,1.068770,1.107770,1.092494,0.902618,0.348211,1.078577
5.647740,1.053572,0.998286,0.941585,0.933985,0.978059,0.986249,0.981379,0.980248,1.047242,0.976358,0.978284,0.958983,0.963477,0.935797,0.898006,0.904007,0.879586,0.899711,1.001084,0.970817,0.940186,1.014234,1.020832,1.012766,0.935191,0.777061,0.816350,0.620749,0.591893,1.153018,1.046421,0.969192,1.012433,1.041096,1.073997,1.072302,0.854482,0.545093,1.072992
5.656070,1.035202,0.966205,0.901956,0.900253,0.948284,0.956613,0.953875,0.953775,1.031032,0.941789,0.945252,0.923903,0.926516,0.893402,0.838982,0.841680,0.829611,0.852360,0.945629,0.926496,0.876517,0.961928,0.975852,0.981534,0.906759,0.794356,0.800220,0.727736,0.728729,1.136456,1.026860,0.942812,0.971140,1.003326,1.032045,1.042382,0.791191,0.725163,1.065234
5.664400,1.009212,0.919364,0.847420,0.854698,0.908646,0.917328,0.917173,0.918324,1.009138,0.896623,0.901917,0.878004,0.878245,0.837968,0.763174,0.762555,0.764098,0.789215,0.875371,0.870134,0.798045,0.898254,0.919536,0.938366,0.860292,0.797432,0.771050,0.805448,0.826286,1.110975,1.001053,0.908441,0.917483,0.955569,0.982439,1.002658,0.696275,0.848887,1.054276
5.672730,0.975604,0.855581,0.773568,0.794661,0.857481,0.866821,0.869866,0.872563,0.981400,0.839031,0.846533,0.819356,0.816551,0.766539,0.665287,0.661144,0.674464,0.702973,0.789431,0.801861,0.702629,0.823867,0.852749,0.883487,0.787991,0.763955,0.712633,0.824213,0.856235,1.076030,0.968127,0.865018,0.852001,0.898802,0.926750,0.954482,0.566395,0.894951,1.040229
5.681060,0.940384,0.785621,0.685358,0.723086,0.797687,0.807963,0.814750,0.819250,0.950451,0.771914,0.782011,0.750922,0.744282,0.681534,0.544170,0.536205,0.558595,0.594008,0.691264,0.725055,0.592556,0.743124,0.779556,0.819430,0.701135,0.687279,0.619744,0.774281,0.809378,1.038093,0.929968,0.814944,0.778862,0.836577,0.869049,0.901682,0.439423,0.856256,1.025073
5.689390,0.911086,0.726245,0.595440,0.648344,0.736353,0.747696,0.758399,0.764779,0.920488,0.702832,0.715747,0.680619,0.669366,0.591348,0.403393,0.391665,0.421113,0.470556,0.591360,0.648120,0.477458,0.666156,0.709192,0.752639,0.625085,0.573655,0.497410,0.659336,0.689864,1.005860,0.890784,0.763769,0.707460,0.776134,0.817054,0.851706,0.395388,0.738116,1.011310
5.697720,0.891310,0.687539,0.519367,0.582337,0.682893,0.695225,0.709335,0.717333,0.895403,0.642574,0.658036,0.619477,0.603625,0.510204,0.250585,0.235294,0.272008,0.348471,0.507013,0.583143,0.375962,0.606245,0.652959,0.690685,0.579815,0.437538,0.358162,0.492629,0.512620,0.983661,0.855868,0.718898,0.650312,0.726507,0.779254,0.812648,0.455031,0.558807,1.000464
5.706050,0.879655,0.667332,0.471200,0.538047,0.646683,0.659704,0.675756,0.684666,0.877652,0.602892,0.619759,0.579444,0.560644,0.457317,0.108935,0.090880,0.134954,0.257922,0.461023,0.543968,0.321245,0.576897,0.621924,0.642889,0.561920,0.297934,0.222793,0.289375,0.297684,0.969737,0.830186,0.687844,0.619939,0.696583,0.762515,0.790913,0.534868,0.352313,0.992706
5.714380,0.875330,0.663738,0.464571,0.527586,0.635603,0.648745,0.664382,0.673094,0.868879,0.593809,0.610097,0.570700,0.552401,0.451899,0.141566,0.147897,0.144940,0.256610,0.473749,0.542923,0.349470,0.588851,0.625233,0.619584,0.559935,0.212090,0.171096,0.056826,0.063701,0.962653,0.817739,0.676730,0.625495,0.693587,0.771968,0.790859,0.580798,0.193630,0.988147
5.722710,0.880606,0.682067,0.507332,0.557321,0.654055,0.666557,0.679125,0.686385,0.870548,0.619790,0.633425,0.597712,0.583712,0.499599,0.303640,0.318732,0.301266,0.356061,0.544414,0.583508,0.449752,0.641731,0.663722,0.628749,0.576982,0.294950,0.291931,0.211894,0.234250,0.964875,0.821423,0.688997,0.667540,0.720198,0.807542,0.811957,0.591699,0.311402,0.987553
5.731040,0.896419,0.722550,0.587218,0.620243,0.699081,0.710402,0.717941,0.722803,0.882949,0.675647,0.685417,0.655018,0.647322,0.584909,0.470900,0.489444,0.470333,0.494196,0.647565,0.653903,0.580166,0.723515,0.730233,0.671123,0.616731,0.461056,0.461310,0.456871,0.489325,0.977985,0.841732,0.723408,0.734059,0.770294,0.863628,0.850960,0.584731,0.547283,0.991435
5.739370,0.922474,0.780028,0.684424,0.701295,0.762078,0.772165,0.773941,0.776020,0.905502,0.750032,0.755804,0.730922,0.729341,0.686247,0.624836,0.643763,0.626127,0.633850,0.755823,0.735069,0.709627,0.813801,0.807630,0.731270,0.676367,0.628618,0.622866,0.667623,0.705292,1.002436,0.876708,0.774755,0.807813,0.831530,0.927541,0.898251,0.573216,0.755563,1.000203
5.747700,0.950984,0.836075,0.774004,0.779197,0.826836,0.836110,0.832743,0.832310,0.932801,0.824696,0.827114,0.806878,0.809882,0.780458,0.752255,0.770413,0.752829,0.751697,0.852492,0.812643,0.820741,0.897228,0.881850,0.797374,0.732481,0.758696,0.750225,0.816846,0.854779,1.030143,0.917941,0.830676,0.876140,0.893048,0.988546,0.945319,0.548246,0.897026,1.011575
5.756030,0.975248,0.879561,0.842964,0.840560,0.880794,0.889750,0.882542,0.880225,0.958765,0.886214,0.886172,0.869190,0.875243,0.854189,0.847471,0.865559,0.844361,0.838422,0.930904,0.879373,0.908782,0.968169,0.947388,0.861910,0.770123,0.835891,0.833023,0.888595,0.921147,1.053806,0.956198,0.879844,0.933068,0.948383,1.041922,0.988677,0.514602,0.951558,1.022774
5.764360,0.997021,0.916658,0.894765,0.885849,0.922724,0.931641,0.921913,0.918361,0.982421,0.933166,0.931538,0.916497,0.924398,0.907768,0.913259,0.931477,0.905230,0.898356,0.989072,0.931714,0.972054,1.022170,0.999111,0.917495,0.799682,0.866430,0.877180,0.886500,0.906784,1.075441,0.988717,0.919558,0.976351,0.993774,1.083543,1.025032,0.520042,0.918216,1.033709
5.772690,1.020447,0.956554,0.937102,0.920779,0.956268,0.965170,0.954007,0.949758,1.004983,0.969333,0.966877,0.952808,0.961668,0.946952,0.957348,0.975556,0.944820,0.940431,1.030684,0.971149,1.015123,1.060820,1.037772,0.962681,0.838744,0.866628,0.896084,0.827297,0.827450,1.099961,1.016267,0.951426,1.008279,1.029353,1.113748,1.054487,0.604181,0.809555,1.045359
5.781020,1.045467,0.998826,0.972643,0.948939,0.983848,0.992642,0.980903,0.976386,1.026564,0.997527,0.994847,0.981074,0.990273,0.975990,0.985950,1.003640,0.969819,0.970093,1.059552,1.000017,1.042039,1.086110,1.064663,0.997289,0.890526,0.851508,0.900738,0.732588,0.704730,1.127640,1.039504,0.976853,1.031665,1.056357,1.133504,1.077406,0.735456,0.643742,1.057645
5.789350,1.066810,1.033189,0.997762,0.969606,1.004596,1.013213,1.001630,0.997206,1.045130,1.017372,1.014928,1.000955,1.010039,0.995204,1.001131,1.017565,0.981810,0.987267,1.077384,1.019584,1.054154,1.098839,1.080347,1.021699,0.939967,0.829746,0.895963,0.627629,0.567241,1.152627,1.057397,0.995202,1.047929,1.075530,1.143234,1.093664,0.852834,0.446962,1.068795
5.797680,1.078985,1.050280,1.008670,0.980857,1.016623,1.025058,1.014222,1.010177,1.058059,1.027493,1.025600,1.011075,1.019719,1.003652,1.003670,1.018351,0.981282,0.991016,1.085136,1.030605,1.053115,1.100355,1.086112,1.037240,0.969867,0.807282,0.884522,0.544617,0.458029,1.168418,1.068379,1.005210,1.057717,1.087316,1.143842,1.103425,0.918978,0.271158,1.076641
5.806010,1.081667,1.050836,1.006701,0.982754,1.019751,1.028021,1.018323,1.014844,1.064457,1.028056,1.026926,1.011596,1.019559,1.001750,0.994600,1.007158,0.970652,0.983426,1.083019,1.032983,1.039032,1.089933,1.080574,1.042065,0.977148,0.794649,0.872550,0.525087,0.440852,1.174137,1.072276,1.006987,1.060820,1.091456,1.134676,1.105056,0.931334,0.266618,1.080545
5.814340,1.079318,1.044043,0.998186,0.978153,1.016330,1.024423,1.016019,1.013176,1.065743,1.021642,1.021406,1.005117,1.012249,0.992417,0.977272,0.987702,0.955726,0.970509,1.072457,1.027517,1.014916,1.069780,1.065816,1.039200,0.973638,0.805743,0.869874,0.591643,0.540142,1.174506,1.070880,1.002655,1.057622,1.088325,1.117175,1.099046,0.911615,0.449685,1.081666
5.822670,1.074894,1.035816,0.986899,0.968841,1.007971,1.015869,1.008820,1.006639,1.063182,1.009919,1.010685,0.993310,0.999488,0.977414,0.953631,0.962305,0.939919,0.955771,1.054198,1.014635,0.982740,1.041155,1.042491,1.027955,0.970586,0.843112,0.880427,0.713582,0.696476,1.173000,1.065618,0.993680,1.047990,1.078126,1.092496,1.085329,0.880489,0.662162,1.080972
5.831000,1.065275,1.019931,0.967634,0.951860,0.992472,1.000240,0.994752,0.993329,1.055563,0.990579,0.992512,0.973804,0.978796,0.953850,0.920426,0.927795,0.917816,0.933785,1.026151,0.992973,0.941079,1.003682,1.010100,1.007452,0.961934,0.885611,0.891886,0.835092,0.842913,1.166278,1.055376,0.978515,1.029966,1.059944,1.060927,1.063280,0.834200,0.841114,1.077548
5.839330,1.045022,0.984850,0.930120,0.921065,0.965081,0.972941,0.969494,0.969059,1.040266,0.958658,0.962034,0.941506,0.944854,0.915520,0.870050,0.876233,0.877493,0.893070,0.983550,0.959345,0.885089,0.955143,0.966805,0.975870,0.930289,0.902815,0.882755,0.912835,0.936667,1.147962,1.037356,0.953663,0.999920,1.031646,1.021684,1.031825,0.753337,0.954972,1.069648
5.847660,1.013568,0.927465,0.868859,0.872597,0.923023,0.931304,0.930569,0.931446,1.016461,0.911139,0.916344,0.893278,0.894298,0.858129,0.795880,0.800504,0.809436,0.825351,0.922081,0.910836,0.810231,0.893688,0.911247,0.931822,0.867068,0.875439,0.837728,0.925211,0.957052,1.116724,1.010034,0.917205,0.954748,0.991310,0.974251,0.990554,0.633750,0.987190,1.057076
5.855990,0.976861,0.857358,0.787130,0.807787,0.867895,0.876930,0.879596,0.882114,0.986420,0.849431,0.856919,0.830467,0.828337,0.782212,0.695364,0.697582,0.710516,0.729637,0.840502,0.846801,0.715235,0.820079,0.844445,0.875766,0.781840,0.798536,0.752045,0.866006,0.898240,1.078593,0.974649,0.870605,0.893969,0.938819,0.919943,0.941022,0.508700,0.933371,1.041822
5.864320,0.943126,0.790910,0.695480,0.733053,0.805410,0.815424,0.821980,0.826375,0.954398,0.779339,0.789518,0.758969,0.752874,0.693590,0.571152,0.570135,0.584827,0.612447,0.743065,0.770796,0.604678,0.739806,0.771437,0.811178,0.698547,0.679454,0.631204,0.740106,0.765450,1.042697,0.934827,0.818453,0.821699,0.877433,0.863300,0.887681,0.448810,0.799464,1.026704
5.872650,0.916460,0.738457,0.605453,0.656834,0.742691,0.753772,0.764325,0.770640,0.924100,0.708635,0.721697,0.686945,0.676130,0.601163,0.428968,0.424949,0.440459,0.483956,0.640526,0.691430,0.489887,0.664072,0.702424,0.745160,0.637618,0.533104,0.486827,0.562138,0.574853,1.013915,0.894777,0.766439,0.747348,0.814516,0.812684,0.838637,0.484481,0.604210,1.013387
5.880980,0.895075,0.697427,0.524975,0.587202,0.686261,0.698395,0.712521,0.720534,0.897475,0.645216,0.660889,0.622486,0.606858,0.515587,0.274858,0.270682,0.285388,0.355193,0.549286,0.620752,0.389689,0.606637,0.649114,0.685854,0.597569,0.375082,0.331079,0.352154,0.351803,0.990221,0.858096,0.719947,0.683569,0.759553,0.776935,0.802087,0.547815,0.385463,1.001862
5.889310,0.879299,0.667656,0.467737,0.536870,0.645662,0.658645,0.674965,0.684009,0.877444,0.601009,0.618161,0.577682,0.558670,0.455336,0.120114,0.121005,0.132816,0.251675,0.486298,0.569450,0.329520,0.577128,0.619295,0.640231,0.569171,0.232225,0.185250,0.116930,0.112239,0.971054,0.829909,0.686800,0.640618,0.719935,0.760541,0.782357,0.581649,0.206941,0.992776
5.897640,0.874352,0.660802,0.458861,0.524279,0.633449,0.646645,0.662598,0.671463,0.868355,0.590987,0.607501,0.567753,0.548984,0.446575,0.118778,0.129304,0.132416,0.246940,0.473279,0.550040,0.344058,0.584266,0.619967,0.616470,0.560701,0.226153,0.179903,0.141759,0.175796,0.961549,0.816874,0.676381,0.628768,0.703075,0.767150,0.782089,0.582208,0.276891,0.988075
5.905970,0.880777,0.678955,0.501745,0.553921,0.652505,0.665109,0.678013,0.685436,0.870943,0.617731,0.631535,0.595313,0.580684,0.493347,0.279343,0.290769,0.289774,0.347022,0.522333,0.572895,0.431915,0.629978,0.653328,0.622876,0.577514,0.363676,0.324098,0.378848,0.419953,0.962929,0.821203,0.690595,0.655036,0.715646,0.797856,0.801004,0.563052,0.494540,0.988088
5.914300,0.896395,0.715395,0.576285,0.614055,0.696295,0.707843,0.715967,0.721109,0.883797,0.672112,0.682155,0.650931,0.642277,0.575124,0.441157,0.453140,0.448676,0.477097,0.611160,0.629512,0.550859,0.702939,0.712705,0.660192,0.614352,0.516094,0.477666,0.575354,0.620280,0.973830,0.841442,0.725269,0.710007,0.753888,0.847512,0.836167,0.534681,0.685373,0.992375
5.922630,0.915896,0.756448,0.657257,0.685233,0.752000,0.762565,0.765507,0.768145,0.903341,0.738688,0.744969,0.718808,0.715822,0.666489,0.584695,0.596315,0.585202,0.598336,0.711252,0.702229,0.669794,0.784988,0.783121,0.714877,0.653284,0.635157,0.602404,0.708906,0.751609,0.989166,0.872375,0.771529,0.777136,0.807112,0.905230,0.879329,0.493074,0.806356,0.999445
5.930960,0.934209,0.792087,0.728132,0.750579,0.806119,0.816080,0.814472,0.814887,0.924723,0.802302,0.805416,0.783541,0.784913,0.748638,0.701838,0.713123,0.691974,0.696416,0.804531,0.776077,0.773474,0.862881,0.852538,0.776829,0.679946,0.704518,0.687219,0.764841,0.798669,1.003449,0.906261,0.818654,0.843011,0.864592,0.961980,0.923334,0.444406,0.838307,1.007336
5.939290,0.952350,0.826365,0.787371,0.804307,0.852598,0.862269,0.857098,0.855765,0.945663,0.856183,0.856898,0.838253,0.842671,0.815185,0.792525,0.804474,0.771822,0.771973,0.884175,0.843222,0.859197,0.931968,0.916243,0.839101,0.702580,0.729461,0.737278,0.744831,0.761772,1.017820,0.938165,0.860657,0.900913,0.919433,1.013803,0.965321,0.440649,0.777773,1.015701
5.947620,0.975253,0.869394,0.841147,0.849233,0.892935,0.902447,0.894662,0.892048,0.967467,0.901621,0.900699,0.884210,0.890670,0.868684,0.860970,0.873745,0.832389,0.832293,0.947146,0.898926,0.925422,0.987720,0.969109,0.894612,0.741675,0.730235,0.767475,0.669366,0.660185,1.038504,0.968053,0.897671,0.947402,0.966868,1.056544,1.002075,0.530004,0.639200,1.025932
5.955950,1.002962,0.920055,0.890605,0.887610,0.928520,0.937892,0.928372,0.924917,0.990410,0.940136,0.938262,0.923045,0.930735,0.911838,0.911765,0.925293,0.879263,0.881526,0.995035,0.942976,0.974436,1.030243,1.010711,0.941247,0.800606,0.726028,0.789800,0.570164,0.526304,1.066683,0.995990,0.930152,0.983233,1.005696,1.089531,1.033026,0.670694,0.448720,1.038214
5.964280,1.030003,0.967184,0.932052,0.919420,0.958881,0.968104,0.957652,0.953753,1.012735,0.971659,0.969385,0.954770,0.963079,0.945625,0.948146,0.962171,0.914831,0.920090,1.030228,0.976612,1.008413,1.060373,1.041418,0.978209,0.862457,0.728430,0.810136,0.489318,0.410785,1.096698,1.020829,0.957432,1.010315,1.036274,1.112932,1.058000,0.795843,0.252417,1.050896
5.972610,1.051210,1.002179,0.963354,0.944661,0.983420,0.992460,0.981723,0.977700,1.032340,0.996088,0.993802,0.979347,0.987874,0.970934,0.973166,0.987402,0.941646,0.949035,1.055455,1.001745,1.029847,1.079612,1.062370,1.006193,0.910401,0.745570,0.833091,0.477348,0.391445,1.122166,1.041327,0.978891,1.030880,1.059728,1.127567,1.077237,0.871762,0.210353,1.062020
5.980940,1.066404,1.026421,0.987225,0.964938,1.002964,1.011739,1.001128,0.997184,1.048591,1.014665,1.012613,0.998074,1.006605,0.989848,0.990448,1.004766,0.963921,0.972136,1.073648,1.020521,1.041799,1.090235,1.075668,1.027107,0.942926,0.785328,0.864427,0.558803,0.503135,1.142057,1.057491,0.995157,1.047131,1.077477,1.134950,1.091587,0.900204,0.405600,1.071021
5.989270,1.079152,1.047982,1.009346,0.982890,1.019449,1.027831,1.017515,1.013732,1.062296,1.029633,1.027949,1.013243,1.021708,1.005270,1.004045,1.018728,0.987160,0.994989,1.087835,1.035160,1.047930,1.094088,1.082158,1.040878,0.972053,0.853123,0.910307,0.703502,0.682391,1.160275,1.070504,1.007858,1.061123,1.091093,1.136282,1.101028,0.904651,0.640438,1.078665
5.997600,1.089159,1.067020,1.028624,0.997301,1.031869,1.039776,1.029890,1.026330,1.072676,1.040112,1.038902,1.023949,1.032289,1.016273,1.013442,1.028996,1.009568,1.016026,1.097983,1.045637,1.049075,1.092641,1.083560,1.050554,1.001358,0.934134,0.963321,0.857487,0.861910,1.177048,1.079883,1.016395,1.072649,1.100590,1.132779,1.106231,0.899185,0.850573,1.084623
6.005930,1.090284,1.072085,1.035034,1.001798,1.035053,1.042555,1.033438,1.030260,1.076288,1.040862,1.040296,1.024850,1.032843,1.016711,1.011843,1.028522,1.020179,1.024564,1.099825,1.049013,1.040804,1.083397,1.077544,1.053416,1.016859,0.998728,1.003016,0.976749,0.997963,1.185732,1.082465,1.016914,1.078407,1.103938,1.123189,1.105470,0.872307,1.004485,1.086640
6.014260,1.076823,1.051729,1.018181,0.989519,1.023454,1.030784,1.022997,1.020467,1.069666,1.026183,1.026526,1.010118,1.017324,0.999698,0.991045,1.008666,1.007063,1.009113,1.087340,1.040824,1.017029,1.062570,1.060673,1.046226,1.001104,1.022837,1.010630,1.036448,1.066472,1.179138,1.074867,1.005264,1.073518,1.097787,1.105291,1.096061,0.804676,1.082543,1.082549
6.022590,1.049033,1.004251,0.973763,0.956948,0.994437,1.001927,0.996160,0.994608,1.051925,0.993201,0.994818,0.976769,0.982537,0.961208,0.944905,0.962672,0.962304,0.962906,1.055037,1.016830,0.972346,1.026497,1.029613,1.025787,0.947733,0.993876,0.975237,1.025134,1.056418,1.155886,1.055749,0.979583,1.053281,1.078757,1.076767,1.075401,0.695403,1.075558,1.072287
6.030920,1.013861,0.940207,0.905883,0.905642,0.949748,0.957726,0.954676,0.954438,1.025633,0.943382,0.946731,0.926218,0.929749,0.901900,0.871468,0.887970,0.884543,0.886412,0.999921,0.974613,0.904158,0.973334,0.982704,0.990433,0.868162,0.911924,0.895949,0.941595,0.966920,1.122232,1.026670,0.941401,1.014871,1.044777,1.036443,1.042174,0.579341,0.983246,1.058225
6.039250,0.980351,0.876214,0.824401,0.841122,0.894481,0.903185,0.903456,0.904823,0.995352,0.881659,0.887230,0.863409,0.863864,0.826415,0.772733,0.786077,0.778142,0.786009,0.922163,0.914262,0.813249,0.903941,0.920782,0.940685,0.786693,0.787652,0.780397,0.793104,0.805383,1.087926,0.991173,0.894816,0.958177,0.995860,0.985112,0.997132,0.521714,0.812778,1.043590
6.047580,0.953057,0.823180,0.739367,0.770002,0.834463,0.844021,0.848032,0.851205,0.964962,0.814029,0.822239,0.794406,0.791075,0.741194,0.653853,0.662494,0.651555,0.671086,0.826436,0.839554,0.705120,0.823464,0.848477,0.879961,0.724968,0.640043,0.642682,0.597368,0.590137,1.059007,0.952934,0.844453,0.887107,0.935248,0.926913,0.944087,0.551812,0.582890,1.030278
6.055910,0.929358,0.777695,0.654971,0.696798,0.773631,0.784127,0.792071,0.797143,0.935866,0.745039,0.756121,0.724025,0.716273,0.651720,0.520376,0.524391,0.512951,0.548985,0.721972,0.758049,0.589489,0.741472,0.774496,0.814674,0.682335,0.488918,0.496916,0.381645,0.351760,1.033508,0.914206,0.793581,0.809742,0.869512,0.869391,0.890117,0.610627,0.332573,1.017994
6.064240,0.907123,0.734116,0.573904,0.625942,0.715982,0.727488,0.739252,0.746150,0.909237,0.679615,0.693522,0.657405,0.644808,0.564001,0.374655,0.374870,0.365928,0.424761,0.618446,0.677802,0.475188,0.666857,0.706926,0.750532,0.644996,0.353942,0.353792,0.171902,0.109102,1.008367,0.877278,0.745723,0.734879,0.805849,0.819195,0.841919,0.638953,0.118115,1.006558
6.072570,0.890759,0.700010,0.510622,0.569508,0.671112,0.683515,0.698199,0.706474,0.889040,0.629049,0.645127,0.606001,0.589168,0.493429,0.222879,0.215996,0.221973,0.317532,0.526479,0.606423,0.373303,0.606641,0.651709,0.691707,0.614622,0.288288,0.246802,0.153515,0.153932,0.987225,0.847585,0.708600,0.670643,0.750302,0.780441,0.803816,0.628318,0.230086,0.997762
6.080900,0.883218,0.682799,0.481818,0.541296,0.648561,0.661438,0.677225,0.686008,0.878284,0.604942,0.621726,0.581617,0.562901,0.460048,0.104306,0.071073,0.136504,0.268048,0.467069,0.556846,0.313275,0.572324,0.617931,0.645571,0.598642,0.329964,0.238898,0.336961,0.373683,0.973443,0.830169,0.689370,0.629275,0.711469,0.759074,0.780640,0.592418,0.449191,0.992794
6.089230,0.883073,0.681162,0.490845,0.546301,0.651013,0.663803,0.678533,0.686803,0.876895,0.610771,0.626452,0.587806,0.570503,0.472709,0.165017,0.141162,0.200008,0.301389,0.463476,0.543293,0.329993,0.574834,0.614571,0.621620,0.596862,0.419174,0.314383,0.495198,0.541422,0.966580,0.826606,0.689973,0.622354,0.698071,0.760624,0.776423,0.541808,0.615866,0.991315
6.097560,0.884506,0.682911,0.520786,0.574369,0.671020,0.683386,0.695515,0.702541,0.881230,0.637725,0.651025,0.615552,0.601946,0.517300,0.297820,0.287005,0.310955,0.375280,0.515774,0.569822,0.409910,0.613248,0.641887,0.626163,0.592790,0.487160,0.392552,0.585358,0.630679,0.960894,0.833446,0.705061,0.651142,0.713353,0.785062,0.790517,0.468914,0.698993,0.991383
6.105890,0.884830,0.682192,0.558042,0.613437,0.699962,0.711821,0.720562,0.725958,0.888110,0.675417,0.685742,0.654228,0.645190,0.576073,0.426415,0.423397,0.415599,0.454895,0.601246,0.626616,0.516729,0.678775,0.695087,0.660310,0.574785,0.509394,0.445351,0.591258,0.627013,0.952472,0.846338,0.728269,0.705274,0.752559,0.829005,0.821195,0.374025,0.683039,0.991755
6.114220,0.889563,0.691802,0.605559,0.660183,0.735609,0.746900,0.751831,0.755385,0.898237,0.720280,0.727492,0.700163,0.695776,0.641810,0.545819,0.548670,0.514093,0.536859,0.697263,0.698266,0.628387,0.757144,0.762283,0.712917,0.561157,0.499311,0.484249,0.520577,0.536589,0.946770,0.864447,0.757699,0.770547,0.805925,0.883948,0.861916,0.322774,0.570494,0.993754
6.122550,0.906083,0.727525,0.668125,0.714066,0.778277,0.788931,0.789922,0.791561,0.914081,0.771490,0.775807,0.752451,0.752250,0.711442,0.654750,0.661547,0.609843,0.623085,0.789221,0.771633,0.732496,0.835765,0.831974,0.774250,0.584918,0.490925,0.529973,0.405352,0.388255,0.953685,0.888927,0.793562,0.835305,0.863456,0.941029,0.905803,0.405514,0.383184,0.999700
6.130880,0.934488,0.786695,0.739984,0.770586,0.825030,0.835089,0.832415,0.832269,0.935662,0.825351,0.827258,0.807306,0.810425,0.779821,0.750907,0.760902,0.701685,0.709712,0.871083,0.839738,0.825120,0.909026,0.898623,0.837159,0.651217,0.514838,0.593033,0.308402,0.241995,0.976237,0.918780,0.833666,0.893888,0.918858,0.995568,0.949358,0.561085,0.148966,1.010055
6.139210,0.969008,0.854423,0.812195,0.825028,0.872180,0.881790,0.876000,0.874340,0.961240,0.878014,0.878059,0.860717,0.866301,0.842882,0.832793,0.845617,0.787490,0.792099,0.939884,0.898564,0.902886,0.971823,0.956762,0.894931,0.736260,0.583048,0.673854,0.338876,0.264860,1.009620,0.951818,0.875129,0.943668,0.968183,1.043167,0.989071,0.702177,0.137299,1.023543
6.147540,1.002663,0.916770,0.877382,0.873868,0.916162,0.925466,0.917277,0.914458,0.987949,0.925933,0.924649,0.909117,0.916438,0.897721,0.900053,0.915779,0.864260,0.865804,0.996171,0.947652,0.965958,1.023395,1.005403,0.945409,0.815597,0.681540,0.763228,0.493279,0.458255,1.045785,0.984864,0.914573,0.985054,1.010333,1.082659,1.024078,0.795326,0.409596,1.037993
6.155870,1.035075,0.974906,0.938430,0.919534,0.958094,0.967096,0.957089,0.953401,1.015479,0.970444,0.968256,0.953977,0.962543,0.947079,0.957547,0.976303,0.936140,0.934680,1.043747,0.989441,1.018272,1.065909,1.046089,0.988783,0.888947,0.801766,0.860631,0.689394,0.683622,1.083652,1.017506,0.952177,1.020874,1.046622,1.115208,1.055071,0.850229,0.668165,1.052999
6.164200,1.065096,1.028442,0.994514,0.961898,0.997125,1.005751,0.994468,0.990181,1.042403,1.010820,1.008092,0.994647,1.004095,0.991033,1.006649,1.028297,1.001486,0.997366,1.084478,1.025430,1.061439,1.100612,1.079866,1.025864,0.957492,0.923541,0.955936,0.872886,0.886907,1.121917,1.048232,0.986708,1.052691,1.078003,1.141568,1.082422,0.884030,0.888849,1.067722
6.172530,1.087502,1.068912,1.037995,0.996197,1.028772,1.037000,1.025082,1.020508,1.065026,1.042674,1.039754,1.026727,1.036695,1.025201,1.043465,1.067364,1.051959,1.045735,1.116556,1.054544,1.092889,1.126222,1.105783,1.056399,1.012125,1.021166,1.031750,1.010029,1.036531,1.154946,1.073398,1.014347,1.079417,1.103711,1.160888,1.105297,0.897901,1.047588,1.079873
6.180860,1.095509,1.084694,1.059455,1.016007,1.047245,1.055158,1.043339,1.038832,1.078698,1.060368,1.057587,1.044531,1.054616,1.043676,1.062567,1.087927,1.078688,1.070653,1.136637,1.074320,1.109354,1.140836,1.122231,1.078515,1.037293,1.075570,1.073488,1.083609,1.115288,1.174489,1.088629,1.030391,1.098544,1.121898,1.171962,1.122298,0.876284,1.128567,1.086480
6.189190,1.085578,1.068724,1.052418,1.016327,1.048171,1.055957,1.045000,1.040921,1.080111,1.059616,1.057307,1.043708,1.053423,1.041650,1.058687,1.084409,1.074530,1.065156,1.140271,1.081043,1.106377,1.141152,1.126128,1.090948,1.020369,1.074761,1.071186,1.084980,1.114457,1.174598,1.090885,1.031410,1.106395,1.129550,1.172262,1.130765,0.804625,1.123959,1.085697
6.197520,1.061679,1.026195,1.018475,0.996916,1.031514,1.039407,1.029974,1.026637,1.069707,1.040376,1.038888,1.024174,1.032958,1.018611,1.030150,1.054848,1.038274,1.028981,1.124687,1.072175,1.081911,1.125357,1.115659,1.090876,0.963869,1.017756,1.023795,1.013107,1.033095,1.157243,1.080558,1.017565,1.100194,1.124372,1.160418,1.129008,0.693382,1.032959,1.078522
6.205850,1.033616,0.973589,0.966791,0.962216,1.001385,1.009574,1.002163,0.999804,1.051350,1.006657,1.006358,0.989936,0.997192,0.978336,0.979119,1.001099,0.974828,0.968538,1.089093,1.046639,1.036336,1.092933,1.089955,1.076907,0.888361,0.915574,0.939753,0.875402,0.878452,1.131882,1.061007,0.992311,1.078402,1.105052,1.135850,1.115658,0.591282,0.861513,1.068234
6.214180,1.010732,0.929537,0.909384,0.918822,0.963682,0.972254,0.967200,0.965983,1.029942,0.964251,0.965515,0.946825,0.951984,0.926734,0.910157,0.927555,0.892967,0.893904,1.034478,1.004902,0.972023,1.044933,1.049600,1.049110,0.824339,0.790048,0.834879,0.689997,0.667836,1.109562,1.036556,0.960400,1.040874,1.071585,1.099208,1.090451,0.568285,0.623172,1.058182
6.222510,0.994951,0.900693,0.853633,0.871532,0.922625,0.931582,0.929134,0.929180,1.008345,0.917423,0.920592,0.899161,0.901742,0.868492,0.827927,0.839279,0.801576,0.813712,0.963399,0.948970,0.892695,0.984056,0.996789,1.009083,0.790928,0.669152,0.727505,0.493002,0.438717,1.094612,1.010054,0.925203,0.989036,1.025509,1.052691,1.054562,0.630887,0.350110,1.049479
6.230840,0.981922,0.879435,0.799644,0.821847,0.879694,0.889043,0.889415,0.890831,0.986996,0.867903,0.873245,0.848698,0.848318,0.805696,0.735175,0.739576,0.706102,0.731856,0.878577,0.881296,0.801434,0.913210,0.934112,0.958894,0.780310,0.577089,0.631757,0.341593,0.258014,1.083357,0.982411,0.888071,0.925077,0.969118,0.998891,1.009905,0.708916,0.090011,1.041325
6.239170,0.968202,0.857081,0.745442,0.770172,0.835608,0.845401,0.848769,0.851639,0.965992,0.816750,0.824447,0.796491,0.792832,0.739484,0.632462,0.628719,0.608223,0.649162,0.781584,0.803718,0.699108,0.834190,0.863399,0.900097,0.774103,0.530265,0.556044,0.325280,0.272052,1.071234,0.954074,0.849889,0.851078,0.904589,0.939689,0.958358,0.751220,0.214967,1.033101
6.247500,0.952563,0.829715,0.690501,0.717697,0.791581,0.801896,0.808326,0.812679,0.945642,0.765620,0.775735,0.744323,0.737113,0.671949,0.521186,0.507861,0.509745,0.566865,0.676947,0.720542,0.588650,0.751086,0.788453,0.835465,0.761342,0.527010,0.503238,0.434712,0.433721,1.056119,0.925714,0.811843,0.772046,0.836261,0.878786,0.903431,0.747880,0.452152,1.024658
6.255830,0.935964,0.799388,0.638173,0.667908,0.750413,0.761285,0.770597,0.776335,0.926892,0.717947,0.730336,0.695793,0.685004,0.607904,0.406420,0.381835,0.416464,0.490089,0.574506,0.639943,0.477718,0.671922,0.716610,0.770216,0.743395,0.549504,0.472442,0.561493,0.587540,1.039099,0.898882,0.776236,0.697008,0.771358,0.822491,0.851084,0.713776,0.634246,1.016369
6.264160,0.916291,0.761668,0.586198,0.621618,0.712742,0.724237,0.736091,0.743038,0.909207,0.675098,0.689388,0.652308,0.638265,0.550217,0.291756,0.252660,0.328028,0.417903,0.487788,0.572127,0.376435,0.605966,0.655959,0.709638,0.713572,0.560803,0.444132,0.639790,0.677672,1.017765,0.873808,0.743802,0.636744,0.718045,0.777457,0.807585,0.653501,0.736633,1.007619
6.272490,0.890675,0.708776,0.529345,0.578094,0.677924,0.690167,0.704114,0.712040,0.891434,0.637174,0.652760,0.613998,0.597390,0.500707,0.182802,0.119587,0.239874,0.345729,0.435382,0.529095,0.303587,0.563778,0.615258,0.660348,0.656716,0.528585,0.393527,0.638212,0.678323,0.987710,0.849838,0.714248,0.602405,0.684609,0.750073,0.778639,0.553410,0.741664,0.997537
6.280820,0.862268,0.644698,0.472877,0.542023,0.649002,0.661992,0.677263,0.685792,0.874711,0.607975,0.623948,0.584783,0.566932,0.466608,0.121929,0.042368,0.164637,0.282173,0.435423,0.521429,0.291096,0.555486,0.602697,0.629923,0.568022,0.441133,0.311490,0.548049,0.582959,0.950129,0.828187,0.689608,0.601787,0.677309,0.745508,0.768501,0.405978,0.646117,0.986994
6.289150,0.842055,0.594976,0.442464,0.527348,0.635182,0.648477,0.663614,0.672053,0.863478,0.597380,0.612452,0.574754,0.558018,0.463364,0.196581,0.186388,0.177236,0.269115,0.490133,0.552344,0.353937,0.585912,0.622794,0.625375,0.473663,0.314990,0.225844,0.380204,0.404417,0.915921,0.813499,0.676043,0.635134,0.697955,0.765999,0.778781,0.255100,0.468080,0.979076
6.297480,0.842059,0.594293,0.468895,0.548709,0.646808,0.659519,0.672430,0.679798,0.863050,0.615688,0.628441,0.594283,0.581541,0.503008,0.335259,0.345284,0.295749,0.342325,0.581144,0.613606,0.463678,0.648426,0.671252,0.649034,0.435059,0.221770,0.232479,0.155626,0.164930,0.900245,0.811962,0.681048,0.693562,0.741903,0.808067,0.806464,0.267241,0.253099,0.977268
6.305810,0.866826,0.654223,0.554217,0.608408,0.687989,0.699287,0.707926,0.713252,0.876669,0.665942,0.675355,0.646195,0.639382,0.582143,0.489067,0.507070,0.454611,0.474797,0.689136,0.692971,0.593274,0.732463,0.740921,0.698558,0.497373,0.307689,0.371369,0.135061,0.126134,0.912329,0.828168,0.709138,0.765937,0.801461,0.866215,0.848122,0.441043,0.205021,0.983469
6.314140,0.908668,0.747234,0.665981,0.690254,0.750421,0.760161,0.763548,0.766350,0.902741,0.737961,0.743861,0.719868,0.718890,0.680620,0.636146,0.657187,0.613170,0.619796,0.795496,0.775750,0.720507,0.822304,0.818413,0.761251,0.618178,0.493920,0.547045,0.404059,0.414291,0.947941,0.861273,0.756841,0.839368,0.866032,0.930247,0.895890,0.612196,0.448617,0.996589
6.322470,0.957677,0.845805,0.778207,0.775841,0.821020,0.829607,0.827889,0.828217,0.936882,0.817292,0.820100,0.800598,0.804135,0.779552,0.766050,0.788444,0.756488,0.755188,0.891165,0.853272,0.834101,0.906923,0.893414,0.828056,0.746681,0.686480,0.716366,0.656204,0.678321,0.997077,0.905607,0.815337,0.906794,0.928487,0.992259,0.943527,0.738385,0.707313,1.014322
6.330800,1.005331,0.933913,0.876343,0.852429,0.888437,0.896435,0.890445,0.888700,0.973811,0.891905,0.892276,0.876103,0.882748,0.866642,0.872280,0.895666,0.875501,0.869476,0.971043,0.920153,0.928729,0.980627,0.960428,0.892327,0.859953,0.851373,0.859428,0.860768,0.890779,1.049777,0.953664,0.875084,0.964266,0.984034,1.047646,0.987521,0.821950,0.917860,1.033887
6.339130,1.043490,0.999683,0.950038,0.911837,0.943869,0.951749,0.942740,0.939537,1.007653,0.952552,0.951235,0.937073,0.945642,0.933782,0.950075,0.974490,0.962147,0.953581,1.032303,0.973427,1.000241,1.038966,1.014815,0.948106,0.944522,0.967067,0.960897,0.994046,1.027475,1.095967,0.997429,0.927139,1.009709,1.029796,1.092695,1.024785,0.868569,1.051007,1.051870
6.347460,1.066813,1.036459,0.995351,0.952009,0.983802,0.991850,0.981138,0.977119,1.034459,0.995723,0.993415,0.980192,0.989724,0.979105,0.999737,1.024640,1.014325,1.004816,1.074607,1.012299,1.048093,1.080651,1.055084,0.992660,0.992562,1.025503,1.015428,1.048258,1.079218,1.128559,1.031975,0.966821,1.042787,1.064624,1.125951,1.054151,0.876166,1.094657,1.065572
6.355790,1.071735,1.039565,1.010490,0.972453,1.006458,1.014813,1.003630,0.999394,1.051115,1.019811,1.017117,1.004017,1.013765,1.002384,1.022816,1.047162,1.032148,1.022680,1.098516,1.036876,1.073071,1.105752,1.081072,1.025138,0.995677,1.023993,1.021829,1.024139,1.046027,1.141825,1.054023,0.991321,1.063732,1.088170,1.147050,1.075226,0.832642,1.048070,1.072817
6.364120,1.060274,1.012581,0.998916,0.975177,1.012753,1.021455,1.010782,1.006804,1.056964,1.026028,1.023437,1.009870,1.019279,1.005856,1.022756,1.045318,1.019510,1.010961,1.105540,1.047914,1.077626,1.115640,1.093874,1.046149,0.953339,0.966770,0.984691,0.927361,0.933053,1.135628,1.063108,1.000688,1.073302,1.100606,1.156567,1.088443,0.734525,0.915482,1.073469
6.372450,1.041752,0.971863,0.971551,0.965708,1.007186,1.016191,1.006620,1.003185,1.054867,1.019176,1.017059,1.002624,1.011296,0.995013,1.005270,1.024798,0.985364,0.979381,1.098185,1.046840,1.065458,1.112394,1.095219,1.057085,0.882576,0.869595,0.917390,0.770938,0.752132,1.118507,1.062272,0.998514,1.072826,1.102622,1.155561,1.094683,0.609878,0.705070,1.070174
6.380780,1.028452,0.941730,0.943969,0.951896,0.996521,1.005688,0.997396,0.994586,1.049782,1.006299,1.004910,0.989385,0.997082,0.977562,0.978152,0.993701,0.942987,0.942132,1.080002,1.035755,1.042192,1.099258,1.087742,1.059159,0.819650,0.764123,0.842975,0.587389,0.535327,1.104517,1.056620,0.990532,1.064184,1.095386,1.146028,1.095325,0.534882,0.440338,1.066861
6.389110,1.027735,0.939294,0.928552,0.940451,0.986622,0.995732,0.988607,0.986369,1.045812,0.993483,0.992982,0.976293,0.982923,0.960213,0.948567,0.959694,0.905429,0.912184,1.054493,1.017019,1.012769,1.078981,1.073496,1.055303,0.801782,0.692962,0.788238,0.445196,0.360261,1.104354,1.050644,0.981792,1.049128,1.080419,1.129673,1.091146,0.581037,0.185647,1.066186
6.397440,1.038175,0.962719,0.928023,0.934003,0.979968,0.988792,0.982640,0.980882,1.044281,0.983401,0.983882,0.966038,0.971593,0.945974,0.920368,0.927114,0.880034,0.895410,1.023369,0.991830,0.980250,1.053475,1.053904,1.045739,0.835893,0.688106,0.771280,0.441977,0.369532,1.118479,1.046365,0.974621,1.028144,1.058512,1.107987,1.082619,0.706592,0.240468,1.068275
6.405770,1.050731,0.993212,0.933450,0.929133,0.974068,0.982497,0.977268,0.975972,1.043047,0.973691,0.975242,0.956197,0.960634,0.932160,0.891671,0.894425,0.863886,0.886716,0.985755,0.959834,0.943914,1.022456,1.028453,1.029789,0.894103,0.741916,0.788190,0.575676,0.546984,1.137423,1.042439,0.967459,1.000208,1.029584,1.081194,1.068837,0.826360,0.503145,1.070767
6.414100,1.056545,1.012614,0.933227,0.919937,0.964256,0.972340,0.968192,0.967434,1.038816,0.959768,0.962494,0.942090,0.945267,0.913557,0.857871,0.857417,0.848891,0.876506,0.940046,0.920322,0.901594,0.985086,0.996238,1.006429,0.945275,0.819280,0.820444,0.744651,0.746488,1.150731,1.035966,0.956960,0.964118,0.993516,1.049355,1.048726,0.898824,0.741193,1.070950
6.422430,1.049797,1.009045,0.916026,0.899254,0.944809,0.952763,0.950118,0.950103,1.028274,0.935793,0.939885,0.917753,0.919332,0.883207,0.811087,0.808017,0.821547,0.851859,0.883013,0.871590,0.848399,0.939082,0.955338,0.974032,0.969251,0.878417,0.840149,0.876639,0.897150,1.150861,1.023316,0.938819,0.918160,0.949718,1.011638,1.020894,0.918279,0.913050,1.066742
6.430760,1.028347,0.977643,0.874901,0.861999,0.911724,0.919888,0.919359,0.920381,1.009521,0.897633,0.903362,0.878953,0.878425,0.836005,0.744947,0.739764,0.771116,0.803269,0.813206,0.813338,0.780909,0.883526,0.905166,0.932016,0.958408,0.892829,0.826869,0.937675,0.967826,1.134511,1.001956,0.910004,0.862419,0.898859,0.968229,0.985205,0.893857,0.995468,1.057250
6.439090,0.991402,0.915075,0.805244,0.804972,0.862717,0.871527,0.873871,0.876291,0.981803,0.842927,0.850621,0.823247,0.819972,0.768774,0.655188,0.648860,0.690533,0.724380,0.732448,0.747860,0.698592,0.820072,0.847497,0.881557,0.907297,0.848916,0.768797,0.914799,0.946776,1.099806,0.970481,0.868850,0.799961,0.843790,0.921176,0.943563,0.827317,0.979264,1.042241
6.447420,0.940274,0.819381,0.704158,0.726993,0.797511,0.807479,0.813571,0.817802,0.945857,0.771339,0.781385,0.750292,0.743424,0.680205,0.538188,0.532656,0.574360,0.610326,0.645607,0.679866,0.603156,0.752350,0.785808,0.825072,0.808209,0.739641,0.658862,0.805892,0.833381,1.046548,0.928809,0.815319,0.736488,0.789348,0.873777,0.899332,0.706922,0.866903,1.022418
6.455750,0.882709,0.699563,0.577029,0.633077,0.721113,0.732699,0.743308,0.749699,0.905642,0.687995,0.700766,0.665578,0.653920,0.574881,0.393282,0.393034,0.422035,0.462037,0.563613,0.617795,0.502433,0.687951,0.726961,0.767374,0.661921,0.567841,0.498034,0.620143,0.639374,0.981342,0.880017,0.753368,0.681084,0.742479,0.831601,0.858034,0.525553,0.674854,1.000543
6.464080,0.833913,0.585435,0.447018,0.539694,0.647119,0.660428,0.675634,0.684182,0.868958,0.607357,0.622878,0.583950,0.566811,0.469670,0.224952,0.242559,0.240772,0.292849,0.504600,0.573299,0.414673,0.637601,0.679822,0.714409,0.492782,0.349706,0.298328,0.383857,0.399134,0.920135,0.831834,0.693165,0.644668,0.710945,0.800999,0.825634,0.305238,0.451383,0.981375
6.472410,0.814113,0.533062,0.371554,0.480385,0.599746,0.614021,0.632116,0.641986,0.846978,0.556306,0.573445,0.532736,0.511995,0.403290,0.047850,0.131985,0.043381,0.161370,0.485358,0.555332,0.365840,0.609295,0.650622,0.671631,0.371311,0.113197,0.080984,0.131043,0.177491,0.886388,0.797164,0.652264,0.633952,0.699292,0.785076,0.805348,0.173623,0.294284,0.971046
6.480740,0.834111,0.582877,0.415220,0.490985,0.602330,0.615852,0.633012,0.642419,0.847958,0.561531,0.577642,0.538956,0.520235,0.421460,0.169165,0.216705,0.183411,0.243233,0.517997,0.571232,0.387339,0.612406,0.646960,0.647004,0.411926,0.208645,0.194682,0.219126,0.275285,0.896268,0.788536,0.647669,0.653419,0.710947,0.787866,0.800475,0.345996,0.380101,0.973338
6.489070,0.877756,0.685917,0.530150,0.559865,0.649032,0.660597,0.673503,0.680898,0.867566,0.616149,0.629094,0.595262,0.582832,0.507807,0.355650,0.383658,0.381521,0.414323,0.596663,0.621494,0.477227,0.653916,0.676126,0.651024,0.556238,0.444459,0.412316,0.479681,0.528249,0.935903,0.805869,0.677631,0.702060,0.746801,0.814162,0.814660,0.551525,0.601135,0.984720
6.497400,0.927973,0.791177,0.653841,0.653146,0.720070,0.729699,0.736994,0.741713,0.898744,0.697083,0.706267,0.677878,0.672131,0.618967,0.521739,0.540380,0.550434,0.573016,0.692189,0.689792,0.589140,0.717904,0.726659,0.681037,0.702236,0.637522,0.591801,0.689997,0.736255,0.986715,0.842844,0.731011,0.764767,0.797412,0.856009,0.842171,0.701301,0.793114,1.001072
6.505730,0.970348,0.871097,0.754619,0.739766,0.791382,0.799827,0.801933,0.804146,0.931658,0.777844,0.783683,0.759987,0.759326,0.721430,0.658413,0.671933,0.681780,0.697840,0.785811,0.762365,0.699366,0.792405,0.790019,0.732361,0.810316,0.768665,0.719937,0.823100,0.863580,1.031815,0.886557,0.789866,0.829444,0.853646,0.907282,0.879071,0.787799,0.906016,1.017435
6.514060,0.997966,0.917520,0.822798,0.804996,0.848786,0.856875,0.854930,0.855170,0.959485,0.843410,0.846576,0.826430,0.829167,0.800697,0.761512,0.772557,0.772947,0.783924,0.865514,0.828354,0.793801,0.864554,0.854280,0.790302,0.871268,0.831561,0.792882,0.866171,0.895181,1.062557,0.926522,0.841473,0.886607,0.907143,0.959457,0.918337,0.818671,0.919725,1.030492
6.522390,1.009436,0.931154,0.858851,0.845954,0.887873,0.896223,0.891529,0.890424,0.979475,0.888983,0.890180,0.872299,0.877185,0.853661,0.830859,0.840841,0.826064,0.833219,0.925307,0.881161,0.865584,0.925511,0.910686,0.846756,0.885663,0.830336,0.814821,0.821082,0.832047,1.076451,0.957497,0.880252,0.930854,0.952019,1.005768,0.954473,0.798639,0.832701,1.038855
6.530720,1.006241,0.916396,0.868451,0.866533,0.910249,0.919172,0.912924,0.911056,0.991412,0.916049,0.915928,0.899289,0.905391,0.883832,0.872024,0.882115,0.848701,0.852774,0.966168,0.919803,0.916416,0.973647,0.957071,0.896531,0.855750,0.776823,0.796721,0.701024,0.686527,1.073704,0.978126,0.905504,0.962235,0.986588,1.043904,0.985762,0.724012,0.654584,1.042306
6.539050,0.995022,0.886625,0.863798,0.875411,0.922127,0.931632,0.924685,0.922475,0.998001,0.930917,0.930013,0.913946,0.920638,0.899409,0.893928,0.904350,0.852964,0.854982,0.991970,0.946195,0.949446,1.008260,0.991609,0.936416,0.794130,0.695457,0.758146,0.536632,0.488787,1.060245,0.990991,0.920932,0.983204,1.011496,1.072430,1.010782,0.601543,0.409246,1.042569
6.547380,0.987815,0.866670,0.863340,0.883999,0.932492,0.942316,0.935019,0.932643,1.004332,0.942868,0.941549,0.925757,0.932755,0.911511,0.908814,0.919438,0.856234,0.857747,1.009633,0.964946,0.972382,1.033321,1.017462,0.967794,0.733700,0.629927,0.729418,0.395775,0.312755,1.049068,1.001466,0.933175,0.998556,1.029621,1.093263,1.031267,0.477901,0.149177,1.043276
6.555710,0.997118,0.883353,0.885234,0.902811,0.949914,0.959591,0.951796,0.949191,1.015730,0.960828,0.959291,0.943802,0.951124,0.930604,0.928666,0.939656,0.876314,0.878999,1.026753,0.981482,0.993878,1.054098,1.039059,0.994063,0.722253,0.635563,0.744019,0.406477,0.339734,1.055365,1.015276,0.949020,1.013601,1.044674,1.109566,1.049804,0.459716,0.234028,1.048388
6.564040,1.027414,0.944517,0.935066,0.935911,0.978284,0.987347,0.978699,0.975703,1.034944,0.988971,0.987324,0.972276,0.980060,0.961283,0.958950,0.970639,0.920241,0.925309,1.047732,0.999418,1.018274,1.073691,1.059292,1.018385,0.789121,0.731451,0.813438,0.585195,0.563836,1.087069,1.035814,0.972126,1.031594,1.059403,1.123358,1.068223,0.596403,0.532953,1.059901
6.572370,1.071177,1.031237,1.002517,0.979160,1.014759,1.022909,1.013186,1.009697,1.060040,1.024712,1.023027,1.008516,1.016883,1.000646,0.998217,1.011466,0.982657,0.989526,1.073552,1.019905,1.047124,1.094306,1.080496,1.043424,0.910594,0.880022,0.920107,0.809368,0.814514,1.137685,1.061869,1.000891,1.053341,1.074935,1.136537,1.087949,0.788827,0.808415,1.076220
6.580700,1.110079,1.106954,1.061822,1.018050,1.047494,1.054748,1.044292,1.040476,1.082937,1.056123,1.054589,1.040397,1.049177,1.035138,1.032407,1.047500,1.039847,1.047202,1.096442,1.037888,1.070801,1.110018,1.097140,1.064232,1.028785,1.016460,1.020009,0.994818,1.015420,1.186518,1.085640,1.026252,1.073495,1.088068,1.145531,1.105322,0.946884,1.020170,1.091489
6.589030,1.129990,1.147448,1.093651,1.039754,1.065482,1.072088,1.061653,1.057868,1.095875,1.072118,1.071013,1.056682,1.065464,1.052389,1.048525,1.065313,1.072349,1.078877,1.107580,1.046887,1.080609,1.116013,1.105387,1.078777,1.105726,1.103385,1.082959,1.107658,1.135766,1.216736,1.099298,1.039439,1.085299,1.094157,1.147467,1.117223,1.035718,1.144182,1.100260
6.597360,1.126027,1.145792,1.090061,1.037423,1.062638,1.068954,1.059441,1.056115,1.094676,1.066505,1.066171,1.051090,1.059300,1.045360,1.038416,1.056364,1.069910,1.075069,1.100159,1.041537,1.069875,1.107525,1.100544,1.081468,1.129696,1.127492,1.096100,1.138986,1.167043,1.221708,1.098448,1.035511,1.083061,1.089001,1.139376,1.119786,1.055991,1.173075,1.099938
6.605690,1.100027,1.105179,1.050908,1.009471,1.037617,1.044044,1.036331,1.033880,1.078842,1.037837,1.038663,1.022122,1.029078,1.012028,0.998743,1.017030,1.029507,1.033730,1.070444,1.018773,1.035214,1.081829,1.079838,1.069251,1.103664,1.088112,1.057265,1.090579,1.111461,1.202173,1.082365,1.013459,1.063325,1.069999,1.119427,1.110192,1.022786,1.109764,1.090650
6.614020,1.056209,1.030866,0.978706,0.956912,0.991665,0.998631,0.993552,0.992376,1.050077,0.987260,0.989674,0.970875,0.975808,0.952998,0.928780,0.946452,0.951596,0.955990,1.017188,0.977624,0.975467,1.037958,1.042310,1.041240,1.032957,0.989795,0.969079,0.968409,0.976036,1.161459,1.052401,0.974526,1.024859,1.036290,1.086945,1.087151,0.945538,0.962325,1.073949
6.622350,0.999994,0.928153,0.876698,0.882042,0.927483,0.935436,0.933831,0.934330,1.011519,0.917358,0.921837,0.899872,0.901906,0.870137,0.828573,0.844546,0.837585,0.843827,0.940413,0.918307,0.890347,0.975935,0.988123,0.997940,0.919917,0.839042,0.835819,0.780689,0.770047,1.104130,1.010913,0.921235,0.967900,0.988200,1.041991,1.050643,0.820037,0.741219,1.052209
6.630680,0.939674,0.807505,0.751758,0.789757,0.850102,0.859455,0.862129,0.864687,0.967957,0.833058,0.840111,0.814002,0.812188,0.767726,0.700057,0.713488,0.691623,0.702099,0.842959,0.843333,0.782130,0.898171,0.919584,0.941398,0.770096,0.648155,0.666168,0.544560,0.512810,1.038266,0.961536,0.857912,0.895315,0.928120,0.986540,1.002620,0.640584,0.469429,1.028738
6.639010,0.886705,0.690859,0.618844,0.689782,0.768133,0.779114,0.786611,0.791484,0.925519,0.743083,0.753156,0.722252,0.715568,0.654686,0.549656,0.561207,0.523906,0.542217,0.734186,0.760183,0.659634,0.812323,0.843335,0.876465,0.604476,0.440520,0.477080,0.291126,0.239837,0.976642,0.909625,0.791350,0.815198,0.862419,0.926458,0.948287,0.423160,0.203735,1.007361
6.647340,0.857690,0.619653,0.509445,0.601174,0.697191,0.709612,0.721704,0.728758,0.893055,0.663756,0.676988,0.641508,0.629163,0.549244,0.386176,0.395363,0.348661,0.386645,0.623798,0.676508,0.531664,0.725790,0.766126,0.808479,0.477264,0.268188,0.297999,0.087952,0.045959,0.938756,0.864327,0.733464,0.735823,0.797578,0.866974,0.893127,0.246324,0.156031,0.993225
6.655670,0.860527,0.623864,0.462913,0.547685,0.654612,0.667706,0.682860,0.691350,0.877356,0.614427,0.630118,0.591377,0.574378,0.478067,0.224047,0.224140,0.194485,0.280581,0.524552,0.601275,0.409977,0.646811,0.695036,0.741839,0.464616,0.262743,0.210072,0.259650,0.301277,0.935868,0.835128,0.697121,0.666544,0.740307,0.813516,0.842686,0.310389,0.388203,0.989176
6.664000,0.884197,0.678780,0.483477,0.539458,0.646253,0.659052,0.674864,0.683658,0.877363,0.603407,0.619928,0.580297,0.561754,0.459801,0.110519,0.068149,0.146745,0.275159,0.458695,0.548502,0.321110,0.589065,0.641279,0.684606,0.551037,0.388285,0.274785,0.457090,0.507206,0.957740,0.825059,0.686862,0.620602,0.699940,0.774471,0.804265,0.495675,0.585825,0.992875
6.672330,0.910776,0.737743,0.533299,0.563976,0.662906,0.674887,0.689314,0.697455,0.886281,0.621967,0.637633,0.599365,0.582422,0.486407,0.165845,0.117813,0.228304,0.339013,0.447420,0.531171,0.302354,0.566516,0.616362,0.646871,0.650626,0.501076,0.372503,0.586291,0.633907,0.984832,0.829774,0.696833,0.608560,0.684507,0.757795,0.784395,0.641329,0.701759,0.999454
6.680660,0.925998,0.769740,0.575205,0.597711,0.687629,0.698908,0.711004,0.718035,0.895576,0.651818,0.665605,0.629938,0.616122,0.531206,0.281604,0.252470,0.319790,0.406859,0.491508,0.553093,0.359839,0.585866,0.626863,0.637428,0.709924,0.551384,0.432157,0.623538,0.661332,1.000383,0.840303,0.715141,0.631895,0.697046,0.768008,0.786606,0.711988,0.715292,1.004032
6.688990,0.927103,0.771026,0.599849,0.628366,0.710863,0.721798,0.731228,0.736979,0.901277,0.682175,0.693554,0.661028,0.650808,0.578027,0.391343,0.374125,0.395832,0.461158,0.567683,0.603565,0.454361,0.637760,0.666635,0.657320,0.719887,0.537576,0.449832,0.567445,0.588176,1.000070,0.850987,0.734473,0.679695,0.732018,0.801013,0.807417,0.713336,0.623832,1.004915
6.697320,0.918880,0.752563,0.615138,0.655822,0.732011,0.742865,0.749388,0.753729,0.904062,0.711749,0.720394,0.691315,0.684877,0.624298,0.493292,0.486106,0.465394,0.509478,0.655504,0.668870,0.560202,0.709320,0.726509,0.702112,0.692217,0.481266,0.447108,0.436152,0.431979,0.988051,0.861079,0.753800,0.739174,0.780678,0.849835,0.842211,0.662640,0.444281,1.003075
6.705650,0.907891,0.728414,0.632235,0.683950,0.754073,0.764948,0.768342,0.771156,0.906714,0.742754,0.748549,0.723020,0.720352,0.671433,0.587953,0.588832,0.536397,0.561037,0.741159,0.736822,0.662761,0.786274,0.793670,0.758310,0.642857,0.419756,0.453078,0.267726,0.226126,0.970899,0.872516,0.774905,0.799455,0.833880,0.904798,0.883275,0.571168,0.209935,1.000471
6.713980,0.901222,0.714852,0.662176,0.716973,0.780279,0.791079,0.791192,0.792405,0.912116,0.777509,0.780565,0.758500,0.759394,0.721259,0.677438,0.685741,0.616335,0.624171,0.821425,0.802731,0.759282,0.862585,0.861872,0.819801,0.590937,0.411451,0.498191,0.193255,0.125610,0.955784,0.887310,0.799543,0.856790,0.887173,0.961101,0.926589,0.447221,0.094896,0.999193
6.722310,0.908641,0.733828,0.716235,0.760866,0.815981,0.826456,0.823133,0.822671,0.924828,0.820665,0.821273,0.802469,0.806554,0.778053,0.764755,0.779349,0.709052,0.704993,0.894966,0.863912,0.848468,0.934129,0.926948,0.880997,0.574004,0.498492,0.593416,0.371248,0.364762,0.954216,0.909466,0.831577,0.909522,0.937733,1.014791,0.969555,0.343707,0.379856,1.002432
6.730640,0.938571,0.800308,0.797618,0.818219,0.864134,0.873991,0.867225,0.865093,0.948544,0.874510,0.873153,0.857171,0.863920,0.843466,0.850872,0.870530,0.812737,0.802710,0.962938,0.920551,0.929837,0.998407,0.985609,0.936904,0.632782,0.655667,0.725507,0.612999,0.630765,0.978347,0.941880,0.873260,0.958466,0.985079,1.063394,1.009972,0.389579,0.656994,1.013273
6.738970,0.990366,0.905063,0.896853,0.885537,0.922569,0.931631,0.921723,0.918080,0.983418,0.936628,0.933890,0.920076,0.928885,0.914609,0.934071,0.957716,0.919858,0.908603,1.026156,0.973303,1.003549,1.055614,1.038173,0.988040,0.762692,0.833212,0.869925,0.836639,0.865222,1.030959,0.983931,0.923055,1.004595,1.029435,1.106650,1.047902,0.579025,0.891202,1.032491
6.747300,1.048957,1.014101,0.990744,0.950487,0.980796,0.989110,0.976907,0.972175,1.022803,0.996517,0.993049,0.980579,0.990717,0.980422,1.005023,1.031323,1.012384,1.002691,1.080551,1.019581,1.064168,1.102676,1.082170,1.032376,0.911107,0.983010,0.993140,1.000850,1.033356,1.096695,1.028280,0.972514,1.045570,1.068893,1.142320,1.081649,0.787908,1.053643,1.055927
6.755630,1.096778,1.097392,1.060314,1.001490,1.027895,1.035622,1.022298,1.017050,1.057865,1.043553,1.039944,1.028031,1.038804,1.030542,1.055859,1.083494,1.077084,1.069775,1.121882,1.056259,1.107015,1.136925,1.115439,1.068530,1.032444,1.080318,1.075264,1.088998,1.119149,1.155179,1.065834,1.012341,1.078547,1.101036,1.168481,1.109494,0.949071,1.128626,1.077317
6.763960,1.122318,1.139170,1.095609,1.031298,1.056487,1.063822,1.050589,1.045410,1.081528,1.070748,1.067474,1.055458,1.066269,1.058439,1.081774,1.109472,1.107141,1.102002,1.146783,1.080472,1.128873,1.156282,1.136128,1.094947,1.102409,1.115647,1.107844,1.098935,1.120331,1.192054,1.089814,1.036117,1.100915,1.123488,1.183591,1.129767,1.036431,1.114115,1.091438
6.772290,1.123625,1.139027,1.096483,1.038312,1.064482,1.071624,1.059467,1.054826,1.090843,1.076408,1.073819,1.061174,1.071527,1.062800,1.082225,1.108878,1.102776,1.099505,1.153850,1.090490,1.129421,1.160110,1.143345,1.109511,1.117218,1.091496,1.092478,1.036910,1.043153,1.203367,1.097984,1.042086,1.111136,1.134519,1.187059,1.141259,1.052065,1.016123,1.096269
6.780620,1.106056,1.106573,1.069272,1.025155,1.054070,1.061218,1.050790,1.046991,1.086857,1.063020,1.061372,1.047662,1.057127,1.046242,1.059646,1.084263,1.069018,1.067814,1.143412,1.086060,1.109745,1.148389,1.136611,1.112321,1.087096,1.019029,1.037854,0.914404,0.899257,1.193321,1.092164,1.032361,1.108792,1.133506,1.178527,1.142828,1.014556,0.844870,1.092935
6.788950,1.076836,1.053180,1.021694,0.995881,1.029106,1.036466,1.028155,1.025379,1.072573,1.034582,1.034088,1.018907,1.027075,1.012698,1.017430,1.039156,1.012486,1.013973,1.116497,1.067681,1.071788,1.121934,1.116323,1.102516,1.025839,0.914405,0.955987,0.749061,0.706665,1.168681,1.075852,1.010528,1.093946,1.120474,1.158499,1.134151,0.941523,0.615082,1.083871
6.797280,1.041012,0.986151,0.959020,0.953642,0.992812,1.000597,0.994696,0.993077,1.050922,0.994299,0.995177,0.978093,0.984529,0.965132,0.957914,0.976040,0.938416,0.943220,1.073714,1.035805,1.016880,1.081342,1.082729,1.080104,0.942468,0.795586,0.858620,0.570966,0.499356,1.134455,1.052008,0.979537,1.066433,1.095601,1.127469,1.114726,0.836778,0.357371,1.071159
6.805610,1.003133,0.912196,0.886133,0.901568,0.948304,0.956700,0.953484,0.953155,1.024872,0.945164,0.947664,0.928202,0.932432,0.906285,0.882960,0.896844,0.851482,0.860233,1.015406,0.990772,0.946060,1.027264,1.036254,1.045488,0.843368,0.682857,0.757792,0.429969,0.342188,1.095252,1.023123,0.942050,1.025986,1.059132,1.086083,1.084354,0.696395,0.153942,1.056757
6.813940,0.970927,0.845343,0.812125,0.845050,0.900460,0.909551,0.909219,0.910278,0.998575,0.891898,0.896296,0.873981,0.875512,0.840755,0.795136,0.803602,0.757528,0.772064,0.941629,0.932665,0.859976,0.960040,0.977170,0.999100,0.743559,0.601383,0.667893,0.398280,0.343950,1.059355,0.992489,0.901953,0.972279,1.011193,1.034703,1.043010,0.532061,0.270170,1.043492
6.822270,0.952296,0.804515,0.749838,0.791509,0.855405,0.865092,0.867668,0.870130,0.976280,0.840566,0.847108,0.821595,0.820046,0.775178,0.699334,0.700714,0.665262,0.689145,0.854610,0.863300,0.761569,0.882116,0.907654,0.942668,0.674929,0.575085,0.605070,0.489545,0.486729,1.036745,0.963816,0.863808,0.906970,0.953424,0.975432,0.992398,0.409513,0.496877,1.034027
6.830600,0.949789,0.799859,0.709642,0.747837,0.818403,0.828410,0.833661,0.837418,0.960469,0.796719,0.805518,0.776778,0.772032,0.716603,0.602910,0.595658,0.585147,0.622399,0.760105,0.787325,0.657395,0.799208,0.832761,0.879893,0.668377,0.603608,0.579061,0.620472,0.645285,1.032642,0.940047,0.831424,0.834799,0.889873,0.912910,0.936575,0.435621,0.685665,1.029399
6.838930,0.954970,0.815087,0.684834,0.712537,0.788094,0.798209,0.805872,0.810801,0.948952,0.759530,0.770556,0.738813,0.730893,0.665134,0.507824,0.490916,0.515610,0.568781,0.664190,0.710240,0.552801,0.717900,0.758695,0.815318,0.708933,0.644149,0.570353,0.716875,0.752255,1.039349,0.920173,0.803913,0.761743,0.825763,0.852793,0.881044,0.567294,0.801759,1.027358
6.847260,0.954015,0.820138,0.655778,0.676417,0.757333,0.767641,0.777668,0.783741,0.936321,0.722425,0.735551,0.701014,0.689944,0.613904,0.409266,0.382921,0.443037,0.512352,0.574007,0.638622,0.452722,0.646022,0.692827,0.753954,0.748085,0.651221,0.545672,0.740406,0.776017,1.041442,0.899843,0.776385,0.695140,0.767352,0.801684,0.832307,0.684844,0.824835,1.023763
6.855590,0.938044,0.794623,0.606750,0.631555,0.720305,0.731179,0.743655,0.750899,0.918547,0.680210,0.695198,0.658091,0.643831,0.557075,0.300021,0.264852,0.352286,0.437895,0.498644,0.579633,0.364508,0.591694,0.642339,0.700545,0.748168,0.600608,0.481649,0.678080,0.706936,1.027337,0.875523,0.745101,0.642732,0.720711,0.765453,0.796062,0.733508,0.750387,1.015757
6.863920,0.908549,0.738520,0.538505,0.580224,0.679091,0.690932,0.705641,0.713936,0.896358,0.635896,0.652216,0.613144,0.595979,0.499094,0.181334,0.135492,0.239891,0.345285,0.452081,0.541829,0.307047,0.563477,0.614132,0.660636,0.700316,0.491639,0.374838,0.536961,0.554600,0.996208,0.848231,0.712044,0.612514,0.691573,0.748580,0.776316,0.707768,0.592475,1.003754
6.872250,0.874406,0.667704,0.468983,0.535784,0.643565,0.656470,0.672411,0.681270,0.874410,0.600701,0.617274,0.577638,0.558936,0.456661,0.101072,0.062425,0.130200,0.258890,0.450166,0.533821,0.310566,0.568564,0.613849,0.640479,0.617931,0.341469,0.241404,0.338138,0.345359,0.955866,0.823287,0.684547,0.610927,0.684603,0.753859,0.775155,0.626066,0.389727,0.990590
6.880580,0.846442,0.605757,0.428476,0.516764,0.626397,0.639934,0.655152,0.663652,0.858418,0.588455,0.603626,0.565667,0.548258,0.451291,0.186489,0.195376,0.150622,0.240185,0.497494,0.559538,0.380874,0.607391,0.642031,0.644926,0.524207,0.192661,0.147914,0.097674,0.113608,0.917152,0.807475,0.671501,0.639425,0.701789,0.780795,0.791535,0.507417,0.222719,0.979644
6.888910,0.833763,0.578422,0.446344,0.536816,0.637021,0.650316,0.662341,0.669319,0.852974,0.608329,0.620404,0.586496,0.573678,0.493821,0.337670,0.358099,0.299283,0.327593,0.582926,0.615381,0.493876,0.675993,0.697344,0.677548,0.451814,0.214366,0.246417,0.168871,0.208196,0.890416,0.806391,0.679429,0.693448,0.741429,0.828002,0.824872,0.365089,0.307777,0.973652
6.897240,0.841721,0.602958,0.523666,0.595490,0.677581,0.689815,0.696615,0.701096,0.861099,0.660480,0.668489,0.640064,0.633733,0.575899,0.495944,0.519837,0.467220,0.468012,0.686189,0.689589,0.621368,0.760919,0.769106,0.729930,0.441992,0.391708,0.423865,0.423584,0.464531,0.883772,0.823496,0.710744,0.761921,0.796416,0.887578,0.869161,0.244277,0.536139,0.974483
6.905570,0.873489,0.681023,0.636630,0.678593,0.740895,0.751718,0.752578,0.754195,0.883622,0.734740,0.738850,0.715854,0.715659,0.677091,0.644300,0.668932,0.627286,0.617637,0.790666,0.769675,0.745439,0.849442,0.846316,0.794031,0.520348,0.583136,0.600426,0.644312,0.686648,0.904453,0.858013,0.761341,0.833751,0.858142,0.951247,0.917905,0.296565,0.744533,0.983651
6.913900,0.925011,0.791374,0.757622,0.767934,0.814514,0.824119,0.819595,0.818592,0.918169,0.817036,0.818073,0.799539,0.803843,0.778750,0.772855,0.796866,0.766560,0.754991,0.884772,0.845356,0.854090,0.930671,0.918952,0.859983,0.658058,0.748143,0.752352,0.808569,0.847143,0.952079,0.904879,0.822684,0.900083,0.918600,1.011139,0.965217,0.495106,0.889460,1.000966
6.922230,0.982476,0.900621,0.862513,0.846299,0.883626,0.892514,0.883977,0.881017,0.957683,0.892181,0.891136,0.875611,0.882707,0.865325,0.873090,0.896168,0.874124,0.864675,0.961033,0.909444,0.940615,0.998444,0.981251,0.920846,0.802286,0.865862,0.864063,0.900048,0.929404,1.013100,0.954467,0.882900,0.955092,0.971730,1.062363,1.007369,0.700703,0.951622,1.022795
6.930560,1.029420,0.981323,0.935691,0.902917,0.936918,0.945576,0.934708,0.930616,0.993405,0.949048,0.946824,0.932846,0.941425,0.927352,0.940749,0.963180,0.943669,0.937507,1.016500,0.958650,1.001265,1.048644,1.028782,0.970732,0.913333,0.925517,0.927040,0.913933,0.928645,1.068087,0.996672,0.931442,0.996382,1.014345,1.101476,1.041292,0.853812,0.925831,1.043339
6.938890,1.056961,1.023205,0.974872,0.937126,0.971692,0.980409,0.968711,0.964221,1.020346,0.985417,0.982713,0.969246,0.978377,0.964860,0.979066,1.000714,0.977766,0.974740,1.052278,0.992981,1.037789,1.081670,1.061578,1.008514,0.974129,0.929346,0.944156,0.858186,0.852699,1.104793,1.026748,0.964551,1.024436,1.045788,1.128229,1.066699,0.933419,0.819191,1.058468
6.947220,1.065503,1.030835,0.986762,0.953797,0.990636,0.999490,0.988035,0.983674,1.037470,1.004473,1.001774,0.988192,0.997308,0.982979,0.995321,1.015758,0.984888,0.984419,1.072442,1.014942,1.055141,1.100287,1.081769,1.035220,0.986919,0.890021,0.926670,0.749395,0.717658,1.121185,1.044630,0.983375,1.041905,1.067421,1.144102,1.084592,0.945110,0.644671,1.067046
6.955550,1.061926,1.017752,0.982329,0.959447,0.998794,1.007735,0.997126,0.993186,1.046829,1.011715,1.009329,0.995300,1.004086,0.988397,0.997173,1.015854,0.975800,0.977521,1.081377,1.027512,1.058369,1.107480,1.091853,1.052903,0.967637,0.829504,0.891454,0.617454,0.555120,1.123326,1.053346,0.991825,1.051749,1.081138,1.150820,1.096314,0.911195,0.428619,1.070629
6.963880,1.053157,0.996601,0.970861,0.959018,1.000413,1.009358,0.999820,0.996409,1.050925,1.011809,1.009903,0.995278,1.003588,0.986428,0.990807,1.007570,0.960185,0.963646,1.082999,1.033479,1.052439,1.106321,1.094427,1.062980,0.933703,0.773520,0.855992,0.510620,0.424002,1.118474,1.056171,0.993668,1.056658,1.088841,1.150352,1.103246,0.851839,0.235659,1.071272
6.972210,1.042894,0.973774,0.957001,0.954799,0.997695,1.006583,0.998139,0.995265,1.051282,1.007224,1.005886,0.990593,0.998347,0.979685,0.979180,0.994119,0.943601,0.948040,1.078941,1.033881,1.039173,1.097603,1.089961,1.067427,0.894120,0.743226,0.832815,0.488665,0.412002,1.110681,1.055152,0.991128,1.057681,1.091225,1.142985,1.105156,0.770647,0.263625,1.070216
6.980540,1.033517,0.953356,0.943290,0.947995,0.991949,1.000740,0.993347,0.990987,1.049092,0.999337,0.998638,0.982602,0.989715,0.969427,0.963388,0.976715,0.928543,0.933208,1.069485,1.028858,1.019272,1.081607,1.078543,1.065363,0.853979,0.749260,0.827857,0.570412,0.533945,1.102623,1.051633,0.985567,1.054765,1.088341,1.128962,1.101749,0.666458,0.476005,1.068372
6.988870,1.028843,0.943195,0.933778,0.940588,0.984980,0.993600,0.987202,0.985327,1.046079,0.989830,0.989869,0.972992,0.979358,0.957250,0.944437,0.956361,0.916957,0.921802,1.054476,1.018163,0.993317,1.058433,1.059864,1.056008,0.826111,0.790600,0.842419,0.707650,0.705671,1.099011,1.047061,0.978464,1.047272,1.079905,1.108494,1.092095,0.564647,0.696963,1.067065
6.997200,1.031592,0.949896,0.930679,0.933575,0.977676,0.986012,0.980622,0.979241,1.043396,0.979328,0.980275,0.962387,0.967836,0.943550,0.921656,0.932149,0.907240,0.913550,1.032694,1.000891,0.960846,1.027808,1.033389,1.038503,0.826920,0.849763,0.868225,0.842371,0.861674,1.104102,1.042124,0.970407,1.033726,1.065188,1.081718,1.075217,0.531953,0.876820,1.067237
7.005530,1.039379,0.969913,0.930150,0.924766,0.968277,0.976248,0.972042,0.971243,1.040173,0.965863,0.967962,0.948782,0.953044,0.925902,0.891771,0.900603,0.893214,0.903130,1.001912,0.975596,0.920164,0.989247,0.998640,1.012281,0.860066,0.901797,0.889761,0.936326,0.965610,1.116773,1.035718,0.959969,1.012090,1.043191,1.048872,1.050517,0.610421,0.989632,1.068227
7.013860,1.043704,0.986912,0.921318,0.908071,0.951878,0.959550,0.956923,0.956902,1.033094,0.944530,0.948070,0.927180,0.929867,0.898702,0.849153,0.856264,0.865451,0.880635,0.959537,0.940752,0.868797,0.942451,0.955595,0.977328,0.905525,0.924169,0.890147,0.969034,0.998844,1.128334,1.024720,0.943494,0.980439,1.013051,1.010561,1.018225,0.740534,1.021231,1.067411
7.022190,1.033904,0.979313,0.889605,0.874968,0.921779,0.929456,0.929056,0.930124,1.017710,0.908755,0.914057,0.890859,0.891418,0.854288,0.786050,0.791631,0.812330,0.833358,0.902385,0.894535,0.802965,0.886747,0.904169,0.933699,0.929536,0.898491,0.853340,0.930186,0.952998,1.126177,1.004958,0.916168,0.936938,0.973898,0.967236,0.979113,0.840788,0.966965,1.061389
7.030520,1.004614,0.933796,0.825021,0.819490,0.873679,0.881871,0.884520,0.887069,0.991692,0.854317,0.861743,0.835452,0.833145,0.787170,0.695681,0.700013,0.724656,0.751691,0.828147,0.835762,0.719387,0.821958,0.844765,0.881605,0.906602,0.814786,0.769143,0.817585,0.827666,1.102164,0.973939,0.875110,0.880823,0.925447,0.919635,0.934619,0.868227,0.829686,1.048533
7.038850,0.959944,0.853381,0.729023,0.743070,0.809567,0.818828,0.825309,0.829707,0.957173,0.783267,0.793189,0.762993,0.756960,0.698610,0.576570,0.580267,0.601354,0.635299,0.738952,0.766427,0.619667,0.751284,0.780562,0.823619,0.832718,0.676944,0.639014,0.640044,0.633322,1.058225,0.933186,0.822203,0.814825,0.869805,0.870492,0.887861,0.819209,0.622721,1.030463
7.047180,0.909544,0.753407,0.613516,0.654423,0.737214,0.747966,0.758730,0.765178,0.919321,0.703704,0.716386,0.681984,0.671217,0.597072,0.433682,0.439441,0.450483,0.493430,0.645249,0.694505,0.514463,0.684206,0.719919,0.765191,0.722693,0.503190,0.476479,0.422021,0.398577,1.003565,0.887557,0.763546,0.747758,0.813507,0.826561,0.845244,0.714638,0.383796,1.010554
7.055510,0.863769,0.653813,0.497025,0.567602,0.668311,0.680711,0.695550,0.703917,0.884353,0.628264,0.643613,0.605396,0.589382,0.497475,0.273711,0.288334,0.281938,0.340507,0.562054,0.630556,0.420684,0.631624,0.671943,0.712725,0.597534,0.317271,0.298153,0.186727,0.151311,0.949123,0.843904,0.708087,0.690626,0.764498,0.794405,0.812846,0.576189,0.182110,0.992302
7.063840,0.834458,0.582146,0.412959,0.505948,0.620379,0.634069,0.651425,0.660953,0.860050,0.576771,0.593771,0.553354,0.533466,0.427811,0.106673,0.146409,0.109635,0.212428,0.503322,0.582988,0.358324,0.599974,0.641626,0.670903,0.484738,0.181851,0.142910,0.072412,0.110650,0.907761,0.811916,0.668975,0.651263,0.728228,0.776440,0.793114,0.414561,0.229876,0.979671
7.072170,0.826917,0.560328,0.397707,0.490646,0.606643,0.620649,0.637733,0.647115,0.850564,0.564764,0.581368,0.541664,0.521856,0.417168,0.099002,0.143968,0.111250,0.206001,0.491006,0.565053,0.360986,0.600009,0.637512,0.648133,0.419029,0.236814,0.175312,0.291239,0.341728,0.886865,0.798170,0.655466,0.640696,0.712779,0.778018,0.789789,0.249456,0.433466,0.974375
7.080500,0.841928,0.596648,0.456867,0.525837,0.629191,0.642347,0.656304,0.664206,0.856167,0.593999,0.608180,0.572032,0.556533,0.468591,0.266917,0.289560,0.279853,0.324247,0.535517,0.585984,0.433972,0.636216,0.663655,0.652345,0.438901,0.384390,0.327673,0.473601,0.524970,0.890001,0.804226,0.669110,0.665098,0.724357,0.801996,0.804166,0.221363,0.603502,0.976651
7.088830,0.876436,0.677233,0.557646,0.596562,0.680205,0.691823,0.700908,0.706497,0.875166,0.654049,0.664847,0.633599,0.624217,0.557674,0.429017,0.445143,0.439212,0.466738,0.617810,0.638555,0.542571,0.700634,0.715964,0.685658,0.539826,0.521074,0.471864,0.597606,0.641017,0.917313,0.828364,0.705772,0.716183,0.759853,0.845177,0.834660,0.402274,0.701308,0.986086
7.097160,0.920440,0.770079,0.663868,0.680023,0.745576,0.755753,0.759604,0.762676,0.903353,0.728762,0.736154,0.709777,0.706056,0.657528,0.573032,0.584413,0.575443,0.596605,0.710830,0.705783,0.654485,0.775471,0.779896,0.735224,0.665782,0.621050,0.586290,0.654000,0.681307,0.959757,0.865397,0.757018,0.778120,0.808794,0.896991,0.873276,0.601588,0.715566,1.000522
7.105490,0.956992,0.839810,0.745039,0.750262,0.804263,0.813639,0.813209,0.814200,0.930833,0.795583,0.800172,0.777708,0.778060,0.741724,0.686969,0.696460,0.676574,0.693362,0.798862,0.775285,0.754325,0.849627,0.845678,0.793442,0.762343,0.668310,0.657177,0.635024,0.638782,0.998153,0.902841,0.806557,0.839951,0.862617,0.950470,0.914196,0.740536,0.638933,1.014485
7.113820,0.979490,0.877504,0.797743,0.800929,0.849469,0.858678,0.855083,0.854523,0.953464,0.847722,0.850080,0.830517,0.833635,0.804881,0.771585,0.780508,0.746688,0.759240,0.871660,0.836720,0.834677,0.914317,0.905016,0.850973,0.812709,0.671281,0.692252,0.555799,0.529049,1.023245,0.934954,0.848000,0.892766,0.912745,0.998905,0.952663,0.802673,0.484199,1.025264
7.122150,0.989553,0.889961,0.828630,0.834400,0.881347,0.890746,0.885018,0.883411,0.970539,0.885047,0.885741,0.868106,0.873081,0.848747,0.831332,0.841202,0.793790,0.801994,0.928398,0.887184,0.896152,0.967057,0.954692,0.902331,0.823507,0.650440,0.706228,0.450888,0.388691,1.034969,0.959817,0.879578,0.934863,0.955869,1.039691,0.986474,0.801533,0.278951,1.032503
7.130480,0.994786,0.893474,0.851452,0.859776,0.906440,0.916070,0.908895,0.906580,0.985200,0.914127,0.913624,0.897276,0.903521,0.881874,0.875790,0.887493,0.831228,0.835318,0.972549,0.927767,0.943411,1.008899,0.994892,0.945483,0.815775,0.639268,0.721947,0.390304,0.305999,1.040756,0.980392,0.905206,0.968056,0.991741,1.072682,1.015531,0.763880,0.124352,1.038226
7.138810,1.000528,0.898665,0.874754,0.883546,0.929758,0.939484,0.931288,0.928481,0.999888,0.940108,0.938783,0.923321,0.930463,0.910653,0.912119,0.925872,0.867475,0.867796,1.008034,0.960858,0.980579,1.041707,1.026970,0.980929,0.804878,0.662232,0.753875,0.445311,0.389243,1.046464,0.999450,0.928336,0.995131,1.021544,1.098597,1.040425,0.704279,0.301415,1.044051
7.147140,1.009043,0.909989,0.901610,0.908381,0.953388,0.963018,0.954077,0.950919,1.015444,0.965280,0.963431,0.948596,0.956396,0.938051,0.944222,0.959875,0.905662,0.902583,1.037891,0.988751,1.010467,1.067238,1.052485,1.010152,0.798680,0.723530,0.804690,0.590000,0.573044,1.054998,1.018211,0.950534,1.018524,1.046729,1.118318,1.061916,0.626938,0.548137,1.050659
7.155470,1.022744,0.932582,0.934416,0.935621,0.978314,0.987632,0.978101,0.974674,1.032322,0.990811,0.988669,0.974297,0.982609,0.965661,0.974415,0.991696,0.946970,0.941296,1.064435,1.013320,1.035172,1.087142,1.073006,1.035029,0.806651,0.811929,0.870448,0.757319,0.766786,1.069559,1.037268,0.972609,1.040148,1.068619,1.132863,1.080772,0.553401,0.770922,1.058686
7.163800,1.043357,0.970369,0.973130,0.964663,1.003926,1.012723,1.002737,0.999110,1.050242,1.016140,1.013923,0.999862,1.008552,0.992967,1.002325,1.020852,0.988583,0.982051,1.088084,1.035001,1.055421,1.102230,1.089287,1.055541,0.839930,0.906122,0.939756,0.902890,0.928032,1.093039,1.056208,0.994098,1.060454,1.087602,1.142897,1.097228,0.542686,0.944911,1.068479
7.172130,1.069708,1.021417,1.014263,0.992888,1.027994,1.036119,1.025875,1.022144,1.067819,1.039049,1.036988,1.023039,1.031934,1.017509,1.025352,1.044613,1.025471,1.020333,1.107225,1.052459,1.069604,1.111458,1.100171,1.072298,0.903271,0.988263,1.000981,1.005059,1.036396,1.125450,1.073575,1.013287,1.078212,1.102720,1.147669,1.109956,0.638853,1.054362,1.079501
7.180460,1.094708,1.072339,1.048575,1.014695,1.045885,1.053314,1.043163,1.039499,1.081683,1.054966,1.053307,1.039184,1.048027,1.034205,1.038603,1.058166,1.050127,1.048027,1.118832,1.063471,1.074908,1.113413,1.104310,1.082823,0.981742,1.043422,1.042395,1.053194,1.081889,1.159777,1.086359,1.026676,1.090974,1.112385,1.146681,1.117833,0.794040,1.091175,1.089357
7.188790,1.106719,1.101579,1.061886,1.021532,1.050525,1.057439,1.047962,1.044641,1.086553,1.056889,1.055914,1.041179,1.049563,1.035163,1.034178,1.053568,1.051769,1.053162,1.117405,1.063953,1.065761,1.104569,1.098380,1.083785,1.043723,1.056498,1.050609,1.039918,1.058453,1.182682,1.089943,1.028900,1.094256,1.113526,1.137934,1.118069,0.929030,1.051812,1.093990
7.197120,1.096936,1.092302,1.042467,1.005899,1.035819,1.042589,1.034544,1.031925,1.078150,1.038749,1.038786,1.022830,1.030174,1.013276,1.004347,1.022869,1.020792,1.025352,1.096898,1.049352,1.036001,1.080796,1.078640,1.071795,1.060845,1.016806,1.015309,0.961511,0.963999,1.182745,1.080501,1.015408,1.082986,1.102540,1.118828,1.107571,0.994195,0.936609,1.090191
7.205450,1.065611,1.042275,0.987740,0.965554,1.000265,1.007357,1.001545,1.000009,1.056196,0.998968,1.000399,0.982475,0.988054,0.966102,0.945178,0.961753,0.953556,0.961288,1.053143,1.016410,0.981641,1.039175,1.042521,1.044826,1.023315,0.923999,0.934641,0.821333,0.802923,1.157849,1.057434,0.985276,1.053412,1.076641,1.087324,1.084093,0.978164,0.750651,1.078019
7.213780,1.021278,0.963617,0.905157,0.904491,0.947705,0.955540,0.952676,0.952566,1.024621,0.941245,0.944488,0.923801,0.926832,0.896969,0.858166,0.871468,0.854279,0.866317,0.985738,0.964666,0.902924,0.979773,0.990134,1.003201,0.942072,0.791454,0.817703,0.635576,0.592240,1.115502,1.023636,0.941685,1.004776,1.035224,1.043401,1.047481,0.899340,0.509256,1.060617
7.222110,0.973385,0.872418,0.806376,0.829774,0.884434,0.893307,0.893957,0.895542,0.988571,0.871833,0.877288,0.853110,0.852880,0.812386,0.748907,0.758106,0.732750,0.750852,0.898858,0.897288,0.804866,0.906681,0.925163,0.949871,0.837384,0.643486,0.681765,0.439135,0.370348,1.065785,0.983295,0.889602,0.940297,0.980790,0.990160,1.000544,0.784288,0.248006,1.041487
7.230440,0.928489,0.781022,0.701779,0.748455,0.816678,0.826754,0.831311,0.834777,0.952394,0.797073,0.805080,0.776836,0.772737,0.719150,0.623185,0.628060,0.598294,0.624732,0.798653,0.819280,0.693878,0.825632,0.852744,0.888766,0.724235,0.506358,0.544125,0.285084,0.204095,1.016224,0.940302,0.833913,0.865362,0.917709,0.932057,0.947567,0.644022,0.045266,1.023117
7.238770,0.891762,0.700242,0.601228,0.667920,0.750843,0.762159,0.770757,0.776161,0.919804,0.723737,0.734513,0.702108,0.693473,0.624647,0.485196,0.485493,0.457454,0.496276,0.691977,0.736436,0.576086,0.743004,0.778822,0.824452,0.612844,0.406831,0.419904,0.267815,0.245342,0.972696,0.898459,0.779637,0.786497,0.851241,0.874125,0.893734,0.477064,0.258512,1.007412
7.247100,0.868853,0.645406,0.518599,0.597561,0.694367,0.706746,0.719104,0.726291,0.894300,0.659894,0.673406,0.637228,0.623782,0.538798,0.338716,0.333501,0.316866,0.376882,0.588742,0.656791,0.459982,0.666992,0.710669,0.761637,0.523450,0.366367,0.325857,0.368382,0.394431,0.941956,0.861849,0.732306,0.712472,0.788368,0.822496,0.844992,0.309025,0.455908,0.996181
7.255430,0.866076,0.636396,0.477221,0.552624,0.658226,0.671131,0.686088,0.694492,0.880213,0.618073,0.633665,0.594918,0.577717,0.479934,0.195472,0.176778,0.198698,0.295767,0.502114,0.589354,0.359280,0.605936,0.655184,0.705048,0.497590,0.388785,0.289628,0.478210,0.520754,0.932475,0.836389,0.700094,0.652522,0.735832,0.782208,0.806088,0.275927,0.593786,0.991535
7.263760,0.880643,0.669110,0.485466,0.542718,0.648503,0.661194,0.676861,0.685590,0.878300,0.606171,0.622481,0.583182,0.564834,0.463679,0.111368,0.045833,0.163778,0.286479,0.453044,0.546812,0.303355,0.571205,0.621387,0.661970,0.545914,0.437169,0.311061,0.545484,0.587840,0.943257,0.825384,0.687834,0.618132,0.701880,0.759336,0.781967,0.424881,0.656081,0.993112
7.272090,0.899527,0.711367,0.519763,0.559846,0.659184,0.671213,0.685873,0.694118,0.883756,0.618689,0.634242,0.596365,0.579576,0.485071,0.182391,0.146921,0.225175,0.331764,0.460162,0.541171,0.322890,0.573448,0.618158,0.641474,0.617563,0.466261,0.346809,0.544904,0.576270,0.960749,0.826001,0.692022,0.618423,0.694048,0.759784,0.777007,0.581402,0.629765,0.997357
7.280420,0.910319,0.734740,0.552703,0.587551,0.678507,0.689901,0.702546,0.709827,0.890250,0.643056,0.656798,0.621608,0.607966,0.525370,0.299067,0.282956,0.309346,0.390219,0.517736,0.573115,0.401992,0.611600,0.645645,0.648830,0.662137,0.454954,0.367863,0.469850,0.481889,0.970355,0.832197,0.704740,0.651683,0.713664,0.783688,0.790817,0.668786,0.514316,1.000314
7.288750,0.910712,0.735033,0.578595,0.617934,0.700522,0.711475,0.721493,0.727509,0.895303,0.672442,0.683679,0.651934,0.642228,0.573483,0.415115,0.411060,0.395467,0.450354,0.602973,0.631385,0.506754,0.676454,0.698512,0.684064,0.666311,0.413602,0.381181,0.335235,0.319629,0.967852,0.840605,0.721572,0.706566,0.754642,0.827067,0.821163,0.679341,0.327951,1.000783
7.297080,0.907515,0.727510,0.608577,0.653189,0.726815,0.737393,0.744217,0.748687,0.900959,0.707580,0.715871,0.688065,0.682719,0.628453,0.528434,0.533744,0.489145,0.519834,0.697497,0.702592,0.618334,0.754836,0.765597,0.736568,0.645940,0.385692,0.417313,0.194688,0.129206,0.959471,0.852211,0.743301,0.771012,0.808126,0.881925,0.861731,0.635558,0.099247,1.000511
7.305410,0.908701,0.729647,0.652614,0.696232,0.760157,0.770314,0.773512,0.776220,0.910438,0.750111,0.755349,0.731604,0.730592,0.690002,0.637163,0.649762,0.591340,0.602297,0.789837,0.776057,0.725898,0.835602,0.836735,0.797948,0.625269,0.425227,0.495842,0.242780,0.204455,0.954075,0.869449,0.771831,0.835795,0.865820,0.940439,0.906373,0.561480,0.198599,1.001944
7.313740,0.918097,0.749263,0.710299,0.745606,0.800325,0.810058,0.809550,0.810454,0.925511,0.798709,0.801154,0.781133,0.783891,0.754622,0.736494,0.754234,0.694107,0.691312,0.872471,0.844097,0.822064,0.910482,0.904018,0.859891,0.619947,0.528315,0.602348,0.440584,0.443274,0.956918,0.893416,0.807107,0.894621,0.921091,0.996118,0.950224,0.471847,0.463819,1.006522
7.322070,0.939721,0.793780,0.781274,0.800550,0.847005,0.856295,0.852259,0.851447,0.947522,0.852323,0.852453,0.835572,0.841307,0.820641,0.826205,0.847914,0.795107,0.784140,0.944703,0.904608,0.906511,0.977360,0.965112,0.917893,0.647375,0.665990,0.723161,0.650431,0.671893,0.973637,0.924471,0.848580,0.946577,0.971474,1.046652,0.991663,0.406995,0.701644,1.015661
7.330400,0.975446,0.864900,0.861942,0.859267,0.898588,0.907396,0.900247,0.897931,0.976501,0.908866,0.907291,0.892736,0.900672,0.885994,0.905491,0.930192,0.890070,0.876129,1.006956,0.957354,0.978373,1.034287,1.017546,0.969205,0.719058,0.807144,0.842589,0.829709,0.860584,1.008081,0.961607,0.894452,0.992020,1.016179,1.090143,1.028880,0.450238,0.890938,1.030118
7.338730,1.022206,0.953908,0.944778,0.918333,0.951817,0.960115,0.950460,0.946947,1.010492,0.965024,0.962373,0.949336,0.958742,0.947828,0.973370,0.999952,0.973716,0.960978,1.059689,1.002633,1.037723,1.081359,1.061509,1.013444,0.828495,0.929880,0.946959,0.958300,0.991419,1.058616,1.002197,0.941622,1.031513,1.055091,1.126298,1.061857,0.611140,1.014994,1.049149
7.347060,1.070089,1.041097,1.017913,0.971514,1.000794,1.008618,0.997242,0.992924,1.044706,1.015138,1.011983,0.999736,1.009965,1.001017,1.027088,1.054358,1.039503,1.030304,1.102174,1.040055,1.083308,1.117977,1.096581,1.050514,0.948459,1.019713,1.025372,1.028595,1.056947,1.114966,1.041305,0.984915,1.064758,1.087776,1.154543,1.090084,0.803495,1.066451,1.069565
7.355390,1.105081,1.102653,1.067272,1.010330,1.037494,1.044968,1.032831,1.028171,1.072096,1.051548,1.048375,1.036278,1.046761,1.038284,1.061613,1.088441,1.079278,1.073968,1.131751,1.067657,1.112127,1.142408,1.121370,1.079630,1.043323,1.063959,1.067181,1.036980,1.054078,1.160892,1.072123,1.017463,1.089918,1.112688,1.173595,1.112375,0.954207,1.043525,1.086147
7.363720,1.117398,1.123632,1.083790,1.028314,1.055641,1.062960,1.051047,1.046518,1.086813,1.068351,1.065548,1.053053,1.063286,1.053965,1.072686,1.098081,1.087445,1.085232,1.145343,1.082821,1.121137,1.152527,1.133950,1.099072,1.088145,1.055490,1.066082,0.982873,0.983027,1.183912,1.089141,1.033916,1.104541,1.127683,1.181840,1.127061,1.027355,0.947601,1.094543
7.372050,1.107215,1.105137,1.068305,1.024553,1.054096,1.061469,1.050592,1.046577,1.087402,1.064699,1.062566,1.049211,1.058749,1.047366,1.059910,1.083020,1.064844,1.065000,1.141477,1.083803,1.109915,1.147542,1.133285,1.106563,1.079148,0.998221,1.024853,0.872462,0.850510,1.182198,1.091146,1.033370,1.106979,1.131044,1.178576,1.132901,1.022603,0.784706,1.093934
7.380380,1.082307,1.060056,1.029228,1.002922,1.036277,1.043888,1.034582,1.031331,1.076511,1.044177,1.042954,1.028342,1.036786,1.022157,1.026442,1.046493,1.017898,1.020451,1.120620,1.070455,1.079989,1.127720,1.119148,1.102388,1.030314,0.907521,0.954900,0.722899,0.674244,1.162674,1.080860,1.018849,1.096777,1.122210,1.163673,1.128928,0.963375,0.569100,1.086654
7.388710,1.050444,1.001406,0.975388,0.968223,1.006649,1.014648,1.007257,1.004929,1.057878,1.011280,1.011186,0.994946,1.001919,0.982854,0.976302,0.992755,0.954331,0.959709,1.084184,1.043621,1.034066,1.094585,1.092576,1.086339,0.959353,0.804968,0.870985,0.567355,0.491981,1.133408,1.062030,0.994261,1.074166,1.101499,1.138280,1.115277,0.872638,0.335956,1.075517
7.397040,1.015848,0.935879,0.911738,0.923608,0.968334,0.976855,0.971675,0.970413,1.034336,0.969050,0.970324,0.952055,0.957157,0.932317,0.911735,0.924192,0.879161,0.887725,1.032743,1.003791,0.973615,1.049032,1.054136,1.058790,0.875247,0.710274,0.785060,0.453531,0.367404,1.098988,1.037312,0.962340,1.038931,1.069193,1.103211,1.091738,0.753769,0.181295,1.062353
7.405370,0.982752,0.869854,0.842206,0.871662,0.923974,0.933120,0.930484,0.930449,1.008599,0.919940,0.922874,0.902106,0.904859,0.872576,0.833099,0.840747,0.794540,0.807256,0.965324,0.950412,0.898067,0.990682,1.003469,1.019698,0.782895,0.638423,0.704878,0.432253,0.377423,1.063705,1.008742,0.925311,0.990004,1.024967,1.058387,1.057745,0.602311,0.294288,1.048954
7.413700,0.958146,0.817790,0.775516,0.817340,0.877917,0.887681,0.887864,0.889194,0.984294,0.868120,0.873036,0.849304,0.849226,0.807762,0.742423,0.743905,0.704915,0.724336,0.882282,0.883967,0.808106,0.920275,0.941255,0.969762,0.701996,0.603628,0.639676,0.505892,0.497694,1.035653,0.979128,0.886504,0.927643,0.969451,1.004637,1.013745,0.450688,0.496419,1.037759
7.422030,0.948503,0.797120,0.724617,0.768295,0.836277,0.846459,0.849502,0.852219,0.965151,0.819779,0.826926,0.799969,0.796759,0.745034,0.645815,0.639552,0.619686,0.649979,0.787854,0.807927,0.708399,0.841776,0.870994,0.911594,0.668538,0.612214,0.600291,0.616683,0.637339,1.023773,0.952124,0.850450,0.855407,0.905753,0.945233,0.962441,0.407911,0.671326,1.030930
7.430360,0.950860,0.805017,0.692101,0.727822,0.801530,0.811872,0.817622,0.821655,0.951471,0.777840,0.787320,0.757183,0.750729,0.688502,0.547921,0.532410,0.543029,0.588419,0.688303,0.727767,0.604432,0.760790,0.797743,0.848894,0.692574,0.640924,0.580334,0.706088,0.739323,1.026790,0.929115,0.819108,0.779261,0.838988,0.884874,0.908125,0.518016,0.785797,1.027861
7.438690,0.952554,0.814883,0.663903,0.690622,0.769514,0.779960,0.788307,0.793600,0.939157,0.738834,0.750591,0.717479,0.707777,0.635146,0.448078,0.422793,0.468239,0.530558,0.591880,0.650866,0.501762,0.684718,0.728472,0.786691,0.735840,0.651589,0.555713,0.737261,0.772266,1.031300,0.907553,0.789805,0.707385,0.776030,0.829831,0.856856,0.655370,0.819554,1.024946
7.447020,0.941209,0.799105,0.620818,0.647432,0.733248,0.744057,0.755090,0.761674,0.923120,0.696445,0.710303,0.674426,0.661440,0.578152,0.340197,0.305697,0.380959,0.460224,0.508885,0.585785,0.406481,0.621482,0.670354,0.729574,0.750144,0.614436,0.500637,0.692228,0.721808,1.022352,0.883143,0.757917,0.649002,0.724354,0.786339,0.814676,0.730259,0.764302,1.018382
7.455350,0.914672,0.749942,0.556862,0.596150,0.691445,0.703005,0.716748,0.724613,0.902313,0.650179,0.665749,0.627554,0.611396,0.517553,0.221179,0.176875,0.272852,0.371029,0.453215,0.541701,0.331375,0.579242,0.630198,0.682436,0.714663,0.520555,0.404592,0.571291,0.590796,0.995147,0.854777,0.722942,0.612870,0.690529,0.759384,0.786277,0.721614,0.627401,1.007450
7.463680,0.880792,0.680286,0.485403,0.546842,0.651720,0.664200,0.680091,0.688948,0.880570,0.608840,0.625269,0.585881,0.567488,0.466284,0.113654,0.059387,0.156591,0.279093,0.441770,0.527909,0.304502,0.566620,0.614753,0.651370,0.637731,0.381554,0.277314,0.390556,0.399103,0.956138,0.826362,0.690636,0.606059,0.679763,0.752832,0.774882,0.645327,0.436993,0.994627
7.472010,0.850412,0.612566,0.433686,0.516968,0.626203,0.639297,0.655842,0.664975,0.863458,0.585935,0.601738,0.563185,0.544948,0.445471,0.145721,0.149226,0.125614,0.234987,0.481998,0.549362,0.348570,0.589182,0.628762,0.642851,0.540426,0.226060,0.160106,0.166622,0.172859,0.916018,0.804253,0.669671,0.630748,0.694432,0.768908,0.782086,0.522688,0.249847,0.983289
7.480340,0.833629,0.573831,0.434472,0.523230,0.626077,0.638970,0.653854,0.662175,0.855930,0.593130,0.606488,0.571285,0.556632,0.471606,0.288677,0.310252,0.255422,0.297088,0.563873,0.602882,0.448256,0.644542,0.671066,0.660934,0.452567,0.180208,0.204376,0.089853,0.133573,0.885750,0.794669,0.667867,0.682574,0.732819,0.806414,0.806454,0.365875,0.249631,0.976406
7.488670,0.838194,0.589317,0.500998,0.571517,0.657098,0.668845,0.679640,0.686006,0.861653,0.634844,0.644383,0.614463,0.606064,0.543443,0.448946,0.476031,0.424496,0.431700,0.668265,0.677904,0.574745,0.724684,0.737077,0.706112,0.423840,0.339163,0.376231,0.349714,0.388337,0.875597,0.802607,0.689984,0.751602,0.788666,0.861664,0.845947,0.222056,0.462178,0.976301
7.497000,0.870389,0.669935,0.616898,0.653970,0.717624,0.727673,0.732786,0.736428,0.883417,0.706669,0.712085,0.687962,0.686293,0.645439,0.606691,0.635034,0.595243,0.589350,0.777446,0.761279,0.705736,0.815201,0.814652,0.767024,0.502478,0.543978,0.565354,0.590077,0.630795,0.896355,0.831232,0.736516,0.826251,0.852956,0.925729,0.893697,0.294718,0.688382,0.985392
7.505330,0.927240,0.793262,0.750142,0.751249,0.796040,0.804541,0.803800,0.804615,0.919888,0.794637,0.796591,0.777487,0.781095,0.756164,0.748873,0.776298,0.750330,0.741479,0.878422,0.841817,0.825506,0.902784,0.891786,0.834058,0.659822,0.734581,0.738492,0.787190,0.825875,0.949666,0.878061,0.800424,0.896926,0.917125,0.989427,0.942492,0.527594,0.868162,1.004084
7.513660,0.991367,0.915663,0.868288,0.840584,0.873981,0.881615,0.876040,0.874511,0.962991,0.879635,0.879139,0.863592,0.870495,0.854743,0.863118,0.888759,0.873752,0.866226,0.961698,0.910958,0.923196,0.977744,0.959506,0.898099,0.824040,0.879936,0.872468,0.917264,0.949533,1.018268,0.932887,0.867762,0.956531,0.974134,1.045495,0.986811,0.749253,0.974184,1.028053
7.521990,1.041885,1.002446,0.949864,0.905763,0.935199,0.942684,0.933917,0.930846,1.001523,0.945427,0.943465,0.929803,0.938479,0.926610,0.941776,0.966127,0.955242,0.949804,1.022673,0.964142,0.993746,1.035456,1.013400,0.952939,0.944973,0.962165,0.953006,0.967855,0.989444,1.077496,0.982106,0.923803,1.001631,1.019868,1.090061,1.023680,0.899559,0.993779,1.050005
7.530320,1.069227,1.043651,0.991985,0.944638,0.975061,0.982832,0.972483,0.968653,1.029521,0.987733,0.985090,0.972095,0.981456,0.970128,0.986808,1.010032,0.996117,0.992480,1.061751,1.000850,1.037300,1.074394,1.051250,0.995005,1.006156,0.981059,0.980960,0.942850,0.949268,1.114233,1.018469,0.962562,1.032223,1.053224,1.121466,1.051449,0.964564,0.930030,1.065288
7.538650,1.075667,1.047745,1.003688,0.963207,0.996732,1.004898,0.994203,0.990216,1.046476,1.010142,1.007384,0.994320,1.003701,0.991290,1.006444,1.028299,1.006087,1.003953,1.083278,1.023712,1.059463,1.097694,1.075539,1.025315,1.015499,0.949986,0.968515,0.857285,0.843406,1.128713,1.041148,0.985032,1.051053,1.075561,1.141359,1.071411,0.960674,0.795205,1.073252
7.546980,1.068314,1.028392,0.995866,0.968151,1.005175,1.013671,1.003433,0.999680,1.054393,1.018054,1.015560,1.002015,1.011038,0.996881,1.008587,1.028607,0.995623,0.994953,1.091665,1.035693,1.065645,1.108540,1.088910,1.045854,0.989526,0.887456,0.930840,0.731622,0.692052,1.127295,1.052496,0.994814,1.061001,1.088711,1.151545,1.085006,0.912015,0.605719,1.075504
7.555310,1.052395,0.994215,0.974865,0.962945,1.003430,1.012183,1.002893,0.999606,1.054944,1.014925,1.012941,0.998660,1.007076,0.990792,0.997655,1.015407,0.971395,0.972094,1.089362,1.038488,1.058755,1.108651,1.092897,1.058249,0.939230,0.810697,0.880023,0.592906,0.525154,1.115018,1.054848,0.994746,1.063643,1.093746,1.152914,1.093014,0.828114,0.388043,1.073556
7.563640,1.031850,0.951159,0.944850,0.949533,0.993482,1.002462,0.994397,0.991708,1.049607,1.003028,1.001722,0.986505,0.994113,0.975296,0.976028,0.991241,0.937965,0.939816,1.077259,1.032487,1.040699,1.099058,1.088342,1.062467,0.870138,0.736697,0.826432,0.481567,0.394838,1.095530,1.050193,0.986974,1.059322,1.090777,1.146033,1.095674,0.705391,0.206701,1.068721
7.571970,1.014088,0.912674,0.914170,0.932045,0.979074,0.988217,0.981459,0.979404,1.041458,0.986181,0.985685,0.969377,0.976002,0.954248,0.946872,0.959183,0.901736,0.905238,1.055852,1.017694,1.012840,1.079979,1.075089,1.059609,0.797300,0.688727,0.783908,0.457214,0.388319,1.076374,1.041572,0.974794,1.047802,1.079547,1.130722,1.092220,0.558644,0.265708,1.063468
7.580300,1.009242,0.900835,0.896354,0.917564,0.966229,0.975336,0.969758,0.968277,1.035139,0.970306,0.970746,0.953264,0.958802,0.933982,0.915752,0.924796,0.872675,0.879644,1.026894,0.995026,0.978569,1.053122,1.054240,1.049229,0.758284,0.694643,0.770454,0.549352,0.523872,1.070018,1.033364,0.962964,1.029499,1.060426,1.108141,1.082789,0.471534,0.488159,1.061160
7.588630,1.021891,0.928167,0.900823,0.911957,0.959807,0.968548,0.963890,0.962864,1.033852,0.960173,0.961666,0.943028,0.947479,0.919957,0.888441,0.894284,0.859630,0.872168,0.993419,0.966646,0.942441,1.021288,1.027718,1.032234,0.788978,0.761646,0.796393,0.706039,0.711098,1.084766,1.028973,0.955155,1.005783,1.034899,1.080495,1.067811,0.549989,0.713238,1.063608
7.596960,1.042395,0.975929,0.917654,0.911361,0.956777,0.964924,0.961119,0.960524,1.035027,0.952752,0.955441,0.935593,0.938916,0.908911,0.862573,0.865739,0.856386,0.875311,0.955552,0.933228,0.904470,0.985319,0.996100,1.008875,0.870816,0.852148,0.842347,0.855819,0.877075,1.112357,1.026639,0.949112,0.976599,1.003880,1.049118,1.047252,0.723000,0.893835,1.068239
7.605290,1.052745,1.007773,0.922413,0.902610,0.946614,0.954267,0.951703,0.951728,1.031323,0.937596,0.941697,0.920319,0.922235,0.888966,0.826813,0.828108,0.843123,0.867476,0.909369,0.892914,0.858797,0.943088,0.957805,0.978011,0.946646,0.916378,0.872231,0.950725,0.979052,1.132680,1.019722,0.937071,0.939839,0.966865,1.013649,1.020263,0.867983,1.000547,1.069401
7.613620,1.040243,0.997919,0.894594,0.872770,0.919024,0.926622,0.926081,0.927101,1.016314,0.904479,0.910285,0.886754,0.886698,0.848116,0.768582,0.768918,0.800819,0.828860,0.849880,0.843031,0.798128,0.891668,0.910742,0.938100,0.973150,0.923319,0.858877,0.968710,0.997625,1.129650,1.001684,0.911520,0.892933,0.922920,0.973147,0.986011,0.929907,1.019020,1.062727
7.621950,1.004214,0.941704,0.827523,0.816645,0.870245,0.878388,0.880829,0.883301,0.988693,0.849585,0.857459,0.830933,0.828121,0.781141,0.680518,0.680715,0.719835,0.750652,0.774811,0.782600,0.718331,0.830038,0.854488,0.888749,0.937624,0.863361,0.791519,0.906075,0.930390,1.099626,0.970243,0.869896,0.835526,0.872231,0.927673,0.945025,0.905093,0.949208,1.047893
7.630280,0.952785,0.849665,0.726900,0.737767,0.803921,0.813188,0.819498,0.823837,0.952055,0.776532,0.786856,0.756498,0.750022,0.691000,0.562444,0.563693,0.601006,0.635243,0.687851,0.714877,0.621783,0.761507,0.792148,0.832149,0.849107,0.742563,0.673457,0.771087,0.786546,1.048981,0.927885,0.815276,0.771689,0.818039,0.879918,0.900183,0.814348,0.801746,1.027803
7.638610,0.895273,0.735511,0.603337,0.644528,0.727726,0.738580,0.749369,0.755850,0.911646,0.693319,0.706374,0.671852,0.660601,0.585833,0.418903,0.425010,0.451269,0.490478,0.601173,0.649111,0.519541,0.695702,0.732306,0.774334,0.721183,0.574565,0.515314,0.580891,0.585686,0.986408,0.879450,0.753823,0.711381,0.767805,0.836713,0.858062,0.674682,0.600066,1.005825
7.646940,0.839968,0.612685,0.469638,0.548450,0.651629,0.664341,0.679698,0.688324,0.872779,0.610851,0.626586,0.588197,0.571414,0.478098,0.254546,0.277919,0.277447,0.324662,0.533799,0.598314,0.431277,0.645466,0.685764,0.722753,0.562706,0.371825,0.326976,0.359050,0.359824,0.919754,0.830734,0.693385,0.667459,0.730802,0.806141,0.826107,0.487102,0.392357,0.984822
7.655270,0.803224,0.516998,0.362859,0.475320,0.595109,0.609356,0.627910,0.638003,0.844601,0.551073,0.568430,0.527800,0.506713,0.398144,0.071880,0.157018,0.080703,0.164847,0.501949,0.571795,0.380222,0.618673,0.658786,0.682966,0.397782,0.142602,0.112658,0.126970,0.160777,0.865309,0.792263,0.648563,0.647700,0.712465,0.791569,0.807798,0.253809,0.266543,0.969882
7.663600,0.805748,0.515912,0.365192,0.467184,0.585690,0.599962,0.617981,0.627800,0.838289,0.544940,0.561266,0.522101,0.502041,0.398103,0.131193,0.200033,0.134162,0.189284,0.519358,0.577271,0.394877,0.622608,0.657087,0.661441,0.334207,0.152832,0.140327,0.196329,0.257403,0.848662,0.778385,0.638622,0.657277,0.716484,0.795697,0.805218,0.139801,0.364765,0.967147
7.671930,0.844321,0.609059,0.474305,0.529513,0.627385,0.640015,0.653628,0.661372,0.854275,0.595550,0.608446,0.574123,0.560348,0.479764,0.324681,0.360631,0.340145,0.364773,0.587981,0.619221,0.478963,0.663108,0.685997,0.667504,0.450264,0.388536,0.362530,0.440970,0.493675,0.874413,0.793210,0.666826,0.698628,0.745848,0.822160,0.820258,0.378938,0.571056,0.976305
7.680260,0.901421,0.733838,0.613016,0.629274,0.702490,0.713030,0.720445,0.725242,0.886719,0.681335,0.690160,0.661609,0.655106,0.598326,0.501846,0.524571,0.521901,0.538849,0.682269,0.684713,0.593415,0.729952,0.739917,0.702410,0.625237,0.591454,0.553498,0.644242,0.692101,0.927747,0.832219,0.723499,0.759338,0.793446,0.866495,0.850770,0.609993,0.750410,0.993776
7.688590,0.954606,0.837393,0.730460,0.726502,0.781961,0.791064,0.792752,0.794788,0.923803,0.770522,0.775850,0.752278,0.751298,0.711228,0.648923,0.664478,0.665130,0.677805,0.778573,0.757790,0.707623,0.806857,0.805612,0.753990,0.768739,0.735382,0.694103,0.779397,0.819455,0.983442,0.880999,0.788256,0.825040,0.849127,0.919541,0.889561,0.764042,0.860211,1.013057
7.696920,0.990120,0.899602,0.809769,0.799849,0.846059,0.854635,0.851981,0.851900,0.955457,0.842769,0.845394,0.825557,0.828182,0.798385,0.759731,0.771702,0.765361,0.773848,0.862118,0.825871,0.804850,0.880134,0.870860,0.812717,0.853950,0.811420,0.778441,0.833683,0.861753,1.023636,0.925564,0.844590,0.884572,0.903603,0.972510,0.929665,0.833999,0.883434,1.028646
7.705250,1.007357,0.924909,0.854712,0.846946,0.890266,0.898970,0.893399,0.891889,0.978688,0.893413,0.894059,0.876642,0.881575,0.857466,0.835946,0.846567,0.827631,0.832312,0.926533,0.881781,0.879835,0.942487,0.928528,0.869867,0.886270,0.827309,0.813999,0.810837,0.821994,1.045502,0.960106,0.886833,0.931954,0.950544,1.019644,0.966791,0.837897,0.820525,1.039075
7.713580,1.009486,0.921361,0.872361,0.872153,0.916524,0.925685,0.918498,0.916192,0.993634,0.924189,0.923547,0.907457,0.913701,0.892089,0.882215,0.892982,0.858650,0.860222,0.971381,0.923361,0.932163,0.990301,0.974253,0.918594,0.875500,0.795239,0.811093,0.722826,0.711625,1.050929,0.983480,0.914585,0.966088,0.987360,1.057420,0.997985,0.789660,0.680570,1.044541
7.721910,1.001006,0.897509,0.871588,0.882858,0.930118,0.939805,0.932005,0.929397,1.002249,0.940502,0.939152,0.923614,0.930451,0.909335,0.906045,0.917264,0.867408,0.866771,0.999339,0.951602,0.964512,1.023256,1.007109,0.956336,0.829655,0.731687,0.783225,0.590826,0.551900,1.043315,0.997764,0.930962,0.988503,1.013940,1.084604,1.022363,0.691138,0.481448,1.046145
7.730240,0.989171,0.867184,0.863830,0.887121,0.937196,0.947268,0.939471,0.936866,1.007409,0.948769,0.947151,0.931700,0.938688,0.917132,0.916326,0.927716,0.864948,0.863272,1.015409,0.969748,0.982244,1.043921,1.029020,0.983893,0.762854,0.660398,0.747903,0.450857,0.380922,1.029103,1.006310,0.940320,1.002701,1.032127,1.102239,1.040789,0.552196,0.251663,1.045932
7.738570,0.986510,0.856486,0.866862,0.895106,0.945904,0.956014,0.948329,0.945786,1.014033,0.957483,0.955868,0.940362,0.947356,0.925478,0.924151,0.935371,0.867349,0.866468,1.026333,0.982548,0.992796,1.056717,1.043742,1.004414,0.712312,0.623577,0.733025,0.381846,0.299510,1.022040,1.014423,0.949013,1.013396,1.045052,1.112849,1.055339,0.438896,0.130768,1.047687
7.746900,1.003570,0.888771,0.895197,0.914780,0.962931,0.972609,0.964753,0.962145,1.026600,0.973665,0.972186,0.956721,0.963806,0.942488,0.938871,0.949961,0.888272,0.890352,1.038234,0.994489,1.003895,1.066888,1.056096,1.022366,0.727519,0.662045,0.762905,0.469083,0.424666,1.036727,1.026913,0.962592,1.024882,1.055880,1.119787,1.068804,0.482291,0.359600,1.054857
7.755230,1.039460,0.961318,0.948142,0.946640,0.989140,0.997974,0.989629,0.986808,1.045762,0.998434,0.997159,0.981883,0.989215,0.969469,0.963058,0.974547,0.930536,0.936523,1.053818,1.007721,1.017975,1.075736,1.066557,1.037586,0.820622,0.773370,0.839261,0.656604,0.645749,1.076633,1.044959,0.982263,1.039124,1.066303,1.124032,1.081296,0.665959,0.623996,1.067783
7.763560,1.079323,1.042445,1.006629,0.981270,1.017153,1.024982,1.016180,1.013162,1.066227,1.024589,1.023599,1.008511,1.016123,0.998372,0.989812,1.002580,0.980915,0.989640,1.070378,1.020751,1.032583,1.083185,1.075663,1.052465,0.943303,0.907730,0.933448,0.849692,0.858706,1.126936,1.064004,1.002741,1.054279,1.075622,1.126028,1.092791,0.856384,0.854145,1.082236
7.771890,1.104739,1.097208,1.045620,1.003936,1.034803,1.041789,1.033073,1.030117,1.079438,1.039896,1.039385,1.024170,1.031791,1.015270,1.004567,1.018971,1.016408,1.025926,1.078984,1.027361,1.037763,1.083277,1.077978,1.061329,1.039139,1.013307,1.007128,0.994440,1.015897,1.165792,1.075958,1.014688,1.063830,1.079629,1.122420,1.099457,0.980627,1.020611,1.091901
7.780220,1.107120,1.111106,1.052246,1.005320,1.034136,1.040621,1.032775,1.030254,1.079935,1.036285,1.036533,1.020654,1.027789,1.010887,0.996890,1.012839,1.022732,1.031523,1.071853,1.021689,1.025571,1.070825,1.068600,1.059177,1.084065,1.067340,1.040378,1.072501,1.100424,1.181463,1.075438,1.011842,1.061515,1.073945,1.110155,1.097252,1.025128,1.109764,1.093119
7.788550,1.087112,1.085484,1.024613,0.982539,1.012672,1.019065,1.012895,1.011191,1.066483,1.011131,1.012485,0.995275,1.001294,0.981897,0.962114,0.979246,0.994817,1.002416,1.044617,1.000300,0.991938,1.042989,1.044764,1.043023,1.078429,1.065265,1.027712,1.081678,1.110168,1.172699,1.060964,0.992245,1.043425,1.055792,1.087554,1.083549,1.006384,1.119938,1.085538
7.796880,1.048014,1.024557,0.963848,0.935414,0.970529,0.977271,0.973582,0.973080,1.040017,0.964405,0.967268,0.947953,0.952118,0.927687,0.898416,0.916354,0.931365,0.938069,0.995708,0.962082,0.935396,0.999044,1.005888,1.012350,1.027464,1.007803,0.968644,1.023803,1.047447,1.141483,1.033006,0.956119,1.008107,1.024276,1.054339,1.057626,0.939588,1.054203,1.070259
7.805210,0.993088,0.929618,0.869774,0.864001,0.908486,0.916078,0.915761,0.916886,1.002391,0.896717,0.901569,0.879216,0.880639,0.847957,0.803906,0.822370,0.830627,0.837101,0.924675,0.907044,0.855051,0.939208,0.952517,0.968032,0.929838,0.894487,0.862053,0.900101,0.914655,1.089372,0.992593,0.904411,0.955570,0.979676,1.010952,1.020151,0.820823,0.916742,1.048877
7.813540,0.929760,0.806684,0.745110,0.770915,0.829962,0.838941,0.842949,0.846156,0.957749,0.811270,0.818682,0.792171,0.789778,0.744635,0.677406,0.696216,0.691749,0.699531,0.832593,0.836426,0.751187,0.864862,0.886194,0.911665,0.784307,0.726450,0.708210,0.713525,0.716040,1.021883,0.942509,0.840269,0.887493,0.923425,0.958667,0.972888,0.639216,0.714331,1.024523
7.821870,0.871785,0.678129,0.603669,0.665728,0.743944,0.754710,0.763763,0.769388,0.913047,0.717054,0.727595,0.696171,0.688556,0.626194,0.523428,0.544174,0.521949,0.534007,0.728077,0.757100,0.632333,0.783979,0.814122,0.848650,0.608971,0.517794,0.518228,0.482175,0.473479,0.953052,0.888611,0.770862,0.811406,0.861395,0.903542,0.921607,0.410183,0.476365,1.001831
7.830200,0.835027,0.583700,0.473387,0.566240,0.665330,0.677901,0.691993,0.700002,0.876638,0.629590,0.643569,0.607243,0.593213,0.509581,0.349902,0.377773,0.333063,0.357567,0.626079,0.680199,0.513572,0.708327,0.746422,0.785846,0.452963,0.292089,0.309506,0.231638,0.223924,0.902045,0.839619,0.707387,0.739123,0.802420,0.853744,0.873911,0.221077,0.270811,0.985515
7.838530,0.833368,0.570193,0.406449,0.503529,0.617345,0.631017,0.648376,0.657908,0.858403,0.574738,0.591388,0.551576,0.532188,0.429417,0.165852,0.208154,0.139575,0.215225,0.539040,0.613776,0.408983,0.644848,0.688895,0.727535,0.408287,0.135287,0.123973,0.047246,0.116398,0.887882,0.808355,0.667111,0.678892,0.752180,0.812806,0.833899,0.298275,0.246482,0.980165
7.846860,0.858644,0.625675,0.430725,0.499481,0.613210,0.626725,0.644067,0.653585,0.859883,0.569358,0.586445,0.546328,0.526032,0.419780,0.057910,0.111862,0.094220,0.217305,0.491128,0.572431,0.353047,0.607444,0.652635,0.682413,0.492217,0.264879,0.186220,0.287770,0.338396,0.906263,0.801350,0.659765,0.644139,0.719903,0.788306,0.807820,0.487922,0.426968,0.984467
7.855190,0.889433,0.693309,0.500334,0.539736,0.641921,0.654451,0.669092,0.677341,0.872978,0.602583,0.617919,0.580446,0.563513,0.469859,0.211907,0.222783,0.251468,0.327316,0.505367,0.571724,0.380935,0.611734,0.650788,0.662814,0.599192,0.431611,0.343359,0.485753,0.536243,0.934278,0.813111,0.678301,0.647656,0.715689,0.789619,0.802827,0.621675,0.609234,0.992618
7.863520,0.914863,0.745954,0.574538,0.599441,0.687010,0.698431,0.709071,0.715421,0.890782,0.655510,0.667976,0.634558,0.622690,0.546634,0.365720,0.369407,0.393041,0.443922,0.569550,0.608929,0.467331,0.653602,0.681358,0.673446,0.679344,0.554509,0.469125,0.619798,0.667301,0.958774,0.836078,0.711876,0.684811,0.739084,0.815400,0.817600,0.684704,0.728871,1.001055
7.871850,0.931660,0.777847,0.638435,0.661422,0.736196,0.746808,0.753111,0.757376,0.909151,0.713988,0.723239,0.694205,0.687410,0.627710,0.501355,0.503503,0.510001,0.544207,0.656161,0.669042,0.573469,0.719142,0.735172,0.711551,0.723728,0.625635,0.555999,0.682509,0.721945,0.974865,0.864011,0.751742,0.740925,0.781567,0.858786,0.847937,0.690290,0.770050,1.008159
7.880180,0.937693,0.786151,0.683773,0.713091,0.779048,0.789324,0.791712,0.794072,0.924330,0.766059,0.772284,0.747228,0.744675,0.697864,0.612913,0.615936,0.598992,0.620157,0.744417,0.736792,0.676870,0.793325,0.799387,0.764133,0.728407,0.642253,0.602178,0.668853,0.694276,0.979269,0.890496,0.789262,0.802059,0.832950,0.910715,0.886341,0.642384,0.724719,1.012569
7.888510,0.934122,0.774325,0.711273,0.750407,0.811332,0.821669,0.820888,0.821690,0.934962,0.806589,0.810225,0.788424,0.789128,0.751701,0.699298,0.704525,0.662576,0.673140,0.822240,0.800828,0.766247,0.864322,0.863033,0.821993,0.694544,0.611560,0.614701,0.583796,0.588509,0.971856,0.912037,0.819909,0.858095,0.884282,0.962881,0.926224,0.539787,0.595250,1.014076
7.896840,0.929614,0.761265,0.734384,0.779740,0.837421,0.847932,0.844607,0.844157,0.944180,0.839487,0.841023,0.821783,0.824962,0.794337,0.766746,0.774538,0.712427,0.715532,0.885894,0.855610,0.839801,0.926420,0.920316,0.877231,0.644197,0.560669,0.615305,0.451878,0.427419,0.960965,0.930521,0.845846,0.904756,0.930216,1.010030,0.963940,0.412286,0.399385,1.015078
7.905170,0.936486,0.773988,0.769439,0.810502,0.864563,0.875052,0.869592,0.868098,0.956871,0.871588,0.871548,0.854267,0.859338,0.833843,0.823461,0.833875,0.761835,0.761537,0.938191,0.901542,0.900170,0.978061,0.968540,0.925440,0.622674,0.534395,0.631967,0.329061,0.264162,0.960923,0.950082,0.871738,0.943315,0.969889,1.049989,0.997481,0.368305,0.164444,1.019284
7.913500,0.963033,0.828806,0.826480,0.850267,0.899089,0.909193,0.901771,0.899332,0.977109,0.909298,0.908134,0.892407,0.898988,0.877790,0.878287,0.891439,0.822379,0.822025,0.984712,0.942098,0.953391,1.022174,1.009979,0.967297,0.671240,0.578421,0.688238,0.335428,0.262712,0.983868,0.974825,0.902331,0.977672,1.005143,1.083938,1.028042,0.496147,0.131298,1.029643
7.921830,1.004812,0.911817,0.897633,0.897320,0.940158,0.949622,0.940489,0.937239,1.004303,0.952057,0.950165,0.935611,0.943359,0.925653,0.931842,0.947423,0.891154,0.892397,1.027172,0.978835,1.000167,1.059171,1.045112,1.003467,0.777002,0.685691,0.777299,0.491645,0.455941,1.028130,1.004645,0.937468,1.009571,1.036915,1.111769,1.055813,0.687763,0.401219,1.045623
7.930160,1.049852,0.996860,0.968605,0.945158,0.982408,0.991147,0.980720,0.976869,1.034183,0.994912,0.992608,0.978871,0.987483,0.972506,0.981457,0.999339,0.960501,0.962728,1.065971,1.012466,1.040131,1.089544,1.074620,1.035308,0.895926,0.819944,0.880185,0.691841,0.682395,1.081035,1.035860,0.973228,1.039814,1.065760,1.133812,1.080980,0.848957,0.657063,1.063894
7.938490,1.086053,1.062943,1.025868,0.985736,1.018544,1.026598,1.015475,1.011314,1.060770,1.030801,1.028363,1.015084,1.024254,1.011230,1.021496,1.041536,1.019389,1.021158,1.098613,1.041302,1.070872,1.112367,1.097822,1.061696,0.992982,0.944485,0.973848,0.873652,0.882405,1.127760,1.062877,1.003639,1.066849,1.090542,1.149649,1.102758,0.948731,0.873759,1.080065
7.946820,1.107677,1.102607,1.062585,1.013535,1.043243,1.050712,1.039551,1.035395,1.079618,1.054473,1.052174,1.038981,1.048378,1.036482,1.046883,1.068643,1.059546,1.059954,1.121338,1.062153,1.088756,1.125167,1.112241,1.082115,1.056513,1.038057,1.042913,1.009593,1.031048,1.160555,1.081426,1.024088,1.087754,1.108817,1.157497,1.118773,0.992340,1.033356,1.091227
7.955150,1.113446,1.115737,1.076653,1.025629,1.053644,1.060664,1.050085,1.046226,1.088317,1.063115,1.061223,1.047736,1.057008,1.045347,1.054747,1.077828,1.077171,1.075891,1.131611,1.072808,1.092009,1.126892,1.116669,1.093710,1.087745,1.092674,1.080974,1.089960,1.118183,1.177360,1.089365,1.032127,1.100138,1.118789,1.156993,1.127762,0.996041,1.125613,1.096057
7.963480,1.100899,1.098243,1.063388,1.018052,1.046393,1.053201,1.043856,1.040601,1.084451,1.053360,1.052173,1.037912,1.046606,1.033878,1.040635,1.064581,1.066769,1.063685,1.125666,1.070301,1.077260,1.115186,1.108641,1.093561,1.082196,1.100296,1.080890,1.108653,1.137532,1.174738,1.084709,1.025197,1.100557,1.118060,1.146820,1.127304,0.959874,1.144880,1.093184
7.971810,1.068192,1.044450,1.017098,0.986729,1.018423,1.025388,1.018022,1.015722,1.066428,1.022029,1.021918,1.006224,1.013706,0.997873,0.999075,1.023173,1.021717,1.016923,1.098906,1.051227,1.039923,1.086892,1.085224,1.078907,1.029579,1.052367,1.034835,1.060209,1.084219,1.149006,1.066023,1.001194,1.084973,1.103876,1.125006,1.114774,0.868539,1.087871,1.081881
7.980140,1.019803,0.957394,0.937520,0.931028,0.969894,0.977463,0.972884,0.971926,1.035868,0.969037,0.970473,0.952484,0.957917,0.936102,0.926553,0.949617,0.938528,0.933080,1.047681,1.012866,0.976362,1.039433,1.044195,1.048129,0.927057,0.945933,0.939595,0.942726,0.957134,1.102635,1.034164,0.960632,1.050143,1.073947,1.089779,1.088207,0.715536,0.954836,1.063932
7.988470,0.968509,0.855980,0.834527,0.856392,0.906210,0.914769,0.913741,0.914494,0.998562,0.899452,0.903001,0.881723,0.884127,0.852796,0.823972,0.844192,0.820337,0.817498,0.971016,0.954438,0.885971,0.972353,0.985271,1.001380,0.792168,0.789584,0.801313,0.761885,0.762033,1.048024,0.993252,0.908025,0.995005,1.027533,1.040766,1.047256,0.529625,0.751466,1.043956
7.996800,0.928642,0.769851,0.726926,0.773627,0.836881,0.846598,0.849658,0.852380,0.961987,0.822627,0.828854,0.803381,0.801841,0.757526,0.698097,0.713669,0.678809,0.684357,0.873320,0.879263,0.774083,0.889989,0.912336,0.941718,0.666690,0.608616,0.638949,0.539257,0.520951,1.002135,0.949442,0.850759,0.922979,0.967290,0.981268,0.994913,0.402133,0.500238,1.026811
8.005130,0.905535,0.717988,0.632478,0.693991,0.771110,0.781903,0.789198,0.793960,0.931078,0.748155,0.757456,0.727403,0.721172,0.661355,0.558961,0.569249,0.529386,0.550534,0.764748,0.795259,0.651922,0.801873,0.833705,0.875364,0.593050,0.438255,0.477522,0.309477,0.270012,0.973860,0.908062,0.795788,0.842441,0.899794,0.918550,0.937643,0.426953,0.247380,1.014477
8.013460,0.896552,0.698932,0.561597,0.626241,0.715978,0.727626,0.738824,0.745455,0.908028,0.684125,0.696563,0.662213,0.650903,0.574379,0.413171,0.417224,0.382607,0.429403,0.654573,0.710083,0.528274,0.716535,0.757262,0.807907,0.579769,0.321235,0.340910,0.125263,0.048856,0.961779,0.873073,0.748739,0.761752,0.831822,0.859153,0.882182,0.529718,0.102793,1.006792
8.021790,0.894882,0.697343,0.517017,0.576442,0.675994,0.688220,0.702429,0.710487,0.892751,0.636729,0.651802,0.614071,0.598267,0.506509,0.266121,0.260552,0.249324,0.334916,0.553774,0.632183,0.413525,0.642895,0.690862,0.744810,0.599490,0.307059,0.262942,0.213894,0.227963,0.958257,0.846785,0.713517,0.690082,0.770424,0.809370,0.834779,0.610051,0.293962,1.002315
8.030120,0.894812,0.698930,0.496804,0.548780,0.653695,0.666210,0.681979,0.690770,0.884200,0.610488,0.627009,0.587574,0.569134,0.468188,0.135265,0.105994,0.159808,0.286094,0.480270,0.573290,0.329949,0.592746,0.644145,0.692918,0.621041,0.368627,0.266171,0.385225,0.422958,0.956102,0.830257,0.692545,0.639078,0.724027,0.776331,0.801708,0.638257,0.492565,0.999605
8.038450,0.895598,0.701262,0.501209,0.547145,0.651275,0.663727,0.679196,0.687836,0.882163,0.608900,0.625187,0.586275,0.568073,0.468360,0.128656,0.086603,0.183258,0.300562,0.456420,0.546571,0.313694,0.577840,0.626490,0.660732,0.635848,0.446266,0.323820,0.519600,0.564676,0.954115,0.824635,0.687845,0.619947,0.700863,0.766052,0.787690,0.624093,0.634184,0.998426
8.046780,0.894255,0.698073,0.520195,0.565900,0.664291,0.676449,0.690040,0.697781,0.884204,0.627006,0.641574,0.605091,0.589622,0.500134,0.245610,0.228801,0.273822,0.355368,0.491873,0.560222,0.373834,0.602677,0.641954,0.655980,0.634195,0.496661,0.382368,0.589367,0.633072,0.948981,0.827749,0.696383,0.637737,0.706319,0.781051,0.793966,0.571333,0.697571,0.997612
8.055110,0.888285,0.684379,0.543441,0.595435,0.685660,0.697480,0.708210,0.714576,0.887476,0.656270,0.668192,0.635284,0.623911,0.548879,0.372679,0.368122,0.369842,0.421305,0.569370,0.608569,0.476402,0.661743,0.688684,0.682706,0.605627,0.501404,0.418651,0.580551,0.615322,0.937200,0.835943,0.712912,0.685288,0.738230,0.819759,0.820045,0.472630,0.669607,0.995976
8.063440,0.882391,0.671582,0.575318,0.633243,0.713571,0.724990,0.732188,0.736850,0.892472,0.693551,0.702348,0.673617,0.666920,0.607559,0.494987,0.499083,0.465372,0.494158,0.665241,0.677610,0.591938,0.740061,0.754753,0.731327,0.560700,0.471076,0.442974,0.497913,0.515143,0.922942,0.848440,0.735750,0.749148,0.788307,0.873754,0.859398,0.346877,0.551889,0.994527
8.071770,0.887546,0.685291,0.627800,0.681973,0.750718,0.761556,0.764746,0.767463,0.902982,0.740166,0.745776,0.721349,0.719308,0.674838,0.610622,0.620424,0.564349,0.578651,0.761728,0.752661,0.703943,0.822862,0.827169,0.791980,0.541485,0.444358,0.481461,0.370858,0.358246,0.918977,0.867721,0.766730,0.816216,0.846029,0.933132,0.904402,0.305020,0.364463,0.996463
8.080100,0.910871,0.739117,0.702478,0.740551,0.797341,0.807446,0.806532,0.807255,0.921691,0.795103,0.797867,0.777390,0.779389,0.747430,0.717791,0.731653,0.667056,0.673633,0.851102,0.825310,0.806782,0.902527,0.898593,0.856292,0.586738,0.467834,0.551880,0.268086,0.204511,0.935822,0.895225,0.806092,0.879549,0.904203,0.991877,0.950589,0.436464,0.129270,1.004277
8.088430,0.949744,0.820627,0.788442,0.803427,0.850093,0.859506,0.854832,0.853728,0.948432,0.854461,0.854943,0.837698,0.842772,0.819987,0.813005,0.829615,0.768130,0.771117,0.928252,0.889720,0.894998,0.972031,0.961889,0.916064,0.685554,0.555413,0.650517,0.318755,0.250097,0.973297,0.930123,0.851703,0.934851,0.957489,1.044132,0.993480,0.620736,0.139249,1.018106
8.096760,0.992644,0.902706,0.868559,0.861562,0.901438,0.910371,0.902727,0.900187,0.978752,0.910525,0.909377,0.894356,0.901553,0.884544,0.891316,0.910178,0.857724,0.858599,0.991169,0.943478,0.965686,1.028330,1.014055,0.967351,0.792931,0.673205,0.755698,0.486555,0.453160,1.019225,0.967438,0.897405,0.980727,1.003271,1.087011,1.030939,0.767814,0.404837,1.034927
8.105090,1.032355,0.973336,0.937652,0.912603,0.948333,0.956939,0.947165,0.943606,1.009511,0.960469,0.958258,0.944635,0.953213,0.939582,0.954257,0.975312,0.935131,0.933950,1.041982,0.987761,1.020899,1.072358,1.055648,1.009822,0.886770,0.799763,0.858863,0.679279,0.671405,1.064715,1.003812,0.939905,1.018804,1.041800,1.120687,1.062949,0.860412,0.650868,1.052279
8.113420,1.065489,1.029678,0.994582,0.956168,0.989193,0.997505,0.986378,0.982183,1.038199,1.002890,1.000092,0.987264,0.996689,0.985019,1.003833,1.026978,0.999726,0.996425,1.082971,1.024237,1.062985,1.105809,1.088111,1.044704,0.962212,0.918091,0.951898,0.854637,0.865208,1.105166,1.036601,0.976918,1.050835,1.073992,1.146085,1.089992,0.909994,0.861308,1.068359
8.121750,1.089527,1.069579,1.036973,0.990579,1.021759,1.029762,1.018013,1.013540,1.062197,1.035705,1.032728,1.020226,1.030084,1.019463,1.039770,1.064544,1.048348,1.043155,1.114449,1.053215,1.092324,1.129263,1.112019,1.072898,1.018004,1.012718,1.025212,0.989074,1.012325,1.137532,1.063218,1.006049,1.077122,1.099970,1.163555,1.112064,0.929758,1.018492,1.081552
8.130080,1.100030,1.086460,1.059045,1.011531,1.041907,1.049639,1.038009,1.033613,1.077854,1.054983,1.052191,1.039582,1.049482,1.039064,1.058970,1.084771,1.075454,1.068471,1.134583,1.073295,1.106995,1.141752,1.126495,1.092915,1.046641,1.070521,1.069020,1.069594,1.099358,1.156681,1.080299,1.023815,1.096244,1.118681,1.172618,1.128191,0.916574,1.109598,1.089597
8.138410,1.092582,1.072478,1.053976,1.013847,1.045062,1.052670,1.041913,1.037953,1.081490,1.056319,1.054051,1.040865,1.050365,1.039024,1.056673,1.082730,1.074295,1.065538,1.139484,1.081187,1.103601,1.140635,1.128854,1.103563,1.035792,1.079799,1.073703,1.087726,1.117693,1.156740,1.084594,1.026655,1.104976,1.127526,1.171290,1.135769,0.854977,1.126924,1.090291
8.146740,1.068290,1.028060,1.019972,0.995188,1.029385,1.037102,1.027934,1.024747,1.072108,1.037895,1.036509,1.022187,1.030741,1.016875,1.029323,1.054559,1.040951,1.031123,1.125464,1.073791,1.078598,1.123202,1.116459,1.101150,0.981542,1.035335,1.034561,1.039401,1.063471,1.137293,1.075239,1.013395,1.099978,1.123913,1.157776,1.132513,0.741826,1.067315,1.083562
8.155070,1.035445,0.966210,0.963297,0.958110,0.997415,1.005476,0.998490,0.996357,1.052521,1.002145,1.002029,0.985937,0.992915,0.974518,0.977018,0.999995,0.977309,0.968594,1.090583,1.049257,1.030787,1.087940,1.087553,1.083532,0.897616,0.942586,0.955507,0.927553,0.939786,1.106095,1.054594,0.986369,1.078911,1.106012,1.130926,1.116340,0.608242,0.933534,1.072097
8.163400,1.005065,0.907295,0.895821,0.908849,0.954847,0.963395,0.959038,0.958174,1.027865,0.954588,0.956163,0.937647,0.942392,0.917294,0.903167,0.922152,0.890329,0.886685,1.035096,1.007545,0.961553,1.035319,1.042283,1.050547,0.813649,0.817844,0.848591,0.763656,0.757628,1.075338,1.026993,0.950284,1.041100,1.073410,1.091037,1.086662,0.527159,0.734540,1.059739
8.171730,0.982969,0.864989,0.828099,0.853712,0.907281,0.916348,0.914952,0.915519,1.002429,0.900768,0.904445,0.882911,0.884820,0.850987,0.812548,0.825947,0.788952,0.795149,0.961304,0.950415,0.874443,0.968034,0.982964,1.004069,0.758367,0.685090,0.730447,0.571227,0.540557,1.052934,0.996307,0.909623,0.987776,1.027373,1.040284,1.044889,0.554298,0.491252,1.048840
8.180060,0.966081,0.835184,0.762655,0.795546,0.857333,0.866923,0.868767,0.870905,0.977480,0.843510,0.849632,0.824588,0.823164,0.778829,0.708858,0.715883,0.679778,0.699516,0.873106,0.881182,0.774167,0.890674,0.913805,0.947434,0.733890,0.566390,0.615104,0.384977,0.325319,1.036748,0.964183,0.866589,0.922081,0.970810,0.982593,0.994419,0.635941,0.237221,1.039062
8.188390,0.949395,0.806586,0.697108,0.734917,0.805901,0.816070,0.821388,0.825210,0.953005,0.784136,0.792940,0.764035,0.758833,0.702248,0.592923,0.592977,0.564517,0.600656,0.773599,0.802849,0.663502,0.807105,0.838536,0.883614,0.720090,0.477177,0.510134,0.256184,0.176259,1.020879,0.931140,0.822289,0.847366,0.906789,0.921445,0.938862,0.695244,0.020513,1.029409
8.196720,0.931306,0.773899,0.631482,0.673804,0.755030,0.765867,0.774727,0.780257,0.929662,0.725332,0.736882,0.704134,0.694717,0.624338,0.465626,0.457744,0.444948,0.500623,0.667803,0.719990,0.546309,0.722856,0.762503,0.816630,0.701485,0.431254,0.423655,0.276670,0.251049,1.002595,0.898343,0.778750,0.769024,0.839775,0.861540,0.883193,0.705001,0.254648,1.019743
8.205050,0.913189,0.738997,0.570409,0.617113,0.708765,0.720303,0.732442,0.739536,0.908933,0.672041,0.686101,0.649946,0.636297,0.551763,0.330448,0.312557,0.326491,0.406146,0.566133,0.640917,0.431702,0.647082,0.693869,0.751822,0.675649,0.427564,0.363896,0.392679,0.410607,0.982827,0.867979,0.739339,0.696325,0.776938,0.809689,0.833998,0.672121,0.457639,1.010662
8.213380,0.897139,0.706446,0.522593,0.573202,0.673393,0.685530,0.700082,0.708310,0.892901,0.632048,0.647843,0.609398,0.592466,0.496580,0.199221,0.162526,0.225601,0.332676,0.484763,0.576593,0.337254,0.590682,0.641681,0.695442,0.646886,0.448752,0.337102,0.503456,0.540022,0.963787,0.843451,0.709126,0.640538,0.726402,0.772547,0.797383,0.611024,0.603072,1.002994
8.221710,0.881666,0.673265,0.490310,0.546921,0.651952,0.664506,0.680153,0.688882,0.881601,0.609764,0.626012,0.586996,0.568752,0.468359,0.117642,0.038132,0.173414,0.294284,0.447015,0.541188,0.297194,0.566586,0.616316,0.656216,0.608100,0.460398,0.327998,0.562279,0.604522,0.943544,0.826192,0.690588,0.614294,0.697428,0.757029,0.778998,0.518384,0.672246,0.996357
8.230040,0.866527,0.639093,0.474856,0.540025,0.644843,0.657552,0.672798,0.681317,0.874370,0.606053,0.621269,0.583639,0.566569,0.470947,0.180651,0.157303,0.203120,0.299809,0.470192,0.546359,0.339472,0.584319,0.625943,0.643550,0.552163,0.438567,0.318754,0.547324,0.585983,0.920883,0.816098,0.683884,0.625773,0.697383,0.768353,0.782637,0.388172,0.650921,0.990467
8.238370,0.858178,0.620472,0.487859,0.556735,0.654605,0.667014,0.680230,0.687772,0.872776,0.622877,0.635711,0.601299,0.587810,0.505655,0.310132,0.310062,0.295417,0.354159,0.544832,0.590958,0.440188,0.639592,0.668205,0.661681,0.498657,0.390679,0.320156,0.459099,0.484736,0.902461,0.814655,0.690512,0.671182,0.726480,0.804711,0.806320,0.268277,0.539198,0.986895
8.246700,0.866052,0.641343,0.541438,0.601319,0.685397,0.696927,0.706489,0.712279,0.880385,0.663094,0.672616,0.642750,0.634528,0.570825,0.451657,0.461592,0.418054,0.450409,0.645565,0.661432,0.564005,0.719977,0.734966,0.708630,0.494777,0.359145,0.363597,0.322503,0.321910,0.900143,0.825486,0.713748,0.737128,0.776982,0.859797,0.846153,0.309486,0.355870,0.988419
8.255030,0.892621,0.703718,0.627441,0.668228,0.735505,0.745832,0.750685,0.754211,0.898751,0.723184,0.729158,0.704241,0.701593,0.656059,0.590636,0.605404,0.551076,0.568477,0.751411,0.741963,0.689343,0.809315,0.812288,0.770830,0.560852,0.394690,0.456989,0.206993,0.148297,0.919535,0.850239,0.753367,0.809543,0.838091,0.923214,0.894143,0.480222,0.122566,0.996362
8.263360,0.930513,0.784388,0.722995,0.742564,0.795179,0.804449,0.804525,0.805739,0.925130,0.791859,0.794677,0.774217,0.776203,0.744960,0.715616,0.733013,0.678247,0.686566,0.848952,0.820258,0.802478,0.894596,0.888164,0.838035,0.661932,0.497295,0.577160,0.276539,0.217198,0.954574,0.885496,0.802910,0.878024,0.900164,0.985590,0.942959,0.643248,0.149838,1.009305
8.271690,0.970125,0.861044,0.810922,0.811810,0.854426,0.863059,0.858987,0.858186,0.955206,0.858477,0.858797,0.841839,0.847145,0.825570,0.820008,0.839225,0.789557,0.791491,0.931340,0.888946,0.897424,0.969100,0.956173,0.902470,0.759038,0.626261,0.699136,0.465002,0.442224,0.994837,0.925604,0.854612,0.936933,0.956634,1.041372,0.988605,0.753233,0.416676,1.024664
8.280020,1.007884,0.929037,0.887902,0.872051,0.908669,0.916993,0.909647,0.907260,0.986314,0.918170,0.916691,0.902129,0.909716,0.894144,0.904005,0.925347,0.884961,0.881945,0.998387,0.946283,0.973599,1.030029,1.012705,0.958297,0.844064,0.762685,0.816286,0.668648,0.668992,1.035867,0.966270,0.903620,0.985832,1.005225,1.087806,1.028571,0.817170,0.663332,1.040987
8.288350,1.042054,0.987618,0.953280,0.923183,0.956526,0.964708,0.955004,0.951484,1.016803,0.969524,0.966904,0.953810,0.962844,0.950680,0.969632,0.993248,0.963979,0.957359,1.051715,0.992912,1.032536,1.077757,1.057859,1.004749,0.917462,0.889076,0.920434,0.848019,0.864385,1.075580,1.004864,0.947544,1.025884,1.045726,1.124602,1.062596,0.852267,0.870483,1.057257
8.296680,1.068050,1.030195,1.002077,0.963038,0.995073,1.003184,0.992105,0.987936,1.043497,1.009695,1.006542,0.994139,1.003923,0.993286,1.016357,1.041772,1.021964,1.012942,1.091574,1.029069,1.074007,1.112105,1.091442,1.041506,0.972124,0.986039,0.999220,0.978647,1.005496,1.108830,1.037786,0.983068,1.057425,1.077987,1.151359,1.090171,0.860841,1.018151,1.071371
8.305010,1.080250,1.048167,1.028288,0.988162,1.020423,1.028508,1.017043,1.012706,1.062318,1.035061,1.031891,1.019546,1.029510,1.019030,1.042755,1.069168,1.054311,1.043556,1.117415,1.054396,1.097384,1.132855,1.113341,1.068891,0.996106,1.040396,1.043324,1.049261,1.080601,1.128771,1.060933,1.006474,1.080025,1.101537,1.167747,1.110740,0.830794,1.094591,1.080629
8.313340,1.076455,1.038235,1.028953,0.995967,1.029776,1.037887,1.026943,1.022873,1.070391,1.043104,1.040349,1.027522,1.037162,1.025661,1.047222,1.073607,1.057995,1.046184,1.127876,1.067706,1.101559,1.139476,1.123237,1.086853,0.982019,1.045239,1.047540,1.055587,1.084971,1.131674,1.071570,1.015359,1.092438,1.115312,1.173308,1.123594,0.754823,1.095122,1.083429
8.321670,1.060839,1.007531,1.007256,0.986995,1.023414,1.031612,1.021894,1.018428,1.067771,1.034330,1.032352,1.018559,1.027408,1.013703,1.029962,1.055104,1.033935,1.022527,1.121725,1.067467,1.086095,1.130666,1.119183,1.092487,0.936374,1.002208,1.013256,0.998716,1.019492,1.120639,1.069823,1.010138,1.093184,1.117842,1.166878,1.126787,0.652247,1.020241,1.080533
8.330000,1.041963,0.971523,0.971818,0.965073,1.004789,1.013114,1.005080,1.002433,1.057349,1.012308,1.011425,0.996222,1.003836,0.986701,0.993698,1.016319,0.987484,0.979118,1.099055,1.053226,1.052413,1.107160,1.101796,1.086817,0.880923,0.922470,0.949135,0.886135,0.891437,1.104520,1.058581,0.993924,1.081536,1.108415,1.148799,1.119931,0.579538,0.875765,1.074572
8.338330,1.026525,0.943658,0.931199,0.934609,0.978008,0.986467,0.980409,0.978720,1.042529,0.981155,0.981673,0.964634,0.970578,0.948734,0.941617,0.960419,0.925268,0.923400,1.060252,1.024938,1.002084,1.069387,1.070898,1.068319,0.840726,0.823687,0.867704,0.732715,0.715217,1.091456,1.041279,0.970297,1.056905,1.086667,1.119430,1.102255,0.594410,0.673083,1.067938
8.346660,1.014295,0.924565,0.888148,0.897681,0.945232,0.953846,0.950028,0.949427,1.024951,0.943052,0.945278,0.925971,0.929813,0.901917,0.875612,0.889559,0.851935,0.859557,1.005753,0.982956,0.936594,1.018377,1.027098,1.037032,0.824283,0.724359,0.780449,0.563766,0.517364,1.082442,1.019856,0.941229,1.018949,1.052759,1.079823,1.073609,0.675588,0.435120,1.061067
8.354990,0.999841,0.903224,0.838936,0.853295,0.906085,0.914942,0.913711,0.914367,1.004289,0.897718,0.901950,0.879910,0.881193,0.845702,0.795309,0.803819,0.768352,0.786960,0.935715,0.927733,0.856600,0.955312,0.971426,0.993666,0.816587,0.636868,0.693613,0.414701,0.339329,1.071747,0.994344,0.906732,0.967600,1.007254,1.031402,1.034598,0.751106,0.196816,1.052805
8.363320,0.980192,0.871507,0.780269,0.800528,0.860343,0.869613,0.871376,0.873485,0.980642,0.845076,0.851595,0.826321,0.824542,0.779528,0.699157,0.701512,0.673398,0.703891,0.849718,0.859453,0.761429,0.880824,0.904695,0.939000,0.799649,0.569578,0.610266,0.337030,0.260033,1.054958,0.964749,0.867029,0.902959,0.950781,0.975230,0.986199,0.779571,0.118849,1.042675
8.371650,0.956935,0.830454,0.713976,0.741289,0.810043,0.819906,0.825002,0.828725,0.955582,0.787399,0.796425,0.767501,0.762165,0.705560,0.587547,0.582766,0.568353,0.612083,0.750064,0.780503,0.652712,0.797932,0.829914,0.875323,0.769053,0.530307,0.535318,0.374739,0.345886,1.032721,0.932371,0.824012,0.827864,0.885932,0.914229,0.931372,0.758873,0.324702,1.031494
8.379980,0.933124,0.785772,0.646033,0.680468,0.759420,0.769992,0.778516,0.783891,0.931376,0.729457,0.741041,0.708466,0.699148,0.629414,0.464476,0.451497,0.458744,0.517717,0.644390,0.697376,0.536883,0.713677,0.753454,0.807314,0.730844,0.518874,0.474790,0.474751,0.485399,1.008171,0.899697,0.781164,0.749666,0.818628,0.854047,0.875501,0.705475,0.515760,1.020437
8.388310,0.909158,0.738700,0.580365,0.622676,0.712245,0.723589,0.735337,0.742249,0.909234,0.675857,0.689770,0.653956,0.640634,0.557467,0.335197,0.312832,0.350210,0.426565,0.546131,0.620616,0.425528,0.639239,0.685444,0.741864,0.686571,0.518047,0.426706,0.563527,0.594488,0.981907,0.868792,0.741584,0.679805,0.757712,0.802973,0.826629,0.627941,0.647547,1.009795
8.396640,0.883477,0.684768,0.516594,0.570979,0.670943,0.683118,0.697563,0.705743,0.889326,0.630201,0.645824,0.607647,0.590915,0.495947,0.204436,0.168281,0.243715,0.340433,0.472926,0.562399,0.336095,0.586200,0.635619,0.685793,0.625608,0.496708,0.374271,0.596403,0.635643,0.951341,0.840775,0.707468,0.630519,0.712290,0.768346,0.791597,0.515770,0.699090,0.999244
8.404970,0.859236,0.629194,0.462674,0.532773,0.640600,0.653506,0.669588,0.678519,0.873320,0.598934,0.615129,0.576122,0.557601,0.456391,0.107850,0.048610,0.157501,0.273492,0.447533,0.536350,0.302483,0.567005,0.614004,0.647669,0.545781,0.438057,0.308488,0.555224,0.593714,0.918316,0.818031,0.682660,0.613353,0.691053,0.756708,0.775899,0.367097,0.659753,0.989740
8.413300,0.845831,0.595302,0.442992,0.522283,0.630513,0.643628,0.659492,0.668298,0.865177,0.592397,0.607521,0.569935,0.552537,0.456091,0.176828,0.169686,0.175274,0.269327,0.483586,0.551787,0.352197,0.589983,0.627752,0.636435,0.474476,0.353033,0.252258,0.442511,0.471480,0.892629,0.805323,0.673572,0.633935,0.699506,0.772142,0.782477,0.245255,0.533515,0.983927
8.421630,0.851314,0.607327,0.478158,0.549823,0.647879,0.660360,0.673712,0.681316,0.868372,0.617374,0.629827,0.595921,0.582779,0.502350,0.324552,0.333523,0.296213,0.348253,0.567562,0.604758,0.459711,0.649775,0.673637,0.656280,0.461934,0.288212,0.264843,0.278304,0.286853,0.885393,0.807378,0.685307,0.686218,0.735847,0.811936,0.808593,0.306681,0.341914,0.984146
8.429960,0.875758,0.664166,0.559693,0.611419,0.692029,0.703236,0.712166,0.717660,0.883750,0.671492,0.680342,0.651469,0.644294,0.584426,0.480541,0.495395,0.446097,0.473161,0.674004,0.680879,0.589380,0.734024,0.743658,0.705581,0.524218,0.318048,0.366323,0.130519,0.071874,0.899915,0.826243,0.718455,0.756552,0.791587,0.869913,0.850509,0.475670,0.124328,0.990912
8.438290,0.911689,0.742202,0.660491,0.690618,0.753306,0.763178,0.766867,0.769841,0.908741,0.743021,0.748211,0.724503,0.723096,0.681659,0.627498,0.645092,0.595189,0.607453,0.782106,0.764120,0.718182,0.825928,0.823363,0.770125,0.622713,0.442240,0.509341,0.256711,0.223608,0.930197,0.859413,0.767338,0.830843,0.855575,0.935312,0.899997,0.624227,0.218858,1.002732
8.446620,0.950504,0.819793,0.758310,0.769765,0.818642,0.827561,0.826291,0.826861,0.938764,0.817401,0.819467,0.800205,0.803258,0.775382,0.754433,0.773683,0.728299,0.730635,0.878915,0.842523,0.831708,0.911907,0.900169,0.839107,0.719687,0.595072,0.654171,0.480961,0.477278,0.967259,0.900561,0.822427,0.899040,0.918303,0.998370,0.949440,0.720797,0.481472,1.017280
8.454950,0.990293,0.893938,0.848253,0.841869,0.881570,0.889955,0.884456,0.882972,0.971644,0.887594,0.887230,0.871347,0.877584,0.858743,0.859924,0.880814,0.844263,0.839752,0.960371,0.910667,0.927244,0.987188,0.969180,0.905446,0.810549,0.751129,0.791406,0.698739,0.711821,1.008970,0.945201,0.877956,0.957486,0.974651,1.054846,0.995762,0.780138,0.723715,1.033831
8.463280,1.026527,0.957728,0.922901,0.901110,0.935945,0.944136,0.935517,0.932523,1.003816,0.947025,0.945019,0.931271,0.939570,0.925902,0.940666,0.963516,0.936748,0.927788,1.024452,0.965932,1.001056,1.046989,1.025125,0.962013,0.888895,0.885022,0.905810,0.875661,0.900030,1.050479,0.987736,0.927671,1.004661,1.021826,1.100651,1.035404,0.813464,0.916789,1.050534
8.471610,1.052784,1.001248,0.975220,0.944045,0.977453,0.985674,0.975206,0.971326,1.031249,0.991370,0.988477,0.975783,0.985166,0.973701,0.995283,1.019867,1.000191,0.988622,1.070433,1.007369,1.051842,1.089828,1.066525,1.006772,0.942611,0.977289,0.984402,0.990669,1.021313,1.084306,1.023115,0.966752,1.040138,1.058540,1.134199,1.067056,0.815706,1.039458,1.064684
8.479940,1.064145,1.017519,1.001387,0.969191,1.003481,1.011829,1.000752,0.996590,1.050335,1.018244,1.015114,1.002624,1.012318,1.001003,1.024373,1.049924,1.032462,1.019559,1.098801,1.035212,1.080041,1.115795,1.093324,1.039270,0.960935,1.019050,1.021393,1.037236,1.068340,1.103806,1.047470,0.992010,1.064199,1.084540,1.155204,1.090187,0.775344,1.083264,1.073771
8.488270,1.060738,1.007678,1.002542,0.977208,1.013641,1.022124,1.011471,1.007529,1.059335,1.027598,1.024751,1.011832,1.021250,1.008716,1.030044,1.055452,1.034852,1.021845,1.110468,1.049895,1.087076,1.125791,1.106281,1.060331,0.942115,1.009509,1.017034,1.016676,1.041776,1.107231,1.059225,1.002599,1.077189,1.099782,1.163992,1.104737,0.694034,1.048240,1.076916
8.496600,1.048866,0.983206,0.985685,0.971369,1.010398,1.018973,1.009448,1.006062,1.059425,1.022239,1.020072,1.006256,1.014948,1.000199,1.016021,1.040074,1.012573,1.001344,1.106851,1.052053,1.075887,1.121544,1.106770,1.070195,0.899656,0.956663,0.978301,0.935577,0.947766,1.100044,1.059883,1.000563,1.079613,1.104405,1.161560,1.111083,0.605242,0.939325,1.075594
8.504930,1.036810,0.959762,0.960120,0.956040,0.997610,1.006212,0.998200,0.995554,1.053435,1.006280,1.005106,0.990023,0.997619,0.979792,0.986291,1.007699,0.972653,0.965971,1.088893,1.041773,1.048603,1.103857,1.095135,1.070445,0.857906,0.875824,0.916888,0.805750,0.797507,1.091211,1.052603,0.989378,1.071462,1.098100,1.148108,1.108723,0.571642,0.765040,1.072316
8.513260,1.028913,0.946783,0.932531,0.934578,0.978495,0.987066,0.980766,0.978954,1.043820,0.983105,0.983185,0.966517,0.972690,0.950950,0.944170,0.961870,0.921858,0.922633,1.057488,1.019423,1.007453,1.073907,1.072085,1.060252,0.837876,0.787432,0.846595,0.648832,0.612670,1.086863,1.040283,0.972049,1.052630,1.080900,1.124529,1.097650,0.626354,0.542637,1.068693
8.521590,1.022414,0.939642,0.902383,0.907125,0.953615,0.962159,0.957777,0.956898,1.030969,0.953377,0.954960,0.936372,0.940788,0.914163,0.890332,0.903623,0.863077,0.873173,1.012380,0.984787,0.953125,1.032043,1.037494,1.038802,0.838796,0.709051,0.777188,0.498789,0.431121,1.085277,1.023863,0.949407,1.022244,1.052576,1.091385,1.077083,0.720539,0.304218,1.064295
8.529920,1.011903,0.926859,0.864871,0.871810,0.921874,0.930490,0.928330,0.928531,1.014177,0.916075,0.919414,0.898506,0.900771,0.867968,0.823232,0.831622,0.795633,0.815535,0.952237,0.937088,0.884737,0.977900,0.990777,1.005087,0.842307,0.651005,0.712966,0.403016,0.317922,1.080292,1.002967,0.920945,0.978887,1.012689,1.048903,1.046139,0.791115,0.135045,1.057875
8.538250,0.995236,0.901983,0.816768,0.827414,0.882783,0.891647,0.892098,0.893568,0.993564,0.870739,0.876105,0.852399,0.852036,0.811282,0.740487,0.743123,0.717318,0.747230,0.875173,0.875306,0.800233,0.910623,0.931194,0.958316,0.833168,0.617215,0.654606,0.408130,0.352336,1.068134,0.977507,0.886610,0.921235,0.960835,0.997025,1.004246,0.811740,0.269589,1.049134
8.546580,0.973976,0.866561,0.759566,0.775316,0.837872,0.847168,0.850595,0.853507,0.970525,0.819004,0.826643,0.799676,0.796210,0.745578,0.642402,0.638385,0.629089,0.669456,0.782821,0.801260,0.700839,0.832488,0.860924,0.900012,0.809871,0.606737,0.603612,0.495331,0.483446,1.049614,0.948538,0.847803,0.851231,0.899076,0.938154,0.953341,0.788088,0.476777,1.038842
8.554910,0.950247,0.824701,0.697335,0.718911,0.790158,0.800039,0.806645,0.811095,0.946818,0.764251,0.774299,0.743862,0.736880,0.674780,0.532342,0.521152,0.535006,0.586385,0.681605,0.720594,0.591983,0.749577,0.785536,0.834154,0.777819,0.610479,0.560389,0.598202,0.614778,1.027053,0.917887,0.807037,0.775109,0.832710,0.877446,0.898158,0.736824,0.644437,1.027875
8.563240,0.922252,0.772231,0.627937,0.658754,0.740415,0.751078,0.760987,0.767022,0.922394,0.707760,0.720218,0.686375,0.675504,0.600612,0.411142,0.393055,0.432912,0.495962,0.581972,0.642272,0.481458,0.671223,0.713755,0.767258,0.730655,0.600955,0.510714,0.661183,0.692970,0.998267,0.885924,0.765184,0.702775,0.769864,0.822402,0.846051,0.657815,0.741553,1.015841
8.571570,0.888673,0.703716,0.548086,0.595478,0.689592,0.701297,0.714498,0.722093,0.897235,0.651232,0.665885,0.628975,0.614064,0.525574,0.277499,0.253361,0.316554,0.393656,0.499216,0.577808,0.381604,0.608752,0.655543,0.705788,0.655565,0.551555,0.436025,0.653461,0.691075,0.960331,0.853039,0.723318,0.646297,0.719818,0.781102,0.804845,0.536974,0.749539,1.002494
8.579900,0.855404,0.628074,0.467533,0.538055,0.644729,0.657581,0.673467,0.682313,0.874526,0.603082,0.619216,0.580257,0.562015,0.461979,0.139215,0.108586,0.188188,0.288005,0.454503,0.540323,0.318368,0.574393,0.620916,0.657501,0.553441,0.453191,0.330095,0.566469,0.602408,0.917434,0.822928,0.686895,0.617577,0.691297,0.760286,0.780723,0.374063,0.665065,0.989747
8.588230,0.835152,0.575474,0.419141,0.507210,0.620175,0.633730,0.650511,0.659756,0.860549,0.579547,0.595622,0.556785,0.537815,0.435801,0.110383,0.108069,0.115540,0.229770,0.467851,0.541409,0.330507,0.579240,0.618873,0.631608,0.457074,0.321669,0.216575,0.409551,0.437463,0.882820,0.803083,0.666156,0.624919,0.690773,0.764992,0.777764,0.231795,0.501940,0.981382
8.596560,0.837600,0.577644,0.438527,0.521760,0.628137,0.641373,0.656306,0.664665,0.860187,0.593579,0.607598,0.571711,0.555992,0.467005,0.257711,0.272368,0.227508,0.288675,0.538216,0.583476,0.419584,0.625247,0.651715,0.636362,0.427230,0.216412,0.193456,0.200928,0.215696,0.869912,0.800331,0.669634,0.667847,0.719663,0.795910,0.795835,0.283989,0.293841,0.980228
8.604890,0.862975,0.636694,0.522824,0.581966,0.670406,0.682345,0.692840,0.699092,0.874639,0.645579,0.656056,0.625237,0.615666,0.548738,0.428731,0.447793,0.398484,0.426190,0.643386,0.656241,0.549289,0.704688,0.715831,0.675295,0.491722,0.274358,0.324808,0.081272,0.056234,0.883035,0.817678,0.699685,0.735966,0.772447,0.850038,0.833587,0.458235,0.165379,0.986809
8.613220,0.902788,0.724443,0.636121,0.668870,0.736640,0.746995,0.751751,0.755254,0.901241,0.722625,0.729178,0.703987,0.700912,0.655199,0.592489,0.612989,0.568731,0.579508,0.756963,0.741666,0.686078,0.798569,0.795825,0.735728,0.604249,0.448415,0.501576,0.332290,0.334293,0.916017,0.852913,0.750884,0.813000,0.837342,0.915990,0.882427,0.612760,0.363916,0.999496
8.621550,0.948185,0.816168,0.750154,0.760565,0.811483,0.820586,0.819700,0.820471,0.935262,0.807372,0.810436,0.790279,0.792390,0.762600,0.736338,0.756963,0.721114,0.721895,0.861781,0.825054,0.810276,0.890147,0.876678,0.805625,0.720379,0.634507,0.672069,0.580652,0.596677,0.959891,0.899293,0.812706,0.886226,0.903309,0.982353,0.933528,0.719652,0.620454,1.016087
8.629880,0.993184,0.900482,0.851162,0.842325,0.882103,0.890477,0.884875,0.883355,0.971605,0.886022,0.886355,0.870043,0.875779,0.856435,0.854161,0.875461,0.849012,0.843218,0.950828,0.898846,0.915321,0.971869,0.951033,0.875910,0.825552,0.802355,0.820908,0.794520,0.819918,1.007967,0.948474,0.874410,0.949760,0.963741,1.043160,0.982389,0.789032,0.843076,1.034462
8.638210,1.030778,0.966340,0.928514,0.905083,0.939456,0.947597,0.938691,0.935568,1.005151,0.949080,0.947546,0.933597,0.941621,0.927934,0.940119,0.962489,0.943701,0.933989,1.018611,0.957390,0.994079,1.036032,1.011145,0.937298,0.907690,0.927959,0.931624,0.946519,0.977228,1.052217,0.992763,0.927295,0.999481,1.013572,1.092146,1.024079,0.826542,0.999003,1.051855
8.646540,1.054476,1.004607,0.976412,0.945750,0.979186,0.987421,0.976755,0.972784,1.031589,0.992140,0.989570,0.976720,0.985884,0.974251,0.993589,1.017083,1.001656,0.989917,1.064504,0.999412,1.045370,1.080516,1.054556,0.985433,0.955460,0.999030,0.995943,1.023819,1.054850,1.084505,1.026631,0.966027,1.034874,1.051064,1.127118,1.056623,0.825713,1.071874,1.065332
8.654870,1.060741,1.011010,0.993955,0.965207,1.000481,1.008948,0.997928,0.993794,1.048042,1.014610,1.011718,0.999013,1.008441,0.996493,1.017565,1.041647,1.023926,1.011444,1.090117,1.025694,1.071019,1.105942,1.081439,1.019516,0.960923,1.012471,1.012783,1.025985,1.051569,1.099119,1.047216,0.988470,1.056943,1.076197,1.148016,1.079549,0.776280,1.059407,1.072745
8.663200,1.052049,0.990575,0.985817,0.966895,1.005335,1.014039,1.003746,0.999974,1.054140,1.018819,1.016178,1.002932,1.011980,0.998210,1.016624,1.040170,1.015129,1.003283,1.097735,1.037689,1.073828,1.113921,1.093064,1.040480,0.926652,0.973120,0.987202,0.959479,0.973298,1.096614,1.054747,0.995546,1.067011,1.089614,1.155604,1.093123,0.683053,0.966701,1.074064
8.671530,1.036657,0.958102,0.961774,0.956140,0.997996,1.006866,0.997952,0.994857,1.052151,1.009401,1.007443,0.993182,1.001385,0.984821,0.996678,1.018391,0.983358,0.974165,1.089974,1.036810,1.058271,1.107164,1.091678,1.049291,0.870035,0.894270,0.930530,0.835622,0.830624,1.084515,1.052112,0.990713,1.066422,1.091942,1.151495,1.098223,0.582044,0.802150,1.071494
8.679860,1.024072,0.931998,0.933190,0.938541,0.983390,0.992318,0.985066,0.982781,1.045610,0.991595,0.990643,0.975027,0.982041,0.961946,0.963180,0.981707,0.937916,0.934240,1.068880,1.024164,1.027497,1.087182,1.078320,1.048665,0.820038,0.797932,0.858941,0.674240,0.642493,1.073543,1.043287,0.978358,1.056001,1.083676,1.136338,1.094802,0.541715,0.579751,1.068001
8.688190,1.018633,0.922493,0.907547,0.917830,0.965008,0.973883,0.968374,0.966938,1.037094,0.969121,0.969426,0.952196,0.957752,0.933530,0.920334,0.934727,0.887122,0.891710,1.036054,1.000642,0.984683,1.055932,1.054469,1.038632,0.801249,0.712136,0.790198,0.513440,0.449211,1.070518,1.031286,0.961756,1.036145,1.065264,1.111587,1.083367,0.599343,0.331646,1.065224
8.696520,1.017537,0.925004,0.884904,0.894550,0.943674,0.952431,0.948735,0.948182,1.027056,0.942968,0.944739,0.925658,0.929512,0.900552,0.869590,0.879340,0.835114,0.849454,0.991649,0.966283,0.931160,1.014154,1.020306,1.018653,0.813548,0.659968,0.736896,0.412931,0.326940,1.073937,1.017079,0.941965,1.006202,1.036691,1.078043,1.063282,0.702699,0.142697,1.062744
8.704850,1.014691,0.926561,0.859456,0.866386,0.917906,0.926582,0.924888,0.925309,1.014462,0.911732,0.915187,0.893946,0.895789,0.861119,0.808728,0.813256,0.779935,0.804282,0.933463,0.919635,0.865131,0.960698,0.974491,0.986969,0.835800,0.647467,0.700711,0.429364,0.369243,1.076890,0.999979,0.918186,0.964100,0.997034,1.035349,1.033114,0.786701,0.273302,1.059085
8.713180,1.005418,0.916561,0.825099,0.830579,0.885831,0.894564,0.895192,0.896743,0.998251,0.873589,0.878961,0.855167,0.854609,0.812828,0.734790,0.733515,0.717665,0.751430,0.859983,0.860036,0.784931,0.895201,0.916588,0.942646,0.848009,0.662885,0.675589,0.534289,0.516286,1.073291,0.978954,0.889257,0.908803,0.946259,0.983996,0.992454,0.823095,0.495170,1.053060
8.721510,0.989065,0.892711,0.780136,0.786549,0.847280,0.856260,0.859554,0.862400,0.978593,0.828491,0.835994,0.809243,0.805880,0.755395,0.647000,0.639585,0.646628,0.689092,0.772755,0.789321,0.691638,0.820012,0.848772,0.886914,0.843886,0.687630,0.653899,0.653753,0.664346,1.061587,0.953961,0.855270,0.842195,0.886524,0.926584,0.943203,0.815813,0.680440,1.044621
8.729840,0.965056,0.852923,0.722182,0.733574,0.802027,0.811506,0.817823,0.822133,0.955530,0.776406,0.786222,0.756168,0.749544,0.688557,0.544107,0.530558,0.562689,0.613692,0.676247,0.711976,0.587933,0.739965,0.775663,0.822828,0.819537,0.695442,0.620704,0.734157,0.761317,1.040543,0.924881,0.816294,0.769393,0.822513,0.867705,0.889690,0.774611,0.797923,1.033706
8.738170,0.931754,0.792149,0.647048,0.670516,0.749661,0.759986,0.769682,0.775618,0.928760,0.717302,0.729537,0.696034,0.685576,0.612082,0.424297,0.405681,0.459817,0.519828,0.580065,0.636416,0.480549,0.664120,0.705788,0.756756,0.766326,0.662478,0.559307,0.745346,0.780002,1.007471,0.891452,0.772352,0.699821,0.762020,0.814780,0.839177,0.696962,0.827850,1.019963
8.746500,0.889930,0.707906,0.553240,0.598935,0.692137,0.703710,0.716994,0.724632,0.899234,0.653804,0.668383,0.631572,0.616817,0.529000,0.285508,0.264568,0.331942,0.403595,0.500150,0.574523,0.382924,0.604628,0.649813,0.695549,0.674375,0.573672,0.457216,0.674535,0.709551,0.961297,0.854769,0.725289,0.645936,0.714531,0.776353,0.799959,0.569938,0.763229,1.003854
8.754830,0.848235,0.613651,0.454892,0.531087,0.639330,0.652341,0.668667,0.677723,0.871789,0.597324,0.613611,0.574449,0.555871,0.454947,0.134571,0.119033,0.181849,0.276136,0.459019,0.540069,0.324156,0.574679,0.618547,0.647747,0.548061,0.429279,0.314660,0.525523,0.555813,0.909090,0.820247,0.682712,0.620168,0.688980,0.759417,0.778529,0.391912,0.613840,0.988241
8.763160,0.822264,0.546901,0.394151,0.493245,0.609526,0.623470,0.640806,0.650315,0.854444,0.568512,0.584835,0.545718,0.526149,0.422568,0.101914,0.125395,0.087173,0.201442,0.477368,0.545038,0.344598,0.585593,0.621303,0.623416,0.424183,0.249459,0.159541,0.314776,0.340363,0.867382,0.797432,0.657688,0.631050,0.691889,0.768890,0.778975,0.210435,0.412057,0.977787
8.771490,0.825807,0.553502,0.423181,0.511693,0.619672,0.633222,0.648226,0.656625,0.854094,0.585490,0.599490,0.563780,0.548028,0.459991,0.270950,0.297976,0.239792,0.284877,0.554199,0.592016,0.443293,0.638725,0.660030,0.631263,0.386167,0.148639,0.175469,0.055820,0.106006,0.854377,0.795446,0.662048,0.678375,0.724806,0.805189,0.801006,0.241944,0.236147,0.976468
8.779820,0.860350,0.637765,0.535001,0.587265,0.672933,0.684809,0.694400,0.700233,0.873015,0.649558,0.659557,0.629650,0.621033,0.558369,0.458742,0.485370,0.439080,0.455398,0.666044,0.669918,0.581749,0.724853,0.729932,0.674451,0.483527,0.329701,0.378229,0.239288,0.260927,0.877331,0.818750,0.699724,0.751068,0.781714,0.864397,0.842621,0.448593,0.328776,0.985410
8.788150,0.913294,0.754264,0.673457,0.691540,0.753413,0.763358,0.766391,0.769081,0.907036,0.741353,0.747177,0.723350,0.721697,0.681374,0.633597,0.658559,0.625510,0.629961,0.783915,0.758889,0.723489,0.822710,0.813646,0.738476,0.636455,0.555522,0.585818,0.516406,0.541329,0.926289,0.863255,0.762097,0.831180,0.849607,0.933545,0.894128,0.636073,0.580661,1.002278
8.796480,0.971204,0.868102,0.803669,0.795894,0.839979,0.848512,0.845532,0.845304,0.948823,0.837765,0.840083,0.821406,0.824853,0.799974,0.783003,0.805879,0.785178,0.783335,0.890509,0.844032,0.848836,0.915301,0.895706,0.810413,0.784033,0.757359,0.767313,0.756431,0.786393,0.986611,0.918697,0.834184,0.905809,0.917235,1.000941,0.946411,0.772693,0.816818,1.023592
8.804810,1.021070,0.957759,0.905403,0.879647,0.913676,0.921537,0.914038,0.911614,0.988904,0.919013,0.918764,0.903596,0.910368,0.894565,0.896921,0.919004,0.906799,0.900869,0.976604,0.916236,0.949128,0.994194,0.968142,0.880652,0.899413,0.910027,0.904763,0.932579,0.965054,1.042780,0.971647,0.899639,0.967653,0.976913,1.059990,0.994531,0.857737,0.989533,1.044550
8.813140,1.055917,1.015413,0.972280,0.936155,0.966641,0.974410,0.964158,0.960396,1.021633,0.977022,0.975147,0.961887,0.970541,0.958896,0.972393,0.994703,0.986007,0.977722,1.038151,0.970797,1.019163,1.052904,1.024148,0.940248,0.974492,1.002131,0.989938,1.028930,1.059592,1.085876,1.013960,0.949850,1.013412,1.024122,1.105222,1.034104,0.898109,1.076058,1.061810
8.821470,1.072565,1.038991,1.005004,0.967035,0.998357,1.006352,0.994994,0.990702,1.044391,1.011373,1.008714,0.996128,1.005536,0.994679,1.012887,1.035625,1.025005,1.015793,1.076153,1.007432,1.059970,1.090560,1.062233,0.985406,1.006702,1.032991,1.023606,1.044837,1.068397,1.111236,1.042428,0.982324,1.043606,1.057777,1.135281,1.063728,0.894353,1.072739,1.073275
8.829800,1.069979,1.028318,1.006179,0.975800,1.010463,1.018799,1.007712,1.003558,1.055723,1.023993,1.021249,1.008441,1.017771,1.005572,1.023518,1.046100,1.028038,1.018876,1.093287,1.027676,1.074574,1.108483,1.083103,1.015691,0.993033,1.006171,1.009925,0.987203,0.998064,1.116076,1.056238,0.997074,1.059969,1.078409,1.150618,1.083171,0.838841,0.985722,1.077655
8.838130,1.051886,0.989673,0.981698,0.966815,1.006029,1.014716,1.004885,1.001345,1.056094,1.018351,1.016069,1.002404,1.011048,0.996131,1.009745,1.031086,1.001227,0.993086,1.092384,1.033389,1.066511,1.108973,1.088809,1.032664,0.936633,0.930115,0.956756,0.866340,0.858601,1.102469,1.056846,0.996211,1.064184,1.086979,1.152536,1.093077,0.730954,0.824037,1.075501
8.846460,1.027468,0.938616,0.941754,0.945597,0.989694,0.998690,0.990670,0.988011,1.048354,0.999468,0.998061,0.983075,0.990573,0.971903,0.977093,0.995768,0.952755,0.947383,1.075548,1.025634,1.039058,1.093043,1.079394,1.035536,0.853839,0.821034,0.877000,0.697801,0.664730,1.078959,1.047750,0.983762,1.057211,1.083873,1.141330,1.092776,0.594336,0.598644,1.069482
8.854790,1.007922,0.897101,0.899835,0.918722,0.967267,0.976478,0.970448,0.968754,1.036939,0.973439,0.973214,0.956579,0.962589,0.939377,0.931871,0.946589,0.893680,0.893774,1.045371,1.005957,0.996568,1.063772,1.057930,1.028717,0.777689,0.708601,0.791025,0.516876,0.452917,1.058397,1.033592,0.964892,1.040177,1.069920,1.118913,1.083529,0.495568,0.337954,1.063196
8.863120,1.000419,0.881916,0.867547,0.892106,0.943955,0.953214,0.949122,0.948367,1.025740,0.945635,0.946826,0.928325,0.932614,0.904363,0.879946,0.889800,0.835380,0.843903,1.004118,0.975690,0.943075,1.023356,1.025791,1.012154,0.744141,0.632425,0.722988,0.393365,0.307156,1.050908,1.018347,0.944099,1.013789,1.045873,1.086888,1.065561,0.513131,0.125124,1.059208
8.871450,1.004182,0.892977,0.848197,0.868323,0.922200,0.931326,0.929075,0.929216,1.016324,0.918609,0.921411,0.900882,0.903267,0.869595,0.823988,0.828145,0.783861,0.803151,0.951964,0.934840,0.880140,0.972521,0.983147,0.985323,0.763864,0.621020,0.688602,0.415718,0.360607,1.057525,1.003899,0.923590,0.977338,1.011674,1.045988,1.038254,0.624943,0.280103,1.057838
8.879780,1.010461,0.912343,0.833897,0.844580,0.900043,0.908958,0.908605,0.909674,1.006987,0.890537,0.895134,0.872377,0.872653,0.833003,0.762475,0.760441,0.736951,0.767411,0.888176,0.883213,0.807612,0.911758,0.930145,0.947593,0.811749,0.663095,0.683753,0.549598,0.537108,1.069337,0.989143,0.902160,0.930003,0.967490,0.997267,1.001417,0.744084,0.523801,1.056906
8.888110,1.009767,0.920058,0.812641,0.815319,0.873255,0.882050,0.883855,0.885976,0.994693,0.857369,0.863939,0.838666,0.836556,0.789966,0.691406,0.683208,0.687061,0.727289,0.812328,0.821200,0.724802,0.842217,0.867800,0.899046,0.853332,0.719575,0.688846,0.693472,0.706421,1.075225,0.971468,0.876891,0.871919,0.914329,0.942611,0.956034,0.819868,0.722828,1.053677
8.896440,0.995905,0.902483,0.772736,0.774063,0.836968,0.845932,0.850373,0.853777,0.976619,0.814328,0.823080,0.794843,0.789913,0.734628,0.603899,0.589683,0.621468,0.670181,0.724261,0.749856,0.629769,0.765582,0.798005,0.840277,0.864298,0.749233,0.676174,0.787163,0.814396,1.066957,0.947892,0.844398,0.804550,0.854228,0.884680,0.904595,0.838298,0.847197,1.046171
8.904770,0.968082,0.856084,0.709253,0.718123,0.789510,0.799057,0.806668,0.811607,0.952180,0.759961,0.771087,0.739479,0.731126,0.664823,0.495746,0.475931,0.531593,0.588754,0.628528,0.673871,0.524800,0.687570,0.726346,0.775634,0.836541,0.729628,0.627895,0.805073,0.838481,1.042213,0.917430,0.803764,0.733573,0.792214,0.828728,0.852279,0.805133,0.880180,1.034139
8.913100,0.928488,0.782326,0.622534,0.648927,0.732673,0.743266,0.754468,0.761128,0.922666,0.696532,0.710108,0.674987,0.662547,0.582788,0.365623,0.341603,0.413548,0.480895,0.537486,0.603168,0.419559,0.619320,0.662903,0.711142,0.768775,0.652354,0.536166,0.740310,0.773035,1.001986,0.881157,0.756727,0.670046,0.736847,0.783285,0.807449,0.726248,0.818427,1.018436
8.921430,0.882215,0.687334,0.520064,0.574414,0.673452,0.685474,0.700211,0.708537,0.891649,0.632232,0.647937,0.609771,0.593066,0.498828,0.216801,0.191563,0.268881,0.352050,0.471774,0.551558,0.336617,0.574916,0.619499,0.655320,0.661847,0.518579,0.401535,0.598510,0.625474,0.950106,0.843064,0.709038,0.627694,0.698055,0.756709,0.777996,0.598965,0.672685,1.000995
8.929760,0.839169,0.588884,0.424517,0.512542,0.625384,0.638834,0.655972,0.665405,0.865167,0.582746,0.599422,0.559842,0.540281,0.436205,0.082245,0.079684,0.114071,0.228968,0.457628,0.534368,0.318281,0.568495,0.607627,0.618774,0.524330,0.337619,0.233733,0.394617,0.415596,0.895666,0.810344,0.670926,0.619164,0.685010,0.755635,0.769731,0.420344,0.472120,0.985102
8.938090,0.815029,0.528048,0.386961,0.492013,0.607423,0.621465,0.638292,0.647557,0.851101,0.569303,0.584722,0.546839,0.528460,0.429944,0.179343,0.208726,0.142697,0.215036,0.508722,0.561282,0.390163,0.607719,0.634395,0.612321,0.393023,0.141650,0.107500,0.144371,0.178565,0.855468,0.792612,0.655618,0.650159,0.703172,0.783521,0.785343,0.212061,0.283491,0.975313
8.946420,0.825940,0.558795,0.456875,0.536411,0.635542,0.648570,0.661388,0.668756,0.856795,0.607605,0.619394,0.586606,0.574319,0.498830,0.368638,0.399738,0.342920,0.361749,0.610317,0.627938,0.520242,0.684530,0.694390,0.642617,0.375181,0.223073,0.276308,0.168040,0.211452,0.850732,0.799253,0.674353,0.714596,0.750615,0.836252,0.820843,0.200398,0.311403,0.976197
8.954750,0.872629,0.674171,0.600384,0.635586,0.707896,0.718790,0.724968,0.729174,0.884352,0.692312,0.699490,0.673318,0.668973,0.620047,0.560149,0.589737,0.550670,0.553619,0.732678,0.716775,0.669969,0.784482,0.778396,0.701182,0.514682,0.474375,0.508118,0.460124,0.494902,0.888682,0.834148,0.728362,0.796109,0.816786,0.906310,0.872511,0.439338,0.551266,0.989123
8.963080,0.940952,0.818813,0.757424,0.754637,0.803083,0.811934,0.811175,0.812034,0.928353,0.798473,0.801591,0.781448,0.783517,0.754474,0.732191,0.758504,0.736885,0.734835,0.850704,0.808378,0.809484,0.884458,0.865725,0.773294,0.705321,0.710086,0.719939,0.721913,0.757390,0.957235,0.890611,0.804625,0.877570,0.888023,0.978315,0.927910,0.670208,0.796525,1.011753
8.971410,1.007446,0.942974,0.887267,0.858626,0.892173,0.899815,0.893530,0.891704,0.975532,0.895922,0.896080,0.880310,0.886480,0.869421,0.868526,0.892435,0.883039,0.878677,0.950196,0.889955,0.924717,0.972426,0.945340,0.847179,0.869765,0.892636,0.884644,0.918972,0.953730,1.029829,0.951436,0.880700,0.948161,0.954137,1.043430,0.980346,0.839607,0.981144,1.037132
8.979740,1.056279,1.025281,0.974213,0.931132,0.958532,0.965820,0.955985,0.952435,1.015381,0.967957,0.966232,0.952903,0.961424,0.950095,0.961032,0.983692,0.979953,0.974364,1.022781,0.953102,1.006612,1.039192,1.008304,0.912502,0.980338,1.005034,0.988808,1.030136,1.060648,1.087042,1.002656,0.941224,1.001349,1.007804,1.094288,1.024266,0.937218,1.076139,1.058978
8.988070,1.083425,1.065930,1.020450,0.972606,0.999711,1.007152,0.995629,0.991265,1.043808,1.012271,1.009597,0.997250,1.006798,0.997085,1.013594,1.036084,1.031471,1.025455,1.069579,0.997042,1.056827,1.083870,1.052811,0.963818,1.037625,1.049685,1.035626,1.055564,1.077100,1.122895,1.038562,0.981475,1.037495,1.047308,1.129396,1.058045,0.975090,1.077408,1.074321
8.996400,1.090926,1.072344,1.034258,0.990074,1.019908,1.027672,1.015949,1.011495,1.060756,1.033357,1.030484,1.018125,1.027785,1.017277,1.034393,1.056704,1.046199,1.040690,1.094453,1.023809,1.079844,1.108257,1.079731,1.000310,1.050758,1.037746,1.035350,1.007869,1.015158,1.138527,1.059301,1.003082,1.059103,1.073370,1.149458,1.081560,0.968000,0.995527,1.082650
9.004730,1.081156,1.049567,1.021414,0.988644,1.022591,1.030692,1.019875,1.015869,1.066395,1.035101,1.032610,1.019560,1.028699,1.015978,1.029851,1.051287,1.031021,1.026666,1.100914,1.035732,1.079511,1.114455,1.090534,1.022542,1.024817,0.979924,0.997235,0.901244,0.888991,1.135378,1.066077,1.008244,1.068425,1.087256,1.155635,1.095002,0.918789,0.843791,1.083977
9.013060,1.057386,1.002089,0.986100,0.971198,1.010076,1.018517,1.009361,1.006165,1.061271,1.020306,1.018620,1.004383,1.012522,0.996533,1.004029,1.023657,0.990959,0.988165,1.090983,1.034190,1.059008,1.104379,1.086754,1.030850,0.962037,0.886256,0.929276,0.749501,0.712558,1.115587,1.060538,0.999135,1.066507,1.089706,1.149111,1.098643,0.822182,0.634243,1.078991
9.021390,1.025794,0.939007,0.933931,0.940366,0.984910,0.993735,0.986710,0.984545,1.047313,0.991845,0.991298,0.975437,0.982139,0.961737,0.959284,0.975921,0.930505,0.930117,1.064795,1.018908,1.019074,1.078019,1.068142,1.027374,0.870145,0.771110,0.841024,0.575050,0.510247,1.084661,1.045143,0.978455,1.052842,1.080225,1.129507,1.091406,0.680591,0.387585,1.069628
9.029720,0.996169,0.878228,0.875621,0.901205,0.951743,0.960965,0.956292,0.955261,1.028549,0.954486,0.955364,0.937487,0.942350,0.916359,0.899656,0.912216,0.857865,0.861621,1.023341,0.990269,0.962294,1.036911,1.035878,1.011975,0.771988,0.661469,0.749517,0.425660,0.339464,1.053227,1.023773,0.950404,1.027288,1.058823,1.097932,1.073533,0.524626,0.160190,1.059161
9.038050,0.978745,0.841828,0.825078,0.860884,0.916870,0.926386,0.924081,0.924192,1.010069,0.914482,0.917051,0.896830,0.899503,0.866869,0.830238,0.837410,0.783462,0.794514,0.967386,0.948408,0.891221,0.982145,0.990417,0.984385,0.704641,0.595531,0.677314,0.386685,0.323379,1.033772,1.001020,0.920145,0.989370,1.025327,1.055163,1.044501,0.432423,0.228286,1.051116
9.046380,0.976615,0.839444,0.790702,0.824570,0.884791,0.894400,0.894406,0.895636,0.995036,0.876293,0.880808,0.857985,0.858181,0.818058,0.754827,0.755084,0.714913,0.737077,0.897622,0.893782,0.808048,0.915148,0.932610,0.944460,0.698105,0.598032,0.640195,0.487938,0.474555,1.031995,0.979971,0.891237,0.938905,0.980071,1.002604,1.004464,0.483405,0.466956,1.046973
9.054710,0.983471,0.859314,0.770188,0.793034,0.856293,0.865805,0.868082,0.870419,0.983232,0.840927,0.847579,0.821992,0.819525,0.771404,0.675863,0.668237,0.655260,0.690733,0.816479,0.828603,0.716292,0.839485,0.865408,0.893646,0.744012,0.651813,0.636585,0.636226,0.651519,1.042620,0.961131,0.864426,0.877674,0.925143,0.943653,0.955578,0.617877,0.675964,1.045421
9.063040,0.986337,0.873770,0.747554,0.759545,0.826251,0.835690,0.840422,0.843956,0.970621,0.803605,0.812542,0.783981,0.778624,0.721673,0.589006,0.573109,0.594167,0.643054,0.725544,0.755187,0.616695,0.758727,0.792291,0.834019,0.796897,0.703431,0.636871,0.749590,0.778536,1.051138,0.941311,0.836208,0.808211,0.863429,0.882274,0.901355,0.736191,0.816172,1.042802
9.071370,0.974840,0.860189,0.705660,0.715354,0.788109,0.797788,0.805393,0.810323,0.952866,0.758172,0.769509,0.737728,0.729051,0.661630,0.486387,0.462318,0.515751,0.577477,0.628223,0.677657,0.509970,0.678395,0.718784,0.768867,0.816850,0.710565,0.608761,0.788485,0.822236,1.044583,0.916461,0.802181,0.735616,0.799704,0.824071,0.847423,0.792433,0.865134,1.035882
9.079700,0.947262,0.812358,0.638112,0.657464,0.740088,0.750483,0.761375,0.767887,0.929019,0.703422,0.717151,0.682044,0.669542,0.589600,0.362997,0.330851,0.409969,0.485548,0.534318,0.604336,0.403012,0.608456,0.654034,0.704249,0.788644,0.656302,0.535907,0.740947,0.772775,1.018964,0.885415,0.761576,0.669520,0.741604,0.776880,0.801501,0.779636,0.816306,1.024095
9.088030,0.909994,0.739453,0.553507,0.593481,0.688802,0.700318,0.714420,0.722451,0.902666,0.647204,0.662907,0.624971,0.608640,0.515613,0.223110,0.179922,0.279356,0.374068,0.463088,0.548136,0.316872,0.562335,0.609243,0.647760,0.717922,0.544428,0.420284,0.613899,0.638241,0.979261,0.851891,0.719931,0.623110,0.698617,0.748693,0.771154,0.710808,0.679828,1.009650
9.096360,0.872499,0.658645,0.473377,0.540402,0.647178,0.659868,0.676089,0.685101,0.879681,0.604502,0.620963,0.581809,0.563122,0.461786,0.109115,0.050676,0.150151,0.271777,0.442536,0.525331,0.296707,0.554577,0.596087,0.609989,0.619531,0.391150,0.278783,0.425152,0.439182,0.934501,0.822904,0.687159,0.610130,0.680629,0.746220,0.762098,0.600320,0.482295,0.995774
9.104690,0.843634,0.590566,0.428676,0.518224,0.628622,0.641986,0.658105,0.667043,0.865284,0.590508,0.605707,0.568057,0.550402,0.453341,0.183824,0.187495,0.153255,0.245535,0.489056,0.547450,0.368974,0.592957,0.621861,0.602246,0.509815,0.224432,0.163231,0.190361,0.200495,0.893732,0.805389,0.672776,0.637671,0.694363,0.773007,0.776986,0.452415,0.275954,0.985239
9.113020,0.834365,0.567761,0.455154,0.543773,0.644228,0.657198,0.670274,0.677759,0.864410,0.616054,0.627888,0.594684,0.582084,0.503725,0.351939,0.371048,0.313421,0.343712,0.586981,0.610310,0.496610,0.668213,0.680370,0.630802,0.426398,0.194753,0.241409,0.084652,0.124124,0.869384,0.805757,0.684334,0.699379,0.738255,0.824433,0.811527,0.280472,0.240623,0.981119
9.121350,0.853127,0.616955,0.554842,0.616955,0.696306,0.707815,0.715370,0.720221,0.880276,0.680534,0.687930,0.660858,0.655441,0.601474,0.529888,0.554583,0.502316,0.505427,0.708637,0.698199,0.645025,0.768232,0.764378,0.688937,0.439683,0.386581,0.438456,0.369782,0.402602,0.874090,0.828030,0.724105,0.780426,0.803226,0.894582,0.863282,0.214133,0.466824,0.985911
9.129680,0.902616,0.731805,0.696362,0.721509,0.777473,0.787107,0.788087,0.789771,0.914261,0.773243,0.776433,0.755460,0.756670,0.723665,0.698607,0.723771,0.686153,0.680036,0.828695,0.791109,0.786297,0.869947,0.853163,0.761621,0.570630,0.615337,0.645942,0.635700,0.671553,0.916051,0.873076,0.788698,0.863203,0.875166,0.967871,0.919970,0.398852,0.718528,1.001509
9.138010,0.970603,0.870218,0.838959,0.829041,0.867060,0.875192,0.870260,0.869076,0.959747,0.871565,0.871596,0.855440,0.861229,0.842230,0.842545,0.866772,0.845208,0.837187,0.933876,0.876590,0.908022,0.962036,0.936198,0.837275,0.749121,0.819315,0.828358,0.853574,0.889182,0.985373,0.931403,0.863318,0.937395,0.943954,1.035763,0.975134,0.637105,0.922519,1.025459
9.146340,1.034914,0.987927,0.951000,0.914802,0.943041,0.950408,0.941271,0.938053,1.004581,0.953201,0.951248,0.937962,0.946480,0.934942,0.948334,0.972097,0.962265,0.954861,1.014957,0.945788,0.999547,1.034688,1.004056,0.905638,0.907560,0.965883,0.960494,0.994983,1.026499,1.057281,0.987589,0.929738,0.996165,1.001989,1.090493,1.022763,0.834480,1.045482,1.050885
9.154670,1.080305,1.063845,1.021239,0.970320,0.995810,1.003042,0.991621,0.987305,1.040510,1.008933,1.006012,0.993953,1.003716,0.994770,1.013266,1.036927,1.032451,1.026531,1.069258,0.995288,1.057797,1.084106,1.052631,0.959913,1.015224,1.044225,1.034272,1.051331,1.074433,1.113066,1.031677,0.978353,1.037483,1.045687,1.128669,1.059895,0.960587,1.076631,1.071824
9.163000,1.101349,1.095157,1.051559,0.997660,1.024627,1.032041,1.020022,1.015430,1.063570,1.038440,1.035348,1.023377,1.033347,1.024063,1.042691,1.066317,1.060504,1.056186,1.099769,1.026425,1.086316,1.111706,1.082422,0.998847,1.066029,1.058678,1.054391,1.030425,1.040449,1.144783,1.059372,1.006507,1.063234,1.075199,1.150781,1.085857,1.013499,1.022525,1.084826
9.171330,1.100899,1.090233,1.050338,1.003025,1.033308,1.040965,1.029605,1.025344,1.073649,1.045976,1.043307,1.030688,1.040185,1.028981,1.044123,1.067103,1.054990,1.052489,1.110440,1.041714,1.089775,1.120086,1.095212,1.023015,1.068704,1.022013,1.031964,0.947678,0.939719,1.153920,1.071227,1.016256,1.075822,1.091840,1.158363,1.100924,1.008737,0.897115,1.089553
9.179660,1.084740,1.059623,1.025840,0.991509,1.025733,1.033609,1.023719,1.020179,1.072068,1.035912,1.034081,1.020334,1.028904,1.014857,1.023780,1.045349,1.024042,1.023693,1.104511,1.043349,1.073001,1.112201,1.093324,1.033216,1.036031,0.949119,0.978976,0.819836,0.788989,1.145505,1.069567,1.010772,1.076977,1.096892,1.153352,1.105802,0.964460,0.715022,1.087245
9.187990,1.057566,1.010258,0.982653,0.965297,1.004046,1.012171,1.004264,1.001687,1.060165,1.010779,1.010095,0.994818,1.002067,0.984231,0.984165,1.003462,0.972140,0.974371,1.082469,1.031402,1.037219,1.088502,1.076900,1.031714,0.976826,0.853428,0.904558,0.666089,0.608904,1.123738,1.056598,0.992442,1.066393,1.090153,1.135761,1.099707,0.888644,0.494314,1.079311
9.196320,1.022765,0.946206,0.923108,0.925143,0.969492,0.977984,0.972446,0.971013,1.039428,0.971994,0.972735,0.955491,0.960987,0.938072,0.925824,0.942156,0.901762,0.906934,1.043710,1.005281,0.982972,1.049514,1.046372,1.017941,0.895427,0.748111,0.816258,0.515059,0.434086,1.091635,1.034186,0.962975,1.042922,1.071042,1.106143,1.082569,0.778708,0.269439,1.067085
9.204650,0.985432,0.874611,0.851221,0.872991,0.924375,0.933387,0.930572,0.930449,1.012594,0.921799,0.924275,0.904539,0.907763,0.878020,0.849006,0.861585,0.815480,0.824417,0.986812,0.963688,0.910029,0.994962,1.001181,0.990927,0.798206,0.649182,0.722729,0.411517,0.328111,1.053985,1.004660,0.924676,1.004733,1.038452,1.064501,1.053434,0.633717,0.160256,1.052623
9.212980,0.953484,0.809677,0.775136,0.813313,0.873077,0.882714,0.882955,0.884304,0.983988,0.864364,0.868942,0.846118,0.846462,0.807699,0.754592,0.761981,0.716915,0.732120,0.910357,0.905450,0.817957,0.924564,0.940791,0.949413,0.702296,0.576490,0.634528,0.408081,0.366509,1.019215,0.971348,0.881220,0.950230,0.991489,1.010982,1.011686,0.474778,0.318648,1.038878
9.221310,0.933877,0.768227,0.706240,0.752775,0.821463,0.831694,0.835226,0.838161,0.958087,0.805456,0.812502,0.786060,0.782948,0.733009,0.645927,0.646231,0.612752,0.638715,0.816033,0.832060,0.709390,0.841139,0.867528,0.894233,0.638374,0.547968,0.564425,0.493871,0.497104,0.996327,0.938051,0.837156,0.880730,0.931602,0.948342,0.959173,0.375653,0.516246,1.028407
9.229640,0.927883,0.757037,0.653500,0.698007,0.775036,0.785705,0.792535,0.797065,0.937686,0.750947,0.760694,0.730488,0.723452,0.660832,0.528132,0.519125,0.510802,0.553259,0.709395,0.748355,0.590116,0.751016,0.786972,0.828595,0.629800,0.559935,0.519511,0.599102,0.626073,0.988838,0.908003,0.796745,0.801378,0.863275,0.882110,0.900615,0.421377,0.671681,1.022061
9.237970,0.928146,0.761724,0.613812,0.650588,0.735165,0.746144,0.756110,0.762152,0.921979,0.703050,0.715480,0.681721,0.670607,0.594754,0.404121,0.383111,0.412236,0.476600,0.599861,0.662545,0.468215,0.664180,0.708385,0.759246,0.659915,0.577474,0.486190,0.666273,0.702053,0.989800,0.881809,0.761359,0.721338,0.794063,0.820473,0.843779,0.545592,0.756103,1.018096
9.246300,0.924692,0.759598,0.576463,0.608603,0.700552,0.711881,0.724634,0.732009,0.908352,0.661803,0.676514,0.639796,0.624944,0.536637,0.275630,0.237234,0.313421,0.403842,0.502458,0.586375,0.356726,0.593536,0.643135,0.693300,0.688369,0.565624,0.441954,0.665383,0.700150,0.987570,0.858477,0.730730,0.653427,0.733889,0.772859,0.797706,0.647972,0.753115,1.013809
9.254630,0.912901,0.738383,0.536798,0.573477,0.672400,0.684218,0.698987,0.707314,0.895824,0.630188,0.646214,0.607763,0.590343,0.493160,0.158965,0.081535,0.220156,0.337697,0.441568,0.535464,0.286384,0.554372,0.603787,0.640202,0.687455,0.508790,0.375208,0.587881,0.614169,0.975063,0.838395,0.706523,0.612831,0.693794,0.748036,0.770318,0.689269,0.660362,1.007948
9.262960,0.895967,0.702636,0.504171,0.553654,0.656599,0.668883,0.684219,0.692802,0.886255,0.615735,0.631496,0.593327,0.575685,0.477878,0.149389,0.093674,0.179860,0.302150,0.445118,0.526344,0.304923,0.560636,0.601823,0.611462,0.654060,0.413555,0.297886,0.441620,0.453165,0.953712,0.824519,0.693364,0.612580,0.683858,0.752783,0.767118,0.669290,0.490515,1.001508
9.271290,0.881065,0.667868,0.496755,0.559703,0.660110,0.672506,0.686405,0.694293,0.882636,0.625746,0.639434,0.603933,0.589102,0.501681,0.273000,0.263844,0.251001,0.330290,0.514880,0.564408,0.404825,0.612099,0.638298,0.616058,0.602933,0.311787,0.257399,0.246800,0.237070,0.930548,0.820750,0.696079,0.653779,0.707754,0.786772,0.787211,0.605615,0.275796,0.996540
9.279620,0.875560,0.652688,0.529243,0.596674,0.686629,0.698564,0.708992,0.715217,0.887513,0.662490,0.672730,0.641813,0.632204,0.563061,0.426910,0.434424,0.386821,0.422179,0.623061,0.637506,0.540361,0.697244,0.706919,0.656685,0.556988,0.285290,0.317969,0.095693,0.029486,0.913876,0.830019,0.717147,0.723547,0.759370,0.844930,0.827869,0.515875,0.132768,0.995077
9.287950,0.884507,0.670859,0.601841,0.661393,0.735596,0.746596,0.752057,0.755892,0.902855,0.723121,0.729352,0.703907,0.700394,0.651227,0.581579,0.596725,0.540760,0.549387,0.740498,0.725429,0.679791,0.795026,0.790303,0.719127,0.541385,0.392686,0.457514,0.296235,0.300779,0.910960,0.854310,0.756770,0.803353,0.825516,0.914113,0.879473,0.417200,0.342280,0.998747
9.296280,0.909173,0.723955,0.697827,0.740210,0.798423,0.808369,0.808515,0.809775,0.927823,0.796471,0.799072,0.778748,0.780519,0.747869,0.721265,0.739770,0.687750,0.682451,0.848400,0.811442,0.804590,0.888177,0.872755,0.790228,0.572477,0.558540,0.616056,0.537915,0.560099,0.925921,0.891108,0.809018,0.878806,0.893366,0.981925,0.932668,0.350257,0.598512,1.008113
9.304610,0.949727,0.807801,0.802928,0.821013,0.865989,0.875006,0.870348,0.869275,0.960537,0.872106,0.871910,0.855657,0.861282,0.840311,0.840319,0.860881,0.819718,0.808350,0.940669,0.888023,0.910684,0.970647,0.948177,0.861370,0.656436,0.731050,0.769373,0.752772,0.783099,0.961771,0.935828,0.866722,0.944450,0.955937,1.043058,0.983662,0.396490,0.817792,1.023442
9.312940,0.999853,0.905527,0.901379,0.892818,0.928786,0.937133,0.928801,0.925951,0.996724,0.940050,0.938043,0.924379,0.932485,0.918463,0.932801,0.955011,0.926996,0.914802,1.013191,0.950277,0.992315,1.035719,1.009452,0.923733,0.773785,0.877738,0.897434,0.912996,0.945796,1.013754,0.981822,0.921700,0.997348,1.008549,1.091888,1.027790,0.551849,0.973208,1.042995
9.321270,1.049686,0.997714,0.981925,0.949593,0.980609,0.988533,0.977888,0.973932,1.031531,0.994317,0.991410,0.979019,0.988418,0.977613,0.997495,1.021105,1.004777,0.994908,1.065986,0.997409,1.048888,1.082130,1.054977,0.974012,0.896372,0.983240,0.989780,1.007197,1.036851,1.071541,1.023130,0.967953,1.037735,1.049816,1.127008,1.063516,0.736700,1.052034,1.063596
9.329600,1.087874,1.066281,1.036100,0.987684,1.016899,1.024570,1.012986,1.008599,1.059483,1.030798,1.027743,1.015603,1.025376,1.015215,1.034834,1.059396,1.050654,1.044370,1.099963,1.029892,1.081142,1.110111,1.084495,1.010901,0.997084,1.040789,1.041646,1.035799,1.056724,1.121796,1.054354,1.000743,1.066257,1.079593,1.148415,1.089803,0.892708,1.054744,1.080918
9.337930,1.105400,1.098591,1.058159,1.004358,1.034044,1.041577,1.030312,1.026101,1.075468,1.046370,1.043751,1.031103,1.040557,1.029319,1.045059,1.069896,1.063116,1.060333,1.115294,1.047851,1.089614,1.120335,1.098578,1.034779,1.055883,1.047610,1.050901,1.003279,1.010393,1.152957,1.071179,1.016457,1.082592,1.097638,1.156604,1.106055,0.988205,0.987222,1.090853
9.346260,1.099494,1.091324,1.046921,0.998588,1.030480,1.037992,1.028062,1.024512,1.076679,1.039915,1.038180,1.024429,1.033006,1.019346,1.028505,1.052685,1.042338,1.042573,1.111011,1.050174,1.074401,1.112037,1.095745,1.043760,1.064674,1.005437,1.018684,0.915424,0.904251,1.159797,1.071798,1.013727,1.085217,1.102725,1.150794,1.110279,1.014155,0.856204,1.091415
9.354590,1.074354,1.050825,1.006442,0.971848,1.007524,1.015172,1.007300,1.004754,1.063756,1.013071,1.012579,0.997194,1.004382,0.986913,0.986563,1.009055,0.991322,0.994514,1.086423,1.035912,1.036332,1.086029,1.077001,1.040053,1.028520,0.922525,0.950920,0.781953,0.748447,1.144676,1.057587,0.994043,1.072693,1.093798,1.131395,1.102308,0.980618,0.670533,1.083539
9.362920,1.037243,0.987816,0.943107,0.926933,0.968106,0.976091,0.970797,0.969495,1.039590,0.968874,0.969962,0.952390,0.957642,0.934671,0.920913,0.940717,0.914529,0.921311,1.040965,1.004203,0.976223,1.042516,1.042091,1.022191,0.960419,0.813069,0.857074,0.621581,0.563359,1.114029,1.031574,0.960349,1.043692,1.069923,1.098629,1.081472,0.906640,0.448333,1.069771
9.371250,0.994166,0.911173,0.862480,0.866694,0.915383,0.923938,0.921683,0.921845,1.007633,0.910434,0.913466,0.893077,0.895780,0.865218,0.833073,0.849464,0.816391,0.827764,0.974750,0.954980,0.895448,0.982560,0.991609,0.989755,0.872560,0.693880,0.747589,0.464692,0.384959,1.073829,0.996803,0.915659,0.997658,1.030982,1.053579,1.047819,0.805591,0.224243,1.052600
9.379580,0.949742,0.827100,0.768934,0.794069,0.852704,0.862076,0.863358,0.865223,0.971513,0.840990,0.846372,0.822448,0.821893,0.781133,0.723828,0.736222,0.700003,0.717402,0.888387,0.888913,0.795210,0.907721,0.926765,0.942806,0.771482,0.580872,0.631456,0.354836,0.275818,1.028577,0.956055,0.863018,0.934988,0.977757,0.997941,1.002302,0.677410,0.126216,1.034209
9.387910,0.909038,0.743264,0.667923,0.713237,0.784470,0.794883,0.800205,0.804015,0.935224,0.764907,0.773068,0.744931,0.740260,0.686135,0.593787,0.601624,0.567394,0.593569,0.784519,0.808638,0.677953,0.821600,0.850829,0.883076,0.663018,0.488144,0.515687,0.341789,0.310636,0.983246,0.912394,0.806183,0.858515,0.912981,0.935211,0.947909,0.519096,0.292784,1.016816
9.396240,0.878716,0.674093,0.570656,0.632197,0.717978,0.729539,0.739171,0.745043,0.903467,0.689848,0.701105,0.668545,0.658779,0.588099,0.445454,0.448263,0.422895,0.463715,0.670819,0.720783,0.550348,0.731779,0.770513,0.814936,0.564300,0.428810,0.409933,0.408263,0.423200,0.945288,0.870230,0.750977,0.775638,0.842761,0.871688,0.890322,0.352052,0.467034,1.002859
9.404570,0.865596,0.639527,0.497632,0.564923,0.664424,0.676959,0.690464,0.698171,0.881384,0.628242,0.642444,0.605934,0.590914,0.502596,0.285193,0.281419,0.277901,0.346357,0.562131,0.636848,0.426158,0.650762,0.697043,0.746102,0.510043,0.411709,0.332529,0.488877,0.525557,0.923676,0.835782,0.705945,0.698856,0.776755,0.816556,0.838347,0.273789,0.591680,0.994687
9.412900,0.870977,0.647587,0.470471,0.528819,0.636279,0.649257,0.665027,0.673797,0.872648,0.595175,0.611185,0.572430,0.553993,0.453587,0.133760,0.110789,0.167146,0.279030,0.481586,0.572072,0.331941,0.593239,0.642538,0.684842,0.524072,0.425437,0.302742,0.539715,0.580840,0.921996,0.815603,0.680613,0.643592,0.726046,0.778733,0.800237,0.374868,0.649325,0.993215
9.421230,0.887362,0.681639,0.490241,0.532646,0.638712,0.651447,0.667064,0.675761,0.876418,0.598152,0.613958,0.575707,0.557549,0.458415,0.133235,0.102921,0.183179,0.297100,0.462355,0.546517,0.318613,0.577642,0.622000,0.643922,0.581870,0.443292,0.318462,0.536942,0.569819,0.933614,0.812356,0.679231,0.627295,0.703472,0.768118,0.784199,0.527123,0.627122,0.996715
9.429560,0.903972,0.715655,0.534879,0.567797,0.665152,0.677210,0.690550,0.698171,0.887867,0.630306,0.644062,0.608753,0.594132,0.507979,0.278655,0.269378,0.292643,0.372770,0.516615,0.571675,0.398686,0.611699,0.642770,0.635837,0.637153,0.444178,0.354984,0.471810,0.485772,0.946617,0.823053,0.697653,0.656896,0.716807,0.789164,0.793227,0.636431,0.521348,1.001970
9.437890,0.915687,0.737765,0.587159,0.620162,0.705673,0.716958,0.726679,0.732574,0.902791,0.679759,0.690406,0.659404,0.649843,0.581091,0.430425,0.430992,0.415694,0.466383,0.615601,0.636227,0.523401,0.685520,0.700571,0.665925,0.666800,0.430493,0.401141,0.356326,0.340302,0.954148,0.843114,0.729037,0.719441,0.760848,0.838123,0.825759,0.681266,0.344093,1.007008
9.446220,0.926082,0.755880,0.646975,0.682665,0.755375,0.765917,0.771222,0.774992,0.920777,0.739818,0.746942,0.720781,0.716558,0.665118,0.573642,0.580406,0.539842,0.567850,0.727029,0.718833,0.655598,0.776983,0.777618,0.721216,0.678182,0.434840,0.468764,0.244537,0.179490,0.959130,0.870641,0.769820,0.794910,0.822103,0.901890,0.872020,0.676405,0.112843,1.012502
9.454550,0.940359,0.781480,0.714860,0.749158,0.809831,0.819723,0.820443,0.821986,0.942230,0.804237,0.808022,0.786475,0.786945,0.750104,0.701495,0.712211,0.659600,0.671314,0.830969,0.801644,0.776083,0.867524,0.857230,0.788422,0.689444,0.491328,0.562992,0.280613,0.220629,0.967929,0.903940,0.816364,0.867710,0.886985,0.967454,0.922156,0.645491,0.152233,1.019807
9.462880,0.958481,0.814512,0.782535,0.810484,0.861739,0.871174,0.867850,0.867423,0.965274,0.864346,0.865415,0.847587,0.851607,0.825348,0.806584,0.820384,0.765327,0.765881,0.917441,0.873909,0.876698,0.947563,0.930290,0.856771,0.706850,0.589791,0.668028,0.451577,0.433830,0.981948,0.938767,0.862401,0.929428,0.946120,1.026917,0.970509,0.598557,0.420044,1.028747
9.471210,0.980162,0.854047,0.845649,0.862678,0.907558,0.916718,0.910247,0.908292,0.988866,0.916074,0.915193,0.899904,0.906380,0.886853,0.887443,0.903930,0.854014,0.847474,0.983934,0.931439,0.953216,1.010156,0.989191,0.916422,0.733737,0.707806,0.772589,0.645140,0.652128,1.001892,0.972314,0.904322,0.977906,0.994970,1.074110,1.012179,0.544419,0.660271,1.039195
9.479540,1.004619,0.898619,0.901937,0.905212,0.946171,0.955139,0.946539,0.943558,1.012101,0.958196,0.956136,0.942313,0.950260,0.934385,0.945820,0.964802,0.924486,0.914303,1.032442,0.974705,1.007019,1.054900,1.032952,0.964294,0.771113,0.821178,0.865655,0.812319,0.834551,1.027339,1.002653,0.940222,1.014834,1.032931,1.107925,1.046047,0.507327,0.853450,1.050772
9.487870,1.031133,0.947510,0.950478,0.939020,0.977490,0.986222,0.976477,0.972956,1.033957,0.990714,0.988181,0.974944,0.983554,0.969129,0.984286,1.005256,0.976111,0.965584,1.065626,1.005544,1.040399,1.082946,1.062109,0.999653,0.821744,0.913642,0.938925,0.932074,0.962554,1.057971,1.028408,0.969094,1.042271,1.060825,1.128846,1.071675,0.531640,0.984652,1.062957
9.496200,1.057650,0.997900,0.989902,0.964316,1.000920,1.009304,0.999276,0.995640,1.052751,1.013319,1.010917,0.997583,1.006237,0.991816,1.005194,1.027459,1.009122,1.001012,1.085617,1.025734,1.055975,1.096618,1.078743,1.024246,0.885841,0.978594,0.989032,0.999591,1.031242,1.092269,1.048170,0.989935,1.061420,1.079695,1.138584,1.089509,0.632773,1.048943,1.074701
9.504530,1.078065,1.039644,1.014495,0.978034,1.013333,1.021302,1.011772,1.008400,1.064982,1.023281,1.021501,1.007515,1.015709,1.000211,1.007847,1.030630,1.020967,1.016988,1.091621,1.034561,1.054076,1.095766,1.081921,1.036810,0.951409,1.010401,1.011696,1.014640,1.040578,1.123788,1.059235,1.000140,1.070955,1.088775,1.137042,1.097935,0.768164,1.047004,1.083519
9.512860,1.084029,1.058337,1.015638,0.974770,1.009976,1.017603,1.009328,1.006583,1.066283,1.016235,1.015487,1.000323,1.007568,0.989826,0.988842,1.011447,1.006589,1.007270,1.080767,1.029730,1.033273,1.080467,1.072201,1.039611,0.997544,1.002369,1.000908,0.976528,0.990856,1.142699,1.058328,0.996186,1.067941,1.086255,1.124476,1.096498,0.883095,0.980774,1.086148
9.521190,1.069354,1.042127,0.985396,0.949123,0.986483,0.994015,0.987774,0.986024,1.053336,0.988020,0.988701,0.971741,0.977452,0.955780,0.943111,0.964766,0.959957,0.965168,1.048490,1.007496,0.989879,1.048286,1.047083,1.029303,1.004513,0.948701,0.950735,0.884536,0.882717,1.140398,1.042950,0.975053,1.048206,1.069211,1.099504,1.083026,0.940867,0.852734,1.080192
9.529520,1.034401,0.988433,0.921117,0.898861,0.941607,0.949430,0.946024,0.945647,1.026179,0.937389,0.939937,0.920407,0.923838,0.895773,0.866800,0.886490,0.877500,0.887398,0.990849,0.964665,0.920553,0.996899,1.004167,1.002858,0.963670,0.848928,0.859215,0.741432,0.719916,1.114562,1.013103,0.936315,1.008231,1.035154,1.060793,1.055433,0.929319,0.667477,1.065906
9.537850,0.986131,0.905243,0.827191,0.826276,0.878261,0.886812,0.887036,0.888411,0.988620,0.867125,0.872040,0.849021,0.849279,0.811600,0.759363,0.776082,0.760664,0.776345,0.907252,0.900872,0.824972,0.926495,0.943354,0.958988,0.881035,0.711966,0.731624,0.560141,0.516894,1.070326,0.971594,0.882824,0.947504,0.983957,1.008955,1.013582,0.858266,0.440038,1.046189
9.546180,0.933698,0.806301,0.713231,0.737454,0.802551,0.812231,0.816802,0.820271,0.946373,0.783314,0.791105,0.763684,0.759806,0.708865,0.624516,0.638416,0.616482,0.639772,0.803548,0.821021,0.708952,0.842775,0.869586,0.900451,0.772268,0.556055,0.580669,0.366814,0.302354,1.016639,0.922907,0.819803,0.871182,0.919966,0.948841,0.961369,0.748103,0.200242,1.024729
9.554510,0.885999,0.707034,0.592203,0.641989,0.723566,0.734673,0.744039,0.749801,0.905863,0.695456,0.706517,0.674329,0.665115,0.597069,0.467455,0.480069,0.453004,0.487791,0.690265,0.733783,0.582037,0.754739,0.790744,0.832759,0.653926,0.404654,0.421015,0.203627,0.126941,0.962928,0.872911,0.754745,0.788722,0.850767,0.887448,0.905143,0.612864,0.041032,1.005003
9.562840,0.850102,0.622808,0.481132,0.553180,0.652941,0.665576,0.679569,0.687514,0.873055,0.616381,0.630696,0.594063,0.578826,0.490895,0.292877,0.308617,0.277631,0.333873,0.584201,0.652130,0.459676,0.675616,0.718777,0.764480,0.540450,0.293789,0.272619,0.197876,0.200327,0.917059,0.828368,0.696889,0.713982,0.787146,0.834377,0.854290,0.454626,0.260061,0.989671
9.571170,0.833213,0.574499,0.410742,0.492900,0.607128,0.620935,0.638012,0.647389,0.854183,0.565438,0.581887,0.542503,0.522729,0.418675,0.109018,0.143173,0.109837,0.217282,0.509251,0.591751,0.369131,0.620116,0.665905,0.704192,0.454713,0.274719,0.189247,0.326227,0.367045,0.887313,0.797939,0.658725,0.662533,0.740380,0.798555,0.817215,0.284386,0.446822,0.981283
9.579500,0.841226,0.585096,0.420367,0.487590,0.602882,0.616784,0.633743,0.643055,0.854000,0.562688,0.578744,0.540087,0.520610,0.417958,0.116906,0.150805,0.151718,0.241714,0.497990,0.572406,0.360419,0.606709,0.647160,0.664704,0.441488,0.351330,0.253409,0.453636,0.501309,0.882431,0.789942,0.652206,0.651280,0.722902,0.789809,0.802120,0.216342,0.578474,0.981797
9.587830,0.871601,0.650465,0.503183,0.540974,0.642023,0.654781,0.668319,0.676022,0.871696,0.609394,0.622648,0.588040,0.573709,0.490040,0.305087,0.323198,0.326756,0.376400,0.560160,0.604317,0.445603,0.643700,0.670368,0.659024,0.516192,0.455834,0.382069,0.538217,0.578003,0.903541,0.806383,0.679052,0.686213,0.741682,0.812892,0.812277,0.369974,0.638547,0.990664
9.596160,0.914006,0.739547,0.614575,0.629420,0.710276,0.721368,0.729676,0.734898,0.901934,0.687794,0.697285,0.668090,0.660402,0.599060,0.484223,0.498557,0.492727,0.525496,0.664879,0.674200,0.575453,0.720204,0.730570,0.692116,0.631782,0.546334,0.505548,0.567401,0.588341,0.941828,0.842504,0.730655,0.752821,0.790131,0.863515,0.845866,0.566452,0.619718,1.005177
9.604490,0.955563,0.821028,0.719925,0.724042,0.787166,0.796856,0.799732,0.802341,0.936894,0.774822,0.780688,0.756732,0.754765,0.711454,0.640137,0.652227,0.633579,0.656831,0.776434,0.757886,0.707319,0.810946,0.807287,0.748435,0.737288,0.609228,0.605641,0.544835,0.537803,0.983308,0.888642,0.792859,0.828750,0.852767,0.926604,0.891519,0.716826,0.526867,1.021405
9.612820,0.986100,0.876452,0.800079,0.802468,0.853710,0.862621,0.860936,0.861330,0.968102,0.850123,0.853009,0.833287,0.835406,0.804442,0.762582,0.773567,0.740988,0.757014,0.873783,0.836850,0.820355,0.897547,0.884033,0.815109,0.805381,0.641420,0.675754,0.484449,0.442660,1.015542,0.932735,0.850235,0.897658,0.915453,0.989653,0.939489,0.796657,0.373138,1.035308
9.621150,1.004917,0.907532,0.854525,0.858094,0.902889,0.911565,0.906517,0.905273,0.992317,0.906181,0.906828,0.890001,0.894906,0.871572,0.850742,0.861928,0.817625,0.827606,0.948376,0.900970,0.907629,0.970019,0.951172,0.880213,0.837366,0.657203,0.723785,0.425064,0.349951,1.036370,0.968496,0.895555,0.951789,0.969071,1.044214,0.983933,0.815530,0.198533,1.045718
9.629480,1.016810,0.925348,0.891264,0.894630,0.936711,0.945444,0.938209,0.935901,1.010683,0.944733,0.943890,0.928783,0.935392,0.916143,0.909365,0.921697,0.871194,0.876474,1.000252,0.947813,0.968018,1.022898,1.002057,0.934111,0.848748,0.678737,0.763525,0.426738,0.348090,1.050341,0.995491,0.928721,0.990576,1.010198,1.084942,1.020354,0.797051,0.187144,1.053653
9.637810,1.025677,0.938026,0.917445,0.918466,0.959907,0.968765,0.960341,0.957460,1.025292,0.970547,0.968890,0.954595,0.962069,0.944461,0.945500,0.959327,0.908948,0.910920,1.033584,0.979498,1.005195,1.056848,1.036598,0.974483,0.852525,0.719102,0.803858,0.514254,0.467197,1.061806,1.015667,0.952429,1.017159,1.039359,1.111247,1.048177,0.756918,0.388864,1.060262
9.646140,1.032510,0.947828,0.936145,0.933815,0.975519,0.984437,0.975633,0.972577,1.036893,0.986877,0.984985,0.970824,0.978537,0.960993,0.964627,0.979898,0.935081,0.934785,1.052842,0.999384,1.023050,1.074075,1.056329,1.001766,0.853360,0.777172,0.846494,0.648285,0.633445,1.072064,1.030278,0.968551,1.034864,1.058502,1.124293,1.067582,0.697948,0.604844,1.065782
9.654470,1.036757,0.954096,0.947017,0.941718,0.983964,0.992828,0.984311,0.981407,1.044742,0.994386,0.992746,0.978195,0.985660,0.967117,0.969122,0.985542,0.949468,0.947841,1.060134,1.009327,1.024783,1.077171,1.063475,1.017038,0.850708,0.838578,0.885015,0.780387,0.789089,1.080385,1.039110,0.977182,1.044832,1.068772,1.125984,1.079070,0.624076,0.788893,1.069759
9.662800,1.038722,0.958016,0.949093,0.941443,0.984298,0.993001,0.985337,0.982860,1.047727,0.992291,0.991342,0.975930,0.982704,0.962222,0.958468,0.975274,0.949428,0.947970,1.054106,1.008045,1.010232,1.066142,1.057788,1.022995,0.847992,0.888127,0.910859,0.881765,0.905943,1.087014,1.041347,0.977534,1.045223,1.068966,1.116151,1.081216,0.562390,0.922055,1.071861
9.671130,1.039152,0.961919,0.941856,0.931783,0.975414,0.983893,0.977577,0.975766,1.045064,0.979599,0.979758,0.963011,0.968643,0.945185,0.931418,0.947696,0.932563,0.933405,1.032727,0.993696,0.979255,1.041472,1.039644,1.018746,0.853097,0.916094,0.917878,0.938929,0.970758,1.093226,1.036413,0.968902,1.033556,1.057582,1.095515,1.073669,0.560674,0.993847,1.071985
9.679460,1.036153,0.962923,0.922346,0.910246,0.955371,0.963652,0.959197,0.958298,1.035543,0.954452,0.956135,0.937515,0.941493,0.913699,0.885286,0.900102,0.895373,0.900855,0.993129,0.963818,0.930417,1.002440,1.007956,1.002482,0.867099,0.915224,0.900473,0.945669,0.977657,1.097484,1.023372,0.950055,1.006854,1.032737,1.064030,1.054933,0.631386,0.999867,1.069389
9.687790,1.024512,0.950834,0.884086,0.872883,0.921292,0.929553,0.927581,0.927892,1.017432,0.914050,0.917696,0.896545,0.898241,0.864179,0.815879,0.828409,0.832497,0.844625,0.932614,0.916509,0.861397,0.948077,0.961506,0.971879,0.877195,0.877693,0.851774,0.897751,0.923391,1.093875,1.000786,0.919176,0.962859,0.993265,1.021729,1.023902,0.726344,0.938871,1.062525
9.696120,0.998999,0.913475,0.819666,0.815763,0.870670,0.879264,0.880551,0.882444,0.989641,0.855974,0.862050,0.837551,0.836182,0.793099,0.718455,0.728099,0.737847,0.758177,0.849941,0.851493,0.770094,0.878340,0.900194,0.925619,0.862917,0.796151,0.764808,0.792405,0.806592,1.075210,0.967551,0.874899,0.901298,0.939660,0.969554,0.980869,0.789142,0.811980,1.050121
9.704450,0.959079,0.845345,0.726063,0.738078,0.803944,0.813364,0.818761,0.822639,0.953514,0.780819,0.789798,0.761059,0.755670,0.699939,0.590449,0.597535,0.608356,0.638325,0.748724,0.772526,0.658469,0.797135,0.827564,0.865458,0.809668,0.668588,0.636986,0.632341,0.631809,1.038542,0.924464,0.818269,0.826491,0.875916,0.911389,0.929195,0.789221,0.627003,1.032667
9.712780,0.910784,0.752936,0.609256,0.645353,0.726976,0.737734,0.747909,0.754076,0.913634,0.694947,0.707191,0.673764,0.663119,0.590596,0.433802,0.441389,0.447109,0.488964,0.641543,0.689950,0.537153,0.715401,0.753509,0.798117,0.718079,0.502678,0.473732,0.431012,0.416280,0.988246,0.875497,0.754518,0.749790,0.811102,0.855826,0.876902,0.725374,0.409687,1.012784
9.721110,0.865365,0.655308,0.487480,0.551984,0.652585,0.665004,0.679941,0.688353,0.877385,0.612531,0.627942,0.590162,0.573519,0.481143,0.253137,0.270965,0.260831,0.322821,0.550171,0.619538,0.427504,0.648879,0.691631,0.733094,0.604453,0.314745,0.286273,0.203791,0.181919,0.935237,0.828281,0.694021,0.687547,0.757524,0.813411,0.833986,0.615965,0.214999,0.994541
9.729440,0.838537,0.587423,0.405070,0.488955,0.604558,0.618325,0.636156,0.645905,0.855401,0.560968,0.578048,0.538042,0.517372,0.410580,0.063331,0.128389,0.070658,0.192913,0.499803,0.576559,0.363077,0.611077,0.652998,0.679136,0.503744,0.171033,0.122581,0.047026,0.094344,0.896487,0.795840,0.655025,0.653740,0.725049,0.790903,0.807246,0.485531,0.219534,0.983285
9.737770,0.836133,0.573826,0.409540,0.486528,0.601961,0.615908,0.632933,0.642287,0.853068,0.562763,0.578503,0.540325,0.521291,0.420924,0.165883,0.209920,0.174923,0.238581,0.520438,0.579953,0.393297,0.620266,0.652906,0.651097,0.452366,0.248992,0.208271,0.285154,0.332084,0.880813,0.787718,0.651024,0.663298,0.725063,0.797813,0.804369,0.351742,0.419203,0.980972
9.746100,0.854827,0.613633,0.493004,0.544683,0.643947,0.656780,0.669541,0.676882,0.868536,0.615275,0.627245,0.594247,0.581675,0.504577,0.365357,0.395847,0.374585,0.396860,0.608158,0.633398,0.506360,0.679147,0.695467,0.661465,0.467596,0.420111,0.392411,0.490924,0.539385,0.887396,0.804609,0.681429,0.716493,0.761032,0.836574,0.826894,0.256541,0.611421,0.986498
9.754430,0.894154,0.699979,0.619553,0.643951,0.720141,0.731156,0.737720,0.742109,0.900023,0.703730,0.711225,0.684542,0.679526,0.627120,0.553621,0.579050,0.561524,0.569538,0.725509,0.716703,0.649247,0.770244,0.769911,0.710175,0.554705,0.585963,0.567429,0.651743,0.695125,0.918549,0.844666,0.740279,0.793604,0.821564,0.898788,0.870192,0.325135,0.749768,0.999934
9.762760,0.948363,0.811397,0.754628,0.756350,0.811420,0.820687,0.820929,0.822268,0.942301,0.805791,0.809380,0.788475,0.789515,0.755976,0.719549,0.740824,0.724462,0.727951,0.842260,0.806944,0.787124,0.868415,0.854677,0.777437,0.686754,0.724590,0.716688,0.758295,0.789658,0.970659,0.900023,0.814370,0.874082,0.890954,0.968482,0.922093,0.518905,0.820272,1.019858
9.771090,1.003433,0.916482,0.869134,0.854135,0.894582,0.902682,0.897791,0.896641,0.985185,0.897028,0.897756,0.881109,0.886156,0.864635,0.849829,0.868107,0.850463,0.853221,0.940594,0.887845,0.902222,0.957627,0.935064,0.850514,0.820343,0.821312,0.826730,0.802797,0.815839,1.029375,0.956416,0.885230,0.943952,0.956284,1.034155,0.973595,0.718311,0.815365,1.041685
9.779420,1.044882,0.990156,0.945719,0.920949,0.954306,0.961960,0.953724,0.950954,1.019504,0.962074,0.960998,0.946756,0.954138,0.938740,0.936403,0.953099,0.931383,0.934550,1.010690,0.949178,0.983410,1.025533,0.998970,0.915746,0.919636,0.867229,0.889174,0.784067,0.773671,1.077788,1.001625,0.939219,0.995378,1.008558,1.085809,1.017245,0.863255,0.735667,1.060057
9.787750,1.066226,1.024385,0.982811,0.955661,0.988015,0.995767,0.985965,0.982440,1.041703,0.998652,0.996684,0.983373,0.991736,0.978108,0.981785,0.997910,0.969827,0.973586,1.052282,0.988862,1.029812,1.068401,1.041957,0.965238,0.969406,0.865995,0.907353,0.713768,0.676407,1.106843,1.031012,0.972447,1.027881,1.044799,1.119458,1.049849,0.932428,0.594179,1.071977
9.796080,1.069931,1.026470,0.989715,0.966268,1.001052,1.009129,0.999183,0.995595,1.052847,1.012393,1.010276,0.996865,1.005249,0.990679,0.995097,1.010933,0.975860,0.980437,1.070550,1.009901,1.046758,1.088234,1.064922,0.997696,0.975248,0.832993,0.894042,0.616814,0.551754,1.117387,1.045860,0.987652,1.045061,1.066208,1.135676,1.071101,0.935382,0.416949,1.077467
9.804410,1.062913,1.010321,0.978662,0.962160,1.000484,1.008859,0.999714,0.996522,1.055833,1.010708,1.009008,0.994842,1.002629,0.985677,0.986456,1.001754,0.961387,0.967265,1.071676,1.016761,1.041339,1.089679,1.071783,1.015766,0.954591,0.790397,0.865951,0.531873,0.446909,1.115993,1.049891,0.989799,1.050930,1.075496,1.137451,1.082490,0.897560,0.260627,1.078306
9.812740,1.050126,0.985317,0.956934,0.948476,0.990342,0.998908,0.991135,0.988615,1.052403,0.998020,0.997159,0.981801,0.988576,0.968426,0.961886,0.976075,0.933895,0.941534,1.058617,1.011400,1.017995,1.074799,1.063289,1.019381,0.921382,0.756455,0.835304,0.500877,0.421315,1.107821,1.045766,0.982195,1.046823,1.073722,1.126029,1.083364,0.836959,0.258192,1.075861
9.821070,1.032728,0.953149,0.925548,0.925748,0.971225,0.979926,0.973923,0.972265,1.042736,0.975247,0.975559,0.958634,0.964033,0.939884,0.922732,0.935192,0.895102,0.904713,1.031241,0.993599,0.978552,1.045903,1.042141,1.013419,0.878994,0.737771,0.805836,0.538771,0.490950,1.094114,1.034386,0.965830,1.031727,1.060578,1.103101,1.074501,0.753747,0.410534,1.070453
9.829400,1.010948,0.913266,0.882847,0.892412,0.942171,0.951045,0.947203,0.946592,1.026622,0.941506,0.943329,0.924384,0.927967,0.898593,0.866891,0.876885,0.842760,0.854697,0.986802,0.961042,0.921702,1.002266,1.007295,0.995849,0.826285,0.730176,0.774775,0.617184,0.603804,1.074826,1.015709,0.940439,1.002718,1.034297,1.068560,1.054565,0.643240,0.582696,1.062189
9.837730,0.987335,0.869539,0.829104,0.847910,0.903175,0.912322,0.911086,0.911734,1.005034,0.896675,0.900401,0.878855,0.880051,0.843629,0.791592,0.798025,0.773861,0.789562,0.922114,0.911215,0.845333,0.942740,0.957307,0.964400,0.768157,0.723731,0.736616,0.695440,0.707920,1.052352,0.990245,0.906370,0.956810,0.993119,1.022161,1.022024,0.520922,0.722995,1.052002
9.846060,0.966211,0.830486,0.768096,0.794038,0.856241,0.865761,0.867602,0.869737,0.980338,0.842632,0.848699,0.823885,0.822029,0.776256,0.695666,0.697080,0.687335,0.709991,0.836364,0.843806,0.748975,0.867918,0.892346,0.917659,0.719733,0.709019,0.687009,0.745034,0.773631,1.031638,0.959653,0.865440,0.893474,0.937284,0.965201,0.976971,0.443637,0.809552,1.041509
9.854390,0.949681,0.801360,0.704225,0.734036,0.804561,0.814543,0.819869,0.823688,0.954996,0.782715,0.791526,0.762859,0.757272,0.699695,0.580013,0.574925,0.584042,0.618432,0.733364,0.762564,0.635736,0.782315,0.816328,0.857202,0.694689,0.677945,0.622799,0.749609,0.785131,1.015761,0.926131,0.820426,0.816773,0.870675,0.902116,0.922828,0.470785,0.830524,1.031797
9.862720,0.934965,0.776820,0.638501,0.670869,0.751168,0.761734,0.770792,0.776409,0.930303,0.720651,0.732421,0.699718,0.689736,0.618148,0.446490,0.433771,0.464833,0.516669,0.622974,0.676201,0.513170,0.695099,0.737422,0.788080,0.687813,0.622018,0.539999,0.700435,0.734732,1.002049,0.891576,0.774205,0.736386,0.801426,0.840587,0.866522,0.562392,0.781139,1.022591
9.871050,0.917029,0.744985,0.569486,0.607663,0.699230,0.710572,0.723300,0.730668,0.906762,0.660937,0.675486,0.639067,0.624462,0.537715,0.297385,0.276182,0.330107,0.406476,0.523334,0.598859,0.396717,0.621115,0.668937,0.719341,0.676568,0.533568,0.434337,0.594304,0.620894,0.984152,0.857753,0.729971,0.667494,0.741356,0.791509,0.818529,0.636848,0.663361,1.012932
9.879380,0.895434,0.702049,0.503916,0.553750,0.656397,0.668645,0.684199,0.692896,0.886764,0.613580,0.629933,0.591088,0.572864,0.473660,0.145965,0.110765,0.190199,0.302334,0.461800,0.548168,0.318632,0.577298,0.624902,0.661052,0.644188,0.413660,0.310142,0.435429,0.450143,0.959686,0.828782,0.694388,0.627066,0.702763,0.764717,0.788115,0.655002,0.489222,1.003222
9.887710,0.876389,0.659577,0.463834,0.526739,0.635169,0.648080,0.664417,0.673471,0.874820,0.593743,0.609883,0.571230,0.552488,0.451630,0.125280,0.114274,0.132236,0.255541,0.468855,0.542269,0.331349,0.580376,0.619226,0.626566,0.594366,0.283063,0.202734,0.233230,0.234949,0.933827,0.811194,0.677039,0.629377,0.696422,0.768348,0.782380,0.618023,0.287639,0.995640
9.896040,0.869401,0.640627,0.478214,0.544020,0.646976,0.659773,0.673947,0.681970,0.875457,0.613559,0.627052,0.591841,0.576938,0.490207,0.288038,0.299099,0.264937,0.324600,0.546886,0.587052,0.435613,0.633350,0.655793,0.627887,0.551643,0.232545,0.232173,0.048210,0.034372,0.916934,0.811360,0.685934,0.676103,0.726164,0.803803,0.802090,0.548623,0.170615,0.992999
9.904370,0.878632,0.658839,0.549296,0.604970,0.692096,0.703927,0.713403,0.719188,0.889687,0.670598,0.679941,0.650323,0.641991,0.577768,0.468759,0.487179,0.443727,0.464058,0.664216,0.667946,0.581266,0.724481,0.728928,0.670147,0.541978,0.349473,0.388572,0.276801,0.293558,0.915677,0.831314,0.721313,0.752286,0.784334,0.866172,0.844986,0.468973,0.350978,0.996403
9.912700,0.903871,0.712670,0.655125,0.694460,0.762096,0.772567,0.776064,0.778975,0.916571,0.753037,0.758020,0.734481,0.732855,0.690028,0.639364,0.659818,0.617872,0.619217,0.786828,0.760893,0.727350,0.826852,0.816311,0.735365,0.575082,0.526781,0.566313,0.517962,0.546017,0.932289,0.869697,0.778061,0.835964,0.855042,0.938643,0.898744,0.400371,0.591680,1.006032
9.921030,0.942268,0.791960,0.769762,0.789905,0.840398,0.849613,0.847381,0.847513,0.951532,0.841561,0.842975,0.824655,0.828137,0.801156,0.785552,0.806261,0.770812,0.763298,0.896371,0.849160,0.855696,0.923492,0.902218,0.810409,0.647558,0.701638,0.730805,0.727864,0.761473,0.965874,0.918660,0.843636,0.912870,0.925270,1.009138,0.953896,0.390932,0.800345,1.020944
9.929360,0.988964,0.883809,0.875890,0.874712,0.912849,0.921147,0.914312,0.912209,0.989082,0.921134,0.920056,0.905359,0.912277,0.895394,0.900145,0.921138,0.894283,0.883831,0.984357,0.923289,0.958211,1.004889,0.977601,0.883582,0.748302,0.848713,0.866556,0.886654,0.920791,1.012708,0.969010,0.906213,0.976034,0.986639,1.069712,1.005047,0.488703,0.950591,1.039434
9.937690,1.037419,0.974632,0.963022,0.940378,0.971261,0.979006,0.969089,0.965500,1.024609,0.983502,0.981019,0.968305,0.977170,0.965511,0.980071,1.001721,0.983641,0.974266,1.048041,0.979361,1.030112,1.064185,1.034728,0.944479,0.861865,0.956233,0.965295,0.983371,1.012624,1.066461,1.013680,0.958042,1.023465,1.035001,1.114438,1.046979,0.659072,1.028740,1.059272
9.946020,1.078838,1.049295,1.024740,0.984498,1.012394,1.019860,1.008419,1.004108,1.054204,1.025847,1.022889,1.010840,1.020455,1.010455,1.027415,1.049875,1.038684,1.032581,1.089045,1.017767,1.072716,1.101225,1.072836,0.990188,0.966719,1.019861,1.024661,1.017839,1.036993,1.117350,1.048245,0.995327,1.056498,1.069777,1.142627,1.078516,0.831995,1.034426,1.077359
9.954350,1.103042,1.092265,1.054891,1.005573,1.033685,1.041053,1.029555,1.025236,1.073235,1.046106,1.043427,1.031047,1.040498,1.029717,1.044053,1.067024,1.058831,1.056496,1.108913,1.039573,1.087452,1.116782,1.092099,1.019814,1.038608,1.036272,1.042674,0.993798,0.998522,1.153129,1.068803,1.015056,1.076009,1.091209,1.154716,1.098632,0.956033,0.973478,1.089593
9.962680,1.104044,1.095349,1.050703,1.003101,1.033689,1.041086,1.030768,1.027037,1.078129,1.043349,1.041530,1.028071,1.036667,1.023410,1.031696,1.054578,1.044471,1.045414,1.108198,1.045156,1.076529,1.112497,1.093716,1.033278,1.062093,1.005240,1.019486,0.916897,0.903777,1.165515,1.073021,1.015660,1.081563,1.099176,1.151937,1.106880,1.007660,0.853508,1.092945
9.971010,1.083221,1.061014,1.014267,0.978130,1.012955,1.020516,1.012308,1.009607,1.068128,1.018524,1.018023,1.002863,1.010005,0.992747,0.991525,1.013251,0.997280,1.001229,1.085710,1.033088,1.040197,1.088224,1.077212,1.032701,1.036208,0.931643,0.958532,0.794956,0.761024,1.153920,1.061182,0.997819,1.071140,1.092157,1.133835,1.101559,0.989420,0.682222,1.087125
9.979340,1.047264,0.999378,0.951538,0.933210,0.973980,0.981879,0.976437,0.975073,1.045355,0.974351,0.975568,0.958097,0.963193,0.940194,0.925259,0.944722,0.921209,0.928607,1.040801,1.002437,0.979739,1.045006,1.043401,1.017455,0.972315,0.827324,0.867787,0.643573,0.587119,1.124034,1.035865,0.964164,1.043195,1.069194,1.101325,1.082665,0.920676,0.474858,1.074228
9.987670,1.002821,0.920240,0.868160,0.870873,0.919629,0.928097,0.925954,0.926179,1.013011,0.913737,0.917076,0.896615,0.899004,0.868084,0.834063,0.850390,0.820131,0.832006,0.973142,0.952688,0.896379,0.983878,0.992807,0.987073,0.883598,0.706922,0.756348,0.487160,0.410431,1.082308,1.000062,0.917644,0.996711,1.029863,1.055499,1.050020,0.819344,0.258600,1.056814
9.996000,0.954800,0.829997,0.768200,0.793579,0.852946,0.862260,0.863966,0.866043,0.974660,0.839674,0.845573,0.821334,0.820249,0.778593,0.718344,0.731020,0.696674,0.714489,0.883476,0.884606,0.791578,0.906757,0.926832,0.941356,0.777256,0.584120,0.632006,0.359473,0.277076,1.033498,0.956588,0.861271,0.932182,0.975122,0.998430,1.004644,0.688296,0.108622,1.037156
10.000000,0.932736,0.785101,0.714703,0.751087,0.817104,0.826968,0.830798,0.833893,0.955471,0.799746,0.807101,0.780676,0.777432,0.728786,0.648992,0.657777,0.625903,0.648776,0.820409,0.833171,0.724096,0.851933,0.877185,0.902546,0.720035,0.529935,0.568678,0.330651,0.262561,1.009242,0.933569,0.831388,0.880526,0.929265,0.953001,0.962927,0.607965,0.152719,1.027847
10.000000,0.931383,0.783090,0.713633,0.750480,0.816449,0.826310,0.830164,0.833273,0.954856,0.799093,0.806439,0.779998,0.776832,0.728431,0.651077,0.661713,0.626951,0.648790,0.829979,0.842663,0.731295,0.862310,0.887563,0.909441,0.718595,0.525460,0.566731,0.320667,0.250598,1.008043,0.933086,0.830772,0.892881,0.941429,0.966037,0.976909,0.608992,0.144058,1.027386
