Results,B01,B02,B03,B04,B05,B06,B07,B08,B09,B10,B11,B12,B13,B14,B15,B16,B17,B18,B19,B20,B21,B22,B23,B24,B25,B26,B27,B28,B29,B30,B31,B32,B33,B34,B35,B36,B37,B38,B39
Time in s,u. Magnitude in p.u.,u. Magnitude in p.u.,u. Magnitude in p.u.,u. Magnitude in p.u.,u. Magnitude in p.u.,u. Magnitude in p.u.,u. Magnitude in p.u.,u. Magnitude in p.u.,u. Magnitude in p.u.,u. Magnitude in p.u.,u. Magnitude in p.u.,u. Magnitude in p.u.,u. Magnitude in p.u.,u. Magnitude in p.u.,u. Magnitude in p.u.,u. Magnitude in p.u.,u. Magnitude in p.u.,u. Magnitude in p.u.,u. Magnitude in p.u.,u. Magnitude in p.u.,u. Magnitude in p.u.,u. Magnitude in p.u.,u. Magnitude in p.u.,u. Magnitude in p.u.,u. Magnitude in p.u.,u. Magnitude in p.u.,u. Magnitude in p.u.,u. Magnitude in p.u.,u. Magnitude in p.u.,u. Magnitude in p.u.,u. Magnitude in p.u.,u. Magnitude in p.u.,u. Magnitude in p.u.,u. Magnitude in p.u.,u. Magnitude in p.u.,u. Magnitude in p.u.,u. Magnitude in p.u.,u. Magnitude in p.u.,u. Magnitude in p.u.
0.000000,1.041515,1.027341,1.018775,1.017291,1.033534,1.038480,1.026554,1.025047,1.044908,1.050033,1.044987,1.031904,1.042576,1.027900,1.011898,1.022717,1.023151,1.020237,1.050045,0.992063,1.018543,1.038749,1.030212,1.026746,1.050042,1.043374,1.026043,1.047106,1.050064,1.003424,1.031932,1.040055,1.005778,1.016261,1.050000,1.050000,1.037962,1.036071,1.038641
0.008330,1.041515,1.027341,1.018775,1.017291,1.033534,1.038480,1.026554,1.025047,1.044908,1.050033,1.044987,1.031904,1.042576,1.027900,1.011898,1.022717,1.023151,1.020237,1.050045,0.992063,1.018543,1.038749,1.030212,1.026746,1.050042,1.043374,1.026043,1.047106,1.050064,1.003424,1.031932,1.040055,1.005778,1.016261,1.050000,1.050000,1.037962,1.036071,1.038641
0.016660,1.041515,1.027341,1.018775,1.017291,1.033534,1.038480,1.026554,1.025047,1.044908,1.050033,1.044987,1.031904,1.042576,1.027900,1.011898,1.022717,1.023151,1.020237,1.050045,0.992063,1.018543,1.038749,1.030212,1.026746,1.050042,1.043374,1.026043,1.047106,1.050064,1.003424,1.031932,1.040055,1.005778,1.016261,1.050000,1.050000,1.037962,1.036071,1.038641
0.024990,1.041515,1.027341,1.018775,1.017291,1.033534,1.038480,1.026554,1.025047,1.044908,1.050033,1.044987,1.031904,1.042576,1.027900,1.011898,1.022717,1.023151,1.020237,1.050045,0.992063,1.018543,1.038749,1.030212,1.026746,1.050042,1.043374,1.026043,1.047106,1.050064,1.003424,1.031932,1.040055,1.005778,1.016261,1.050000,1.050000,1.037962,1.036071,1.038641
0.033320,1.041515,1.027341,1.018775,1.017291,1.033534,1.038480,1.026554,1.025047,1.044908,1.050033,1.044987,1.031904,1.042576,1.027900,1.011898,1.022717,1.023151,1.020237,1.050045,0.992063,1.018543,1.038749,1.030212,1.026746,1.050042,1.043374,1.026043,1.047106,1.050064,1.003424,1.031932,1.040055,1.005778,1.016261,1.050000,1.050000,1.037962,1.036071,1.038641
0.041650,1.041515,1.027341,1.018775,1.017291,1.033534,1.038480,1.026554,1.025047,1.044908,1.050033,1.044987,1.031904,1.042576,1.027900,1.011898,1.022717,1.023151,1.020237,1.050045,0.992063,1.018543,1.038749,1.030212,1.026746,1.050042,1.043374,1.026043,1.047106,1.050064,1.003424,1.031932,1.040055,1.005778,1.016261,1.050000,1.050000,1.037962,1.036071,1.038641
0.049980,1.041515,1.027341,1.018775,1.017291,1.033534,1.038480,1.026554,1.025047,1.044908,1.050033,1.044987,1.031904,1.042576,1.027900,1.011898,1.022717,1.023151,1.020237,1.050045,0.992063,1.018543,1.038749,1.030212,1.026746,1.050042,1.043374,1.026043,1.047106,1.050064,1.003424,1.031932,1.040055,1.005778,1.016261,1.050000,1.050000,1.037962,1.036071,1.038641
0.058310,1.041515,1.027341,1.018775,1.017291,1.033534,1.038480,1.026554,1.025047,1.044908,1.050033,1.044987,1.031904,1.042576,1.027900,1.011898,1.022717,1.023151,1.020237,1.050045,0.992063,1.018543,1.038749,1.030212,1.026746,1.050042,1.043374,1.026043,1.047106,1.050064,1.003424,1.031932,1.040055,1.005778,1.016261,1.050000,1.050000,1.037962,1.036071,1.038641
0.066640,1.041515,1.027341,1.018775,1.017291,1.033534,1.038480,1.026554,1.025047,1.044908,1.050033,1.044987,1.031904,1.042576,1.027900,1.011898,1.022717,1.023151,1.020237,1.050045,0.992063,1.018543,1.038749,1.030212,1.026746,1.050042,1.043374,1.026043,1.047106,1.050064,1.003424,1.031932,1.040055,1.005778,1.016261,1.050000,1.050000,1.037962,1.036071,1.038641
0.074970,1.041515,1.027341,1.018775,1.017291,1.033534,1.038480,1.026554,1.025047,1.044908,1.050033,1.044987,1.031904,1.042576,1.027900,1.011898,1.022717,1.023151,1.020237,1.050045,0.992063,1.018543,1.038749,1.030212,1.026746,1.050042,1.043374,1.026043,1.047106,1.050064,1.003424,1.031932,1.040055,1.005778,1.016261,1.050000,1.050000,1.037962,1.036071,1.038641
0.083300,1.041515,1.027341,1.018775,1.017291,1.033534,1.038480,1.026554,1.025047,1.044908,1.050033,1.044987,1.031904,1.042576,1.027900,1.011898,1.022717,1.023151,1.020237,1.050045,0.992063,1.018543,1.038749,1.030212,1.026746,1.050042,1.043374,1.026043,1.047106,1.050064,1.003424,1.031932,1.040055,1.005778,1.016261,1.050000,1.050000,1.037962,1.036071,1.038641
0.091630,1.041515,1.027341,1.018775,1.017291,1.033534,1.038480,1.026554,1.025047,1.044908,1.050033,1.044987,1.031904,1.042576,1.027900,1.011898,1.022717,1.023151,1.020237,1.050045,0.992063,1.018543,1.038749,1.030212,1.026746,1.050042,1.043374,1.026043,1.047106,1.050064,1.003424,1.031932,1.040055,1.005778,1.016261,1.050000,1.050000,1.037962,1.036071,1.038641
0.099960,1.041515,1.027341,1.018775,1.017291,1.033534,1.038480,1.026554,1.025047,1.044908,1.050033,1.044987,1.031904,1.042576,1.027900,1.011898,1.022717,1.023151,1.020237,1.050045,0.992063,1.018543,1.038749,1.030212,1.026746,1.050042,1.043374,1.026043,1.047106,1.050064,1.003424,1.031932,1.040055,1.005778,1.016261,1.050000,1.050000,1.037962,1.036071,1.038641
0.108290,1.041515,1.027341,1.018775,1.017291,1.033534,1.038480,1.026554,1.025047,1.044908,1.050033,1.044987,1.031904,1.042576,1.027900,1.011898,1.022717,1.023151,1.020237,1.050045,0.992063,1.018543,1.038749,1.030212,1.026746,1.050042,1.043374,1.026043,1.047106,1.050064,1.003424,1.031932,1.040055,1.005778,1.016261,1.050000,1.050000,1.037962,1.036071,1.038641
0.116620,1.041515,1.027341,1.018775,1.017291,1.033534,1.038480,1.026554,1.025047,1.044908,1.050033,1.044987,1.031904,1.042576,1.027900,1.011898,1.022717,1.023151,1.020237,1.050045,0.992063,1.018543,1.038749,1.030212,1.026746,1.050042,1.043374,1.026043,1.047106,1.050064,1.003424,1.031932,1.040055,1.005778,1.016261,1.050000,1.050000,1.037962,1.036071,1.038641
0.124950,1.041515,1.027341,1.018775,1.017291,1.033534,1.038480,1.026554,1.025047,1.044908,1.050033,1.044987,1.031904,1.042576,1.027900,1.011898,1.022717,1.023151,1.020237,1.050045,0.992063,1.018543,1.038749,1.030212,1.026746,1.050042,1.043374,1.026043,1.047106,1.050064,1.003424,1.031932,1.040055,1.005778,1.016261,1.050000,1.050000,1.037962,1.036071,1.038641
0.133280,1.041515,1.027341,1.018775,1.017291,1.033534,1.038480,1.026554,1.025047,1.044908,1.050033,1.044987,1.031904,1.042576,1.027900,1.011898,1.022717,1.023151,1.020237,1.050045,0.992063,1.018543,1.038749,1.030212,1.026746,1.050042,1.043374,1.026043,1.047106,1.050064,1.003424,1.031932,1.040055,1.005778,1.016261,1.050000,1.050000,1.037962,1.036071,1.038641
0.141610,1.041515,1.027341,1.018775,1.017291,1.033534,1.038480,1.026554,1.025047,1.044908,1.050033,1.044987,1.031904,1.042576,1.027900,1.011898,1.022717,1.023151,1.020237,1.050045,0.992063,1.018543,1.038749,1.030212,1.026746,1.050042,1.043374,1.026043,1.047106,1.050064,1.003424,1.031932,1.040055,1.005778,1.016261,1.050000,1.050000,1.037962,1.036071,1.038641
0.149940,1.041515,1.027341,1.018775,1.017291,1.033534,1.038480,1.026554,1.025047,1.044908,1.050033,1.044987,1.031904,1.042576,1.027900,1.011898,1.022717,1.023151,1.020237,1.050045,0.992063,1.018543,1.038749,1.030212,1.026746,1.050042,1.043374,1.026043,1.047106,1.050064,1.003424,1.031932,1.040055,1.005778,1.016261,1.050000,1.050000,1.037962,1.036071,1.038641
0.158270,1.041515,1.027341,1.018775,1.017291,1.033534,1.038480,1.026554,1.025047,1.044908,1.050033,1.044987,1.031904,1.042576,1.027900,1.011898,1.022717,1.023151,1.020237,1.050045,0.992063,1.018543,1.038749,1.030212,1.026746,1.050042,1.043374,1.026043,1.047106,1.050064,1.003424,1.031932,1.040055,1.005778,1.016261,1.050000,1.050000,1.037962,1.036071,1.038641
0.166600,1.041515,1.027341,1.018775,1.017291,1.033534,1.038480,1.026554,1.025047,1.044908,1.050033,1.044987,1.031904,1.042576,1.027900,1.011898,1.022717,1.023151,1.020237,1.050045,0.992063,1.018543,1.038749,1.030212,1.026746,1.050042,1.043374,1.026043,1.047106,1.050064,1.003424,1.031932,1.040055,1.005778,1.016261,1.050000,1.050000,1.037962,1.036071,1.038641
0.174930,1.041515,1.027341,1.018775,1.017291,1.033534,1.038480,1.026554,1.025047,1.044908,1.050033,1.044987,1.031904,1.042576,1.027900,1.011898,1.022717,1.023151,1.020237,1.050045,0.992063,1.018543,1.038749,1.030212,1.026746,1.050042,1.043374,1.026043,1.047106,1.050064,1.003424,1.031932,1.040055,1.005778,1.016261,1.050000,1.050000,1.037962,1.036071,1.038641
0.183260,1.041515,1.027341,1.018775,1.017291,1.033534,1.038480,1.026554,1.025047,1.044908,1.050033,1.044987,1.031904,1.042576,1.027900,1.011898,1.022717,1.023151,1.020237,1.050045,0.992063,1.018543,1.038749,1.030212,1.026746,1.050042,1.043374,1.026043,1.047106,1.050064,1.003424,1.031932,1.040055,1.005778,1.016261,1.050000,1.050000,1.037962,1.036071,1.038641
0.191590,1.041515,1.027341,1.018775,1.017291,1.033534,1.038480,1.026554,1.025047,1.044908,1.050033,1.044987,1.031904,1.042576,1.027900,1.011898,1.022717,1.023151,1.020237,1.050045,0.992063,1.018543,1.038749,1.030212,1.026746,1.050042,1.043374,1.026043,1.047106,1.050064,1.003424,1.031932,1.040055,1.005778,1.016261,1.050000,1.050000,1.037962,1.036071,1.038641
0.199920,1.041089,1.024403,1.016617,1.017044,1.033539,1.038532,1.026531,1.024984,1.044608,1.050296,1.045197,1.032178,1.042864,1.028162,1.010966,1.019790,1.020172,1.017768,1.044125,0.986781,1.014064,1.028167,1.020512,1.024494,1.046077,1.037565,1.021165,1.040423,1.043010,1.001184,1.031649,1.039907,1.000558,1.011179,1.032690,1.020512,1.033774,1.029463,1.038554
0.208250,1.041100,1.023987,1.016612,1.017684,1.034139,1.039131,1.027098,1.025537,1.044755,1.050939,1.045828,1.032838,1.043544,1.028924,1.011919,1.020488,1.020456,1.017958,1.044467,0.986754,1.014728,1.028775,1.021187,1.025517,1.045461,1.036756,1.020802,1.039026,1.041423,1.000663,1.032119,1.040296,1.001214,1.010662,1.033114,1.021187,1.032984,1.027723,1.038579
0.216580,1.040911,1.023174,1.015974,1.017635,1.034161,1.039164,1.027126,1.025563,1.044638,1.050978,1.045866,1.032876,1.043574,1.028924,1.011782,1.020100,1.019857,1.017358,1.043820,0.986002,1.014351,1.028383,1.020804,1.025275,1.044468,1.035432,1.019763,1.037264,1.039527,0.999924,1.032194,1.040299,1.000825,1.009624,1.032720,1.020804,1.031968,1.025792,1.038539
0.224910,1.040594,1.022139,1.014957,1.017109,1.033775,1.038797,1.026769,1.025210,1.044337,1.050598,1.045489,1.032482,1.043157,1.028410,1.010968,1.019074,1.018741,1.016291,1.042594,0.984762,1.013396,1.027463,1.019850,1.024283,1.043276,1.033841,1.018352,1.035325,1.037504,0.999070,1.031992,1.040030,0.999851,1.008214,1.031919,1.019850,1.030843,1.023808,1.038453
0.233240,1.040220,1.021044,1.013788,1.016311,1.033147,1.038192,1.026180,1.024626,1.043932,1.049973,1.044870,1.031837,1.042484,1.027614,1.009832,1.017787,1.017425,1.015040,1.041120,0.983271,1.012245,1.026400,1.018724,1.022970,1.042046,1.032206,1.016834,1.033398,1.035533,0.998196,1.031621,1.039598,0.998618,1.006612,1.031047,1.018724,1.029724,1.021914,1.038341
0.241570,1.039852,1.020025,1.012655,1.015421,1.032427,1.037495,1.025499,1.023949,1.043498,1.049260,1.044162,1.031104,1.041724,1.026732,1.008657,1.016530,1.016157,1.013831,1.039649,0.981740,1.011188,1.025482,1.017727,1.021671,1.040913,1.030707,1.015421,1.031641,1.033760,0.997385,1.031177,1.039106,0.997348,1.004994,1.030350,1.017727,1.028707,1.020227,1.038224
0.249900,1.039538,1.019175,1.011697,1.014587,1.031740,1.036829,1.024842,1.023295,1.043096,1.048586,1.043490,1.030411,1.041011,1.025923,1.007653,1.015507,1.015113,1.012825,1.038369,0.980341,1.010418,1.024896,1.017054,1.020616,1.039969,1.029467,1.014258,1.030164,1.032283,0.996695,1.030741,1.038636,0.996204,1.003511,1.029982,1.017054,1.027859,1.018819,1.038117
0.258230,1.039307,1.018550,1.010995,1.013914,1.031174,1.036280,1.024296,1.022748,1.042769,1.048039,1.042942,1.029851,1.040441,1.025292,1.006943,1.014831,1.014390,1.012114,1.037389,0.979191,1.010037,1.024732,1.016802,1.019933,1.039263,1.028546,1.013419,1.029019,1.031142,0.996158,1.030369,1.038246,0.995283,1.002269,1.030016,1.016802,1.027213,1.017717,1.038032
0.266560,1.039174,1.018162,1.010580,1.013459,1.030780,1.035898,1.023910,1.022357,1.042539,1.047671,1.042570,1.029475,1.040064,1.024895,1.006582,1.014538,1.014017,1.011729,1.036758,0.978351,1.010067,1.025001,1.016986,1.019663,1.038805,1.027951,1.012920,1.028206,1.030331,0.995784,1.030094,1.037970,0.994633,1.001324,1.030453,1.016986,1.026773,1.016907,1.037974
0.274890,1.039137,1.017994,1.010439,1.013239,1.030578,1.035701,1.023702,1.022143,1.042412,1.047496,1.042389,1.029299,1.039896,1.024744,1.006563,1.014607,1.013974,1.011650,1.036466,0.977832,1.010472,1.025658,1.017563,1.019780,1.038570,1.027645,1.012730,1.027685,1.029801,0.995560,1.029930,1.037818,0.994256,1.000686,1.031248,1.017563,1.026518,1.016343,1.037946
0.283220,1.039184,1.018005,1.010527,1.013239,1.030555,1.035678,1.023665,1.022097,1.042378,1.047502,1.042387,1.029310,1.039921,1.024818,1.006838,1.014976,1.014201,1.011826,1.036470,0.977605,1.011181,1.026622,1.018452,1.020219,1.038514,1.027566,1.012785,1.027388,1.029482,0.995462,1.029873,1.037782,0.994120,1.000326,1.032325,1.018452,1.026409,1.015956,1.037945
0.291550,1.039296,1.018145,1.010786,1.013420,1.030684,1.035803,1.023770,1.022193,1.042418,1.047658,1.042535,1.029475,1.040106,1.025075,1.007337,1.015565,1.014625,1.012189,1.036699,0.977613,1.012106,1.027801,1.019561,1.020893,1.038581,1.027637,1.013011,1.027234,1.029291,0.995457,1.029907,1.037842,0.994176,1.000193,1.033599,1.019561,1.026400,1.015672,1.037966
0.299880,1.039454,1.018360,1.011148,1.013732,1.030923,1.036035,1.023982,1.022395,1.042508,1.047923,1.042791,1.029753,1.040406,1.025461,1.007984,1.016288,1.015165,1.012663,1.037079,0.977789,1.013157,1.029102,1.020795,1.021712,1.038716,1.027783,1.013327,1.027143,1.029150,0.995507,1.030008,1.037973,0.994365,1.000219,1.034985,1.020795,1.026445,1.015420,1.038002
0.308210,1.039634,1.018598,1.011551,1.014121,1.031229,1.036332,1.024257,1.022660,1.042623,1.048252,1.043113,1.030097,1.040773,1.025921,1.008702,1.017068,1.015749,1.013181,1.037537,0.978062,1.014255,1.030444,1.022071,1.022590,1.038865,1.027935,1.013663,1.027044,1.028986,0.995581,1.030151,1.038144,0.994631,1.000337,1.036411,1.022071,1.026501,1.015135,1.038047
0.316540,1.039820,1.018818,1.011942,1.014536,1.031559,1.036653,1.024556,1.022949,1.042740,1.048605,1.043457,1.030465,1.041163,1.026402,1.009426,1.017839,1.016316,1.013685,1.038009,0.978368,1.015335,1.031762,1.023326,1.023460,1.038987,1.028038,1.013962,1.026880,1.028748,0.995649,1.030310,1.038328,0.994921,1.000484,1.037821,1.023326,1.026532,1.014772,1.038095
0.324870,1.039994,1.018989,1.012281,1.014933,1.031876,1.036961,1.024843,1.023227,1.042839,1.048944,1.043789,1.030819,1.041537,1.026863,1.010108,1.018554,1.016822,1.014130,1.038447,0.978656,1.016352,1.033014,1.024513,1.024270,1.039051,1.028055,1.014182,1.026613,1.028398,0.995690,1.030464,1.038503,0.995196,1.000608,1.039177,1.024513,1.026514,1.014299,1.038139
0.333200,1.040148,1.019094,1.012542,1.015281,1.032154,1.037232,1.025093,1.023467,1.042906,1.049243,1.044081,1.031132,1.041869,1.027271,1.010713,1.019182,1.017239,1.014492,1.038818,0.978889,1.017278,1.034175,1.025607,1.024989,1.039040,1.027966,1.014302,1.026223,1.027919,0.995692,1.030594,1.038650,0.995429,1.000675,1.040457,1.025607,1.026434,1.013702,1.038177
0.341530,1.040275,1.019125,1.012714,1.015560,1.032373,1.037446,1.025286,1.023651,1.042933,1.049486,1.044317,1.031387,1.042139,1.027609,1.011224,1.019711,1.017555,1.014757,1.039106,0.979044,1.018104,1.035237,1.026599,1.025604,1.038948,1.027765,1.014313,1.025706,1.027311,0.995647,1.030689,1.038759,0.995604,1.000661,1.041655,1.026599,1.026288,1.012983,1.038205
0.349860,1.040375,1.019086,1.012797,1.015760,1.032526,1.037596,1.025416,1.023771,1.042916,1.049663,1.044488,1.031575,1.042341,1.027869,1.011639,1.020143,1.017775,1.014929,1.039309,0.979113,1.018834,1.036206,1.027496,1.026116,1.038781,1.027460,1.014222,1.025072,1.026586,0.995557,1.030744,1.038823,0.995717,1.000558,1.042776,1.027496,1.026080,1.012153,1.038222
0.358190,1.040448,1.018986,1.012804,1.015885,1.032614,1.037682,1.025482,1.023827,1.042857,1.049778,1.044595,1.031698,1.042476,1.028054,1.011968,1.020490,1.017910,1.015019,1.039435,0.979100,1.019483,1.037097,1.028312,1.026539,1.038549,1.027068,1.014045,1.024341,1.025764,0.995429,1.030758,1.038844,0.995771,1.000371,1.043832,1.028312,1.025820,1.011232,1.038229
0.366520,1.040501,1.018841,1.012750,1.015943,1.032644,1.037712,1.025491,1.023826,1.042761,1.049837,1.044646,1.031764,1.042554,1.028176,1.012228,1.020772,1.017981,1.015046,1.039498,0.979017,1.020069,1.037930,1.029067,1.026895,1.038269,1.026612,1.013803,1.023538,1.024871,0.995271,1.030735,1.038827,0.995777,1.000111,1.044841,1.029067,1.025521,1.010245,1.038227
0.374850,1.040538,1.018667,1.012657,1.015952,1.032629,1.037698,1.025455,1.023779,1.042637,1.049853,1.044654,1.031786,1.042587,1.028250,1.012441,1.021011,1.018009,1.015032,1.039520,0.978882,1.020616,1.038725,1.029784,1.027206,1.037957,1.026115,1.013519,1.022689,1.023933,0.995093,1.030681,1.038779,0.995748,0.999798,1.045818,1.029784,1.025198,1.009216,1.038218
0.383180,1.040567,1.018481,1.012543,1.015928,1.032583,1.037653,1.025388,1.023701,1.042494,1.049839,1.044632,1.031779,1.042590,1.028293,1.012628,1.021228,1.018016,1.014996,1.039519,0.978716,1.021142,1.039500,1.030481,1.027495,1.037632,1.025599,1.013216,1.021817,1.022975,0.994907,1.030606,1.038710,0.995700,0.999452,1.046777,1.030481,1.024865,1.008165,1.038203
0.391510,1.040593,1.018297,1.012427,1.015888,1.032520,1.037592,1.025304,1.023605,1.042339,1.049810,1.044595,1.031756,1.042578,1.028323,1.012807,1.021443,1.018020,1.014957,1.039515,0.978539,1.021663,1.040269,1.031173,1.027781,1.037305,1.025081,1.012910,1.020942,1.022014,0.994720,1.030517,1.038629,0.995647,0.999094,1.047729,1.031173,1.024534,1.007110,1.038186
0.399840,1.040621,1.018123,1.012320,1.015846,1.032453,1.037527,1.025214,1.023503,1.042180,1.049777,1.044554,1.031729,1.042563,1.028352,1.012993,1.021666,1.018033,1.014927,1.039521,0.978369,1.022190,1.041041,1.031869,1.028076,1.036987,1.024575,1.012616,1.020078,1.021064,0.994539,1.030421,1.038543,0.995600,0.998740,1.048678,1.031869,1.024211,1.006061,1.038167
0.408170,1.040653,1.017964,1.012231,1.015813,1.032389,1.037464,1.025127,1.023403,1.042020,1.049748,1.044516,1.031706,1.042553,1.028389,1.013194,1.021904,1.018062,1.014914,1.039547,0.978216,1.022726,1.041816,1.032571,1.028386,1.036682,1.024085,1.012339,1.019230,1.020130,0.994368,1.030322,1.038457,0.995566,0.998405,1.049624,1.032571,1.023900,1.005025,1.038147
0.416500,1.040690,1.017823,1.012160,1.015794,1.032335,1.037410,1.025048,1.023311,1.041862,1.049727,1.044486,1.031692,1.042553,1.028439,1.013411,1.022159,1.018107,1.014917,1.039597,0.978090,1.023269,1.042593,1.033277,1.028713,1.036393,1.023615,1.012079,1.018402,1.019215,0.994208,1.030224,1.038374,0.995551,0.998095,1.050563,1.033277,1.023604,1.004003,1.038128
0.424830,1.040730,1.017696,1.012105,1.015789,1.032289,1.037364,1.024976,1.023227,1.041705,1.049714,1.044465,1.031687,1.042562,1.028500,1.013644,1.022427,1.018167,1.014935,1.039669,0.977991,1.023816,1.043364,1.033981,1.029053,1.036115,1.023159,1.011835,1.017590,1.018314,0.994057,1.030128,1.038294,0.995552,0.997813,1.051488,1.033981,1.023319,1.002992,1.038108
0.433160,1.040772,1.017579,1.012061,1.015796,1.032251,1.037324,1.024911,1.023149,1.041548,1.049707,1.044449,1.031688,1.042577,1.028571,1.013885,1.022702,1.018234,1.014962,1.039761,0.977919,1.024357,1.044121,1.034673,1.029397,1.035845,1.022713,1.011600,1.016788,1.017422,0.993912,1.030030,1.038216,0.995569,0.997560,1.052390,1.034673,1.023042,1.001986,1.038088
0.441490,1.040813,1.017464,1.012021,1.015808,1.032214,1.037285,1.024847,1.023072,1.041386,1.049700,1.044435,1.031690,1.042593,1.028643,1.014127,1.022974,1.018300,1.014989,1.039865,0.977867,1.024884,1.044853,1.035345,1.029737,1.035576,1.022268,1.011365,1.015989,1.016532,0.993770,1.029929,1.038137,0.995597,0.997329,1.053260,1.035345,1.022767,1.000979,1.038066
0.449820,1.040849,1.017347,1.011976,1.015818,1.032173,1.037242,1.024778,1.022990,1.041216,1.049689,1.044415,1.031687,1.042604,1.028711,1.014360,1.023234,1.018357,1.015009,1.039974,0.977830,1.025387,1.045550,1.035985,1.030064,1.035302,1.021817,1.011123,1.015184,1.015636,0.993625,1.029820,1.038051,0.995629,0.997114,1.054088,1.035985,1.022490,0.999966,1.038041
0.458150,1.040878,1.017219,1.011917,1.015818,1.032121,1.037188,1.024698,1.022898,1.041034,1.049666,1.044384,1.031672,1.042604,1.028766,1.014577,1.023475,1.018397,1.015012,1.040079,0.977799,1.025857,1.046205,1.036586,1.030369,1.035018,1.021354,1.010866,1.014369,1.014729,0.993475,1.029700,1.037957,0.995660,0.996909,1.054869,1.036586,1.022205,0.998940,1.038012
0.466480,1.040896,1.017078,1.011841,1.015803,1.032052,1.037117,1.024602,1.022788,1.040836,1.049625,1.044336,1.031640,1.042586,1.028803,1.014770,1.023690,1.018413,1.014994,1.040175,0.977767,1.026288,1.046811,1.037141,1.030644,1.034718,1.020872,1.010588,1.013538,1.013805,0.993315,1.029566,1.037848,0.995684,0.996706,1.055595,1.037141,1.021910,0.997900,1.037978
0.474810,1.040901,1.016919,1.011740,1.015765,1.031962,1.037025,1.024484,1.022657,1.040620,1.049564,1.044267,1.031587,1.042545,1.028815,1.014933,1.023873,1.018401,1.014949,1.040255,0.977729,1.026675,1.047364,1.037645,1.030885,1.034400,1.020370,1.010287,1.012688,1.012863,0.993145,1.029414,1.037724,0.995699,0.996501,1.056264,1.037645,1.021602,0.996843,1.037938
0.483140,1.040893,1.016740,1.011614,1.015702,1.031847,1.036908,1.024341,1.022501,1.040383,1.049477,1.044173,1.031507,1.042479,1.028799,1.015063,1.024022,1.018358,1.014875,1.040317,0.977679,1.027016,1.047862,1.038096,1.031089,1.034063,1.019845,1.009961,1.011820,1.011904,0.992961,1.029243,1.037582,0.995701,0.996288,1.056873,1.038096,1.021281,0.995771,1.037892
0.491470,1.040870,1.016543,1.011462,1.015611,1.031706,1.036764,1.024171,1.022319,1.040125,1.049364,1.044052,1.031402,1.042386,1.028754,1.015159,1.024137,1.018285,1.014773,1.040359,0.977617,1.027311,1.048303,1.038495,1.031256,1.033708,1.019301,1.009610,1.010936,1.010930,0.992766,1.029051,1.037420,0.995688,0.996066,1.057424,1.038495,1.020945,0.994685,1.037839
0.499800,1.040834,1.016328,1.011286,1.015492,1.031537,1.036594,1.023975,1.022109,1.039847,1.049225,1.043905,1.031269,1.042265,1.028680,1.015221,1.024218,1.018183,1.014642,1.040381,0.977540,1.027561,1.048692,1.038842,1.031386,1.033335,1.018738,1.009236,1.010037,1.009943,0.992559,1.028839,1.037239,0.995662,0.995835,1.057917,1.038842,1.020598,0.993590,1.037780
0.508130,1.040784,1.016097,1.011087,1.015347,1.031343,1.036399,1.023754,1.021874,1.039550,1.049061,1.043733,1.031110,1.042119,1.028578,1.015252,1.024268,1.018055,1.014487,1.040385,0.977450,1.027768,1.049029,1.039141,1.031481,1.032947,1.018161,1.008844,1.009131,1.008950,0.992341,1.028607,1.037040,0.995622,0.995595,1.058355,1.039141,1.020240,0.992490,1.037715
0.516460,1.040722,1.015854,1.010869,1.015178,1.031125,1.036180,1.023509,1.021615,1.039236,1.048873,1.043537,1.030928,1.041948,1.028451,1.015255,1.024289,1.017905,1.014311,1.040372,0.977349,1.027938,1.049319,1.039395,1.031546,1.032548,1.017574,1.008437,1.008220,1.007955,0.992114,1.028356,1.036824,0.995571,0.995349,1.058742,1.039395,1.019875,0.991391,1.037644
0.524790,1.040649,1.015602,1.010636,1.014987,1.030887,1.035941,1.023243,1.021336,1.038906,1.048665,1.043320,1.030725,1.041757,1.028301,1.015234,1.024287,1.017735,1.014117,1.040347,0.977239,1.028072,1.049565,1.039607,1.031584,1.032141,1.016983,1.008020,1.007312,1.006965,0.991881,1.028088,1.036592,0.995511,0.995099,1.059080,1.039607,1.019506,0.990297,1.037568
0.533120,1.040566,1.015343,1.010392,1.014779,1.030630,1.035683,1.022959,1.021038,1.038563,1.048438,1.043086,1.030504,1.041547,1.028132,1.015191,1.024264,1.017551,1.013910,1.040311,0.977125,1.028174,1.049771,1.039783,1.031598,1.031730,1.016391,1.007597,1.006410,1.005983,0.991643,1.027806,1.036346,0.995445,0.994850,1.059374,1.039783,1.019135,0.989213,1.037488
0.541450,1.040475,1.015080,1.010140,1.014557,1.030358,1.035411,1.022659,1.020724,1.038209,1.048197,1.042836,1.030266,1.041321,1.027947,1.015130,1.024224,1.017356,1.013692,1.040269,0.977008,1.028249,1.049941,1.039924,1.031592,1.031316,1.015802,1.007172,1.005519,1.005014,0.991401,1.027510,1.036089,0.995375,0.994603,1.059626,1.039924,1.018764,0.988144,1.037403
0.549780,1.040377,1.014815,1.009881,1.014322,1.030074,1.035125,1.022347,1.020398,1.037845,1.047942,1.042573,1.030016,1.041082,1.027749,1.015054,1.024170,1.017152,1.013467,1.040223,0.976893,1.028300,1.050078,1.040035,1.031568,1.030902,1.015220,1.006748,1.004642,1.004063,0.991157,1.027202,1.035821,0.995303,0.994362,1.059840,1.040035,1.018395,0.987092,1.037315
0.558110,1.040273,1.014550,1.009619,1.014078,1.029778,1.034829,1.022023,1.020060,1.037473,1.047676,1.042299,1.029755,1.040832,1.027540,1.014966,1.024103,1.016942,1.013236,1.040174,0.976780,1.028327,1.050184,1.040117,1.031530,1.030491,1.014646,1.006326,1.003784,1.003131,0.990913,1.026884,1.035545,0.995232,0.994128,1.060017,1.040117,1.018029,0.986060,1.037224
0.566440,1.040162,1.014285,1.009355,1.013826,1.029474,1.034522,1.021691,1.019714,1.037094,1.047400,1.042015,1.029483,1.040573,1.027320,1.014866,1.024026,1.016728,1.013002,1.040125,0.976672,1.028334,1.050261,1.040172,1.031479,1.030082,1.014084,1.005910,1.002945,1.002221,0.990667,1.026556,1.035260,0.995162,0.993905,1.060159,1.040172,1.017669,0.985051,1.037131
0.574770,1.040047,1.014021,1.009090,1.013568,1.029161,1.034208,1.021349,1.019359,1.036710,1.047115,1.041722,1.029203,1.040304,1.027092,1.014756,1.023940,1.016511,1.012766,1.040077,0.976571,1.028322,1.050310,1.040203,1.031416,1.029678,1.013533,1.005501,1.002126,1.001334,0.990423,1.026220,1.034967,0.995095,0.993694,1.060269,1.040203,1.017313,0.984066,1.037035
0.583100,1.039926,1.013760,1.008823,1.013302,1.028840,1.033885,1.021001,1.018996,1.036319,1.046822,1.041421,1.028915,1.040027,1.026856,1.014638,1.023845,1.016291,1.012528,1.040030,0.976478,1.028292,1.050334,1.040210,1.031342,1.029279,1.012995,1.005099,1.001331,1.000472,0.990181,1.025876,1.034668,0.995031,0.993497,1.060348,1.040210,1.016964,0.983106,1.036937
0.591430,1.039801,1.013502,1.008557,1.013032,1.028513,1.033556,1.020645,1.018626,1.035924,1.046522,1.041113,1.028619,1.039743,1.026613,1.014511,1.023744,1.016071,1.012289,1.039986,0.976394,1.028245,1.050333,1.040195,1.031258,1.028886,1.012471,1.004704,1.000558,0.999635,0.989941,1.025524,1.034362,0.994973,0.993316,1.060397,1.040195,1.016621,0.982171,1.036837
0.599760,1.039673,1.013246,1.008291,1.012756,1.028178,1.033219,1.020282,1.018250,1.035524,1.046214,1.040797,1.028316,1.039452,1.026363,1.014376,1.023635,1.015849,1.012049,1.039945,0.976319,1.028182,1.050309,1.040158,1.031165,1.028499,1.011962,1.004319,0.999809,0.998824,0.989704,1.025165,1.034050,0.994919,0.993153,1.060418,1.040158,1.016285,0.981264,1.036736
0.608090,1.039540,1.012994,1.008025,1.012474,1.027838,1.032875,1.019913,1.017867,1.035120,1.045900,1.040475,1.028006,1.039154,1.026105,1.014233,1.023520,1.015627,1.011809,1.039908,0.976256,1.028103,1.050262,1.040100,1.031063,1.028119,1.011467,1.003943,0.999085,0.998040,0.989472,1.024799,1.033731,0.994872,0.993010,1.060412,1.040100,1.015956,0.980384,1.036633
0.616420,1.039405,1.012746,1.007760,1.012188,1.027491,1.032526,1.019537,1.017478,1.034714,1.045579,1.040146,1.027690,1.038849,1.025842,1.014084,1.023399,1.015405,1.011570,1.039876,0.976205,1.028010,1.050193,1.040024,1.030953,1.027747,1.010989,1.003577,0.998387,0.997284,0.989244,1.024426,1.033407,0.994831,0.992890,1.060380,1.040024,1.015634,0.979532,1.036530
0.624750,1.039267,1.012503,1.007497,1.011897,1.027139,1.032171,1.019157,1.017084,1.034304,1.045252,1.039812,1.027367,1.038539,1.025573,1.013929,1.023274,1.015184,1.011333,1.039849,0.976166,1.027904,1.050105,1.039929,1.030836,1.027383,1.010527,1.003222,0.997715,0.996557,0.989022,1.024048,1.033078,0.994798,0.992794,1.060325,1.039929,1.015321,0.978710,1.036426
0.633080,1.039128,1.012265,1.007237,1.011602,1.026782,1.031811,1.018772,1.016686,1.033894,1.044919,1.039472,1.027040,1.038223,1.025299,1.013768,1.023144,1.014966,1.011097,1.039828,0.976141,1.027785,1.049999,1.039817,1.030712,1.027027,1.010084,1.002878,0.997070,0.995860,0.988807,1.023664,1.032743,0.994772,0.992722,1.060247,1.039817,1.015017,0.977918,1.036321
0.641410,1.038987,1.012033,1.006979,1.011305,1.026421,1.031446,1.018383,1.016284,1.033483,1.044582,1.039127,1.026708,1.037903,1.025021,1.013602,1.023012,1.014750,1.010865,1.039814,0.976129,1.027656,1.049875,1.039690,1.030583,1.026682,1.009658,1.002548,0.996455,0.995194,0.988599,1.023275,1.032404,0.994755,0.992676,1.060148,1.039690,1.014722,0.977158,1.036217
0.649740,1.038846,1.011808,1.006726,1.011005,1.026058,1.031079,1.017991,1.015880,1.033073,1.044242,1.038779,1.026372,1.037579,1.024739,1.013433,1.022877,1.014539,1.010637,1.039807,0.976132,1.027517,1.049735,1.039549,1.030449,1.026348,1.009253,1.002231,0.995869,0.994560,0.988398,1.022883,1.032062,0.994746,0.992657,1.060030,1.039549,1.014437,0.976431,1.036113
0.658070,1.038706,1.011592,1.006478,1.010704,1.025692,1.030709,1.017598,1.015474,1.032665,1.043898,1.038429,1.026034,1.037253,1.024455,1.013261,1.022741,1.014332,1.010414,1.039807,0.976150,1.027369,1.049581,1.039395,1.030312,1.026026,1.008868,1.001929,0.995314,0.993960,0.988206,1.022487,1.031716,0.994747,0.992664,1.059894,1.039395,1.014163,0.975738,1.036011
0.666400,1.038568,1.011384,1.006236,1.010403,1.025326,1.030339,1.017205,1.015069,1.032261,1.043554,1.038077,1.025694,1.036926,1.024171,1.013088,1.022605,1.014132,1.010197,1.039816,0.976183,1.027214,1.049414,1.039230,1.030173,1.025717,1.008506,1.001643,0.994791,0.993394,0.988024,1.022089,1.031369,0.994758,0.992698,1.059741,1.039230,1.013901,0.975079,1.035910
0.674730,1.038432,1.011186,1.006002,1.010103,1.024961,1.029969,1.016813,1.014665,1.031862,1.043209,1.037726,1.025355,1.036598,1.023886,1.012914,1.022470,1.013938,1.009987,1.039833,0.976231,1.027052,1.049236,1.039055,1.030033,1.025421,1.008165,1.001373,0.994300,0.992863,0.987851,1.021690,1.031020,0.994778,0.992759,1.059574,1.039055,1.013651,0.974456,1.035811
0.683060,1.038299,1.010999,1.005776,1.009806,1.024598,1.029601,1.016423,1.014264,1.031470,1.042865,1.037375,1.025016,1.036272,1.023602,1.012741,1.022336,1.013752,1.009785,1.039859,0.976295,1.026886,1.049047,1.038871,1.029892,1.025140,1.007848,1.001121,0.993843,0.992367,0.987689,1.021290,1.030672,0.994809,0.992846,1.059393,1.038871,1.013413,0.973869,1.035715
0.691390,1.038169,1.010823,1.005558,1.009513,1.024239,1.029237,1.016038,1.013868,1.031085,1.042524,1.037028,1.024680,1.035948,1.023321,1.012568,1.022204,1.013574,1.009592,1.039894,0.976374,1.026715,1.048849,1.038679,1.029751,1.024874,1.007555,1.000886,0.993420,0.991908,0.987537,1.020891,1.030326,0.994850,0.992958,1.059200,1.038679,1.013189,0.973318,1.035621
0.699720,1.038045,1.010658,1.005351,1.009224,1.023884,1.028876,1.015658,1.013478,1.030709,1.042186,1.036684,1.024348,1.035628,1.023044,1.012399,1.022076,1.013405,1.009408,1.039939,0.976468,1.026541,1.048642,1.038480,1.029612,1.024623,1.007285,1.000670,0.993031,0.991484,0.987397,1.020495,1.029984,0.994902,0.993096,1.058995,1.038480,1.012978,0.972804,1.035531
0.708050,1.037926,1.010504,1.005153,1.008941,1.023535,1.028522,1.015285,1.013094,1.030343,1.041854,1.036345,1.024021,1.035312,1.022771,1.012231,1.021950,1.013245,1.009234,1.039992,0.976577,1.026364,1.048429,1.038275,1.029474,1.024388,1.007040,1.000472,0.992675,0.991097,0.987267,1.020103,1.029645,0.994965,0.993258,1.058780,1.038275,1.012781,0.972326,1.035445
0.716380,1.037813,1.010363,1.004966,1.008665,1.023193,1.028174,1.014919,1.012719,1.029989,1.041527,1.036013,1.023700,1.035003,1.022504,1.012068,1.021829,1.013095,1.009070,1.040055,0.976701,1.026185,1.048209,1.038065,1.029338,1.024169,1.006818,1.000292,0.992353,0.990745,0.987149,1.019716,1.029312,0.995037,0.993444,1.058556,1.038065,1.012597,0.971883,1.035363
0.724710,1.037706,1.010234,1.004789,1.008396,1.022860,1.027835,1.014563,1.012354,1.029647,1.041208,1.035688,1.023386,1.034701,1.022243,1.011908,1.021712,1.012955,1.008916,1.040127,0.976838,1.026004,1.047983,1.037850,1.029205,1.023966,1.006620,1.000130,0.992064,0.990428,0.987043,1.019335,1.028986,0.995121,0.993652,1.058324,1.037850,1.012426,0.971476,1.035285
0.733040,1.037605,1.010117,1.004624,1.008135,1.022536,1.027504,1.014217,1.012000,1.029318,1.040896,1.035371,1.023080,1.034406,1.021989,1.011752,1.021598,1.012824,1.008772,1.040207,0.976989,1.025822,1.047752,1.037632,1.029074,1.023779,1.006445,0.999986,0.991807,0.990146,0.986947,1.018962,1.028668,0.995214,0.993881,1.058083,1.037632,1.012269,0.971104,1.035212
0.741370,1.037512,1.010011,1.004469,1.007883,1.022221,1.027184,1.013882,1.011657,1.029004,1.040593,1.035064,1.022783,1.034119,1.021743,1.011601,1.021489,1.012703,1.008638,1.040295,0.977153,1.025640,1.047516,1.037410,1.028946,1.023607,1.006292,0.999860,0.991582,0.989896,0.986863,1.018599,1.028358,0.995317,0.994131,1.057836,1.037410,1.012125,0.970765,1.035145
0.749700,1.037427,1.009918,1.004325,1.007640,1.021918,1.026874,1.013559,1.011326,1.028705,1.040300,1.034766,1.022495,1.033842,1.021505,1.011454,1.021384,1.012591,1.008515,1.040392,0.977329,1.025457,1.047277,1.037185,1.028821,1.023452,1.006162,0.999751,0.991387,0.989680,0.986789,1.018246,1.028057,0.995429,0.994400,1.057582,1.037185,1.011994,0.970460,1.035083
0.758030,1.037349,1.009836,1.004192,1.007407,1.021626,1.026576,1.013248,1.011009,1.028422,1.040017,1.034479,1.022218,1.033575,1.021275,1.011312,1.021284,1.012489,1.008401,1.040495,0.977516,1.025274,1.047034,1.036957,1.028699,1.023312,1.006053,0.999658,0.991223,0.989495,0.986726,1.017905,1.027766,0.995551,0.994686,1.057322,1.036957,1.011875,0.970188,1.035026
0.766360,1.037280,1.009766,1.004070,1.007184,1.021347,1.026290,1.012951,1.010706,1.028156,1.039745,1.034203,1.021951,1.033318,1.021054,1.011175,1.021187,1.012396,1.008297,1.040605,0.977712,1.025090,1.046786,1.036726,1.028580,1.023187,1.005966,0.999581,0.991089,0.989343,0.986674,1.017576,1.027486,0.995680,0.994989,1.057056,1.036726,1.011769,0.969949,1.034976
0.774690,1.037219,1.009707,1.003959,1.006971,1.021080,1.026016,1.012668,1.010417,1.027908,1.039485,1.033939,1.021695,1.033071,1.020843,1.011043,1.021095,1.012311,1.008203,1.040721,0.977919,1.024906,1.046536,1.036494,1.028464,1.023078,1.005899,0.999521,0.990985,0.989223,0.986631,1.017260,1.027217,0.995817,0.995308,1.056783,1.036494,1.011676,0.969745,1.034931
0.783020,1.037167,1.009659,1.003858,1.006769,1.020826,1.025756,1.012400,1.010144,1.027677,1.039236,1.033687,1.021451,1.032836,1.020641,1.010915,1.021006,1.012235,1.008118,1.040842,0.978134,1.024722,1.046282,1.036259,1.028350,1.022984,1.005852,0.999475,0.990910,0.989134,0.986599,1.016958,1.026960,0.995962,0.995641,1.056504,1.036259,1.011594,0.969574,1.034893
0.791350,1.037124,1.009622,1.003768,1.006578,1.020587,1.025510,1.012146,1.009887,1.027466,1.038999,1.033448,1.021220,1.032612,1.020449,1.010792,1.020921,1.012168,1.008043,1.040969,0.978357,1.024539,1.046026,1.036022,1.028239,1.022905,1.005826,0.999445,0.990864,0.989077,0.986576,1.016671,1.026715,0.996115,0.995987,1.056220,1.036022,1.011525,0.969439,1.034861
0.799680,1.037090,1.009596,1.003688,1.006398,1.020361,1.025279,1.011909,1.009647,1.027273,1.038775,1.033223,1.021001,1.032401,1.020267,1.010675,1.020840,1.012109,1.007977,1.041101,0.978588,1.024357,1.045768,1.035785,1.028132,1.022841,1.005819,0.999429,0.990848,0.989051,0.986563,1.016399,1.026482,0.996273,0.996345,1.055931,1.035785,1.011467,0.969339,1.034836
0.808010,1.037065,1.009581,1.003620,1.006230,1.020151,1.025062,1.011689,1.009424,1.027101,1.038565,1.033011,1.020795,1.032202,1.020096,1.010564,1.020764,1.012059,1.007920,1.041237,0.978825,1.024176,1.045509,1.035548,1.028028,1.022793,1.005832,0.999429,0.990860,0.989058,0.986560,1.016143,1.026263,0.996439,0.996715,1.055639,1.035548,1.011421,0.969276,1.034818
0.816340,1.037050,1.009576,1.003562,1.006074,1.019956,1.024861,1.011485,1.009218,1.026950,1.038368,1.032813,1.020603,1.032016,1.019936,1.010459,1.020692,1.012018,1.007873,1.041378,0.979069,1.023998,1.045251,1.035312,1.027928,1.022760,1.005864,0.999443,0.990902,0.989096,0.986565,1.015903,1.026057,0.996610,0.997096,1.055345,1.035312,1.011388,0.969250,1.034807
0.824670,1.037045,1.009583,1.003515,1.005931,1.019777,1.024676,1.011299,1.009031,1.026819,1.038185,1.032630,1.020425,1.031843,1.019787,1.010360,1.020626,1.011986,1.007836,1.041524,0.979319,1.023823,1.044995,1.035078,1.027833,1.022742,1.005916,0.999471,0.990972,0.989167,0.986580,1.015680,1.025865,0.996788,0.997486,1.055049,1.035078,1.011365,0.969260,1.034803
0.833000,1.037049,1.009600,1.003479,1.005801,1.019614,1.024507,1.011131,1.008863,1.026710,1.038018,1.032463,1.020261,1.031685,1.019651,1.010268,1.020565,1.011963,1.007809,1.041674,0.979576,1.023652,1.044741,1.034848,1.027744,1.022739,1.005987,0.999514,0.991071,0.989269,0.986604,1.015474,1.025687,0.996972,0.997886,1.054754,1.034848,1.011355,0.969309,1.034806
0.841330,1.037063,1.009627,1.003454,1.005685,1.019468,1.024356,1.010981,1.008714,1.026622,1.037865,1.032311,1.020113,1.031541,1.019527,1.010184,1.020511,1.011950,1.007792,1.041830,0.979839,1.023487,1.044492,1.034623,1.027660,1.022751,1.006076,0.999572,0.991199,0.989403,0.986636,1.015286,1.025523,0.997163,0.998296,1.054461,1.034623,1.011356,0.969395,1.034816
0.849660,1.037087,1.009665,1.003441,1.005582,1.019340,1.024221,1.010850,1.008584,1.026557,1.037728,1.032175,1.019980,1.031412,1.019416,1.010107,1.020463,1.011945,1.007786,1.041988,0.980106,1.023328,1.044248,1.034403,1.027583,1.022779,1.006184,0.999643,0.991353,0.989567,0.986677,1.015116,1.025375,0.997357,0.998712,1.054172,1.034403,1.011368,0.969517,1.034833
0.857990,1.037121,1.009713,1.003438,1.005492,1.019228,1.024105,1.010738,1.008475,1.026513,1.037607,1.032056,1.019863,1.031297,1.019318,1.010039,1.020422,1.011951,1.007789,1.042152,0.980378,1.023175,1.044012,1.034191,1.027512,1.022821,1.006309,0.999728,0.991535,0.989760,0.986726,1.014964,1.025241,0.997558,0.999137,1.053887,1.034191,1.011391,0.969675,1.034857
0.866320,1.037165,1.009771,1.003447,1.005417,1.019135,1.024006,1.010646,1.008385,1.026492,1.037502,1.031953,1.019761,1.031198,1.019234,1.009979,1.020388,1.011966,1.007802,1.042320,0.980655,1.023031,1.043783,1.033986,1.027449,1.022877,1.006451,0.999826,0.991742,0.989982,0.986783,1.014830,1.025123,0.997763,0.999568,1.053610,1.033986,1.011424,0.969868,1.034888
0.874650,1.037217,1.009838,1.003466,1.005356,1.019059,1.023925,1.010573,1.008316,1.026494,1.037413,1.031867,1.019676,1.031115,1.019163,1.009929,1.020362,1.011991,1.007826,1.042491,0.980936,1.022896,1.043564,1.033792,1.027394,1.022948,1.006610,0.999938,0.991974,0.990232,0.986848,1.014714,1.025020,0.997973,1.000005,1.053340,1.033792,1.011468,0.970095,1.034927
0.882980,1.037279,1.009914,1.003497,1.005310,1.019001,1.023862,1.010520,1.008268,1.026517,1.037341,1.031798,1.019608,1.031047,1.019106,1.009888,1.020344,1.012027,1.007860,1.042668,0.981222,1.022771,1.043355,1.033608,1.027347,1.023032,1.006785,1.000062,0.992229,0.990507,0.986921,1.014618,1.024933,0.998189,1.000448,1.053080,1.033608,1.011521,0.970353,1.034972
0.891310,1.037350,1.009999,1.003538,1.005278,1.018961,1.023817,1.010487,1.008240,1.026562,1.037286,1.031746,1.019555,1.030995,1.019062,1.009856,1.020335,1.012072,1.007905,1.042849,0.981512,1.022656,1.043159,1.033435,1.027310,1.023129,1.006974,1.000198,0.992506,0.990806,0.987000,1.014540,1.024861,0.998410,1.000897,1.052831,1.033435,1.011583,0.970641,1.035023
0.899640,1.037429,1.010093,1.003590,1.005260,1.018940,1.023791,1.010473,1.008232,1.026630,1.037247,1.031711,1.019520,1.030960,1.019033,1.009835,1.020335,1.012126,1.007959,1.043034,0.981805,1.022553,1.042976,1.033276,1.027282,1.023239,1.007178,1.000347,0.992803,0.991129,0.987086,1.014481,1.024805,0.998635,1.001350,1.052595,1.033276,1.011654,0.970958,1.035082
0.907970,1.037516,1.010194,1.003653,1.005257,1.018936,1.023783,1.010479,1.008245,1.026719,1.037225,1.031693,1.019501,1.030940,1.019019,1.009824,1.020343,1.012191,1.008024,1.043223,0.982101,1.022461,1.042807,1.033130,1.027263,1.023361,1.007395,1.000506,0.993120,0.991472,0.987179,1.014440,1.024764,0.998864,1.001807,1.052373,1.033130,1.011734,0.971302,1.035146
0.916300,1.037611,1.010303,1.003725,1.005269,1.018950,1.023793,1.010505,1.008278,1.026829,1.037220,1.031693,1.019498,1.030936,1.019018,1.009823,1.020361,1.012265,1.008098,1.043415,0.982401,1.022383,1.042653,1.032999,1.027255,1.023494,1.007624,1.000675,0.993454,0.991835,0.987277,1.014418,1.024739,0.999096,1.002268,1.052165,1.032999,1.011821,0.971670,1.035217
0.924630,1.037713,1.010418,1.003807,1.005294,1.018982,1.023821,1.010550,1.008331,1.026959,1.037231,1.031709,1.019512,1.030948,1.019031,1.009833,1.020388,1.012349,1.008181,1.043611,0.982702,1.022317,1.042515,1.032883,1.027257,1.023638,1.007865,1.000855,0.993805,0.992216,0.987381,1.014414,1.024730,0.999332,1.002731,1.051974,1.032883,1.011915,0.972062,1.035293
0.932960,1.037820,1.010540,1.003898,1.005334,1.019032,1.023866,1.010613,1.008404,1.027111,1.037258,1.031743,1.019542,1.030975,1.019058,1.009853,1.020424,1.012441,1.008274,1.043809,0.983005,1.022265,1.042394,1.032783,1.027269,1.023792,1.008116,1.001044,0.994170,0.992613,0.987490,1.014428,1.024736,0.999570,1.003195,1.051800,1.032783,1.012015,0.972474,1.035375
0.941290,1.037934,1.010666,1.003998,1.005387,1.019098,1.023929,1.010696,1.008496,1.027281,1.037302,1.031792,1.019588,1.031018,1.019099,1.009883,1.020470,1.012543,1.008375,1.044011,0.983310,1.022228,1.042290,1.032699,1.027292,1.023954,1.008377,1.001241,0.994547,0.993024,0.987602,1.014460,1.024756,0.999810,1.003661,1.051644,1.032699,1.012120,0.972906,1.035462
0.949620,1.038052,1.010797,1.004105,1.005453,1.019181,1.024009,1.010796,1.008606,1.027471,1.037361,1.031858,1.019650,1.031076,1.019153,1.009923,1.020524,1.012652,1.008484,1.044214,0.983614,1.022203,1.042203,1.032632,1.027324,1.024125,1.008645,1.001446,0.994937,0.993448,0.987715,1.014510,1.024792,1.000050,1.004127,1.051507,1.032632,1.012230,0.973356,1.035553
0.957950,1.038174,1.010930,1.004220,1.005532,1.019280,1.024105,1.010914,1.008735,1.027678,1.037436,1.031939,1.019726,1.031149,1.019220,1.009973,1.020587,1.012769,1.008601,1.044418,0.983919,1.022193,1.042135,1.032582,1.027367,1.024302,1.008920,1.001657,0.995335,0.993883,0.987829,1.014577,1.024842,1.000291,1.004592,1.051389,1.032582,1.012344,0.973820,1.035649
0.966280,1.038299,1.011065,1.004341,1.005624,1.019395,1.024216,1.011048,1.008881,1.027903,1.037525,1.032035,1.019817,1.031235,1.019299,1.010033,1.020658,1.012893,1.008724,1.044623,0.984223,1.022197,1.042085,1.032548,1.027420,1.024485,1.009201,1.001874,0.995742,0.994327,0.987942,1.014660,1.024906,1.000531,1.005055,1.051291,1.032548,1.012459,0.974298,1.035749
0.974610,1.038426,1.011201,1.004467,1.005726,1.019524,1.024343,1.011199,1.009044,1.028145,1.037629,1.032146,1.019922,1.031335,1.019390,1.010101,1.020737,1.013023,1.008853,1.044828,0.984525,1.022215,1.042053,1.032532,1.027482,1.024672,1.009486,1.002095,0.996155,0.994778,0.988053,1.014759,1.024983,1.000769,1.005516,1.051212,1.032532,1.012577,0.974788,1.035853
0.982940,1.038554,1.011336,1.004598,1.005840,1.019668,1.024485,1.011365,1.009222,1.028401,1.037746,1.032270,1.020041,1.031448,1.019493,1.010178,1.020823,1.013159,1.008987,1.045031,0.984824,1.022246,1.042038,1.032532,1.027552,1.024863,1.009774,1.002320,0.996573,0.995235,0.988161,1.014874,1.025073,1.001005,1.005973,1.051154,1.032532,1.012695,0.975288,1.035959
0.991270,1.038682,1.011470,1.004733,1.005964,1.019825,1.024640,1.011546,1.009416,1.028673,1.037877,1.032408,1.020172,1.031574,1.019606,1.010264,1.020916,1.013299,1.009126,1.045233,0.985120,1.022289,1.042042,1.032549,1.027632,1.025056,1.010064,1.002547,0.996994,0.995695,0.988264,1.015004,1.025176,1.001236,1.006425,1.051115,1.032549,1.012813,0.975796,1.036068
0.999600,1.038809,1.011601,1.004871,1.006098,1.019995,1.024808,1.011741,1.009624,1.028958,1.038019,1.032558,1.020316,1.031711,1.019729,1.010356,1.021015,1.013444,1.009268,1.045432,0.985410,1.022345,1.042062,1.032581,1.027718,1.025250,1.010354,1.002776,0.997417,0.996158,0.988362,1.015149,1.025291,1.001463,1.006869,1.051095,1.032581,1.012929,0.976311,1.036179
1.007930,1.038935,1.011729,1.005011,1.006240,1.020176,1.024988,1.011948,1.009845,1.029255,1.038173,1.032720,1.020470,1.031858,1.019861,1.010455,1.021118,1.013591,1.009413,1.045626,0.985694,1.022413,1.042098,1.032628,1.027812,1.025443,1.010644,1.003005,0.997839,0.996621,0.988453,1.015307,1.025417,1.001683,1.007302,1.051094,1.032628,1.013044,0.976830,1.036292
1.016260,1.039058,1.011852,1.005152,1.006390,1.020368,1.025179,1.012168,1.010078,1.029564,1.038337,1.032892,1.020635,1.032016,1.020001,1.010559,1.021226,1.013740,1.009559,1.045815,0.985968,1.022490,1.042150,1.032689,1.027911,1.025636,1.010931,1.003233,0.998260,0.997083,0.988536,1.015477,1.025553,1.001895,1.007722,1.051112,1.032689,1.013155,0.977351,1.036406
1.024590,1.039177,1.011970,1.005293,1.006547,1.020570,1.025381,1.012398,1.010323,1.029883,1.038511,1.033074,1.020810,1.032183,1.020149,1.010668,1.021337,1.013890,1.009705,1.045995,0.986231,1.022577,1.042216,1.032763,1.028015,1.025826,1.011215,1.003459,0.998677,0.997542,0.988611,1.015660,1.025700,1.002099,1.008125,1.051146,1.032763,1.013262,0.977874,1.036521
1.032920,1.039292,1.012080,1.005433,1.006710,1.020781,1.025591,1.012638,1.010577,1.030211,1.038694,1.033265,1.020992,1.032357,1.020303,1.010781,1.021450,1.014039,1.009851,1.046167,0.986480,1.022672,1.042295,1.032848,1.028123,1.026013,1.011494,1.003681,0.999089,0.997996,0.988676,1.015855,1.025855,1.002291,1.008509,1.051196,1.032848,1.013363,0.978396,1.036635
1.041250,1.039402,1.012183,1.005571,1.006878,1.021000,1.025810,1.012886,1.010841,1.030546,1.038885,1.033464,1.021182,1.032539,1.020463,1.010895,1.021562,1.014187,1.009995,1.046327,0.986714,1.022774,1.042385,1.032943,1.028232,1.026195,1.011766,1.003898,0.999493,0.998443,0.988731,1.016059,1.026019,1.002471,1.008868,1.051260,1.032943,1.013458,0.978914,1.036750
1.049580,1.039505,1.012277,1.005705,1.007049,1.021225,1.026035,1.013142,1.011111,1.030888,1.039081,1.033669,1.021378,1.032726,1.020626,1.011011,1.021674,1.014332,1.010136,1.046474,0.986930,1.022880,1.042485,1.033046,1.028343,1.026371,1.012030,1.004109,0.999889,0.998881,0.988775,1.016274,1.026190,1.002638,1.009201,1.051338,1.033046,1.013546,0.979427,1.036864
1.057910,1.039601,1.012361,1.005835,1.007223,1.021455,1.026267,1.013403,1.011389,1.031235,1.039284,1.033879,1.021580,1.032918,1.020793,1.011127,1.021784,1.014472,1.010272,1.046607,0.987126,1.022991,1.042593,1.033156,1.028453,1.026539,1.012284,1.004312,1.000273,0.999307,0.988807,1.016496,1.026367,1.002789,1.009505,1.051426,1.033156,1.013626,0.979931,1.036976
1.066240,1.039688,1.012434,1.005959,1.007399,1.021689,1.026502,1.013670,1.011671,1.031586,1.039490,1.034094,1.021785,1.033113,1.020961,1.011241,1.021890,1.014606,1.010402,1.046724,0.987300,1.023103,1.042708,1.033272,1.028560,1.026699,1.012527,1.004505,1.000644,0.999720,0.988827,1.016726,1.026549,1.002924,1.009776,1.051525,1.033272,1.013696,0.980424,1.037087
1.074570,1.039767,1.012495,1.006076,1.007575,1.021927,1.026741,1.013939,1.011956,1.031940,1.039698,1.034311,1.021992,1.033310,1.021130,1.011353,1.021991,1.014733,1.010526,1.046824,0.987451,1.023215,1.042827,1.033391,1.028665,1.026849,1.012756,1.004688,1.000999,1.000116,0.988834,1.016963,1.026735,1.003041,1.010013,1.051631,1.033391,1.013756,0.980903,1.037195
1.082900,1.039837,1.012543,1.006186,1.007749,1.022165,1.026981,1.014211,1.012244,1.032295,1.039909,1.034530,1.022201,1.033508,1.021298,1.011461,1.022086,1.014852,1.010641,1.046905,0.987577,1.023327,1.042949,1.033511,1.028764,1.026988,1.012971,1.004858,1.001336,1.000494,0.988827,1.017205,1.026922,1.003139,1.010215,1.051744,1.033511,1.013804,0.981365,1.037301
1.091230,1.039896,1.012577,1.006287,1.007922,1.022403,1.027222,1.014484,1.012532,1.032651,1.040118,1.034748,1.022409,1.033706,1.021463,1.011563,1.022173,1.014961,1.010747,1.046967,0.987678,1.023435,1.043072,1.033631,1.028858,1.027115,1.013170,1.005015,1.001653,1.000850,0.988806,1.017451,1.027111,1.003218,1.010381,1.051861,1.033631,1.013840,0.981808,1.037403
1.099560,1.039944,1.012597,1.006378,1.008091,1.022640,1.027462,1.014755,1.012820,1.033005,1.040327,1.034965,1.022615,1.033901,1.021626,1.011659,1.022251,1.015060,1.010842,1.047009,0.987753,1.023540,1.043194,1.033750,1.028944,1.027229,1.013352,1.005156,1.001948,1.001183,0.988770,1.017700,1.027298,1.003278,1.010510,1.051980,1.033750,1.013864,0.982227,1.037503
1.107890,1.039980,1.012602,1.006458,1.008255,1.022875,1.027699,1.015024,1.013105,1.033356,1.040532,1.035179,1.022818,1.034092,1.021783,1.011747,1.022319,1.015146,1.010926,1.047030,0.987800,1.023638,1.043314,1.033865,1.029021,1.027328,1.013514,1.005282,1.002218,1.001490,0.988719,1.017950,1.027482,1.003316,1.010601,1.052100,1.033865,1.013873,0.982622,1.037598
1.116220,1.040004,1.012591,1.006526,1.008413,1.023104,1.027932,1.015289,1.013386,1.033704,1.040732,1.035389,1.023016,1.034278,1.021935,1.011826,1.022376,1.015220,1.010997,1.047029,0.987821,1.023729,1.043430,1.033975,1.029089,1.027413,1.013656,1.005390,1.002463,1.001770,0.988653,1.018199,1.027662,1.003333,1.010655,1.052218,1.033975,1.013867,0.982988,1.037689
1.124550,1.040016,1.012564,1.006582,1.008564,1.023328,1.028159,1.015549,1.013662,1.034046,1.040926,1.035592,1.023208,1.034458,1.022078,1.011896,1.022421,1.015279,1.011055,1.047006,0.987813,1.023812,1.043539,1.034077,1.029145,1.027481,1.013776,1.005480,1.002680,1.002019,0.988572,1.018446,1.027836,1.003328,1.010672,1.052333,1.034077,1.013847,0.983323,1.037775
1.132880,1.040014,1.012519,1.006624,1.008707,1.023545,1.028380,1.015802,1.013931,1.034383,1.041112,1.035788,1.023392,1.034630,1.022214,1.011954,1.022453,1.015323,1.011098,1.046961,0.987778,1.023884,1.043641,1.034172,1.029189,1.027533,1.013873,1.005550,1.002866,1.002237,0.988475,1.018689,1.028003,1.003303,1.010651,1.052444,1.034172,1.013810,0.983625,1.037856
1.141210,1.039999,1.012457,1.006651,1.008839,1.023753,1.028591,1.016046,1.014192,1.034712,1.041290,1.035975,1.023567,1.034792,1.022339,1.011999,1.022470,1.015351,1.011126,1.046893,0.987715,1.023944,1.043733,1.034256,1.029219,1.027567,1.013947,1.005600,1.003022,1.002420,0.988363,1.018926,1.028161,1.003254,1.010593,1.052547,1.034256,1.013758,0.983892,1.037932
1.149540,1.039971,1.012378,1.006664,1.008961,1.023950,1.028793,1.016281,1.014443,1.035032,1.041457,1.036152,1.023732,1.034944,1.022453,1.012032,1.022472,1.015362,1.011138,1.046803,0.987625,1.023992,1.043814,1.034328,1.029235,1.027584,1.013996,1.005629,1.003145,1.002569,0.988235,1.019155,1.028310,1.003184,1.010499,1.052641,1.034328,1.013689,0.984121,1.038002
1.157870,1.039928,1.012281,1.006661,1.009071,1.024137,1.028984,1.016504,1.014684,1.035344,1.041612,1.036317,1.023885,1.035084,1.022555,1.012051,1.022458,1.015356,1.011132,1.046689,0.987506,1.024026,1.043883,1.034388,1.029236,1.027582,1.014020,1.005635,1.003234,1.002681,0.988091,1.019374,1.028448,1.003091,1.010368,1.052726,1.034388,1.013603,0.984312,1.038067
1.166200,1.039873,1.012168,1.006645,1.009170,1.024314,1.029165,1.016718,1.014914,1.035646,1.041758,1.036472,1.024028,1.035214,1.022646,1.012058,1.022432,1.015336,1.011114,1.046559,0.987367,1.024049,1.043943,1.034438,1.029225,1.027564,1.014022,1.005624,1.003293,1.002762,0.987933,1.019585,1.028576,1.002985,1.010209,1.052803,1.034438,1.013505,0.984470,1.038126
1.174530,1.039801,1.012032,1.006607,1.009252,1.024472,1.029328,1.016914,1.015127,1.035935,1.041884,1.036609,1.024153,1.035326,1.022718,1.012042,1.022379,1.015289,1.011070,1.046391,0.987186,1.024047,1.043977,1.034463,1.029188,1.027523,1.013990,1.005581,1.003308,1.002794,0.987756,1.019780,1.028687,1.002838,1.010000,1.052856,1.034463,1.013382,0.984576,1.038178
1.182860,1.039717,1.011880,1.006555,1.009321,1.024619,1.029479,1.017098,1.015328,1.036213,1.041999,1.036734,1.024265,1.035425,1.022778,1.012015,1.022314,1.015227,1.011012,1.046209,0.986987,1.024032,1.044000,1.034476,1.029139,1.027465,1.013935,1.005520,1.003293,1.002794,0.987567,1.019964,1.028786,1.002680,1.009765,1.052900,1.034476,1.013246,0.984647,1.038224
1.191190,1.039619,1.011711,1.006487,1.009376,1.024751,1.029615,1.017268,1.015514,1.036478,1.042099,1.036844,1.024363,1.035509,1.022823,1.011970,1.022230,1.015145,1.010935,1.046004,0.986761,1.024000,1.044006,1.034471,1.029071,1.027388,1.013854,1.005436,1.003242,1.002756,0.987362,1.020133,1.028871,1.002501,1.009496,1.052928,1.034471,1.013093,0.984678,1.038264
1.199520,1.039507,1.011525,1.006401,1.009415,1.024867,1.029735,1.017422,1.015685,1.036730,1.042183,1.036938,1.024445,1.035578,1.022852,1.011909,1.022128,1.015045,1.010840,1.045777,0.986508,1.023950,1.043993,1.034448,1.028985,1.027292,1.013747,1.005328,1.003156,1.002680,0.987143,1.020287,1.028942,1.002300,1.009195,1.052939,1.034448,1.012924,0.984668,1.038297
1.207850,1.039382,1.011320,1.006298,1.009438,1.024967,1.029839,1.017559,1.015839,1.036969,1.042251,1.037016,1.024510,1.035629,1.022865,1.011829,1.022007,1.014924,1.010726,1.045526,0.986230,1.023880,1.043961,1.034405,1.028880,1.027178,1.013613,1.005196,1.003034,1.002566,0.986910,1.020425,1.028997,1.002076,1.008861,1.052931,1.034405,1.012739,0.984618,1.038324
1.216180,1.039244,1.011100,1.006178,1.009445,1.025050,1.029926,1.017680,1.015977,1.037194,1.042302,1.037077,1.024559,1.035665,1.022861,1.011733,1.021867,1.014784,1.010593,1.045256,0.985928,1.023791,1.043909,1.034343,1.028757,1.027046,1.013453,1.005042,1.002877,1.002415,0.986664,1.020547,1.029036,1.001835,1.008497,1.052906,1.034343,1.012539,0.984528,1.038345
1.224510,1.039094,1.010862,1.006042,1.009436,1.025116,1.029997,1.017784,1.016098,1.037404,1.042335,1.037121,1.024591,1.035683,1.022840,1.011619,1.021709,1.014625,1.010443,1.044964,0.985602,1.023683,1.043838,1.034261,1.028615,1.026896,1.013267,1.004866,1.002686,1.002226,0.986405,1.020651,1.029060,1.001573,1.008104,1.052861,1.034261,1.012323,0.984398,1.038359
1.232840,1.038931,1.010609,1.005889,1.009411,1.025165,1.030050,1.017870,1.016201,1.037600,1.042352,1.037148,1.024605,1.035684,1.022802,1.011487,1.021533,1.014447,1.010274,1.044654,0.985254,1.023555,1.043746,1.034160,1.028454,1.026729,1.013057,1.004667,1.002460,1.002001,0.986134,1.020739,1.029068,1.001295,1.007683,1.052796,1.034160,1.012093,0.984230,1.038367
1.241170,1.038756,1.010341,1.005720,1.009369,1.025196,1.030085,1.017939,1.016286,1.037781,1.042351,1.037157,1.024602,1.035668,1.022747,1.011338,1.021338,1.014249,1.010087,1.044322,0.984882,1.023408,1.043633,1.034037,1.028274,1.026545,1.012821,1.004445,1.002201,1.001740,0.985851,1.020808,1.029059,1.000995,1.007233,1.052712,1.034037,1.011849,0.984023,1.038369
1.249500,1.038571,1.010058,1.005535,1.009310,1.025210,1.030102,1.017990,1.016354,1.037947,1.042332,1.037148,1.024582,1.035634,1.022675,1.011171,1.021124,1.014033,1.009883,1.043972,0.984489,1.023240,1.043499,1.033893,1.028075,1.026345,1.012561,1.004202,1.001908,1.001443,0.985557,1.020859,1.029034,1.000678,1.006757,1.052607,1.033893,1.011591,0.983778,1.038364
1.257830,1.038374,1.009761,1.005334,1.009234,1.025206,1.030102,1.018023,1.016403,1.038098,1.042296,1.037122,1.024543,1.035582,1.022585,1.010986,1.020893,1.013798,1.009661,1.043603,0.984075,1.023053,1.043344,1.033729,1.027858,1.026129,1.012277,1.003938,1.001583,1.001112,0.985253,1.020892,1.028992,1.000344,1.006255,1.052482,1.033729,1.011320,0.983495,1.038354
1.266160,1.038168,1.009450,1.005118,1.009142,1.025184,1.030083,1.018038,1.016435,1.038234,1.042241,1.037078,1.024488,1.035513,1.022479,1.010784,1.020643,1.013546,1.009422,1.043216,0.983641,1.022846,1.043168,1.033543,1.027622,1.025897,1.011970,1.003653,1.001226,1.000747,0.984938,1.020906,1.028934,0.999993,1.005730,1.052337,1.033543,1.011037,0.983177,1.038338
1.274490,1.037952,1.009127,1.004887,1.009034,1.025144,1.030047,1.018035,1.016448,1.038356,1.042170,1.037016,1.024414,1.035426,1.022355,1.010565,1.020376,1.013275,1.009167,1.042813,0.983188,1.022619,1.042970,1.033337,1.027368,1.025651,1.011640,1.003348,1.000838,1.000348,0.984615,1.020902,1.028860,0.999627,1.005182,1.052170,1.033337,1.010741,0.982822,1.038316
1.282820,1.037728,1.008791,1.004641,1.008909,1.025087,1.029993,1.018014,1.016443,1.038462,1.042080,1.036937,1.024323,1.035323,1.022214,1.010329,1.020092,1.012987,1.008895,1.042393,0.982716,1.022373,1.042752,1.033110,1.027097,1.025391,1.011288,1.003024,1.000419,0.999916,0.984283,1.020879,1.028770,0.999245,1.004611,1.051983,1.033110,1.010435,0.982433,1.038289
1.291150,1.037495,1.008444,1.004382,1.008768,1.025012,1.029921,1.017975,1.016421,1.038553,1.041974,1.036840,1.024215,1.035201,1.022057,1.010076,1.019791,1.012683,1.008607,1.041957,0.982228,1.022107,1.042512,1.032862,1.026807,1.025117,1.010915,1.002680,0.999970,0.999453,0.983943,1.020838,1.028665,0.998848,1.004020,1.051775,1.032862,1.010118,0.982010,1.038257
1.299480,1.037255,1.008086,1.004108,1.008611,1.024920,1.029832,1.017919,1.016381,1.038630,1.041850,1.036726,1.024090,1.035063,1.021883,1.009806,1.019473,1.012361,1.008304,1.041506,0.981723,1.021822,1.042250,1.032593,1.026500,1.024830,1.010521,1.002317,0.999493,0.998959,0.983595,1.020779,1.028543,0.998438,1.003410,1.051546,1.032593,1.009791,0.981553,1.038220
1.307810,1.037008,1.007718,1.003822,1.008438,1.024811,1.029726,1.017845,1.016323,1.038692,1.041709,1.036595,1.023948,1.034909,1.021693,1.009521,1.019138,1.012023,1.007986,1.041040,0.981201,1.021517,1.041967,1.032303,1.026175,1.024530,1.010107,1.001936,0.998987,0.998434,0.983241,1.020701,1.028407,0.998014,1.002780,1.051295,1.032303,1.009455,0.981064,1.038178
1.316140,1.036755,1.007340,1.003522,1.008250,1.024685,1.029602,1.017754,1.016248,1.038740,1.041551,1.036447,1.023789,1.034737,1.021486,1.009219,1.018787,1.011670,1.007653,1.040560,0.980665,1.021194,1.041663,1.031993,1.025833,1.024219,1.009673,1.001537,0.998453,0.997880,0.982880,1.020605,1.028255,0.997577,1.002133,1.051023,1.031993,1.009110,0.980543,1.038132
1.324470,1.036495,1.006953,1.003210,1.008047,1.024543,1.029462,1.017646,1.016156,1.038774,1.041377,1.036283,1.023614,1.034549,1.021264,1.008901,1.018420,1.011300,1.007305,1.040067,0.980114,1.020851,1.041338,1.031661,1.025475,1.023896,1.009221,1.001121,0.997893,0.997298,0.982514,1.020492,1.028089,0.997128,1.001469,1.050730,1.031661,1.008756,0.979991,1.038082
1.332800,1.036231,1.006558,1.002886,1.007828,1.024384,1.029305,1.017521,1.016047,1.038795,1.041187,1.036102,1.023422,1.034346,1.021026,1.008567,1.018038,1.010916,1.006944,1.039560,0.979549,1.020489,1.040991,1.031309,1.025100,1.023562,1.008749,1.000689,0.997307,0.996688,0.982142,1.020361,1.027908,0.996666,1.000790,1.050414,1.031309,1.008395,0.979410,1.038027
1.341130,1.035963,1.006155,1.002550,1.007594,1.024209,1.029132,1.017380,1.015922,1.038802,1.040981,1.035906,1.023215,1.034126,1.020773,1.008218,1.017640,1.010516,1.006568,1.039041,0.978971,1.020109,1.040623,1.030936,1.024708,1.023218,1.008260,1.000240,0.996695,0.996051,0.981765,1.020212,1.027713,0.996193,1.000095,1.050077,1.030936,1.008027,0.978800,1.037969
1.349460,1.035690,1.005744,1.002203,1.007346,1.024018,1.028943,1.017223,1.015780,1.038795,1.040759,1.035693,1.022992,1.033891,1.020504,1.007853,1.017226,1.010102,1.006180,1.038509,0.978381,1.019710,1.040233,1.030542,1.024299,1.022864,1.007754,0.999775,0.996060,0.995388,0.981383,1.020047,1.027505,0.995708,0.999386,1.049718,1.030542,1.007652,0.978161,1.037908
1.357790,1.035415,1.005326,1.001844,1.007084,1.023811,1.028738,1.017050,1.015622,1.038776,1.040522,1.035466,1.022754,1.033641,1.020221,1.007473,1.016798,1.009673,1.005777,1.037965,0.977778,1.019292,1.039822,1.030128,1.023875,1.022500,1.007231,0.999295,0.995400,0.994700,0.980997,1.019864,1.027283,0.995213,0.998664,1.049337,1.030128,1.007270,0.977496,1.037843
1.366120,1.035136,1.004901,1.001474,1.006808,1.023590,1.028518,1.016861,1.015449,1.038745,1.040269,1.035223,1.022500,1.033375,1.019923,1.007078,1.016354,1.009230,1.005362,1.037409,0.977163,1.018855,1.039389,1.029692,1.023434,1.022127,1.006692,0.998800,0.994718,0.993987,0.980608,1.019666,1.027048,0.994706,0.997929,1.048933,1.029692,1.006882,0.976804,1.037776
1.374450,1.034855,1.004471,1.001093,1.006518,1.023353,1.028283,1.016658,1.015260,1.038701,1.040002,1.034965,1.022232,1.033095,1.019610,1.006668,1.015895,1.008773,1.004934,1.036842,0.976537,1.018400,1.038935,1.029236,1.022977,1.021744,1.006137,0.998290,0.994013,0.993251,0.980214,1.019451,1.026800,0.994190,0.997182,1.048506,1.029236,1.006489,0.976087,1.037705
1.382780,1.034573,1.004034,1.000702,1.006214,1.023102,1.028033,1.016439,1.015056,1.038646,1.039721,1.034693,1.021950,1.032801,1.019283,1.006243,1.015421,1.008302,1.004494,1.036263,0.975900,1.017926,1.038459,1.028759,1.022505,1.021353,1.005567,0.997765,0.993288,0.992492,0.979817,1.019220,1.026540,0.993663,0.996423,1.048056,1.028759,1.006090,0.975345,1.037633
1.391110,1.034289,1.003591,1.000300,1.005897,1.022837,1.027768,1.016206,1.014838,1.038579,1.039425,1.034406,1.021653,1.032493,1.018942,1.005804,1.014932,1.007818,1.004041,1.035672,0.975252,1.017433,1.037961,1.028262,1.022016,1.020954,1.004982,0.997227,0.992541,0.991712,0.979417,1.018974,1.026269,0.993125,0.995654,1.047583,1.028262,1.005686,0.974581,1.037558
1.399440,1.034004,1.003144,0.999888,1.005566,1.022557,1.027490,1.015958,1.014606,1.038502,1.039115,1.034106,1.021343,1.032170,1.018587,1.005350,1.014429,1.007320,1.003575,1.035070,0.974593,1.016922,1.037442,1.027743,1.021511,1.020547,1.004382,0.996674,0.991775,0.990911,0.979014,1.018713,1.025985,0.992578,0.994873,1.047087,1.027743,1.005277,0.973793,1.037481
1.407770,1.033718,1.002691,0.999466,1.005223,1.022264,1.027197,1.015697,1.014359,1.038413,1.038792,1.033792,1.021019,1.031834,1.018219,1.004881,1.013911,1.006808,1.003098,1.034457,0.973925,1.016393,1.036901,1.027204,1.020991,1.020131,1.003769,0.996109,0.990990,0.990089,0.978608,1.018437,1.025690,0.992020,0.994082,1.046567,1.027204,1.004864,0.972984,1.037403
1.416100,1.033433,1.002233,0.999034,1.004867,1.021958,1.026892,1.015422,1.014099,1.038314,1.038456,1.033465,1.020682,1.031485,1.017837,1.004398,1.013378,1.006283,1.002608,1.033832,0.973246,1.015845,1.036338,1.026644,1.020455,1.019708,1.003142,0.995530,0.990187,0.989248,0.978199,1.018147,1.025384,0.991453,0.993282,1.046025,1.026644,1.004446,0.972154,1.037323
1.424430,1.033148,1.001771,0.998593,1.004499,1.021639,1.026573,1.015134,1.013825,1.038205,1.038106,1.033125,1.020331,1.031123,1.017443,1.003900,1.012831,1.005746,1.002107,1.033196,0.972557,1.015279,1.035754,1.026064,1.019903,1.019278,1.002502,0.994938,0.989366,0.988389,0.977788,1.017843,1.025068,0.990875,0.992472,1.045459,1.026064,1.004023,0.971305,1.037242
1.432760,1.032863,1.001304,0.998142,1.004118,1.021307,1.026241,1.014834,1.013539,1.038087,1.037745,1.032773,1.019968,1.030748,1.017035,1.003389,1.012270,1.005195,1.001595,1.032550,0.971859,1.014696,1.035150,1.025464,1.019337,1.018840,1.001849,0.994334,0.988529,0.987513,0.977373,1.017526,1.024741,0.990288,0.991653,1.044871,1.025464,1.003597,0.970437,1.037159
1.441090,1.032579,1.000833,0.997681,1.003725,1.020962,1.025898,1.014521,1.013240,1.037959,1.037370,1.032408,1.019593,1.030361,1.016615,1.002864,1.011694,1.004632,1.001071,1.031892,0.971151,1.014095,1.034525,1.024844,1.018755,1.018395,1.001184,0.993718,0.987676,0.986620,0.976956,1.017196,1.024405,0.989691,0.990824,1.044260,1.024844,1.003166,0.969551,1.037076
1.449420,1.032296,1.000357,0.997211,1.003321,1.020606,1.025542,1.014195,1.012929,1.037822,1.036984,1.032031,1.019206,1.029962,1.016183,1.002325,1.011105,1.004057,1.000535,1.031223,0.970433,1.013476,1.033880,1.024205,1.018158,1.017942,1.000508,0.993090,0.986807,0.985711,0.976536,1.016853,1.024058,0.989085,0.989988,1.043628,1.024205,1.002731,0.968649,1.036992
1.457750,1.032015,0.999877,0.996732,1.002905,1.020238,1.025174,1.013858,1.012607,1.037677,1.036586,1.031642,1.018807,1.029551,1.015738,1.001772,1.010502,1.003470,0.999989,1.030543,0.969706,1.012841,1.033215,1.023547,1.017547,1.017483,0.999820,0.992451,0.985925,0.984788,0.976113,1.016499,1.023703,0.988468,0.989142,1.042975,1.023547,1.002292,0.967731,1.036908
1.466080,1.031734,0.999394,0.996244,1.002478,1.019859,1.024795,1.013510,1.012272,1.037523,1.036177,1.031243,1.018396,1.029128,1.015282,1.001207,1.009885,1.002870,0.999432,1.029853,0.968970,1.012189,1.032532,1.022871,1.016921,1.017017,0.999121,0.991800,0.985029,0.983851,0.975688,1.016132,1.023338,0.987843,0.988288,1.042301,1.022871,1.001849,0.966799,1.036823
1.474410,1.031456,0.998906,0.995747,1.002041,1.019469,1.024405,1.013151,1.011927,1.037361,1.035756,1.030832,1.017975,1.028695,1.014814,1.000628,1.009256,1.002259,0.998864,1.029151,0.968225,1.011521,1.031829,1.022177,1.016282,1.016544,0.998412,0.991139,0.984121,0.982901,0.975259,1.015754,1.022965,0.987207,0.987426,1.041607,1.022177,1.001403,0.965853,1.036738
1.482740,1.031179,0.998414,0.995241,1.001592,1.019068,1.024004,1.012780,1.011571,1.037192,1.035325,1.030410,1.017542,1.028250,1.014335,1.000037,1.008613,1.001636,0.998286,1.028438,0.967471,1.010837,1.031109,1.021465,1.015628,1.016065,0.997693,0.990467,0.983201,0.981939,0.974827,1.015366,1.022583,0.986562,0.986556,1.040893,1.021465,1.000952,0.964894,1.036653
1.491070,1.030905,0.997919,0.994726,1.001132,1.018656,1.023593,1.012400,1.011204,1.037015,1.034883,1.029978,1.017099,1.027795,1.013845,0.999433,1.007957,1.001002,0.997697,1.027715,0.966707,1.010138,1.030370,1.020736,1.014961,1.015579,0.996965,0.989785,0.982270,0.980966,0.974392,1.014967,1.022193,0.985907,0.985678,1.040160,1.020736,1.000497,0.963924,1.036568
1.499400,1.030632,0.997419,0.994203,1.000663,1.018235,1.023171,1.012009,1.010827,1.036831,1.034431,1.029536,1.016646,1.027329,1.013344,0.998816,1.007289,1.000357,0.997098,1.026981,0.965935,1.009424,1.029615,1.019992,1.014280,1.015086,0.996227,0.989093,0.981329,0.979983,0.973954,1.014558,1.021795,0.985243,0.984792,1.039410,1.019992,1.000038,0.962943,1.036484
1.507730,1.030361,0.996916,0.993671,1.000183,1.017803,1.022740,1.011609,1.010441,1.036641,1.033969,1.029084,1.016183,1.026853,1.012832,0.998188,1.006608,0.999702,0.996490,1.026235,0.965153,1.008696,1.028844,1.019231,1.013587,1.014586,0.995481,0.988392,0.980379,0.978991,0.973512,1.014139,1.021389,0.984569,0.983899,1.038642,1.019231,0.999575,0.961953,1.036399
1.516060,1.030093,0.996408,0.993130,0.999693,1.017362,1.022299,1.011199,1.010044,1.036443,1.033498,1.028622,1.015709,1.026367,1.012310,0.997547,1.005915,0.999035,0.995871,1.025479,0.964363,1.007954,1.028057,1.018455,1.012880,1.014080,0.994726,0.987681,0.979420,0.977990,0.973067,1.013711,1.020976,0.983885,0.982997,1.037857,1.018455,0.999107,0.960954,1.036315
1.524390,1.029826,0.995897,0.992581,0.999194,1.016912,1.021849,1.010779,1.009639,1.036239,1.033016,1.028151,1.015227,1.025872,1.011778,0.996895,1.005211,0.998359,0.995243,1.024713,0.963563,1.007199,1.027256,1.017665,1.012162,1.013568,0.993963,0.986962,0.978454,0.976982,0.972617,1.013274,1.020555,0.983193,0.982087,1.037057,1.017665,0.998635,0.959948,1.036231
1.532720,1.029562,0.995381,0.992024,0.998685,1.016453,1.021390,1.010351,1.009224,1.036029,1.032526,1.027671,1.014735,1.025367,1.011236,0.996232,1.004495,0.997672,0.994605,1.023936,0.962755,1.006431,1.026440,1.016862,1.011432,1.013049,0.993193,0.986234,0.977481,0.975968,0.972164,1.012829,1.020127,0.982491,0.981170,1.036242,1.016862,0.998159,0.958936,1.036148
1.541050,1.029299,0.994862,0.991458,0.998167,1.015985,1.020922,1.009914,1.008800,1.035813,1.032026,1.027181,1.014233,1.024852,1.010684,0.995558,1.003768,0.996976,0.993959,1.023148,0.961937,1.005650,1.025611,1.016045,1.010690,1.012524,0.992416,0.985498,0.976503,0.974949,0.971706,1.012375,1.019692,0.981779,0.980245,1.035414,1.016045,0.997679,0.957919,1.036065
1.549380,1.029039,0.994338,0.990884,0.997639,1.015508,1.020446,1.009468,1.008368,1.035592,1.031518,1.026684,1.013723,1.024329,1.010123,0.994874,1.003031,0.996270,0.993303,1.022349,0.961111,1.004858,1.024770,1.015216,1.009937,1.011992,0.991633,0.984754,0.975519,0.973924,0.971244,1.011913,1.019251,0.981058,0.979312,1.034572,1.015216,0.997194,0.956897,1.035984
1.557710,1.028780,0.993810,0.990303,0.997103,1.015023,1.019961,1.009014,1.007928,1.035364,1.031001,1.026177,1.013205,1.023797,1.009553,0.994179,1.002283,0.995556,0.992639,1.021541,0.960276,1.004055,1.023917,1.014376,1.009174,1.011454,0.990843,0.984003,0.974531,0.972897,0.970778,1.011444,1.018802,0.980329,0.978371,1.033718,1.014376,0.996704,0.955872,1.035902
1.566040,1.028524,0.993277,0.989713,0.996558,1.014530,1.019468,1.008552,1.007479,1.035131,1.030476,1.025663,1.012678,1.023257,1.008974,0.993474,1.001524,0.994832,0.991966,1.020722,0.959432,1.003242,1.023053,1.013525,1.008400,1.010909,0.990048,0.983245,0.973540,0.971866,0.970306,1.010967,1.018348,0.979590,0.977423,1.032854,1.013525,0.996210,0.954844,1.035822
1.574370,1.028269,0.992741,0.989115,0.996004,1.014028,1.018967,1.008082,1.007022,1.034893,1.029942,1.025140,1.012142,1.022708,1.008386,0.992759,1.000757,0.994100,0.991285,1.019893,0.958579,1.002420,1.022180,1.012664,1.007617,1.010359,0.989248,0.982481,0.972546,0.970834,0.969830,1.010484,1.017886,0.978843,0.976466,1.031979,1.012664,0.995712,0.953816,1.035742
1.582700,1.028015,0.992200,0.988509,0.995442,1.013519,1.018458,1.007604,1.006558,1.034649,1.029401,1.024609,1.011599,1.022151,1.007790,0.992036,0.999980,0.993360,0.990596,1.019054,0.957718,1.001588,1.021297,1.011794,1.006825,1.009802,0.988442,0.981710,0.971550,0.969801,0.969348,1.009994,1.017419,0.978087,0.975502,1.031096,1.011794,0.995209,0.952787,1.035663
1.591030,1.027763,0.991654,0.987896,0.994872,1.013003,1.017942,1.007118,1.006086,1.034401,1.028851,1.024071,1.011048,1.021587,1.007186,0.991303,0.999194,0.992612,0.989900,1.018205,0.956847,1.000748,1.020407,1.010916,1.006023,1.009239,0.987633,0.980933,0.970553,0.968768,0.968861,1.009497,1.016945,0.977322,0.974530,1.030205,1.010916,0.994701,0.951759,1.035584
1.599360,1.027512,0.991104,0.987276,0.994294,1.012479,1.017418,1.006626,1.005607,1.034147,1.028294,1.023525,1.010489,1.021014,1.006573,0.990562,0.998400,0.991857,0.989196,1.017347,0.955969,0.999901,1.019509,1.010031,1.005214,1.008669,0.986819,0.980151,0.969556,0.967736,0.968369,1.008993,1.016465,0.976549,0.973549,1.029307,1.010031,0.994188,0.950732,1.035507
1.607690,1.027263,0.990549,0.986648,0.993708,1.011947,1.016888,1.006126,1.005120,1.033888,1.027730,1.022972,1.009923,1.020434,1.005953,0.989813,0.997599,0.991095,0.988484,1.016480,0.955081,0.999047,1.018605,1.009139,1.004397,1.008094,0.986002,0.979363,0.968560,0.966705,0.967871,1.008484,1.015980,0.975767,0.972562,1.028403,1.009139,0.993671,0.949708,1.035430
1.616020,1.027015,0.989990,0.986012,0.993115,1.011409,1.016350,1.005619,1.004627,1.033625,1.027159,1.022412,1.009349,1.019847,1.005326,0.989056,0.996789,0.990326,0.987766,1.015603,0.954186,0.998186,1.017696,1.008242,1.003573,1.007513,0.985182,0.978571,0.967565,0.965678,0.967367,1.007969,1.015489,0.974978,0.971567,1.027495,1.008242,0.993149,0.948688,1.035354
1.624350,1.026767,0.989426,0.985370,0.992514,1.010864,1.015805,1.005106,1.004126,1.033357,1.026580,1.021845,1.008769,1.019252,1.004691,0.988292,0.995974,0.989551,0.987042,1.014718,0.953283,0.997321,1.016783,1.007341,1.002742,1.006926,0.984360,0.977775,0.966573,0.964653,0.966857,1.007448,1.014991,0.974181,0.970565,1.026583,1.007341,0.992622,0.947672,1.035278
1.632680,1.026521,0.988857,0.984721,0.991906,1.010312,1.015254,1.004585,1.003619,1.033085,1.025995,1.021271,1.008181,1.018651,1.004049,0.987522,0.995151,0.988770,0.986311,1.013825,0.952373,0.996452,1.015867,1.006436,1.001905,1.006333,0.983536,0.976975,0.965583,0.963633,0.966342,1.006921,1.014489,0.973376,0.969558,1.025669,1.006436,0.992090,0.946662,1.035204
1.641010,1.026275,0.988284,0.984065,0.991292,1.009754,1.014697,1.004059,1.003106,1.032808,1.025403,1.020691,1.007588,1.018044,1.003401,0.986746,0.994324,0.987984,0.985575,1.012925,0.951457,0.995578,1.014949,1.005529,1.001064,1.005735,0.982710,0.976173,0.964597,0.962618,0.965820,1.006389,1.013981,0.972565,0.968546,1.024754,1.005529,0.991554,0.945658,1.035130
1.649340,1.026029,0.987707,0.983403,0.990670,1.009189,1.014133,1.003526,1.002586,1.032526,1.024805,1.020105,1.006988,1.017430,1.002746,0.985964,0.993491,0.987194,0.984834,1.012017,0.950534,0.994703,1.014030,1.004620,1.000218,1.005132,0.981884,0.975367,0.963616,0.961609,0.965292,1.005852,1.013468,0.971747,0.967529,1.023839,1.004620,0.991013,0.944661,1.035056
1.657670,1.025785,0.987125,0.982735,0.990043,1.008619,1.013564,1.002987,1.002060,1.032241,1.024201,1.019513,1.006382,1.016810,1.002086,0.985177,0.992654,0.986399,0.984088,1.011104,0.949606,0.993826,1.013111,1.003710,0.999368,1.004523,0.981057,0.974559,0.962640,0.960607,0.964757,1.005310,1.012949,0.970924,0.966510,1.022925,1.003710,0.990467,0.943672,1.034984
1.666000,1.025540,0.986538,0.982062,0.989409,1.008043,1.012989,1.002443,1.001528,1.031951,1.023592,1.018915,1.005770,1.016185,1.001420,0.984385,0.991814,0.985601,0.983337,1.010184,0.948673,0.992947,1.012193,1.002801,0.998515,1.003909,0.980230,0.973750,0.961670,0.959613,0.964217,1.004764,1.012426,0.970094,0.965488,1.022014,1.002801,0.989917,0.942692,1.034912
1.674330,1.025296,0.985948,0.981383,0.988770,1.007462,1.012408,1.001893,1.000991,1.031658,1.022977,1.018311,1.005153,1.015554,1.000750,0.983590,0.990971,0.984800,0.982583,1.009260,0.947737,0.992069,1.011277,1.001894,0.997660,1.003291,0.979404,0.972940,0.960707,0.958627,0.963670,1.004213,1.011898,0.969260,0.964464,1.021106,1.001894,0.989362,0.941722,1.034841
1.682660,1.025052,0.985353,0.980699,0.988126,1.006875,1.011822,1.001337,1.000448,1.031360,1.022357,1.017703,1.004531,1.014918,1.000074,0.982792,0.990125,0.983997,0.981825,1.008331,0.946797,0.991192,1.010364,1.000989,0.996804,1.002668,0.978579,0.972129,0.959751,0.957650,0.963117,1.003657,1.011365,0.968421,0.963440,1.020202,1.000989,0.988803,0.940763,1.034770
1.690990,1.024807,0.984755,0.980010,0.987477,1.006283,1.011231,1.000777,0.999901,1.031059,1.021732,1.017089,1.003904,1.014278,0.999394,0.981991,0.989278,0.983192,0.981064,1.007399,0.945854,0.990316,1.009456,1.000087,0.995946,1.002041,0.977756,0.971319,0.958804,0.956684,0.962557,1.003097,1.010828,0.967578,0.962416,1.019304,1.000087,0.988239,0.939814,1.034700
1.699320,1.024563,0.984153,0.979317,0.986823,1.005687,1.010636,1.000212,0.999348,1.030755,1.021102,1.016471,1.003272,1.013633,0.998710,0.981188,0.988430,0.982386,0.980301,1.006463,0.944909,0.989443,1.008552,0.999190,0.995088,1.001410,0.976936,0.970509,0.957866,0.955727,0.961992,1.002533,1.010287,0.966732,0.961392,1.018413,0.999190,0.987672,0.938878,1.034631
1.707650,1.024319,0.983547,0.978620,0.986164,1.005086,1.010036,0.999642,0.998791,1.030447,1.020469,1.015849,1.002636,1.012984,0.998022,0.980384,0.987581,0.981578,0.979537,1.005525,0.943963,0.988573,1.007655,0.998298,0.994231,1.000775,0.976118,0.969700,0.956937,0.954782,0.961421,1.001966,1.009742,0.965882,0.960370,1.017529,0.998298,0.987101,0.937955,1.034562
1.715980,1.024075,0.982937,0.977919,0.985502,1.004481,1.009432,0.999069,0.998230,1.030136,1.019831,1.015223,1.001997,1.012331,0.997332,0.979579,0.986733,0.980771,0.978770,1.004584,0.943015,0.987707,1.006764,0.997411,0.993375,1.000137,0.975303,0.968892,0.956018,0.953849,0.960844,1.001395,1.009193,0.965029,0.959350,1.016653,0.997411,0.986526,0.937044,1.034494
1.724310,1.023830,0.982325,0.977215,0.984836,1.003873,1.008824,0.998491,0.997664,1.029822,1.019190,1.014594,1.001354,1.011676,0.996639,0.978773,0.985885,0.979964,0.978003,1.003643,0.942067,0.986846,1.005881,0.996531,0.992521,0.999496,0.974492,0.968087,0.955110,0.952929,0.960261,1.000821,1.008641,0.964174,0.958332,1.015786,0.996531,0.985947,0.936148,1.034427
1.732640,1.023586,0.981710,0.976509,0.984168,1.003261,1.008214,0.997910,0.997096,1.029506,1.018547,1.013962,1.000709,1.011018,0.995943,0.977968,0.985040,0.979158,0.977235,1.002700,0.941118,0.985991,1.005006,0.995659,0.991669,0.998851,0.973686,0.967284,0.954214,0.952021,0.959673,1.000244,1.008087,0.963317,0.957317,1.014929,0.995659,0.985365,0.935266,1.034360
1.740970,1.023341,0.981092,0.975800,0.983497,1.002647,1.007601,0.997327,0.996524,1.029187,1.017902,1.013327,1.000061,1.010358,0.995247,0.977164,0.984196,0.978354,0.976468,1.001757,0.940170,0.985141,1.004139,0.994794,0.990820,0.998205,0.972884,0.966485,0.953329,0.951128,0.959080,0.999666,1.007531,0.962459,0.956304,1.014083,0.994794,0.984780,0.934399,1.034294
1.749300,1.023096,0.980472,0.975090,0.982825,1.002032,1.006986,0.996742,0.995951,1.028867,1.017256,1.012692,0.999413,1.009697,0.994550,0.976362,0.983355,0.977551,0.975701,1.000814,0.939222,0.984298,1.003283,0.993939,0.989975,0.997556,0.972087,0.965689,0.952456,0.950248,0.958481,0.999087,1.006975,0.961599,0.955295,1.013248,0.993939,0.984191,0.933548,1.034229
1.757630,1.022851,0.979849,0.974379,0.982152,1.001416,1.006371,0.996155,0.995376,1.028545,1.016609,1.012056,0.998764,1.009036,0.993853,0.975563,0.982518,0.976752,0.974936,0.999872,0.938276,0.983462,1.002437,0.993093,0.989134,0.996905,0.971297,0.964897,0.951596,0.949382,0.957877,0.998509,1.006419,0.960739,0.954289,1.012424,0.993093,0.983601,0.932713,1.034165
1.765960,1.022606,0.979225,0.973667,0.981478,1.000799,1.005756,0.995569,0.994801,1.028222,1.015964,1.011421,0.998116,1.008376,0.993157,0.974766,0.981685,0.975956,0.974172,0.998931,0.937330,0.982634,1.001601,0.992256,0.988298,0.996253,0.970512,0.964110,0.950750,0.948532,0.957269,0.997933,1.005865,0.959879,0.953286,1.011613,0.992256,0.983007,0.931893,1.034102
1.774290,1.022362,0.978600,0.972955,0.980806,1.000184,1.005142,0.994983,0.994227,1.027899,1.015320,1.010787,0.997470,1.007719,0.992464,0.973974,0.980857,0.975163,0.973411,0.997992,0.936387,0.981815,1.000777,0.991430,0.987468,0.995601,0.969734,0.963329,0.949917,0.947697,0.956655,0.997361,1.005314,0.959019,0.952287,1.010814,0.991430,0.982412,0.931091,1.034039
1.782620,1.022117,0.977973,0.972244,0.980135,0.999571,1.004530,0.994398,0.993654,1.027576,1.014679,1.010156,0.996826,1.007063,0.991773,0.973186,0.980034,0.974375,0.972653,0.997055,0.935445,0.981005,0.999965,0.990615,0.986644,0.994947,0.968963,0.962553,0.949098,0.946877,0.956037,0.996793,1.004766,0.958159,0.951292,1.010029,0.990615,0.981815,0.930305,1.033978
1.790950,1.021873,0.977346,0.971534,0.979467,0.998960,1.003921,0.993816,0.993082,1.027253,1.014042,1.009529,0.996186,1.006412,0.991085,0.972403,0.979216,0.973592,0.971899,0.996121,0.934506,0.980204,0.999164,0.989812,0.985827,0.994293,0.968199,0.961783,0.948293,0.946074,0.955415,0.996231,1.004223,0.957301,0.950300,1.009257,0.989812,0.981216,0.929537,1.033918
1.799280,1.021629,0.976719,0.970826,0.978801,0.998352,1.003316,0.993237,0.992514,1.026932,1.013409,1.008905,0.995550,1.005765,0.990402,0.971626,0.978406,0.972815,0.971148,0.995190,0.933569,0.979414,0.998377,0.989020,0.985017,0.993639,0.967443,0.961020,0.947502,0.945287,0.954789,0.995675,1.003686,0.956443,0.949313,1.008498,0.989020,0.980616,0.928786,1.033860
1.807610,1.021385,0.976091,0.970120,0.978139,0.997749,1.002715,0.992662,0.991949,1.026612,1.012782,1.008287,0.994920,1.005123,0.989724,0.970855,0.977602,0.972043,0.970403,0.994262,0.932636,0.978633,0.997602,0.988240,0.984214,0.992986,0.966695,0.960263,0.946726,0.944515,0.954158,0.995128,1.003155,0.955588,0.948329,1.007754,0.988240,0.980014,0.928052,1.033802
1.815940,1.021142,0.975463,0.969417,0.977482,0.997151,1.002119,0.992091,0.991388,1.026294,1.012160,1.007674,0.994295,1.004486,0.989052,0.970091,0.976805,0.971278,0.969662,0.993338,0.931705,0.977863,0.996839,0.987472,0.983420,0.992334,0.965956,0.959514,0.945966,0.943761,0.953524,0.994588,1.002631,0.954735,0.947349,1.007022,0.987472,0.979413,0.927336,1.033746
1.824270,1.020900,0.974836,0.968717,0.976830,0.996558,1.001529,0.991526,0.990832,1.025979,1.011545,1.007068,0.993676,1.003857,0.988386,0.969335,0.976016,0.970520,0.968927,0.992419,0.930778,0.977103,0.996090,0.986717,0.982634,0.991682,0.965225,0.958773,0.945220,0.943023,0.952887,0.994058,1.002116,0.953884,0.946373,1.006305,0.986717,0.978810,0.926638,1.033692
1.832600,1.020658,0.974210,0.968021,0.976183,0.995971,1.000946,0.990966,0.990282,1.025666,1.010938,1.006468,0.993064,1.003235,0.987726,0.968586,0.975235,0.969769,0.968197,0.991504,0.929854,0.976354,0.995354,0.985973,0.981856,0.991033,0.964503,0.958039,0.944489,0.942301,0.952246,0.993539,1.001609,0.953036,0.945401,1.005602,0.985973,0.978208,0.925957,1.033639
1.840930,1.020417,0.973585,0.967329,0.975542,0.995392,1.000369,0.990413,0.989737,1.025357,1.010338,1.005876,0.992461,1.002620,0.987074,0.967845,0.974463,0.969025,0.967474,0.990595,0.928934,0.975617,0.994631,0.985243,0.981088,0.990385,0.963790,0.957314,0.943774,0.941597,0.951602,0.993030,1.001111,0.952191,0.944432,1.004912,0.985243,0.977605,0.925295,1.033588
1.849260,1.020177,0.972962,0.966642,0.974908,0.994819,0.999801,0.989866,0.989199,1.025051,1.009747,1.005293,0.991865,1.002014,0.986430,0.967113,0.973699,0.968288,0.966758,0.989691,0.928018,0.974890,0.993920,0.984524,0.980328,0.989739,0.963086,0.956597,0.943073,0.940908,0.950956,0.992532,1.000622,0.951350,0.943468,1.004235,0.984524,0.977003,0.924649,1.033538
1.857590,1.019939,0.972340,0.965960,0.974281,0.994254,0.999240,0.989327,0.988668,1.024749,1.009165,1.004718,0.991278,1.001416,0.985795,0.966390,0.972943,0.967560,0.966048,0.988792,0.927107,0.974174,0.993222,0.983818,0.979578,0.989095,0.962392,0.955889,0.942388,0.940237,0.950306,0.992046,1.000144,0.950513,0.942508,1.003571,0.983818,0.976402,0.924022,1.033491
1.865920,1.019701,0.971720,0.965283,0.973661,0.993698,0.998688,0.988796,0.988145,1.024452,1.008593,1.004152,0.990700,1.000828,0.985168,0.965676,0.972197,0.966840,0.965345,0.987900,0.926200,0.973470,0.992537,0.983124,0.978838,0.988455,0.961707,0.955190,0.941718,0.939582,0.949655,0.991572,0.999677,0.949679,0.941552,1.002920,0.983124,0.975802,0.923411,1.033445
1.874250,1.019465,0.971103,0.964612,0.973050,0.993150,0.998145,0.988273,0.987630,1.024159,1.008030,1.003596,0.990132,1.000249,0.984550,0.964971,0.971460,0.966129,0.964650,0.987014,0.925298,0.972776,0.991865,0.982442,0.978107,0.987817,0.961033,0.954499,0.941064,0.938943,0.949001,0.991111,0.999220,0.948851,0.940600,1.002282,0.982442,0.975202,0.922818,1.033401
1.882580,1.019230,0.970488,0.963947,0.972447,0.992612,0.997612,0.987759,0.987123,1.023872,1.007478,1.003050,0.989575,0.999681,0.983942,0.964276,0.970733,0.965426,0.963963,0.986134,0.924401,0.972094,0.991204,0.981772,0.977386,0.987183,0.960368,0.953818,0.940424,0.938320,0.948346,0.990663,0.998775,0.948027,0.939652,1.001656,0.981772,0.974605,0.922242,1.033359
1.890910,1.018996,0.969876,0.963289,0.971852,0.992083,0.997088,0.987254,0.986626,1.023590,1.006936,1.002514,0.989027,0.999123,0.983344,0.963591,0.970016,0.964732,0.963284,0.985262,0.923509,0.971422,0.990556,0.981114,0.976675,0.986552,0.959713,0.953147,0.939799,0.937714,0.947689,0.990229,0.998342,0.947208,0.938710,1.001042,0.981114,0.974010,0.921682,1.033319
1.899240,1.018765,0.969267,0.962638,0.971268,0.991564,0.996575,0.986759,0.986138,1.023314,1.006406,1.001990,0.988491,0.998576,0.982756,0.962917,0.969308,0.964048,0.962614,0.984398,0.922624,0.970763,0.989921,0.980469,0.975974,0.985926,0.959068,0.952485,0.939189,0.937123,0.947030,0.989809,0.997921,0.946395,0.937772,1.000441,0.980469,0.973416,0.921139,1.033282
1.907570,1.018535,0.968662,0.961995,0.970693,0.991056,0.996073,0.986275,0.985660,1.023044,1.005888,1.001477,0.987966,0.998041,0.982179,0.962253,0.968611,0.963374,0.961952,0.983541,0.921745,0.970115,0.989298,0.979835,0.975285,0.985304,0.958434,0.951833,0.938594,0.936549,0.946372,0.989403,0.997512,0.945589,0.936840,0.999853,0.979835,0.972826,0.920613,1.033247
1.915900,1.018307,0.968062,0.961359,0.970128,0.990559,0.995583,0.985801,0.985192,1.022782,1.005381,1.000975,0.987453,0.997517,0.981613,0.961600,0.967925,0.962709,0.961300,0.982694,0.920872,0.969478,0.988687,0.979214,0.974606,0.984687,0.957811,0.951192,0.938014,0.935990,0.945712,0.989011,0.997116,0.944789,0.935914,0.999277,0.979214,0.972239,0.920103,1.033214
1.924230,1.018082,0.967465,0.960732,0.969574,0.990074,0.995104,0.985338,0.984736,1.022526,1.004887,1.000486,0.986952,0.997006,0.981059,0.960959,0.967250,0.962056,0.960657,0.981855,0.920008,0.968854,0.988090,0.978606,0.973938,0.984076,0.957199,0.950561,0.937449,0.935447,0.945053,0.988635,0.996732,0.943997,0.934994,0.998714,0.978606,0.971655,0.919610,1.033183
1.932560,1.017858,0.966874,0.960114,0.969032,0.989600,0.994638,0.984887,0.984290,1.022278,1.004406,1.000010,0.986464,0.996507,0.980518,0.960330,0.966587,0.961413,0.960025,0.981027,0.919151,0.968242,0.987505,0.978010,0.973283,0.983470,0.956598,0.949942,0.936899,0.934920,0.944393,0.988273,0.996363,0.943212,0.934081,0.998165,0.978010,0.971076,0.919134,1.033155
1.940890,1.017638,0.966288,0.959505,0.968501,0.989139,0.994184,0.984448,0.983857,1.022037,1.003939,0.999547,0.985989,0.996022,0.979988,0.959713,0.965936,0.960781,0.959403,0.980209,0.918303,0.967642,0.986934,0.977427,0.972639,0.982872,0.956009,0.949334,0.936364,0.934410,0.943735,0.987927,0.996006,0.942436,0.933177,0.997629,0.977427,0.970501,0.918675,1.033130
1.949220,1.017420,0.965709,0.958906,0.967982,0.988691,0.993743,0.984022,0.983435,1.021805,1.003485,0.999097,0.985527,0.995550,0.979472,0.959109,0.965298,0.960162,0.958793,0.979402,0.917464,0.967055,0.986376,0.976858,0.972008,0.982280,0.955433,0.948738,0.935846,0.933917,0.943077,0.987597,0.995664,0.941669,0.932280,0.997106,0.976858,0.969931,0.918234,1.033107
1.957550,1.017206,0.965135,0.958318,0.967475,0.988256,0.993316,0.983608,0.983027,1.021582,1.003045,0.998661,0.985079,0.995092,0.978969,0.958518,0.964672,0.959554,0.958194,0.978607,0.916636,0.966481,0.985831,0.976301,0.971390,0.981696,0.954869,0.948155,0.935344,0.933442,0.942421,0.987283,0.995335,0.940912,0.931393,0.996597,0.976301,0.969367,0.917812,1.033087
1.965880,1.016994,0.964569,0.957741,0.966982,0.987834,0.992903,0.983207,0.982631,1.021367,1.002619,0.998239,0.984646,0.994648,0.978480,0.957941,0.964059,0.958960,0.957607,0.977825,0.915818,0.965921,0.985299,0.975758,0.970784,0.981120,0.954318,0.947585,0.934859,0.932985,0.941768,0.986985,0.995021,0.940166,0.930516,0.996101,0.975758,0.968810,0.917410,1.033070
1.974210,1.016786,0.964009,0.957175,0.966501,0.987426,0.992503,0.982821,0.982249,1.021162,1.002208,0.997831,0.984227,0.994218,0.978005,0.957377,0.963460,0.958378,0.957033,0.977055,0.915012,0.965373,0.984780,0.975227,0.970192,0.980553,0.953781,0.947027,0.934392,0.932546,0.941116,0.986703,0.994721,0.939430,0.929650,0.995618,0.975227,0.968259,0.917028,1.033056
1.982540,1.016582,0.963458,0.956622,0.966035,0.987033,0.992119,0.982448,0.981880,1.020966,1.001812,0.997439,0.983823,0.993804,0.977544,0.956827,0.962874,0.957810,0.956471,0.976299,0.914218,0.964838,0.984275,0.974710,0.969614,0.979995,0.953258,0.946484,0.933942,0.932126,0.940468,0.986438,0.994436,0.938706,0.928795,0.995148,0.974710,0.967716,0.916667,1.033045
1.990870,1.016382,0.962915,0.956080,0.965583,0.986654,0.991749,0.982090,0.981526,1.020780,1.001432,0.997061,0.983434,0.993404,0.977098,0.956291,0.962303,0.957255,0.955923,0.975557,0.913436,0.964317,0.983783,0.974207,0.969049,0.979447,0.952750,0.945954,0.933511,0.931727,0.939823,0.986190,0.994165,0.937994,0.927953,0.994691,0.974207,0.967182,0.916328,1.033037
1.999200,1.016185,0.962381,0.955552,0.965145,0.986291,0.991395,0.981746,0.981187,1.020604,1.001067,0.996699,0.983060,0.993020,0.976667,0.955771,0.961746,0.956715,0.955388,0.974830,0.912669,0.963810,0.983303,0.973716,0.968499,0.978910,0.952256,0.945440,0.933098,0.931347,0.939182,0.985959,0.993909,0.937296,0.927125,0.994247,0.973716,0.966656,0.916011,1.033032
2.007530,1.015993,0.961856,0.955037,0.964721,0.985942,0.991056,0.981417,0.980862,1.020439,1.000717,0.996353,0.982702,0.992652,0.976251,0.955265,0.961204,0.956189,0.954867,0.974119,0.911915,0.963316,0.982837,0.973238,0.967962,0.978383,0.951778,0.944940,0.932704,0.930988,0.938545,0.985745,0.993669,0.936610,0.926310,0.993814,0.973238,0.966139,0.915718,1.033031
2.015860,1.015805,0.961341,0.954536,0.964313,0.985609,0.990732,0.981104,0.980552,1.020284,1.000384,0.996022,0.982360,0.992299,0.975850,0.954774,0.960677,0.955677,0.954361,0.973424,0.911177,0.962835,0.982384,0.972774,0.967441,0.977869,0.951316,0.944455,0.932330,0.930649,0.937912,0.985548,0.993443,0.935939,0.925512,0.993394,0.972774,0.965632,0.915448,1.033032
2.024190,1.015622,0.960836,0.954048,0.963921,0.985292,0.990425,0.980806,0.980257,1.020140,1.000067,0.995708,0.982034,0.991962,0.975465,0.954299,0.960165,0.955181,0.953869,0.972745,0.910454,0.962368,0.981943,0.972323,0.966934,0.977366,0.950870,0.943986,0.931976,0.930332,0.937285,0.985368,0.993233,0.935282,0.924729,0.992986,0.972323,0.965136,0.915202,1.033037
2.032520,1.015444,0.960341,0.953576,0.963543,0.984990,0.990133,0.980524,0.979979,1.020008,0.999766,0.995410,0.981724,0.991642,0.975097,0.953839,0.959669,0.954701,0.953392,0.972083,0.909748,0.961915,0.981515,0.971884,0.966442,0.976876,0.950440,0.943532,0.931642,0.930037,0.936663,0.985205,0.993038,0.934640,0.923963,0.992589,0.971884,0.964650,0.914980,1.033045
2.040850,1.015270,0.959857,0.953118,0.963182,0.984705,0.989859,0.980258,0.979715,1.019886,0.999482,0.995128,0.981431,0.991338,0.974744,0.953395,0.959188,0.954235,0.952931,0.971439,0.909059,0.961476,0.981099,0.971459,0.965965,0.976399,0.950028,0.943095,0.931328,0.929764,0.936047,0.985059,0.992858,0.934014,0.923215,0.992204,0.971459,0.964176,0.914784,1.033057
2.049180,1.015102,0.959384,0.952675,0.962837,0.984436,0.989600,0.980007,0.979468,1.019776,0.999215,0.994863,0.981154,0.991051,0.974408,0.952967,0.958722,0.953786,0.952485,0.970813,0.908388,0.961051,0.980696,0.971046,0.965503,0.975935,0.949632,0.942675,0.931035,0.929512,0.935437,0.984931,0.992693,0.933404,0.922486,0.991830,0.971046,0.963713,0.914612,1.033071
2.057510,1.014938,0.958923,0.952247,0.962507,0.984184,0.989358,0.979773,0.979237,1.019678,0.998964,0.994614,0.980894,0.990780,0.974088,0.952554,0.958273,0.953353,0.952054,0.970206,0.907735,0.960639,0.980306,0.970647,0.965057,0.975485,0.949253,0.942271,0.930763,0.929283,0.934834,0.984820,0.992544,0.932811,0.921777,0.991466,0.970647,0.963263,0.914465,1.033090
2.065840,1.014780,0.958473,0.951835,0.962195,0.983948,0.989133,0.979556,0.979022,1.019591,0.998729,0.994382,0.980650,0.990526,0.973784,0.952158,0.957840,0.952936,0.951640,0.969618,0.907101,0.960241,0.979927,0.970260,0.964626,0.975048,0.948893,0.941884,0.930511,0.929076,0.934237,0.984726,0.992410,0.932235,0.921089,0.991114,0.970260,0.962826,0.914343,1.033111
2.074170,1.014628,0.958036,0.951439,0.961898,0.983728,0.988924,0.979354,0.978823,1.019515,0.998512,0.994167,0.980424,0.990288,0.973497,0.951779,0.957423,0.952535,0.951242,0.969049,0.906486,0.959857,0.979561,0.969886,0.964211,0.974627,0.948550,0.941514,0.930281,0.928892,0.933648,0.984649,0.992291,0.931677,0.920421,0.990772,0.969886,0.962402,0.914246,1.033136
2.082500,1.014481,0.957611,0.951058,0.961618,0.983526,0.988732,0.979169,0.978641,1.019452,0.998311,0.993969,0.980214,0.990068,0.973227,0.951415,0.957023,0.952151,0.950860,0.968500,0.905892,0.959487,0.979207,0.969524,0.963811,0.974219,0.948225,0.941161,0.930071,0.928730,0.933066,0.984589,0.992188,0.931136,0.919776,0.990441,0.969524,0.961991,0.914174,1.033164
2.090830,1.014339,0.957198,0.950694,0.961355,0.983339,0.988557,0.979001,0.978475,1.019400,0.998128,0.993787,0.980021,0.989864,0.972973,0.951068,0.956639,0.951783,0.950494,0.967970,0.905318,0.959130,0.978865,0.969175,0.963427,0.973827,0.947918,0.940826,0.929883,0.928590,0.932492,0.984546,0.992099,0.930614,0.919153,0.990119,0.969175,0.961593,0.914127,1.033196
2.099160,1.014203,0.956799,0.950347,0.961108,0.983170,0.988399,0.978848,0.978325,1.019360,0.997960,0.993622,0.979844,0.989677,0.972735,0.950738,0.956271,0.951433,0.950145,0.967462,0.904765,0.958787,0.978535,0.968838,0.963059,0.973450,0.947629,0.940508,0.929716,0.928472,0.931925,0.984519,0.992026,0.930111,0.918554,0.989808,0.968838,0.961210,0.914105,1.033231
2.107490,1.014072,0.956412,0.950015,0.960878,0.983017,0.988257,0.978713,0.978191,1.019332,0.997810,0.993473,0.979684,0.989506,0.972515,0.950423,0.955920,0.951099,0.949813,0.966974,0.904234,0.958458,0.978216,0.968514,0.962706,0.973088,0.947359,0.940208,0.929570,0.928377,0.931367,0.984509,0.991967,0.929626,0.917980,0.989507,0.968514,0.960841,0.914107,1.033269
2.115820,1.013947,0.956038,0.949700,0.960665,0.982880,0.988132,0.978593,0.978074,1.019315,0.997676,0.993342,0.979541,0.989352,0.972311,0.950125,0.955585,0.950782,0.949497,0.966506,0.903724,0.958142,0.977909,0.968202,0.962369,0.972741,0.947107,0.939926,0.929444,0.928304,0.930817,0.984516,0.991924,0.929161,0.917430,0.989215,0.968202,0.960486,0.914134,1.033311
2.124150,1.013828,0.955677,0.949402,0.960468,0.982760,0.988023,0.978490,0.977973,1.019310,0.997558,0.993226,0.979414,0.989214,0.972123,0.949844,0.955267,0.950481,0.949198,0.966060,0.903237,0.957840,0.977614,0.967902,0.962048,0.972410,0.946873,0.939662,0.929340,0.928253,0.930276,0.984538,0.991895,0.928716,0.916905,0.988933,0.967902,0.960146,0.914184,1.033356
2.132480,1.013714,0.955330,0.949120,0.960287,0.982656,0.987931,0.978402,0.977887,1.019316,0.997457,0.993127,0.979304,0.989093,0.971951,0.949578,0.954965,0.950198,0.948916,0.965635,0.902773,0.957552,0.977329,0.967615,0.961743,0.972095,0.946658,0.939415,0.929256,0.928223,0.929743,0.984576,0.991880,0.928290,0.916406,0.988660,0.967615,0.959821,0.914258,1.033403
2.140810,1.013606,0.954996,0.948854,0.960123,0.982568,0.987854,0.978330,0.977818,1.019334,0.997372,0.993043,0.979209,0.988987,0.971796,0.949329,0.954680,0.949931,0.948650,0.965232,0.902331,0.957276,0.977056,0.967339,0.961453,0.971795,0.946461,0.939186,0.929194,0.928215,0.929219,0.984630,0.991880,0.927884,0.915934,0.988396,0.967339,0.959510,0.914355,1.033454
2.149140,1.013503,0.954675,0.948605,0.959975,0.982496,0.987794,0.978274,0.977764,1.019362,0.997302,0.992976,0.979130,0.988898,0.971657,0.949095,0.954411,0.949681,0.948400,0.964849,0.901912,0.957014,0.976795,0.967075,0.961178,0.971510,0.946282,0.938974,0.929151,0.928229,0.928704,0.984699,0.991893,0.927498,0.915488,0.988142,0.967075,0.959215,0.914475,1.033508
2.157470,1.013405,0.954367,0.948372,0.959843,0.982440,0.987749,0.978234,0.977725,1.019402,0.997248,0.992924,0.979067,0.988824,0.971533,0.948878,0.954157,0.949448,0.948167,0.964488,0.901516,0.956765,0.976544,0.966822,0.960919,0.971241,0.946122,0.938781,0.929129,0.928263,0.928197,0.984783,0.991921,0.927132,0.915069,0.987896,0.966822,0.958934,0.914616,1.033565
2.165800,1.013313,0.954073,0.948155,0.959726,0.982398,0.987719,0.978208,0.977701,1.019452,0.997210,0.992888,0.979020,0.988765,0.971425,0.948676,0.953920,0.949230,0.947951,0.964149,0.901144,0.956529,0.976303,0.966581,0.960675,0.970988,0.945979,0.938604,0.929127,0.928318,0.927700,0.984881,0.991962,0.926786,0.914677,0.987659,0.966581,0.958668,0.914780,1.033624
2.174130,1.013226,0.953791,0.947954,0.959625,0.982372,0.987704,0.978197,0.977692,1.019512,0.997186,0.992866,0.978987,0.988722,0.971332,0.948489,0.953698,0.949030,0.947750,0.963830,0.900795,0.956306,0.976074,0.966352,0.960446,0.970750,0.945855,0.938445,0.929144,0.928393,0.927211,0.984993,0.992016,0.926460,0.914314,0.987431,0.966352,0.958417,0.914964,1.033687
2.182460,1.013144,0.953522,0.947769,0.959539,0.982361,0.987704,0.978201,0.977698,1.019583,0.997177,0.992859,0.978969,0.988693,0.971254,0.948318,0.953492,0.948845,0.947565,0.963533,0.900469,0.956095,0.975854,0.966133,0.960231,0.970526,0.945748,0.938303,0.929181,0.928488,0.926731,0.985119,0.992083,0.926154,0.913977,0.987211,0.966133,0.958180,0.915169,1.033751
2.190790,1.013067,0.953266,0.947599,0.959468,0.982363,0.987718,0.978218,0.977717,1.019663,0.997181,0.992866,0.978965,0.988678,0.971190,0.948161,0.953301,0.948676,0.947395,0.963257,0.900167,0.955896,0.975645,0.965925,0.960031,0.970318,0.945659,0.938178,0.929237,0.928602,0.926259,0.985259,0.992161,0.925868,0.913669,0.986999,0.965925,0.957958,0.915394,1.033818
2.199120,1.012995,0.953022,0.947444,0.959411,0.982379,0.987746,0.978249,0.977749,1.019753,0.997200,0.992886,0.978975,0.988676,0.971140,0.948018,0.953125,0.948522,0.947241,0.963001,0.899888,0.955709,0.975446,0.965728,0.959846,0.970124,0.945587,0.938069,0.929312,0.928736,0.925796,0.985411,0.992251,0.925602,0.913388,0.986795,0.965728,0.957751,0.915638,1.033888
2.207450,1.012927,0.952791,0.947303,0.959368,0.982408,0.987787,0.978293,0.977795,1.019851,0.997231,0.992920,0.978997,0.988688,0.971103,0.947890,0.952964,0.948383,0.947102,0.962766,0.899632,0.955534,0.975256,0.965541,0.959674,0.969945,0.945531,0.937977,0.929405,0.928888,0.925342,0.985575,0.992352,0.925355,0.913135,0.986600,0.965541,0.957558,0.915901,1.033960
2.215780,1.012864,0.952571,0.947176,0.959338,0.982450,0.987840,0.978349,0.977852,1.019958,0.997274,0.992965,0.979032,0.988712,0.971080,0.947775,0.952816,0.948259,0.946977,0.962551,0.899399,0.955370,0.975076,0.965364,0.959515,0.969779,0.945493,0.937900,0.929515,0.929059,0.924896,0.985750,0.992463,0.925127,0.912910,0.986411,0.965364,0.957378,0.916181,1.034033
2.224110,1.012805,0.952363,0.947064,0.959321,0.982504,0.987905,0.978417,0.977922,1.020073,0.997329,0.993022,0.979079,0.988748,0.971068,0.947673,0.952683,0.948149,0.946865,0.962355,0.899189,0.955216,0.974905,0.965196,0.959370,0.969627,0.945470,0.937839,0.929644,0.929247,0.924457,0.985936,0.992583,0.924919,0.912711,0.986231,0.965196,0.957212,0.916479,1.034109
2.232440,1.012749,0.952165,0.946964,0.959315,0.982568,0.987980,0.978495,0.978002,1.020195,0.997394,0.993090,0.979136,0.988795,0.971068,0.947584,0.952562,0.948053,0.946767,0.962179,0.899001,0.955074,0.974742,0.965038,0.959237,0.969487,0.945462,0.937793,0.929789,0.929452,0.924027,0.986132,0.992711,0.924729,0.912540,0.986057,0.965038,0.957060,0.916794,1.034186
2.240770,1.012697,0.951979,0.946876,0.959321,0.982643,0.988066,0.978583,0.978092,1.020325,0.997469,0.993168,0.979203,0.988851,0.971079,0.947506,0.952454,0.947969,0.946682,0.962022,0.898834,0.954941,0.974588,0.964889,0.959116,0.969361,0.945470,0.937761,0.929951,0.929674,0.923603,0.986335,0.992845,0.924557,0.912396,0.985890,0.964889,0.956920,0.917124,1.034264
2.249100,1.012648,0.951802,0.946800,0.959337,0.982726,0.988160,0.978681,0.978190,1.020460,0.997553,0.993254,0.979279,0.988917,0.971100,0.947440,0.952358,0.947899,0.946609,0.961882,0.898689,0.954818,0.974442,0.964749,0.959006,0.969246,0.945492,0.937744,0.930129,0.929911,0.923187,0.986545,0.992986,0.924403,0.912278,0.985730,0.964749,0.956792,0.917470,1.034344
2.257430,1.012602,0.951634,0.946735,0.959362,0.982818,0.988262,0.978786,0.978297,1.020601,0.997644,0.993348,0.979363,0.988990,0.971129,0.947384,0.952273,0.947840,0.946548,0.961760,0.898565,0.954704,0.974303,0.964616,0.958908,0.969143,0.945529,0.937739,0.930322,0.930164,0.922778,0.986760,0.993132,0.924266,0.912186,0.985577,0.964616,0.956677,0.917830,1.034425
2.265760,1.012558,0.951476,0.946681,0.959396,0.982917,0.988371,0.978898,0.978411,1.020747,0.997742,0.993448,0.979454,0.989071,0.971167,0.947338,0.952199,0.947792,0.946497,0.961655,0.898461,0.954599,0.974171,0.964491,0.958820,0.969050,0.945578,0.937747,0.930529,0.930432,0.922374,0.986980,0.993282,0.924145,0.912119,0.985429,0.964491,0.956573,0.918203,1.034507
2.274090,1.012516,0.951326,0.946635,0.959438,0.983021,0.988486,0.979015,0.978531,1.020897,0.997845,0.993555,0.979551,0.989158,0.971211,0.947301,0.952135,0.947755,0.946456,0.961567,0.898376,0.954501,0.974046,0.964373,0.958741,0.968967,0.945640,0.937767,0.930751,0.930713,0.921977,0.987201,0.993434,0.924041,0.912077,0.985287,0.964373,0.956479,0.918590,1.034589
2.282420,1.012476,0.951183,0.946599,0.959486,0.983131,0.988606,0.979138,0.978656,1.021050,0.997953,0.993666,0.979652,0.989249,0.971262,0.947272,0.952080,0.947727,0.946425,0.961493,0.898311,0.954411,0.973927,0.964261,0.958671,0.968894,0.945715,0.937798,0.930986,0.931008,0.921586,0.987423,0.993588,0.923952,0.912058,0.985151,0.964261,0.956396,0.918988,1.034672
2.290750,1.012438,0.951048,0.946570,0.959539,0.983245,0.988729,0.979265,0.978785,1.021207,0.998065,0.993780,0.979757,0.989345,0.971317,0.947250,0.952034,0.947709,0.946402,0.961434,0.898264,0.954328,0.973814,0.964156,0.958610,0.968830,0.945800,0.937840,0.931235,0.931316,0.921199,0.987645,0.993744,0.923877,0.912063,0.985020,0.964156,0.956322,0.919398,1.034755
2.299080,1.012400,0.950919,0.946548,0.959598,0.983362,0.988855,0.979394,0.978917,1.021366,0.998179,0.993897,0.979866,0.989444,0.971378,0.947236,0.951996,0.947698,0.946386,0.961390,0.898235,0.954251,0.973706,0.964056,0.958556,0.968774,0.945897,0.937892,0.931495,0.931636,0.920817,0.987866,0.993899,0.923817,0.912091,0.984893,0.964056,0.956258,0.919819,1.034838
2.307410,1.012364,0.950795,0.946532,0.959661,0.983481,0.988982,0.979526,0.979051,1.021526,0.998295,0.994016,0.979976,0.989545,0.971442,0.947227,0.951965,0.947696,0.946378,0.961358,0.898222,0.954180,0.973602,0.963961,0.958509,0.968725,0.946003,0.937952,0.931767,0.931967,0.920439,0.988084,0.994054,0.923769,0.912140,0.984771,0.963961,0.956202,0.920250,1.034921
2.315740,1.012327,0.950677,0.946522,0.959727,0.983601,0.989111,0.979659,0.979187,1.021688,0.998412,0.994136,0.980088,0.989647,0.971508,0.947223,0.951941,0.947700,0.946376,0.961338,0.898225,0.954113,0.973503,0.963871,0.958469,0.968683,0.946118,0.938022,0.932050,0.932309,0.920065,0.988298,0.994207,0.923734,0.912210,0.984652,0.963871,0.956154,0.920690,1.035003
2.324070,1.012290,0.950563,0.946516,0.959795,0.983722,0.989240,0.979793,0.979324,1.021850,0.998529,0.994256,0.980200,0.989751,0.971577,0.947224,0.951922,0.947710,0.946379,0.961330,0.898244,0.954051,0.973407,0.963784,0.958433,0.968646,0.946242,0.938099,0.932342,0.932660,0.919694,0.988508,0.994358,0.923711,0.912299,0.984536,0.963784,0.956113,0.921139,1.035085
2.332400,1.012254,0.950453,0.946515,0.959865,0.983842,0.989368,0.979926,0.979460,1.022011,0.998646,0.994376,0.980312,0.989854,0.971647,0.947229,0.951908,0.947725,0.946387,0.961332,0.898276,0.953992,0.973314,0.963700,0.958403,0.968615,0.946374,0.938182,0.932645,0.933021,0.919326,0.988713,0.994506,0.923698,0.912408,0.984422,0.963700,0.956078,0.921596,1.035166
2.340730,1.012216,0.950346,0.946516,0.959935,0.983962,0.989495,0.980058,0.979595,1.022173,0.998761,0.994494,0.980423,0.989957,0.971717,0.947237,0.951898,0.947745,0.946399,0.961344,0.898322,0.953936,0.973222,0.963618,0.958376,0.968589,0.946512,0.938272,0.932956,0.933391,0.918960,0.988912,0.994651,0.923695,0.912535,0.984310,0.963618,0.956049,0.922060,1.035246
2.349060,1.012177,0.950241,0.946519,0.960006,0.984080,0.989620,0.980189,0.979729,1.022333,0.998875,0.994611,0.980531,0.990057,0.971787,0.947247,0.951891,0.947768,0.946414,0.961364,0.898381,0.953882,0.973132,0.963538,0.958353,0.968566,0.946657,0.938367,0.933275,0.933768,0.918596,0.989104,0.994792,0.923702,0.912678,0.984199,0.963538,0.956026,0.922530,1.035325
2.357390,1.012137,0.950138,0.946524,0.960076,0.984195,0.989741,0.980316,0.979861,1.022491,0.998985,0.994724,0.980638,0.990156,0.971856,0.947258,0.951887,0.947794,0.946431,0.961392,0.898450,0.953830,0.973043,0.963459,0.958332,0.968546,0.946807,0.938466,0.933601,0.934152,0.918234,0.989290,0.994929,0.923716,0.912837,0.984087,0.963459,0.956007,0.923006,1.035403
2.365720,1.012095,0.950036,0.946529,0.960145,0.984308,0.989860,0.980441,0.979990,1.022647,0.999093,0.994834,0.980741,0.990252,0.971923,0.947270,0.951885,0.947822,0.946449,0.961427,0.898530,0.953778,0.972953,0.963380,0.958313,0.968529,0.946961,0.938569,0.933933,0.934543,0.917872,0.989467,0.995060,0.923738,0.913010,0.983975,0.963380,0.955992,0.923487,1.035479
2.374050,1.012051,0.949934,0.946534,0.960211,0.984417,0.989974,0.980563,0.980115,1.022801,0.999196,0.994941,0.980841,0.990345,0.971988,0.947281,0.951883,0.947851,0.946469,0.961467,0.898620,0.953726,0.972863,0.963301,0.958294,0.968513,0.947119,0.938675,0.934272,0.934939,0.917510,0.989637,0.995186,0.923766,0.913197,0.983862,0.963301,0.955980,0.923973,1.035554
2.382380,1.012005,0.949832,0.946539,0.960275,0.984521,0.990084,0.980679,0.980236,1.022951,0.999295,0.995043,0.980937,0.990433,0.972049,0.947292,0.951882,0.947881,0.946488,0.961513,0.898718,0.953674,0.972771,0.963220,0.958276,0.968499,0.947281,0.938782,0.934615,0.935340,0.917148,0.989797,0.995307,0.923799,0.913396,0.983746,0.963220,0.955970,0.924462,1.035627
2.390710,1.011956,0.949729,0.946542,0.960336,0.984621,0.990189,0.980792,0.980352,1.023098,0.999389,0.995139,0.981027,0.990517,0.972108,0.947302,0.951880,0.947910,0.946506,0.961561,0.898823,0.953620,0.972677,0.963138,0.958257,0.968484,0.947444,0.938891,0.934963,0.935746,0.916786,0.989949,0.995421,0.923837,0.913607,0.983628,0.963138,0.955963,0.924955,1.035698
2.399040,1.011905,0.949625,0.946542,0.960393,0.984715,0.990288,0.980898,0.980464,1.023242,0.999478,0.995231,0.981113,0.990595,0.972162,0.947310,0.951878,0.947939,0.946523,0.961613,0.898935,0.953564,0.972582,0.963054,0.958237,0.968469,0.947609,0.939001,0.935315,0.936155,0.916423,0.990092,0.995529,0.923879,0.913827,0.983508,0.963054,0.955956,0.925451,1.035768
2.407370,1.011850,0.949519,0.946540,0.960445,0.984804,0.990381,0.981000,0.980570,1.023381,0.999560,0.995316,0.981192,0.990669,0.972211,0.947315,0.951873,0.947966,0.946537,0.961668,0.899052,0.953507,0.972483,0.962967,0.958216,0.968453,0.947775,0.939111,0.935669,0.936567,0.916058,0.990225,0.995630,0.923924,0.914056,0.983384,0.962967,0.955950,0.925949,1.035835
2.415700,1.011792,0.949410,0.946534,0.960493,0.984886,0.990467,0.981095,0.980669,1.023515,0.999637,0.995395,0.981266,0.990736,0.972256,0.947317,0.951866,0.947991,0.946550,0.961723,0.899174,0.953446,0.972382,0.962878,0.958193,0.968436,0.947942,0.939220,0.936026,0.936982,0.915691,0.990348,0.995724,0.923970,0.914293,0.983257,0.962878,0.955945,0.926449,1.035900
2.424030,1.011731,0.949298,0.946524,0.960535,0.984962,0.990547,0.981183,0.980763,1.023645,0.999707,0.995467,0.981333,0.990797,0.972295,0.947316,0.951857,0.948013,0.946559,0.961779,0.899300,0.953383,0.972277,0.962785,0.958167,0.968416,0.948108,0.939327,0.936385,0.937398,0.915322,0.990461,0.995811,0.924018,0.914536,0.983126,0.962785,0.955939,0.926950,1.035963
2.432360,1.011666,0.949183,0.946510,0.960572,0.985031,0.990620,0.981265,0.980850,1.023770,0.999769,0.995532,0.981393,0.990851,0.972328,0.947310,0.951845,0.948032,0.946564,0.961835,0.899428,0.953317,0.972169,0.962690,0.958138,0.968394,0.948272,0.939433,0.936745,0.937816,0.914950,0.990564,0.995890,0.924067,0.914784,0.982992,0.962690,0.955931,0.927452,1.036023
2.440690,1.011597,0.949064,0.946491,0.960602,0.985093,0.990685,0.981339,0.980929,1.023889,0.999825,0.995590,0.981446,0.990898,0.972355,0.947301,0.951828,0.948048,0.946565,0.961890,0.899559,0.953247,0.972058,0.962591,0.958105,0.968369,0.948436,0.939536,0.937105,0.938234,0.914576,0.990657,0.995962,0.924115,0.915037,0.982855,0.962591,0.955922,0.927954,1.036081
2.449020,1.011524,0.948940,0.946466,0.960626,0.985147,0.990742,0.981406,0.981002,1.024003,0.999873,0.995640,0.981492,0.990939,0.972376,0.947286,0.951808,0.948059,0.946562,0.961943,0.899690,0.953173,0.971943,0.962488,0.958069,0.968340,0.948597,0.939637,0.937466,0.938652,0.914198,0.990740,0.996026,0.924162,0.915294,0.982713,0.962488,0.955912,0.928455,1.036137
2.457350,1.011448,0.948811,0.946436,0.960643,0.985193,0.990791,0.981465,0.981066,1.024111,0.999913,0.995683,0.981530,0.990971,0.972389,0.947267,0.951784,0.948066,0.946553,0.961994,0.899822,0.953096,0.971824,0.962381,0.958029,0.968307,0.948755,0.939733,0.937825,0.939069,0.913817,0.990812,0.996082,0.924207,0.915552,0.982568,0.962381,0.955898,0.928956,1.036190
2.465680,1.011367,0.948678,0.946399,0.960653,0.985232,0.990832,0.981517,0.981123,1.024214,0.999945,0.995717,0.981560,0.990996,0.972396,0.947242,0.951755,0.948069,0.946539,0.962042,0.899953,0.953014,0.971701,0.962271,0.957984,0.968269,0.948910,0.939826,0.938184,0.939486,0.913431,0.990874,0.996129,0.924250,0.915812,0.982420,0.962271,0.955882,0.929456,1.036241
2.474010,1.011282,0.948539,0.946355,0.960655,0.985262,0.990865,0.981560,0.981172,1.024310,0.999969,0.995743,0.981582,0.991013,0.972395,0.947212,0.951721,0.948065,0.946520,0.962086,0.900083,0.952928,0.971575,0.962156,0.957935,0.968227,0.949061,0.939914,0.938540,0.939900,0.913042,0.990925,0.996169,0.924291,0.916072,0.982268,0.962156,0.955862,0.929953,1.036289
2.482340,1.011192,0.948394,0.946305,0.960650,0.985284,0.990890,0.981595,0.981213,1.024400,0.999984,0.995761,0.981595,0.991021,0.972387,0.947175,0.951681,0.948057,0.946494,0.962127,0.900211,0.952837,0.971444,0.962038,0.957881,0.968179,0.949208,0.939997,0.938894,0.940312,0.912648,0.990966,0.996200,0.924327,0.916331,0.982113,0.962038,0.955838,0.930449,1.036334
2.490670,1.011099,0.948243,0.946247,0.960638,0.985298,0.990905,0.981622,0.981246,1.024484,0.999992,0.995771,0.981601,0.991022,0.972371,0.947133,0.951636,0.948042,0.946462,0.962163,0.900336,0.952742,0.971310,0.961915,0.957821,0.968125,0.949350,0.940075,0.939246,0.940722,0.912250,0.990996,0.996223,0.924359,0.916588,0.981954,0.961915,0.955810,0.930942,1.036377
2.499000,1.011001,0.948085,0.946182,0.960617,0.985303,0.990912,0.981640,0.981270,1.024561,0.999990,0.995771,0.981597,0.991014,0.972347,0.947084,0.951586,0.948021,0.946423,0.962193,0.900458,0.952642,0.971171,0.961788,0.957757,0.968066,0.949487,0.940148,0.939593,0.941128,0.911846,0.991017,0.996238,0.924387,0.916842,0.981793,0.961788,0.955778,0.931433,1.036418
2.507330,1.010899,0.947921,0.946109,0.960588,0.985300,0.990911,0.981650,0.981286,1.024632,0.999980,0.995763,0.981586,0.990998,0.972315,0.947028,0.951529,0.947994,0.946377,0.962219,0.900576,0.952537,0.971029,0.961657,0.957686,0.968000,0.949618,0.940214,0.939937,0.941531,0.911438,0.991027,0.996244,0.924409,0.917093,0.981628,0.961657,0.955741,0.931920,1.036455
2.515660,1.010792,0.947750,0.946028,0.960551,0.985288,0.990900,0.981651,0.981294,1.024697,0.999962,0.995747,0.981566,0.990973,0.972276,0.946967,0.951466,0.947960,0.946324,0.962238,0.900689,0.952428,0.970883,0.961522,0.957611,0.967928,0.949743,0.940274,0.940277,0.941929,0.911025,0.991027,0.996242,0.924426,0.917340,0.981460,0.961522,0.955698,0.932403,1.036491
2.523990,1.010681,0.947572,0.945938,0.960505,0.985267,0.990881,0.981644,0.981293,1.024755,0.999935,0.995722,0.981537,0.990940,0.972228,0.946898,0.951397,0.947920,0.946264,0.962251,0.900797,0.952314,0.970733,0.961383,0.957529,0.967849,0.949862,0.940327,0.940612,0.942323,0.910606,0.991017,0.996232,0.924437,0.917582,0.981289,0.961383,0.955650,0.932883,1.036523
2.532320,1.010567,0.947387,0.945841,0.960451,0.985238,0.990853,0.981628,0.981283,1.024807,0.999899,0.995688,0.981499,0.990898,0.972172,0.946822,0.951322,0.947872,0.946196,0.962257,0.900899,0.952195,0.970580,0.961240,0.957442,0.967763,0.949975,0.940373,0.940942,0.942711,0.910182,0.990998,0.996213,0.924441,0.917817,0.981116,0.961240,0.955597,0.933358,1.036554
2.540650,1.010448,0.947195,0.945735,0.960389,0.985200,0.990816,0.981603,0.981265,1.024853,0.999854,0.995645,0.981453,0.990848,0.972107,0.946740,0.951241,0.947817,0.946121,0.962256,0.900996,0.952071,0.970423,0.961093,0.957348,0.967670,0.950080,0.940412,0.941266,0.943095,0.909753,0.990969,0.996186,0.924439,0.918047,0.980941,0.961093,0.955537,0.933829,1.036582
2.548980,1.010325,0.946996,0.945620,0.960318,0.985153,0.990771,0.981570,0.981238,1.024892,0.999801,0.995594,0.981398,0.990789,0.972035,0.946651,0.951152,0.947756,0.946038,0.962248,0.901085,0.951943,0.970263,0.960942,0.957249,0.967569,0.950178,0.940443,0.941584,0.943472,0.909318,0.990930,0.996151,0.924430,0.918268,0.980763,0.960942,0.955472,0.934294,1.036607
2.557310,1.010198,0.946789,0.945497,0.960239,0.985098,0.990716,0.981529,0.981204,1.024925,0.999740,0.995534,0.981335,0.990722,0.971954,0.946555,0.951058,0.947686,0.945947,0.962233,0.901168,0.951810,0.970099,0.960788,0.957144,0.967461,0.950268,0.940467,0.941895,0.943843,0.908878,0.990883,0.996108,0.924413,0.918482,0.980583,0.960788,0.955400,0.934754,1.036630
2.565640,1.010067,0.946575,0.945366,0.960152,0.985034,0.990654,0.981479,0.981160,1.024951,0.999670,0.995466,0.981264,0.990647,0.971866,0.946452,0.950957,0.947610,0.945848,0.962210,0.901243,0.951672,0.969933,0.960630,0.957033,0.967346,0.950351,0.940483,0.942200,0.944207,0.908432,0.990826,0.996057,0.924390,0.918688,0.980402,0.960630,0.955321,0.935209,1.036651
2.573970,1.009933,0.946353,0.945226,0.960056,0.984962,0.990583,0.981422,0.981109,1.024972,0.999591,0.995389,0.981184,0.990563,0.971769,0.946342,0.950850,0.947526,0.945742,0.962179,0.901310,0.951530,0.969763,0.960468,0.956917,0.967224,0.950426,0.940491,0.942497,0.944564,0.907980,0.990761,0.995998,0.924359,0.918884,0.980219,0.960468,0.955236,0.935658,1.036670
2.582300,1.009795,0.946124,0.945077,0.959952,0.984882,0.990504,0.981356,0.981050,1.024986,0.999504,0.995304,0.981096,0.990471,0.971665,0.946226,0.950736,0.947435,0.945628,0.962141,0.901370,0.951384,0.969590,0.960303,0.956794,0.967093,0.950492,0.940492,0.942788,0.944914,0.907523,0.990686,0.995931,0.924320,0.919071,0.980034,0.960303,0.955145,0.936100,1.036687
2.590630,1.009654,0.945888,0.944920,0.959840,0.984794,0.990416,0.981282,0.980983,1.024995,0.999410,0.995211,0.981000,0.990372,0.971553,0.946103,0.950616,0.947337,0.945506,0.962095,0.901421,0.951233,0.969415,0.960135,0.956666,0.966955,0.950551,0.940484,0.943070,0.945257,0.907061,0.990604,0.995856,0.924274,0.919249,0.979848,0.960135,0.955047,0.936536,1.036701
2.598960,1.009509,0.945644,0.944754,0.959719,0.984698,0.990321,0.981200,0.980908,1.024997,0.999307,0.995110,0.980896,0.990264,0.971433,0.945973,0.950490,0.947232,0.945377,0.962041,0.901465,0.951078,0.969238,0.959965,0.956532,0.966810,0.950600,0.940468,0.943344,0.945591,0.906593,0.990514,0.995774,0.924220,0.919415,0.979661,0.959965,0.954942,0.936965,1.036714
2.607290,1.009362,0.945394,0.944580,0.959591,0.984594,0.990218,0.981110,0.980825,1.024994,0.999197,0.995002,0.980784,0.990149,0.971306,0.945837,0.950358,0.947119,0.945240,0.961979,0.901499,0.950920,0.969058,0.959791,0.956393,0.966657,0.950642,0.940443,0.943609,0.945917,0.906120,0.990415,0.995684,0.924159,0.919572,0.979473,0.959791,0.954830,0.937387,1.036725
2.615620,1.009212,0.945136,0.944398,0.959455,0.984482,0.990107,0.981014,0.980735,1.024986,0.999079,0.994885,0.980665,0.990026,0.971171,0.945695,0.950220,0.946999,0.945096,0.961909,0.901525,0.950757,0.968876,0.959615,0.956249,0.966496,0.950674,0.940411,0.943866,0.946234,0.905642,0.990309,0.995588,0.924090,0.919717,0.979285,0.959615,0.954711,0.937801,1.036734
2.623950,1.009060,0.944872,0.944208,0.959312,0.984363,0.989989,0.980910,0.980638,1.024972,0.998953,0.994762,0.980538,0.989895,0.971029,0.945546,0.950076,0.946873,0.944944,0.961832,0.901542,0.950592,0.968692,0.959436,0.956099,0.966328,0.950698,0.940370,0.944114,0.946542,0.905159,0.990196,0.995484,0.924013,0.919851,0.979096,0.959436,0.954586,0.938207,1.036741
2.632280,1.008905,0.944601,0.944010,0.959161,0.984237,0.989864,0.980799,0.980533,1.024953,0.998821,0.994631,0.980404,0.989758,0.970881,0.945392,0.949927,0.946739,0.944785,0.961747,0.901550,0.950422,0.968506,0.959255,0.955944,0.966153,0.950713,0.940321,0.944353,0.946841,0.904671,0.990075,0.995373,0.923929,0.919974,0.978907,0.959255,0.954455,0.938606,1.036747
2.640610,1.008748,0.944323,0.943805,0.959003,0.984105,0.989732,0.980681,0.980422,1.024928,0.998681,0.994493,0.980263,0.989614,0.970725,0.945232,0.949772,0.946599,0.944620,0.961654,0.901549,0.950250,0.968319,0.959072,0.955785,0.965971,0.950719,0.940264,0.944583,0.947131,0.904178,0.989948,0.995256,0.923838,0.920084,0.978719,0.959072,0.954316,0.938996,1.036751
2.648940,1.008589,0.944039,0.943592,0.958838,0.983965,0.989593,0.980556,0.980305,1.024899,0.998535,0.994349,0.980116,0.989463,0.970564,0.945066,0.949612,0.946452,0.944447,0.961554,0.901539,0.950075,0.968131,0.958887,0.955621,0.965781,0.950716,0.940199,0.944802,0.947411,0.903681,0.989814,0.995132,0.923740,0.920184,0.978530,0.958887,0.954171,0.939378,1.036754
2.657270,1.008429,0.943749,0.943371,0.958667,0.983819,0.989448,0.980425,0.980181,1.024865,0.998382,0.994198,0.979962,0.989306,0.970395,0.944896,0.949446,0.946300,0.944268,0.961446,0.901521,0.949896,0.967942,0.958701,0.955452,0.965585,0.950705,0.940126,0.945013,0.947681,0.903180,0.989674,0.995002,0.923635,0.920271,0.978341,0.958701,0.954020,0.939750,1.036756
2.665600,1.008267,0.943454,0.943144,0.958489,0.983667,0.989296,0.980288,0.980050,1.024827,0.998222,0.994040,0.979801,0.989142,0.970221,0.944720,0.949276,0.946140,0.944082,0.961332,0.901493,0.949716,0.967751,0.958513,0.955279,0.965382,0.950684,0.940045,0.945213,0.947941,0.902674,0.989527,0.994865,0.923523,0.920346,0.978153,0.958513,0.953863,0.940114,1.036757
2.673930,1.008105,0.943153,0.942911,0.958305,0.983508,0.989138,0.980145,0.979914,1.024784,0.998057,0.993877,0.979635,0.988972,0.970041,0.944539,0.949102,0.945976,0.943891,0.961210,0.901457,0.949532,0.967560,0.958324,0.955102,0.965173,0.950655,0.939956,0.945403,0.948190,0.902165,0.989375,0.994723,0.923405,0.920409,0.977966,0.958324,0.953700,0.940468,1.036756
2.682260,1.007941,0.942846,0.942671,0.958114,0.983344,0.988975,0.979996,0.979773,1.024737,0.997886,0.993708,0.979463,0.988797,0.969856,0.944353,0.948923,0.945805,0.943693,0.961082,0.901412,0.949347,0.967369,0.958133,0.954922,0.964957,0.950618,0.939860,0.945582,0.948429,0.901653,0.989217,0.994575,0.923280,0.920460,0.977779,0.958133,0.953531,0.940813,1.036755
2.690590,1.007777,0.942535,0.942424,0.957918,0.983175,0.988806,0.979842,0.979625,1.024686,0.997709,0.993533,0.979285,0.988616,0.969665,0.944164,0.948740,0.945629,0.943490,0.960948,0.901359,0.949159,0.967176,0.957942,0.954737,0.964735,0.950571,0.939756,0.945752,0.948658,0.901137,0.989054,0.994422,0.923149,0.920499,0.977593,0.957942,0.953356,0.941147,1.036752
2.698920,1.007613,0.942219,0.942172,0.957717,0.983000,0.988632,0.979683,0.979473,1.024631,0.997527,0.993353,0.979102,0.988430,0.969469,0.943970,0.948552,0.945447,0.943281,0.960807,0.901297,0.948970,0.966984,0.957750,0.954550,0.964508,0.950517,0.939645,0.945911,0.948875,0.900618,0.988886,0.994263,0.923013,0.920526,0.977409,0.957750,0.953176,0.941472,1.036749
2.707250,1.007448,0.941899,0.941915,0.957511,0.982820,0.988453,0.979519,0.979316,1.024573,0.997340,0.993168,0.978915,0.988239,0.969269,0.943772,0.948362,0.945261,0.943067,0.960661,0.901227,0.948779,0.966792,0.957558,0.954359,0.964275,0.950454,0.939526,0.946059,0.949082,0.900097,0.988713,0.994099,0.922870,0.920542,0.977225,0.957558,0.952990,0.941786,1.036745
2.715580,1.007284,0.941575,0.941652,0.957299,0.982636,0.988269,0.979350,0.979154,1.024511,0.997149,0.992979,0.978722,0.988043,0.969064,0.943571,0.948168,0.945070,0.942849,0.960509,0.901150,0.948587,0.966600,0.957365,0.954165,0.964036,0.950382,0.939401,0.946197,0.949278,0.899573,0.988535,0.993930,0.922723,0.920547,0.977043,0.957365,0.952800,0.942089,1.036741
2.723910,1.007121,0.941247,0.941385,0.957083,0.982447,0.988081,0.979177,0.978987,1.024446,0.996952,0.992785,0.978525,0.987843,0.968855,0.943367,0.947971,0.944875,0.942626,0.960352,0.901065,0.948394,0.966408,0.957172,0.953969,0.963793,0.950303,0.939269,0.946324,0.949462,0.899048,0.988353,0.993756,0.922571,0.920541,0.976862,0.957172,0.952605,0.942382,1.036736
2.732240,1.006958,0.940916,0.941113,0.956863,0.982254,0.987889,0.979000,0.978817,1.024377,0.996752,0.992586,0.978324,0.987639,0.968642,0.943159,0.947771,0.944675,0.942399,0.960190,0.900973,0.948199,0.966216,0.956979,0.953771,0.963545,0.950216,0.939131,0.946441,0.949635,0.898520,0.988167,0.993578,0.922414,0.920524,0.976683,0.956979,0.952406,0.942663,1.036731
2.740570,1.006796,0.940583,0.940837,0.956639,0.982057,0.987692,0.978818,0.978642,1.024306,0.996547,0.992384,0.978119,0.987431,0.968426,0.942949,0.947569,0.944472,0.942168,0.960024,0.900874,0.948005,0.966026,0.956786,0.953570,0.963293,0.950121,0.938986,0.946547,0.949797,0.897992,0.987977,0.993396,0.922253,0.920498,0.976506,0.956786,0.952203,0.942934,1.036726
2.748900,1.006636,0.940247,0.940558,0.956411,0.981857,0.987493,0.978634,0.978465,1.024232,0.996339,0.992179,0.977910,0.987220,0.968206,0.942737,0.947365,0.944266,0.941933,0.959854,0.900768,0.947809,0.965836,0.956594,0.953368,0.963037,0.950019,0.938836,0.946642,0.949948,0.897463,0.987783,0.993210,0.922089,0.920462,0.976330,0.956594,0.951995,0.943193,1.036720
2.757230,1.006477,0.939909,0.940275,0.956180,0.981653,0.987290,0.978446,0.978283,1.024156,0.996128,0.991970,0.977698,0.987005,0.967984,0.942523,0.947158,0.944056,0.941696,0.959680,0.900657,0.947614,0.965647,0.956403,0.953165,0.962777,0.949910,0.938680,0.946727,0.950088,0.896933,0.987586,0.993020,0.921921,0.920416,0.976156,0.956403,0.951785,0.943441,1.036715
2.765560,1.006320,0.939569,0.939990,0.955947,0.981447,0.987084,0.978255,0.978099,1.024077,0.995914,0.991757,0.977483,0.986788,0.967759,0.942307,0.946951,0.943843,0.941455,0.959503,0.900540,0.947418,0.965459,0.956212,0.952960,0.962514,0.949794,0.938519,0.946802,0.950216,0.896402,0.987386,0.992826,0.921750,0.920362,0.975984,0.956212,0.951572,0.943677,1.036709
2.773890,1.006165,0.939229,0.939702,0.955710,0.981237,0.986875,0.978061,0.977912,1.023996,0.995696,0.991543,0.977266,0.986567,0.967531,0.942089,0.946742,0.943628,0.941212,0.959323,0.900419,0.947223,0.965273,0.956022,0.952754,0.962248,0.949672,0.938353,0.946866,0.950333,0.895872,0.987183,0.992629,0.921577,0.920300,0.975814,0.956022,0.951355,0.943901,1.036704
2.782220,1.006012,0.938887,0.939412,0.955471,0.981025,0.986663,0.977864,0.977722,1.023913,0.995476,0.991325,0.977046,0.986345,0.967302,0.941871,0.946532,0.943411,0.940967,0.959141,0.900292,0.947028,0.965088,0.955834,0.952548,0.961980,0.949543,0.938182,0.946920,0.950439,0.895343,0.986977,0.992430,0.921401,0.920230,0.975646,0.955834,0.951137,0.944114,1.036698
2.790550,1.005862,0.938545,0.939121,0.955231,0.980812,0.986450,0.977666,0.977530,1.023828,0.995254,0.991106,0.976824,0.986120,0.967071,0.941652,0.946322,0.943192,0.940721,0.958957,0.900161,0.946834,0.964905,0.955646,0.952342,0.961709,0.949408,0.938007,0.946963,0.950534,0.894814,0.986768,0.992227,0.921224,0.920153,0.975480,0.955646,0.950917,0.944315,1.036693
2.798880,1.005715,0.938204,0.938828,0.954988,0.980596,0.986235,0.977465,0.977336,1.023741,0.995031,0.990884,0.976600,0.985894,0.966839,0.941432,0.946111,0.942971,0.940473,0.958772,0.900026,0.946641,0.964724,0.955461,0.952135,0.961436,0.949267,0.937828,0.946997,0.950618,0.894287,0.986558,0.992021,0.921045,0.920069,0.975317,0.955461,0.950695,0.944504,1.036689
2.807210,1.005571,0.937863,0.938534,0.954745,0.980379,0.986018,0.977263,0.977140,1.023653,0.994805,0.990662,0.976374,0.985666,0.966606,0.941212,0.945901,0.942749,0.940224,0.958585,0.899888,0.946449,0.964544,0.955276,0.951929,0.961163,0.949121,0.937645,0.947021,0.950691,0.893762,0.986346,0.991814,0.920865,0.919979,0.975155,0.955276,0.950471,0.944681,1.036684
2.815540,1.005430,0.937522,0.938241,0.954500,0.980160,0.985800,0.977060,0.976943,1.023564,0.994579,0.990438,0.976148,0.985437,0.966372,0.940993,0.945690,0.942527,0.939975,0.958398,0.899747,0.946258,0.964367,0.955094,0.951724,0.960888,0.948970,0.937459,0.947036,0.950754,0.893238,0.986132,0.991604,0.920684,0.919884,0.974996,0.955094,0.950248,0.944847,1.036681
2.823870,1.005293,0.937184,0.937947,0.954255,0.979942,0.985581,0.976855,0.976745,1.023473,0.994351,0.990213,0.975921,0.985208,0.966138,0.940774,0.945481,0.942304,0.939726,0.958211,0.899604,0.946069,0.964191,0.954914,0.951519,0.960612,0.948815,0.937270,0.947041,0.950806,0.892718,0.985918,0.991393,0.920503,0.919783,0.974839,0.954914,0.950023,0.945000,1.036677
2.832200,1.005159,0.936847,0.937654,0.954011,0.979722,0.985362,0.976651,0.976547,1.023382,0.994124,0.989988,0.975694,0.984978,0.965904,0.940556,0.945272,0.942082,0.939476,0.958024,0.899458,0.945882,0.964018,0.954736,0.951316,0.960337,0.948655,0.937078,0.947037,0.950847,0.892200,0.985705,0.991180,0.920322,0.919678,0.974685,0.954736,0.949799,0.945142,1.036675
2.840530,1.005029,0.936512,0.937362,0.953767,0.979504,0.985144,0.976446,0.976348,1.023291,0.993896,0.989763,0.975467,0.984749,0.965671,0.940340,0.945065,0.941859,0.939228,0.957837,0.899311,0.945697,0.963848,0.954560,0.951114,0.960061,0.948491,0.936884,0.947024,0.950879,0.891685,0.985492,0.990966,0.920142,0.919569,0.974533,0.954560,0.949575,0.945272,1.036673
2.848860,1.004904,0.936181,0.937072,0.953524,0.979286,0.984926,0.976242,0.976150,1.023199,0.993669,0.989539,0.975240,0.984521,0.965440,0.940125,0.944860,0.941638,0.938981,0.957652,0.899163,0.945514,0.963680,0.954387,0.950914,0.959787,0.948324,0.936689,0.947003,0.950901,0.891174,0.985281,0.990751,0.919962,0.919457,0.974384,0.954387,0.949353,0.945391,1.036672
2.857190,1.004783,0.935852,0.936784,0.953282,0.979069,0.984710,0.976040,0.975953,1.023106,0.993443,0.989316,0.975015,0.984293,0.965209,0.939912,0.944657,0.941418,0.938735,0.957468,0.899015,0.945334,0.963515,0.954217,0.950716,0.959513,0.948154,0.936493,0.946974,0.950913,0.890667,0.985073,0.990536,0.919784,0.919342,0.974237,0.954217,0.949131,0.945498,1.036672
2.865520,1.004666,0.935528,0.936499,0.953042,0.978854,0.984495,0.975838,0.975757,1.023015,0.993218,0.989095,0.974792,0.984068,0.964981,0.939702,0.944457,0.941199,0.938492,0.957286,0.898866,0.945157,0.963353,0.954050,0.950521,0.959241,0.947981,0.936295,0.946937,0.950917,0.890164,0.984868,0.990320,0.919607,0.919225,0.974093,0.954050,0.948911,0.945594,1.036673
2.873850,1.004554,0.935208,0.936216,0.952805,0.978642,0.984283,0.975639,0.975563,1.022923,0.992996,0.988876,0.974571,0.983845,0.964756,0.939496,0.944259,0.940983,0.938251,0.957106,0.898718,0.944982,0.963194,0.953885,0.950329,0.958972,0.947806,0.936098,0.946892,0.950911,0.889667,0.984668,0.990106,0.919433,0.919106,0.973952,0.953885,0.948694,0.945679,1.036675
2.882180,1.004447,0.934892,0.935938,0.952571,0.978432,0.984074,0.975442,0.975371,1.022832,0.992776,0.988660,0.974352,0.983624,0.964534,0.939292,0.944065,0.940769,0.938013,0.956929,0.898571,0.944811,0.963039,0.953725,0.950140,0.958704,0.947630,0.935901,0.946841,0.950897,0.889174,0.984473,0.989891,0.919261,0.918986,0.973813,0.953725,0.948479,0.945753,1.036678
2.890510,1.004346,0.934581,0.935663,0.952341,0.978226,0.983869,0.975248,0.975182,1.022742,0.992559,0.988447,0.974137,0.983406,0.964315,0.939092,0.943874,0.940559,0.937779,0.956756,0.898425,0.944644,0.962887,0.953568,0.949954,0.958440,0.947452,0.935704,0.946783,0.950875,0.888688,0.984284,0.989678,0.919092,0.918866,0.973678,0.953568,0.948268,0.945817,1.036682
2.898840,1.004249,0.934276,0.935394,0.952114,0.978024,0.983667,0.975058,0.974997,1.022654,0.992346,0.988237,0.973925,0.983193,0.964100,0.938896,0.943688,0.940351,0.937548,0.956586,0.898281,0.944481,0.962739,0.953414,0.949773,0.958179,0.947273,0.935508,0.946718,0.950845,0.888207,0.984102,0.989466,0.918925,0.918746,0.973545,0.953414,0.948060,0.945871,1.036687
2.907170,1.004158,0.933977,0.935129,0.951893,0.977826,0.983470,0.974872,0.974815,1.022567,0.992136,0.988032,0.973717,0.982983,0.963890,0.938705,0.943506,0.940148,0.937322,0.956420,0.898140,0.944322,0.962595,0.953265,0.949596,0.957921,0.947095,0.935314,0.946648,0.950809,0.887732,0.983928,0.989256,0.918763,0.918626,0.973415,0.953265,0.947856,0.945915,1.036694
2.915500,1.004073,0.933685,0.934870,0.951676,0.977633,0.983278,0.974690,0.974637,1.022481,0.991931,0.987831,0.973514,0.982777,0.963684,0.938519,0.943328,0.939948,0.937100,0.956259,0.898001,0.944167,0.962454,0.953119,0.949423,0.957668,0.946917,0.935122,0.946573,0.950766,0.887264,0.983762,0.989048,0.918604,0.918509,0.973289,0.953119,0.947657,0.945950,1.036702
2.923830,1.003993,0.933399,0.934617,0.951464,0.977445,0.983091,0.974512,0.974463,1.022397,0.991730,0.987635,0.973316,0.982577,0.963484,0.938338,0.943156,0.939753,0.936884,0.956103,0.897866,0.944017,0.962318,0.952979,0.949255,0.957420,0.946739,0.934932,0.946494,0.950717,0.886803,0.983605,0.988842,0.918449,0.918393,0.973166,0.952979,0.947462,0.945976,1.036711
2.932160,1.003919,0.933120,0.934370,0.951258,0.977263,0.982910,0.974340,0.974295,1.022315,0.991534,0.987444,0.973123,0.982381,0.963289,0.938163,0.942989,0.939564,0.936673,0.955952,0.897735,0.943871,0.962187,0.952843,0.949093,0.957176,0.946563,0.934746,0.946411,0.950662,0.886350,0.983457,0.988638,0.918299,0.918279,0.973046,0.952843,0.947273,0.945995,1.036722
2.940490,1.003850,0.932849,0.934130,0.951058,0.977086,0.982735,0.974173,0.974131,1.022236,0.991344,0.987259,0.972935,0.982192,0.963100,0.937993,0.942827,0.939379,0.936469,0.955806,0.897608,0.943731,0.962060,0.952711,0.948936,0.956939,0.946389,0.934563,0.946324,0.950603,0.885904,0.983319,0.988438,0.918154,0.918168,0.972930,0.952711,0.947090,0.946006,1.036734
2.948820,1.003788,0.932586,0.933897,0.950865,0.976916,0.982566,0.974012,0.973973,1.022158,0.991159,0.987080,0.972753,0.982008,0.962918,0.937830,0.942672,0.939201,0.936270,0.955668,0.897486,0.943597,0.961938,0.952586,0.948785,0.956707,0.946218,0.934384,0.946235,0.950540,0.885465,0.983191,0.988240,0.918014,0.918062,0.972818,0.952586,0.946913,0.946010,1.036747
2.957150,1.003732,0.932331,0.933673,0.950678,0.976753,0.982404,0.973858,0.973821,1.022083,0.990980,0.986908,0.972578,0.981830,0.962742,0.937674,0.942524,0.939028,0.936079,0.955535,0.897369,0.943469,0.961822,0.952465,0.948640,0.956481,0.946049,0.934209,0.946144,0.950474,0.885035,0.983073,0.988046,0.917881,0.917960,0.972711,0.952465,0.946742,0.946008,1.036762
2.965480,1.003681,0.932085,0.933456,0.950499,0.976596,0.982249,0.973709,0.973675,1.022011,0.990808,0.986741,0.972409,0.981659,0.962573,0.937525,0.942382,0.938863,0.935894,0.955410,0.897259,0.943347,0.961712,0.952351,0.948502,0.956262,0.945884,0.934040,0.946052,0.950405,0.884613,0.982966,0.987856,0.917753,0.917862,0.972608,0.952351,0.946579,0.946001,1.036779
2.973810,1.003637,0.931848,0.933247,0.950327,0.976447,0.982102,0.973567,0.973535,1.021942,0.990642,0.986582,0.972247,0.981494,0.962411,0.937383,0.942248,0.938704,0.935718,0.955293,0.897154,0.943231,0.961607,0.952243,0.948371,0.956050,0.945723,0.933875,0.945958,0.950334,0.884200,0.982870,0.987669,0.917632,0.917771,0.972510,0.952243,0.946423,0.945989,1.036796
2.982140,1.003599,0.931620,0.933048,0.950163,0.976305,0.981962,0.973432,0.973401,1.021875,0.990483,0.986430,0.972093,0.981337,0.962257,0.937249,0.942122,0.938553,0.935549,0.955183,0.897057,0.943123,0.961509,0.952141,0.948248,0.955846,0.945567,0.933717,0.945865,0.950262,0.883796,0.982786,0.987486,0.917519,0.917685,0.972418,0.952141,0.946275,0.945973,1.036816
2.990470,1.003568,0.931402,0.932857,0.950007,0.976170,0.981829,0.973304,0.973274,1.021812,0.990331,0.986285,0.971945,0.981187,0.962111,0.937122,0.942003,0.938410,0.935389,0.955082,0.896967,0.943021,0.961417,0.952047,0.948132,0.955649,0.945416,0.933566,0.945773,0.950190,0.883401,0.982712,0.987308,0.917412,0.917606,0.972331,0.952047,0.946135,0.945954,1.036837
2.998800,1.003542,0.931193,0.932676,0.949859,0.976044,0.981705,0.973183,0.973154,1.021752,0.990187,0.986147,0.971805,0.981045,0.961973,0.937005,0.941893,0.938275,0.935237,0.954990,0.896885,0.942927,0.961333,0.951959,0.948024,0.955461,0.945270,0.933421,0.945682,0.950117,0.883015,0.982650,0.987134,0.917314,0.917534,0.972250,0.951959,0.946003,0.945932,1.036859
3.007130,1.003523,0.930994,0.932505,0.949720,0.975926,0.981589,0.973069,0.973042,1.021695,0.990050,0.986018,0.971673,0.980910,0.961843,0.936895,0.941791,0.938149,0.935094,0.954907,0.896811,0.942841,0.961255,0.951879,0.947925,0.955281,0.945131,0.933283,0.945593,0.950046,0.882638,0.982599,0.986964,0.917224,0.917470,0.972175,0.951879,0.945880,0.945908,1.036883
3.015460,1.003509,0.930806,0.932344,0.949590,0.975816,0.981481,0.972964,0.972937,1.021641,0.989921,0.985897,0.971549,0.980784,0.961722,0.936795,0.941698,0.938031,0.934961,0.954834,0.896747,0.942763,0.961185,0.951806,0.947834,0.955109,0.944999,0.933154,0.945507,0.949976,0.882272,0.982560,0.986800,0.917143,0.917415,0.972107,0.951806,0.945766,0.945882,1.036908
3.023790,1.003502,0.930628,0.932193,0.949469,0.975715,0.981383,0.972866,0.972839,1.021591,0.989800,0.985784,0.971434,0.980666,0.961610,0.936704,0.941615,0.937923,0.934837,0.954770,0.896691,0.942693,0.961123,0.951741,0.947752,0.954947,0.944873,0.933032,0.945424,0.949908,0.881914,0.982533,0.986641,0.917070,0.917369,0.972045,0.951741,0.945662,0.945857,1.036935
3.032120,1.003501,0.930461,0.932052,0.949357,0.975622,0.981293,0.972777,0.972749,1.021545,0.989687,0.985679,0.971327,0.980556,0.961508,0.936623,0.941541,0.937824,0.934723,0.954717,0.896644,0.942632,0.961068,0.951685,0.947679,0.954794,0.944756,0.932919,0.945345,0.949843,0.881567,0.982518,0.986488,0.917007,0.917331,0.971991,0.951685,0.945567,0.945831,1.036963
3.040450,1.003507,0.930304,0.931923,0.949255,0.975539,0.981212,0.972696,0.972668,1.021502,0.989584,0.985584,0.971229,0.980456,0.961414,0.936551,0.941476,0.937735,0.934620,0.954675,0.896608,0.942580,0.961023,0.951637,0.947616,0.954650,0.944646,0.932815,0.945270,0.949782,0.881229,0.982514,0.986342,0.916953,0.917303,0.971944,0.951637,0.945483,0.945806,1.036993
3.048780,1.003518,0.930159,0.931804,0.949163,0.975465,0.981141,0.972623,0.972594,1.021464,0.989489,0.985498,0.971141,0.980365,0.961331,0.936490,0.941422,0.937656,0.934527,0.954643,0.896582,0.942537,0.960985,0.951598,0.947563,0.954517,0.944545,0.932720,0.945201,0.949725,0.880902,0.982523,0.986201,0.916910,0.917286,0.971904,0.951598,0.945408,0.945783,1.037024
3.057110,1.003535,0.930025,0.931697,0.949081,0.975400,0.981079,0.972560,0.972529,1.021429,0.989404,0.985421,0.971062,0.980283,0.961257,0.936438,0.941379,0.937588,0.934444,0.954623,0.896567,0.942504,0.960957,0.951568,0.947520,0.954393,0.944452,0.932635,0.945138,0.949673,0.880584,0.982543,0.986068,0.916876,0.917279,0.971873,0.951568,0.945344,0.945761,1.037057
3.065440,1.003558,0.929902,0.931602,0.949010,0.975345,0.981027,0.972505,0.972473,1.021399,0.989328,0.985354,0.970992,0.980211,0.961194,0.936398,0.941346,0.937530,0.934373,0.954614,0.896563,0.942480,0.960937,0.951548,0.947487,0.954279,0.944370,0.932561,0.945081,0.949627,0.880277,0.982576,0.985942,0.916854,0.917284,0.971850,0.951548,0.945290,0.945743,1.037091
3.073770,1.003587,0.929791,0.931518,0.948949,0.975300,0.980985,0.972460,0.972426,1.021373,0.989262,0.985297,0.970933,0.980149,0.961141,0.936368,0.941324,0.937484,0.934313,0.954618,0.896571,0.942467,0.960927,0.951537,0.947465,0.954176,0.944297,0.932496,0.945031,0.949586,0.879980,0.982621,0.985824,0.916843,0.917300,0.971835,0.951537,0.945247,0.945728,1.037126
3.082100,1.003622,0.929691,0.931446,0.948899,0.975265,0.980953,0.972424,0.972387,1.021351,0.989206,0.985250,0.970884,0.980098,0.961098,0.936349,0.941313,0.937449,0.934264,0.954633,0.896591,0.942463,0.960927,0.951535,0.947454,0.954084,0.944234,0.932443,0.944989,0.949552,0.879693,0.982678,0.985715,0.916843,0.917329,0.971829,0.951535,0.945215,0.945716,1.037163
3.090430,1.003663,0.929602,0.931386,0.948860,0.975240,0.980931,0.972397,0.972358,1.021334,0.989161,0.985213,0.970845,0.980057,0.961067,0.936341,0.941313,0.937425,0.934228,0.954662,0.896623,0.942470,0.960936,0.951544,0.947453,0.954002,0.944181,0.932400,0.944954,0.949526,0.879417,0.982747,0.985614,0.916854,0.917371,0.971832,0.951544,0.945195,0.945710,1.037202
3.098760,1.003709,0.929526,0.931338,0.948832,0.975226,0.980921,0.972381,0.972338,1.021321,0.989126,0.985187,0.970817,0.980027,0.961047,0.936345,0.941326,0.937413,0.934203,0.954703,0.896668,0.942488,0.960956,0.951564,0.947465,0.953931,0.944140,0.932370,0.944929,0.949508,0.879150,0.982828,0.985521,0.916878,0.917426,0.971844,0.951564,0.945185,0.945709,1.037241
3.107090,1.003761,0.929461,0.931303,0.948815,0.975222,0.980920,0.972374,0.972328,1.021314,0.989102,0.985171,0.970800,0.980008,0.961038,0.936361,0.941350,0.937413,0.934190,0.954758,0.896727,0.942517,0.960986,0.951594,0.947487,0.953871,0.944110,0.932351,0.944913,0.949498,0.878894,0.982922,0.985439,0.916914,0.917496,0.971865,0.951594,0.945187,0.945714,1.037282
3.115420,1.003819,0.929407,0.931280,0.948810,0.975230,0.980931,0.972377,0.972328,1.021311,0.989089,0.985167,0.970794,0.980000,0.961041,0.936389,0.941386,0.937425,0.934190,0.954827,0.896800,0.942557,0.961027,0.951635,0.947522,0.953822,0.944091,0.932344,0.944906,0.949497,0.878647,0.983028,0.985366,0.916963,0.917581,0.971897,0.951635,0.945200,0.945725,1.037325
3.123750,1.003882,0.929366,0.931270,0.948817,0.975248,0.980953,0.972391,0.972337,1.021312,0.989087,0.985174,0.970799,0.980003,0.961056,0.936429,0.941435,0.937450,0.934202,0.954910,0.896887,0.942609,0.961078,0.951686,0.947569,0.953784,0.944085,0.932349,0.944910,0.949507,0.878411,0.983146,0.985304,0.917025,0.917683,0.971938,0.951686,0.945224,0.945743,1.037368
3.132080,1.003950,0.929336,0.931273,0.948835,0.975277,0.980986,0.972415,0.972357,1.021319,0.989097,0.985193,0.970816,0.980018,0.961082,0.936482,0.941497,0.937488,0.934227,0.955008,0.896989,0.942672,0.961141,0.951750,0.947628,0.953758,0.944091,0.932367,0.944924,0.949526,0.878185,0.983276,0.985252,0.917100,0.917801,0.971989,0.951750,0.945260,0.945769,1.037413
3.140410,1.004023,0.929318,0.931288,0.948866,0.975317,0.981030,0.972449,0.972387,1.021331,0.989119,0.985223,0.970845,0.980045,0.961121,0.936547,0.941571,0.937538,0.934265,0.955120,0.897106,0.942747,0.961215,0.951825,0.947700,0.953743,0.944109,0.932398,0.944950,0.949556,0.877969,0.983418,0.985211,0.917189,0.917936,0.972051,0.951825,0.945308,0.945803,1.037460
3.148740,1.004101,0.929312,0.931316,0.948908,0.975369,0.981085,0.972495,0.972427,1.021348,0.989153,0.985265,0.970886,0.980084,0.961172,0.936625,0.941658,0.937602,0.934316,0.955247,0.897240,0.942835,0.961301,0.951912,0.947785,0.953740,0.944140,0.932442,0.944988,0.949597,0.877763,0.983572,0.985181,0.917292,0.918089,0.972124,0.951912,0.945368,0.945846,1.037507
3.157070,1.004185,0.929318,0.931358,0.948963,0.975432,0.981153,0.972551,0.972477,1.021371,0.989199,0.985318,0.970939,0.980136,0.961235,0.936716,0.941759,0.937679,0.934380,0.955390,0.897389,0.942935,0.961399,0.952010,0.947883,0.953748,0.944184,0.932499,0.945037,0.949649,0.877566,0.983739,0.985163,0.917409,0.918260,0.972207,0.952010,0.945439,0.945898,1.037556
3.165400,1.004273,0.929335,0.931412,0.949030,0.975507,0.981231,0.972617,0.972538,1.021399,0.989257,0.985384,0.971004,0.980199,0.961311,0.936819,0.941873,0.937769,0.934457,0.955548,0.897555,0.943047,0.961508,0.952121,0.947993,0.953767,0.944241,0.932570,0.945099,0.949714,0.877379,0.983917,0.985157,0.917540,0.918451,0.972301,0.952121,0.945521,0.945959,1.037606
3.173730,1.004366,0.929363,0.931479,0.949110,0.975593,0.981322,0.972695,0.972610,1.021432,0.989327,0.985462,0.971081,0.980276,0.961400,0.936937,0.942000,0.937872,0.934547,0.955722,0.897738,0.943172,0.961630,0.952245,0.948117,0.953798,0.944312,0.932654,0.945174,0.949791,0.877201,0.984107,0.985164,0.917686,0.918661,0.972407,0.952245,0.945616,0.946030,1.037657
3.182060,1.004464,0.929403,0.931559,0.949202,0.975691,0.981424,0.972784,0.972692,1.021470,0.989410,0.985552,0.971171,0.980364,0.961501,0.937067,0.942141,0.937990,0.934651,0.955913,0.897937,0.943309,0.961764,0.952380,0.948255,0.953840,0.944396,0.932752,0.945262,0.949880,0.877033,0.984310,0.985182,0.917846,0.918892,0.972524,0.952380,0.945721,0.946112,1.037709
3.190390,1.004566,0.929455,0.931653,0.949306,0.975801,0.981538,0.972883,0.972785,1.021514,0.989506,0.985655,0.971273,0.980465,0.961615,0.937211,0.942296,0.938120,0.934768,0.956119,0.898155,0.943460,0.961910,0.952529,0.948405,0.953893,0.944494,0.932864,0.945363,0.949983,0.876874,0.984523,0.985213,0.918022,0.919142,0.972652,0.952529,0.945839,0.946205,1.037762
3.198720,1.004672,0.929517,0.931759,0.949423,0.975922,0.981663,0.972994,0.972889,1.021564,0.989614,0.985770,0.971388,0.980579,0.961741,0.937368,0.942464,0.938265,0.934898,0.956342,0.898389,0.943623,0.962069,0.952690,0.948570,0.953958,0.944605,0.932989,0.945478,0.950099,0.876723,0.984749,0.985258,0.918213,0.919413,0.972792,0.952690,0.945967,0.946308,1.037816
3.207050,1.004782,0.929590,0.931877,0.949552,0.976055,0.981800,0.973116,0.973003,1.021619,0.989734,0.985897,0.971515,0.980706,0.961881,0.937539,0.942647,0.938423,0.935042,0.956581,0.898642,0.943800,0.962240,0.952864,0.948748,0.954034,0.944731,0.933129,0.945606,0.950228,0.876582,0.984985,0.985315,0.918418,0.919705,0.972943,0.952864,0.946107,0.946423,1.037872
3.215380,1.004897,0.929675,0.932008,0.949693,0.976199,0.981949,0.973248,0.973128,1.021680,0.989868,0.986036,0.971654,0.980845,0.962033,0.937722,0.942842,0.938594,0.935198,0.956836,0.898912,0.943989,0.962424,0.953050,0.948939,0.954120,0.944870,0.933282,0.945749,0.950371,0.876449,0.985233,0.985385,0.918639,0.920019,0.973106,0.953050,0.946257,0.946549,1.037928
3.223710,1.005015,0.929769,0.932152,0.949847,0.976355,0.982109,0.973391,0.973263,1.021746,0.990013,0.986187,0.971806,0.980996,0.962197,0.937920,0.943052,0.938779,0.935368,0.957108,0.899201,0.944192,0.962621,0.953249,0.949144,0.954218,0.945022,0.933449,0.945905,0.950528,0.876324,0.985491,0.985468,0.918875,0.920353,0.973280,0.953249,0.946419,0.946686,1.037985
3.232040,1.005137,0.929874,0.932307,0.950012,0.976521,0.982280,0.973545,0.973409,1.021817,0.990171,0.986350,0.971970,0.981160,0.962374,0.938130,0.943275,0.938977,0.935550,0.957397,0.899507,0.944407,0.962830,0.953461,0.949362,0.954326,0.945188,0.933630,0.946076,0.950699,0.876207,0.985759,0.985564,0.919126,0.920709,0.973466,0.953461,0.946591,0.946836,1.038043
3.240370,1.005262,0.929989,0.932475,0.950189,0.976699,0.982462,0.973709,0.973564,1.021893,0.990341,0.986525,0.972146,0.981336,0.962563,0.938353,0.943512,0.939188,0.935745,0.957701,0.899831,0.944635,0.963051,0.953686,0.949594,0.954444,0.945368,0.933824,0.946261,0.950883,0.876098,0.986036,0.985673,0.919391,0.921086,0.973664,0.953686,0.946773,0.946998,1.038102
3.248700,1.005390,0.930113,0.932654,0.950378,0.976887,0.982655,0.973883,0.973730,1.021975,0.990523,0.986712,0.972333,0.981524,0.962764,0.938590,0.943761,0.939413,0.935953,0.958022,0.900173,0.944876,0.963285,0.953923,0.949838,0.954572,0.945561,0.934032,0.946459,0.951082,0.875996,0.986322,0.985794,0.919672,0.921484,0.973873,0.953923,0.946965,0.947171,1.038161
3.257030,1.005522,0.930246,0.932844,0.950577,0.977085,0.982858,0.974066,0.973905,1.022062,0.990717,0.986909,0.972532,0.981723,0.962977,0.938839,0.944024,0.939650,0.936172,0.958358,0.900532,0.945129,0.963531,0.954172,0.950096,0.954711,0.945767,0.934252,0.946672,0.951294,0.875901,0.986616,0.985929,0.919967,0.921903,0.974093,0.954172,0.947167,0.947357,1.038221
3.265360,1.005656,0.930389,0.933045,0.950788,0.977294,0.983071,0.974260,0.974089,1.022153,0.990921,0.987117,0.972742,0.981934,0.963201,0.939100,0.944300,0.939899,0.936404,0.958711,0.900909,0.945395,0.963789,0.954434,0.950367,0.954858,0.945986,0.934486,0.946899,0.951521,0.875813,0.986918,0.986075,0.920277,0.922344,0.974324,0.954434,0.947379,0.947555,1.038282
3.273690,1.005793,0.930540,0.933257,0.951009,0.977511,0.983293,0.974462,0.974282,1.022250,0.991137,0.987336,0.972963,0.982156,0.963436,0.939373,0.944588,0.940161,0.936647,0.959079,0.901304,0.945673,0.964059,0.954708,0.950650,0.955015,0.946218,0.934732,0.947140,0.951762,0.875732,0.987227,0.986234,0.920601,0.922805,0.974567,0.954708,0.947600,0.947766,1.038343
3.282020,1.005932,0.930699,0.933479,0.951240,0.977738,0.983525,0.974673,0.974484,1.022350,0.991363,0.987565,0.973194,0.982388,0.963682,0.939658,0.944889,0.940435,0.936901,0.959462,0.901715,0.945962,0.964341,0.954993,0.950945,0.955181,0.946463,0.934990,0.947395,0.952016,0.875657,0.987542,0.986405,0.920940,0.923286,0.974821,0.954993,0.947830,0.947990,1.038404
3.290350,1.006073,0.930866,0.933711,0.951481,0.977974,0.983765,0.974892,0.974694,1.022456,0.991600,0.987803,0.973435,0.982630,0.963938,0.939955,0.945201,0.940720,0.937166,0.959860,0.902143,0.946264,0.964634,0.955290,0.951252,0.955355,0.946720,0.935261,0.947664,0.952285,0.875587,0.987862,0.986588,0.921292,0.923787,0.975085,0.955290,0.948068,0.948227,1.038466
3.298680,1.006216,0.931041,0.933952,0.951731,0.978218,0.984014,0.975119,0.974911,1.022565,0.991846,0.988051,0.973685,0.982883,0.964204,0.940263,0.945526,0.941017,0.937442,0.960273,0.902587,0.946577,0.964938,0.955599,0.951571,0.955538,0.946988,0.935543,0.947948,0.952569,0.875523,0.988187,0.986782,0.921657,0.924308,0.975360,0.955599,0.948315,0.948477,1.038528
3.307010,1.006360,0.931222,0.934202,0.951990,0.978470,0.984270,0.975354,0.975136,1.022678,0.992102,0.988308,0.973945,0.983145,0.964480,0.940582,0.945862,0.941325,0.937728,0.960701,0.903048,0.946900,0.965254,0.955919,0.951902,0.955729,0.947269,0.935837,0.948245,0.952866,0.875464,0.988516,0.986987,0.922036,0.924849,0.975645,0.955919,0.948570,0.948741,1.038591
3.315340,1.006506,0.931411,0.934460,0.952258,0.978730,0.984534,0.975596,0.975369,1.022795,0.992367,0.988573,0.974214,0.983415,0.964765,0.940912,0.946209,0.941643,0.938024,0.961142,0.903525,0.947235,0.965580,0.956249,0.952244,0.955927,0.947561,0.936142,0.948555,0.953178,0.875410,0.988848,0.987202,0.922428,0.925408,0.975941,0.956249,0.948832,0.949018,1.038653
3.323670,1.006653,0.931605,0.934727,0.952534,0.978996,0.984804,0.975845,0.975607,1.022916,0.992640,0.988846,0.974490,0.983695,0.965059,0.941252,0.946566,0.941971,0.938329,0.961597,0.904016,0.947580,0.965916,0.956590,0.952596,0.956133,0.947865,0.936458,0.948880,0.953503,0.875360,0.989182,0.987428,0.922832,0.925985,0.976246,0.956590,0.949101,0.949309,1.038715
3.332000,1.006802,0.931805,0.935002,0.952817,0.979269,0.985081,0.976100,0.975852,1.023040,0.992922,0.989126,0.974775,0.983982,0.965361,0.941601,0.946935,0.942310,0.938644,0.962065,0.904523,0.947936,0.966263,0.956941,0.952959,0.956345,0.948179,0.936785,0.949218,0.953843,0.875315,0.989518,0.987664,0.923249,0.926581,0.976561,0.956941,0.949378,0.949614,1.038777
3.340330,1.006950,0.932011,0.935283,0.953107,0.979548,0.985364,0.976360,0.976103,1.023167,0.993211,0.989414,0.975067,0.984277,0.965670,0.941960,0.947313,0.942657,0.938966,0.962546,0.905044,0.948301,0.966620,0.957302,0.953332,0.956565,0.948504,0.937121,0.949570,0.954197,0.875273,0.989855,0.987909,0.923677,0.927193,0.976885,0.957302,0.949661,0.949933,1.038840
3.348660,1.007100,0.932221,0.935572,0.953405,0.979832,0.985652,0.976626,0.976359,1.023297,0.993507,0.989708,0.975366,0.984580,0.965987,0.942328,0.947700,0.943014,0.939297,0.963039,0.905579,0.948676,0.966986,0.957673,0.953715,0.956790,0.948839,0.937468,0.949934,0.954565,0.875234,0.990192,0.988163,0.924117,0.927823,0.977218,0.957673,0.949950,0.950266,1.038901
3.356990,1.007250,0.932436,0.935866,0.953708,0.980122,0.985945,0.976897,0.976620,1.023430,0.993810,0.990008,0.975671,0.984889,0.966311,0.942704,0.948097,0.943380,0.939636,0.963544,0.906128,0.949060,0.967361,0.958053,0.954107,0.957021,0.949184,0.937823,0.950312,0.954946,0.875199,0.990529,0.988425,0.924567,0.928468,0.977560,0.958053,0.950245,0.950613,1.038963
3.365320,1.007399,0.932656,0.936167,0.954017,0.980416,0.986243,0.977172,0.976885,1.023565,0.994119,0.990314,0.975982,0.985204,0.966642,0.943088,0.948503,0.943753,0.939982,0.964060,0.906690,0.949452,0.967745,0.958442,0.954508,0.957258,0.949539,0.938187,0.950702,0.955340,0.875167,0.990865,0.988696,0.925029,0.929129,0.977911,0.958442,0.950545,0.950974,1.039024
3.373650,1.007549,0.932879,0.936473,0.954332,0.980715,0.986544,0.977451,0.977154,1.023702,0.994433,0.990625,0.976299,0.985525,0.966978,0.943480,0.948917,0.944134,0.940334,0.964588,0.907264,0.949853,0.968137,0.958839,0.954917,0.957499,0.949902,0.938560,0.951105,0.955748,0.875137,0.991200,0.988974,0.925500,0.929805,0.978270,0.958839,0.950851,0.951349,1.039084
3.381980,1.007698,0.933105,0.936783,0.954651,0.981017,0.986850,0.977734,0.977428,1.023841,0.994753,0.990941,0.976620,0.985852,0.967320,0.943880,0.949339,0.944523,0.940694,0.965126,0.907851,0.950262,0.968538,0.959244,0.955335,0.957746,0.950274,0.938941,0.951520,0.956169,0.875109,0.991533,0.989259,0.925981,0.930495,0.978636,0.959244,0.951161,0.951738,1.039144
3.390310,1.007847,0.933334,0.937099,0.954975,0.981323,0.987158,0.978021,0.977704,1.023983,0.995078,0.991260,0.976946,0.986183,0.967667,0.944286,0.949769,0.944919,0.941059,0.965674,0.908449,0.950678,0.968946,0.959657,0.955760,0.957997,0.950655,0.939330,0.951947,0.956603,0.875082,0.991864,0.989550,0.926472,0.931198,0.979010,0.959657,0.951476,0.952140,1.039203
3.398640,1.007995,0.933565,0.937418,0.955303,0.981632,0.987469,0.978310,0.977984,1.024125,0.995407,0.991584,0.977277,0.986519,0.968019,0.944699,0.950205,0.945321,0.941429,0.966231,0.909058,0.951102,0.969362,0.960078,0.956192,0.958251,0.951043,0.939725,0.952385,0.957049,0.875058,0.992193,0.989847,0.926971,0.931914,0.979391,0.960078,0.951794,0.952556,1.039262
3.406970,1.008142,0.933799,0.937740,0.955635,0.981943,0.987783,0.978602,0.978266,1.024269,0.995740,0.991911,0.977611,0.986858,0.968375,0.945117,0.950648,0.945729,0.941805,0.966797,0.909677,0.951532,0.969784,0.960505,0.956631,0.958510,0.951439,0.940128,0.952835,0.957507,0.875034,0.992520,0.990149,0.927478,0.932643,0.979778,0.960505,0.952116,0.952986,1.039320
3.415300,1.008288,0.934034,0.938066,0.955969,0.982256,0.988099,0.978895,0.978550,1.024414,0.996076,0.992241,0.977948,0.987201,0.968735,0.945542,0.951098,0.946142,0.942185,0.967372,0.910306,0.951968,0.970213,0.960938,0.957077,0.958771,0.951842,0.940536,0.953295,0.957976,0.875012,0.992843,0.990456,0.927993,0.933383,0.980173,0.960938,0.952441,0.953428,1.039376
3.423630,1.008432,0.934271,0.938395,0.956307,0.982572,0.988416,0.979191,0.978836,1.024561,0.996416,0.992573,0.978287,0.987547,0.969098,0.945971,0.951553,0.946560,0.942569,0.967954,0.910944,0.952411,0.970648,0.961378,0.957528,0.959036,0.952251,0.940951,0.953766,0.958457,0.874989,0.993163,0.990768,0.928516,0.934134,0.980573,0.961378,0.952769,0.953884,1.039432
3.431960,1.008575,0.934509,0.938725,0.956647,0.982888,0.988735,0.979488,0.979123,1.024707,0.996757,0.992908,0.978630,0.987896,0.969464,0.946405,0.952013,0.946984,0.942957,0.968544,0.911592,0.952859,0.971089,0.961823,0.957985,0.959303,0.952666,0.941370,0.954246,0.958949,0.874968,0.993480,0.991082,0.929046,0.934895,0.980978,0.961823,0.953100,0.954352,1.039487
3.440290,1.008717,0.934747,0.939058,0.956988,0.983206,0.989054,0.979786,0.979412,1.024855,0.997101,0.993243,0.978973,0.988247,0.969832,0.946842,0.952478,0.947411,0.943348,0.969141,0.912247,0.953311,0.971534,0.962274,0.958447,0.959572,0.953087,0.941795,0.954736,0.959452,0.874946,0.993793,0.991400,0.929582,0.935666,0.981389,0.962274,0.953433,0.954832,1.039541
3.448620,1.008857,0.934985,0.939391,0.957331,0.983524,0.989374,0.980084,0.979701,1.025002,0.997446,0.993580,0.979318,0.988599,0.970202,0.947284,0.952947,0.947842,0.943742,0.969745,0.912910,0.953769,0.971985,0.962729,0.958913,0.959843,0.953513,0.942224,0.955235,0.959964,0.874924,0.994102,0.991720,0.930123,0.936446,0.981805,0.962729,0.953767,0.955324,1.039594
3.456950,1.008994,0.935223,0.939726,0.957675,0.983842,0.989693,0.980383,0.979990,1.025150,0.997791,0.993918,0.979664,0.988952,0.970574,0.947729,0.953421,0.948276,0.944138,0.970354,0.913579,0.954230,0.972440,0.963189,0.959383,0.960115,0.953944,0.942656,0.955743,0.960486,0.874902,0.994407,0.992041,0.930671,0.937233,0.982225,0.963189,0.954103,0.955828,1.039645
3.465280,1.009130,0.935461,0.940061,0.958019,0.984160,0.990012,0.980681,0.980280,1.025298,0.998138,0.994255,0.980011,0.989306,0.970946,0.948176,0.953897,0.948713,0.944537,0.970968,0.914256,0.954695,0.972899,0.963652,0.959858,0.960388,0.954379,0.943093,0.956258,0.961017,0.874878,0.994707,0.992363,0.931223,0.938028,0.982650,0.963652,0.954439,0.956342,1.039695
3.473610,1.009263,0.935697,0.940396,0.958364,0.984478,0.990330,0.980979,0.980569,1.025445,0.998484,0.994593,0.980357,0.989659,0.971319,0.948626,0.954377,0.949152,0.944936,0.971587,0.914938,0.955163,0.973361,0.964119,0.960335,0.960662,0.954817,0.943532,0.956781,0.961557,0.874854,0.995003,0.992686,0.931780,0.938830,0.983078,0.964119,0.954777,0.956868,1.039744
3.481940,1.009393,0.935933,0.940730,0.958708,0.984794,0.990648,0.981276,0.980857,1.025591,0.998830,0.994929,0.980702,0.990013,0.971692,0.949078,0.954859,0.949593,0.945337,0.972210,0.915625,0.955634,0.973827,0.964589,0.960815,0.960936,0.955259,0.943973,0.957311,0.962104,0.874829,0.995294,0.993008,0.932341,0.939637,0.983509,0.964589,0.955115,0.957403,1.039791
3.490270,1.009522,0.936166,0.941064,0.959051,0.985109,0.990963,0.981571,0.981144,1.025737,0.999174,0.995264,0.981047,0.990366,0.972065,0.949530,0.955343,0.950035,0.945738,0.972837,0.916317,0.956108,0.974295,0.965062,0.961297,0.961210,0.955704,0.944417,0.957848,0.962659,0.874802,0.995579,0.993329,0.932905,0.940450,0.983943,0.965062,0.955452,0.957948,1.039837
3.498600,1.009647,0.936398,0.941397,0.959394,0.985422,0.991276,0.981865,0.981430,1.025882,0.999517,0.995598,0.981390,0.990717,0.972437,0.949984,0.955828,0.950479,0.946139,0.973467,0.917013,0.956583,0.974765,0.965536,0.961780,0.961484,0.956151,0.944862,0.958390,0.963221,0.874773,0.995860,0.993649,0.933472,0.941268,0.984379,0.965536,0.955790,0.958502,1.039881
3.506930,1.009770,0.936628,0.941728,0.959734,0.985733,0.991587,0.982157,0.981713,1.026026,0.999859,0.995929,0.981731,0.991066,0.972807,0.950438,0.956315,0.950922,0.946540,0.974099,0.917712,0.957059,0.975237,0.966012,0.962265,0.961757,0.956600,0.945308,0.958938,0.963790,0.874743,0.996135,0.993966,0.934042,0.942090,0.984818,0.966012,0.956127,0.959065,1.039924
3.515260,1.009889,0.936855,0.942057,0.960073,0.986041,0.991896,0.982447,0.981995,1.026168,1.000197,0.996258,0.982070,0.991414,0.973176,0.950893,0.956802,0.951366,0.946940,0.974734,0.918415,0.957536,0.975710,0.966489,0.962751,0.962029,0.957050,0.945755,0.959491,0.964364,0.874711,0.996405,0.994281,0.934614,0.942915,0.985258,0.966489,0.956462,0.959635,1.039966
3.523590,1.010006,0.937079,0.942384,0.960409,0.986347,0.992201,0.982734,0.982274,1.026308,1.000533,0.996584,0.982406,0.991758,0.973543,0.951346,0.957289,0.951810,0.947338,0.975370,0.919120,0.958014,0.976183,0.966967,0.963238,0.962300,0.957501,0.946202,0.960048,0.964944,0.874676,0.996669,0.994592,0.935188,0.943743,0.985699,0.966967,0.956797,0.960213,1.040005
3.531920,1.010119,0.937301,0.942708,0.960743,0.986649,0.992503,0.983018,0.982550,1.026447,1.000866,0.996907,0.982739,0.992100,0.973907,0.951799,0.957776,0.952252,0.947736,0.976007,0.919827,0.958492,0.976657,0.967445,0.963724,0.962569,0.957952,0.946649,0.960609,0.965528,0.874639,0.996927,0.994900,0.935762,0.944574,0.986141,0.967445,0.957130,0.960798,1.040043
3.540250,1.010230,0.937519,0.943029,0.961074,0.986948,0.992802,0.983298,0.982823,1.026584,1.001195,0.997226,0.983068,0.992438,0.974268,0.952251,0.958262,0.952693,0.948131,0.976645,0.920535,0.958969,0.977132,0.967923,0.964210,0.962836,0.958404,0.947095,0.961173,0.966116,0.874600,0.997179,0.995203,0.936338,0.945406,0.986583,0.967923,0.957461,0.961389,1.040079
3.548580,1.010337,0.937733,0.943346,0.961401,0.987243,0.993096,0.983575,0.983093,1.026719,1.001521,0.997542,0.983394,0.992773,0.974627,0.952701,0.958747,0.953133,0.948525,0.977283,0.921244,0.959446,0.977605,0.968401,0.964695,0.963101,0.958855,0.947539,0.961740,0.966708,0.874558,0.997425,0.995502,0.936914,0.946238,0.987026,0.968401,0.957790,0.961986,1.040114
3.556910,1.010440,0.937944,0.943661,0.961725,0.987534,0.993386,0.983849,0.983359,1.026852,1.001842,0.997853,0.983715,0.993104,0.974981,0.953148,0.959231,0.953571,0.948915,0.977920,0.921954,0.959921,0.978078,0.968877,0.965178,0.963363,0.959305,0.947983,0.962308,0.967302,0.874514,0.997665,0.995796,0.937489,0.947071,0.987467,0.968877,0.958117,0.962588,1.040146
3.565240,1.010540,0.938151,0.943971,0.962045,0.987821,0.993672,0.984118,0.983622,1.026982,1.002159,0.998159,0.984032,0.993430,0.975332,0.953594,0.959713,0.954006,0.949303,0.978557,0.922663,0.960395,0.978549,0.969352,0.965660,0.963623,0.959754,0.948424,0.962879,0.967899,0.874466,0.997899,0.996084,0.938064,0.947904,0.987909,0.969352,0.958441,0.963194,1.040177
3.573570,1.010637,0.938354,0.944277,0.962361,0.988104,0.993954,0.984383,0.983880,1.027109,1.002471,0.998462,0.984345,0.993752,0.975679,0.954037,0.960192,0.954439,0.949688,0.979192,0.923372,0.960867,0.979019,0.969826,0.966140,0.963881,0.960201,0.948864,0.963450,0.968498,0.874416,0.998127,0.996367,0.938639,0.948737,0.988349,0.969826,0.958762,0.963804,1.040206
3.581900,1.010730,0.938553,0.944579,0.962673,0.988382,0.994230,0.984644,0.984134,1.027235,1.002778,0.998759,0.984653,0.994069,0.976022,0.954476,0.960669,0.954869,0.950069,0.979826,0.924080,0.961337,0.979487,0.970297,0.966618,0.964135,0.960646,0.949300,0.964022,0.969097,0.874363,0.998348,0.996645,0.939211,0.949567,0.988787,0.970297,0.959081,0.964417,1.040233
3.590230,1.010820,0.938747,0.944877,0.962980,0.988655,0.994502,0.984900,0.984384,1.027357,1.003080,0.999051,0.984955,0.994382,0.976360,0.954913,0.961143,0.955295,0.950446,0.980458,0.924786,0.961804,0.979953,0.970766,0.967092,0.964385,0.961089,0.949734,0.964593,0.969698,0.874307,0.998562,0.996916,0.939783,0.950397,0.989224,0.970766,0.959396,0.965033,1.040259
3.598560,1.010907,0.938937,0.945169,0.963282,0.988923,0.994769,0.985152,0.984629,1.027476,1.003377,0.999338,0.985253,0.994689,0.976693,0.955345,0.961614,0.955718,0.950819,0.981087,0.925490,0.962268,0.980415,0.971232,0.967564,0.964633,0.961529,0.950165,0.965164,0.970298,0.874248,0.998770,0.997182,0.940352,0.951223,0.989659,0.971232,0.959708,0.965651,1.040282
3.606890,1.010989,0.939122,0.945457,0.963579,0.989186,0.995030,0.985399,0.984870,1.027593,1.003668,0.999619,0.985545,0.994990,0.977022,0.955774,0.962081,0.956137,0.951188,0.981713,0.926191,0.962728,0.980875,0.971695,0.968032,0.964876,0.961966,0.950591,0.965734,0.970898,0.874185,0.998972,0.997441,0.940919,0.952047,0.990091,0.971695,0.960017,0.966269,1.040304
3.615220,1.011069,0.939303,0.945740,0.963872,0.989444,0.995286,0.985640,0.985105,1.027707,1.003954,0.999895,0.985832,0.995286,0.977345,0.956198,0.962544,0.956552,0.951552,0.982336,0.926890,0.963185,0.981331,0.972154,0.968497,0.965117,0.962400,0.951014,0.966302,0.971496,0.874120,0.999167,0.997694,0.941483,0.952868,0.990520,0.972154,0.960322,0.966888,1.040324
3.623550,1.011144,0.939479,0.946018,0.964159,0.989696,0.995536,0.985877,0.985336,1.027817,1.004233,1.000165,0.986112,0.995577,0.977663,0.956618,0.963003,0.956962,0.951912,0.982955,0.927585,0.963638,0.981784,0.972610,0.968958,0.965353,0.962830,0.951433,0.966868,0.972093,0.874052,0.999355,0.997940,0.942043,0.953685,0.990946,0.972610,0.960623,0.967508,1.040341
3.631880,1.011217,0.939650,0.946290,0.964440,0.989943,0.995781,0.986108,0.985562,1.027924,1.004507,1.000429,0.986387,0.995861,0.977975,0.957033,0.963458,0.957367,0.952267,0.983570,0.928277,0.964087,0.982232,0.973061,0.969414,0.965585,0.963256,0.951848,0.967432,0.972688,0.873981,0.999537,0.998179,0.942601,0.954498,0.991368,0.973061,0.960920,0.968126,1.040358
3.640210,1.011286,0.939816,0.946557,0.964716,0.990184,0.996020,0.986334,0.985782,1.028028,1.004774,1.000687,0.986656,0.996140,0.978281,0.957444,0.963907,0.957768,0.952617,0.984181,0.928965,0.964531,0.982676,0.973508,0.969866,0.965813,0.963677,0.952258,0.967992,0.973280,0.873907,0.999713,0.998412,0.943155,0.955306,0.991787,0.973508,0.961214,0.968743,1.040372
3.648540,1.011351,0.939978,0.946818,0.964986,0.990420,0.996253,0.986554,0.985997,1.028129,1.005036,1.000939,0.986919,0.996412,0.978582,0.957848,0.964352,0.958164,0.952961,0.984787,0.929648,0.964971,0.983115,0.973951,0.970313,0.966037,0.964094,0.952662,0.968549,0.973868,0.873830,0.999882,0.998638,0.943705,0.956108,0.992201,0.973951,0.961503,0.969358,1.040384
3.656870,1.011413,0.940134,0.947074,0.965251,0.990649,0.996480,0.986769,0.986207,1.028226,1.005291,1.001185,0.987176,0.996679,0.978877,0.958248,0.964792,0.958554,0.953300,0.985388,0.930326,0.965405,0.983550,0.974388,0.970754,0.966256,0.964506,0.953062,0.969101,0.974453,0.873750,1.000044,0.998857,0.944250,0.956906,0.992611,0.974388,0.961788,0.969971,1.040395
3.665200,1.011472,0.940286,0.947324,0.965509,0.990873,0.996701,0.986978,0.986411,1.028320,1.005540,1.001425,0.987426,0.996939,0.979166,0.958642,0.965226,0.958939,0.953633,0.985984,0.930999,0.965834,0.983979,0.974820,0.971191,0.966471,0.964913,0.953456,0.969649,0.975033,0.873668,1.000199,0.999070,0.944791,0.957697,0.993017,0.974820,0.962069,0.970580,1.040404
3.673530,1.011528,0.940433,0.947568,0.965762,0.991091,0.996916,0.987182,0.986610,1.028411,1.005782,1.001658,0.987670,0.997193,0.979449,0.959030,0.965654,0.959318,0.953961,0.986574,0.931667,0.966257,0.984403,0.975247,0.971622,0.966682,0.965314,0.953845,0.970193,0.975608,0.873583,1.000348,0.999275,0.945327,0.958482,0.993417,0.975247,0.962346,0.971186,1.040411
3.681860,1.011580,0.940575,0.947807,0.966009,0.991303,0.997125,0.987380,0.986803,1.028498,1.006018,1.001885,0.987908,0.997440,0.979725,0.959412,0.966077,0.959691,0.954283,0.987158,0.932329,0.966675,0.984821,0.975667,0.972047,0.966889,0.965710,0.954228,0.970730,0.976179,0.873495,1.000491,0.999474,0.945858,0.959261,0.993812,0.975667,0.962619,0.971787,1.040416
3.690190,1.011630,0.940712,0.948039,0.966249,0.991509,0.997328,0.987572,0.986991,1.028581,1.006247,1.002106,0.988139,0.997681,0.979995,0.959788,0.966493,0.960058,0.954599,0.987736,0.932984,0.967087,0.985233,0.976082,0.972466,0.967090,0.966100,0.954604,0.971262,0.976743,0.873405,1.000627,0.999666,0.946384,0.960032,0.994202,0.976082,0.962887,0.972383,1.040420
3.698520,1.011676,0.940845,0.948266,0.966484,0.991709,0.997525,0.987758,0.987173,1.028661,1.006470,1.002320,0.988364,0.997915,0.980259,0.960158,0.966903,0.960419,0.954908,0.988308,0.933634,0.967492,0.985639,0.976491,0.972879,0.967288,0.966484,0.954975,0.971788,0.977301,0.873312,1.000757,0.999850,0.946904,0.960796,0.994587,0.976491,0.963151,0.972974,1.040421
3.706850,1.011720,0.940973,0.948487,0.966712,0.991902,0.997716,0.987939,0.987349,1.028738,1.006686,1.002528,0.988582,0.998143,0.980516,0.960521,0.967307,0.960774,0.955212,0.988873,0.934276,0.967892,0.986039,0.976893,0.973285,0.967481,0.966862,0.955340,0.972307,0.977852,0.873218,1.000880,1.000028,0.947419,0.961552,0.994965,0.976893,0.963411,0.973559,1.040422
3.715180,1.011761,0.941096,0.948702,0.966935,0.992090,0.997900,0.988113,0.987520,1.028811,1.006895,1.002730,0.988794,0.998364,0.980767,0.960878,0.967704,0.961122,0.955510,0.989431,0.934911,0.968284,0.986432,0.977289,0.973685,0.967669,0.967233,0.955698,0.972820,0.978397,0.873121,1.000997,1.000199,0.947927,0.962300,0.995337,0.977289,0.963667,0.974137,1.040420
3.723510,1.011799,0.941215,0.948912,0.967151,0.992272,0.998079,0.988282,0.987685,1.028880,1.007098,1.002925,0.988999,0.998579,0.981012,0.961228,0.968094,0.961464,0.955801,0.989982,0.935540,0.968670,0.986819,0.977678,0.974079,0.967853,0.967598,0.956049,0.973325,0.978933,0.873022,1.001107,1.000363,0.948430,0.963040,0.995703,0.977678,0.963918,0.974708,1.040417
3.731840,1.011834,0.941330,0.949115,0.967361,0.992447,0.998251,0.988445,0.987844,1.028946,1.007295,1.003113,0.989198,0.998787,0.981250,0.961571,0.968478,0.961799,0.956086,0.990525,0.936160,0.969049,0.987198,0.978060,0.974465,0.968033,0.967957,0.956394,0.973822,0.979462,0.872922,1.001211,1.000520,0.948925,0.963771,0.996063,0.978060,0.964165,0.975271,1.040413
3.740170,1.011867,0.941440,0.949313,0.967564,0.992617,0.998417,0.988603,0.987998,1.029008,1.007484,1.003295,0.989390,0.998989,0.981481,0.961908,0.968854,0.962127,0.956364,0.991061,0.936773,0.969421,0.987571,0.978435,0.974845,0.968208,0.968308,0.956732,0.974312,0.979983,0.872820,1.001309,1.000671,0.949415,0.964493,0.996415,0.978435,0.964408,0.975826,1.040407
3.748500,1.011898,0.941546,0.949505,0.967762,0.992780,0.998577,0.988754,0.988145,1.029067,1.007667,1.003471,0.989576,0.999183,0.981706,0.962237,0.969224,0.962449,0.956637,0.991589,0.937378,0.969786,0.987936,0.978803,0.975218,0.968378,0.968653,0.957063,0.974793,0.980495,0.872717,1.001401,1.000814,0.949897,0.965205,0.996761,0.978803,0.964647,0.976373,1.040400
3.756830,1.011926,0.941648,0.949692,0.967953,0.992937,0.998731,0.988900,0.988288,1.029122,1.007844,1.003640,0.989755,0.999372,0.981924,0.962559,0.969586,0.962764,0.956903,0.992109,0.937974,0.970143,0.988294,0.979163,0.975583,0.968545,0.968990,0.957387,0.975265,0.980998,0.872612,1.001486,1.000951,0.950373,0.965909,0.997100,0.979163,0.964882,0.976910,1.040391
3.765160,1.011952,0.941746,0.949873,0.968139,0.993089,0.998879,0.989040,0.988424,1.029174,1.008014,1.003803,0.989928,0.999554,0.982136,0.962875,0.969941,0.963072,0.957162,0.992621,0.938562,0.970494,0.988645,0.979516,0.975941,0.968707,0.969321,0.957705,0.975729,0.981491,0.872506,1.001565,1.001082,0.950842,0.966602,0.997432,0.979516,0.965113,0.977438,1.040380
3.773490,1.011976,0.941840,0.950048,0.968318,0.993234,0.999021,0.989174,0.988555,1.029223,1.008177,1.003959,0.990094,0.999729,0.982341,0.963183,0.970288,0.963373,0.957415,0.993125,0.939141,0.970836,0.988987,0.979862,0.976292,0.968865,0.969644,0.958015,0.976184,0.981975,0.872399,1.001639,1.001205,0.951303,0.967285,0.997756,0.979862,0.965341,0.977956,1.040369
3.781820,1.011999,0.941931,0.950218,0.968491,0.993374,0.999157,0.989302,0.988681,1.029268,1.008334,1.004109,0.990254,0.999898,0.982540,0.963484,0.970628,0.963667,0.957662,0.993620,0.939712,0.971172,0.989323,0.980199,0.976635,0.969019,0.969960,0.958318,0.976630,0.982449,0.872292,1.001706,1.001323,0.951758,0.967959,0.998073,0.980199,0.965564,0.978464,1.040356
3.790150,1.012019,0.942018,0.950383,0.968658,0.993507,0.999287,0.989425,0.988801,1.029309,1.008485,1.004253,0.990408,1.000060,0.982732,0.963778,0.970961,0.963954,0.957902,0.994107,0.940273,0.971499,0.989650,0.980529,0.976971,0.969168,0.970268,0.958614,0.977065,0.982913,0.872184,1.001768,1.001433,0.952205,0.968621,0.998383,0.980529,0.965784,0.978962,1.040342
3.798480,1.012038,0.942102,0.950542,0.968820,0.993635,0.999411,0.989543,0.988915,1.029347,1.008629,1.004391,0.990555,1.000216,0.982918,0.964064,0.971286,0.964234,0.958137,0.994585,0.940825,0.971819,0.989969,0.980851,0.977299,0.969314,0.970570,0.958903,0.977492,0.983366,0.872075,1.001824,1.001538,0.952644,0.969273,0.998684,0.980851,0.966000,0.979448,1.040327
3.806810,1.012055,0.942183,0.950696,0.968975,0.993757,0.999529,0.989654,0.989024,1.029382,1.008767,1.004523,0.990697,1.000366,0.983097,0.964344,0.971603,0.964508,0.958364,0.995054,0.941368,0.972131,0.990281,0.981166,0.977620,0.969456,0.970864,0.959184,0.977908,0.983809,0.871967,1.001874,1.001636,0.953076,0.969914,0.998979,0.981166,0.966213,0.979923,1.040310
3.815140,1.012071,0.942260,0.950846,0.969125,0.993874,0.999642,0.989761,0.989128,1.029414,1.008899,1.004649,0.990832,1.000510,0.983270,0.964616,0.971913,0.964774,0.958586,0.995514,0.941902,0.972436,0.990585,0.981472,0.977933,0.969595,0.971150,0.959459,0.978314,0.984241,0.871858,1.001918,1.001728,0.953500,0.970545,0.999265,0.981472,0.966423,0.980386,1.040293
3.823470,1.012085,0.942335,0.950990,0.969269,0.993985,0.999749,0.989862,0.989227,1.029442,1.009025,1.004768,0.990961,1.000647,0.983437,0.964881,0.972216,0.965033,0.958802,0.995966,0.942426,0.972733,0.990880,0.981771,0.978239,0.969730,0.971429,0.959726,0.978710,0.984662,0.871750,1.001957,1.001814,0.953916,0.971164,0.999544,0.981771,0.966629,0.980838,1.040274
3.831800,1.012098,0.942407,0.951130,0.969407,0.994090,0.999850,0.989957,0.989320,1.029468,1.009145,1.004882,0.991084,1.000778,0.983598,0.965139,0.972510,0.965286,0.959011,0.996408,0.942940,0.973022,0.991168,0.982061,0.978537,0.969861,0.971701,0.959987,0.979095,0.985071,0.871642,1.001990,1.001894,0.954324,0.971771,0.999814,0.982061,0.966833,0.981277,1.040255
3.840130,1.012110,0.942476,0.951265,0.969540,0.994190,0.999946,0.990048,0.989408,1.029490,1.009258,1.004990,0.991201,1.000904,0.983752,0.965389,0.972798,0.965532,0.959214,0.996842,0.943444,0.973303,0.991448,0.982344,0.978827,0.969989,0.971965,0.960240,0.979470,0.985469,0.871534,1.002018,1.001968,0.954725,0.972368,1.000077,0.982344,0.967033,0.981704,1.040234
3.848460,1.012122,0.942543,0.951395,0.969668,0.994285,1.000037,0.990133,0.989491,1.029509,1.009366,1.005093,0.991312,1.001023,0.983901,0.965633,0.973077,0.965771,0.959412,0.997266,0.943939,0.973577,0.991720,0.982619,0.979110,0.970113,0.972221,0.960486,0.979835,0.985856,0.871427,1.002040,1.002036,0.955117,0.972952,1.000333,0.982619,0.967231,0.982119,1.040213
3.856790,1.012132,0.942608,0.951521,0.969790,0.994374,1.000122,0.990213,0.989569,1.029525,1.009468,1.005189,0.991418,1.001137,0.984043,0.965869,0.973350,0.966003,0.959604,0.997681,0.944423,0.973843,0.991984,0.982886,0.979385,0.970235,0.972471,0.960725,0.980188,0.986230,0.871322,1.002058,1.002099,0.955502,0.973525,1.000580,0.982886,0.967426,0.982520,1.040191
3.865120,1.012142,0.942671,0.951643,0.969907,0.994459,1.000202,0.990289,0.989642,1.029538,1.009564,1.005280,0.991517,1.001245,0.984180,0.966099,0.973614,0.966229,0.959790,0.998087,0.944898,0.974101,0.992241,0.983145,0.979652,0.970353,0.972713,0.960957,0.980531,0.986593,0.871217,1.002070,1.002156,0.955878,0.974086,1.000820,0.983145,0.967619,0.982908,1.040168
3.873450,1.012151,0.942732,0.951760,0.970018,0.994538,1.000277,0.990359,0.989711,1.029549,1.009655,1.005366,0.991612,1.001347,0.984311,0.966321,0.973872,0.966448,0.959970,0.998484,0.945362,0.974352,0.992489,0.983396,0.979912,0.970469,0.972948,0.961182,0.980863,0.986945,0.871113,1.002077,1.002207,0.956247,0.974636,1.001052,0.983396,0.967809,0.983284,1.040144
3.881780,1.012159,0.942791,0.951874,0.970125,0.994612,1.000347,0.990424,0.989774,1.029556,1.009740,1.005447,0.991701,1.001443,0.984437,0.966537,0.974122,0.966660,0.960145,0.998871,0.945816,0.974595,0.992730,0.983640,0.980165,0.970581,0.973175,0.961401,0.981184,0.987284,0.871011,1.002079,1.002253,0.956607,0.975173,1.001277,0.983640,0.967997,0.983646,1.040120
3.890110,1.012168,0.942848,0.951984,0.970227,0.994681,1.000413,0.990485,0.989833,1.029561,1.009820,1.005522,0.991785,1.001535,0.984556,0.966746,0.974364,0.966867,0.960314,0.999250,0.946261,0.974831,0.992963,0.983876,0.980411,0.970691,0.973396,0.961613,0.981494,0.987611,0.870911,1.002076,1.002293,0.956959,0.975699,1.001494,0.983876,0.968183,0.983994,1.040094
3.898440,1.012176,0.942904,0.952090,0.970324,0.994746,1.000473,0.990541,0.989888,1.029563,1.009895,1.005592,0.991863,1.001621,0.984671,0.966948,0.974600,0.967066,0.960478,0.999619,0.946695,0.975060,0.993189,0.984105,0.980649,0.970799,0.973609,0.961818,0.981793,0.987926,0.870812,1.002069,1.002329,0.957304,0.976212,1.001704,0.984105,0.968367,0.984330,1.040069
3.906770,1.012183,0.942959,0.952192,0.970416,0.994806,1.000528,0.990593,0.989938,1.029563,1.009964,1.005658,0.991936,1.001701,0.984780,0.967143,0.974828,0.967260,0.960637,0.999979,0.947118,0.975281,0.993407,0.984326,0.980880,0.970904,0.973815,0.962016,0.982082,0.988230,0.870715,1.002056,1.002359,0.957640,0.976713,1.001906,0.984326,0.968550,0.984651,1.040043
3.915100,1.012191,0.943013,0.952291,0.970504,0.994862,1.000579,0.990641,0.989984,1.029560,1.010029,1.005718,0.992005,1.001777,0.984884,0.967333,0.975050,0.967448,0.960791,1.000330,0.947532,0.975496,0.993618,0.984540,0.981104,0.971007,0.974014,0.962208,0.982359,0.988521,0.870620,1.002039,1.002384,0.957968,0.977203,1.002101,0.984540,0.968730,0.984959,1.040016
3.923430,1.012198,0.943066,0.952387,0.970587,0.994913,1.000626,0.990684,0.990025,1.029554,1.010088,1.005773,0.992068,1.001848,0.984983,0.967515,0.975264,0.967629,0.960940,1.000672,0.947935,0.975703,0.993821,0.984747,0.981321,0.971108,0.974207,0.962394,0.982625,0.988800,0.870528,1.002018,1.002404,0.958288,0.977680,1.002289,0.984747,0.968909,0.985254,1.039988
3.931760,1.012206,0.943117,0.952479,0.970666,0.994959,1.000668,0.990722,0.990063,1.029547,1.010143,1.005824,0.992127,1.001914,0.985076,0.967692,0.975472,0.967805,0.961083,1.001004,0.948329,0.975903,0.994018,0.984947,0.981531,0.971206,0.974392,0.962573,0.982881,0.989067,0.870437,1.001992,1.002420,0.958600,0.978145,1.002470,0.984947,0.969087,0.985534,1.039961
3.940090,1.012214,0.943169,0.952569,0.970741,0.995002,1.000706,0.990757,0.990096,1.029536,1.010193,1.005871,0.992181,1.001975,0.985165,0.967862,0.975673,0.967975,0.961222,1.001328,0.948712,0.976096,0.994207,0.985139,0.981734,0.971303,0.974571,0.962746,0.983125,0.989322,0.870349,1.001963,1.002431,0.958905,0.978598,1.002644,0.985139,0.969263,0.985801,1.039933
3.948420,1.012222,0.943219,0.952655,0.970812,0.995040,1.000740,0.990788,0.990126,1.029524,1.010238,1.005913,0.992231,1.002031,0.985249,0.968026,0.975867,0.968139,0.961357,1.001643,0.949085,0.976283,0.994389,0.985325,0.981931,0.971398,0.974743,0.962913,0.983359,0.989565,0.870264,1.001929,1.002437,0.959201,0.979039,1.002811,0.985325,0.969438,0.986054,1.039904
3.956750,1.012230,0.943269,0.952739,0.970879,0.995075,1.000770,0.990815,0.990151,1.029510,1.010279,1.005950,0.992276,1.002083,0.985329,0.968184,0.976055,0.968297,0.961487,1.001949,0.949448,0.976463,0.994565,0.985504,0.982121,0.971491,0.974909,0.963074,0.983583,0.989796,0.870181,1.001891,1.002439,0.959489,0.979468,1.002972,0.985504,0.969612,0.986294,1.039876
3.965080,1.012239,0.943319,0.952820,0.970942,0.995106,1.000796,0.990838,0.990173,1.029493,1.010315,1.005984,0.992317,1.002131,0.985404,0.968336,0.976236,0.968450,0.961612,1.002247,0.949801,0.976637,0.994734,0.985676,0.982304,0.971583,0.975069,0.963229,0.983795,0.990016,0.870101,1.001850,1.002436,0.959770,0.979884,1.003126,0.985676,0.969785,0.986520,1.039847
3.973410,1.012247,0.943368,0.952898,0.971001,0.995133,1.000818,0.990858,0.990192,1.029475,1.010348,1.006013,0.992354,1.002174,0.985475,0.968483,0.976412,0.968598,0.961734,1.002535,0.950144,0.976804,0.994897,0.985842,0.982481,0.971673,0.975222,0.963379,0.983997,0.990223,0.870023,1.001805,1.002429,0.960043,0.980289,1.003273,0.985842,0.969958,0.986733,1.039817
3.981740,1.012257,0.943417,0.952974,0.971057,0.995156,1.000837,0.990874,0.990207,1.029454,1.010376,1.006039,0.992386,1.002213,0.985541,0.968624,0.976581,0.968741,0.961851,1.002815,0.950477,0.976965,0.995053,0.986002,0.982652,0.971761,0.975368,0.963522,0.984188,0.990419,0.869948,1.001756,1.002418,0.960308,0.980682,1.003414,0.986002,0.970129,0.986932,1.039788
3.990070,1.012267,0.943466,0.953048,0.971109,0.995176,1.000852,0.990887,0.990219,1.029432,1.010401,1.006061,0.992415,1.002249,0.985603,0.968759,0.976744,0.968878,0.961964,1.003087,0.950801,0.977120,0.995203,0.986155,0.982817,0.971848,0.975509,0.963660,0.984370,0.990604,0.869876,1.001705,1.002403,0.960566,0.981063,1.003549,0.986155,0.970300,0.987118,1.039758
3.998400,1.012277,0.943514,0.953119,0.971158,0.995193,1.000864,0.990897,0.990228,1.029408,1.010421,1.006079,0.992440,1.002280,0.985662,0.968889,0.976901,0.969010,0.962073,1.003350,0.951114,0.977269,0.995347,0.986303,0.982976,0.971934,0.975644,0.963793,0.984540,0.990777,0.869807,1.001650,1.002384,0.960816,0.981432,1.003678,0.986303,0.970470,0.987291,1.039728
4.006730,1.012288,0.943563,0.953188,0.971203,0.995206,1.000872,0.990903,0.990233,1.029382,1.010438,1.006094,0.992462,1.002308,0.985716,0.969014,0.977052,0.969138,0.962178,1.003605,0.951418,0.977412,0.995485,0.986444,0.983129,0.972018,0.975772,0.963920,0.984701,0.990939,0.869741,1.001592,1.002361,0.961059,0.981790,1.003801,0.986444,0.970640,0.987451,1.039698
4.015060,1.012299,0.943612,0.953256,0.971246,0.995217,1.000878,0.990907,0.990236,1.029355,1.010451,1.006105,0.992480,1.002332,0.985767,0.969134,0.977197,0.969260,0.962279,1.003851,0.951713,0.977550,0.995617,0.986580,0.983276,0.972102,0.975895,0.964042,0.984852,0.991089,0.869678,1.001531,1.002334,0.961294,0.982136,1.003918,0.986580,0.970809,0.987597,1.039668
4.023390,1.012311,0.943661,0.953321,0.971285,0.995224,1.000880,0.990907,0.990236,1.029326,1.010461,1.006113,0.992494,1.002352,0.985814,0.969249,0.977338,0.969378,0.962377,1.004090,0.951998,0.977682,0.995744,0.986710,0.983418,0.972184,0.976013,0.964159,0.984993,0.991229,0.869618,1.001468,1.002304,0.961522,0.982470,1.004030,0.986710,0.970978,0.987731,1.039638
4.031720,1.012323,0.943710,0.953384,0.971321,0.995228,1.000879,0.990905,0.990232,1.029295,1.010467,1.006117,0.992506,1.002369,0.985857,0.969359,0.977472,0.969492,0.962471,1.004320,0.952273,0.977809,0.995865,0.986834,0.983554,0.972265,0.976124,0.964271,0.985124,0.991358,0.869560,1.001402,1.002270,0.961743,0.982793,1.004136,0.986834,0.971146,0.987852,1.039608
4.040050,1.012336,0.943759,0.953445,0.971355,0.995230,1.000876,0.990900,0.990226,1.029264,1.010471,1.006119,0.992513,1.002383,0.985897,0.969464,0.977601,0.969601,0.962562,1.004543,0.952540,0.977930,0.995981,0.986953,0.983685,0.972345,0.976230,0.964377,0.985245,0.991476,0.869506,1.001333,1.002232,0.961956,0.983105,1.004237,0.986953,0.971314,0.987961,1.039578
4.048380,1.012350,0.943808,0.953505,0.971386,0.995228,1.000870,0.990892,0.990218,1.029230,1.010470,1.006117,0.992518,1.002393,0.985934,0.969564,0.977726,0.969705,0.962650,1.004758,0.952797,0.978046,0.996091,0.987067,0.983810,0.972424,0.976331,0.964479,0.985357,0.991583,0.869455,1.001261,1.002191,0.962163,0.983405,1.004333,0.987067,0.971482,0.988058,1.039548
4.056710,1.012364,0.943857,0.953563,0.971414,0.995224,1.000860,0.990882,0.990207,1.029196,1.010467,1.006113,0.992520,1.002401,0.985967,0.969660,0.977845,0.969805,0.962734,1.004965,0.953045,0.978157,0.996197,0.987176,0.983931,0.972503,0.976426,0.964576,0.985460,0.991680,0.869406,1.001187,1.002147,0.962362,0.983695,1.004424,0.987176,0.971650,0.988142,1.039518
4.065040,1.012379,0.943907,0.953619,0.971439,0.995218,1.000849,0.990869,0.990193,1.029160,1.010460,1.006105,0.992518,1.002405,0.985997,0.969752,0.977959,0.969901,0.962814,1.005165,0.953284,0.978264,0.996297,0.987280,0.984046,0.972580,0.976516,0.964669,0.985553,0.991767,0.869360,1.001111,1.002099,0.962555,0.983973,1.004509,0.987280,0.971817,0.988215,1.039488
4.073370,1.012394,0.943956,0.953673,0.971462,0.995209,1.000834,0.990853,0.990177,1.029123,1.010451,1.006094,0.992514,1.002406,0.986024,0.969839,0.978068,0.969993,0.962892,1.005357,0.953514,0.978365,0.996393,0.987379,0.984156,0.972656,0.976601,0.964756,0.985637,0.991844,0.869317,1.001032,1.002048,0.962741,0.984240,1.004590,0.987379,0.971984,0.988276,1.039458
4.081700,1.012409,0.944006,0.953726,0.971482,0.995197,1.000817,0.990835,0.990158,1.029085,1.010439,1.006081,0.992507,1.002404,0.986047,0.969922,0.978172,0.970081,0.962966,1.005542,0.953736,0.978462,0.996484,0.987474,0.984262,0.972731,0.976681,0.964840,0.985713,0.991911,0.869277,1.000951,1.001994,0.962920,0.984497,1.004667,0.987474,0.972151,0.988325,1.039428
4.090030,1.012425,0.944056,0.953777,0.971500,0.995182,1.000798,0.990815,0.990137,1.029045,1.010423,1.006065,0.992496,1.002399,0.986068,0.970000,0.978272,0.970165,0.963038,1.005720,0.953949,0.978554,0.996570,0.987563,0.984363,0.972805,0.976755,0.964918,0.985780,0.991968,0.869239,1.000867,1.001936,0.963093,0.984743,1.004739,0.987563,0.972317,0.988364,1.039398
4.098360,1.012442,0.944105,0.953826,0.971515,0.995166,1.000776,0.990792,0.990114,1.029005,1.010405,1.006046,0.992483,1.002391,0.986086,0.970075,0.978367,0.970245,0.963106,1.005890,0.954153,0.978642,0.996652,0.987649,0.984459,0.972879,0.976825,0.964993,0.985838,0.992016,0.869204,1.000781,1.001876,0.963259,0.984979,1.004806,0.987649,0.972484,0.988391,1.039368
4.106690,1.012458,0.944155,0.953874,0.971528,0.995147,1.000752,0.990767,0.990089,1.028963,1.010384,1.006025,0.992468,1.002380,0.986101,0.970146,0.978458,0.970321,0.963171,1.006054,0.954350,0.978726,0.996730,0.987730,0.984551,0.972951,0.976890,0.965063,0.985888,0.992054,0.869171,1.000692,1.001812,0.963419,0.985205,1.004869,0.987730,0.972650,0.988407,1.039338
4.115020,1.012475,0.944205,0.953920,0.971538,0.995125,1.000725,0.990739,0.990061,1.028921,1.010360,1.006001,0.992449,1.002367,0.986113,0.970212,0.978544,0.970394,0.963233,1.006211,0.954538,0.978805,0.996803,0.987807,0.984638,0.973022,0.976950,0.965128,0.985929,0.992083,0.869140,1.000602,1.001745,0.963573,0.985420,1.004929,0.987807,0.972815,0.988413,1.039308
4.123350,1.012493,0.944254,0.953964,0.971546,0.995101,1.000695,0.990710,0.990031,1.028877,1.010334,1.005974,0.992428,1.002351,0.986122,0.970275,0.978626,0.970462,0.963293,1.006362,0.954718,0.978880,0.996873,0.987879,0.984721,0.973092,0.977006,0.965190,0.985963,0.992103,0.869112,1.000508,1.001676,0.963720,0.985626,1.004984,0.987879,0.972981,0.988409,1.039278
4.131680,1.012510,0.944303,0.954007,0.971552,0.995075,1.000664,0.990677,0.989999,1.028832,1.010304,1.005944,0.992404,1.002332,0.986128,0.970334,0.978704,0.970527,0.963349,1.006506,0.954890,0.978951,0.996938,0.987948,0.984800,0.973161,0.977057,0.965247,0.985988,0.992115,0.869086,1.000412,1.001603,0.963862,0.985821,1.005035,0.987948,0.973145,0.988394,1.039249
4.140010,1.012527,0.944352,0.954048,0.971555,0.995046,1.000630,0.990643,0.989964,1.028787,1.010272,1.005912,0.992377,1.002310,0.986131,0.970390,0.978777,0.970589,0.963403,1.006643,0.955054,0.979018,0.996999,0.988013,0.984875,0.973229,0.977103,0.965301,0.986006,0.992118,0.869062,1.000314,1.001527,0.963998,0.986008,1.005082,0.988013,0.973310,0.988370,1.039219
4.148340,1.012545,0.944400,0.954087,0.971556,0.995015,1.000593,0.990607,0.989927,1.028740,1.010238,1.005877,0.992348,1.002286,0.986132,0.970442,0.978847,0.970646,0.963453,1.006774,0.955211,0.979082,0.997057,0.988073,0.984945,0.973296,0.977145,0.965350,0.986016,0.992113,0.869039,1.000213,1.001449,0.964127,0.986184,1.005126,0.988073,0.973474,0.988337,1.039189
4.156670,1.012562,0.944448,0.954124,0.971554,0.994981,1.000554,0.990568,0.989888,1.028693,1.010200,1.005840,0.992316,1.002258,0.986130,0.970490,0.978912,0.970701,0.963501,1.006899,0.955360,0.979141,0.997111,0.988130,0.985012,0.973362,0.977182,0.965395,0.986019,0.992099,0.869019,1.000109,1.001367,0.964251,0.986352,1.005165,0.988130,0.973638,0.988294,1.039160
4.165000,1.012580,0.944495,0.954160,0.971551,0.994945,1.000513,0.990526,0.989847,1.028645,1.010160,1.005800,0.992282,1.002229,0.986125,0.970534,0.978974,0.970751,0.963546,1.007018,0.955502,0.979197,0.997161,0.988184,0.985074,0.973426,0.977215,0.965436,0.986015,0.992078,0.869000,1.000003,1.001283,0.964370,0.986511,1.005202,0.988184,0.973801,0.988242,1.039131
4.173330,1.012597,0.944542,0.954194,0.971544,0.994907,1.000469,0.990483,0.989804,1.028595,1.010117,1.005758,0.992245,1.002196,0.986117,0.970575,0.979032,0.970799,0.963588,1.007131,0.955637,0.979249,0.997208,0.988234,0.985133,0.973489,0.977244,0.965474,0.986004,0.992049,0.868982,0.999894,1.001195,0.964483,0.986660,1.005234,0.988234,0.973963,0.988181,1.039101
4.181660,1.012614,0.944588,0.954226,0.971535,0.994866,1.000423,0.990437,0.989758,1.028545,1.010072,1.005713,0.992205,1.002161,0.986107,0.970613,0.979085,0.970843,0.963628,1.007238,0.955764,0.979297,0.997251,0.988280,0.985188,0.973551,0.977268,0.965507,0.985985,0.992013,0.868966,0.999782,1.001105,0.964591,0.986802,1.005264,0.988280,0.974124,0.988112,1.039072
4.189990,1.012631,0.944633,0.954255,0.971524,0.994823,1.000374,0.990389,0.989711,1.028495,1.010024,1.005665,0.992162,1.002123,0.986094,0.970647,0.979136,0.970883,0.963664,1.007340,0.955885,0.979342,0.997291,0.988323,0.985239,0.973611,0.977288,0.965537,0.985960,0.991969,0.868950,0.999667,1.001012,0.964693,0.986934,1.005290,0.988323,0.974285,0.988035,1.039043
4.198320,1.012647,0.944677,0.954283,0.971511,0.994778,1.000323,0.990339,0.989661,1.028443,1.009973,1.005615,0.992117,1.002083,0.986078,0.970678,0.979182,0.970920,0.963698,1.007436,0.956000,0.979384,0.997327,0.988362,0.985287,0.973670,0.977304,0.965563,0.985929,0.991918,0.868936,0.999550,1.000916,0.964791,0.987059,1.005313,0.988362,0.974445,0.987950,1.039014
4.206650,1.012663,0.944720,0.954309,0.971495,0.994730,1.000269,0.990287,0.989609,1.028390,1.009920,1.005562,0.992070,1.002039,0.986060,0.970706,0.979225,0.970954,0.963729,1.007526,0.956107,0.979422,0.997361,0.988398,0.985331,0.973727,0.977316,0.965585,0.985891,0.991861,0.868923,0.999429,1.000818,0.964883,0.987176,1.005332,0.988398,0.974604,0.987858,1.038984
4.214980,1.012678,0.944761,0.954333,0.971477,0.994680,1.000213,0.990232,0.989555,1.028337,1.009864,1.005507,0.992020,1.001994,0.986039,0.970730,0.979264,0.970985,0.963757,1.007612,0.956209,0.979457,0.997390,0.988431,0.985371,0.973782,0.977324,0.965604,0.985847,0.991797,0.868910,0.999306,1.000717,0.964971,0.987285,1.005349,0.988431,0.974762,0.987758,1.038955
4.223310,1.012693,0.944802,0.954355,0.971456,0.994627,1.000155,0.990176,0.989499,1.028283,1.009806,1.005450,0.991967,1.001946,0.986016,0.970752,0.979300,0.971012,0.963782,1.007692,0.956304,0.979489,0.997417,0.988461,0.985408,0.973837,0.977328,0.965619,0.985798,0.991726,0.868898,0.999180,1.000613,0.965054,0.987386,1.005362,0.988461,0.974919,0.987651,1.038926
4.231640,1.012706,0.944841,0.954374,0.971433,0.994572,1.000095,0.990117,0.989440,1.028229,1.009746,1.005390,0.991912,1.001895,0.985990,0.970770,0.979333,0.971036,0.963804,1.007768,0.956393,0.979517,0.997441,0.988487,0.985441,0.973889,0.977328,0.965630,0.985742,0.991650,0.868886,0.999052,1.000507,0.965133,0.987480,1.005372,0.988487,0.975075,0.987537,1.038897
4.239970,1.012720,0.944879,0.954392,0.971407,0.994515,1.000032,0.990056,0.989380,1.028174,1.009683,1.005327,0.991855,1.001842,0.985961,0.970785,0.979362,0.971057,0.963824,1.007838,0.956476,0.979543,0.997462,0.988510,0.985471,0.973940,0.977325,0.965638,0.985681,0.991567,0.868875,0.998920,1.000398,0.965207,0.987567,1.005380,0.988510,0.975230,0.987417,1.038868
4.248300,1.012732,0.944915,0.954407,0.971380,0.994456,0.999967,0.989993,0.989318,1.028118,1.009617,1.005263,0.991795,1.001787,0.985930,0.970797,0.979388,0.971075,0.963841,1.007904,0.956554,0.979565,0.997479,0.988531,0.985498,0.973988,0.977317,0.965643,0.985614,0.991478,0.868864,0.998786,1.000288,0.965277,0.987648,1.005384,0.988531,0.975383,0.987291,1.038839
4.256630,1.012744,0.944949,0.954420,0.971350,0.994395,0.999899,0.989928,0.989254,1.028061,1.009550,1.005196,0.991733,1.001729,0.985896,0.970806,0.979410,0.971090,0.963855,1.007965,0.956627,0.979584,0.997494,0.988548,0.985522,0.974036,0.977307,0.965644,0.985543,0.991385,0.868853,0.998649,1.000175,0.965342,0.987722,1.005385,0.988548,0.975536,0.987159,1.038810
4.264960,1.012754,0.944982,0.954431,0.971317,0.994331,0.999830,0.989861,0.989188,1.028004,1.009480,1.005127,0.991669,1.001669,0.985860,0.970812,0.979430,0.971102,0.963867,1.008022,0.956694,0.979601,0.997506,0.988563,0.985542,0.974081,0.977292,0.965642,0.985466,0.991285,0.868841,0.998509,1.000060,0.965404,0.987789,1.005384,0.988563,0.975686,0.987021,1.038781
4.273290,1.012764,0.945013,0.954439,0.971283,0.994265,0.999758,0.989792,0.989120,1.027947,1.009408,1.005055,0.991602,1.001607,0.985822,0.970816,0.979446,0.971111,0.963876,1.008075,0.956756,0.979614,0.997515,0.988574,0.985560,0.974124,0.977274,0.965636,0.985384,0.991181,0.868829,0.998366,0.999944,0.965462,0.987851,1.005380,0.988574,0.975836,0.986878,1.038752
4.281620,1.012773,0.945042,0.954445,0.971246,0.994198,0.999684,0.989721,0.989050,1.027889,1.009334,1.004982,0.991534,1.001543,0.985781,0.970816,0.979459,0.971117,0.963882,1.008124,0.956813,0.979625,0.997521,0.988583,0.985574,0.974166,0.977252,0.965627,0.985298,0.991072,0.868817,0.998221,0.999825,0.965516,0.987906,1.005373,0.988583,0.975984,0.986730,1.038723
4.289950,1.012780,0.945070,0.954449,0.971207,0.994128,0.999608,0.989648,0.988979,1.027830,1.009258,1.004906,0.991463,1.001476,0.985738,0.970814,0.979470,0.971120,0.963885,1.008169,0.956865,0.979633,0.997525,0.988589,0.985586,0.974205,0.977228,0.965616,0.985207,0.990959,0.868805,0.998073,0.999704,0.965567,0.987956,1.005364,0.988589,0.976130,0.986578,1.038694
4.298280,1.012787,0.945095,0.954450,0.971165,0.994056,0.999530,0.989573,0.988905,1.027772,1.009179,1.004829,0.991390,1.001407,0.985693,0.970809,0.979477,0.971120,0.963886,1.008209,0.956913,0.979638,0.997526,0.988593,0.985594,0.974243,0.977199,0.965601,0.985112,0.990840,0.868791,0.997923,0.999582,0.965615,0.988001,1.005352,0.988593,0.976275,0.986421,1.038666
4.306610,1.012792,0.945118,0.954449,0.971121,0.993982,0.999450,0.989497,0.988830,1.027712,1.009099,1.004749,0.991315,1.001337,0.985645,0.970801,0.979482,0.971118,0.963884,1.008247,0.956956,0.979640,0.997524,0.988594,0.985600,0.974278,0.977168,0.965583,0.985013,0.990718,0.868777,0.997770,0.999458,0.965659,0.988041,1.005338,0.988594,0.976419,0.986259,1.038637
4.314940,1.012796,0.945139,0.954446,0.971076,0.993906,0.999368,0.989419,0.988754,1.027653,1.009017,1.004667,0.991238,1.001264,0.985596,0.970791,0.979484,0.971113,0.963880,1.008281,0.956996,0.979640,0.997520,0.988592,0.985603,0.974312,0.977134,0.965562,0.984910,0.990592,0.868763,0.997614,0.999333,0.965700,0.988076,1.005321,0.988592,0.976560,0.986094,1.038608
4.323270,1.012798,0.945158,0.954440,0.971028,0.993828,0.999284,0.989338,0.988675,1.027593,1.008932,1.004584,0.991159,1.001189,0.985544,0.970779,0.979483,0.971105,0.963873,1.008311,0.957032,0.979638,0.997514,0.988588,0.985603,0.974343,0.977096,0.965538,0.984804,0.990462,0.868747,0.997456,0.999206,0.965739,0.988107,1.005303,0.988588,0.976700,0.985925,1.038579
4.331600,1.012800,0.945175,0.954432,0.970977,0.993748,0.999198,0.989257,0.988595,1.027533,1.008846,1.004498,0.991078,1.001112,0.985490,0.970764,0.979480,0.971094,0.963863,1.008339,0.957063,0.979633,0.997505,0.988582,0.985601,0.974373,0.977056,0.965511,0.984693,0.990329,0.868730,0.997295,0.999078,0.965774,0.988133,1.005282,0.988582,0.976839,0.985753,1.038550
4.339930,1.012800,0.945189,0.954422,0.970925,0.993666,0.999110,0.989173,0.988514,1.027472,1.008758,1.004411,0.990995,1.001034,0.985433,0.970746,0.979474,0.971081,0.963851,1.008363,0.957092,0.979626,0.997495,0.988573,0.985596,0.974400,0.977013,0.965482,0.984580,0.990192,0.868712,0.997132,0.998948,0.965807,0.988155,1.005260,0.988573,0.976975,0.985577,1.038522
4.348260,1.012798,0.945201,0.954409,0.970870,0.993582,0.999020,0.989088,0.988430,1.027412,1.008668,1.004321,0.990911,1.000953,0.985375,0.970726,0.979466,0.971065,0.963836,1.008385,0.957117,0.979617,0.997482,0.988563,0.985589,0.974426,0.976967,0.965450,0.984463,0.990052,0.868692,0.996967,0.998816,0.965838,0.988174,1.005235,0.988563,0.977110,0.985399,1.038493
4.356590,1.012795,0.945211,0.954393,0.970814,0.993497,0.998929,0.989001,0.988345,1.027351,1.008577,1.004230,0.990824,1.000870,0.985315,0.970704,0.979455,0.971047,0.963820,1.008403,0.957139,0.979606,0.997467,0.988550,0.985579,0.974449,0.976919,0.965415,0.984344,0.989909,0.868671,0.996799,0.998683,0.965866,0.988189,1.005209,0.988550,0.977243,0.985218,1.038464
4.364920,1.012791,0.945219,0.954375,0.970755,0.993409,0.998835,0.988912,0.988259,1.027290,1.008483,1.004137,0.990735,1.000786,0.985252,0.970680,0.979442,0.971027,0.963800,1.008420,0.957158,0.979592,0.997451,0.988535,0.985567,0.974471,0.976868,0.965378,0.984221,0.989764,0.868649,0.996628,0.998549,0.965892,0.988201,1.005182,0.988535,0.977374,0.985035,1.038436
4.373250,1.012785,0.945223,0.954355,0.970694,0.993320,0.998740,0.988822,0.988171,1.027229,1.008387,1.004042,0.990645,1.000699,0.985187,0.970653,0.979427,0.971004,0.963778,1.008433,0.957174,0.979576,0.997432,0.988519,0.985553,0.974490,0.976814,0.965339,0.984096,0.989616,0.868626,0.996455,0.998413,0.965917,0.988210,1.005153,0.988519,0.977503,0.984849,1.038407
4.381580,1.012778,0.945226,0.954332,0.970630,0.993228,0.998642,0.988730,0.988082,1.027168,1.008290,1.003945,0.990552,1.000611,0.985121,0.970624,0.979410,0.970979,0.963754,1.008445,0.957187,0.979559,0.997411,0.988500,0.985537,0.974507,0.976758,0.965297,0.983968,0.989466,0.868600,0.996280,0.998275,0.965939,0.988216,1.005122,0.988500,0.977631,0.984662,1.038379
4.389910,1.012769,0.945226,0.954307,0.970565,0.993135,0.998543,0.988637,0.987991,1.027106,1.008191,1.003846,0.990458,1.000520,0.985052,0.970593,0.979390,0.970951,0.963728,1.008454,0.957198,0.979539,0.997389,0.988480,0.985518,0.974522,0.976700,0.965252,0.983838,0.989313,0.868573,0.996103,0.998136,0.965960,0.988220,1.005090,0.988480,0.977756,0.984473,1.038350
4.398240,1.012759,0.945223,0.954279,0.970498,0.993040,0.998442,0.988542,0.987898,1.027045,1.008090,1.003745,0.990361,1.000428,0.984981,0.970560,0.979368,0.970921,0.963699,1.008461,0.957207,0.979517,0.997365,0.988457,0.985498,0.974535,0.976639,0.965206,0.983706,0.989159,0.868545,0.995923,0.997996,0.965979,0.988221,1.005057,0.988457,0.977880,0.984282,1.038322
4.406570,1.012747,0.945218,0.954249,0.970428,0.992943,0.998338,0.988445,0.987804,1.026983,1.007987,1.003642,0.990263,1.000334,0.984908,0.970524,0.979344,0.970890,0.963668,1.008467,0.957214,0.979494,0.997340,0.988433,0.985475,0.974547,0.976576,0.965157,0.983572,0.989002,0.868515,0.995740,0.997853,0.965997,0.988221,1.005022,0.988433,0.978002,0.984090,1.038293
4.414900,1.012733,0.945211,0.954216,0.970356,0.992844,0.998233,0.988346,0.987709,1.026921,1.007882,1.003538,0.990163,1.000237,0.984833,0.970487,0.979319,0.970855,0.963634,1.008470,0.957219,0.979469,0.997312,0.988407,0.985450,0.974556,0.976511,0.965106,0.983436,0.988844,0.868483,0.995556,0.997709,0.966013,0.988218,1.004987,0.988407,0.978122,0.983897,1.038265
4.423230,1.012718,0.945200,0.954181,0.970282,0.992744,0.998126,0.988246,0.987611,1.026859,1.007775,1.003431,0.990060,1.000139,0.984756,0.970447,0.979291,0.970819,0.963598,1.008472,0.957222,0.979441,0.997283,0.988380,0.985424,0.974563,0.976444,0.965053,0.983298,0.988685,0.868449,0.995369,0.997563,0.966029,0.988214,1.004950,0.988380,0.978239,0.983703,1.038236
4.431560,1.012701,0.945188,0.954143,0.970206,0.992641,0.998017,0.988144,0.987513,1.026798,1.007666,1.003322,0.989956,1.000039,0.984676,0.970405,0.979261,0.970781,0.963560,1.008472,0.957223,0.979412,0.997253,0.988350,0.985395,0.974568,0.976375,0.964997,0.983158,0.988524,0.868413,0.995179,0.997416,0.966043,0.988209,1.004912,0.988350,0.978355,0.983508,1.038208
4.439890,1.012682,0.945172,0.954103,0.970127,0.992537,0.997907,0.988041,0.987413,1.026736,1.007555,1.003212,0.989850,0.999936,0.984595,0.970361,0.979229,0.970740,0.963520,1.008471,0.957223,0.979382,0.997221,0.988319,0.985364,0.974571,0.976304,0.964940,0.983017,0.988361,0.868375,0.994988,0.997266,0.966056,0.988202,1.004873,0.988319,0.978469,0.983312,1.038180
4.448220,1.012662,0.945154,0.954060,0.970046,0.992430,0.997794,0.987936,0.987311,1.026674,1.007441,1.003099,0.989741,0.999832,0.984511,0.970315,0.979195,0.970697,0.963477,1.008468,0.957222,0.979349,0.997187,0.988286,0.985331,0.974572,0.976231,0.964881,0.982875,0.988198,0.868335,0.994794,0.997114,0.966068,0.988194,1.004833,0.988286,0.978582,0.983116,1.038151
4.456550,1.012640,0.945133,0.954015,0.969963,0.992322,0.997679,0.987829,0.987208,1.026612,1.007326,1.002984,0.989631,0.999725,0.984425,0.970267,0.979159,0.970653,0.963433,1.008464,0.957219,0.979315,0.997152,0.988252,0.985297,0.974571,0.976157,0.964819,0.982731,0.988033,0.868294,0.994597,0.996960,0.966080,0.988185,1.004792,0.988252,0.978692,0.982919,1.038123
4.464880,1.012617,0.945110,0.953968,0.969878,0.992211,0.997562,0.987720,0.987103,1.026550,1.007209,1.002867,0.989518,0.999616,0.984337,0.970217,0.979122,0.970606,0.963386,1.008458,0.957215,0.979279,0.997115,0.988216,0.985260,0.974568,0.976080,0.964756,0.982586,0.987868,0.868250,0.994399,0.996805,0.966090,0.988176,1.004750,0.988216,0.978800,0.982723,1.038095
4.473210,1.012592,0.945084,0.953917,0.969791,0.992099,0.997443,0.987610,0.986996,1.026487,1.007089,1.002748,0.989403,0.999505,0.984247,0.970165,0.979082,0.970557,0.963336,1.008451,0.957210,0.979241,0.997076,0.988178,0.985222,0.974563,0.976002,0.964691,0.982439,0.987701,0.868205,0.994198,0.996646,0.966100,0.988166,1.004707,0.988178,0.978906,0.982526,1.038067
4.481540,1.012565,0.945056,0.953865,0.969701,0.991985,0.997323,0.987498,0.986888,1.026425,1.006968,1.002627,0.989286,0.999392,0.984154,0.970111,0.979041,0.970506,0.963285,1.008443,0.957204,0.979202,0.997036,0.988139,0.985182,0.974556,0.975922,0.964624,0.982292,0.987534,0.868157,0.993995,0.996486,0.966110,0.988156,1.004664,0.988139,0.979010,0.982329,1.038039
4.489870,1.012536,0.945025,0.953809,0.969609,0.991868,0.997200,0.987384,0.986779,1.026363,1.006844,1.002504,0.989167,0.999277,0.984059,0.970055,0.978998,0.970454,0.963231,1.008434,0.957198,0.979160,0.996995,0.988098,0.985140,0.974547,0.975841,0.964555,0.982143,0.987367,0.868108,0.993789,0.996324,0.966119,0.988145,1.004619,0.988098,0.979113,0.982132,1.038011
4.498200,1.012506,0.944991,0.953752,0.969514,0.991750,0.997075,0.987269,0.986667,1.026301,1.006718,1.002379,0.989046,0.999159,0.983962,0.969996,0.978953,0.970399,0.963176,1.008424,0.957190,0.979117,0.996952,0.988055,0.985096,0.974537,0.975758,0.964485,0.981994,0.987198,0.868057,0.993582,0.996159,0.966128,0.988135,1.004573,0.988055,0.979213,0.981935,1.037983
4.506530,1.012474,0.944955,0.953692,0.969418,0.991630,0.996949,0.987152,0.986555,1.026239,1.006590,1.002252,0.988923,0.999039,0.983863,0.969936,0.978906,0.970342,0.963118,1.008413,0.957182,0.979072,0.996907,0.988011,0.985050,0.974525,0.975673,0.964413,0.981844,0.987029,0.868003,0.993372,0.995992,0.966136,0.988124,1.004527,0.988011,0.979312,0.981739,1.037955
4.514860,1.012441,0.944916,0.953629,0.969319,0.991508,0.996820,0.987033,0.986440,1.026176,1.006460,1.002122,0.988797,0.998917,0.983762,0.969873,0.978857,0.970283,0.963058,1.008401,0.957174,0.979026,0.996861,0.987965,0.985002,0.974510,0.975587,0.964339,0.981693,0.986860,0.867948,0.993160,0.995823,0.966144,0.988114,1.004479,0.987965,0.979409,0.981543,1.037927
4.523190,1.012406,0.944875,0.953564,0.969218,0.991383,0.996689,0.986913,0.986325,1.026114,1.006327,1.001990,0.988669,0.998793,0.983658,0.969809,0.978807,0.970223,0.962996,1.008388,0.957165,0.978978,0.996813,0.987917,0.984953,0.974494,0.975500,0.964263,0.981541,0.986690,0.867891,0.992945,0.995651,0.966151,0.988103,1.004431,0.987917,0.979504,0.981347,1.037900
4.531520,1.012369,0.944831,0.953497,0.969115,0.991257,0.996557,0.986791,0.986207,1.026052,1.006193,1.001857,0.988539,0.998667,0.983552,0.969742,0.978754,0.970161,0.962931,1.008374,0.957155,0.978928,0.996764,0.987868,0.984901,0.974477,0.975411,0.964186,0.981389,0.986520,0.867832,0.992729,0.995478,0.966159,0.988093,1.004381,0.987868,0.979597,0.981151,1.037872
4.539850,1.012331,0.944785,0.953427,0.969009,0.991129,0.996422,0.986667,0.986088,1.025990,1.006056,1.001721,0.988407,0.998539,0.983444,0.969674,0.978700,0.970096,0.962865,1.008359,0.957145,0.978876,0.996713,0.987817,0.984848,0.974457,0.975320,0.964107,0.981235,0.986349,0.867771,0.992510,0.995301,0.966166,0.988084,1.004331,0.987817,0.979688,0.980956,1.037845
4.548180,1.012291,0.944737,0.953355,0.968902,0.990999,0.996285,0.986542,0.985968,1.025927,1.005917,1.001583,0.988273,0.998408,0.983334,0.969603,0.978644,0.970030,0.962797,1.008344,0.957134,0.978822,0.996660,0.987764,0.984793,0.974436,0.975229,0.964027,0.981082,0.986178,0.867709,0.992289,0.995123,0.966173,0.988074,1.004279,0.987764,0.979778,0.980762,1.037817
4.556510,1.012249,0.944686,0.953281,0.968792,0.990868,0.996147,0.986414,0.985846,1.025865,1.005776,1.001443,0.988137,0.998275,0.983222,0.969530,0.978586,0.969962,0.962727,1.008327,0.957124,0.978767,0.996606,0.987710,0.984737,0.974414,0.975136,0.963945,0.980927,0.986007,0.867644,0.992066,0.994942,0.966180,0.988066,1.004227,0.987710,0.979866,0.980568,1.037790
4.564840,1.012207,0.944633,0.953205,0.968680,0.990734,0.996007,0.986286,0.985723,1.025803,1.005633,1.001301,0.987998,0.998140,0.983107,0.969455,0.978526,0.969892,0.962654,1.008310,0.957113,0.978710,0.996550,0.987653,0.984678,0.974390,0.975041,0.963861,0.980772,0.985836,0.867578,0.991841,0.994760,0.966186,0.988057,1.004173,0.987653,0.979952,0.980374,1.037762
4.573170,1.012162,0.944578,0.953126,0.968565,0.990598,0.995864,0.986155,0.985598,1.025740,1.005487,1.001156,0.987858,0.998003,0.982990,0.969379,0.978465,0.969820,0.962580,1.008292,0.957101,0.978651,0.996493,0.987595,0.984617,0.974364,0.974946,0.963776,0.980616,0.985664,0.867511,0.991614,0.994574,0.966193,0.988050,1.004119,0.987595,0.980037,0.980181,1.037735
4.581500,1.012116,0.944520,0.953045,0.968449,0.990461,0.995720,0.986023,0.985471,1.025678,1.005340,1.001010,0.987715,0.997864,0.982871,0.969300,0.978402,0.969747,0.962504,1.008272,0.957090,0.978590,0.996433,0.987536,0.984555,0.974337,0.974849,0.963690,0.980460,0.985492,0.867442,0.991385,0.994387,0.966199,0.988043,1.004063,0.987536,0.980119,0.979988,1.037708
4.589830,1.012069,0.944460,0.952962,0.968330,0.990322,0.995574,0.985890,0.985344,1.025616,1.005190,1.000862,0.987570,0.997723,0.982750,0.969219,0.978336,0.969671,0.962425,1.008253,0.957078,0.978528,0.996372,0.987474,0.984491,0.974308,0.974751,0.963602,0.980303,0.985320,0.867371,0.991154,0.994198,0.966205,0.988036,1.004006,0.987474,0.980201,0.979795,1.037681
4.598160,1.012020,0.944399,0.952877,0.968210,0.990181,0.995426,0.985755,0.985214,1.025554,1.005038,1.000712,0.987424,0.997579,0.982627,0.969136,0.978269,0.969594,0.962345,1.008232,0.957066,0.978463,0.996309,0.987410,0.984425,0.974278,0.974652,0.963512,0.980146,0.985147,0.867299,0.990921,0.994006,0.966211,0.988031,1.003947,0.987410,0.980280,0.979603,1.037655
4.606490,1.011970,0.944335,0.952789,0.968087,0.990038,0.995277,0.985618,0.985083,1.025491,1.004885,1.000559,0.987275,0.997434,0.982501,0.969051,0.978200,0.969515,0.962263,1.008210,0.957053,0.978397,0.996244,0.987345,0.984357,0.974246,0.974552,0.963421,0.979988,0.984974,0.867226,0.990685,0.993812,0.966217,0.988025,1.003888,0.987345,0.980358,0.979412,1.037628
4.614820,1.011919,0.944269,0.952700,0.967962,0.989893,0.995125,0.985480,0.984951,1.025429,1.004729,1.000405,0.987124,0.997286,0.982373,0.968963,0.978130,0.969435,0.962179,1.008187,0.957040,0.978328,0.996178,0.987277,0.984287,0.974214,0.974450,0.963329,0.979829,0.984801,0.867151,0.990448,0.993616,0.966222,0.988021,1.003827,0.987277,0.980435,0.979220,1.037601
4.623150,1.011866,0.944201,0.952609,0.967836,0.989746,0.994972,0.985340,0.984818,1.025367,1.004571,1.000249,0.986971,0.997136,0.982244,0.968874,0.978057,0.969352,0.962093,1.008164,0.957027,0.978258,0.996109,0.987208,0.984215,0.974180,0.974347,0.963235,0.979670,0.984627,0.867075,0.990209,0.993418,0.966227,0.988016,1.003764,0.987208,0.980510,0.979029,1.037575
4.631480,1.011812,0.944132,0.952515,0.967707,0.989598,0.994816,0.985199,0.984683,1.025305,1.004411,1.000090,0.986816,0.996984,0.982112,0.968783,0.977982,0.969267,0.962006,1.008139,0.957013,0.978185,0.996038,0.987136,0.984141,0.974144,0.974243,0.963140,0.979510,0.984453,0.866999,0.989968,0.993217,0.966231,0.988013,1.003701,0.987136,0.980584,0.978838,1.037549
4.639810,1.011757,0.944060,0.952420,0.967576,0.989448,0.994660,0.985056,0.984546,1.025243,1.004249,0.999930,0.986659,0.996831,0.981978,0.968689,0.977906,0.969181,0.961916,1.008113,0.956999,0.978111,0.995966,0.987063,0.984065,0.974108,0.974138,0.963043,0.979349,0.984278,0.866921,0.989725,0.993015,0.966236,0.988009,1.003635,0.987063,0.980656,0.978647,1.037523
4.648140,1.011700,0.943987,0.952323,0.967443,0.989296,0.994501,0.984912,0.984409,1.025180,1.004085,0.999768,0.986500,0.996675,0.981842,0.968594,0.977827,0.969093,0.961824,1.008087,0.956985,0.978035,0.995891,0.986987,0.983987,0.974070,0.974032,0.962945,0.979188,0.984103,0.866842,0.989481,0.992810,0.966239,0.988006,1.003568,0.986987,0.980727,0.978455,1.037497
4.656470,1.011643,0.943912,0.952224,0.967308,0.989143,0.994341,0.984766,0.984269,1.025118,1.003919,0.999604,0.986339,0.996517,0.981704,0.968496,0.977747,0.969003,0.961731,1.008058,0.956969,0.977956,0.995814,0.986910,0.983908,0.974031,0.973924,0.962845,0.979026,0.983927,0.866762,0.989235,0.992604,0.966242,0.988003,1.003499,0.986910,0.980797,0.978264,1.037471
4.664800,1.011584,0.943836,0.952123,0.967172,0.988988,0.994179,0.984619,0.984129,1.025056,1.003751,0.999438,0.986177,0.996357,0.981564,0.968396,0.977664,0.968912,0.961636,1.008029,0.956954,0.977875,0.995736,0.986830,0.983826,0.973991,0.973815,0.962744,0.978862,0.983750,0.866682,0.988987,0.992395,0.966245,0.988001,1.003429,0.986830,0.980865,0.978073,1.037445
4.673130,1.011525,0.943758,0.952021,0.967033,0.988831,0.994015,0.984470,0.983987,1.024994,1.003582,0.999271,0.986012,0.996196,0.981422,0.968294,0.977580,0.968818,0.961539,1.007999,0.956937,0.977793,0.995654,0.986748,0.983742,0.973950,0.973706,0.962642,0.978698,0.983573,0.866600,0.988737,0.992185,0.966247,0.987998,1.003356,0.986748,0.980932,0.977881,1.037420
4.681460,1.011464,0.943678,0.951917,0.966893,0.988673,0.993850,0.984320,0.983845,1.024932,1.003410,0.999102,0.985846,0.996032,0.981278,0.968190,0.977493,0.968723,0.961441,1.007967,0.956920,0.977708,0.995571,0.986664,0.983656,0.973909,0.973594,0.962538,0.978533,0.983394,0.866519,0.988486,0.991973,0.966248,0.987995,1.003282,0.986664,0.980998,0.977689,1.037395
4.689790,1.011402,0.943598,0.951811,0.966751,0.988514,0.993684,0.984169,0.983701,1.024870,1.003237,0.998931,0.985678,0.995867,0.981133,0.968084,0.977405,0.968626,0.961340,1.007933,0.956902,0.977621,0.995486,0.986577,0.983568,0.973866,0.973482,0.962432,0.978367,0.983215,0.866437,0.988234,0.991759,0.966248,0.987992,1.003206,0.986577,0.981063,0.977496,1.037370
4.698120,1.011340,0.943515,0.951703,0.966607,0.988353,0.993515,0.984017,0.983555,1.024808,1.003062,0.998758,0.985508,0.995700,0.980985,0.967976,0.977314,0.968527,0.961238,1.007898,0.956882,0.977531,0.995398,0.986488,0.983477,0.973822,0.973368,0.962326,0.978200,0.983035,0.866354,0.987981,0.991543,0.966247,0.987989,1.003128,0.986488,0.981126,0.977303,1.037345
4.706450,1.011276,0.943432,0.951594,0.966462,0.988190,0.993346,0.983863,0.983409,1.024746,1.002885,0.998584,0.985336,0.995531,0.980835,0.967865,0.977221,0.968427,0.961134,1.007862,0.956862,0.977440,0.995308,0.986397,0.983385,0.973777,0.973254,0.962217,0.978031,0.982854,0.866271,0.987726,0.991325,0.966246,0.987986,1.003047,0.986397,0.981189,0.977109,1.037320
4.714780,1.011212,0.943347,0.951484,0.966315,0.988026,0.993175,0.983708,0.983261,1.024684,1.002706,0.998408,0.985163,0.995360,0.980684,0.967753,0.977126,0.968324,0.961029,1.007824,0.956841,0.977346,0.995215,0.986303,0.983290,0.973732,0.973138,0.962108,0.977862,0.982671,0.866188,0.987470,0.991105,0.966243,0.987981,1.002965,0.986303,0.981250,0.976914,1.037296
4.723110,1.011147,0.943262,0.951372,0.966166,0.987861,0.993003,0.983552,0.983113,1.024622,1.002526,0.998230,0.984988,0.995188,0.980531,0.967638,0.977030,0.968220,0.960922,1.007784,0.956818,0.977249,0.995120,0.986207,0.983194,0.973686,0.973020,0.961996,0.977691,0.982488,0.866105,0.987214,0.990884,0.966238,0.987976,1.002880,0.986207,0.981310,0.976718,1.037272
4.731440,1.011081,0.943175,0.951259,0.966016,0.987694,0.992829,0.983395,0.982963,1.024560,1.002345,0.998051,0.984812,0.995014,0.980376,0.967521,0.976930,0.968114,0.960813,1.007742,0.956794,0.977151,0.995023,0.986109,0.983095,0.973639,0.972902,0.961884,0.977519,0.982302,0.866022,0.986956,0.990661,0.966233,0.987970,1.002793,0.986109,0.981370,0.976521,1.037248
4.739770,1.011015,0.943087,0.951144,0.965864,0.987527,0.992655,0.983237,0.982813,1.024498,1.002162,0.997871,0.984634,0.994839,0.980219,0.967402,0.976829,0.968006,0.960702,1.007698,0.956768,0.977050,0.994923,0.986008,0.982994,0.973592,0.972782,0.961769,0.977345,0.982116,0.865939,0.986697,0.990437,0.966226,0.987963,1.002704,0.986008,0.981428,0.976323,1.037225
4.748100,1.010948,0.942999,0.951028,0.965711,0.987358,0.992479,0.983078,0.982661,1.024436,1.001977,0.997689,0.984454,0.994662,0.980061,0.967281,0.976726,0.967896,0.960590,1.007653,0.956741,0.976947,0.994820,0.985905,0.982890,0.973543,0.972660,0.961654,0.977169,0.981928,0.865857,0.986438,0.990211,0.966218,0.987955,1.002612,0.985905,0.981486,0.976123,1.037201
4.756430,1.010881,0.942909,0.950911,0.965557,0.987188,0.992302,0.982918,0.982509,1.024375,1.001791,0.997506,0.984274,0.994483,0.979901,0.967158,0.976620,0.967785,0.960477,1.007605,0.956712,0.976841,0.994715,0.985799,0.982785,0.973495,0.972538,0.961536,0.976992,0.981738,0.865774,0.986178,0.989983,0.966207,0.987945,1.002517,0.985799,0.981543,0.975922,1.037178
4.764760,1.010813,0.942819,0.950793,0.965401,0.987017,0.992124,0.982757,0.982356,1.024313,1.001603,0.997322,0.984091,0.994303,0.979740,0.967033,0.976512,0.967672,0.960361,1.007555,0.956681,0.976733,0.994607,0.985690,0.982677,0.973445,0.972414,0.961418,0.976814,0.981546,0.865692,0.985918,0.989754,0.966196,0.987934,1.002420,0.985690,0.981599,0.975719,1.037156
4.773090,1.010744,0.942728,0.950673,0.965244,0.986844,0.991944,0.982595,0.982201,1.024251,1.001414,0.997136,0.983908,0.994122,0.979577,0.966905,0.976402,0.967557,0.960245,1.007503,0.956648,0.976622,0.994497,0.985579,0.982566,0.973395,0.972288,0.961297,0.976633,0.981353,0.865611,0.985656,0.989523,0.966182,0.987921,1.002321,0.985579,0.981654,0.975514,1.037133
4.781420,1.010676,0.942637,0.950553,0.965085,0.986671,0.991764,0.982432,0.982046,1.024190,1.001223,0.996949,0.983723,0.993939,0.979412,0.966776,0.976290,0.967440,0.960126,1.007448,0.956613,0.976509,0.994384,0.985465,0.982454,0.973345,0.972161,0.961175,0.976451,0.981157,0.865530,0.985395,0.989291,0.966166,0.987906,1.002219,0.985465,0.981708,0.975308,1.037111
4.789750,1.010606,0.942544,0.950431,0.964925,0.986497,0.991583,0.982268,0.981890,1.024128,1.001032,0.996761,0.983537,0.993754,0.979246,0.966644,0.976175,0.967321,0.960006,1.007391,0.956575,0.976393,0.994268,0.985348,0.982339,0.973294,0.972033,0.961052,0.976266,0.980960,0.865450,0.985132,0.989058,0.966148,0.987889,1.002113,0.985348,0.981762,0.975099,1.037089
4.798080,1.010537,0.942452,0.950308,0.964764,0.986321,0.991401,0.982103,0.981734,1.024067,1.000839,0.996571,0.983349,0.993569,0.979078,0.966510,0.976058,0.967200,0.959885,1.007331,0.956536,0.976275,0.994150,0.985229,0.982222,0.973242,0.971903,0.960927,0.976080,0.980760,0.865371,0.984870,0.988823,0.966128,0.987869,1.002006,0.985229,0.981815,0.974888,1.037068
4.806410,1.010467,0.942359,0.950184,0.964602,0.986145,0.991217,0.981937,0.981576,1.024005,1.000644,0.996381,0.983160,0.993382,0.978909,0.966374,0.975939,0.967078,0.959762,1.007269,0.956493,0.976154,0.994028,0.985107,0.982102,0.973191,0.971772,0.960800,0.975891,0.980558,0.865292,0.984607,0.988587,0.966106,0.987847,1.001895,0.985107,0.981867,0.974674,1.037047
4.814740,1.010398,0.942266,0.950060,0.964438,0.985968,0.991033,0.981771,0.981418,1.023944,1.000449,0.996189,0.982970,0.993193,0.978738,0.966236,0.975817,0.966953,0.959637,1.007203,0.956448,0.976031,0.993904,0.984982,0.981980,0.973138,0.971639,0.960671,0.975700,0.980353,0.865215,0.984344,0.988349,0.966081,0.987822,1.001781,0.984982,0.981919,0.974458,1.037026
4.823070,1.010328,0.942172,0.949934,0.964273,0.985789,0.990848,0.981604,0.981259,1.023883,1.000252,0.995996,0.982779,0.993004,0.978566,0.966095,0.975693,0.966827,0.959511,1.007135,0.956401,0.975905,0.993777,0.984855,0.981855,0.973086,0.971504,0.960541,0.975507,0.980146,0.865139,0.984080,0.988111,0.966053,0.987794,1.001664,0.984855,0.981970,0.974239,1.037006
4.831400,1.010258,0.942078,0.949808,0.964108,0.985610,0.990662,0.981436,0.981099,1.023821,1.000054,0.995802,0.982586,0.992813,0.978392,0.965953,0.975567,0.966699,0.959384,1.007064,0.956350,0.975776,0.993647,0.984725,0.981728,0.973033,0.971368,0.960409,0.975311,0.979936,0.865063,0.983816,0.987871,0.966023,0.987763,1.001545,0.984725,0.982021,0.974018,1.036985
4.839730,1.010187,0.941984,0.949681,0.963941,0.985430,0.990475,0.981267,0.980939,1.023760,0.999855,0.995607,0.982393,0.992621,0.978217,0.965809,0.975438,0.966569,0.959255,1.006990,0.956296,0.975645,0.993514,0.984591,0.981599,0.972979,0.971230,0.960276,0.975113,0.979724,0.864989,0.983552,0.987630,0.965990,0.987729,1.001422,0.984591,0.982071,0.973794,1.036966
4.848060,1.010117,0.941890,0.949552,0.963773,0.985250,0.990288,0.981097,0.980777,1.023699,0.999655,0.995411,0.982198,0.992428,0.978041,0.965662,0.975307,0.966437,0.959124,1.006913,0.956239,0.975511,0.993378,0.984455,0.981467,0.972926,0.971091,0.960140,0.974913,0.979509,0.864917,0.983287,0.987387,0.965954,0.987691,1.001296,0.984455,0.982120,0.973566,1.036946
4.856390,1.010047,0.941795,0.949423,0.963604,0.985068,0.990099,0.980927,0.980615,1.023637,0.999453,0.995214,0.982002,0.992233,0.977863,0.965513,0.975173,0.966303,0.958992,1.006833,0.956179,0.975374,0.993240,0.984317,0.981332,0.972872,0.970949,0.960003,0.974709,0.979291,0.864845,0.983023,0.987144,0.965916,0.987650,1.001167,0.984317,0.982169,0.973336,1.036927
4.864720,1.009977,0.941701,0.949294,0.963434,0.984885,0.989910,0.980756,0.980453,1.023576,0.999251,0.995016,0.981805,0.992037,0.977684,0.965362,0.975037,0.966168,0.958859,1.006749,0.956115,0.975235,0.993098,0.984175,0.981195,0.972818,0.970806,0.959865,0.974503,0.979070,0.864775,0.982757,0.986899,0.965874,0.987604,1.001034,0.984175,0.982218,0.973102,1.036909
4.873050,1.009908,0.941606,0.949163,0.963263,0.984702,0.989720,0.980584,0.980289,1.023514,0.999047,0.994816,0.981607,0.991840,0.977504,0.965209,0.974899,0.966030,0.958724,1.006662,0.956048,0.975093,0.992953,0.984030,0.981056,0.972763,0.970661,0.959724,0.974294,0.978846,0.864707,0.982492,0.986653,0.965829,0.987555,1.000899,0.984030,0.982266,0.972864,1.036890
4.881380,1.009838,0.941512,0.949032,0.963091,0.984518,0.989529,0.980411,0.980125,1.023453,0.998842,0.994616,0.981408,0.991642,0.977322,0.965054,0.974758,0.965890,0.958587,1.006572,0.955977,0.974948,0.992806,0.983883,0.980914,0.972708,0.970515,0.959581,0.974082,0.978618,0.864640,0.982226,0.986406,0.965781,0.987501,1.000760,0.983883,0.982314,0.972624,1.036873
4.889710,1.009769,0.941418,0.948900,0.962918,0.984333,0.989337,0.980238,0.979960,1.023391,0.998636,0.994415,0.981208,0.991443,0.977139,0.964896,0.974614,0.965749,0.958449,1.006478,0.955903,0.974801,0.992655,0.983733,0.980769,0.972653,0.970366,0.959437,0.973868,0.978388,0.864575,0.981960,0.986158,0.965729,0.987443,1.000618,0.983733,0.982361,0.972379,1.036855
4.898040,1.009700,0.941323,0.948768,0.962744,0.984147,0.989144,0.980064,0.979795,1.023329,0.998429,0.994213,0.981007,0.991243,0.976955,0.964737,0.974468,0.965605,0.958310,1.006381,0.955824,0.974651,0.992502,0.983579,0.980622,0.972598,0.970216,0.959291,0.973650,0.978154,0.864511,0.981693,0.985908,0.965674,0.987380,1.000472,0.983579,0.982408,0.972131,1.036838
4.906370,1.009631,0.941229,0.948635,0.962569,0.983960,0.988951,0.979889,0.979628,1.023267,0.998221,0.994010,0.980805,0.991042,0.976769,0.964575,0.974320,0.965460,0.958169,1.006279,0.955741,0.974498,0.992345,0.983423,0.980472,0.972543,0.970064,0.959143,0.973429,0.977916,0.864449,0.981426,0.985658,0.965615,0.987313,1.000324,0.983423,0.982454,0.971879,1.036821
4.914700,1.009563,0.941136,0.948501,0.962393,0.983773,0.988756,0.979713,0.979461,1.023206,0.998012,0.993805,0.980601,0.990839,0.976583,0.964411,0.974169,0.965313,0.958027,1.006175,0.955655,0.974342,0.992185,0.983264,0.980320,0.972487,0.969910,0.958993,0.973205,0.977675,0.864389,0.981159,0.985407,0.965553,0.987241,1.000171,0.983264,0.982500,0.971623,1.036805
4.923030,1.009495,0.941042,0.948367,0.962216,0.983584,0.988561,0.979537,0.979293,1.023143,0.997802,0.993600,0.980397,0.990635,0.976394,0.964245,0.974016,0.965164,0.957883,1.006066,0.955564,0.974184,0.992023,0.983102,0.980165,0.972431,0.969754,0.958841,0.972978,0.977431,0.864330,0.980891,0.985154,0.965487,0.987163,1.000016,0.983102,0.982546,0.971363,1.036789
4.931360,1.009427,0.940949,0.948232,0.962039,0.983395,0.988365,0.979360,0.979125,1.023081,0.997591,0.993394,0.980191,0.990430,0.976205,0.964077,0.973860,0.965013,0.957738,1.005954,0.955469,0.974023,0.991857,0.982937,0.980007,0.972375,0.969596,0.958687,0.972747,0.977183,0.864274,0.980622,0.984901,0.965418,0.987081,0.999857,0.982937,0.982591,0.971099,1.036774
4.939690,1.009360,0.940856,0.948096,0.961860,0.983205,0.988168,0.979182,0.978955,1.023019,0.997378,0.993187,0.979985,0.990225,0.976014,0.963907,0.973701,0.964859,0.957592,1.005837,0.955369,0.973860,0.991689,0.982769,0.979848,0.972319,0.969436,0.958531,0.972514,0.976931,0.864219,0.980353,0.984646,0.965344,0.986993,0.999695,0.982769,0.982637,0.970831,1.036759
4.948020,1.009294,0.940763,0.947960,0.961680,0.983014,0.987970,0.979003,0.978785,1.022956,0.997165,0.992979,0.979777,0.990018,0.975823,0.963735,0.973541,0.964705,0.957444,1.005717,0.955266,0.973693,0.991518,0.982599,0.979685,0.972262,0.969274,0.958374,0.972277,0.976676,0.864167,0.980083,0.984391,0.965267,0.986900,0.999530,0.982599,0.982681,0.970559,1.036744
4.956350,1.009228,0.940671,0.947823,0.961500,0.982822,0.987772,0.978823,0.978614,1.022893,0.996951,0.992770,0.979569,0.989810,0.975629,0.963561,0.973378,0.964548,0.957294,1.005594,0.955157,0.973524,0.991343,0.982426,0.979520,0.972205,0.969110,0.958214,0.972036,0.976417,0.864116,0.979812,0.984134,0.965186,0.986801,0.999361,0.982426,0.982726,0.970282,1.036730
4.964680,1.009162,0.940579,0.947686,0.961318,0.982629,0.987572,0.978642,0.978442,1.022830,0.996735,0.992560,0.979359,0.989600,0.975435,0.963384,0.973212,0.964389,0.957144,1.005466,0.955045,0.973353,0.991166,0.982250,0.979353,0.972149,0.968944,0.958053,0.971793,0.976154,0.864067,0.979541,0.983876,0.965101,0.986697,0.999190,0.982250,0.982770,0.970002,1.036716
4.973010,1.009097,0.940487,0.947549,0.961136,0.982436,0.987372,0.978461,0.978270,1.022767,0.996519,0.992349,0.979149,0.989390,0.975240,0.963206,0.973044,0.964228,0.956992,1.005334,0.954927,0.973179,0.990987,0.982071,0.979183,0.972092,0.968776,0.957889,0.971546,0.975888,0.864021,0.979269,0.983618,0.965012,0.986587,0.999015,0.982071,0.982815,0.969717,1.036702
4.981340,1.009033,0.940396,0.947411,0.960953,0.982241,0.987171,0.978279,0.978096,1.022703,0.996302,0.992137,0.978937,0.989179,0.975043,0.963026,0.972874,0.964066,0.956839,1.005198,0.954805,0.973003,0.990804,0.981890,0.979011,0.972034,0.968606,0.957724,0.971295,0.975618,0.863976,0.978995,0.983358,0.964920,0.986471,0.998837,0.981890,0.982859,0.969427,1.036689
4.989670,1.008970,0.940306,0.947272,0.960769,0.982046,0.986968,0.978096,0.977922,1.022640,0.996083,0.991924,0.978724,0.988966,0.974845,0.962844,0.972701,0.963902,0.956684,1.005059,0.954679,0.972824,0.990619,0.981706,0.978836,0.971977,0.968434,0.957557,0.971041,0.975344,0.863933,0.978721,0.983098,0.964823,0.986350,0.998657,0.981706,0.982902,0.969133,1.036677
4.998000,1.008907,0.940216,0.947133,0.960584,0.981850,0.986765,0.977912,0.977747,1.022576,0.995864,0.991709,0.978510,0.988753,0.974646,0.962660,0.972526,0.963736,0.956528,1.004916,0.954548,0.972643,0.990432,0.981520,0.978660,0.971920,0.968260,0.957388,0.970784,0.975066,0.863893,0.978445,0.982836,0.964723,0.986222,0.998473,0.981520,0.982946,0.968835,1.036665
5.006330,1.008845,0.940126,0.946994,0.960398,0.981653,0.986561,0.977727,0.977571,1.022511,0.995643,0.991495,0.978296,0.988538,0.974446,0.962474,0.972349,0.963568,0.956371,1.004768,0.954412,0.972459,0.990241,0.981331,0.978480,0.971862,0.968084,0.957217,0.970524,0.974784,0.863855,0.978169,0.982574,0.964618,0.986089,0.998287,0.981331,0.982989,0.968533,1.036653
5.014660,1.008784,0.940038,0.946854,0.960212,0.981455,0.986356,0.977541,0.977394,1.022446,0.995422,0.991279,0.978080,0.988323,0.974245,0.962286,0.972170,0.963399,0.956213,1.004617,0.954272,0.972273,0.990049,0.981140,0.978299,0.971805,0.967906,0.957045,0.970260,0.974499,0.863818,0.977891,0.982310,0.964510,0.985950,0.998098,0.981140,0.983033,0.968226,1.036642
5.022990,1.008723,0.939949,0.946714,0.960024,0.981256,0.986151,0.977355,0.977216,1.022381,0.995199,0.991062,0.977863,0.988107,0.974043,0.962097,0.971988,0.963228,0.956054,1.004463,0.954127,0.972085,0.989854,0.980947,0.978115,0.971747,0.967727,0.956870,0.969992,0.974210,0.863784,0.977613,0.982046,0.964398,0.985805,0.997906,0.980947,0.983076,0.967915,1.036631
5.031320,1.008663,0.939862,0.946573,0.959836,0.981056,0.985944,0.977167,0.977038,1.022316,0.994976,0.990844,0.977646,0.987889,0.973839,0.961906,0.971805,0.963055,0.955893,1.004304,0.953977,0.971895,0.989657,0.980751,0.977930,0.971689,0.967545,0.956694,0.969722,0.973917,0.863752,0.977333,0.981781,0.964282,0.985655,0.997712,0.980751,0.983119,0.967600,1.036620
5.039650,1.008604,0.939774,0.946432,0.959647,0.980855,0.985736,0.976979,0.976859,1.022251,0.994752,0.990625,0.977427,0.987671,0.973635,0.961713,0.971619,0.962881,0.955731,1.004142,0.953823,0.971703,0.989457,0.980553,0.977742,0.971631,0.967362,0.956516,0.969448,0.973621,0.863722,0.977052,0.981515,0.964162,0.985498,0.997515,0.980553,0.983162,0.967281,1.036610
5.047980,1.008546,0.939688,0.946291,0.959458,0.980654,0.985528,0.976790,0.976678,1.022185,0.994526,0.990406,0.977208,0.987451,0.973430,0.961518,0.971431,0.962705,0.955569,1.003976,0.953665,0.971509,0.989255,0.980353,0.977552,0.971573,0.967176,0.956337,0.969171,0.973321,0.863695,0.976770,0.981248,0.964039,0.985335,0.997315,0.980353,0.983205,0.966957,1.036601
5.056310,1.008489,0.939602,0.946150,0.959267,0.980452,0.985319,0.976600,0.976497,1.022118,0.994300,0.990185,0.976988,0.987231,0.973223,0.961322,0.971242,0.962527,0.955405,1.003806,0.953502,0.971312,0.989052,0.980151,0.977360,0.971515,0.966989,0.956155,0.968890,0.973017,0.863669,0.976487,0.980980,0.963912,0.985167,0.997114,0.980151,0.983248,0.966629,1.036592
5.064640,1.008433,0.939517,0.946008,0.959076,0.980249,0.985109,0.976410,0.976316,1.022052,0.994073,0.989964,0.976766,0.987010,0.973016,0.961125,0.971050,0.962349,0.955240,1.003633,0.953334,0.971114,0.988846,0.979947,0.977167,0.971457,0.966801,0.955972,0.968607,0.972710,0.863646,0.976203,0.980711,0.963781,0.984993,0.996910,0.979947,0.983291,0.966297,1.036583
5.072970,1.008378,0.939433,0.945866,0.958884,0.980045,0.984898,0.976218,0.976133,1.021985,0.993846,0.989742,0.976544,0.986788,0.972808,0.960925,0.970857,0.962168,0.955074,1.003457,0.953162,0.970914,0.988638,0.979741,0.976971,0.971399,0.966610,0.955788,0.968320,0.972400,0.863624,0.975917,0.980442,0.963647,0.984813,0.996704,0.979741,0.983334,0.965962,1.036575
5.081300,1.008323,0.939349,0.945724,0.958692,0.979840,0.984686,0.976026,0.975950,1.021918,0.993617,0.989519,0.976322,0.986565,0.972599,0.960725,0.970662,0.961987,0.954907,1.003277,0.952986,0.970712,0.988428,0.979533,0.976774,0.971341,0.966418,0.955602,0.968031,0.972086,0.863605,0.975631,0.980172,0.963509,0.984628,0.996495,0.979533,0.983377,0.965622,1.036567
5.089630,1.008270,0.939267,0.945582,0.958499,0.979635,0.984474,0.975833,0.975766,1.021850,0.993388,0.989295,0.976098,0.986342,0.972389,0.960523,0.970465,0.961804,0.954740,1.003093,0.952806,0.970509,0.988217,0.979323,0.976575,0.971283,0.966224,0.955414,0.967738,0.971769,0.863588,0.975343,0.979901,0.963368,0.984437,0.996285,0.979323,0.983420,0.965278,1.036559
5.097960,1.008217,0.939184,0.945439,0.958305,0.979429,0.984261,0.975640,0.975581,1.021782,0.993158,0.989071,0.975874,0.986117,0.972178,0.960319,0.970267,0.961619,0.954571,1.002907,0.952621,0.970304,0.988003,0.979112,0.976374,0.971225,0.966029,0.955225,0.967443,0.971448,0.863573,0.975055,0.979630,0.963223,0.984241,0.996072,0.979112,0.983463,0.964931,1.036552
5.106290,1.008165,0.939103,0.945296,0.958111,0.979222,0.984047,0.975445,0.975396,1.021714,0.992927,0.988846,0.975649,0.985892,0.971967,0.960115,0.970067,0.961434,0.954402,1.002717,0.952433,0.970097,0.987789,0.978899,0.976172,0.971167,0.965832,0.955035,0.967145,0.971125,0.863561,0.974765,0.979358,0.963075,0.984039,0.995858,0.978899,0.983507,0.964580,1.036546
5.114620,1.008115,0.939023,0.945154,0.957916,0.979015,0.983832,0.975250,0.975210,1.021646,0.992695,0.988620,0.975423,0.985667,0.971755,0.959909,0.969865,0.961247,0.954232,1.002524,0.952240,0.969889,0.987572,0.978685,0.975968,0.971109,0.965633,0.954843,0.966844,0.970798,0.863550,0.974474,0.979085,0.962924,0.983833,0.995642,0.978685,0.983550,0.964225,1.036540
5.122950,1.008065,0.938943,0.945011,0.957721,0.978807,0.983617,0.975055,0.975023,1.021577,0.992463,0.988394,0.975197,0.985440,0.971542,0.959702,0.969662,0.961059,0.954061,1.002329,0.952044,0.969679,0.987354,0.978469,0.975762,0.971051,0.965433,0.954650,0.966541,0.970469,0.863541,0.974183,0.978811,0.962770,0.983621,0.995424,0.978469,0.983593,0.963867,1.036534
5.131280,1.008016,0.938864,0.944868,0.957525,0.978598,0.983401,0.974858,0.974836,1.021508,0.992230,0.988167,0.974970,0.985213,0.971328,0.959494,0.969458,0.960871,0.953890,1.002130,0.951844,0.969468,0.987134,0.978251,0.975556,0.970993,0.965232,0.954456,0.966235,0.970136,0.863534,0.973890,0.978537,0.962613,0.983404,0.995204,0.978251,0.983637,0.963506,1.036529
5.139610,1.007969,0.938786,0.944725,0.957329,0.978389,0.983185,0.974661,0.974648,1.021439,0.991997,0.987939,0.974742,0.984985,0.971114,0.959285,0.969252,0.960681,0.953718,1.001929,0.951640,0.969255,0.986914,0.978032,0.975348,0.970935,0.965030,0.954261,0.965926,0.969801,0.863530,0.973597,0.978263,0.962453,0.983182,0.994982,0.978032,0.983681,0.963141,1.036524
5.147940,1.007922,0.938708,0.944582,0.957132,0.978179,0.982968,0.974464,0.974459,1.021369,0.991763,0.987711,0.974514,0.984757,0.970900,0.959074,0.969045,0.960490,0.953545,1.001725,0.951433,0.969042,0.986691,0.977812,0.975138,0.970878,0.964826,0.954064,0.965615,0.969464,0.863527,0.973302,0.977987,0.962291,0.982956,0.994760,0.977812,0.983725,0.962774,1.036519
5.156270,1.007876,0.938632,0.944439,0.956935,0.977969,0.982750,0.974266,0.974270,1.021299,0.991528,0.987482,0.974285,0.984528,0.970684,0.958863,0.968837,0.960298,0.953372,1.001518,0.951222,0.968827,0.986468,0.977591,0.974928,0.970820,0.964621,0.953866,0.965302,0.969124,0.863527,0.973007,0.977712,0.962126,0.982725,0.994535,0.977591,0.983769,0.962403,1.036515
5.164600,1.007832,0.938556,0.944295,0.956737,0.977758,0.982532,0.974067,0.974080,1.021229,0.991293,0.987252,0.974056,0.984299,0.970468,0.958651,0.968628,0.960105,0.953198,1.001309,0.951008,0.968611,0.986243,0.977369,0.974716,0.970763,0.964415,0.953668,0.964987,0.968781,0.863528,0.972710,0.977435,0.961958,0.982490,0.994309,0.977369,0.983814,0.962030,1.036512
5.172930,1.007788,0.938481,0.944152,0.956540,0.977547,0.982313,0.973868,0.973890,1.021159,0.991058,0.987022,0.973826,0.984069,0.970252,0.958438,0.968418,0.959912,0.953024,1.001098,0.950791,0.968394,0.986018,0.977145,0.974503,0.970705,0.964207,0.953468,0.964670,0.968436,0.863531,0.972413,0.977159,0.961788,0.982250,0.994082,0.977145,0.983858,0.961654,1.036509
5.181260,1.007745,0.938407,0.944009,0.956341,0.977335,0.982094,0.973668,0.973699,1.021088,0.990822,0.986792,0.973595,0.983839,0.970035,0.958225,0.968207,0.959718,0.952849,1.000885,0.950571,0.968176,0.985791,0.976921,0.974289,0.970648,0.963999,0.953268,0.964351,0.968090,0.863536,0.972115,0.976882,0.961615,0.982007,0.993854,0.976921,0.983903,0.961276,1.036506
5.189590,1.007703,0.938334,0.943866,0.956143,0.977123,0.981874,0.973468,0.973508,1.021017,0.990585,0.986561,0.973365,0.983608,0.969818,0.958010,0.967994,0.959523,0.952674,1.000669,0.950348,0.967958,0.985563,0.976695,0.974074,0.970591,0.963790,0.953066,0.964030,0.967741,0.863543,0.971817,0.976604,0.961441,0.981760,0.993624,0.976695,0.983949,0.960896,1.036504
5.197920,1.007663,0.938261,0.943723,0.955944,0.976910,0.981654,0.973267,0.973316,1.020946,0.990348,0.986330,0.973134,0.983377,0.969600,0.957795,0.967781,0.959327,0.952498,1.000452,0.950123,0.967738,0.985334,0.976469,0.973859,0.970535,0.963580,0.952864,0.963708,0.967390,0.863552,0.971517,0.976326,0.961264,0.981509,0.993393,0.976469,0.983994,0.960513,1.036502
5.206250,1.007623,0.938190,0.943580,0.955745,0.976697,0.981433,0.973066,0.973124,1.020874,0.990111,0.986098,0.972902,0.983145,0.969382,0.957579,0.967567,0.959131,0.952322,1.000232,0.949895,0.967518,0.985105,0.976242,0.973642,0.970478,0.963369,0.952661,0.963384,0.967038,0.863563,0.971217,0.976048,0.961086,0.981255,0.993161,0.976242,0.984040,0.960128,1.036500
5.214580,1.007584,0.938119,0.943438,0.955545,0.976483,0.981213,0.972864,0.972931,1.020803,0.989873,0.985866,0.972670,0.982914,0.969164,0.957363,0.967353,0.958935,0.952146,1.000011,0.949664,0.967297,0.984875,0.976014,0.973425,0.970422,0.963158,0.952458,0.963059,0.966684,0.863575,0.970916,0.975770,0.960906,0.980997,0.992928,0.976014,0.984086,0.959742,1.036499
5.222910,1.007546,0.938049,0.943295,0.955346,0.976269,0.980991,0.972662,0.972738,1.020731,0.989635,0.985634,0.972438,0.982681,0.968945,0.957146,0.967138,0.958738,0.951970,0.999789,0.949431,0.967075,0.984644,0.975786,0.973207,0.970366,0.962946,0.952254,0.962732,0.966329,0.863590,0.970615,0.975491,0.960724,0.980737,0.992695,0.975786,0.984133,0.959354,1.036498
5.231240,1.007509,0.937980,0.943152,0.955146,0.976055,0.980769,0.972460,0.972545,1.020658,0.989397,0.985401,0.972205,0.982449,0.968726,0.956929,0.966922,0.958540,0.951793,0.999565,0.949197,0.966853,0.984413,0.975557,0.972989,0.970310,0.962734,0.952050,0.962405,0.965973,0.863605,0.970312,0.975212,0.960541,0.980474,0.992460,0.975557,0.984180,0.958965,1.036498
5.239570,1.007473,0.937912,0.943010,0.954946,0.975841,0.980547,0.972258,0.972351,1.020586,0.989159,0.985169,0.971973,0.982216,0.968507,0.956712,0.966706,0.958343,0.951617,0.999339,0.948960,0.966630,0.984181,0.975327,0.972770,0.970255,0.962521,0.951845,0.962076,0.965616,0.863623,0.970010,0.974932,0.960356,0.980208,0.992225,0.975327,0.984227,0.958574,1.036498
5.247900,1.007438,0.937845,0.942868,0.954746,0.975626,0.980325,0.972055,0.972157,1.020514,0.988920,0.984935,0.971740,0.981983,0.968288,0.956494,0.966489,0.958145,0.951440,0.999113,0.948722,0.966407,0.983949,0.975098,0.972551,0.970200,0.962308,0.951640,0.961747,0.965258,0.863642,0.969706,0.974653,0.960170,0.979940,0.991989,0.975098,0.984275,0.958183,1.036498
5.256230,1.007404,0.937778,0.942726,0.954546,0.975411,0.980103,0.971851,0.971962,1.020441,0.988681,0.984702,0.971506,0.981750,0.968069,0.956276,0.966273,0.957947,0.951263,0.998886,0.948482,0.966184,0.983716,0.974868,0.972332,0.970145,0.962094,0.951434,0.961418,0.964899,0.863664,0.969402,0.974373,0.959984,0.979670,0.991753,0.974868,0.984323,0.957790,1.036499
5.264560,1.007371,0.937713,0.942585,0.954345,0.975196,0.979880,0.971648,0.971768,1.020368,0.988442,0.984469,0.971273,0.981517,0.967849,0.956058,0.966056,0.957748,0.951087,0.998657,0.948241,0.965961,0.983484,0.974638,0.972112,0.970091,0.961881,0.951229,0.961087,0.964540,0.863686,0.969098,0.974093,0.959796,0.979398,0.991517,0.974638,0.984372,0.957397,1.036500
5.272890,1.007339,0.937648,0.942443,0.954145,0.974981,0.979657,0.971444,0.971573,1.020295,0.988203,0.984235,0.971040,0.981284,0.967630,0.955840,0.965839,0.957550,0.950910,0.998429,0.947998,0.965738,0.983251,0.974408,0.971892,0.970037,0.961667,0.951024,0.960757,0.964181,0.863710,0.968793,0.973814,0.959608,0.979124,0.991280,0.974408,0.984421,0.957004,1.036501
5.281220,1.007308,0.937585,0.942303,0.953945,0.974765,0.979434,0.971241,0.971378,1.020222,0.987964,0.984001,0.970806,0.981050,0.967410,0.955621,0.965621,0.957352,0.950734,0.998199,0.947755,0.965515,0.983019,0.974178,0.971672,0.969983,0.961454,0.950818,0.960426,0.963821,0.863736,0.968488,0.973534,0.959419,0.978849,0.991044,0.974178,0.984471,0.956611,1.036503
5.289550,1.007278,0.937522,0.942162,0.953745,0.974550,0.979211,0.971037,0.971183,1.020149,0.987724,0.983767,0.970573,0.980817,0.967190,0.955403,0.965404,0.957154,0.950558,0.997969,0.947511,0.965292,0.982786,0.973948,0.971453,0.969931,0.961241,0.950613,0.960096,0.963462,0.863764,0.968182,0.973254,0.959230,0.978573,0.990807,0.973948,0.984522,0.956217,1.036505
5.297880,1.007248,0.937460,0.942022,0.953544,0.974334,0.978988,0.970833,0.970987,1.020075,0.987485,0.983534,0.970339,0.980584,0.966971,0.955185,0.965188,0.956957,0.950382,0.997739,0.947266,0.965069,0.982554,0.973718,0.971233,0.969878,0.961028,0.950408,0.959766,0.963103,0.863793,0.967876,0.972974,0.959040,0.978296,0.990571,0.973718,0.984573,0.955824,1.036508
5.306210,1.007220,0.937400,0.941882,0.953344,0.974118,0.978764,0.970628,0.970792,1.020002,0.987246,0.983300,0.970106,0.980350,0.966752,0.954968,0.964971,0.956759,0.950207,0.997509,0.947021,0.964847,0.982323,0.973489,0.971014,0.969827,0.960815,0.950204,0.959436,0.962744,0.863824,0.967570,0.972694,0.958851,0.978019,0.990335,0.973489,0.984625,0.955431,1.036511
5.314540,1.007192,0.937340,0.941743,0.953145,0.973903,0.978541,0.970424,0.970597,1.019928,0.987007,0.983066,0.969872,0.980117,0.966533,0.954750,0.964755,0.956563,0.950032,0.997280,0.946776,0.964625,0.982091,0.973260,0.970795,0.969776,0.960604,0.949999,0.959107,0.962386,0.863856,0.967264,0.972414,0.958661,0.977741,0.990099,0.973260,0.984677,0.955039,1.036514
5.322870,1.007165,0.937281,0.941605,0.952945,0.973687,0.978318,0.970220,0.970401,1.019855,0.986768,0.982833,0.969639,0.979884,0.966314,0.954533,0.964539,0.956366,0.949858,0.997050,0.946531,0.964403,0.981861,0.973032,0.970576,0.969725,0.960392,0.949796,0.958778,0.962029,0.863889,0.966957,0.972134,0.958472,0.977463,0.989864,0.973032,0.984730,0.954648,1.036518
5.331200,1.007139,0.937223,0.941467,0.952746,0.973472,0.978095,0.970016,0.970206,1.019781,0.986529,0.982599,0.969406,0.979651,0.966095,0.954316,0.964324,0.956170,0.949684,0.996821,0.946286,0.964182,0.981631,0.972804,0.970358,0.969676,0.960182,0.949593,0.958451,0.961673,0.863925,0.966650,0.971855,0.958283,0.977185,0.989630,0.972804,0.984784,0.954258,1.036522
5.339530,1.007114,0.937167,0.941329,0.952547,0.973257,0.977872,0.969812,0.970010,1.019707,0.986290,0.982366,0.969173,0.979419,0.965877,0.954100,0.964109,0.955975,0.949511,0.996592,0.946041,0.963962,0.981401,0.972577,0.970141,0.969627,0.959972,0.949391,0.958124,0.961318,0.863961,0.966343,0.971575,0.958094,0.976907,0.989396,0.972577,0.984839,0.953869,1.036526
5.347860,1.007090,0.937111,0.941193,0.952348,0.973041,0.977649,0.969608,0.969815,1.019634,0.986052,0.982133,0.968940,0.979186,0.965659,0.953885,0.963895,0.955781,0.949339,0.996364,0.945797,0.963743,0.981173,0.972351,0.969924,0.969579,0.959763,0.949190,0.957799,0.960964,0.863999,0.966036,0.971296,0.957907,0.976630,0.989164,0.972351,0.984894,0.953482,1.036530
5.356190,1.007067,0.937056,0.941057,0.952149,0.972827,0.977426,0.969404,0.969620,1.019560,0.985814,0.981900,0.968708,0.978955,0.965442,0.953670,0.963682,0.955587,0.949167,0.996137,0.945553,0.963524,0.980946,0.972126,0.969708,0.969531,0.959556,0.948989,0.957475,0.960612,0.864039,0.965729,0.971018,0.957720,0.976354,0.988932,0.972126,0.984950,0.953097,1.036535
5.364520,1.007044,0.937003,0.940921,0.951952,0.972612,0.977204,0.969201,0.969425,1.019487,0.985576,0.981668,0.968476,0.978723,0.965225,0.953456,0.963470,0.955395,0.948996,0.995910,0.945311,0.963307,0.980719,0.971902,0.969493,0.969485,0.959349,0.948790,0.957153,0.960262,0.864080,0.965422,0.970739,0.957534,0.976079,0.988701,0.971902,0.985007,0.952713,1.036541
5.372850,1.007023,0.936951,0.940787,0.951754,0.972398,0.976982,0.968997,0.969230,1.019413,0.985339,0.981435,0.968244,0.978492,0.965008,0.953243,0.963259,0.955203,0.948827,0.995685,0.945069,0.963090,0.980494,0.971679,0.969280,0.969440,0.959144,0.948592,0.956833,0.959914,0.864123,0.965115,0.970461,0.957349,0.975806,0.988472,0.971679,0.985066,0.952332,1.036546
5.381180,1.007002,0.936900,0.940653,0.951557,0.972184,0.976760,0.968794,0.969035,1.019340,0.985102,0.981204,0.968013,0.978261,0.964792,0.953031,0.963049,0.955012,0.948658,0.995462,0.944829,0.962875,0.980270,0.971458,0.969067,0.969395,0.958941,0.948395,0.956515,0.959568,0.864167,0.964808,0.970183,0.957165,0.975534,0.988243,0.971458,0.985125,0.951954,1.036552
5.389510,1.006982,0.936850,0.940520,0.951361,0.971970,0.976539,0.968592,0.968841,1.019266,0.984866,0.980973,0.967782,0.978031,0.964577,0.952819,0.962840,0.954823,0.948490,0.995239,0.944590,0.962661,0.980047,0.971237,0.968855,0.969352,0.958739,0.948199,0.956199,0.959225,0.864212,0.964501,0.969906,0.956983,0.975263,0.988017,0.971237,0.985185,0.951577,1.036558
5.397840,1.006963,0.936801,0.940389,0.951165,0.971757,0.976318,0.968389,0.968647,1.019193,0.984630,0.980742,0.967552,0.977801,0.964363,0.952609,0.962633,0.954635,0.948323,0.995018,0.944353,0.962448,0.979826,0.971018,0.968645,0.969310,0.958538,0.948005,0.955885,0.958884,0.864259,0.964194,0.969629,0.956802,0.974995,0.987791,0.971018,0.985246,0.951204,1.036564
5.406170,1.006945,0.936753,0.940258,0.950970,0.971544,0.976097,0.968187,0.968454,1.019120,0.984394,0.980511,0.967323,0.977572,0.964149,0.952400,0.962426,0.954448,0.948158,0.994799,0.944117,0.962237,0.979607,0.970801,0.968436,0.969269,0.958340,0.947813,0.955574,0.958546,0.864308,0.963887,0.969353,0.956623,0.974729,0.987568,0.970801,0.985308,0.950834,1.036571
5.414500,1.006927,0.936707,0.940128,0.950775,0.971332,0.975877,0.967986,0.968261,1.019047,0.984160,0.980282,0.967094,0.977344,0.963936,0.952192,0.962221,0.954263,0.947994,0.994582,0.943884,0.962027,0.979388,0.970585,0.968228,0.969229,0.958143,0.947622,0.955265,0.958211,0.864358,0.963581,0.969077,0.956446,0.974465,0.987346,0.970585,0.985371,0.950467,1.036578
5.422830,1.006910,0.936662,0.939999,0.950581,0.971121,0.975658,0.967785,0.968068,1.018975,0.983925,0.980053,0.966865,0.977117,0.963724,0.951985,0.962018,0.954079,0.947831,0.994367,0.943652,0.961819,0.979172,0.970370,0.968022,0.969190,0.957948,0.947432,0.954959,0.957878,0.864409,0.963275,0.968802,0.956270,0.974204,0.987126,0.970370,0.985435,0.950103,1.036586
5.431160,1.006894,0.936618,0.939871,0.950388,0.970910,0.975439,0.967585,0.967876,1.018902,0.983692,0.979824,0.966638,0.976890,0.963512,0.951780,0.961816,0.953896,0.947669,0.994154,0.943423,0.961613,0.978957,0.970158,0.967817,0.969153,0.957755,0.947245,0.954657,0.957550,0.864462,0.962970,0.968528,0.956097,0.973946,0.986907,0.970158,0.985500,0.949743,1.036593
5.439490,1.006879,0.936576,0.939745,0.950196,0.970699,0.975221,0.967385,0.967684,1.018830,0.983459,0.979597,0.966411,0.976664,0.963302,0.951576,0.961616,0.953715,0.947509,0.993943,0.943196,0.961408,0.978745,0.969947,0.967614,0.969116,0.957565,0.947060,0.954357,0.957224,0.864517,0.962664,0.968254,0.955925,0.973690,0.986691,0.969947,0.985567,0.949387,1.036601
5.447820,1.006865,0.936535,0.939620,0.950005,0.970490,0.975003,0.967185,0.967493,1.018758,0.983228,0.979370,0.966185,0.976438,0.963093,0.951373,0.961418,0.953536,0.947351,0.993734,0.942972,0.961205,0.978534,0.969738,0.967413,0.969082,0.957377,0.946876,0.954061,0.956903,0.864573,0.962360,0.967981,0.955756,0.973438,0.986477,0.969738,0.985635,0.949035,1.036609
5.456150,1.006851,0.936495,0.939496,0.949814,0.970281,0.974786,0.966987,0.967303,1.018687,0.982997,0.979144,0.965959,0.976214,0.962884,0.951172,0.961222,0.953359,0.947194,0.993528,0.942750,0.961004,0.978325,0.969531,0.967214,0.969049,0.957191,0.946695,0.953768,0.956585,0.864630,0.962055,0.967709,0.955590,0.973190,0.986265,0.969531,0.985704,0.948687,1.036618
5.464480,1.006839,0.936457,0.939373,0.949625,0.970073,0.974570,0.966789,0.967114,1.018616,0.982767,0.978919,0.965735,0.975991,0.962677,0.950973,0.961027,0.953184,0.947039,0.993325,0.942532,0.960805,0.978118,0.969326,0.967017,0.969017,0.957008,0.946516,0.953479,0.956271,0.864689,0.961752,0.967438,0.955425,0.972945,0.986055,0.969326,0.985774,0.948343,1.036627
5.472810,1.006827,0.936421,0.939252,0.949437,0.969866,0.974355,0.966592,0.966925,1.018545,0.982538,0.978695,0.965512,0.975769,0.962471,0.950776,0.960835,0.953010,0.946885,0.993124,0.942316,0.960608,0.977914,0.969124,0.966822,0.968987,0.956827,0.946339,0.953194,0.955961,0.864750,0.961449,0.967167,0.955264,0.972704,0.985847,0.969124,0.985846,0.948004,1.036636
5.481140,1.006816,0.936386,0.939133,0.949250,0.969660,0.974141,0.966396,0.966737,1.018474,0.982310,0.978472,0.965290,0.975548,0.962266,0.950580,0.960645,0.952839,0.946734,0.992926,0.942104,0.960413,0.977711,0.968923,0.966628,0.968958,0.956650,0.946165,0.952912,0.955656,0.864812,0.961147,0.966898,0.955105,0.972466,0.985642,0.968923,0.985919,0.947669,1.036645
5.489470,1.006806,0.936352,0.939014,0.949064,0.969455,0.973928,0.966201,0.966550,1.018405,0.982083,0.978250,0.965069,0.975328,0.962063,0.950386,0.960456,0.952670,0.946584,0.992731,0.941894,0.960221,0.977511,0.968725,0.966438,0.968931,0.956475,0.945993,0.952635,0.955355,0.864875,0.960846,0.966629,0.954949,0.972233,0.985440,0.968725,0.985993,0.947340,1.036655
5.497800,1.006796,0.936321,0.938898,0.948880,0.969251,0.973717,0.966007,0.966364,1.018335,0.981857,0.978029,0.964849,0.975109,0.961861,0.950194,0.960271,0.952503,0.946436,0.992539,0.941688,0.960031,0.977314,0.968529,0.966249,0.968906,0.956303,0.945824,0.952362,0.955058,0.864941,0.960546,0.966362,0.954796,0.972004,0.985240,0.968529,0.986069,0.947016,1.036665
5.506130,1.006788,0.936290,0.938783,0.948696,0.969048,0.973506,0.965814,0.966179,1.018266,0.981633,0.977809,0.964631,0.974892,0.961661,0.950004,0.960087,0.952339,0.946291,0.992350,0.941486,0.959843,0.977119,0.968336,0.966063,0.968883,0.956134,0.945657,0.952093,0.954767,0.865008,0.960248,0.966095,0.954645,0.971779,0.985042,0.968336,0.986147,0.946696,1.036675
5.514460,1.006780,0.936262,0.938670,0.948515,0.968847,0.973297,0.965622,0.965996,1.018198,0.981410,0.977591,0.964414,0.974676,0.961462,0.949817,0.959906,0.952177,0.946148,0.992164,0.941287,0.959658,0.976927,0.968145,0.965879,0.968862,0.955968,0.945494,0.951829,0.954480,0.865076,0.959951,0.965830,0.954498,0.971559,0.984848,0.968145,0.986226,0.946383,1.036685
5.522790,1.006773,0.936235,0.938559,0.948335,0.968647,0.973089,0.965432,0.965813,1.018130,0.981189,0.977375,0.964199,0.974462,0.961265,0.949632,0.959728,0.952017,0.946007,0.991982,0.941093,0.959475,0.976737,0.967957,0.965698,0.968842,0.955806,0.945333,0.951570,0.954199,0.865147,0.959655,0.965566,0.954354,0.971344,0.984656,0.967957,0.986306,0.946074,1.036696
5.531120,1.006767,0.936211,0.938450,0.948156,0.968449,0.972883,0.965243,0.965632,1.018063,0.980970,0.977160,0.963985,0.974250,0.961070,0.949448,0.959552,0.951860,0.945868,0.991804,0.940902,0.959295,0.976550,0.967772,0.965519,0.968825,0.955647,0.945176,0.951315,0.953922,0.865219,0.959362,0.965304,0.954214,0.971133,0.984467,0.967772,0.986388,0.945772,1.036707
5.539450,1.006762,0.936188,0.938343,0.947980,0.968253,0.972678,0.965056,0.965453,1.017997,0.980752,0.976946,0.963773,0.974039,0.960877,0.949268,0.959379,0.951706,0.945732,0.991629,0.940714,0.959118,0.976366,0.967589,0.965343,0.968810,0.955491,0.945021,0.951065,0.953651,0.865292,0.959070,0.965043,0.954077,0.970927,0.984281,0.967589,0.986472,0.945475,1.036719
5.547780,1.006758,0.936167,0.938238,0.947805,0.968058,0.972476,0.964870,0.965275,1.017932,0.980536,0.976735,0.963563,0.973830,0.960685,0.949090,0.959209,0.951554,0.945598,0.991457,0.940532,0.958943,0.976185,0.967409,0.965170,0.968797,0.955340,0.944870,0.950821,0.953386,0.865368,0.958781,0.964784,0.953943,0.970727,0.984098,0.967409,0.986558,0.945184,1.036730
5.556110,1.006755,0.936148,0.938135,0.947633,0.967865,0.972275,0.964687,0.965099,1.017867,0.980321,0.976526,0.963355,0.973623,0.960496,0.948914,0.959042,0.951406,0.945467,0.991290,0.940353,0.958772,0.976007,0.967233,0.965000,0.968786,0.955192,0.944722,0.950582,0.953126,0.865446,0.958494,0.964526,0.953813,0.970531,0.983918,0.967233,0.986645,0.944900,1.036743
5.564440,1.006753,0.936132,0.938035,0.947462,0.967674,0.972076,0.964505,0.964925,1.017804,0.980109,0.976318,0.963148,0.973419,0.960309,0.948742,0.958878,0.951260,0.945339,0.991126,0.940178,0.958604,0.975832,0.967059,0.964833,0.968777,0.955047,0.944578,0.950348,0.952872,0.865525,0.958210,0.964270,0.953686,0.970341,0.983741,0.967059,0.986735,0.944621,1.036755
5.572770,1.006752,0.936117,0.937937,0.947294,0.967486,0.971880,0.964325,0.964752,1.017741,0.979900,0.976113,0.962945,0.973216,0.960125,0.948572,0.958717,0.951118,0.945213,0.990966,0.940008,0.958438,0.975660,0.966889,0.964669,0.968771,0.954907,0.944437,0.950119,0.952624,0.865606,0.957928,0.964016,0.953563,0.970156,0.983568,0.966889,0.986826,0.944349,1.036768
5.581100,1.006752,0.936105,0.937841,0.947128,0.967299,0.971686,0.964147,0.964582,1.017680,0.979692,0.975910,0.962743,0.973016,0.959943,0.948405,0.958560,0.950979,0.945091,0.990811,0.939843,0.958276,0.975491,0.966722,0.964509,0.968767,0.954771,0.944300,0.949896,0.952382,0.865690,0.957650,0.963764,0.953444,0.969977,0.983398,0.966722,0.986919,0.944083,1.036781
5.589430,1.006753,0.936095,0.937748,0.946964,0.967115,0.971494,0.963972,0.964414,1.017619,0.979487,0.975710,0.962544,0.972819,0.959763,0.948242,0.958406,0.950843,0.944971,0.990659,0.939682,0.958118,0.975326,0.966558,0.964352,0.968766,0.954639,0.944166,0.949679,0.952147,0.865775,0.957374,0.963515,0.953329,0.969803,0.983231,0.966558,0.987014,0.943824,1.036794
5.597760,1.006755,0.936088,0.937658,0.946803,0.966934,0.971305,0.963799,0.964248,1.017560,0.979285,0.975512,0.962348,0.972624,0.959587,0.948081,0.958255,0.950710,0.944855,0.990512,0.939526,0.957962,0.975164,0.966398,0.964198,0.968767,0.954511,0.944037,0.949468,0.951917,0.865863,0.957103,0.963268,0.953217,0.969635,0.983068,0.966398,0.987111,0.943572,1.036808
5.606090,1.006758,0.936083,0.937571,0.946645,0.966755,0.971119,0.963629,0.964085,1.017502,0.979086,0.975318,0.962155,0.972432,0.959413,0.947924,0.958108,0.950582,0.944742,0.990369,0.939375,0.957811,0.975006,0.966241,0.964047,0.968771,0.954388,0.943911,0.949263,0.951694,0.865952,0.956834,0.963023,0.953110,0.969472,0.982908,0.966241,0.987211,0.943327,1.036822
5.614420,1.006763,0.936080,0.937487,0.946490,0.966580,0.970935,0.963461,0.963925,1.017446,0.978889,0.975126,0.961964,0.972244,0.959242,0.947770,0.957964,0.950456,0.944632,0.990231,0.939228,0.957662,0.974851,0.966088,0.963901,0.968778,0.954269,0.943790,0.949063,0.951477,0.866044,0.956570,0.962782,0.953006,0.969316,0.982752,0.966088,0.987312,0.943088,1.036837
5.622750,1.006769,0.936081,0.937405,0.946338,0.966407,0.970755,0.963296,0.963767,1.017391,0.978696,0.974937,0.961777,0.972058,0.959075,0.947620,0.957824,0.950335,0.944526,0.990097,0.939086,0.957518,0.974701,0.965938,0.963758,0.968788,0.954155,0.943672,0.948870,0.951267,0.866138,0.956309,0.962543,0.952907,0.969165,0.982600,0.965938,0.987416,0.942856,1.036852
5.631080,1.006775,0.936084,0.937327,0.946189,0.966237,0.970578,0.963134,0.963612,1.017337,0.978506,0.974752,0.961593,0.971875,0.958911,0.947473,0.957688,0.950217,0.944423,0.989968,0.938950,0.957377,0.974554,0.965792,0.963619,0.968800,0.954045,0.943559,0.948683,0.951064,0.866235,0.956053,0.962307,0.952812,0.969020,0.982451,0.965792,0.987522,0.942632,1.036868
5.639410,1.006784,0.936090,0.937252,0.946043,0.966071,0.970404,0.962975,0.963460,1.017285,0.978319,0.974569,0.961412,0.971696,0.958750,0.947330,0.957556,0.950103,0.944324,0.989844,0.938818,0.957240,0.974410,0.965651,0.963484,0.968816,0.953940,0.943451,0.948503,0.950867,0.866334,0.955801,0.962075,0.952722,0.968881,0.982306,0.965651,0.987630,0.942414,1.036884
5.647740,1.006793,0.936098,0.937181,0.945901,0.965908,0.970234,0.962820,0.963311,1.017234,0.978136,0.974391,0.961235,0.971521,0.958593,0.947191,0.957429,0.949994,0.944229,0.989724,0.938692,0.957108,0.974271,0.965513,0.963353,0.968834,0.953840,0.943346,0.948329,0.950677,0.866435,0.955553,0.961846,0.952635,0.968748,0.982166,0.965513,0.987741,0.942204,1.036900
5.656070,1.006804,0.936110,0.937113,0.945762,0.965749,0.970068,0.962668,0.963166,1.017185,0.977957,0.974216,0.961062,0.971349,0.958439,0.947056,0.957305,0.949888,0.944138,0.989609,0.938571,0.956979,0.974136,0.965379,0.963226,0.968856,0.953745,0.943247,0.948162,0.950495,0.866538,0.955311,0.961621,0.952553,0.968621,0.982029,0.965379,0.987854,0.942001,1.036917
5.664400,1.006816,0.936125,0.937049,0.945627,0.965593,0.969905,0.962519,0.963024,1.017138,0.977781,0.974045,0.960893,0.971181,0.958290,0.946925,0.957185,0.949787,0.944051,0.989499,0.938455,0.956854,0.974005,0.965249,0.963103,0.968881,0.953655,0.943152,0.948001,0.950319,0.866645,0.955073,0.961400,0.952475,0.968500,0.981896,0.965249,0.987969,0.941806,1.036934
5.672730,1.006830,0.936142,0.936988,0.945496,0.965442,0.969746,0.962374,0.962885,1.017093,0.977610,0.973878,0.960727,0.971018,0.958144,0.946798,0.957070,0.949690,0.943967,0.989394,0.938344,0.956734,0.973878,0.965124,0.962984,0.968910,0.953570,0.943062,0.947847,0.950150,0.866753,0.954840,0.961183,0.952402,0.968386,0.981767,0.965124,0.988088,0.941618,1.036952
5.681060,1.006845,0.936164,0.936931,0.945368,0.965294,0.969591,0.962233,0.962750,1.017049,0.977443,0.973715,0.960566,0.970858,0.958003,0.946676,0.956960,0.949597,0.943888,0.989294,0.938239,0.956618,0.973755,0.965003,0.962870,0.968941,0.953491,0.942976,0.947699,0.949989,0.866865,0.954613,0.960970,0.952333,0.968277,0.981642,0.965003,0.988208,0.941437,1.036970
5.689390,1.006861,0.936188,0.936878,0.945245,0.965150,0.969441,0.962096,0.962619,1.017008,0.977280,0.973557,0.960409,0.970703,0.957866,0.946557,0.956854,0.949509,0.943814,0.989199,0.938139,0.956506,0.973637,0.964886,0.962761,0.968976,0.953416,0.942896,0.947559,0.949835,0.866979,0.954390,0.960761,0.952269,0.968175,0.981521,0.964886,0.988332,0.941264,1.036988
5.697720,1.006879,0.936216,0.936829,0.945126,0.965011,0.969294,0.961963,0.962491,1.016968,0.977121,0.973403,0.960256,0.970552,0.957733,0.946444,0.956752,0.949425,0.943743,0.989110,0.938044,0.956399,0.973523,0.964774,0.962656,0.969015,0.953347,0.942821,0.947425,0.949688,0.867096,0.954174,0.960557,0.952209,0.968079,0.981405,0.964774,0.988458,0.941099,1.037007
5.706050,1.006899,0.936247,0.936784,0.945011,0.964876,0.969153,0.961833,0.962368,1.016930,0.976968,0.973253,0.960108,0.970405,0.957604,0.946335,0.956655,0.949347,0.943677,0.989025,0.937955,0.956296,0.973414,0.964666,0.962556,0.969057,0.953284,0.942750,0.947299,0.949548,0.867215,0.953963,0.960358,0.952154,0.967989,0.981293,0.964666,0.988586,0.940941,1.037027
5.714380,1.006920,0.936281,0.936744,0.944900,0.964745,0.969015,0.961708,0.962249,1.016895,0.976819,0.973108,0.959965,0.970264,0.957481,0.946230,0.956563,0.949273,0.943616,0.988946,0.937872,0.956198,0.973309,0.964563,0.962460,0.969103,0.953226,0.942685,0.947179,0.949416,0.867338,0.953757,0.960164,0.952104,0.967905,0.981185,0.964563,0.988718,0.940790,1.037047
5.722710,1.006943,0.936319,0.936707,0.944794,0.964619,0.968883,0.961588,0.962134,1.016861,0.976674,0.972968,0.959826,0.970127,0.957361,0.946131,0.956476,0.949203,0.943559,0.988872,0.937794,0.956104,0.973209,0.964464,0.962369,0.969152,0.953173,0.942625,0.947067,0.949292,0.867463,0.953558,0.959974,0.952058,0.967827,0.981081,0.964464,0.988853,0.940648,1.037068
5.731040,1.006967,0.936361,0.936675,0.944693,0.964497,0.968755,0.961472,0.962023,1.016830,0.976535,0.972832,0.959693,0.969995,0.957247,0.946036,0.956394,0.949139,0.943507,0.988803,0.937721,0.956015,0.973114,0.964370,0.962283,0.969205,0.953126,0.942571,0.946962,0.949175,0.867591,0.953364,0.959790,0.952017,0.967756,0.980982,0.964370,0.988990,0.940513,1.037089
5.739370,1.006994,0.936407,0.936647,0.944596,0.964381,0.968631,0.961360,0.961916,1.016801,0.976401,0.972702,0.959564,0.969868,0.957138,0.945946,0.956316,0.949080,0.943460,0.988740,0.937654,0.955931,0.973023,0.964281,0.962202,0.969262,0.953085,0.942521,0.946864,0.949065,0.867723,0.953177,0.959611,0.951980,0.967690,0.980888,0.964281,0.989130,0.940385,1.037111
5.747700,1.007022,0.936456,0.936624,0.944504,0.964269,0.968513,0.961253,0.961814,1.016774,0.976271,0.972577,0.959440,0.969746,0.957033,0.945861,0.956244,0.949025,0.943417,0.988682,0.937593,0.955852,0.972937,0.964197,0.962126,0.969323,0.953049,0.942477,0.946773,0.948963,0.867857,0.952995,0.959437,0.951948,0.967631,0.980797,0.964197,0.989273,0.940266,1.037133
5.756030,1.007051,0.936509,0.936606,0.944417,0.964162,0.968400,0.961150,0.961716,1.016749,0.976147,0.972457,0.959322,0.969629,0.956934,0.945781,0.956177,0.948976,0.943380,0.988629,0.937537,0.955778,0.972856,0.964117,0.962055,0.969387,0.953019,0.942439,0.946689,0.948868,0.867994,0.952820,0.959269,0.951921,0.967578,0.980712,0.964117,0.989419,0.940154,1.037156
5.764360,1.007083,0.936566,0.936592,0.944335,0.964059,0.968292,0.961052,0.961623,1.016727,0.976029,0.972342,0.959209,0.969517,0.956839,0.945707,0.956115,0.948932,0.943347,0.988582,0.937487,0.955709,0.972779,0.964043,0.961989,0.969456,0.952995,0.942406,0.946612,0.948781,0.868135,0.952651,0.959106,0.951899,0.967531,0.980630,0.964043,0.989568,0.940049,1.037179
5.772690,1.007116,0.936627,0.936583,0.944258,0.963962,0.968189,0.960959,0.961535,1.016707,0.975916,0.972232,0.959101,0.969411,0.956750,0.945637,0.956058,0.948893,0.943319,0.988540,0.937442,0.955645,0.972708,0.963973,0.961928,0.969528,0.952977,0.942378,0.946543,0.948701,0.868279,0.952488,0.958949,0.951881,0.967490,0.980554,0.963973,0.989721,0.939952,1.037203
5.781020,1.007151,0.936691,0.936578,0.944186,0.963870,0.968091,0.960871,0.961451,1.016689,0.975808,0.972128,0.958998,0.969310,0.956666,0.945573,0.956006,0.948859,0.943296,0.988504,0.937402,0.955586,0.972641,0.963909,0.961873,0.969605,0.952964,0.942356,0.946481,0.948629,0.868425,0.952332,0.958797,0.951868,0.967455,0.980482,0.963909,0.989876,0.939863,1.037227
5.789350,1.007188,0.936760,0.936578,0.944119,0.963784,0.967998,0.960788,0.961372,1.016674,0.975706,0.972029,0.958901,0.969215,0.956588,0.945514,0.955960,0.948831,0.943279,0.988473,0.937369,0.955531,0.972580,0.963849,0.961822,0.969685,0.952958,0.942340,0.946426,0.948565,0.868576,0.952182,0.958652,0.951859,0.967426,0.980414,0.963849,0.990034,0.939781,1.037252
5.797680,1.007227,0.936833,0.936584,0.944057,0.963702,0.967911,0.960709,0.961298,1.016661,0.975609,0.971936,0.958810,0.969125,0.956515,0.945460,0.955918,0.948807,0.943266,0.988448,0.937340,0.955482,0.972523,0.963795,0.961777,0.969770,0.952957,0.942329,0.946379,0.948508,0.868729,0.952038,0.958512,0.951856,0.967402,0.980351,0.963795,0.990196,0.939707,1.037278
5.806010,1.007268,0.936910,0.936594,0.944000,0.963626,0.967829,0.960636,0.961228,1.016650,0.975518,0.971848,0.958724,0.969041,0.956447,0.945412,0.955883,0.948790,0.943259,0.988428,0.937318,0.955439,0.972471,0.963745,0.961738,0.969858,0.952962,0.942324,0.946339,0.948459,0.868886,0.951901,0.958379,0.951857,0.967385,0.980293,0.963745,0.990360,0.939641,1.037304
5.814340,1.007311,0.936991,0.936609,0.943949,0.963554,0.967752,0.960567,0.961164,1.016642,0.975432,0.971765,0.958643,0.968963,0.956385,0.945369,0.955852,0.948777,0.943257,0.988413,0.937300,0.955400,0.972425,0.963701,0.961703,0.969951,0.952973,0.942324,0.946306,0.948417,0.869046,0.951770,0.958251,0.951862,0.967373,0.980239,0.963701,0.990528,0.939582,1.037330
5.822670,1.007356,0.937076,0.936629,0.943903,0.963488,0.967681,0.960504,0.961104,1.016636,0.975353,0.971689,0.958568,0.968889,0.956328,0.945331,0.955827,0.948770,0.943260,0.988404,0.937288,0.955366,0.972383,0.963662,0.961674,0.970047,0.952990,0.942330,0.946280,0.948382,0.869209,0.951645,0.958129,0.951872,0.967367,0.980190,0.963662,0.990699,0.939530,1.037357
5.831000,1.007402,0.937166,0.936654,0.943862,0.963428,0.967615,0.960445,0.961049,1.016632,0.975279,0.971617,0.958499,0.968822,0.956277,0.945299,0.955807,0.948768,0.943268,0.988400,0.937282,0.955338,0.972347,0.963627,0.961650,0.970148,0.953013,0.942342,0.946262,0.948355,0.869376,0.951527,0.958013,0.951887,0.967367,0.980145,0.963627,0.990873,0.939486,1.037385
5.839330,1.007451,0.937259,0.936683,0.943826,0.963372,0.967555,0.960392,0.960999,1.016631,0.975210,0.971552,0.958435,0.968760,0.956231,0.945272,0.955793,0.948772,0.943282,0.988402,0.937280,0.955315,0.972315,0.963598,0.961632,0.970253,0.953042,0.942360,0.946250,0.948336,0.869546,0.951415,0.957903,0.951906,0.967372,0.980105,0.963598,0.991050,0.939449,1.037413
5.847660,1.007502,0.937357,0.936718,0.943796,0.963322,0.967500,0.960343,0.960953,1.016633,0.975148,0.971492,0.958377,0.968704,0.956191,0.945251,0.955784,0.948781,0.943301,0.988409,0.937284,0.955297,0.972289,0.963575,0.961618,0.970362,0.953077,0.942383,0.946246,0.948324,0.869719,0.951309,0.957800,0.951930,0.967382,0.980070,0.963575,0.991231,0.939420,1.037442
5.855990,1.007555,0.937459,0.936758,0.943772,0.963277,0.967450,0.960300,0.960913,1.016636,0.975091,0.971437,0.958325,0.968654,0.956156,0.945235,0.955780,0.948795,0.943325,0.988421,0.937293,0.955284,0.972268,0.963556,0.961611,0.970475,0.953117,0.942412,0.946249,0.948319,0.869896,0.951209,0.957702,0.951958,0.967398,0.980039,0.963556,0.991415,0.939397,1.037471
5.864320,1.007609,0.937565,0.936803,0.943752,0.963238,0.967405,0.960261,0.960877,1.016642,0.975039,0.971388,0.958278,0.968609,0.956127,0.945225,0.955782,0.948815,0.943354,0.988438,0.937308,0.955276,0.972251,0.963542,0.961608,0.970592,0.953164,0.942446,0.946259,0.948321,0.870076,0.951115,0.957610,0.951990,0.967419,0.980012,0.963542,0.991601,0.939382,1.037501
5.872650,1.007666,0.937676,0.936853,0.943738,0.963203,0.967366,0.960228,0.960846,1.016650,0.974993,0.971345,0.958237,0.968569,0.956103,0.945220,0.955789,0.948840,0.943389,0.988461,0.937327,0.955274,0.972240,0.963534,0.961611,0.970714,0.953216,0.942486,0.946276,0.948331,0.870260,0.951027,0.957524,0.952027,0.967445,0.979991,0.963534,0.991792,0.939374,1.037531
5.880980,1.007725,0.937791,0.936908,0.943729,0.963174,0.967332,0.960199,0.960820,1.016661,0.974953,0.971307,0.958201,0.968536,0.956085,0.945220,0.955801,0.948871,0.943428,0.988489,0.937352,0.955276,0.972234,0.963530,0.961619,0.970839,0.953274,0.942532,0.946300,0.948348,0.870447,0.950945,0.957444,0.952068,0.967477,0.979973,0.963530,0.991985,0.939373,1.037561
5.889310,1.007785,0.937910,0.936968,0.943725,0.963150,0.967303,0.960175,0.960798,1.016674,0.974919,0.971274,0.958171,0.968507,0.956072,0.945226,0.955819,0.948906,0.943473,0.988522,0.937381,0.955284,0.972233,0.963532,0.961632,0.970968,0.953338,0.942583,0.946331,0.948372,0.870638,0.950869,0.957370,0.952114,0.967513,0.979960,0.963532,0.992181,0.939379,1.037592
5.897640,1.007848,0.938033,0.937033,0.943727,0.963131,0.967279,0.960156,0.960781,1.016689,0.974889,0.971247,0.958146,0.968484,0.956064,0.945237,0.955842,0.948947,0.943523,0.988560,0.937416,0.955297,0.972236,0.963539,0.961651,0.971102,0.953408,0.942639,0.946369,0.948403,0.870832,0.950798,0.957301,0.952164,0.967555,0.979952,0.963539,0.992381,0.939391,1.037624
5.905970,1.007913,0.938160,0.937103,0.943733,0.963117,0.967260,0.960141,0.960769,1.016706,0.974866,0.971225,0.958126,0.968467,0.956062,0.945254,0.955870,0.948994,0.943578,0.988603,0.937455,0.955315,0.972245,0.963550,0.961675,0.971240,0.953483,0.942702,0.946414,0.948441,0.871030,0.950733,0.957238,0.952218,0.967601,0.979948,0.963550,0.992584,0.939411,1.037656
5.914300,1.007980,0.938292,0.937178,0.943745,0.963107,0.967247,0.960131,0.960761,1.016725,0.974847,0.971208,0.958112,0.968455,0.956065,0.945275,0.955904,0.949045,0.943639,0.988651,0.937499,0.955337,0.972258,0.963567,0.961704,0.971381,0.953564,0.942769,0.946465,0.948486,0.871231,0.950673,0.957180,0.952276,0.967652,0.979948,0.963567,0.992790,0.939437,1.037688
5.922630,1.008049,0.938428,0.937258,0.943762,0.963103,0.967238,0.960126,0.960758,1.016747,0.974834,0.971197,0.958103,0.968448,0.956073,0.945302,0.955942,0.949102,0.943704,0.988703,0.937548,0.955365,0.972277,0.963589,0.961738,0.971527,0.953650,0.942842,0.946523,0.948537,0.871435,0.950618,0.957128,0.952338,0.967707,0.979953,0.963589,0.992999,0.939470,1.037721
5.930960,1.008120,0.938568,0.937342,0.943784,0.963103,0.967234,0.960125,0.960759,1.016770,0.974826,0.971190,0.958099,0.968446,0.956086,0.945334,0.955986,0.949164,0.943774,0.988761,0.937601,0.955398,0.972300,0.963615,0.961777,0.971676,0.953742,0.942920,0.946588,0.948596,0.871643,0.950569,0.957081,0.952404,0.967767,0.979962,0.963615,0.993211,0.939509,1.037754
5.939290,1.008193,0.938712,0.937431,0.943810,0.963108,0.967234,0.960129,0.960764,1.016796,0.974823,0.971188,0.958099,0.968449,0.956105,0.945372,0.956034,0.949230,0.943849,0.988823,0.937659,0.955436,0.972328,0.963646,0.961822,0.971829,0.953839,0.943004,0.946659,0.948661,0.871854,0.950524,0.957039,0.952474,0.967831,0.979975,0.963646,0.993426,0.939555,1.037788
5.947620,1.008267,0.938860,0.937525,0.943842,0.963118,0.967240,0.960137,0.960773,1.016823,0.974824,0.971192,0.958105,0.968457,0.956128,0.945414,0.956088,0.949302,0.943929,0.988890,0.937721,0.955478,0.972360,0.963682,0.961871,0.971986,0.953942,0.943093,0.946736,0.948732,0.872069,0.950484,0.957002,0.952547,0.967900,0.979993,0.963682,0.993644,0.939607,1.037822
5.955950,1.008344,0.939013,0.937624,0.943878,0.963132,0.967249,0.960149,0.960787,1.016852,0.974831,0.971199,0.958116,0.968470,0.956156,0.945461,0.956146,0.949379,0.944014,0.988962,0.937788,0.955525,0.972397,0.963723,0.961925,0.972147,0.954050,0.943186,0.946820,0.948810,0.872287,0.950449,0.956970,0.952625,0.967973,0.980014,0.963723,0.993866,0.939665,1.037856
5.964280,1.008423,0.939169,0.937727,0.943919,0.963150,0.967264,0.960165,0.960804,1.016883,0.974842,0.971212,0.958131,0.968487,0.956189,0.945513,0.956209,0.949460,0.944104,0.989038,0.937859,0.955577,0.972439,0.963769,0.961984,0.972312,0.954163,0.943285,0.946910,0.948895,0.872508,0.950418,0.956943,0.952706,0.968049,0.980040,0.963769,0.994090,0.939730,1.037891
5.972610,1.008504,0.939329,0.937834,0.943964,0.963173,0.967282,0.960185,0.960825,1.016916,0.974858,0.971229,0.958151,0.968510,0.956227,0.945570,0.956277,0.949547,0.944198,0.989118,0.937934,0.955633,0.972485,0.963818,0.962047,0.972480,0.954282,0.943389,0.947007,0.948986,0.872733,0.950391,0.956920,0.952790,0.968130,0.980070,0.963818,0.994317,0.939800,1.037925
5.980940,1.008586,0.939494,0.937946,0.944014,0.963200,0.967304,0.960209,0.960850,1.016950,0.974879,0.971250,0.958175,0.968536,0.956269,0.945631,0.956350,0.949637,0.944297,0.989203,0.938013,0.955694,0.972536,0.963873,0.962116,0.972652,0.954405,0.943498,0.947109,0.949083,0.872961,0.950368,0.956902,0.952879,0.968215,0.980103,0.963873,0.994547,0.939877,1.037960
5.989270,1.008671,0.939662,0.938063,0.944068,0.963230,0.967331,0.960237,0.960879,1.016987,0.974903,0.971275,0.958203,0.968567,0.956315,0.945697,0.956427,0.949733,0.944400,0.989292,0.938095,0.955760,0.972591,0.963932,0.962188,0.972828,0.954534,0.943611,0.947218,0.949186,0.873192,0.950350,0.956888,0.952970,0.968303,0.980140,0.963932,0.994780,0.939959,1.037996
5.997600,1.008757,0.939834,0.938183,0.944127,0.963265,0.967361,0.960268,0.960911,1.017024,0.974932,0.971305,0.958236,0.968602,0.956366,0.945768,0.956508,0.949833,0.944508,0.989385,0.938182,0.955829,0.972650,0.963995,0.962266,0.973007,0.954667,0.943730,0.947332,0.949295,0.873427,0.950334,0.956877,0.953065,0.968394,0.980182,0.963995,0.995015,0.940047,1.038031
6.005930,1.008845,0.940009,0.938308,0.944189,0.963303,0.967395,0.960303,0.960946,1.017063,0.974964,0.971338,0.958272,0.968641,0.956421,0.945843,0.956594,0.949937,0.944620,0.989482,0.938273,0.955903,0.972714,0.964062,0.962347,0.973189,0.954805,0.943853,0.947452,0.949410,0.873664,0.950322,0.956871,0.953163,0.968490,0.980227,0.964062,0.995253,0.940141,1.038067
6.014260,1.008935,0.940189,0.938437,0.944256,0.963345,0.967432,0.960341,0.960985,1.017103,0.975001,0.971375,0.958312,0.968684,0.956480,0.945922,0.956684,0.950046,0.944736,0.989582,0.938367,0.955981,0.972781,0.964134,0.962433,0.973375,0.954948,0.943980,0.947578,0.949530,0.873905,0.950314,0.956868,0.953264,0.968588,0.980275,0.964134,0.995494,0.940241,1.038103
6.022590,1.009027,0.940372,0.938570,0.944326,0.963390,0.967473,0.960383,0.961026,1.017145,0.975041,0.971415,0.958356,0.968731,0.956542,0.946006,0.956779,0.950159,0.944857,0.989687,0.938465,0.956064,0.972853,0.964210,0.962524,0.973565,0.955096,0.944112,0.947709,0.949657,0.874149,0.950308,0.956868,0.953369,0.968690,0.980327,0.964210,0.995738,0.940345,1.038139
6.030920,1.009121,0.940558,0.938706,0.944400,0.963438,0.967517,0.960427,0.961071,1.017188,0.975084,0.971459,0.958403,0.968781,0.956609,0.946093,0.956877,0.950276,0.944981,0.989795,0.938566,0.956150,0.972928,0.964289,0.962618,0.973757,0.955248,0.944248,0.947846,0.949789,0.874396,0.950305,0.956871,0.953476,0.968795,0.980383,0.964289,0.995984,0.940456,1.038176
6.039250,1.009216,0.940748,0.938847,0.944477,0.963490,0.967564,0.960474,0.961118,1.017232,0.975131,0.971506,0.958454,0.968835,0.956679,0.946184,0.956980,0.950397,0.945110,0.989907,0.938670,0.956240,0.973008,0.964373,0.962716,0.973952,0.955405,0.944388,0.947988,0.949926,0.874646,0.950304,0.956878,0.953586,0.968902,0.980442,0.964373,0.996233,0.940571,1.038212
6.047580,1.009313,0.940942,0.938991,0.944558,0.963544,0.967614,0.960524,0.961168,1.017277,0.975181,0.971556,0.958508,0.968892,0.956752,0.946280,0.957086,0.950522,0.945242,0.990023,0.938778,0.956334,0.973091,0.964460,0.962818,0.974151,0.955565,0.944533,0.948136,0.950069,0.874899,0.950306,0.956887,0.953699,0.969013,0.980504,0.964460,0.996484,0.940692,1.038248
6.055910,1.009411,0.941138,0.939138,0.944642,0.963601,0.967667,0.960576,0.961221,1.017323,0.975234,0.971609,0.958564,0.968951,0.956829,0.946379,0.957196,0.950651,0.945377,0.990141,0.938889,0.956431,0.973177,0.964551,0.962924,0.974353,0.955730,0.944681,0.948288,0.950217,0.875154,0.950310,0.956898,0.953815,0.969126,0.980570,0.964551,0.996737,0.940817,1.038285
6.064240,1.009511,0.941338,0.939289,0.944729,0.963661,0.967723,0.960631,0.961276,1.017370,0.975290,0.971665,0.958624,0.969014,0.956909,0.946481,0.957309,0.950783,0.945517,0.990263,0.939002,0.956533,0.973268,0.964646,0.963034,0.974557,0.955899,0.944834,0.948446,0.950370,0.875413,0.950316,0.956912,0.953933,0.969242,0.980639,0.964646,0.996993,0.940948,1.038321
6.072570,1.009613,0.941541,0.939443,0.944819,0.963723,0.967780,0.960688,0.961333,1.017417,0.975348,0.971723,0.958686,0.969080,0.956992,0.946587,0.957427,0.950919,0.945660,0.990388,0.939119,0.956637,0.973361,0.964744,0.963147,0.974764,0.956073,0.944990,0.948608,0.950528,0.875674,0.950324,0.956928,0.954054,0.969361,0.980710,0.964744,0.997251,0.941083,1.038358
6.080900,1.009716,0.941748,0.939601,0.944912,0.963788,0.967840,0.960747,0.961392,1.017466,0.975409,0.971784,0.958751,0.969147,0.957078,0.946696,0.957547,0.951058,0.945806,0.990517,0.939238,0.956745,0.973458,0.964845,0.963264,0.974974,0.956250,0.945150,0.948776,0.950691,0.875938,0.950333,0.956946,0.954177,0.969481,0.980785,0.964845,0.997512,0.941223,1.038394
6.089230,1.009821,0.941957,0.939761,0.945008,0.963854,0.967902,0.960808,0.961453,1.017515,0.975472,0.971847,0.958817,0.969218,0.957166,0.946809,0.957671,0.951201,0.945955,0.990648,0.939360,0.956857,0.973558,0.964950,0.963383,0.975187,0.956430,0.945313,0.948948,0.950859,0.876205,0.950343,0.956965,0.954303,0.969604,0.980863,0.964950,0.997774,0.941368,1.038431
6.097560,1.009927,0.942169,0.939925,0.945106,0.963923,0.967966,0.960871,0.961516,1.017564,0.975537,0.971912,0.958887,0.969290,0.957257,0.946925,0.957798,0.951347,0.946108,0.990782,0.939485,0.956971,0.973662,0.965058,0.963507,0.975402,0.956615,0.945480,0.949125,0.951032,0.876475,0.950355,0.956987,0.954430,0.969730,0.980944,0.965058,0.998038,0.941517,1.038467
6.105890,1.010034,0.942384,0.940091,0.945207,0.963994,0.968032,0.960936,0.961580,1.017614,0.975604,0.971979,0.958958,0.969365,0.957351,0.947043,0.957928,0.951496,0.946263,0.990918,0.939612,0.957088,0.973768,0.965169,0.963633,0.975620,0.956803,0.945650,0.949306,0.951209,0.876747,0.950367,0.957009,0.954560,0.969857,0.981027,0.965169,0.998305,0.941671,1.038503
6.114220,1.010143,0.942601,0.940260,0.945310,0.964066,0.968100,0.961002,0.961646,1.017665,0.975673,0.972047,0.959031,0.969442,0.957447,0.947165,0.958061,0.951648,0.946421,0.991057,0.939742,0.957209,0.973877,0.965283,0.963762,0.975840,0.956995,0.945824,0.949491,0.951391,0.877021,0.950380,0.957033,0.954692,0.969986,0.981113,0.965283,0.998573,0.941829,1.038539
6.122550,1.010253,0.942822,0.940432,0.945416,0.964140,0.968169,0.961070,0.961713,1.017715,0.975743,0.972118,0.959106,0.969521,0.957545,0.947289,0.958197,0.951803,0.946583,0.991199,0.939873,0.957332,0.973990,0.965400,0.963894,0.976063,0.957189,0.946000,0.949681,0.951577,0.877298,0.950394,0.957058,0.954826,0.970117,0.981201,0.965400,0.998843,0.941992,1.038575
6.130880,1.010365,0.943045,0.940606,0.945523,0.964215,0.968240,0.961139,0.961782,1.017766,0.975816,0.972190,0.959182,0.969601,0.957645,0.947416,0.958335,0.951960,0.946747,0.991343,0.940007,0.957458,0.974105,0.965520,0.964029,0.976287,0.957388,0.946180,0.949875,0.951767,0.877578,0.950408,0.957084,0.954962,0.970250,0.981292,0.965520,0.999115,0.942159,1.038611
6.139210,1.010477,0.943270,0.940783,0.945632,0.964292,0.968312,0.961210,0.961852,1.017817,0.975889,0.972263,0.959260,0.969683,0.957747,0.947545,0.958477,0.952121,0.946913,0.991490,0.940143,0.957587,0.974222,0.965642,0.964167,0.976514,0.957589,0.946363,0.950074,0.951962,0.877860,0.950422,0.957111,0.955100,0.970385,0.981386,0.965642,0.999389,0.942329,1.038647
6.147540,1.010591,0.943498,0.940962,0.945743,0.964371,0.968385,0.961281,0.961923,1.017869,0.975965,0.972338,0.959340,0.969767,0.957851,0.947677,0.958620,0.952284,0.947082,0.991639,0.940281,0.957718,0.974342,0.965767,0.964307,0.976743,0.957794,0.946548,0.950276,0.952161,0.878144,0.950436,0.957139,0.955239,0.970521,0.981481,0.965767,0.999664,0.942504,1.038682
6.155870,1.010706,0.943728,0.941143,0.945856,0.964450,0.968459,0.961354,0.961995,1.017920,0.976041,0.972414,0.959420,0.969852,0.957956,0.947811,0.958767,0.952449,0.947254,0.991790,0.940421,0.957852,0.974465,0.965894,0.964450,0.976974,0.958001,0.946736,0.950482,0.952363,0.878430,0.950451,0.957168,0.955380,0.970659,0.981579,0.965894,0.999941,0.942683,1.038717
6.164200,1.010822,0.943961,0.941327,0.945971,0.964531,0.968535,0.961427,0.962068,1.017972,0.976119,0.972491,0.959503,0.969938,0.958064,0.947948,0.958915,0.952617,0.947428,0.991942,0.940563,0.957988,0.974590,0.966024,0.964595,0.977207,0.958211,0.946927,0.950692,0.952570,0.878719,0.950466,0.957197,0.955523,0.970798,0.981679,0.966024,1.000220,0.942866,1.038752
6.172530,1.010939,0.944196,0.941513,0.946087,0.964612,0.968611,0.961502,0.962142,1.018023,0.976198,0.972570,0.959586,0.970025,0.958173,0.948086,0.959066,0.952788,0.947604,0.992097,0.940706,0.958127,0.974717,0.966157,0.964743,0.977442,0.958425,0.947121,0.950905,0.952781,0.879009,0.950480,0.957227,0.955667,0.970938,0.981782,0.966157,1.000500,0.943052,1.038787
6.180860,1.011058,0.944433,0.941700,0.946205,0.964695,0.968688,0.961577,0.962217,1.018075,0.976278,0.972649,0.959670,0.970114,0.958283,0.948227,0.959220,0.952960,0.947782,0.992254,0.940851,0.958267,0.974847,0.966291,0.964893,0.977679,0.958641,0.947317,0.951123,0.952995,0.879302,0.950495,0.957257,0.955813,0.971080,0.981886,0.966291,1.000781,0.943242,1.038822
6.189190,1.011177,0.944672,0.941890,0.946324,0.964778,0.968766,0.961653,0.962292,1.018126,0.976359,0.972729,0.959756,0.970204,0.958395,0.948370,0.959375,0.953135,0.947962,0.992413,0.940998,0.958410,0.974979,0.966428,0.965045,0.977918,0.958859,0.947515,0.951343,0.953213,0.879597,0.950509,0.957289,0.955960,0.971223,0.981992,0.966428,1.001064,0.943436,1.038856
6.197520,1.011297,0.944913,0.942081,0.946445,0.964863,0.968845,0.961730,0.962368,1.018177,0.976440,0.972810,0.959842,0.970295,0.958508,0.948514,0.959532,0.953312,0.948145,0.992573,0.941146,0.958555,0.975113,0.966567,0.965199,0.978158,0.959081,0.947716,0.951568,0.953434,0.879894,0.950523,0.957320,0.956108,0.971367,0.982101,0.966567,1.001348,0.943634,1.038889
6.205850,1.011418,0.945155,0.942275,0.946567,0.964948,0.968925,0.961807,0.962445,1.018228,0.976523,0.972892,0.959929,0.970387,0.958623,0.948661,0.959691,0.953490,0.948329,0.992735,0.941296,0.958702,0.975249,0.966708,0.965355,0.978400,0.959304,0.947919,0.951795,0.953659,0.880192,0.950537,0.957352,0.956258,0.971512,0.982211,0.966708,1.001634,0.943835,1.038923
6.214180,1.011540,0.945400,0.942469,0.946690,0.965034,0.969005,0.961885,0.962522,1.018279,0.976607,0.972975,0.960018,0.970480,0.958738,0.948809,0.959853,0.953671,0.948515,0.992899,0.941447,0.958851,0.975387,0.966850,0.965514,0.978643,0.959531,0.948125,0.952026,0.953888,0.880493,0.950550,0.957384,0.956409,0.971658,0.982323,0.966850,1.001920,0.944039,1.038956
6.222510,1.011663,0.945647,0.942666,0.946814,0.965120,0.969086,0.961964,0.962600,1.018330,0.976691,0.973058,0.960106,0.970574,0.958855,0.948959,0.960016,0.953854,0.948703,0.993064,0.941599,0.959002,0.975526,0.966995,0.965674,0.978888,0.959759,0.948332,0.952261,0.954120,0.880795,0.950564,0.957417,0.956561,0.971805,0.982436,0.966995,1.002208,0.944247,1.038989
6.230840,1.011787,0.945895,0.942864,0.946940,0.965207,0.969167,0.962042,0.962678,1.018380,0.976776,0.973142,0.960196,0.970668,0.958973,0.949110,0.960180,0.954038,0.948892,0.993231,0.941753,0.959154,0.975668,0.967142,0.965835,0.979134,0.959990,0.948541,0.952498,0.954355,0.881099,0.950576,0.957450,0.956715,0.971953,0.982552,0.967142,1.002497,0.944458,1.039021
6.239170,1.011912,0.946145,0.943064,0.947066,0.965295,0.969249,0.962122,0.962756,1.018430,0.976861,0.973227,0.960286,0.970763,0.959092,0.949263,0.960347,0.954224,0.949083,0.993399,0.941908,0.959308,0.975811,0.967290,0.965999,0.979382,0.960223,0.948753,0.952739,0.954593,0.881405,0.950589,0.957483,0.956869,0.972102,0.982669,0.967290,1.002787,0.944673,1.039053
6.247500,1.012037,0.946397,0.943264,0.947193,0.965383,0.969331,0.962202,0.962835,1.018480,0.976947,0.973312,0.960377,0.970859,0.959212,0.949418,0.960515,0.954412,0.949276,0.993569,0.942064,0.959464,0.975956,0.967440,0.966164,0.979631,0.960458,0.948966,0.952982,0.954835,0.881713,0.950601,0.957516,0.957025,0.972252,0.982787,0.967440,1.003078,0.944890,1.039085
6.255830,1.012163,0.946650,0.943467,0.947321,0.965472,0.969414,0.962282,0.962914,1.018529,0.977034,0.973398,0.960469,0.970956,0.959333,0.949574,0.960684,0.954601,0.949470,0.993740,0.942221,0.959622,0.976103,0.967592,0.966331,0.979882,0.960695,0.949181,0.953228,0.955079,0.882022,0.950612,0.957550,0.957181,0.972402,0.982907,0.967592,1.003369,0.945111,1.039116
6.264160,1.012290,0.946905,0.943670,0.947450,0.965561,0.969497,0.962362,0.962994,1.018578,0.977121,0.973484,0.960561,0.971053,0.959455,0.949731,0.960855,0.954792,0.949666,0.993912,0.942379,0.959780,0.976251,0.967745,0.966499,0.980133,0.960935,0.949398,0.953478,0.955327,0.882332,0.950624,0.957583,0.957339,0.972553,0.983029,0.967745,1.003662,0.945335,1.039147
6.272490,1.012418,0.947161,0.943875,0.947580,0.965650,0.969580,0.962442,0.963073,1.018626,0.977208,0.973570,0.960653,0.971150,0.959577,0.949889,0.961028,0.954984,0.949863,0.994085,0.942539,0.959941,0.976401,0.967900,0.966669,0.980386,0.961176,0.949616,0.953730,0.955578,0.882645,0.950634,0.957617,0.957497,0.972705,0.983152,0.967900,1.003956,0.945562,1.039178
6.280820,1.012546,0.947418,0.944081,0.947711,0.965740,0.969664,0.962523,0.963153,1.018674,0.977296,0.973657,0.960746,0.971248,0.959700,0.950049,0.961201,0.955178,0.950061,0.994259,0.942699,0.960103,0.976552,0.968056,0.966840,0.980640,0.961419,0.949836,0.953985,0.955831,0.882958,0.950644,0.957651,0.957656,0.972857,0.983276,0.968056,1.004250,0.945792,1.039208
6.289150,1.012675,0.947677,0.944288,0.947842,0.965830,0.969748,0.962604,0.963233,1.018722,0.977384,0.973744,0.960839,0.971347,0.959824,0.950210,0.961376,0.955373,0.950260,0.994435,0.942860,0.960266,0.976705,0.968213,0.967012,0.980895,0.961664,0.950058,0.954242,0.956087,0.883273,0.950654,0.957685,0.957816,0.973010,0.983402,0.968213,1.004545,0.946025,1.039237
6.297480,1.012804,0.947936,0.944495,0.947974,0.965920,0.969831,0.962685,0.963313,1.018769,0.977473,0.973832,0.960933,0.971446,0.959948,0.950372,0.961553,0.955569,0.950461,0.994611,0.943022,0.960430,0.976858,0.968372,0.967186,0.981151,0.961910,0.950281,0.954502,0.956346,0.883589,0.950663,0.957719,0.957977,0.973164,0.983528,0.968372,1.004840,0.946261,1.039266
6.305810,1.012934,0.948197,0.944704,0.948106,0.966010,0.969916,0.962766,0.963393,1.018816,0.977561,0.973919,0.961026,0.971545,0.960073,0.950535,0.961730,0.955766,0.950663,0.994788,0.943185,0.960596,0.977013,0.968532,0.967361,0.981408,0.962158,0.950506,0.954765,0.956608,0.883907,0.950672,0.957753,0.958139,0.973318,0.983656,0.968532,1.005137,0.946500,1.039295
6.314140,1.013064,0.948460,0.944914,0.948239,0.966101,0.970000,0.962847,0.963473,1.018862,0.977650,0.974007,0.961120,0.971644,0.960199,0.950698,0.961908,0.955964,0.950865,0.994967,0.943348,0.960762,0.977170,0.968693,0.967537,0.981665,0.962408,0.950732,0.955030,0.956873,0.884225,0.950680,0.957787,0.958301,0.973472,0.983786,0.968693,1.005434,0.946742,1.039323
6.322470,1.013195,0.948723,0.945124,0.948372,0.966191,0.970084,0.962928,0.963553,1.018907,0.977739,0.974095,0.961215,0.971744,0.960325,0.950863,0.962088,0.956164,0.951069,0.995146,0.943512,0.960930,0.977327,0.968856,0.967714,0.981924,0.962659,0.950959,0.955298,0.957140,0.884545,0.950688,0.957821,0.958464,0.973627,0.983916,0.968856,1.005731,0.946986,1.039351
6.330800,1.013326,0.948987,0.945336,0.948506,0.966282,0.970168,0.963009,0.963632,1.018952,0.977829,0.974183,0.961309,0.971844,0.960451,0.951029,0.962268,0.956364,0.951274,0.995326,0.943677,0.961099,0.977486,0.969019,0.967892,0.982183,0.962912,0.951188,0.955567,0.957409,0.884866,0.950695,0.957855,0.958628,0.973782,0.984047,0.969019,1.006029,0.947233,1.039378
6.339130,1.013457,0.949252,0.945548,0.948640,0.966373,0.970253,0.963090,0.963712,1.018996,0.977918,0.974271,0.961404,0.971944,0.960578,0.951195,0.962450,0.956566,0.951479,0.995507,0.943843,0.961269,0.977645,0.969184,0.968071,0.982443,0.963166,0.951417,0.955840,0.957681,0.885188,0.950702,0.957889,0.958792,0.973938,0.984180,0.969184,1.006327,0.947483,1.039405
6.347460,1.013589,0.949518,0.945760,0.948774,0.966464,0.970337,0.963171,0.963792,1.019040,0.978007,0.974359,0.961498,0.972045,0.960705,0.951363,0.962632,0.956768,0.951685,0.995689,0.944009,0.961439,0.977806,0.969349,0.968251,0.982704,0.963422,0.951648,0.956114,0.957955,0.885511,0.950708,0.957923,0.958957,0.974094,0.984313,0.969349,1.006626,0.947735,1.039431
6.355790,1.013721,0.949784,0.945973,0.948909,0.966554,0.970421,0.963252,0.963871,1.019083,0.978097,0.974447,0.961593,0.972145,0.960833,0.951530,0.962815,0.956971,0.951892,0.995871,0.944176,0.961611,0.977967,0.969516,0.968432,0.982965,0.963679,0.951880,0.956391,0.958232,0.885835,0.950713,0.957957,0.959123,0.974251,0.984448,0.969516,1.006925,0.947990,1.039457
6.364120,1.013853,0.950052,0.946187,0.949044,0.966645,0.970505,0.963333,0.963951,1.019125,0.978186,0.974536,0.961688,0.972246,0.960961,0.951699,0.962999,0.957175,0.952100,0.996054,0.944344,0.961783,0.978129,0.969683,0.968614,0.983227,0.963937,0.952113,0.956669,0.958511,0.886160,0.950718,0.957991,0.959289,0.974408,0.984583,0.969683,1.007224,0.948248,1.039482
6.372450,1.013986,0.950320,0.946401,0.949179,0.966736,0.970589,0.963413,0.964030,1.019167,0.978276,0.974624,0.961783,0.972346,0.961089,0.951868,0.963183,0.957380,0.952308,0.996238,0.944512,0.961957,0.978293,0.969851,0.968796,0.983489,0.964197,0.952347,0.956950,0.958793,0.886486,0.950722,0.958024,0.959455,0.974565,0.984719,0.969851,1.007523,0.948508,1.039506
6.380780,1.014119,0.950588,0.946616,0.949314,0.966826,0.970673,0.963494,0.964109,1.019208,0.978365,0.974712,0.961877,0.972447,0.961217,0.952038,0.963369,0.957585,0.952517,0.996422,0.944680,0.962131,0.978457,0.970020,0.968980,0.983752,0.964457,0.952582,0.957233,0.959076,0.886812,0.950726,0.958058,0.959622,0.974722,0.984856,0.970020,1.007823,0.948771,1.039530
6.389110,1.014252,0.950858,0.946831,0.949450,0.966916,0.970757,0.963574,0.964188,1.019248,0.978455,0.974800,0.961972,0.972548,0.961345,0.952208,0.963555,0.957791,0.952727,0.996607,0.944849,0.962305,0.978621,0.970190,0.969163,0.984016,0.964719,0.952817,0.957518,0.959362,0.887140,0.950729,0.958091,0.959790,0.974880,0.984994,0.970190,1.008123,0.949036,1.039554
6.397440,1.014385,0.951127,0.947046,0.949585,0.967007,0.970841,0.963654,0.964266,1.019288,0.978544,0.974888,0.962067,0.972648,0.961473,0.952379,0.963741,0.957998,0.952936,0.996792,0.945018,0.962481,0.978787,0.970360,0.969348,0.984279,0.964982,0.953054,0.957805,0.959650,0.887468,0.950732,0.958124,0.959958,0.975038,0.985132,0.970360,1.008423,0.949303,1.039577
6.405770,1.014518,0.951398,0.947262,0.949721,0.967097,0.970924,0.963733,0.964344,1.019327,0.978633,0.974975,0.962161,0.972749,0.961602,0.952550,0.963928,0.958205,0.953147,0.996978,0.945188,0.962657,0.978953,0.970531,0.969533,0.984543,0.965246,0.953291,0.958094,0.959940,0.887796,0.950734,0.958157,0.960126,0.975196,0.985272,0.970531,1.008723,0.949573,1.039599
6.414100,1.014651,0.951668,0.947478,0.949856,0.967186,0.971007,0.963813,0.964422,1.019365,0.978722,0.975063,0.962256,0.972849,0.961730,0.952721,0.964116,0.958413,0.953358,0.997164,0.945358,0.962833,0.979120,0.970703,0.969719,0.984808,0.965511,0.953530,0.958384,0.960231,0.888125,0.950736,0.958190,0.960295,0.975354,0.985412,0.970703,1.009023,0.949845,1.039621
6.422430,1.014785,0.951939,0.947694,0.949992,0.967276,0.971090,0.963892,0.964499,1.019403,0.978811,0.975150,0.962350,0.972950,0.961859,0.952893,0.964304,0.958621,0.953569,0.997351,0.945529,0.963010,0.979287,0.970875,0.969905,0.985072,0.965776,0.953768,0.958676,0.960525,0.888455,0.950737,0.958222,0.960464,0.975513,0.985552,0.970875,1.009323,0.950119,1.039643
6.430760,1.014918,0.952211,0.947910,0.950127,0.967365,0.971172,0.963970,0.964576,1.019440,0.978900,0.975237,0.962444,0.973050,0.961987,0.953065,0.964492,0.958830,0.953780,0.997538,0.945700,0.963188,0.979455,0.971048,0.970092,0.985337,0.966043,0.954008,0.958971,0.960821,0.888785,0.950737,0.958255,0.960634,0.975672,0.985694,0.971048,1.009623,0.950395,1.039663
6.439090,1.015051,0.952482,0.948126,0.950262,0.967454,0.971255,0.964049,0.964653,1.019476,0.978988,0.975324,0.962538,0.973150,0.962116,0.953237,0.964681,0.959039,0.953992,0.997725,0.945871,0.963366,0.979624,0.971221,0.970279,0.985602,0.966310,0.954248,0.959266,0.961119,0.889115,0.950737,0.958287,0.960804,0.975831,0.985836,0.971221,1.009923,0.950674,1.039683
6.447420,1.015185,0.952754,0.948343,0.950398,0.967543,0.971337,0.964127,0.964730,1.019511,0.979076,0.975411,0.962631,0.973250,0.962244,0.953410,0.964870,0.959248,0.954204,0.997913,0.946043,0.963544,0.979793,0.971395,0.970466,0.985867,0.966579,0.954489,0.959564,0.961419,0.889446,0.950736,0.958319,0.960974,0.975990,0.985978,0.971395,1.010223,0.950955,1.039703
6.455750,1.015318,0.953026,0.948559,0.950533,0.967632,0.971418,0.964204,0.964805,1.019546,0.979164,0.975498,0.962725,0.973349,0.962373,0.953583,0.965060,0.959458,0.954417,0.998102,0.946215,0.963723,0.979962,0.971569,0.970654,0.986133,0.966848,0.954730,0.959863,0.961720,0.889778,0.950735,0.958351,0.961144,0.976150,0.986121,0.971569,1.010522,0.951238,1.039722
6.464080,1.015451,0.953298,0.948776,0.950668,0.967720,0.971500,0.964282,0.964881,1.019580,0.979252,0.975584,0.962818,0.973449,0.962501,0.953756,0.965250,0.959668,0.954629,0.998290,0.946387,0.963902,0.980132,0.971744,0.970843,0.986398,0.967118,0.954972,0.960164,0.962024,0.890109,0.950733,0.958382,0.961315,0.976309,0.986265,0.971744,1.010822,0.951524,1.039741
6.472410,1.015583,0.953571,0.948992,0.950803,0.967808,0.971581,0.964358,0.964956,1.019613,0.979339,0.975670,0.962911,0.973548,0.962629,0.953929,0.965440,0.959878,0.954842,0.998479,0.946559,0.964082,0.980303,0.971919,0.971031,0.986663,0.967388,0.955214,0.960466,0.962329,0.890441,0.950731,0.958414,0.961486,0.976469,0.986409,0.971919,1.011121,0.951811,1.039758
6.480740,1.015716,0.953843,0.949209,0.950938,0.967895,0.971661,0.964435,0.965031,1.019645,0.979427,0.975755,0.963004,0.973647,0.962757,0.954103,0.965630,0.960089,0.955055,0.998668,0.946732,0.964262,0.980473,0.972095,0.971220,0.986929,0.967660,0.955457,0.960770,0.962635,0.890773,0.950728,0.958445,0.961658,0.976629,0.986553,0.972095,1.011420,0.952100,1.039776
6.489070,1.015849,0.954115,0.949425,0.951072,0.967982,0.971742,0.964511,0.965105,1.019677,0.979514,0.975840,0.963096,0.973746,0.962885,0.954276,0.965821,0.960300,0.955267,0.998858,0.946905,0.964442,0.980644,0.972270,0.971409,0.987194,0.967931,0.955700,0.961075,0.962944,0.891105,0.950724,0.958475,0.961829,0.976789,0.986698,0.972270,1.011719,0.952392,1.039792
6.497400,1.015981,0.954388,0.949641,0.951206,0.968069,0.971822,0.964586,0.965179,1.019708,0.979600,0.975925,0.963188,0.973844,0.963012,0.954450,0.966012,0.960511,0.955480,0.999047,0.947078,0.964622,0.980816,0.972447,0.971598,0.987460,0.968204,0.955944,0.961382,0.963254,0.891437,0.950720,0.958506,0.962001,0.976949,0.986844,0.972447,1.012017,0.952685,1.039809
6.505730,1.016113,0.954660,0.949858,0.951340,0.968155,0.971901,0.964662,0.965252,1.019738,0.979686,0.976010,0.963280,0.973942,0.963140,0.954623,0.966203,0.960722,0.955694,0.999237,0.947252,0.964803,0.980988,0.972623,0.971788,0.987725,0.968477,0.956188,0.961690,0.963566,0.891770,0.950715,0.958536,0.962173,0.977110,0.986990,0.972623,1.012315,0.952980,1.039824
6.514060,1.016244,0.954932,0.950074,0.951474,0.968241,0.971980,0.964736,0.965325,1.019767,0.979772,0.976094,0.963371,0.974040,0.963267,0.954797,0.966394,0.960933,0.955907,0.999427,0.947425,0.964984,0.981160,0.972800,0.971978,0.987990,0.968751,0.956432,0.961999,0.963879,0.892102,0.950710,0.958566,0.962346,0.977270,0.987136,0.972800,1.012613,0.953278,1.039839
6.522390,1.016376,0.955205,0.950289,0.951608,0.968327,0.972059,0.964810,0.965397,1.019796,0.979858,0.976178,0.963462,0.974138,0.963394,0.954971,0.966585,0.961144,0.956120,0.999617,0.947599,0.965165,0.981332,0.972977,0.972168,0.988255,0.969025,0.956677,0.962310,0.964194,0.892435,0.950705,0.958596,0.962518,0.977431,0.987283,0.972977,1.012911,0.953577,1.039853
6.530720,1.016507,0.955477,0.950505,0.951741,0.968412,0.972137,0.964884,0.965469,1.019824,0.979943,0.976261,0.963553,0.974235,0.963521,0.955144,0.966776,0.961356,0.956333,0.999808,0.947773,0.965346,0.981505,0.973154,0.972358,0.988520,0.969300,0.956922,0.962623,0.964510,0.892767,0.950699,0.958625,0.962691,0.977592,0.987430,0.973154,1.013208,0.953878,1.039867
6.539050,1.016638,0.955748,0.950721,0.951874,0.968497,0.972215,0.964958,0.965541,1.019851,0.980028,0.976345,0.963644,0.974332,0.963647,0.955318,0.966968,0.961567,0.956546,0.999999,0.947947,0.965528,0.981677,0.973331,0.972548,0.988785,0.969575,0.957167,0.962936,0.964828,0.893099,0.950692,0.958655,0.962864,0.977753,0.987577,0.973331,1.013504,0.954181,1.039880
6.547380,1.016768,0.956020,0.950936,0.952006,0.968581,0.972292,0.965031,0.965612,1.019878,0.980113,0.976427,0.963734,0.974429,0.963773,0.955492,0.967159,0.961779,0.956759,1.000189,0.948122,0.965709,0.981850,0.973509,0.972738,0.989049,0.969850,0.957412,0.963251,0.965148,0.893431,0.950685,0.958683,0.963037,0.977914,0.987725,0.973509,1.013800,0.954486,1.039893
6.555710,1.016898,0.956291,0.951151,0.952138,0.968665,0.972369,0.965103,0.965682,1.019904,0.980197,0.976510,0.963823,0.974525,0.963899,0.955665,0.967351,0.961991,0.956972,1.000380,0.948296,0.965891,0.982024,0.973686,0.972929,0.989313,0.970126,0.957658,0.963567,0.965469,0.893763,0.950677,0.958712,0.963210,0.978075,0.987873,0.973686,1.014096,0.954793,1.039905
6.564040,1.017027,0.956562,0.951365,0.952270,0.968749,0.972446,0.965175,0.965752,1.019929,0.980281,0.976592,0.963913,0.974621,0.964025,0.955839,0.967543,0.962202,0.957184,1.000571,0.948471,0.966073,0.982197,0.973864,0.973119,0.989577,0.970403,0.957904,0.963884,0.965791,0.894095,0.950669,0.958740,0.963384,0.978236,0.988022,0.973864,1.014391,0.955101,1.039917
6.572370,1.017156,0.956833,0.951580,0.952402,0.968832,0.972522,0.965247,0.965822,1.019953,0.980364,0.976673,0.964002,0.974716,0.964150,0.956012,0.967734,0.962414,0.957397,1.000762,0.948646,0.966255,0.982371,0.974042,0.973310,0.989841,0.970680,0.958150,0.964203,0.966115,0.894426,0.950660,0.958769,0.963557,0.978398,0.988171,0.974042,1.014686,0.955411,1.039928
6.580700,1.017285,0.957104,0.951794,0.952533,0.968915,0.972598,0.965318,0.965891,1.019977,0.980447,0.976755,0.964090,0.974812,0.964276,0.956186,0.967926,0.962626,0.957610,1.000954,0.948820,0.966437,0.982545,0.974221,0.973500,0.990105,0.970957,0.958397,0.964522,0.966440,0.894757,0.950651,0.958796,0.963731,0.978559,0.988320,0.974221,1.014980,0.955723,1.039938
6.589030,1.017413,0.957374,0.952008,0.952664,0.968997,0.972673,0.965388,0.965960,1.020000,0.980530,0.976836,0.964179,0.974907,0.964400,0.956359,0.968118,0.962837,0.957822,1.001145,0.948996,0.966619,0.982719,0.974399,0.973691,0.990368,0.971235,0.958643,0.964843,0.966766,0.895088,0.950642,0.958824,0.963905,0.978721,0.988469,0.974399,1.015273,0.956037,1.039948
6.597360,1.017541,0.957644,0.952221,0.952795,0.969079,0.972748,0.965459,0.966028,1.020023,0.980613,0.976916,0.964267,0.975001,0.964525,0.956532,0.968310,0.963049,0.958035,1.001336,0.949171,0.966801,0.982893,0.974578,0.973882,0.990631,0.971513,0.958890,0.965165,0.967094,0.895419,0.950632,0.958851,0.964079,0.978883,0.988619,0.974578,1.015567,0.956352,1.039957
6.605690,1.017668,0.957913,0.952435,0.952925,0.969161,0.972823,0.965528,0.966096,1.020045,0.980695,0.976997,0.964354,0.975095,0.964649,0.956705,0.968501,0.963261,0.958247,1.001528,0.949346,0.966984,0.983067,0.974756,0.974072,0.990893,0.971791,0.959137,0.965488,0.967423,0.895749,0.950622,0.958878,0.964254,0.979045,0.988769,0.974756,1.015859,0.956669,1.039966
6.614020,1.017795,0.958183,0.952647,0.953055,0.969242,0.972897,0.965598,0.966163,1.020066,0.980777,0.977076,0.964442,0.975189,0.964773,0.956879,0.968693,0.963472,0.958459,1.001720,0.949521,0.967166,0.983242,0.974935,0.974263,0.991155,0.972069,0.959384,0.965812,0.967753,0.896079,0.950611,0.958905,0.964428,0.979207,0.988919,0.974935,1.016151,0.956988,1.039974
6.622350,1.017921,0.958451,0.952860,0.953185,0.969323,0.972971,0.965667,0.966230,1.020087,0.980858,0.977156,0.964529,0.975283,0.964897,0.957052,0.968885,0.963684,0.958671,1.001911,0.949697,0.967348,0.983416,0.975114,0.974454,0.991417,0.972348,0.959631,0.966137,0.968085,0.896409,0.950600,0.958931,0.964602,0.979369,0.989069,0.975114,1.016442,0.957308,1.039982
6.630680,1.018046,0.958720,0.953072,0.953314,0.969404,0.973045,0.965736,0.966297,1.020108,0.980939,0.977235,0.964615,0.975377,0.965021,0.957225,0.969077,0.963895,0.958883,1.002103,0.949873,0.967531,0.983591,0.975293,0.974645,0.991679,0.972627,0.959878,0.966463,0.968417,0.896738,0.950590,0.958958,0.964777,0.979531,0.989220,0.975293,1.016733,0.957630,1.039989
6.639010,1.018171,0.958988,0.953284,0.953443,0.969484,0.973118,0.965804,0.966363,1.020127,0.981020,0.977314,0.964702,0.975470,0.965144,0.957397,0.969268,0.964107,0.959094,1.002295,0.950048,0.967713,0.983766,0.975472,0.974836,0.991940,0.972907,0.960126,0.966790,0.968751,0.897066,0.950579,0.958984,0.964952,0.979694,0.989371,0.975472,1.017023,0.957953,1.039995
6.647340,1.018296,0.959255,0.953496,0.953572,0.969564,0.973192,0.965873,0.966429,1.020147,0.981101,0.977393,0.964788,0.975563,0.965267,0.957570,0.969460,0.964318,0.959306,1.002487,0.950224,0.967896,0.983941,0.975651,0.975026,0.992201,0.973187,0.960373,0.967118,0.969086,0.897394,0.950568,0.959010,0.965127,0.979857,0.989523,0.975651,1.017312,0.958278,1.040001
6.655670,1.018420,0.959522,0.953707,0.953701,0.969644,0.973265,0.965941,0.966495,1.020166,0.981182,0.977472,0.964874,0.975656,0.965390,0.957743,0.969652,0.964530,0.959517,1.002679,0.950400,0.968079,0.984116,0.975830,0.975217,0.992461,0.973467,0.960621,0.967447,0.969423,0.897722,0.950557,0.959035,0.965302,0.980019,0.989674,0.975830,1.017601,0.958604,1.040007
6.664000,1.018543,0.959789,0.953919,0.953829,0.969724,0.973337,0.966008,0.966561,1.020184,0.981262,0.977551,0.964960,0.975749,0.965513,0.957916,0.969844,0.964741,0.959729,1.002871,0.950576,0.968262,0.984291,0.976010,0.975408,0.992721,0.973747,0.960869,0.967777,0.969760,0.898049,0.950546,0.959061,0.965477,0.980182,0.989826,0.976010,1.017889,0.958932,1.040012
6.672330,1.018666,0.960055,0.954130,0.953958,0.969803,0.973410,0.966076,0.966626,1.020202,0.981343,0.977629,0.965046,0.975841,0.965636,0.958088,0.970036,0.964953,0.959940,1.003064,0.950753,0.968444,0.984467,0.976190,0.975599,0.992981,0.974028,0.961117,0.968108,0.970099,0.898375,0.950536,0.959087,0.965652,0.980345,0.989978,0.976190,1.018177,0.959261,1.040017
6.680660,1.018789,0.960321,0.954340,0.954086,0.969883,0.973483,0.966144,0.966692,1.020220,0.981423,0.977707,0.965132,0.975934,0.965758,0.958261,0.970228,0.965164,0.960151,1.003256,0.950929,0.968627,0.984643,0.976369,0.975790,0.993240,0.974308,0.961365,0.968440,0.970438,0.898701,0.950526,0.959112,0.965828,0.980508,0.990130,0.976369,1.018464,0.959592,1.040021
6.688990,1.018910,0.960586,0.954551,0.954214,0.969962,0.973556,0.966211,0.966757,1.020237,0.981503,0.977786,0.965218,0.976026,0.965881,0.958434,0.970420,0.965376,0.960362,1.003448,0.951105,0.968810,0.984818,0.976549,0.975982,0.993499,0.974590,0.961614,0.968773,0.970779,0.899027,0.950516,0.959137,0.966003,0.980672,0.990283,0.976549,1.018750,0.959924,1.040025
6.697320,1.019031,0.960851,0.954761,0.954342,0.970042,0.973628,0.966279,0.966822,1.020254,0.981584,0.977864,0.965304,0.976119,0.966003,0.958607,0.970612,0.965587,0.960573,1.003641,0.951282,0.968994,0.984994,0.976729,0.976173,0.993758,0.974871,0.961862,0.969107,0.971121,0.899352,0.950507,0.959163,0.966179,0.980835,0.990436,0.976729,1.019035,0.960258,1.040028
6.705650,1.019152,0.961116,0.954971,0.954470,0.970122,0.973701,0.966347,0.966888,1.020271,0.981664,0.977943,0.965389,0.976211,0.966126,0.958780,0.970804,0.965799,0.960784,1.003833,0.951459,0.969177,0.985171,0.976909,0.976364,0.994016,0.975153,0.962111,0.969442,0.971464,0.899676,0.950499,0.959188,0.966355,0.980998,0.990589,0.976909,1.019320,0.960593,1.040031
6.713980,1.019272,0.961380,0.955181,0.954598,0.970201,0.973774,0.966414,0.966953,1.020288,0.981745,0.978021,0.965475,0.976304,0.966249,0.958952,0.970996,0.966011,0.960995,1.004026,0.951635,0.969360,0.985347,0.977090,0.976555,0.994274,0.975435,0.962360,0.969777,0.971808,0.900000,0.950491,0.959214,0.966531,0.981162,0.990743,0.977090,1.019605,0.960929,1.040033
6.722310,1.019392,0.961643,0.955391,0.954726,0.970281,0.973848,0.966482,0.967019,1.020305,0.981825,0.978100,0.965562,0.976397,0.966371,0.959125,0.971188,0.966222,0.961206,1.004219,0.951812,0.969544,0.985524,0.977270,0.976747,0.994531,0.975717,0.962609,0.970113,0.972153,0.900323,0.950484,0.959239,0.966707,0.981326,0.990897,0.977270,1.019888,0.961267,1.040035
6.730640,1.019510,0.961907,0.955601,0.954855,0.970362,0.973921,0.966550,0.967084,1.020321,0.981906,0.978179,0.965648,0.976490,0.966494,0.959299,0.971380,0.966434,0.961417,1.004412,0.951989,0.969728,0.985700,0.977451,0.976939,0.994789,0.975999,0.962858,0.970450,0.972499,0.900645,0.950478,0.959265,0.966883,0.981490,0.991051,0.977451,1.020171,0.961606,1.040037
6.738970,1.019629,0.962170,0.955810,0.954983,0.970442,0.973995,0.966619,0.967150,1.020338,0.981987,0.978258,0.965735,0.976583,0.966618,0.959472,0.971573,0.966646,0.961628,1.004605,0.952167,0.969912,0.985878,0.977632,0.977130,0.995045,0.976282,0.963107,0.970788,0.972845,0.900967,0.950474,0.959292,0.967060,0.981654,0.991206,0.977632,1.020454,0.961946,1.040038
6.747300,1.019747,0.962432,0.956020,0.955112,0.970523,0.974069,0.966688,0.967217,1.020354,0.982069,0.978338,0.965822,0.976677,0.966741,0.959645,0.971766,0.966858,0.961839,1.004799,0.952344,0.970096,0.986055,0.977813,0.977322,0.995302,0.976565,0.963357,0.971127,0.973193,0.901288,0.950470,0.959318,0.967236,0.981818,0.991361,0.977813,1.020735,0.962287,1.040039
6.755630,1.019864,0.962694,0.956229,0.955241,0.970604,0.974144,0.966757,0.967284,1.020371,0.982151,0.978418,0.965909,0.976771,0.966865,0.959819,0.971959,0.967070,0.962050,1.004992,0.952521,0.970281,0.986232,0.977995,0.977515,0.995558,0.976848,0.963606,0.971467,0.973542,0.901609,0.950468,0.959345,0.967413,0.981982,0.991516,0.977995,1.021017,0.962630,1.040040
6.763960,1.019981,0.962956,0.956439,0.955370,0.970686,0.974219,0.966826,0.967351,1.020387,0.982234,0.978499,0.965997,0.976865,0.966989,0.959993,0.972152,0.967283,0.962262,1.005186,0.952699,0.970465,0.986410,0.978177,0.977707,0.995814,0.977131,0.963857,0.971807,0.973892,0.901928,0.950466,0.959373,0.967590,0.982147,0.991671,0.978177,1.021297,0.962974,1.040040
6.772290,1.020097,0.963217,0.956648,0.955499,0.970768,0.974295,0.966897,0.967418,1.020404,0.982317,0.978580,0.966085,0.976960,0.967113,0.960167,0.972345,0.967495,0.962473,1.005379,0.952877,0.970650,0.986588,0.978359,0.977900,0.996070,0.977415,0.964107,0.972148,0.974242,0.902248,0.950467,0.959401,0.967767,0.982311,0.991827,0.978359,1.021577,0.963318,1.040040
6.780620,1.020212,0.963478,0.956858,0.955629,0.970851,0.974371,0.966967,0.967486,1.020421,0.982400,0.978662,0.966174,0.977056,0.967238,0.960341,0.972538,0.967708,0.962684,1.005573,0.953055,0.970835,0.986767,0.978541,0.978092,0.996325,0.977699,0.964357,0.972490,0.974593,0.902566,0.950468,0.959430,0.967944,0.982476,0.991984,0.978541,1.021856,0.963664,1.040039
6.788950,1.020328,0.963738,0.957067,0.955760,0.970935,0.974449,0.967038,0.967555,1.020437,0.982484,0.978744,0.966264,0.977152,0.967363,0.960516,0.972732,0.967921,0.962896,1.005767,0.953233,0.971020,0.986945,0.978723,0.978285,0.996580,0.977984,0.964608,0.972832,0.974945,0.902884,0.950472,0.959460,0.968122,0.982641,0.992140,0.978723,1.022135,0.964011,1.040038
6.797280,1.020442,0.963999,0.957277,0.955890,0.971019,0.974526,0.967110,0.967625,1.020455,0.982569,0.978827,0.966354,0.977249,0.967489,0.960691,0.972926,0.968134,0.963108,1.005961,0.953411,0.971206,0.987124,0.978906,0.978479,0.996835,0.978268,0.964859,0.973175,0.975298,0.903201,0.950476,0.959491,0.968299,0.982806,0.992297,0.978906,1.022413,0.964359,1.040037
6.805610,1.020556,0.964258,0.957487,0.956022,0.971104,0.974605,0.967183,0.967695,1.020472,0.982655,0.978911,0.966445,0.977346,0.967615,0.960866,0.973120,0.968347,0.963319,1.006156,0.953589,0.971392,0.987304,0.979089,0.978672,0.997090,0.978553,0.965110,0.973519,0.975652,0.903518,0.950483,0.959522,0.968477,0.982970,0.992454,0.979089,1.022690,0.964708,1.040036
6.813940,1.020670,0.964518,0.957696,0.956153,0.971189,0.974684,0.967256,0.967765,1.020490,0.982741,0.978996,0.966537,0.977444,0.967742,0.961042,0.973315,0.968560,0.963531,1.006350,0.953767,0.971578,0.987483,0.979273,0.978866,0.997344,0.978838,0.965361,0.973863,0.976006,0.903834,0.950491,0.959554,0.968655,0.983135,0.992612,0.979273,1.022967,0.965058,1.040035
6.822270,1.020783,0.964777,0.957906,0.956286,0.971275,0.974765,0.967330,0.967837,1.020507,0.982828,0.979081,0.966629,0.977543,0.967870,0.961218,0.973509,0.968774,0.963744,1.006545,0.953945,0.971764,0.987663,0.979456,0.979060,0.997598,0.979123,0.965613,0.974208,0.976361,0.904149,0.950500,0.959587,0.968833,0.983300,0.992770,0.979456,1.023243,0.965409,1.040033
6.830600,1.020895,0.965036,0.958116,0.956418,0.971362,0.974846,0.967405,0.967909,1.020526,0.982916,0.979167,0.966722,0.977642,0.967998,0.961394,0.973704,0.968988,0.963956,1.006740,0.954124,0.971951,0.987843,0.979640,0.979254,0.997852,0.979408,0.965865,0.974553,0.976717,0.904463,0.950512,0.959621,0.969011,0.983465,0.992928,0.979640,1.023518,0.965761,1.040031
6.838930,1.021007,0.965294,0.958326,0.956552,0.971450,0.974927,0.967481,0.967982,1.020544,0.983005,0.979254,0.966816,0.977742,0.968126,0.961571,0.973899,0.969202,0.964168,1.006935,0.954302,0.972138,0.988024,0.979824,0.979449,0.998105,0.979694,0.966117,0.974899,0.977073,0.904777,0.950525,0.959656,0.969189,0.983630,0.993087,0.979824,1.023793,0.966113,1.040028
6.847260,1.021119,0.965552,0.958537,0.956686,0.971539,0.975010,0.967557,0.968055,1.020563,0.983095,0.979342,0.966911,0.977844,0.968255,0.961748,0.974094,0.969416,0.964381,1.007130,0.954481,0.972325,0.988204,0.980009,0.979643,0.998358,0.979980,0.966369,0.975246,0.977430,0.905090,0.950540,0.959692,0.969367,0.983795,0.993246,0.980009,1.024067,0.966466,1.040026
6.855590,1.021230,0.965809,0.958747,0.956820,0.971628,0.975094,0.967635,0.968130,1.020583,0.983185,0.979431,0.967007,0.977945,0.968385,0.961925,0.974290,0.969630,0.964594,1.007325,0.954659,0.972512,0.988385,0.980193,0.979838,0.998611,0.980266,0.966621,0.975592,0.977787,0.905402,0.950557,0.959729,0.969546,0.983960,0.993405,0.980193,1.024340,0.966820,1.040023
6.863920,1.021340,0.966066,0.958957,0.956955,0.971719,0.975178,0.967713,0.968205,1.020602,0.983276,0.979520,0.967103,0.978048,0.968516,0.962103,0.974486,0.969845,0.964807,1.007520,0.954838,0.972700,0.988567,0.980378,0.980033,0.998864,0.980552,0.966873,0.975940,0.978145,0.905714,0.950575,0.959768,0.969724,0.984125,0.993565,0.980378,1.024613,0.967175,1.040020
6.872250,1.021450,0.966323,0.959168,0.957091,0.971810,0.975264,0.967792,0.968281,1.020622,0.983369,0.979611,0.967200,0.978151,0.968647,0.962281,0.974682,0.970060,0.965020,1.007715,0.955016,0.972888,0.988748,0.980563,0.980229,0.999116,0.980838,0.967126,0.976287,0.978503,0.906024,0.950595,0.959807,0.969903,0.984289,0.993725,0.980563,1.024885,0.967529,1.040017
6.880580,1.021559,0.966579,0.959379,0.957227,0.971902,0.975350,0.967872,0.968358,1.020643,0.983462,0.979702,0.967298,0.978255,0.968778,0.962459,0.974878,0.970274,0.965233,1.007910,0.955195,0.973075,0.988929,0.980749,0.980424,0.999368,0.981124,0.967379,0.976635,0.978862,0.906334,0.950617,0.959847,0.970081,0.984454,0.993885,0.980749,1.025156,0.967885,1.040014
6.888910,1.021668,0.966835,0.959589,0.957364,0.971995,0.975437,0.967952,0.968436,1.020664,0.983555,0.979794,0.967397,0.978360,0.968911,0.962638,0.975074,0.970489,0.965446,1.008105,0.955373,0.973263,0.989111,0.980934,0.980620,0.999619,0.981410,0.967631,0.976983,0.979220,0.906643,0.950641,0.959888,0.970259,0.984618,0.994045,0.980934,1.025427,0.968241,1.040010
6.897240,1.021777,0.967090,0.959800,0.957501,0.972088,0.975525,0.968034,0.968514,1.020685,0.983650,0.979887,0.967497,0.978466,0.969043,0.962816,0.975270,0.970704,0.965659,1.008300,0.955551,0.973452,0.989293,0.981120,0.980815,0.999870,0.981696,0.967884,0.977331,0.979579,0.906951,0.950666,0.959930,0.970438,0.984782,0.994205,0.981120,1.025697,0.968597,1.040006
6.905570,1.021884,0.967345,0.960011,0.957639,0.972183,0.975614,0.968116,0.968594,1.020707,0.983746,0.979981,0.967597,0.978572,0.969177,0.962995,0.975467,0.970919,0.965873,1.008495,0.955729,0.973640,0.989475,0.981305,0.981011,1.000121,0.981982,0.968137,0.977679,0.979938,0.907259,0.950694,0.959973,0.970616,0.984946,0.994366,0.981305,1.025966,0.968954,1.040003
6.913900,1.021992,0.967599,0.960221,0.957777,0.972278,0.975704,0.968199,0.968674,1.020729,0.983842,0.980075,0.967698,0.978679,0.969310,0.963174,0.975663,0.971134,0.966086,1.008690,0.955907,0.973828,0.989657,0.981491,0.981207,1.000371,0.982268,0.968389,0.978027,0.980297,0.907565,0.950722,0.960017,0.970794,0.985109,0.994526,0.981491,1.026234,0.969310,1.039998
6.922230,1.022098,0.967853,0.960432,0.957916,0.972374,0.975794,0.968282,0.968754,1.020752,0.983939,0.980170,0.967800,0.978787,0.969445,0.963354,0.975860,0.971349,0.966299,1.008884,0.956084,0.974016,0.989839,0.981677,0.981403,1.000621,0.982554,0.968642,0.978375,0.980656,0.907871,0.950752,0.960062,0.970972,0.985272,0.994687,0.981677,1.026502,0.969667,1.039994
6.930560,1.022204,0.968106,0.960642,0.958055,0.972470,0.975885,0.968367,0.968836,1.020775,0.984036,0.980266,0.967902,0.978895,0.969579,0.963533,0.976056,0.971564,0.966512,1.009079,0.956262,0.974205,0.990021,0.981862,0.981598,1.000871,0.982839,0.968895,0.978723,0.981015,0.908175,0.950784,0.960107,0.971150,0.985435,0.994848,0.981862,1.026768,0.970024,1.039990
6.938890,1.022310,0.968358,0.960853,0.958194,0.972567,0.975977,0.968452,0.968918,1.020798,0.984134,0.980363,0.968005,0.979004,0.969714,0.963712,0.976252,0.971779,0.966725,1.009273,0.956438,0.974393,0.990203,0.982048,0.981794,1.001119,0.983125,0.969147,0.979071,0.981374,0.908479,0.950817,0.960153,0.971327,0.985597,0.995009,0.982048,1.027034,0.970381,1.039985
6.947220,1.022414,0.968610,0.961063,0.958334,0.972665,0.976069,0.968537,0.969001,1.020822,0.984233,0.980460,0.968109,0.979113,0.969850,0.963892,0.976448,0.971994,0.966938,1.009466,0.956615,0.974581,0.990385,0.982233,0.981990,1.001368,0.983410,0.969399,0.979419,0.981733,0.908782,0.950852,0.960200,0.971505,0.985759,0.995169,0.982233,1.027299,0.970738,1.039980
6.955550,1.022519,0.968861,0.961273,0.958474,0.972763,0.976162,0.968623,0.969084,1.020846,0.984332,0.980557,0.968213,0.979223,0.969985,0.964071,0.976644,0.972208,0.967151,1.009660,0.956791,0.974769,0.990566,0.982418,0.982185,1.001615,0.983694,0.969650,0.979766,0.982091,0.909083,0.950887,0.960247,0.971681,0.985920,0.995330,0.982418,1.027562,0.971094,1.039975
6.963880,1.022622,0.969112,0.961483,0.958614,0.972861,0.976256,0.968710,0.969167,1.020871,0.984431,0.980655,0.968317,0.979333,0.970121,0.964250,0.976840,0.972422,0.967363,1.009853,0.956966,0.974956,0.990748,0.982603,0.982380,1.001862,0.983978,0.969902,0.980113,0.982449,0.909384,0.950924,0.960295,0.971858,0.986080,0.995490,0.982603,1.027825,0.971450,1.039970
6.972210,1.022725,0.969361,0.961692,0.958754,0.972960,0.976350,0.968797,0.969251,1.020896,0.984531,0.980753,0.968422,0.979443,0.970257,0.964429,0.977035,0.972636,0.967575,1.010045,0.957141,0.975143,0.990929,0.982788,0.982575,1.002109,0.984262,0.970153,0.980459,0.982807,0.909684,0.950962,0.960343,0.972034,0.986239,0.995650,0.982788,1.028087,0.971806,1.039965
6.980540,1.022827,0.969610,0.961901,0.958895,0.973060,0.976444,0.968885,0.969336,1.020921,0.984631,0.980852,0.968527,0.979554,0.970393,0.964608,0.977230,0.972849,0.967787,1.010237,0.957315,0.975330,0.991110,0.982973,0.982769,1.002354,0.984545,0.970403,0.980805,0.983164,0.909982,0.951001,0.960392,0.972209,0.986398,0.995810,0.982973,1.028348,0.972162,1.039959
6.988870,1.022929,0.969858,0.962110,0.959035,0.973159,0.976538,0.968972,0.969421,1.020946,0.984732,0.980951,0.968632,0.979664,0.970529,0.964786,0.977424,0.973062,0.967998,1.010428,0.957488,0.975516,0.991290,0.983156,0.982963,1.002599,0.984827,0.970653,0.981150,0.983520,0.910280,0.951041,0.960440,0.972384,0.986556,0.995970,0.983156,1.028608,0.972516,1.039954
6.997200,1.023030,0.970105,0.962318,0.959176,0.973259,0.976633,0.969060,0.969506,1.020971,0.984832,0.981049,0.968737,0.979775,0.970665,0.964964,0.977618,0.973274,0.968208,1.010618,0.957661,0.975702,0.991470,0.983340,0.983156,1.002843,0.985109,0.970902,0.981495,0.983875,0.910576,0.951081,0.960489,0.972558,0.986713,0.996129,0.983340,1.028866,0.972871,1.039948
7.005530,1.023130,0.970351,0.962525,0.959316,0.973358,0.976728,0.969148,0.969591,1.020997,0.984932,0.981148,0.968842,0.979885,0.970800,0.965142,0.977812,0.973486,0.968418,1.010807,0.957833,0.975888,0.991649,0.983523,0.983349,1.003087,0.985390,0.971151,0.981838,0.984230,0.910871,0.951122,0.960538,0.972732,0.986868,0.996287,0.983523,1.029124,0.973224,1.039942
7.013860,1.023229,0.970595,0.962732,0.959456,0.973458,0.976822,0.969236,0.969676,1.021023,0.985032,0.981247,0.968947,0.979996,0.970936,0.965319,0.978004,0.973697,0.968628,1.010996,0.958004,0.976072,0.991827,0.983705,0.983541,1.003329,0.985670,0.971398,0.982181,0.984583,0.911164,0.951164,0.960586,0.972904,0.987023,0.996445,0.983705,1.029380,0.973576,1.039936
7.022190,1.023328,0.970839,0.962938,0.959595,0.973558,0.976917,0.969324,0.969761,1.021049,0.985132,0.981346,0.969051,0.980106,0.971071,0.965495,0.978196,0.973907,0.968836,1.011184,0.958173,0.976256,0.992005,0.983886,0.983732,1.003570,0.985949,0.971645,0.982522,0.984936,0.911457,0.951206,0.960635,0.973076,0.987177,0.996603,0.983886,1.029635,0.973928,1.039929
7.030520,1.023425,0.971082,0.963144,0.959735,0.973657,0.977012,0.969412,0.969846,1.021075,0.985232,0.981444,0.969156,0.980216,0.971205,0.965671,0.978387,0.974116,0.969044,1.011370,0.958342,0.976439,0.992182,0.984067,0.983923,1.003811,0.986227,0.971891,0.982863,0.985288,0.911748,0.951248,0.960683,0.973247,0.987329,0.996760,0.984067,1.029889,0.974279,1.039922
7.038850,1.023522,0.971323,0.963348,0.959874,0.973757,0.977106,0.969500,0.969932,1.021101,0.985332,0.981542,0.969260,0.980325,0.971339,0.965846,0.978577,0.974324,0.969251,1.011556,0.958510,0.976621,0.992359,0.984247,0.984113,1.004050,0.986504,0.972136,0.983202,0.985638,0.912038,0.951290,0.960731,0.973417,0.987480,0.996916,0.984247,1.030141,0.974628,1.039916
7.047180,1.023618,0.971564,0.963552,0.960012,0.973856,0.977200,0.969588,0.970016,1.021127,0.985431,0.981640,0.969364,0.980434,0.971473,0.966020,0.978767,0.974532,0.969456,1.011740,0.958676,0.976803,0.992534,0.984425,0.984301,1.004288,0.986780,0.972380,0.983540,0.985987,0.912326,0.951333,0.960778,0.973586,0.987629,0.997071,0.984425,1.030392,0.974976,1.039908
7.055510,1.023714,0.971803,0.963755,0.960150,0.973954,0.977294,0.969675,0.970101,1.021153,0.985529,0.981737,0.969467,0.980543,0.971606,0.966193,0.978955,0.974738,0.969661,1.011923,0.958841,0.976983,0.992708,0.984603,0.984489,1.004525,0.987054,0.972623,0.983876,0.986334,0.912613,0.951375,0.960825,0.973754,0.987777,0.997225,0.984603,1.030641,0.975323,1.039901
7.063840,1.023808,0.972040,0.963956,0.960287,0.974052,0.977387,0.969762,0.970185,1.021179,0.985627,0.981834,0.969570,0.980651,0.971738,0.966365,0.979142,0.974943,0.969865,1.012105,0.959004,0.977162,0.992881,0.984780,0.984675,1.004761,0.987328,0.972864,0.984211,0.986680,0.912898,0.951417,0.960872,0.973920,0.987923,0.997378,0.984780,1.030889,0.975668,1.039894
7.072170,1.023901,0.972276,0.964157,0.960423,0.974150,0.977480,0.969849,0.970269,1.021205,0.985725,0.981930,0.969672,0.980758,0.971870,0.966537,0.979328,0.975147,0.970067,1.012285,0.959166,0.977340,0.993053,0.984955,0.984861,1.004995,0.987599,0.973104,0.984545,0.987024,0.913182,0.951459,0.960918,0.974086,0.988068,0.997531,0.984955,1.031136,0.976011,1.039886
7.080500,1.023994,0.972511,0.964356,0.960559,0.974247,0.977572,0.969935,0.970352,1.021231,0.985821,0.982026,0.969773,0.980864,0.972000,0.966706,0.979512,0.975350,0.970269,1.012464,0.959327,0.977516,0.993224,0.985130,0.985045,1.005228,0.987870,0.973343,0.984877,0.987366,0.913464,0.951500,0.960963,0.974250,0.988211,0.997682,0.985130,1.031381,0.976353,1.039878
7.088830,1.024086,0.972744,0.964554,0.960693,0.974343,0.977663,0.970020,0.970435,1.021256,0.985917,0.982120,0.969874,0.980970,0.972130,0.966875,0.979695,0.975551,0.970469,1.012641,0.959486,0.977692,0.993394,0.985303,0.985228,1.005460,0.988138,0.973580,0.985206,0.987707,0.913745,0.951540,0.961008,0.974412,0.988352,0.997832,0.985303,1.031624,0.976694,1.039869
7.097160,1.024176,0.972976,0.964751,0.960827,0.974438,0.977754,0.970105,0.970517,1.021282,0.986012,0.982214,0.969973,0.981074,0.972258,0.967043,0.979877,0.975751,0.970667,1.012817,0.959643,0.977865,0.993562,0.985474,0.985409,1.005690,0.988405,0.973816,0.985534,0.988046,0.914024,0.951580,0.961051,0.974573,0.988491,0.997981,0.985474,1.031866,0.977032,1.039861
7.105490,1.024266,0.973206,0.964946,0.960960,0.974532,0.977844,0.970188,0.970598,1.021307,0.986106,0.982307,0.970072,0.981178,0.972385,0.967208,0.980057,0.975949,0.970864,1.012991,0.959799,0.978038,0.993728,0.985644,0.985588,1.005918,0.988670,0.974050,0.985860,0.988382,0.914302,0.951619,0.961094,0.974733,0.988628,0.998128,0.985644,1.032106,0.977368,1.039852
7.113820,1.024354,0.973434,0.965140,0.961091,0.974626,0.977932,0.970271,0.970679,1.021332,0.986199,0.982399,0.970170,0.981280,0.972512,0.967373,0.980235,0.976146,0.971060,1.013163,0.959952,0.978208,0.993893,0.985812,0.985767,1.006145,0.988934,0.974283,0.986184,0.988716,0.914577,0.951657,0.961136,0.974891,0.988763,0.998274,0.985812,1.032344,0.977702,1.039843
7.122150,1.024442,0.973661,0.965333,0.961221,0.974718,0.978020,0.970353,0.970759,1.021356,0.986291,0.982490,0.970266,0.981382,0.972637,0.967536,0.980412,0.976341,0.971253,1.013333,0.960104,0.978377,0.994056,0.985979,0.985943,1.006371,0.989195,0.974513,0.986506,0.989048,0.914851,0.951694,0.961177,0.975047,0.988896,0.998418,0.985979,1.032580,0.978034,1.039834
7.130480,1.024528,0.973886,0.965523,0.961350,0.974810,0.978106,0.970435,0.970837,1.021381,0.986381,0.982579,0.970361,0.981482,0.972760,0.967697,0.980587,0.976534,0.971446,1.013501,0.960253,0.978545,0.994218,0.986144,0.986118,1.006595,0.989455,0.974742,0.986825,0.989378,0.915123,0.951730,0.961217,0.975202,0.989027,0.998561,0.986144,1.032814,0.978364,1.039824
7.138810,1.024614,0.974109,0.965712,0.961478,0.974900,0.978192,0.970515,0.970915,1.021404,0.986471,0.982668,0.970455,0.981581,0.972882,0.967857,0.980760,0.976725,0.971636,1.013666,0.960401,0.978710,0.994378,0.986307,0.986291,1.006817,0.989712,0.974968,0.987142,0.989705,0.915394,0.951764,0.961256,0.975354,0.989155,0.998702,0.986307,1.033047,0.978691,1.039814
7.147140,1.024698,0.974330,0.965899,0.961604,0.974989,0.978276,0.970593,0.970992,1.021428,0.986559,0.982755,0.970548,0.981678,0.973003,0.968014,0.980931,0.976915,0.971824,1.013830,0.960546,0.978874,0.994536,0.986469,0.986461,1.007037,0.989967,0.975193,0.987456,0.990030,0.915662,0.951798,0.961294,0.975505,0.989281,0.998842,0.986469,1.033278,0.979016,1.039804
7.155470,1.024781,0.974549,0.966085,0.961729,0.975076,0.978359,0.970671,0.971067,1.021451,0.986645,0.982840,0.970639,0.981774,0.973122,0.968170,0.981101,0.977102,0.972011,1.013992,0.960689,0.979035,0.994692,0.986628,0.986630,1.007255,0.990220,0.975416,0.987768,0.990352,0.915928,0.951829,0.961331,0.975654,0.989404,0.998980,0.986628,1.033506,0.979338,1.039794
7.163800,1.024863,0.974766,0.966268,0.961852,0.975163,0.978440,0.970748,0.971142,1.021473,0.986731,0.982925,0.970729,0.981869,0.973240,0.968324,0.981268,0.977287,0.972195,1.014151,0.960829,0.979195,0.994846,0.986785,0.986797,1.007472,0.990471,0.975636,0.988077,0.990671,0.916193,0.951860,0.961366,0.975801,0.989524,0.999115,0.986785,1.033733,0.979657,1.039783
7.172130,1.024944,0.974981,0.966450,0.961973,0.975248,0.978520,0.970823,0.971215,1.021495,0.986814,0.983008,0.970817,0.981962,0.973355,0.968476,0.981433,0.977471,0.972378,1.014308,0.960967,0.979352,0.994998,0.986940,0.986962,1.007686,0.990719,0.975854,0.988383,0.990987,0.916455,0.951889,0.961401,0.975945,0.989642,0.999249,0.986940,1.033957,0.979974,1.039772
7.180460,1.025024,0.975194,0.966630,0.962093,0.975331,0.978599,0.970897,0.971287,1.021516,0.986897,0.983089,0.970904,0.982053,0.973470,0.968626,0.981596,0.977652,0.972558,1.014462,0.961103,0.979508,0.995147,0.987093,0.987125,1.007898,0.990965,0.976070,0.988687,0.991300,0.916716,0.951916,0.961434,0.976088,0.989757,0.999381,0.987093,1.034180,0.980287,1.039761
7.188790,1.025102,0.975404,0.966807,0.962211,0.975413,0.978676,0.970969,0.971358,1.021537,0.986977,0.983169,0.970989,0.982143,0.973582,0.968774,0.981756,0.977830,0.972736,1.014614,0.961236,0.979661,0.995295,0.987244,0.987285,1.008109,0.991208,0.976283,0.988987,0.991610,0.916974,0.951942,0.961465,0.976228,0.989870,0.999511,0.987244,1.034400,0.980598,1.039749
7.197120,1.025179,0.975613,0.966983,0.962328,0.975493,0.978752,0.971040,0.971427,1.021557,0.987056,0.983247,0.971073,0.982231,0.973692,0.968919,0.981914,0.978007,0.972912,1.014763,0.961366,0.979811,0.995440,0.987392,0.987443,1.008317,0.991448,0.976494,0.989284,0.991917,0.917230,0.951967,0.961496,0.976366,0.989979,0.999639,0.987392,1.034618,0.980905,1.039737
7.205450,1.025256,0.975819,0.967156,0.962442,0.975572,0.978826,0.971110,0.971495,1.021577,0.987134,0.983324,0.971155,0.982318,0.973801,0.969063,0.982070,0.978181,0.973086,1.014909,0.961494,0.979959,0.995582,0.987538,0.987598,1.008523,0.991686,0.976702,0.989578,0.992221,0.917484,0.951989,0.961525,0.976501,0.990086,0.999764,0.987538,1.034833,0.981209,1.039725
7.213780,1.025330,0.976023,0.967327,0.962555,0.975649,0.978898,0.971178,0.971561,1.021596,0.987209,0.983398,0.971235,0.982402,0.973908,0.969204,0.982223,0.978352,0.973257,1.015053,0.961619,0.980105,0.995723,0.987682,0.987751,1.008727,0.991921,0.976908,0.989869,0.992521,0.917736,0.952010,0.961553,0.976634,0.990189,0.999887,0.987682,1.035047,0.981510,1.039712
7.222110,1.025404,0.976224,0.967496,0.962666,0.975725,0.978969,0.971245,0.971626,1.021614,0.987283,0.983472,0.971313,0.982485,0.974012,0.969342,0.982374,0.978521,0.973426,1.015194,0.961741,0.980249,0.995860,0.987823,0.987902,1.008928,0.992153,0.977110,0.990156,0.992818,0.917985,0.952029,0.961579,0.976765,0.990289,1.000008,0.987823,1.035258,0.981808,1.039699
7.230440,1.025476,0.976424,0.967662,0.962774,0.975798,0.979038,0.971310,0.971689,1.021632,0.987355,0.983543,0.971390,0.982566,0.974115,0.969478,0.982522,0.978687,0.973592,1.015332,0.961860,0.980389,0.995996,0.987961,0.988050,1.009128,0.992382,0.977311,0.990440,0.993111,0.918233,0.952047,0.961604,0.976893,0.990386,1.000127,0.987961,1.035467,0.982102,1.039686
7.238770,1.025547,0.976620,0.967826,0.962881,0.975870,0.979105,0.971373,0.971751,1.021648,0.987425,0.983612,0.971464,0.982645,0.974215,0.969612,0.982667,0.978851,0.973755,1.015467,0.961976,0.980527,0.996128,0.988097,0.988195,1.009324,0.992608,0.977508,0.990721,0.993401,0.918478,0.952063,0.961627,0.977018,0.990479,1.000243,0.988097,1.035673,0.982392,1.039673
7.247100,1.025617,0.976815,0.967988,0.962986,0.975940,0.979170,0.971435,0.971811,1.021665,0.987494,0.983680,0.971537,0.982722,0.974314,0.969743,0.982810,0.979012,0.973916,1.015598,0.962089,0.980662,0.996258,0.988230,0.988337,1.009519,0.992832,0.977702,0.990998,0.993686,0.918720,0.952077,0.961649,0.977140,0.990570,1.000356,0.988230,1.035877,0.982678,1.039659
7.255430,1.025685,0.977006,0.968147,0.963088,0.976009,0.979234,0.971495,0.971870,1.021680,0.987560,0.983746,0.971608,0.982797,0.974410,0.969872,0.982949,0.979170,0.974075,1.015727,0.962199,0.980795,0.996385,0.988360,0.988477,1.009711,0.993052,0.977894,0.991271,0.993968,0.918961,0.952089,0.961670,0.977260,0.990656,1.000467,0.988360,1.036078,0.982961,1.039645
7.263760,1.025752,0.977195,0.968303,0.963189,0.976075,0.979295,0.971553,0.971927,1.021694,0.987624,0.983809,0.971676,0.982870,0.974504,0.969997,0.983086,0.979325,0.974230,1.015853,0.962305,0.980925,0.996509,0.988487,0.988614,1.009900,0.993268,0.978082,0.991540,0.994246,0.919199,0.952099,0.961688,0.977377,0.990740,1.000575,0.988487,1.036277,0.983240,1.039631
7.272090,1.025818,0.977382,0.968457,0.963287,0.976139,0.979355,0.971610,0.971982,1.021708,0.987687,0.983871,0.971743,0.982941,0.974595,0.970120,0.983220,0.979477,0.974383,1.015975,0.962408,0.981051,0.996630,0.988612,0.988747,1.010087,0.993482,0.978267,0.991805,0.994520,0.919434,0.952108,0.961706,0.977491,0.990819,1.000681,0.988612,1.036473,0.983515,1.039616
7.280420,1.025883,0.977566,0.968608,0.963383,0.976202,0.979413,0.971665,0.972036,1.021721,0.987747,0.983931,0.971808,0.983010,0.974685,0.970240,0.983351,0.979627,0.974533,1.016094,0.962508,0.981175,0.996749,0.988733,0.988878,1.010271,0.993692,0.978449,0.992067,0.994790,0.919667,0.952114,0.961721,0.977603,0.990895,1.000783,0.988733,1.036666,0.983786,1.039601
7.288750,1.025946,0.977747,0.968756,0.963476,0.976262,0.979469,0.971717,0.972087,1.021733,0.987805,0.983989,0.971870,0.983076,0.974772,0.970358,0.983479,0.979773,0.974680,1.016210,0.962605,0.981296,0.996864,0.988851,0.989006,1.010453,0.993899,0.978628,0.992324,0.995056,0.919897,0.952119,0.961735,0.977711,0.990968,1.000883,0.988851,1.036857,0.984052,1.039586
7.297080,1.026007,0.977926,0.968902,0.963568,0.976321,0.979522,0.971768,0.972137,1.021745,0.987862,0.984044,0.971931,0.983140,0.974856,0.970472,0.983604,0.979916,0.974824,1.016322,0.962698,0.981414,0.996976,0.988967,0.989131,1.010632,0.994102,0.978804,0.992577,0.995317,0.920125,0.952122,0.961748,0.977816,0.991036,1.000980,0.988967,1.037046,0.984315,1.039570
7.305410,1.026068,0.978101,0.969045,0.963656,0.976377,0.979574,0.971817,0.972185,1.021755,0.987916,0.984098,0.971989,0.983203,0.974938,0.970584,0.983726,0.980056,0.974965,1.016431,0.962787,0.981528,0.997086,0.989079,0.989253,1.010808,0.994302,0.978976,0.992826,0.995574,0.920351,0.952122,0.961758,0.977918,0.991101,1.001074,0.989079,1.037231,0.984573,1.039554
7.313740,1.026126,0.978274,0.969185,0.963743,0.976431,0.979624,0.971864,0.972231,1.021764,0.987967,0.984149,0.972045,0.983262,0.975018,0.970692,0.983844,0.980193,0.975103,1.016536,0.962873,0.981640,0.997192,0.989188,0.989371,1.010982,0.994498,0.979145,0.993071,0.995827,0.920573,0.952121,0.961767,0.978017,0.991161,1.001165,0.989188,1.037414,0.984827,1.039538
7.322070,1.026184,0.978444,0.969322,0.963827,0.976484,0.979671,0.971910,0.972276,1.021773,0.988017,0.984198,0.972099,0.983320,0.975095,0.970798,0.983959,0.980327,0.975238,1.016638,0.962956,0.981748,0.997294,0.989294,0.989486,1.011153,0.994690,0.979310,0.993311,0.996075,0.920793,0.952118,0.961775,0.978113,0.991218,1.001254,0.989294,1.037594,0.985076,1.039521
7.330400,1.026240,0.978611,0.969457,0.963908,0.976534,0.979717,0.971953,0.972318,1.021781,0.988065,0.984245,0.972150,0.983375,0.975170,0.970900,0.984071,0.980457,0.975370,1.016736,0.963034,0.981853,0.997394,0.989397,0.989598,1.011320,0.994879,0.979472,0.993547,0.996318,0.921011,0.952113,0.961780,0.978206,0.991271,1.001339,0.989397,1.037771,0.985321,1.039504
7.338730,1.026295,0.978775,0.969588,0.963987,0.976581,0.979760,0.971994,0.972358,1.021787,0.988110,0.984290,0.972199,0.983428,0.975242,0.971000,0.984180,0.980584,0.975498,1.016831,0.963109,0.981955,0.997490,0.989496,0.989707,1.011485,0.995064,0.979630,0.993779,0.996557,0.921226,0.952106,0.961784,0.978295,0.991319,1.001420,0.989496,1.037946,0.985561,1.039487
7.347060,1.026348,0.978937,0.969716,0.964064,0.976627,0.979801,0.972033,0.972397,1.021793,0.988152,0.984333,0.972246,0.983479,0.975311,0.971096,0.984285,0.980708,0.975624,1.016921,0.963180,0.982053,0.997583,0.989592,0.989812,1.011647,0.995245,0.979785,0.994006,0.996791,0.921438,0.952097,0.961786,0.978381,0.991364,1.001499,0.989592,1.038117,0.985796,1.039470
7.355390,1.026400,0.979095,0.969841,0.964138,0.976670,0.979840,0.972070,0.972433,1.021798,0.988193,0.984373,0.972291,0.983527,0.975378,0.971189,0.984387,0.980828,0.975746,1.017008,0.963248,0.982148,0.997673,0.989684,0.989914,1.011806,0.995423,0.979936,0.994228,0.997020,0.921647,0.952086,0.961787,0.978464,0.991404,1.001575,0.989684,1.038286,0.986026,1.039452
7.363720,1.026450,0.979250,0.969964,0.964209,0.976712,0.979876,0.972105,0.972467,1.021802,0.988231,0.984411,0.972333,0.983573,0.975442,0.971278,0.984485,0.980945,0.975864,1.017091,0.963311,0.982240,0.997759,0.989773,0.990012,1.011963,0.995596,0.980084,0.994445,0.997245,0.921853,0.952073,0.961785,0.978543,0.991440,1.001647,0.989773,1.038452,0.986252,1.039434
7.372050,1.026499,0.979403,0.970083,0.964278,0.976750,0.979911,0.972138,0.972499,1.021804,0.988267,0.984446,0.972373,0.983616,0.975503,0.971365,0.984580,0.981059,0.975980,1.017171,0.963370,0.982328,0.997841,0.989859,0.990107,1.012116,0.995766,0.980227,0.994658,0.997464,0.922057,0.952058,0.961782,0.978619,0.991472,1.001716,0.989859,1.038615,0.986473,1.039415
7.380380,1.026546,0.979552,0.970199,0.964343,0.976787,0.979943,0.972168,0.972530,1.021806,0.988300,0.984480,0.972410,0.983656,0.975562,0.971448,0.984672,0.981168,0.976092,1.017246,0.963426,0.982412,0.997920,0.989941,0.990198,1.012266,0.995931,0.980367,0.994866,0.997679,0.922258,0.952041,0.961777,0.978692,0.991500,1.001782,0.989941,1.038774,0.986689,1.039397
7.388710,1.026592,0.979698,0.970311,0.964407,0.976821,0.979972,0.972197,0.972558,1.021807,0.988331,0.984510,0.972445,0.983695,0.975617,0.971528,0.984759,0.981275,0.976201,1.017317,0.963478,0.982493,0.997996,0.990019,0.990286,1.012413,0.996092,0.980503,0.995069,0.997888,0.922456,0.952021,0.961770,0.978760,0.991523,1.001844,0.990019,1.038931,0.986899,1.039378
7.397040,1.026637,0.979841,0.970421,0.964467,0.976853,0.980000,0.972223,0.972584,1.021807,0.988360,0.984539,0.972477,0.983730,0.975670,0.971604,0.984843,0.981377,0.976306,1.017385,0.963525,0.982571,0.998068,0.990094,0.990370,1.012556,0.996250,0.980636,0.995267,0.998092,0.922651,0.952000,0.961762,0.978826,0.991542,1.001903,0.990094,1.039085,0.987105,1.039358
7.405370,1.026680,0.979981,0.970527,0.964525,0.976882,0.980025,0.972247,0.972608,1.021805,0.988386,0.984565,0.972507,0.983763,0.975721,0.971677,0.984924,0.981476,0.976407,1.017448,0.963568,0.982644,0.998136,0.990165,0.990451,1.012697,0.996403,0.980764,0.995461,0.998292,0.922843,0.951977,0.961751,0.978888,0.991556,1.001959,0.990165,1.039236,0.987305,1.039339
7.413700,1.026721,0.980118,0.970630,0.964580,0.976910,0.980048,0.972269,0.972629,1.021803,0.988410,0.984588,0.972534,0.983794,0.975768,0.971747,0.985001,0.981572,0.976506,1.017508,0.963608,0.982715,0.998201,0.990233,0.990527,1.012835,0.996552,0.980888,0.995649,0.998486,0.923033,0.951951,0.961739,0.978946,0.991566,1.002011,0.990233,1.039383,0.987500,1.039319
7.422030,1.026761,0.980251,0.970730,0.964632,0.976934,0.980068,0.972289,0.972649,1.021799,0.988431,0.984610,0.972559,0.983822,0.975813,0.971813,0.985074,0.981664,0.976600,1.017563,0.963643,0.982781,0.998262,0.990297,0.990601,1.012969,0.996697,0.981009,0.995832,0.998674,0.923219,0.951924,0.961725,0.979001,0.991572,1.002059,0.990297,1.039528,0.987690,1.039299
7.430360,1.026800,0.980381,0.970826,0.964682,0.976957,0.980086,0.972307,0.972666,1.021795,0.988450,0.984628,0.972582,0.983847,0.975854,0.971875,0.985143,0.981752,0.976692,1.017614,0.963674,0.982844,0.998320,0.990357,0.990670,1.013100,0.996837,0.981125,0.996010,0.998858,0.923403,0.951894,0.961709,0.979052,0.991573,1.002105,0.990357,1.039670,0.987875,1.039278
7.438690,1.026837,0.980509,0.970920,0.964728,0.976977,0.980101,0.972322,0.972681,1.021789,0.988466,0.984645,0.972602,0.983870,0.975893,0.971934,0.985209,0.981836,0.976779,1.017661,0.963701,0.982903,0.998373,0.990414,0.990736,1.013228,0.996974,0.981238,0.996183,0.999036,0.923583,0.951862,0.961691,0.979099,0.991569,1.002146,0.990414,1.039808,0.988054,1.039258
7.447020,1.026872,0.980633,0.971009,0.964772,0.976994,0.980115,0.972335,0.972694,1.021783,0.988480,0.984658,0.972619,0.983890,0.975929,0.971990,0.985271,0.981917,0.976863,1.017704,0.963724,0.982959,0.998423,0.990466,0.990798,1.013353,0.997106,0.981346,0.996350,0.999208,0.923761,0.951829,0.961671,0.979143,0.991561,1.002184,0.990466,1.039943,0.988228,1.039237
7.455350,1.026906,0.980753,0.971096,0.964813,0.977009,0.980125,0.972346,0.972705,1.021775,0.988491,0.984670,0.972634,0.983908,0.975962,0.972042,0.985329,0.981993,0.976944,1.017743,0.963742,0.983011,0.998470,0.990516,0.990856,1.013474,0.997234,0.981451,0.996513,0.999375,0.923935,0.951793,0.961649,0.979183,0.991549,1.002219,0.990516,1.040075,0.988397,1.039215
7.463680,1.026939,0.980871,0.971179,0.964851,0.977022,0.980134,0.972354,0.972714,1.021766,0.988500,0.984679,0.972646,0.983923,0.975992,0.972091,0.985384,0.982066,0.977020,1.017778,0.963756,0.983059,0.998512,0.990561,0.990910,1.013593,0.997357,0.981551,0.996670,0.999537,0.924107,0.951755,0.961626,0.979219,0.991531,1.002250,0.990561,1.040204,0.988560,1.039194
7.472010,1.026970,0.980985,0.971259,0.964886,0.977032,0.980140,0.972360,0.972720,1.021757,0.988506,0.984685,0.972656,0.983935,0.976019,0.972136,0.985434,0.982136,0.977094,1.017809,0.963766,0.983103,0.998551,0.990602,0.990961,1.013708,0.997476,0.981647,0.996822,0.999694,0.924275,0.951715,0.961600,0.979251,0.991510,1.002278,0.990602,1.040330,0.988717,1.039172
7.480340,1.027000,0.981096,0.971335,0.964919,0.977040,0.980143,0.972364,0.972724,1.021746,0.988510,0.984689,0.972663,0.983945,0.976043,0.972177,0.985481,0.982201,0.977163,1.017835,0.963772,0.983144,0.998586,0.990640,0.991008,1.013819,0.997591,0.981739,0.996968,0.999844,0.924441,0.951673,0.961573,0.979280,0.991483,1.002301,0.990640,1.040453,0.988869,1.039150
7.488670,1.027028,0.981203,0.971408,0.964948,0.977045,0.980145,0.972366,0.972726,1.021734,0.988511,0.984690,0.972667,0.983952,0.976065,0.972215,0.985524,0.982263,0.977229,1.017857,0.963774,0.983180,0.998617,0.990674,0.991051,1.013928,0.997701,0.981827,0.997110,0.999989,0.924603,0.951629,0.961544,0.979306,0.991452,1.002322,0.990674,1.040572,0.989015,1.039128
7.497000,1.027055,0.981308,0.971478,0.964975,0.977048,0.980143,0.972365,0.972726,1.021721,0.988509,0.984689,0.972669,0.983956,0.976083,0.972250,0.985563,0.982321,0.977291,1.017875,0.963771,0.983213,0.998645,0.990704,0.991090,1.014033,0.997807,0.981911,0.997245,1.000129,0.924763,0.951583,0.961512,0.979327,0.991417,1.002339,0.990704,1.040689,0.989156,1.039105
7.505330,1.027080,0.981409,0.971544,0.964998,0.977048,0.980140,0.972362,0.972724,1.021707,0.988506,0.984685,0.972668,0.983958,0.976099,0.972281,0.985599,0.982375,0.977350,1.017889,0.963764,0.983243,0.998669,0.990731,0.991125,1.014135,0.997909,0.981991,0.997376,1.000263,0.924919,0.951535,0.961479,0.979345,0.991377,1.002352,0.990731,1.040802,0.989291,1.039083
7.513660,1.027104,0.981506,0.971607,0.965019,0.977046,0.980133,0.972357,0.972719,1.021691,0.988499,0.984679,0.972665,0.983957,0.976111,0.972308,0.985630,0.982425,0.977405,1.017899,0.963753,0.983268,0.998689,0.990753,0.991157,1.014233,0.998006,0.982067,0.997501,1.000392,0.925073,0.951484,0.961444,0.979359,0.991332,1.002361,0.990753,1.040912,0.989420,1.039060
7.521990,1.027126,0.981601,0.971666,0.965037,0.977042,0.980125,0.972350,0.972712,1.021675,0.988490,0.984670,0.972659,0.983953,0.976121,0.972331,0.985658,0.982471,0.977456,1.017905,0.963738,0.983290,0.998705,0.990772,0.991185,1.014328,0.998098,0.982138,0.997621,1.000514,0.925223,0.951432,0.961408,0.979369,0.991283,1.002367,0.990772,1.041019,0.989544,1.039037
7.530320,1.027147,0.981692,0.971722,0.965052,0.977035,0.980114,0.972340,0.972703,1.021658,0.988479,0.984659,0.972651,0.983947,0.976127,0.972352,0.985682,0.982514,0.977504,1.017906,0.963718,0.983308,0.998717,0.990787,0.991209,1.014420,0.998187,0.982206,0.997735,1.000632,0.925370,0.951378,0.961369,0.979376,0.991229,1.002370,0.990787,1.041122,0.989662,1.039013
7.538650,1.027166,0.981780,0.971775,0.965065,0.977025,0.980101,0.972328,0.972692,1.021640,0.988465,0.984646,0.972640,0.983938,0.976131,0.972368,0.985702,0.982553,0.977548,1.017903,0.963694,0.983322,0.998726,0.990798,0.991229,1.014508,0.998271,0.982269,0.997844,1.000743,0.925515,0.951321,0.961329,0.979378,0.991171,1.002368,0.990798,1.041223,0.989775,1.038990
7.546980,1.027184,0.981864,0.971824,0.965074,0.977013,0.980085,0.972314,0.972678,1.021620,0.988448,0.984630,0.972627,0.983927,0.976132,0.972381,0.985718,0.982587,0.977588,1.017896,0.963666,0.983332,0.998731,0.990806,0.991245,1.014594,0.998350,0.982328,0.997947,1.000849,0.925656,0.951263,0.961286,0.979378,0.991108,1.002364,0.990806,1.041320,0.989881,1.038966
7.555310,1.027201,0.981946,0.971870,0.965080,0.976999,0.980067,0.972297,0.972662,1.021600,0.988429,0.984611,0.972610,0.983913,0.976130,0.972391,0.985731,0.982619,0.977625,1.017885,0.963634,0.983339,0.998732,0.990809,0.991258,1.014675,0.998425,0.982383,0.998045,1.000950,0.925794,0.951203,0.961242,0.979373,0.991041,1.002355,0.990809,1.041414,0.989983,1.038942
7.563640,1.027216,0.982024,0.971912,0.965084,0.976982,0.980046,0.972278,0.972644,1.021578,0.988407,0.984590,0.972592,0.983896,0.976125,0.972397,0.985740,0.982646,0.977658,1.017870,0.963597,0.983342,0.998729,0.990809,0.991266,1.014754,0.998496,0.982434,0.998138,1.001044,0.925929,0.951141,0.961196,0.979365,0.990969,1.002343,0.990809,1.041505,0.990078,1.038918
7.571970,1.027229,0.982099,0.971952,0.965085,0.976963,0.980023,0.972257,0.972624,1.021556,0.988383,0.984567,0.972571,0.983877,0.976117,0.972399,0.985745,0.982670,0.977687,1.017851,0.963556,0.983341,0.998723,0.990806,0.991271,1.014829,0.998562,0.982481,0.998225,1.001134,0.926061,0.951076,0.961148,0.979353,0.990893,1.002328,0.990806,1.041592,0.990168,1.038894
7.580300,1.027242,0.982170,0.971987,0.965083,0.976942,0.979998,0.972234,0.972602,1.021532,0.988357,0.984541,0.972547,0.983855,0.976106,0.972398,0.985746,0.982689,0.977713,1.017827,0.963512,0.983337,0.998713,0.990798,0.991273,1.014901,0.998624,0.982523,0.998307,1.001217,0.926190,0.951010,0.961098,0.979338,0.990812,1.002309,0.990798,1.041677,0.990252,1.038869
7.588630,1.027253,0.982239,0.972020,0.965078,0.976918,0.979970,0.972209,0.972578,1.021508,0.988328,0.984512,0.972521,0.983830,0.976093,0.972394,0.985744,0.982706,0.977735,1.017800,0.963463,0.983329,0.998699,0.990787,0.991270,1.014970,0.998681,0.982562,0.998383,1.001295,0.926316,0.950942,0.961047,0.979319,0.990727,1.002287,0.990787,1.041758,0.990330,1.038845
7.596960,1.027262,0.982304,0.972049,0.965071,0.976892,0.979940,0.972181,0.972551,1.021483,0.988297,0.984482,0.972493,0.983803,0.976076,0.972386,0.985738,0.982718,0.977754,1.017768,0.963410,0.983317,0.998682,0.990772,0.991264,1.015036,0.998734,0.982596,0.998454,1.001367,0.926439,0.950872,0.960993,0.979296,0.990638,1.002261,0.990772,1.041837,0.990403,1.038820
7.605290,1.027270,0.982366,0.972075,0.965060,0.976863,0.979908,0.972151,0.972523,1.021456,0.988263,0.984449,0.972462,0.983774,0.976057,0.972374,0.985728,0.982727,0.977769,1.017733,0.963353,0.983302,0.998661,0.990754,0.991254,1.015098,0.998783,0.982627,0.998520,1.001434,0.926559,0.950800,0.960938,0.979270,0.990544,1.002232,0.990754,1.041912,0.990470,1.038795
7.613620,1.027277,0.982424,0.972098,0.965047,0.976832,0.979874,0.972120,0.972492,1.021429,0.988227,0.984413,0.972428,0.983742,0.976035,0.972359,0.985715,0.982732,0.977781,1.017694,0.963292,0.983283,0.998637,0.990732,0.991241,1.015157,0.998828,0.982654,0.998580,1.001496,0.926676,0.950726,0.960881,0.979240,0.990446,1.002199,0.990732,1.041984,0.990532,1.038770
7.621950,1.027282,0.982480,0.972117,0.965031,0.976799,0.979837,0.972086,0.972459,1.021401,0.988188,0.984375,0.972392,0.983707,0.976011,0.972341,0.985698,0.982733,0.977789,1.017650,0.963227,0.983260,0.998609,0.990706,0.991224,1.015213,0.998868,0.982676,0.998636,1.001551,0.926790,0.950651,0.960822,0.979207,0.990344,1.002163,0.990706,1.042053,0.990588,1.038745
7.630280,1.027287,0.982533,0.972133,0.965013,0.976764,0.979798,0.972049,0.972425,1.021372,0.988147,0.984335,0.972354,0.983670,0.975983,0.972320,0.985677,0.982731,0.977794,1.017603,0.963158,0.983234,0.998577,0.990677,0.991203,1.015266,0.998904,0.982695,0.998685,1.001602,0.926901,0.950573,0.960762,0.979170,0.990238,1.002124,0.990677,1.042119,0.990638,1.038720
7.638610,1.027289,0.982582,0.972147,0.964992,0.976726,0.979757,0.972011,0.972388,1.021342,0.988104,0.984293,0.972313,0.983631,0.975953,0.972295,0.985653,0.982725,0.977796,1.017552,0.963085,0.983205,0.998542,0.990644,0.991179,1.015315,0.998936,0.982710,0.998730,1.001647,0.927009,0.950494,0.960700,0.979130,0.990127,1.002081,0.990644,1.042182,0.990683,1.038695
7.646940,1.027291,0.982628,0.972156,0.964968,0.976686,0.979714,0.971971,0.972349,1.021311,0.988059,0.984248,0.972270,0.983589,0.975920,0.972267,0.985625,0.982716,0.977794,1.017498,0.963009,0.983172,0.998503,0.990608,0.991151,1.015362,0.998963,0.982720,0.998769,1.001686,0.927114,0.950413,0.960636,0.979087,0.990013,1.002035,0.990608,1.042242,0.990722,1.038669
7.655270,1.027291,0.982671,0.972163,0.964942,0.976644,0.979668,0.971929,0.972308,1.021279,0.988011,0.984201,0.972225,0.983545,0.975884,0.972235,0.985594,0.982703,0.977788,1.017439,0.962928,0.983135,0.998461,0.990568,0.991120,1.015405,0.998987,0.982727,0.998804,1.001720,0.927216,0.950330,0.960570,0.979040,0.989894,1.001986,0.990568,1.042298,0.990756,1.038644
7.663600,1.027290,0.982711,0.972167,0.964912,0.976600,0.979620,0.971884,0.972265,1.021246,0.987961,0.984152,0.972178,0.983498,0.975846,0.972201,0.985560,0.982687,0.977779,1.017377,0.962844,0.983096,0.998416,0.990525,0.991085,1.015445,0.999006,0.982731,0.998833,1.001749,0.927315,0.950246,0.960503,0.978990,0.989772,1.001933,0.990525,1.042352,0.990785,1.038618
7.671930,1.027288,0.982748,0.972168,0.964881,0.976554,0.979570,0.971838,0.972221,1.021213,0.987909,0.984101,0.972128,0.983449,0.975805,0.972163,0.985522,0.982667,0.977767,1.017311,0.962756,0.983052,0.998367,0.990479,0.991047,1.015482,0.999021,0.982730,0.998857,1.001772,0.927411,0.950160,0.960434,0.978937,0.989646,1.001878,0.990479,1.042403,0.990808,1.038593
7.680260,1.027284,0.982782,0.972165,0.964847,0.976505,0.979519,0.971790,0.972174,1.021179,0.987854,0.984048,0.972076,0.983398,0.975762,0.972122,0.985480,0.982644,0.977752,1.017241,0.962665,0.983006,0.998315,0.990429,0.991006,1.015516,0.999032,0.982726,0.998876,1.001790,0.927504,0.950072,0.960364,0.978880,0.989516,1.001819,0.990429,1.042451,0.990826,1.038567
7.688590,1.027279,0.982814,0.972160,0.964810,0.976454,0.979465,0.971740,0.972126,1.021144,0.987798,0.983992,0.972021,0.983345,0.975716,0.972078,0.985436,0.982618,0.977734,1.017168,0.962570,0.982956,0.998260,0.990376,0.990961,1.015547,0.999040,0.982718,0.998890,1.001803,0.927594,0.949982,0.960292,0.978820,0.989382,1.001757,0.990376,1.042496,0.990838,1.038542
7.696920,1.027273,0.982842,0.972151,0.964771,0.976402,0.979409,0.971688,0.972075,1.021108,0.987739,0.983934,0.971965,0.983289,0.975668,0.972031,0.985388,0.982588,0.977712,1.017092,0.962471,0.982903,0.998202,0.990320,0.990913,1.015576,0.999043,0.982706,0.998899,1.001811,0.927682,0.949891,0.960218,0.978757,0.989245,1.001692,0.990320,1.042538,0.990846,1.038516
7.705250,1.027266,0.982867,0.972140,0.964729,0.976347,0.979351,0.971634,0.972023,1.021071,0.987678,0.983875,0.971906,0.983231,0.975617,0.971981,0.985337,0.982555,0.977687,1.017012,0.962369,0.982847,0.998140,0.990260,0.990861,1.015601,0.999042,0.982691,0.998903,1.001814,0.927767,0.949799,0.960142,0.978691,0.989104,1.001624,0.990260,1.042577,0.990848,1.038490
7.713580,1.027257,0.982889,0.972126,0.964685,0.976290,0.979291,0.971578,0.971969,1.021034,0.987615,0.983813,0.971845,0.983171,0.975564,0.971927,0.985282,0.982519,0.977659,1.016928,0.962264,0.982788,0.998075,0.990198,0.990807,1.015623,0.999038,0.982672,0.998902,1.001812,0.927849,0.949704,0.960066,0.978623,0.988959,1.001553,0.990198,1.042614,0.990845,1.038465
7.721910,1.027248,0.982909,0.972109,0.964639,0.976232,0.979229,0.971520,0.971914,1.020996,0.987550,0.983749,0.971783,0.983109,0.975508,0.971871,0.985225,0.982479,0.977629,1.016841,0.962155,0.982726,0.998007,0.990132,0.990749,1.015643,0.999029,0.982649,0.998897,1.001804,0.927928,0.949608,0.959987,0.978551,0.988811,1.001480,0.990132,1.042648,0.990837,1.038439
7.730240,1.027237,0.982926,0.972089,0.964590,0.976171,0.979165,0.971461,0.971856,1.020958,0.987483,0.983683,0.971718,0.983045,0.975450,0.971812,0.985164,0.982436,0.977595,1.016751,0.962043,0.982660,0.997936,0.990063,0.990688,1.015659,0.999017,0.982623,0.998886,1.001792,0.928004,0.949511,0.959907,0.978476,0.988660,1.001403,0.990063,1.042678,0.990823,1.038413
7.738570,1.027225,0.982940,0.972067,0.964539,0.976108,0.979099,0.971400,0.971797,1.020919,0.987414,0.983615,0.971651,0.982978,0.975389,0.971751,0.985101,0.982391,0.977558,1.016658,0.961927,0.982592,0.997863,0.989991,0.990624,1.015673,0.999001,0.982594,0.998871,1.001775,0.928077,0.949412,0.959826,0.978398,0.988505,1.001324,0.989991,1.042707,0.990805,1.038388
7.746900,1.027212,0.982951,0.972041,0.964486,0.976044,0.979032,0.971337,0.971737,1.020879,0.987344,0.983546,0.971582,0.982910,0.975327,0.971686,0.985034,0.982342,0.977518,1.016562,0.961809,0.982520,0.997786,0.989917,0.990557,1.015684,0.998981,0.982561,0.998852,1.001753,0.928148,0.949312,0.959743,0.978318,0.988347,1.001242,0.989917,1.042732,0.990782,1.038362
7.755230,1.027198,0.982959,0.972013,0.964431,0.975978,0.978963,0.971273,0.971674,1.020838,0.987271,0.983474,0.971511,0.982839,0.975262,0.971619,0.984965,0.982290,0.977475,1.016462,0.961687,0.982446,0.997706,0.989839,0.990487,1.015692,0.998958,0.982525,0.998827,1.001726,0.928216,0.949210,0.959659,0.978234,0.988186,1.001157,0.989839,1.042755,0.990755,1.038337
7.763560,1.027183,0.982965,0.971983,0.964373,0.975910,0.978892,0.971206,0.971610,1.020797,0.987196,0.983401,0.971439,0.982767,0.975195,0.971549,0.984892,0.982236,0.977430,1.016359,0.961563,0.982369,0.997624,0.989759,0.990415,1.015698,0.998931,0.982486,0.998799,1.001695,0.928281,0.949107,0.959573,0.978148,0.988022,1.001069,0.989759,1.042775,0.990722,1.038311
7.771890,1.027167,0.982968,0.971950,0.964313,0.975840,0.978819,0.971139,0.971545,1.020756,0.987120,0.983326,0.971364,0.982693,0.975125,0.971476,0.984817,0.982178,0.977381,1.016254,0.961435,0.982289,0.997538,0.989675,0.990339,1.015701,0.998901,0.982444,0.998765,1.001659,0.928344,0.949003,0.959486,0.978060,0.987855,1.000979,0.989675,1.042793,0.990685,1.038286
7.780220,1.027150,0.982969,0.971914,0.964252,0.975769,0.978744,0.971069,0.971478,1.020714,0.987042,0.983249,0.971288,0.982616,0.975054,0.971401,0.984739,0.982118,0.977330,1.016145,0.961305,0.982207,0.997450,0.989589,0.990261,1.015701,0.998867,0.982398,0.998728,1.001619,0.928404,0.948898,0.959398,0.977969,0.987685,1.000886,0.989589,1.042808,0.990643,1.038260
7.788550,1.027132,0.982967,0.971876,0.964188,0.975696,0.978668,0.970999,0.971409,1.020671,0.986962,0.983170,0.971210,0.982538,0.974981,0.971323,0.984658,0.982055,0.977277,1.016034,0.961171,0.982122,0.997360,0.989501,0.990180,1.015699,0.998830,0.982349,0.998686,1.001574,0.928462,0.948791,0.959308,0.977875,0.987513,1.000791,0.989501,1.042820,0.990596,1.038235
7.796880,1.027112,0.982962,0.971835,0.964122,0.975621,0.978591,0.970926,0.971340,1.020628,0.986880,0.983090,0.971130,0.982458,0.974905,0.971242,0.984575,0.981989,0.977221,1.015920,0.961036,0.982034,0.997267,0.989409,0.990096,1.015694,0.998790,0.982297,0.998640,1.001524,0.928516,0.948683,0.959217,0.977779,0.987337,1.000694,0.989409,1.042830,0.990545,1.038210
7.805210,1.027092,0.982955,0.971792,0.964054,0.975545,0.978512,0.970853,0.971268,1.020585,0.986797,0.983008,0.971048,0.982377,0.974828,0.971160,0.984489,0.981920,0.977162,1.015803,0.960897,0.981944,0.997171,0.989316,0.990009,1.015687,0.998746,0.982243,0.998590,1.001470,0.928569,0.948574,0.959125,0.977681,0.987159,1.000594,0.989316,1.042837,0.990490,1.038185
7.813540,1.027071,0.982946,0.971747,0.963984,0.975467,0.978431,0.970778,0.971196,1.020541,0.986712,0.982925,0.970965,0.982294,0.974748,0.971075,0.984401,0.981849,0.977100,1.015684,0.960756,0.981851,0.997073,0.989219,0.989921,1.015678,0.998699,0.982185,0.998536,1.001412,0.928618,0.948464,0.959031,0.977580,0.986978,1.000491,0.989219,1.042843,0.990430,1.038160
7.821870,1.027049,0.982934,0.971699,0.963913,0.975387,0.978349,0.970701,0.971122,1.020497,0.986625,0.982840,0.970881,0.982209,0.974667,0.970987,0.984310,0.981775,0.977037,1.015562,0.960612,0.981755,0.996972,0.989121,0.989829,1.015666,0.998649,0.982125,0.998477,1.001350,0.928665,0.948353,0.958937,0.977477,0.986795,1.000387,0.989121,1.042845,0.990366,1.038135
7.830200,1.027026,0.982920,0.971649,0.963839,0.975307,0.978266,0.970624,0.971047,1.020452,0.986538,0.982754,0.970794,0.982123,0.974584,0.970897,0.984216,0.981699,0.976971,1.015438,0.960466,0.981658,0.996869,0.989019,0.989735,1.015651,0.998596,0.982061,0.998415,1.001284,0.928710,0.948241,0.958841,0.977372,0.986610,1.000280,0.989019,1.042846,0.990298,1.038110
7.838530,1.027002,0.982904,0.971597,0.963764,0.975225,0.978181,0.970545,0.970971,1.020407,0.986448,0.982666,0.970707,0.982035,0.974500,0.970806,0.984121,0.981621,0.976902,1.015311,0.960318,0.981558,0.996764,0.988916,0.989639,1.015635,0.998540,0.981995,0.998349,1.001214,0.928752,0.948128,0.958744,0.977264,0.986422,1.000171,0.988916,1.042844,0.990226,1.038086
7.846860,1.026977,0.982885,0.971543,0.963688,0.975142,0.978095,0.970465,0.970893,1.020362,0.986358,0.982577,0.970618,0.981945,0.974413,0.970712,0.984023,0.981540,0.976832,1.015182,0.960167,0.981456,0.996656,0.988810,0.989541,1.015616,0.998480,0.981926,0.998279,1.001140,0.928792,0.948015,0.958646,0.977155,0.986233,1.000060,0.988810,1.042840,0.990150,1.038062
7.855190,1.026952,0.982864,0.971487,0.963610,0.975057,0.978008,0.970384,0.970815,1.020317,0.986266,0.982487,0.970527,0.981855,0.974325,0.970616,0.983923,0.981457,0.976759,1.015051,0.960014,0.981352,0.996547,0.988702,0.989440,1.015594,0.998418,0.981855,0.998205,1.001062,0.928829,0.947902,0.958548,0.977044,0.986041,0.999947,0.988702,1.042833,0.990069,1.038037
7.863520,1.026925,0.982841,0.971429,0.963530,0.974972,0.977920,0.970302,0.970736,1.020271,0.986173,0.982395,0.970436,0.981763,0.974236,0.970518,0.983820,0.981371,0.976684,1.014917,0.959859,0.981245,0.996435,0.988593,0.989337,1.015571,0.998354,0.981781,0.998128,1.000980,0.928864,0.947787,0.958448,0.976930,0.985847,0.999833,0.988593,1.042825,0.989985,1.038013
7.871850,1.026898,0.982816,0.971369,0.963449,0.974885,0.977831,0.970219,0.970656,1.020226,0.986078,0.982303,0.970343,0.981669,0.974145,0.970418,0.983716,0.981284,0.976607,1.014782,0.959702,0.981137,0.996321,0.988481,0.989232,1.015546,0.998286,0.981705,0.998047,1.000894,0.928897,0.947673,0.958347,0.976815,0.985651,0.999716,0.988481,1.042814,0.989898,1.037990
7.880180,1.026870,0.982789,0.971307,0.963366,0.974798,0.977741,0.970135,0.970575,1.020180,0.985983,0.982209,0.970249,0.981575,0.974053,0.970316,0.983610,0.981194,0.976528,1.014644,0.959544,0.981026,0.996206,0.988367,0.989125,1.015518,0.998216,0.981626,0.997963,1.000805,0.928927,0.947558,0.958245,0.976699,0.985454,0.999598,0.988367,1.042801,0.989806,1.037966
7.888510,1.026841,0.982759,0.971243,0.963282,0.974709,0.977650,0.970051,0.970493,1.020134,0.985886,0.982114,0.970154,0.981479,0.973959,0.970212,0.983501,0.981103,0.976447,1.014505,0.959383,0.980914,0.996088,0.988251,0.989016,1.015489,0.998143,0.981545,0.997876,1.000713,0.928955,0.947443,0.958143,0.976580,0.985255,0.999477,0.988251,1.042786,0.989711,1.037943
7.896840,1.026812,0.982728,0.971178,0.963197,0.974620,0.977558,0.969965,0.970411,1.020088,0.985789,0.982019,0.970058,0.981383,0.973864,0.970107,0.983391,0.981009,0.976364,1.014364,0.959221,0.980800,0.995969,0.988133,0.988905,1.015458,0.998067,0.981462,0.997785,1.000617,0.928981,0.947329,0.958040,0.976460,0.985054,0.999355,0.988133,1.042770,0.989613,1.037920
7.905170,1.026781,0.982695,0.971110,0.963110,0.974529,0.977465,0.969879,0.970327,1.020042,0.985690,0.981922,0.969961,0.981285,0.973768,0.970000,0.983279,0.980914,0.976279,1.014221,0.959056,0.980684,0.995848,0.988014,0.988793,1.015424,0.997990,0.981377,0.997691,1.000518,0.929005,0.947214,0.957936,0.976338,0.984852,0.999232,0.988014,1.042751,0.989511,1.037897
7.913500,1.026751,0.982660,0.971041,0.963023,0.974438,0.977372,0.969792,0.970244,1.019996,0.985591,0.981825,0.969863,0.981186,0.973670,0.969892,0.983166,0.980816,0.976193,1.014076,0.958891,0.980567,0.995725,0.987893,0.988678,1.015389,0.997909,0.981289,0.997593,1.000415,0.929026,0.947099,0.957831,0.976215,0.984648,0.999107,0.987893,1.042730,0.989406,1.037874
7.921830,1.026719,0.982623,0.970971,0.962934,0.974347,0.977278,0.969705,0.970159,1.019951,0.985491,0.981727,0.969765,0.981087,0.973572,0.969782,0.983050,0.980717,0.976105,1.013929,0.958724,0.980447,0.995601,0.987770,0.988562,1.015352,0.997827,0.981200,0.997493,1.000309,0.929045,0.946984,0.957726,0.976091,0.984444,0.998980,0.987770,1.042708,0.989297,1.037852
7.930160,1.026687,0.982584,0.970899,0.962844,0.974254,0.977183,0.969617,0.970074,1.019905,0.985390,0.981628,0.969665,0.980986,0.973472,0.969670,0.982933,0.980617,0.976015,1.013782,0.958555,0.980327,0.995475,0.987645,0.988444,1.015313,0.997742,0.981108,0.997390,1.000201,0.929062,0.946870,0.957620,0.975965,0.984237,0.998852,0.987645,1.042683,0.989186,1.037830
7.938490,1.026654,0.982543,0.970826,0.962753,0.974161,0.977088,0.969529,0.969989,1.019859,0.985289,0.981529,0.969565,0.980885,0.973372,0.969557,0.982815,0.980514,0.975924,1.013632,0.958385,0.980205,0.995347,0.987520,0.988325,1.015273,0.997655,0.981015,0.997284,1.000089,0.929077,0.946756,0.957513,0.975838,0.984030,0.998723,0.987520,1.042657,0.989071,1.037808
7.946820,1.026620,0.982501,0.970751,0.962662,0.974068,0.976993,0.969440,0.969903,1.019814,0.985186,0.981429,0.969464,0.980783,0.973270,0.969443,0.982695,0.980411,0.975831,1.013481,0.958214,0.980081,0.995218,0.987392,0.988204,1.015230,0.997566,0.980919,0.997175,0.999974,0.929089,0.946642,0.957406,0.975709,0.983822,0.998592,0.987392,1.042629,0.988954,1.037786
7.955150,1.026586,0.982457,0.970674,0.962569,0.973974,0.976897,0.969351,0.969817,1.019768,0.985083,0.981328,0.969363,0.980680,0.973168,0.969328,0.982574,0.980305,0.975736,1.013329,0.958041,0.979956,0.995088,0.987264,0.988082,1.015186,0.997474,0.980822,0.997063,0.999857,0.929100,0.946529,0.957298,0.975579,0.983613,0.998461,0.987264,1.042600,0.988833,1.037765
7.963480,1.026552,0.982411,0.970597,0.962476,0.973880,0.976801,0.969261,0.969731,1.019723,0.984980,0.981227,0.969261,0.980577,0.973065,0.969211,0.982451,0.980198,0.975641,1.013176,0.957868,0.979829,0.994957,0.987134,0.987959,1.015141,0.997381,0.980723,0.996949,0.999737,0.929109,0.946417,0.957190,0.975449,0.983403,0.998328,0.987134,1.042568,0.988710,1.037744
7.971810,1.026516,0.982364,0.970518,0.962381,0.973785,0.976704,0.969172,0.969644,1.019678,0.984876,0.981125,0.969158,0.980473,0.972961,0.969093,0.982327,0.980090,0.975544,1.013021,0.957693,0.979702,0.994824,0.987002,0.987834,1.015094,0.997286,0.980622,0.996832,0.999614,0.929115,0.946305,0.957082,0.975317,0.983192,0.998193,0.987002,1.042535,0.988584,1.037723
7.980140,1.026480,0.982315,0.970438,0.962286,0.973690,0.976607,0.969082,0.969557,1.019633,0.984771,0.981023,0.969055,0.980368,0.972856,0.968974,0.982202,0.979980,0.975445,1.012866,0.957518,0.979573,0.994690,0.986870,0.987708,1.015045,0.997189,0.980520,0.996713,0.999488,0.929120,0.946194,0.956973,0.975184,0.982981,0.998058,0.986870,1.042501,0.988456,1.037703
7.988470,1.026444,0.982265,0.970356,0.962191,0.973594,0.976510,0.968991,0.969470,1.019589,0.984666,0.980921,0.968951,0.980263,0.972750,0.968854,0.982076,0.979870,0.975346,1.012709,0.957341,0.979443,0.994555,0.986736,0.987580,1.014995,0.997090,0.980416,0.996591,0.999360,0.929122,0.946083,0.956863,0.975051,0.982768,0.997922,0.986736,1.042465,0.988324,1.037683
7.996800,1.026407,0.982213,0.970274,0.962094,0.973499,0.976412,0.968901,0.969383,1.019544,0.984561,0.980818,0.968847,0.980158,0.972644,0.968733,0.981948,0.979757,0.975245,1.012552,0.957164,0.979312,0.994419,0.986601,0.987452,1.014944,0.996989,0.980311,0.996467,0.999230,0.929123,0.945973,0.956754,0.974916,0.982556,0.997785,0.986601,1.042427,0.988191,1.037663
8.005130,1.026370,0.982160,0.970190,0.961997,0.973403,0.976315,0.968810,0.969295,1.019501,0.984455,0.980715,0.968743,0.980052,0.972538,0.968611,0.981819,0.979644,0.975143,1.012393,0.956986,0.979180,0.994282,0.986466,0.987322,1.014891,0.996887,0.980204,0.996341,0.999097,0.929121,0.945864,0.956644,0.974781,0.982343,0.997646,0.986466,1.042388,0.988055,1.037644
8.013460,1.026332,0.982105,0.970105,0.961900,0.973307,0.976217,0.968720,0.969208,1.019457,0.984349,0.980612,0.968638,0.979946,0.972430,0.968488,0.981690,0.979530,0.975040,1.012234,0.956807,0.979046,0.994143,0.986329,0.987192,1.014836,0.996782,0.980096,0.996212,0.998962,0.929118,0.945756,0.956533,0.974645,0.982129,0.997507,0.986329,1.042347,0.987917,1.037625
8.021790,1.026294,0.982048,0.970020,0.961802,0.973210,0.976119,0.968629,0.969121,1.019414,0.984243,0.980508,0.968533,0.979839,0.972322,0.968364,0.981559,0.979414,0.974936,1.012073,0.956628,0.978912,0.994004,0.986191,0.987060,1.014781,0.996677,0.979987,0.996082,0.998825,0.929113,0.945649,0.956423,0.974509,0.981916,0.997368,0.986191,1.042305,0.987776,1.037606
8.030120,1.026255,0.981991,0.969933,0.961703,0.973114,0.976021,0.968538,0.969033,1.019371,0.984137,0.980405,0.968428,0.979732,0.972214,0.968239,0.981428,0.979298,0.974830,1.011912,0.956448,0.978777,0.993864,0.986052,0.986927,1.014723,0.996570,0.979876,0.995949,0.998686,0.929106,0.945542,0.956312,0.974371,0.981702,0.997227,0.986052,1.042262,0.987634,1.037587
8.038450,1.026215,0.981932,0.969845,0.961604,0.973018,0.975923,0.968448,0.968945,1.019328,0.984030,0.980301,0.968323,0.979625,0.972105,0.968114,0.981296,0.979180,0.974724,1.011751,0.956268,0.978641,0.993724,0.985913,0.986794,1.014665,0.996461,0.979764,0.995814,0.998544,0.929097,0.945436,0.956201,0.974233,0.981488,0.997086,0.985913,1.042217,0.987489,1.037569
8.046780,1.026176,0.981871,0.969756,0.961505,0.972921,0.975825,0.968357,0.968858,1.019286,0.983923,0.980197,0.968217,0.979517,0.971996,0.967987,0.981162,0.979061,0.974617,1.011588,0.956087,0.978505,0.993582,0.985773,0.986660,1.014606,0.996351,0.979650,0.995678,0.998401,0.929086,0.945332,0.956089,0.974095,0.981274,0.996944,0.985773,1.042170,0.987342,1.037551
8.055110,1.026135,0.981810,0.969667,0.961405,0.972824,0.975727,0.968266,0.968770,1.019244,0.983816,0.980092,0.968111,0.979409,0.971886,0.967861,0.981028,0.978942,0.974509,1.011426,0.955905,0.978367,0.993440,0.985632,0.986524,1.014545,0.996239,0.979536,0.995539,0.998256,0.929073,0.945228,0.955978,0.973956,0.981059,0.996801,0.985632,1.042123,0.987194,1.037534
8.063440,1.026095,0.981747,0.969576,0.961304,0.972728,0.975629,0.968176,0.968683,1.019202,0.983708,0.979988,0.968005,0.979301,0.971776,0.967733,0.980894,0.978822,0.974400,1.011262,0.955724,0.978229,0.993297,0.985490,0.986389,1.014483,0.996126,0.979420,0.995399,0.998109,0.929059,0.945125,0.955866,0.973817,0.980845,0.996658,0.985490,1.042074,0.987043,1.037517
8.071770,1.026054,0.981683,0.969485,0.961204,0.972631,0.975532,0.968085,0.968596,1.019161,0.983601,0.979884,0.967899,0.979193,0.971666,0.967605,0.980758,0.978700,0.974290,1.011098,0.955542,0.978090,0.993153,0.985347,0.986252,1.014419,0.996012,0.979303,0.995257,0.997960,0.929042,0.945023,0.955754,0.973677,0.980631,0.996514,0.985347,1.042024,0.986891,1.037500
8.080100,1.026012,0.981617,0.969393,0.961103,0.972534,0.975434,0.967994,0.968509,1.019120,0.983493,0.979779,0.967793,0.979085,0.971555,0.967476,0.980622,0.978578,0.974180,1.010934,0.955360,0.977951,0.993009,0.985204,0.986115,1.014355,0.995896,0.979186,0.995114,0.997809,0.929024,0.944922,0.955643,0.973537,0.980418,0.996370,0.985204,1.041972,0.986737,1.037484
8.088430,1.025970,0.981551,0.969300,0.961001,0.972438,0.975336,0.967904,0.968421,1.019080,0.983385,0.979675,0.967686,0.978976,0.971444,0.967347,0.980486,0.978456,0.974068,1.010769,0.955178,0.977811,0.992864,0.985061,0.985977,1.014290,0.995780,0.979067,0.994968,0.997657,0.929004,0.944822,0.955530,0.973397,0.980204,0.996225,0.985061,1.041919,0.986581,1.037468
8.096760,1.025928,0.981483,0.969206,0.960900,0.972341,0.975238,0.967814,0.968334,1.019040,0.983278,0.979570,0.967580,0.978867,0.971333,0.967217,0.980348,0.978332,0.973956,1.010604,0.954996,0.977670,0.992718,0.984916,0.985838,1.014223,0.995662,0.978947,0.994822,0.997503,0.928982,0.944723,0.955418,0.973256,0.979991,0.996080,0.984916,1.041866,0.986424,1.037452
8.105090,1.025885,0.981414,0.969112,0.960798,0.972245,0.975141,0.967723,0.968248,1.019000,0.983170,0.979466,0.967473,0.978759,0.971221,0.967086,0.980210,0.978208,0.973843,1.010439,0.954813,0.977529,0.992572,0.984772,0.985699,1.014155,0.995543,0.978826,0.994673,0.997348,0.928959,0.944625,0.955306,0.973115,0.979778,0.995935,0.984772,1.041810,0.986266,1.037436
8.113420,1.025842,0.981343,0.969016,0.960696,0.972148,0.975043,0.967633,0.968161,1.018961,0.983062,0.979361,0.967367,0.978650,0.971110,0.966956,0.980072,0.978083,0.973729,1.010274,0.954631,0.977387,0.992426,0.984626,0.985559,1.014087,0.995422,0.978705,0.994524,0.997192,0.928934,0.944528,0.955194,0.972974,0.979566,0.995789,0.984626,1.041754,0.986106,1.037421
8.121750,1.025798,0.981272,0.968920,0.960593,0.972052,0.974946,0.967543,0.968074,1.018922,0.982954,0.979257,0.967260,0.978541,0.970997,0.966824,0.979933,0.977958,0.973615,1.010108,0.954449,0.977245,0.992279,0.984481,0.985419,1.014017,0.995301,0.978582,0.994373,0.997033,0.928907,0.944432,0.955081,0.972833,0.979354,0.995642,0.984481,1.041697,0.985944,1.037407
8.130080,1.025755,0.981199,0.968824,0.960490,0.971955,0.974849,0.967454,0.967988,1.018884,0.982846,0.979152,0.967153,0.978431,0.970885,0.966693,0.979794,0.977831,0.973500,1.009942,0.954266,0.977103,0.992132,0.984334,0.985278,1.013946,0.995179,0.978459,0.994220,0.996874,0.928878,0.944336,0.954969,0.972692,0.979142,0.995496,0.984334,1.041638,0.985781,1.037392
8.138410,1.025710,0.981126,0.968726,0.960387,0.971859,0.974751,0.967364,0.967901,1.018846,0.982738,0.979047,0.967046,0.978322,0.970773,0.966560,0.979654,0.977705,0.973385,1.009776,0.954084,0.976960,0.991984,0.984188,0.985137,1.013874,0.995055,0.978335,0.994067,0.996713,0.928848,0.944242,0.954857,0.972550,0.978931,0.995349,0.984188,1.041578,0.985617,1.037378
8.146740,1.025666,0.981051,0.968628,0.960284,0.971763,0.974654,0.967274,0.967815,1.018808,0.982629,0.978943,0.966940,0.978213,0.970660,0.966428,0.979514,0.977577,0.973269,1.009610,0.953902,0.976816,0.991836,0.984041,0.984995,1.013801,0.994931,0.978210,0.993912,0.996551,0.928815,0.944148,0.954744,0.972409,0.978721,0.995202,0.984041,1.041518,0.985452,1.037364
8.155070,1.025621,0.980975,0.968529,0.960181,0.971667,0.974558,0.967185,0.967729,1.018771,0.982521,0.978838,0.966833,0.978103,0.970547,0.966295,0.979373,0.977449,0.973152,1.009444,0.953721,0.976672,0.991688,0.983894,0.984853,1.013727,0.994806,0.978084,0.993756,0.996388,0.928782,0.944055,0.954631,0.972267,0.978512,0.995055,0.983894,1.041456,0.985286,1.037351
8.163400,1.025575,0.980898,0.968430,0.960077,0.971571,0.974461,0.967096,0.967643,1.018734,0.982413,0.978734,0.966726,0.977994,0.970434,0.966162,0.979232,0.977321,0.973034,1.009277,0.953539,0.976528,0.991539,0.983746,0.984711,1.013652,0.994680,0.977958,0.993599,0.996224,0.928746,0.943963,0.954519,0.972126,0.978303,0.994907,0.983746,1.041393,0.985118,1.037338
8.171730,1.025529,0.980820,0.968330,0.959973,0.971474,0.974364,0.967006,0.967558,1.018698,0.982305,0.978629,0.966619,0.977884,0.970321,0.966028,0.979091,0.977192,0.972916,1.009111,0.953358,0.976384,0.991390,0.983598,0.984568,1.013577,0.994553,0.977831,0.993440,0.996058,0.928709,0.943871,0.954406,0.971984,0.978094,0.994759,0.983598,1.041329,0.984950,1.037325
8.180060,1.025483,0.980741,0.968229,0.959869,0.971378,0.974267,0.966917,0.967472,1.018662,0.982197,0.978525,0.966512,0.977775,0.970208,0.965895,0.978949,0.977063,0.972798,1.008945,0.953177,0.976239,0.991241,0.983450,0.984425,1.013500,0.994425,0.977703,0.993281,0.995892,0.928670,0.943781,0.954293,0.971843,0.977887,0.994612,0.983450,1.041264,0.984780,1.037312
8.188390,1.025437,0.980661,0.968128,0.959765,0.971283,0.974171,0.966828,0.967386,1.018626,0.982088,0.978420,0.966405,0.977665,0.970094,0.965761,0.978807,0.976933,0.972679,1.008779,0.952996,0.976094,0.991092,0.983301,0.984282,1.013422,0.994296,0.977575,0.993121,0.995725,0.928629,0.943690,0.954181,0.971701,0.977680,0.994464,0.983301,1.041197,0.984610,1.037300
8.196720,1.025390,0.980580,0.968026,0.959661,0.971187,0.974074,0.966740,0.967301,1.018590,0.981980,0.978316,0.966298,0.977555,0.969980,0.965626,0.978665,0.976803,0.972559,1.008613,0.952816,0.975949,0.990942,0.983153,0.984138,1.013344,0.994167,0.977446,0.992960,0.995556,0.928587,0.943601,0.954068,0.971560,0.977474,0.994316,0.983153,1.041130,0.984439,1.037288
8.205050,1.025343,0.980498,0.967923,0.959556,0.971091,0.973978,0.966651,0.967216,1.018555,0.981872,0.978212,0.966191,0.977446,0.969866,0.965492,0.978522,0.976672,0.972439,1.008447,0.952636,0.975803,0.990792,0.983004,0.983994,1.013264,0.994036,0.977316,0.992797,0.995387,0.928543,0.943512,0.953955,0.971419,0.977270,0.994167,0.983004,1.041062,0.984267,1.037277
8.213380,1.025295,0.980414,0.967820,0.959451,0.970995,0.973882,0.966562,0.967131,1.018520,0.981764,0.978107,0.966084,0.977336,0.969752,0.965357,0.978380,0.976541,0.972319,1.008281,0.952457,0.975657,0.990642,0.982854,0.983850,1.013184,0.993905,0.977186,0.992634,0.995217,0.928498,0.943424,0.953843,0.971278,0.977065,0.994019,0.982854,1.040993,0.984094,1.037266
8.221710,1.025248,0.980330,0.967717,0.959346,0.970899,0.973785,0.966474,0.967045,1.018486,0.981655,0.978003,0.965977,0.977226,0.969638,0.965222,0.978237,0.976409,0.972198,1.008115,0.952277,0.975512,0.990492,0.982705,0.983705,1.013102,0.993773,0.977055,0.992470,0.995046,0.928451,0.943336,0.953730,0.971137,0.976862,0.993871,0.982705,1.040923,0.983920,1.037255
8.230040,1.025199,0.980245,0.967612,0.959241,0.970803,0.973689,0.966385,0.966960,1.018452,0.981547,0.977898,0.965870,0.977116,0.969524,0.965086,0.978093,0.976277,0.972077,1.007950,0.952099,0.975365,0.990342,0.982556,0.983561,1.013020,0.993641,0.976923,0.992306,0.994874,0.928402,0.943249,0.953617,0.970996,0.976660,0.993723,0.982556,1.040852,0.983746,1.037244
8.238370,1.025151,0.980159,0.967507,0.959135,0.970707,0.973593,0.966297,0.966875,1.018418,0.981438,0.977794,0.965763,0.977006,0.969409,0.964951,0.977950,0.976145,0.971955,1.007784,0.951921,0.975219,0.990191,0.982406,0.983416,1.012937,0.993508,0.976791,0.992140,0.994702,0.928352,0.943162,0.953504,0.970856,0.976459,0.993574,0.982406,1.040779,0.983571,1.037233
8.246700,1.025102,0.980072,0.967402,0.959029,0.970612,0.973497,0.966208,0.966791,1.018384,0.981330,0.977689,0.965655,0.976896,0.969294,0.964815,0.977806,0.976012,0.971832,1.007619,0.951743,0.975073,0.990041,0.982256,0.983270,1.012853,0.993374,0.976659,0.991974,0.994528,0.928300,0.943076,0.953391,0.970715,0.976259,0.993426,0.982256,1.040706,0.983395,1.037223
8.255030,1.025053,0.979983,0.967296,0.958923,0.970516,0.973400,0.966120,0.966706,1.018351,0.981221,0.977584,0.965548,0.976785,0.969180,0.964679,0.977662,0.975879,0.971709,1.007454,0.951566,0.974926,0.989890,0.982106,0.983125,1.012769,0.993239,0.976526,0.991807,0.994355,0.928246,0.942990,0.953279,0.970575,0.976060,0.993278,0.982106,1.040632,0.983219,1.037214
8.263360,1.025003,0.979894,0.967189,0.958817,0.970420,0.973304,0.966031,0.966621,1.018318,0.981112,0.977480,0.965441,0.976675,0.969065,0.964543,0.977518,0.975745,0.971586,1.007290,0.951390,0.974779,0.989739,0.981956,0.982980,1.012683,0.993104,0.976392,0.991640,0.994180,0.928191,0.942904,0.953166,0.970435,0.975862,0.993129,0.981956,1.040557,0.983042,1.037204
8.271690,1.024953,0.979804,0.967082,0.958711,0.970324,0.973208,0.965943,0.966536,1.018285,0.981004,0.977375,0.965333,0.976564,0.968949,0.964407,0.977374,0.975611,0.971462,1.007125,0.951214,0.974632,0.989588,0.981806,0.982834,1.012596,0.992968,0.976258,0.991471,0.994005,0.928135,0.942819,0.953053,0.970296,0.975665,0.992981,0.981806,1.040481,0.982865,1.037195
8.280020,1.024903,0.979713,0.966974,0.958604,0.970228,0.973112,0.965855,0.966451,1.018252,0.980895,0.977270,0.965226,0.976454,0.968834,0.964270,0.977230,0.975477,0.971338,1.006961,0.951039,0.974485,0.989437,0.981656,0.982688,1.012509,0.992832,0.976124,0.991302,0.993829,0.928076,0.942734,0.952940,0.970156,0.975469,0.992833,0.981656,1.040404,0.982687,1.037186
8.288350,1.024853,0.979621,0.966866,0.958497,0.970132,0.973015,0.965766,0.966366,1.018220,0.980786,0.977165,0.965118,0.976343,0.968719,0.964133,0.977086,0.975343,0.971214,1.006797,0.950864,0.974338,0.989286,0.981506,0.982542,1.012421,0.992695,0.975989,0.991133,0.993653,0.928017,0.942649,0.952827,0.970017,0.975274,0.992685,0.981506,1.040326,0.982509,1.037177
8.296680,1.024802,0.979528,0.966757,0.958390,0.970036,0.972919,0.965678,0.966282,1.018188,0.980677,0.977060,0.965010,0.976232,0.968603,0.963997,0.976941,0.975208,0.971089,1.006634,0.950690,0.974191,0.989136,0.981355,0.982396,1.012332,0.992557,0.975853,0.990963,0.993476,0.927955,0.942564,0.952714,0.969878,0.975080,0.992537,0.981355,1.040248,0.982331,1.037168
8.305010,1.024751,0.979434,0.966647,0.958283,0.969939,0.972823,0.965589,0.966197,1.018156,0.980568,0.976955,0.964902,0.976121,0.968487,0.963860,0.976796,0.975073,0.970963,1.006470,0.950516,0.974044,0.988985,0.981205,0.982250,1.012242,0.992419,0.975717,0.990792,0.993299,0.927892,0.942479,0.952601,0.969740,0.974888,0.992389,0.981205,1.040168,0.982152,1.037160
8.313340,1.024699,0.979339,0.966537,0.958175,0.969843,0.972726,0.965501,0.966112,1.018124,0.980459,0.976850,0.964794,0.976010,0.968371,0.963722,0.976651,0.974938,0.970838,1.006308,0.950344,0.973897,0.988834,0.981055,0.982103,1.012152,0.992280,0.975581,0.990621,0.993121,0.927828,0.942395,0.952488,0.969601,0.974696,0.992241,0.981055,1.040088,0.981973,1.037152
8.321670,1.024647,0.979243,0.966427,0.958067,0.969747,0.972630,0.965412,0.966027,1.018092,0.980349,0.976745,0.964686,0.975899,0.968255,0.963585,0.976507,0.974802,0.970712,1.006145,0.950172,0.973749,0.988683,0.980904,0.981957,1.012060,0.992141,0.975444,0.990450,0.992943,0.927762,0.942310,0.952374,0.969463,0.974506,0.992093,0.980904,1.040006,0.981793,1.037144
8.330000,1.024595,0.979147,0.966316,0.957959,0.969650,0.972533,0.965323,0.965942,1.018060,0.980240,0.976640,0.964578,0.975788,0.968138,0.963448,0.976362,0.974666,0.970585,1.005983,0.950000,0.973602,0.988532,0.980754,0.981811,1.011968,0.992001,0.975307,0.990278,0.992765,0.927694,0.942226,0.952261,0.969326,0.974317,0.991946,0.980754,1.039924,0.981614,1.037137
8.338330,1.024543,0.979049,0.966204,0.957851,0.969553,0.972436,0.965235,0.965857,1.018029,0.980130,0.976534,0.964470,0.975676,0.968022,0.963310,0.976216,0.974530,0.970458,1.005821,0.949829,0.973454,0.988381,0.980603,0.981664,1.011875,0.991861,0.975170,0.990105,0.992586,0.927626,0.942141,0.952148,0.969189,0.974129,0.991798,0.980603,1.039841,0.981434,1.037129
8.346660,1.024490,0.978951,0.966092,0.957742,0.969457,0.972339,0.965146,0.965771,1.017998,0.980021,0.976429,0.964361,0.975565,0.967905,0.963173,0.976071,0.974394,0.970331,1.005659,0.949660,0.973307,0.988230,0.980453,0.981517,1.011782,0.991720,0.975032,0.989932,0.992407,0.927555,0.942057,0.952035,0.969052,0.973943,0.991651,0.980453,1.039756,0.981254,1.037122
8.354990,1.024437,0.978851,0.965979,0.957633,0.969360,0.972242,0.965057,0.965686,1.017966,0.979911,0.976323,0.964253,0.975453,0.967788,0.963035,0.975926,0.974257,0.970204,1.005498,0.949490,0.973160,0.988079,0.980303,0.981371,1.011687,0.991579,0.974893,0.989759,0.992227,0.927483,0.941973,0.951922,0.968915,0.973757,0.991504,0.980303,1.039672,0.981073,1.037115
8.363320,1.024384,0.978751,0.965866,0.957524,0.969262,0.972145,0.964967,0.965601,1.017935,0.979801,0.976217,0.964144,0.975341,0.967671,0.962897,0.975781,0.974120,0.970076,1.005338,0.949322,0.973012,0.987928,0.980152,0.981224,1.011592,0.991437,0.974755,0.989585,0.992047,0.927410,0.941888,0.951808,0.968779,0.973573,0.991357,0.980152,1.039586,0.980893,1.037109
8.371650,1.024331,0.978650,0.965752,0.957415,0.969165,0.972047,0.964878,0.965515,1.017904,0.979691,0.976111,0.964035,0.975229,0.967554,0.962759,0.975636,0.973983,0.969947,1.005178,0.949154,0.972865,0.987777,0.980002,0.981077,1.011496,0.991295,0.974616,0.989412,0.991867,0.927335,0.941803,0.951695,0.968643,0.973390,0.991210,0.980002,1.039499,0.980712,1.037102
8.379980,1.024277,0.978548,0.965638,0.957305,0.969068,0.971950,0.964789,0.965429,1.017874,0.979581,0.976005,0.963926,0.975117,0.967436,0.962621,0.975490,0.973846,0.969819,1.005018,0.948987,0.972717,0.987627,0.979852,0.980930,1.011399,0.991153,0.974476,0.989237,0.991687,0.927259,0.941719,0.951582,0.968508,0.973208,0.991063,0.979852,1.039412,0.980532,1.037096
8.388310,1.024223,0.978446,0.965523,0.957195,0.968970,0.971852,0.964699,0.965344,1.017843,0.979470,0.975898,0.963817,0.975004,0.967319,0.962483,0.975345,0.973708,0.969690,1.004858,0.948821,0.972570,0.987476,0.979701,0.980784,1.011302,0.991010,0.974337,0.989063,0.991506,0.927181,0.941634,0.951468,0.968373,0.973028,0.990917,0.979701,1.039323,0.980351,1.037090
8.396640,1.024169,0.978342,0.965408,0.957085,0.968872,0.971754,0.964610,0.965258,1.017812,0.979360,0.975792,0.963707,0.974892,0.967201,0.962345,0.975200,0.973570,0.969561,1.004700,0.948655,0.972423,0.987326,0.979551,0.980637,1.011204,0.990866,0.974197,0.988888,0.991325,0.927102,0.941549,0.951355,0.968238,0.972849,0.990770,0.979551,1.039234,0.980170,1.037084
8.404970,1.024114,0.978238,0.965292,0.956975,0.968774,0.971656,0.964520,0.965172,1.017781,0.979249,0.975685,0.963598,0.974779,0.967083,0.962207,0.975054,0.973432,0.969431,1.004541,0.948491,0.972275,0.987175,0.979401,0.980490,1.011105,0.990723,0.974057,0.988713,0.991144,0.927022,0.941463,0.951241,0.968104,0.972671,0.990624,0.979401,1.039144,0.979989,1.037079
8.413300,1.024060,0.978133,0.965176,0.956864,0.968676,0.971558,0.964430,0.965086,1.017751,0.979138,0.975579,0.963488,0.974667,0.966965,0.962068,0.974909,0.973294,0.969302,1.004383,0.948327,0.972128,0.987025,0.979251,0.980343,1.011006,0.990578,0.973916,0.988538,0.990963,0.926940,0.941378,0.951128,0.967970,0.972494,0.990479,0.979251,1.039054,0.979808,1.037073
8.421630,1.024005,0.978027,0.965059,0.956753,0.968578,0.971460,0.964340,0.964999,1.017720,0.979027,0.975472,0.963378,0.974554,0.966846,0.961930,0.974764,0.973156,0.969172,1.004226,0.948164,0.971981,0.986875,0.979102,0.980197,1.010905,0.990434,0.973775,0.988362,0.990782,0.926857,0.941292,0.951014,0.967837,0.972319,0.990333,0.979102,1.038962,0.979628,1.037068
8.429960,1.023950,0.977920,0.964942,0.956642,0.968479,0.971361,0.964250,0.964913,1.017689,0.978916,0.975365,0.963268,0.974441,0.966728,0.961792,0.974619,0.973018,0.969041,1.004069,0.948002,0.971834,0.986725,0.978952,0.980050,1.010805,0.990289,0.973635,0.988187,0.990601,0.926773,0.941207,0.950901,0.967704,0.972145,0.990188,0.978952,1.038870,0.979447,1.037063
8.438290,1.023894,0.977813,0.964825,0.956531,0.968381,0.971262,0.964159,0.964826,1.017659,0.978805,0.975258,0.963158,0.974327,0.966609,0.961654,0.974474,0.972879,0.968911,1.003912,0.947840,0.971687,0.986575,0.978803,0.979903,1.010703,0.990144,0.973493,0.988011,0.990419,0.926687,0.941121,0.950787,0.967572,0.971973,0.990043,0.978803,1.038777,0.979266,1.037058
8.446620,1.023839,0.977705,0.964707,0.956419,0.968282,0.971164,0.964069,0.964739,1.017628,0.978694,0.975150,0.963048,0.974214,0.966491,0.961515,0.974329,0.972741,0.968780,1.003757,0.947680,0.971541,0.986426,0.978653,0.979757,1.010601,0.989999,0.973352,0.987835,0.990238,0.926600,0.941034,0.950674,0.967440,0.971802,0.989898,0.978653,1.038684,0.979086,1.037054
8.454950,1.023783,0.977596,0.964588,0.956307,0.968183,0.971065,0.963978,0.964652,1.017598,0.978582,0.975043,0.962938,0.974101,0.966372,0.961377,0.974184,0.972602,0.968649,1.003601,0.947520,0.971394,0.986277,0.978504,0.979611,1.010498,0.989853,0.973210,0.987659,0.990056,0.926512,0.940948,0.950560,0.967308,0.971632,0.989754,0.978504,1.038589,0.978905,1.037049
8.463280,1.023727,0.977487,0.964470,0.956195,0.968084,0.970965,0.963887,0.964565,1.017567,0.978471,0.974935,0.962827,0.973987,0.966253,0.961239,0.974039,0.972463,0.968518,1.003447,0.947362,0.971248,0.986128,0.978355,0.979464,1.010395,0.989708,0.973069,0.987483,0.989875,0.926422,0.940861,0.950447,0.967177,0.971463,0.989610,0.978355,1.038494,0.978725,1.037045
8.471610,1.023671,0.977377,0.964351,0.956083,0.967984,0.970866,0.963796,0.964478,1.017537,0.978359,0.974828,0.962717,0.973874,0.966134,0.961101,0.973894,0.972325,0.968387,1.003293,0.947204,0.971101,0.985979,0.978207,0.979318,1.010291,0.989561,0.972927,0.987307,0.989693,0.926332,0.940775,0.950333,0.967047,0.971296,0.989466,0.978207,1.038398,0.978545,1.037041
8.479940,1.023615,0.977266,0.964231,0.955971,0.967885,0.970767,0.963705,0.964391,1.017507,0.978248,0.974720,0.962606,0.973760,0.966015,0.960963,0.973750,0.972186,0.968255,1.003139,0.947047,0.970955,0.985830,0.978058,0.979172,1.010186,0.989415,0.972785,0.987131,0.989512,0.926240,0.940688,0.950220,0.966917,0.971131,0.989323,0.978058,1.038302,0.978365,1.037037
8.488270,1.023559,0.977155,0.964111,0.955858,0.967786,0.970667,0.963614,0.964304,1.017476,0.978136,0.974612,0.962496,0.973646,0.965895,0.960825,0.973606,0.972047,0.968124,1.002986,0.946891,0.970810,0.985682,0.977910,0.979027,1.010081,0.989269,0.972642,0.986954,0.989331,0.926147,0.940601,0.950106,0.966788,0.970966,0.989180,0.977910,1.038205,0.978186,1.037033
8.496600,1.023503,0.977043,0.963991,0.955746,0.967686,0.970568,0.963523,0.964216,1.017446,0.978024,0.974504,0.962385,0.973532,0.965776,0.960687,0.973462,0.971908,0.967992,1.002834,0.946737,0.970664,0.985534,0.977763,0.978881,1.009976,0.989122,0.972500,0.986778,0.989149,0.926052,0.940513,0.949993,0.966659,0.970803,0.989037,0.977763,1.038107,0.978006,1.037030
8.504930,1.023447,0.976930,0.963871,0.955633,0.967586,0.970468,0.963431,0.964129,1.017415,0.977913,0.974396,0.962274,0.973419,0.965657,0.960549,0.973318,0.971770,0.967860,1.002682,0.946583,0.970519,0.985387,0.977615,0.978736,1.009870,0.988975,0.972358,0.986602,0.988968,0.925957,0.940426,0.949880,0.966531,0.970642,0.988895,0.977615,1.038009,0.977827,1.037027
8.513260,1.023390,0.976817,0.963750,0.955520,0.967487,0.970368,0.963340,0.964041,1.017385,0.977801,0.974289,0.962163,0.973305,0.965538,0.960411,0.973174,0.971631,0.967728,1.002532,0.946430,0.970374,0.985239,0.977468,0.978591,1.009763,0.988829,0.972216,0.986426,0.988787,0.925861,0.940338,0.949767,0.966403,0.970482,0.988753,0.977468,1.037910,0.977648,1.037024
8.521590,1.023334,0.976704,0.963629,0.955407,0.967387,0.970269,0.963248,0.963954,1.017355,0.977689,0.974181,0.962053,0.973191,0.965418,0.960274,0.973031,0.971492,0.967597,1.002381,0.946278,0.970230,0.985093,0.977321,0.978446,1.009656,0.988682,0.972073,0.986250,0.988607,0.925763,0.940251,0.949653,0.966276,0.970323,0.988612,0.977321,1.037810,0.977470,1.037021
8.529920,1.023277,0.976590,0.963508,0.955294,0.967287,0.970169,0.963157,0.963866,1.017324,0.977577,0.974073,0.961942,0.973077,0.965299,0.960137,0.972888,0.971354,0.967465,1.002232,0.946127,0.970085,0.984946,0.977175,0.978302,1.009548,0.988535,0.971931,0.986075,0.988426,0.925664,0.940163,0.949540,0.966150,0.970166,0.988471,0.977175,1.037710,0.977292,1.037018
8.538250,1.023221,0.976476,0.963387,0.955181,0.967187,0.970069,0.963065,0.963778,1.017294,0.977466,0.973965,0.961831,0.972963,0.965180,0.960000,0.972745,0.971216,0.967333,1.002083,0.945977,0.969941,0.984800,0.977029,0.978157,1.009441,0.988388,0.971788,0.985899,0.988246,0.925565,0.940075,0.949428,0.966024,0.970011,0.988331,0.977029,1.037610,0.977114,1.037016
8.546580,1.023164,0.976361,0.963266,0.955068,0.967087,0.969969,0.962974,0.963690,1.017264,0.977354,0.973857,0.961721,0.972850,0.965061,0.959863,0.972602,0.971077,0.967201,1.001936,0.945829,0.969798,0.984655,0.976883,0.978014,1.009332,0.988241,0.971646,0.985724,0.988066,0.925464,0.939988,0.949315,0.965899,0.969857,0.988191,0.976883,1.037508,0.976937,1.037013
8.554910,1.023108,0.976246,0.963144,0.954955,0.966987,0.969869,0.962882,0.963603,1.017234,0.977242,0.973749,0.961610,0.972736,0.964942,0.959727,0.972460,0.970939,0.967069,1.001788,0.945681,0.969655,0.984510,0.976738,0.977870,1.009224,0.988094,0.971504,0.985549,0.987886,0.925362,0.939900,0.949203,0.965775,0.969704,0.988052,0.976738,1.037407,0.976760,1.037011
8.563240,1.023051,0.976130,0.963022,0.954842,0.966887,0.969769,0.962791,0.963515,1.017204,0.977131,0.973641,0.961499,0.972623,0.964823,0.959591,0.972319,0.970802,0.966937,1.001642,0.945535,0.969512,0.984365,0.976593,0.977727,1.009114,0.987947,0.971362,0.985374,0.987707,0.925260,0.939812,0.949090,0.965651,0.969554,0.987913,0.976593,1.037305,0.976584,1.037009
8.571570,1.022995,0.976014,0.962901,0.954729,0.966788,0.969670,0.962700,0.963427,1.017174,0.977020,0.973534,0.961389,0.972509,0.964704,0.959455,0.972178,0.970664,0.966806,1.001497,0.945389,0.969370,0.984221,0.976449,0.977585,1.009005,0.987800,0.971220,0.985199,0.987528,0.925156,0.939725,0.948978,0.965528,0.969404,0.987775,0.976449,1.037202,0.976408,1.037008
8.579900,1.022938,0.975898,0.962779,0.954616,0.966688,0.969570,0.962608,0.963340,1.017143,0.976909,0.973426,0.961279,0.972396,0.964586,0.959319,0.972037,0.970527,0.966674,1.001352,0.945245,0.969229,0.984078,0.976306,0.977443,1.008895,0.987653,0.971078,0.985025,0.987349,0.925052,0.939637,0.948866,0.965406,0.969257,0.987638,0.976306,1.037099,0.976233,1.037006
8.588230,1.022882,0.975781,0.962657,0.954503,0.966589,0.969471,0.962517,0.963252,1.017114,0.976798,0.973319,0.961169,0.972283,0.964468,0.959184,0.971896,0.970390,0.966543,1.001209,0.945102,0.969088,0.983935,0.976163,0.977301,1.008785,0.987506,0.970937,0.984851,0.987171,0.924947,0.939550,0.948755,0.965285,0.969111,0.987501,0.976163,1.036996,0.976058,1.037005
8.596560,1.022826,0.975664,0.962535,0.954390,0.966489,0.969372,0.962426,0.963165,1.017084,0.976687,0.973212,0.961059,0.972170,0.964350,0.959050,0.971757,0.970253,0.966412,1.001066,0.944960,0.968947,0.983793,0.976020,0.977160,1.008675,0.987360,0.970796,0.984677,0.986993,0.924841,0.939463,0.948643,0.965164,0.968966,0.987365,0.976020,1.036892,0.975884,1.037004
8.604890,1.022770,0.975547,0.962413,0.954278,0.966390,0.969273,0.962335,0.963078,1.017054,0.976576,0.973105,0.960950,0.972058,0.964232,0.958916,0.971618,0.970117,0.966281,1.000925,0.944820,0.968807,0.983651,0.975879,0.977020,1.008565,0.987214,0.970655,0.984504,0.986816,0.924734,0.939376,0.948532,0.965045,0.968823,0.987230,0.975879,1.036788,0.975711,1.037003
8.613220,1.022714,0.975430,0.962292,0.954165,0.966291,0.969174,0.962244,0.962991,1.017024,0.976466,0.972999,0.960840,0.971946,0.964114,0.958782,0.971479,0.969981,0.966151,1.000784,0.944681,0.968668,0.983511,0.975738,0.976880,1.008454,0.987068,0.970514,0.984332,0.986640,0.924626,0.939289,0.948422,0.964926,0.968682,0.987095,0.975738,1.036684,0.975538,1.037002
8.621550,1.022658,0.975313,0.962170,0.954053,0.966192,0.969075,0.962154,0.962904,1.016995,0.976356,0.972892,0.960731,0.971834,0.963997,0.958649,0.971341,0.969846,0.966021,1.000645,0.944543,0.968530,0.983371,0.975598,0.976741,1.008343,0.986922,0.970374,0.984160,0.986464,0.924518,0.939203,0.948311,0.964808,0.968543,0.986962,0.975598,1.036579,0.975366,1.037002
8.629880,1.022603,0.975196,0.962049,0.953942,0.966094,0.968977,0.962064,0.962817,1.016965,0.976247,0.972786,0.960623,0.971722,0.963880,0.958517,0.971204,0.969711,0.965891,1.000506,0.944406,0.968392,0.983231,0.975458,0.976602,1.008233,0.986777,0.970234,0.983988,0.986288,0.924409,0.939117,0.948201,0.964691,0.968406,0.986829,0.975458,1.036474,0.975195,1.037001
8.638210,1.022547,0.975078,0.961928,0.953830,0.965996,0.968879,0.961974,0.962731,1.016936,0.976137,0.972681,0.960514,0.971611,0.963764,0.958385,0.971067,0.969576,0.965762,1.000369,0.944271,0.968255,0.983093,0.975319,0.976464,1.008122,0.986632,0.970094,0.983817,0.986114,0.924299,0.939032,0.948092,0.964575,0.968270,0.986697,0.975319,1.036369,0.975024,1.037001
8.646540,1.022492,0.974961,0.961807,0.953719,0.965898,0.968781,0.961884,0.962645,1.016907,0.976029,0.972576,0.960407,0.971500,0.963648,0.958253,0.970931,0.969443,0.965633,1.000233,0.944138,0.968119,0.982955,0.975181,0.976327,1.008010,0.986487,0.969955,0.983647,0.985940,0.924189,0.938947,0.947982,0.964460,0.968136,0.986565,0.975181,1.036264,0.974854,1.037001
8.654870,1.022437,0.974843,0.961686,0.953608,0.965801,0.968684,0.961795,0.962559,1.016877,0.975920,0.972471,0.960299,0.971390,0.963533,0.958123,0.970796,0.969309,0.965504,1.000097,0.944005,0.967983,0.982819,0.975044,0.976191,1.007899,0.986343,0.969817,0.983477,0.985767,0.924077,0.938862,0.947874,0.964346,0.968004,0.986435,0.975044,1.036158,0.974685,1.037002
8.663200,1.022383,0.974725,0.961565,0.953498,0.965704,0.968587,0.961706,0.962474,1.016849,0.975813,0.972367,0.960192,0.971280,0.963418,0.957993,0.970662,0.969177,0.965376,0.999964,0.943874,0.967849,0.982683,0.974908,0.976055,1.007788,0.986199,0.969679,0.983309,0.985594,0.923966,0.938778,0.947765,0.964233,0.967874,0.986306,0.974908,1.036053,0.974517,1.037003
8.671530,1.022328,0.974608,0.961445,0.953388,0.965608,0.968491,0.961617,0.962389,1.016820,0.975705,0.972263,0.960086,0.971171,0.963303,0.957864,0.970529,0.969045,0.965249,0.999831,0.943745,0.967715,0.982548,0.974773,0.975921,1.007677,0.986056,0.969541,0.983140,0.985423,0.923854,0.938695,0.947657,0.964121,0.967745,0.986177,0.974773,1.035947,0.974350,1.037003
8.679860,1.022274,0.974491,0.961326,0.953279,0.965512,0.968395,0.961529,0.962305,1.016791,0.975598,0.972159,0.959980,0.971062,0.963189,0.957736,0.970396,0.968913,0.965122,0.999700,0.943617,0.967582,0.982414,0.974639,0.975787,1.007566,0.985913,0.969404,0.982973,0.985252,0.923741,0.938613,0.947550,0.964010,0.967619,0.986050,0.974639,1.035841,0.974184,1.037004
8.688190,1.022221,0.974374,0.961206,0.953170,0.965416,0.968300,0.961442,0.962221,1.016763,0.975492,0.972057,0.959875,0.970954,0.963076,0.957608,0.970264,0.968783,0.964995,0.999570,0.943491,0.967451,0.982281,0.974506,0.975654,1.007455,0.985771,0.969268,0.982807,0.985082,0.923628,0.938531,0.947443,0.963900,0.967495,0.985924,0.974506,1.035735,0.974019,1.037006
8.696520,1.022167,0.974257,0.961087,0.953061,0.965321,0.968206,0.961355,0.962137,1.016735,0.975387,0.971955,0.959770,0.970847,0.962964,0.957482,0.970134,0.968653,0.964870,0.999441,0.943367,0.967320,0.982150,0.974374,0.975522,1.007345,0.985630,0.969133,0.982641,0.984913,0.923514,0.938450,0.947337,0.963792,0.967372,0.985799,0.974374,1.035629,0.973855,1.037007
8.704850,1.022114,0.974140,0.960969,0.952954,0.965227,0.968112,0.961268,0.962054,1.016707,0.975282,0.971853,0.959666,0.970740,0.962852,0.957356,0.970004,0.968524,0.964745,0.999314,0.943244,0.967190,0.982019,0.974243,0.975391,1.007234,0.985489,0.968998,0.982476,0.984746,0.923400,0.938370,0.947232,0.963685,0.967252,0.985675,0.974243,1.035523,0.973692,1.037009
8.713180,1.022062,0.974023,0.960851,0.952847,0.965133,0.968018,0.961183,0.961972,1.016680,0.975178,0.971753,0.959563,0.970634,0.962741,0.957231,0.969876,0.968396,0.964621,0.999189,0.943122,0.967062,0.981890,0.974113,0.975262,1.007124,0.985349,0.968864,0.982313,0.984579,0.923285,0.938291,0.947127,0.963579,0.967134,0.985552,0.974113,1.035418,0.973531,1.037011
8.721510,1.022010,0.973907,0.960734,0.952740,0.965041,0.967926,0.961097,0.961890,1.016653,0.975074,0.971653,0.959460,0.970529,0.962631,0.957108,0.969748,0.968269,0.964498,0.999065,0.943003,0.966935,0.981762,0.973984,0.975133,1.007013,0.985210,0.968731,0.982150,0.984413,0.923170,0.938213,0.947023,0.963474,0.967018,0.985430,0.973984,1.035312,0.973370,1.037014
8.729840,1.021958,0.973791,0.960617,0.952635,0.964948,0.967834,0.961013,0.961809,1.016626,0.974972,0.971554,0.959358,0.970424,0.962522,0.956985,0.969622,0.968143,0.964375,0.998942,0.942885,0.966808,0.981635,0.973857,0.975006,1.006903,0.985072,0.968599,0.981989,0.984249,0.923055,0.938136,0.946920,0.963371,0.966904,0.985310,0.973857,1.035206,0.973211,1.037016
8.738170,1.021907,0.973676,0.960501,0.952530,0.964857,0.967743,0.960929,0.961728,1.016599,0.974870,0.971455,0.959258,0.970321,0.962413,0.956864,0.969497,0.968018,0.964253,0.998821,0.942769,0.966684,0.981509,0.973731,0.974879,1.006794,0.984934,0.968467,0.981828,0.984086,0.922940,0.938060,0.946817,0.963269,0.966792,0.985191,0.973731,1.035101,0.973053,1.037019
8.746500,1.021856,0.973560,0.960386,0.952426,0.964767,0.967653,0.960846,0.961649,1.016573,0.974769,0.971358,0.959158,0.970218,0.962306,0.956743,0.969373,0.967894,0.964133,0.998702,0.942655,0.966560,0.981385,0.973606,0.974755,1.006685,0.984797,0.968337,0.981669,0.983924,0.922824,0.937985,0.946715,0.963168,0.966683,0.985073,0.973606,1.034995,0.972896,1.037022
8.754830,1.021805,0.973446,0.960272,0.952323,0.964677,0.967564,0.960764,0.961570,1.016547,0.974669,0.971262,0.959059,0.970116,0.962199,0.956624,0.969251,0.967771,0.964013,0.998584,0.942543,0.966438,0.981262,0.973483,0.974631,1.006576,0.984662,0.968208,0.981511,0.983763,0.922708,0.937911,0.946615,0.963069,0.966575,0.984957,0.973483,1.034890,0.972741,1.037025
8.763160,1.021756,0.973332,0.960158,0.952221,0.964589,0.967476,0.960683,0.961492,1.016522,0.974570,0.971166,0.958961,0.970016,0.962094,0.956506,0.969130,0.967649,0.963894,0.998468,0.942433,0.966317,0.981141,0.973361,0.974509,1.006467,0.984527,0.968079,0.981354,0.983604,0.922591,0.937839,0.946515,0.962971,0.966470,0.984842,0.973361,1.034785,0.972587,1.037029
8.771490,1.021706,0.973218,0.960045,0.952120,0.964501,0.967389,0.960603,0.961415,1.016497,0.974472,0.971072,0.958864,0.969916,0.961989,0.956390,0.969010,0.967529,0.963777,0.998354,0.942324,0.966198,0.981021,0.973241,0.974388,1.006359,0.984394,0.967952,0.981199,0.983446,0.922475,0.937768,0.946416,0.962875,0.966368,0.984729,0.973241,1.034680,0.972435,1.037033
8.779820,1.021658,0.973105,0.959934,0.952020,0.964414,0.967302,0.960523,0.961338,1.016472,0.974376,0.970979,0.958768,0.969818,0.961886,0.956275,0.968892,0.967410,0.963660,0.998241,0.942218,0.966080,0.980903,0.973122,0.974268,1.006252,0.984261,0.967826,0.981045,0.983290,0.922358,0.937698,0.946318,0.962780,0.966268,0.984617,0.973122,1.034576,0.972284,1.037037
8.788150,1.021609,0.972993,0.959823,0.951921,0.964329,0.967217,0.960445,0.961263,1.016448,0.974280,0.970886,0.958674,0.969720,0.961784,0.956161,0.968775,0.967292,0.963545,0.998131,0.942114,0.965964,0.980786,0.973005,0.974150,1.006145,0.984130,0.967701,0.980893,0.983135,0.922242,0.937630,0.946222,0.962688,0.966170,0.984507,0.973005,1.034472,0.972135,1.037041
8.796480,1.021562,0.972881,0.959713,0.951823,0.964245,0.967134,0.960368,0.961189,1.016424,0.974186,0.970796,0.958580,0.969624,0.961684,0.956049,0.968660,0.967175,0.963431,0.998022,0.942012,0.965849,0.980671,0.972889,0.974034,1.006039,0.984000,0.967578,0.980742,0.982982,0.922125,0.937564,0.946126,0.962596,0.966075,0.984399,0.972889,1.034368,0.971987,1.037046
8.804810,1.021515,0.972770,0.959604,0.951726,0.964161,0.967051,0.960292,0.961116,1.016401,0.974093,0.970706,0.958488,0.969530,0.961584,0.955938,0.968546,0.967060,0.963318,0.997916,0.941912,0.965736,0.980558,0.972775,0.973919,1.005933,0.983871,0.967456,0.980593,0.982831,0.922008,0.937499,0.946032,0.962507,0.965983,0.984292,0.972775,1.034265,0.971842,1.037051
8.813140,1.021468,0.972659,0.959496,0.951631,0.964080,0.966970,0.960217,0.961043,1.016378,0.974001,0.970618,0.958398,0.969436,0.961486,0.955829,0.968434,0.966946,0.963207,0.997811,0.941815,0.965624,0.980446,0.972663,0.973806,1.005828,0.983743,0.967335,0.980445,0.982681,0.921891,0.937436,0.945940,0.962419,0.965893,0.984187,0.972663,1.034162,0.971698,1.037056
8.821470,1.021423,0.972550,0.959389,0.951537,0.963999,0.966890,0.960143,0.960973,1.016356,0.973911,0.970531,0.958308,0.969344,0.961390,0.955721,0.968324,0.966834,0.963097,0.997709,0.941719,0.965515,0.980336,0.972553,0.973695,1.005723,0.983617,0.967216,0.980299,0.982533,0.921774,0.937374,0.945848,0.962333,0.965805,0.984083,0.972553,1.034060,0.971555,1.037062
8.829800,1.021378,0.972441,0.959284,0.951444,0.963920,0.966811,0.960070,0.960903,1.016334,0.973822,0.970445,0.958220,0.969254,0.961294,0.955615,0.968215,0.966723,0.962988,0.997609,0.941626,0.965407,0.980228,0.972444,0.973585,1.005620,0.983492,0.967098,0.980155,0.982387,0.921657,0.937315,0.945758,0.962248,0.965721,0.983982,0.972444,1.033958,0.971415,1.037067
8.838130,1.021333,0.972333,0.959180,0.951352,0.963842,0.966734,0.959999,0.960834,1.016313,0.973735,0.970361,0.958134,0.969165,0.961201,0.955511,0.968109,0.966614,0.962881,0.997510,0.941535,0.965301,0.980122,0.972338,0.973477,1.005517,0.983369,0.966981,0.980012,0.982243,0.921540,0.937257,0.945669,0.962166,0.965639,0.983882,0.972338,1.033857,0.971277,1.037073
8.846460,1.021289,0.972226,0.959077,0.951262,0.963765,0.966658,0.959929,0.960767,1.016293,0.973649,0.970279,0.958049,0.969077,0.961109,0.955408,0.968004,0.966507,0.962775,0.997415,0.941447,0.965197,0.980018,0.972233,0.973372,1.005414,0.983247,0.966866,0.979872,0.982101,0.921424,0.937201,0.945582,0.962086,0.965560,0.983785,0.972233,1.033757,0.971140,1.037080
8.854790,1.021246,0.972120,0.958975,0.951174,0.963690,0.966584,0.959861,0.960701,1.016273,0.973565,0.970198,0.957966,0.968991,0.961018,0.955308,0.967901,0.966401,0.962671,0.997321,0.941361,0.965095,0.979916,0.972130,0.973268,1.005313,0.983127,0.966753,0.979733,0.981960,0.921307,0.937147,0.945497,0.962007,0.965483,0.983689,0.972130,1.033657,0.971006,1.037086
8.863120,1.021204,0.972014,0.958875,0.951087,0.963617,0.966512,0.959794,0.960637,1.016253,0.973483,0.970118,0.957884,0.968907,0.960930,0.955209,0.967800,0.966297,0.962568,0.997230,0.941278,0.964995,0.979816,0.972029,0.973165,1.005213,0.983008,0.966642,0.979597,0.981822,0.921190,0.937095,0.945413,0.961931,0.965410,0.983595,0.972029,1.033557,0.970874,1.037093
8.871450,1.021163,0.971910,0.958776,0.951002,0.963545,0.966441,0.959728,0.960574,1.016235,0.973402,0.970041,0.957804,0.968825,0.960843,0.955112,0.967701,0.966195,0.962467,0.997141,0.941197,0.964897,0.979718,0.971931,0.973065,1.005113,0.982891,0.966532,0.979462,0.981686,0.921074,0.937045,0.945331,0.961856,0.965340,0.983503,0.971931,1.033458,0.970743,1.037101
8.879780,1.021122,0.971807,0.958678,0.950918,0.963475,0.966371,0.959664,0.960512,1.016217,0.973323,0.969965,0.957726,0.968744,0.960757,0.955017,0.967604,0.966095,0.962368,0.997054,0.941119,0.964801,0.979623,0.971834,0.972967,1.005014,0.982776,0.966424,0.979329,0.981552,0.920958,0.936997,0.945251,0.961784,0.965272,0.983414,0.971834,1.033360,0.970616,1.037108
8.888110,1.021082,0.971705,0.958582,0.950836,0.963407,0.966304,0.959602,0.960452,1.016200,0.973246,0.969891,0.957650,0.968665,0.960674,0.954924,0.967509,0.965996,0.962270,0.996970,0.941043,0.964707,0.979529,0.971740,0.972872,1.004917,0.982663,0.966317,0.979199,0.981421,0.920842,0.936952,0.945172,0.961714,0.965207,0.983326,0.971740,1.033263,0.970490,1.037116
8.896440,1.021043,0.971604,0.958488,0.950755,0.963340,0.966238,0.959541,0.960393,1.016183,0.973170,0.969819,0.957575,0.968588,0.960592,0.954834,0.967416,0.965900,0.962175,0.996888,0.940970,0.964615,0.979438,0.971648,0.972778,1.004820,0.982551,0.966213,0.979071,0.981292,0.920726,0.936908,0.945095,0.961646,0.965146,0.983241,0.971648,1.033167,0.970367,1.037124
8.904770,1.021004,0.971504,0.958395,0.950677,0.963275,0.966174,0.959482,0.960336,1.016167,0.973097,0.969748,0.957502,0.968513,0.960513,0.954745,0.967326,0.965805,0.962081,0.996809,0.940900,0.964526,0.979349,0.971559,0.972686,1.004725,0.982441,0.966110,0.978945,0.981165,0.920611,0.936867,0.945021,0.961580,0.965088,0.983158,0.971559,1.033071,0.970246,1.037133
8.913100,1.020966,0.971405,0.958304,0.950600,0.963212,0.966112,0.959424,0.960281,1.016152,0.973025,0.969680,0.957432,0.968439,0.960435,0.954658,0.967238,0.965713,0.961989,0.996733,0.940833,0.964439,0.979262,0.971471,0.972597,1.004630,0.982333,0.966010,0.978821,0.981040,0.920496,0.936828,0.944948,0.961516,0.965032,0.983077,0.971471,1.032976,0.970127,1.037141
8.921430,1.020930,0.971307,0.958214,0.950525,0.963150,0.966051,0.959368,0.960227,1.016138,0.972956,0.969613,0.957363,0.968368,0.960359,0.954574,0.967152,0.965623,0.961899,0.996659,0.940768,0.964354,0.979178,0.971386,0.972510,1.004537,0.982227,0.965911,0.978700,0.980918,0.920381,0.936792,0.944877,0.961455,0.964980,0.982999,0.971386,1.032882,0.970011,1.037151
8.929760,1.020894,0.971211,0.958126,0.950452,0.963091,0.965993,0.959314,0.960175,1.016125,0.972888,0.969549,0.957296,0.968299,0.960286,0.954492,0.967068,0.965534,0.961811,0.996588,0.940706,0.964271,0.979096,0.971304,0.972425,1.004445,0.982123,0.965815,0.978581,0.980799,0.920267,0.936758,0.944808,0.961396,0.964932,0.982923,0.971304,1.032789,0.969898,1.037160
8.938090,1.020858,0.971116,0.958040,0.950381,0.963033,0.965937,0.959262,0.960125,1.016112,0.972823,0.969486,0.957232,0.968232,0.960214,0.954412,0.966987,0.965448,0.961724,0.996520,0.940647,0.964191,0.979017,0.971224,0.972343,1.004353,0.982021,0.965720,0.978465,0.980682,0.920153,0.936726,0.944742,0.961339,0.964886,0.982849,0.971224,1.032697,0.969787,1.037170
8.946420,1.020824,0.971022,0.957955,0.950312,0.962978,0.965882,0.959212,0.960076,1.016100,0.972760,0.969426,0.957169,0.968167,0.960145,0.954335,0.966908,0.965364,0.961640,0.996455,0.940591,0.964114,0.978940,0.971146,0.972263,1.004264,0.981921,0.965628,0.978351,0.980568,0.920039,0.936697,0.944677,0.961285,0.964844,0.982778,0.971146,1.032606,0.969679,1.037180
8.954750,1.020791,0.970930,0.957873,0.950244,0.962924,0.965830,0.959163,0.960029,1.016089,0.972699,0.969367,0.957109,0.968104,0.960077,0.954260,0.966832,0.965283,0.961558,0.996392,0.940539,0.964039,0.978866,0.971071,0.972186,1.004175,0.981823,0.965537,0.978240,0.980456,0.919926,0.936670,0.944615,0.961234,0.964805,0.982710,0.971071,1.032515,0.969573,1.037190
8.963080,1.020758,0.970838,0.957792,0.950179,0.962873,0.965780,0.959117,0.959984,1.016079,0.972640,0.969311,0.957050,0.968044,0.960012,0.954187,0.966758,0.965204,0.961478,0.996332,0.940489,0.963966,0.978794,0.970998,0.972111,1.004088,0.981728,0.965449,0.978132,0.980347,0.919813,0.936646,0.944555,0.961184,0.964770,0.982644,0.970998,1.032426,0.969471,1.037200
8.971410,1.020726,0.970749,0.957713,0.950116,0.962823,0.965732,0.959072,0.959941,1.016069,0.972583,0.969257,0.956994,0.967985,0.959950,0.954117,0.966687,0.965127,0.961401,0.996275,0.940442,0.963896,0.978725,0.970929,0.972039,1.004002,0.981634,0.965364,0.978026,0.980242,0.919700,0.936624,0.944497,0.961138,0.964738,0.982580,0.970929,1.032338,0.969371,1.037211
8.979740,1.020696,0.970660,0.957636,0.950055,0.962776,0.965686,0.959030,0.959900,1.016061,0.972529,0.969206,0.956941,0.967929,0.959889,0.954050,0.966618,0.965052,0.961325,0.996222,0.940398,0.963829,0.978659,0.970862,0.971969,1.003917,0.981543,0.965280,0.977923,0.980138,0.919588,0.936605,0.944442,0.961094,0.964709,0.982519,0.970862,1.032250,0.969274,1.037222
8.988070,1.020666,0.970573,0.957561,0.949997,0.962731,0.965642,0.958989,0.959861,1.016053,0.972477,0.969156,0.956889,0.967876,0.959831,0.953984,0.966552,0.964980,0.961252,0.996171,0.940357,0.963765,0.978595,0.970797,0.971902,1.003833,0.981454,0.965199,0.977822,0.980038,0.919477,0.936589,0.944389,0.961052,0.964684,0.982461,0.970797,1.032164,0.969180,1.037234
8.996400,1.020637,0.970487,0.957487,0.949940,0.962688,0.965600,0.958950,0.959824,1.016046,0.972427,0.969109,0.956840,0.967824,0.959775,0.953922,0.966488,0.964910,0.961181,0.996123,0.940320,0.963703,0.978534,0.970735,0.971838,1.003751,0.981368,0.965120,0.977725,0.979941,0.919366,0.936575,0.944339,0.961013,0.964663,0.982405,0.970735,1.032079,0.969089,1.037246
9.004730,1.020609,0.970403,0.957416,0.949886,0.962647,0.965561,0.958914,0.959789,1.016041,0.972380,0.969065,0.956794,0.967775,0.959722,0.953862,0.966428,0.964842,0.961112,0.996078,0.940286,0.963644,0.978476,0.970677,0.971776,1.003671,0.981283,0.965044,0.977630,0.979847,0.919256,0.936564,0.944290,0.960977,0.964645,0.982353,0.970677,1.031995,0.969001,1.037258
9.013060,1.020581,0.970321,0.957347,0.949834,0.962608,0.965524,0.958879,0.959755,1.016036,0.972335,0.969022,0.956749,0.967729,0.959671,0.953805,0.966370,0.964778,0.961045,0.996036,0.940255,0.963587,0.978421,0.970621,0.971717,1.003591,0.981202,0.964970,0.977539,0.979756,0.919146,0.936555,0.944245,0.960943,0.964631,0.982303,0.970621,1.031912,0.968916,1.037270
9.021390,1.020555,0.970239,0.957280,0.949784,0.962572,0.965489,0.958847,0.959724,1.016032,0.972292,0.968982,0.956707,0.967684,0.959622,0.953750,0.966314,0.964715,0.960981,0.995998,0.940227,0.963534,0.978369,0.970567,0.971661,1.003514,0.981122,0.964899,0.977450,0.979668,0.919036,0.936550,0.944202,0.960913,0.964620,0.982255,0.970567,1.031831,0.968834,1.037283
9.029720,1.020530,0.970160,0.957215,0.949736,0.962538,0.965456,0.958817,0.959695,1.016029,0.972252,0.968945,0.956668,0.967643,0.959576,0.953698,0.966262,0.964656,0.960919,0.995963,0.940203,0.963483,0.978319,0.970517,0.971608,1.003437,0.981045,0.964830,0.977365,0.979583,0.918927,0.936547,0.944161,0.960885,0.964613,0.982211,0.970517,1.031750,0.968755,1.037296
9.038050,1.020505,0.970082,0.957152,0.949691,0.962506,0.965426,0.958788,0.959668,1.016027,0.972215,0.968910,0.956631,0.967604,0.959532,0.953649,0.966212,0.964598,0.960860,0.995930,0.940182,0.963435,0.978273,0.970470,0.971558,1.003362,0.980971,0.964763,0.977282,0.979501,0.918819,0.936546,0.944123,0.960859,0.964610,0.982169,0.970470,1.031671,0.968680,1.037309
9.046380,1.020482,0.970005,0.957091,0.949648,0.962476,0.965398,0.958763,0.959643,1.016025,0.972180,0.968877,0.956596,0.967567,0.959491,0.953603,0.966166,0.964544,0.960803,0.995902,0.940164,0.963390,0.978229,0.970425,0.971510,1.003289,0.980899,0.964699,0.977203,0.979423,0.918712,0.936549,0.944088,0.960837,0.964611,0.982131,0.970425,1.031593,0.968607,1.037322
9.054710,1.020459,0.969930,0.957032,0.949608,0.962449,0.965373,0.958739,0.959620,1.016025,0.972147,0.968847,0.956564,0.967533,0.959453,0.953559,0.966122,0.964492,0.960748,0.995876,0.940150,0.963348,0.978189,0.970384,0.971465,1.003217,0.980830,0.964638,0.977126,0.979347,0.918605,0.936554,0.944055,0.960817,0.964615,0.982095,0.970384,1.031516,0.968538,1.037336
9.063040,1.020437,0.969857,0.956975,0.949570,0.962424,0.965350,0.958717,0.959599,1.016026,0.972117,0.968819,0.956535,0.967501,0.959417,0.953518,0.966081,0.964443,0.960696,0.995854,0.940139,0.963309,0.978151,0.970345,0.971423,1.003147,0.980763,0.964579,0.977053,0.979275,0.918498,0.936562,0.944025,0.960801,0.964624,0.982062,0.970345,1.031440,0.968473,1.037350
9.071370,1.020417,0.969785,0.956921,0.949534,0.962402,0.965329,0.958698,0.959580,1.016028,0.972090,0.968794,0.956508,0.967472,0.959383,0.953480,0.966043,0.964396,0.960647,0.995834,0.940132,0.963272,0.978117,0.970310,0.971385,1.003078,0.980699,0.964523,0.976983,0.979207,0.918392,0.936573,0.943997,0.960787,0.964636,0.982032,0.970310,1.031366,0.968411,1.037364
9.079700,1.020397,0.969715,0.956869,0.949501,0.962381,0.965311,0.958681,0.959563,1.016030,0.972065,0.968771,0.956484,0.967446,0.959353,0.953445,0.966007,0.964352,0.960600,0.995819,0.940128,0.963239,0.978085,0.970278,0.971349,1.003011,0.980638,0.964470,0.976917,0.979142,0.918287,0.936587,0.943972,0.960776,0.964651,0.982006,0.970278,1.031293,0.968352,1.037379
9.088030,1.020378,0.969646,0.956818,0.949470,0.962364,0.965295,0.958666,0.959549,1.016034,0.972043,0.968751,0.956462,0.967422,0.959324,0.953413,0.965975,0.964311,0.960555,0.995806,0.940128,0.963209,0.978057,0.970248,0.971316,1.002945,0.980579,0.964419,0.976853,0.979080,0.918183,0.936603,0.943950,0.960768,0.964671,0.981982,0.970248,1.031221,0.968296,1.037394
9.096360,1.020360,0.969579,0.956771,0.949441,0.962348,0.965282,0.958653,0.959537,1.016039,0.972024,0.968734,0.956443,0.967401,0.959299,0.953384,0.965946,0.964273,0.960513,0.995797,0.940131,0.963182,0.978032,0.970222,0.971286,1.002881,0.980523,0.964371,0.976793,0.979022,0.918079,0.936622,0.943931,0.960763,0.964695,0.981961,0.970222,1.031151,0.968244,1.037409
9.104690,1.020343,0.969514,0.956725,0.949415,0.962335,0.965271,0.958643,0.959527,1.016044,0.972007,0.968719,0.956426,0.967382,0.959276,0.953357,0.965920,0.964237,0.960474,0.995792,0.940138,0.963158,0.978010,0.970199,0.971259,1.002819,0.980469,0.964326,0.976737,0.978967,0.917976,0.936644,0.943914,0.960761,0.964722,0.981943,0.970199,1.031081,0.968196,1.037424
9.113020,1.020327,0.969450,0.956681,0.949392,0.962325,0.965262,0.958635,0.959519,1.016051,0.971993,0.968707,0.956412,0.967367,0.959256,0.953334,0.965897,0.964205,0.960437,0.995790,0.940148,0.963137,0.977991,0.970179,0.971235,1.002758,0.980419,0.964283,0.976683,0.978916,0.917873,0.936669,0.943900,0.960762,0.964754,0.981928,0.970179,1.031014,0.968151,1.037440
9.121350,1.020312,0.969388,0.956640,0.949371,0.962317,0.965256,0.958629,0.959513,1.016058,0.971981,0.968697,0.956401,0.967353,0.959238,0.953313,0.965877,0.964175,0.960403,0.995791,0.940162,0.963119,0.977975,0.970162,0.971214,1.002699,0.980371,0.964243,0.976633,0.978868,0.917771,0.936696,0.943889,0.960765,0.964789,0.981917,0.970162,1.030947,0.968110,1.037455
9.129680,1.020298,0.969328,0.956601,0.949352,0.962311,0.965253,0.958625,0.959510,1.016067,0.971972,0.968690,0.956392,0.967343,0.959223,0.953296,0.965860,0.964148,0.960371,0.995796,0.940179,0.963104,0.977962,0.970149,0.971197,1.002642,0.980326,0.964206,0.976587,0.978824,0.917670,0.936726,0.943880,0.960772,0.964828,0.981908,0.970149,1.030882,0.968072,1.037471
9.138010,1.020284,0.969269,0.956565,0.949336,0.962308,0.965251,0.958624,0.959508,1.016076,0.971966,0.968685,0.956386,0.967335,0.959211,0.953281,0.965846,0.964123,0.960342,0.995804,0.940200,0.963092,0.977953,0.970138,0.971182,1.002586,0.980284,0.964172,0.976544,0.978783,0.917570,0.936759,0.943874,0.960782,0.964872,0.981903,0.970138,1.030818,0.968038,1.037488
9.146340,1.020272,0.969212,0.956530,0.949323,0.962307,0.965253,0.958625,0.959509,1.016087,0.971962,0.968683,0.956383,0.967329,0.959202,0.953269,0.965835,0.964102,0.960316,0.995816,0.940225,0.963083,0.977946,0.970131,0.971171,1.002532,0.980244,0.964140,0.976504,0.978747,0.917470,0.936795,0.943871,0.960795,0.964919,0.981901,0.970131,1.030756,0.968008,1.037504
9.154670,1.020261,0.969157,0.956498,0.949311,0.962308,0.965257,0.958628,0.959512,1.016098,0.971961,0.968683,0.956382,0.967327,0.959195,0.953261,0.965827,0.964083,0.960292,0.995831,0.940253,0.963078,0.977943,0.970127,0.971162,1.002479,0.980207,0.964112,0.976468,0.978713,0.917371,0.936833,0.943871,0.960811,0.964970,0.981901,0.970127,1.030695,0.967981,1.037521
9.163000,1.020250,0.969103,0.956468,0.949303,0.962312,0.965263,0.958634,0.959517,1.016110,0.971963,0.968687,0.956384,0.967327,0.959191,0.953255,0.965822,0.964067,0.960271,0.995849,0.940285,0.963076,0.977943,0.970126,0.971157,1.002429,0.980173,0.964086,0.976436,0.978684,0.917273,0.936874,0.943873,0.960830,0.965026,0.981905,0.970126,1.030635,0.967958,1.037538
9.171330,1.020240,0.969051,0.956441,0.949297,0.962319,0.965271,0.958642,0.959525,1.016124,0.971967,0.968692,0.956388,0.967330,0.959189,0.953252,0.965821,0.964054,0.960252,0.995871,0.940321,0.963076,0.977947,0.970128,0.971155,1.002379,0.980142,0.964063,0.976407,0.978658,0.917175,0.936918,0.943878,0.960852,0.965085,0.981912,0.970128,1.030576,0.967939,1.037555
9.179660,1.020232,0.969001,0.956415,0.949293,0.962328,0.965283,0.958652,0.959534,1.016138,0.971974,0.968701,0.956395,0.967335,0.959190,0.953253,0.965822,0.964044,0.960236,0.995897,0.940360,0.963080,0.977953,0.970133,0.971155,1.002332,0.980114,0.964043,0.976381,0.978636,0.917078,0.936964,0.943886,0.960877,0.965148,0.981923,0.970133,1.030519,0.967923,1.037572
9.187990,1.020224,0.968953,0.956392,0.949292,0.962339,0.965296,0.958664,0.959546,1.016153,0.971984,0.968712,0.956405,0.967343,0.959194,0.953256,0.965827,0.964037,0.960223,0.995926,0.940403,0.963087,0.977963,0.970142,0.971160,1.002286,0.980089,0.964026,0.976359,0.978617,0.916982,0.937013,0.943897,0.960905,0.965215,0.981936,0.970142,1.030464,0.967911,1.037590
9.196320,1.020217,0.968906,0.956372,0.949294,0.962352,0.965312,0.958679,0.959560,1.016169,0.971996,0.968725,0.956417,0.967354,0.959201,0.953262,0.965835,0.964033,0.960213,0.995959,0.940449,0.963097,0.977976,0.970154,0.971167,1.002242,0.980066,0.964011,0.976341,0.978602,0.916887,0.937065,0.943910,0.960936,0.965286,0.981953,0.970154,1.030410,0.967903,1.037607
9.204650,1.020211,0.968861,0.956353,0.949298,0.962368,0.965331,0.958695,0.959576,1.016186,0.972011,0.968741,0.956432,0.967367,0.959210,0.953271,0.965845,0.964031,0.960205,0.995995,0.940499,0.963111,0.977992,0.970169,0.971177,1.002200,0.980047,0.963999,0.976326,0.978591,0.916792,0.937119,0.943926,0.960971,0.965361,0.981972,0.970169,1.030357,0.967899,1.037625
9.212980,1.020206,0.968818,0.956337,0.949304,0.962387,0.965351,0.958714,0.959594,1.016204,0.972028,0.968760,0.956450,0.967383,0.959222,0.953284,0.965859,0.964032,0.960199,0.996034,0.940553,0.963127,0.978011,0.970187,0.971190,1.002159,0.980030,0.963991,0.976315,0.978584,0.916698,0.937176,0.943945,0.961008,0.965440,0.981995,0.970187,1.030305,0.967899,1.037643
9.221310,1.020202,0.968776,0.956323,0.949313,0.962407,0.965374,0.958735,0.959615,1.016223,0.972048,0.968781,0.956470,0.967401,0.959237,0.953299,0.965876,0.964037,0.960197,0.996077,0.940610,0.963147,0.978034,0.970209,0.971207,1.002120,0.980016,0.963985,0.976308,0.978580,0.916605,0.937235,0.943966,0.961048,0.965523,0.982021,0.970209,1.030255,0.967902,1.037661
9.229640,1.020198,0.968736,0.956312,0.949324,0.962430,0.965400,0.958759,0.959637,1.016243,0.972071,0.968804,0.956492,0.967423,0.959254,0.953317,0.965896,0.964044,0.960196,0.996124,0.940671,0.963169,0.978060,0.970234,0.971226,1.002083,0.980005,0.963981,0.976304,0.978580,0.916513,0.937297,0.943990,0.961092,0.965610,0.982051,0.970234,1.030207,0.967909,1.037679
9.237970,1.020196,0.968698,0.956302,0.949338,0.962456,0.965428,0.958784,0.959662,1.016263,0.972096,0.968830,0.956517,0.967446,0.959274,0.953338,0.965919,0.964053,0.960199,0.996174,0.940735,0.963195,0.978089,0.970261,0.971249,1.002047,0.979997,0.963981,0.976303,0.978584,0.916421,0.937361,0.944017,0.961138,0.965701,0.982083,0.970261,1.030159,0.967920,1.037698
9.246300,1.020194,0.968661,0.956295,0.949354,0.962483,0.965458,0.958812,0.959688,1.016285,0.972124,0.968859,0.956545,0.967473,0.959296,0.953362,0.965945,0.964066,0.960204,0.996227,0.940803,0.963224,0.978121,0.970292,0.971275,1.002013,0.979991,0.963984,0.976307,0.978592,0.916330,0.937428,0.944046,0.961187,0.965796,0.982118,0.970292,1.030113,0.967935,1.037717
9.254630,1.020193,0.968626,0.956290,0.949372,0.962513,0.965491,0.958842,0.959717,1.016307,0.972154,0.968890,0.956575,0.967501,0.959321,0.953389,0.965974,0.964082,0.960212,0.996284,0.940875,0.963256,0.978156,0.970327,0.971304,1.001981,0.979989,0.963989,0.976313,0.978603,0.916240,0.937497,0.944078,0.961240,0.965895,0.982157,0.970327,1.030069,0.967953,1.037735
9.262960,1.020193,0.968593,0.956287,0.949393,0.962546,0.965526,0.958874,0.959748,1.016331,0.972187,0.968923,0.956608,0.967533,0.959349,0.953419,0.966007,0.964100,0.960222,0.996344,0.940950,0.963291,0.978195,0.970364,0.971336,1.001951,0.979989,0.963997,0.976324,0.978619,0.916150,0.937569,0.944112,0.961295,0.965998,0.982199,0.970364,1.030026,0.967975,1.037754
9.271290,1.020194,0.968561,0.956287,0.949417,0.962580,0.965563,0.958908,0.959780,1.016355,0.972222,0.968959,0.956643,0.967567,0.959379,0.953452,0.966042,0.964121,0.960235,0.996408,0.941029,0.963329,0.978237,0.970405,0.971371,1.001922,0.979992,0.964008,0.976338,0.978638,0.916061,0.937643,0.944149,0.961354,0.966104,0.982244,0.970405,1.029984,0.968002,1.037773
9.279620,1.020196,0.968531,0.956289,0.949442,0.962617,0.965602,0.958944,0.959815,1.016380,0.972260,0.968998,0.956680,0.967603,0.959412,0.953487,0.966080,0.964145,0.960250,0.996475,0.941112,0.963370,0.978281,0.970448,0.971409,1.001894,0.979998,0.964022,0.976355,0.978660,0.915973,0.937719,0.944189,0.961415,0.966215,0.982292,0.970448,1.029944,0.968031,1.037792
9.287950,1.020198,0.968503,0.956292,0.949471,0.962656,0.965644,0.958983,0.959852,1.016406,0.972300,0.969038,0.956720,0.967642,0.959447,0.953526,0.966121,0.964172,0.960268,0.996545,0.941197,0.963415,0.978329,0.970495,0.971450,1.001869,0.980007,0.964038,0.976376,0.978687,0.915886,0.937798,0.944230,0.961479,0.966329,0.982343,0.970495,1.029905,0.968065,1.037811
9.296280,1.020201,0.968476,0.956298,0.949501,0.962697,0.965687,0.959023,0.959891,1.016432,0.972343,0.969081,0.956763,0.967683,0.959485,0.953567,0.966166,0.964201,0.960289,0.996619,0.941287,0.963462,0.978380,0.970545,0.971494,1.001845,0.980018,0.964058,0.976401,0.978717,0.915800,0.937878,0.944275,0.961547,0.966447,0.982397,0.970545,1.029867,0.968103,1.037831
9.304610,1.020205,0.968451,0.956307,0.949534,0.962740,0.965733,0.959065,0.959931,1.016459,0.972388,0.969126,0.956807,0.967726,0.959525,0.953612,0.966213,0.964233,0.960312,0.996696,0.941379,0.963512,0.978435,0.970598,0.971541,1.001822,0.980033,0.964080,0.976429,0.978750,0.915714,0.937961,0.944321,0.961617,0.966568,0.982454,0.970598,1.029831,0.968144,1.037850
9.312940,1.020210,0.968427,0.956317,0.949569,0.962786,0.965782,0.959109,0.959974,1.016488,0.972435,0.969174,0.956855,0.967772,0.959567,0.953659,0.966263,0.964268,0.960338,0.996777,0.941476,0.963565,0.978492,0.970654,0.971591,1.001802,0.980050,0.964104,0.976461,0.978788,0.915629,0.938047,0.944371,0.961690,0.966694,0.982514,0.970654,1.029796,0.968189,1.037869
9.321270,1.020216,0.968405,0.956330,0.949606,0.962833,0.965832,0.959156,0.960019,1.016517,0.972485,0.969224,0.956904,0.967821,0.959613,0.953708,0.966316,0.964306,0.960366,0.996861,0.941575,0.963622,0.978552,0.970713,0.971644,1.001783,0.980070,0.964132,0.976496,0.978829,0.915544,0.938134,0.944422,0.961766,0.966823,0.982577,0.970713,1.029762,0.968237,1.037889
9.329600,1.020222,0.968385,0.956344,0.949645,0.962883,0.965884,0.959204,0.960065,1.016546,0.972537,0.969276,0.956956,0.967871,0.959660,0.953761,0.966372,0.964346,0.960396,0.996948,0.941678,0.963681,0.978615,0.970775,0.971700,1.001765,0.980093,0.964162,0.976535,0.978874,0.915461,0.938223,0.944476,0.961845,0.966956,0.982643,0.970775,1.029730,0.968290,1.037908
9.337930,1.020229,0.968366,0.956361,0.949687,0.962935,0.965939,0.959254,0.960113,1.016577,0.972591,0.969330,0.957009,0.967924,0.959710,0.953816,0.966430,0.964389,0.960429,0.997038,0.941785,0.963743,0.978682,0.970840,0.971759,1.001749,0.980118,0.964195,0.976578,0.978922,0.915378,0.938315,0.944532,0.961926,0.967092,0.982712,0.970840,1.029699,0.968346,1.037928
9.346260,1.020237,0.968349,0.956380,0.949731,0.962988,0.965995,0.959306,0.960163,1.016608,0.972647,0.969387,0.957066,0.967980,0.959762,0.953874,0.966492,0.964434,0.960464,0.997131,0.941895,0.963808,0.978751,0.970908,0.971820,1.001735,0.980146,0.964230,0.976623,0.978974,0.915296,0.938408,0.944590,0.962011,0.967233,0.982784,0.970908,1.029669,0.968406,1.037948
9.354590,1.020246,0.968334,0.956400,0.949777,0.963044,0.966054,0.959360,0.960215,1.016640,0.972706,0.969445,0.957124,0.968037,0.959817,0.953935,0.966557,0.964482,0.960502,0.997228,0.942008,0.963876,0.978823,0.970979,0.971885,1.001722,0.980177,0.964269,0.976673,0.979030,0.915214,0.938504,0.944651,0.962098,0.967376,0.982859,0.970979,1.029641,0.968469,1.037967
9.362920,1.020255,0.968319,0.956423,0.949825,0.963102,0.966114,0.959416,0.960269,1.016672,0.972767,0.969506,0.957184,0.968097,0.959873,0.953999,0.966624,0.964533,0.960542,0.997327,0.942124,0.963946,0.978898,0.971053,0.971952,1.001711,0.980210,0.964309,0.976725,0.979089,0.915133,0.938601,0.944713,0.962188,0.967523,0.982937,0.971053,1.029613,0.968536,1.037987
9.371250,1.020265,0.968307,0.956448,0.949875,0.963161,0.966177,0.959473,0.960324,1.016705,0.972830,0.969569,0.957247,0.968159,0.959932,0.954065,0.966694,0.964586,0.960585,0.997430,0.942243,0.964020,0.978976,0.971129,0.972022,1.001701,0.980246,0.964353,0.976781,0.979152,0.915053,0.938701,0.944778,0.962281,0.967674,0.983018,0.971129,1.029588,0.968607,1.038007
9.379580,1.020276,0.968296,0.956475,0.949927,0.963223,0.966241,0.959533,0.960381,1.016739,0.972895,0.969634,0.957312,0.968223,0.959994,0.954133,0.966766,0.964642,0.960629,0.997536,0.942366,0.964096,0.979057,0.971209,0.972095,1.001693,0.980285,0.964399,0.976840,0.979218,0.914974,0.938802,0.944845,0.962376,0.967828,0.983102,0.971209,1.029563,0.968681,1.038026
9.387910,1.020287,0.968286,0.956503,0.949982,0.963286,0.966307,0.959594,0.960440,1.016773,0.972962,0.969700,0.957378,0.968289,0.960057,0.954204,0.966842,0.964700,0.960676,0.997645,0.942492,0.964175,0.979141,0.971291,0.972171,1.001687,0.980326,0.964447,0.976903,0.979288,0.914895,0.938905,0.944914,0.962474,0.967986,0.983188,0.971291,1.029540,0.968759,1.038046
9.396240,1.020300,0.968278,0.956534,0.950038,0.963351,0.966375,0.959656,0.960500,1.016809,0.973031,0.969769,0.957447,0.968357,0.960123,0.954278,0.966920,0.964761,0.960726,0.997757,0.942621,0.964257,0.979228,0.971376,0.972249,1.001681,0.980370,0.964498,0.976969,0.979361,0.914817,0.939009,0.944985,0.962575,0.968146,0.983277,0.971376,1.029518,0.968841,1.038066
9.404570,1.020312,0.968272,0.956567,0.950097,0.963418,0.966445,0.959721,0.960563,1.016844,0.973102,0.969840,0.957518,0.968427,0.960190,0.954354,0.967000,0.964824,0.960777,0.997872,0.942753,0.964341,0.979317,0.971464,0.972330,1.001678,0.980417,0.964551,0.977038,0.979438,0.914740,0.939116,0.945057,0.962678,0.968311,0.983369,0.971464,1.029497,0.968926,1.038086
9.412900,1.020326,0.968266,0.956601,0.950157,0.963487,0.966517,0.959787,0.960626,1.016880,0.973175,0.969913,0.957591,0.968499,0.960260,0.954433,0.967084,0.964890,0.960831,0.997990,0.942888,0.964428,0.979409,0.971555,0.972414,1.001676,0.980465,0.964607,0.977111,0.979518,0.914663,0.939224,0.945132,0.962784,0.968478,0.983464,0.971555,1.029477,0.969014,1.038105
9.421230,1.020340,0.968263,0.956637,0.950219,0.963558,0.966590,0.959855,0.960691,1.016917,0.973250,0.969987,0.957665,0.968573,0.960332,0.954514,0.967170,0.964958,0.960887,0.998110,0.943026,0.964518,0.979504,0.971648,0.972500,1.001675,0.980517,0.964666,0.977187,0.979601,0.914587,0.939334,0.945209,0.962892,0.968649,0.983561,0.971648,1.029459,0.969106,1.038125
9.429560,1.020355,0.968260,0.956675,0.950283,0.963630,0.966666,0.959924,0.960758,1.016955,0.973327,0.970064,0.957742,0.968649,0.960406,0.954598,0.967258,0.965028,0.960945,0.998234,0.943167,0.964610,0.979601,0.971744,0.972589,1.001675,0.980571,0.964726,0.977266,0.979688,0.914512,0.939445,0.945287,0.963003,0.968822,0.983661,0.971744,1.029441,0.969201,1.038145
9.437890,1.020370,0.968259,0.956715,0.950349,0.963704,0.966742,0.959995,0.960826,1.016992,0.973406,0.970142,0.957820,0.968727,0.960482,0.954684,0.967349,0.965101,0.961005,0.998360,0.943311,0.964705,0.979701,0.971843,0.972680,1.001677,0.980627,0.964789,0.977348,0.979778,0.914437,0.939558,0.945367,0.963117,0.968999,0.983764,0.971843,1.029425,0.969299,1.038164
9.446220,1.020386,0.968260,0.956757,0.950417,0.963780,0.966821,0.960067,0.960896,1.017031,0.973487,0.970222,0.957900,0.968807,0.960560,0.954772,0.967442,0.965176,0.961067,0.998489,0.943458,0.964802,0.979804,0.971944,0.972774,1.001681,0.980686,0.964855,0.977433,0.979871,0.914364,0.939673,0.945449,0.963232,0.969179,0.983869,0.971944,1.029410,0.969401,1.038184
9.454550,1.020402,0.968261,0.956800,0.950486,0.963857,0.966901,0.960141,0.960967,1.017070,0.973569,0.970303,0.957982,0.968889,0.960639,0.954862,0.967538,0.965253,0.961132,0.998621,0.943608,0.964902,0.979909,0.972048,0.972870,1.001686,0.980747,0.964922,0.977521,0.979968,0.914290,0.939789,0.945533,0.963350,0.969362,0.983976,0.972048,1.029396,0.969507,1.038203
9.462880,1.020420,0.968265,0.956846,0.950558,0.963935,0.966982,0.960216,0.961039,1.017109,0.973653,0.970386,0.958066,0.968972,0.960721,0.954955,0.967636,0.965332,0.961198,0.998755,0.943760,0.965004,0.980017,0.972154,0.972969,1.001692,0.980810,0.964992,0.977612,0.980067,0.914218,0.939906,0.945618,0.963471,0.969548,0.984087,0.972154,1.029384,0.969615,1.038223
9.471210,1.020437,0.968269,0.956892,0.950631,0.964016,0.967066,0.960293,0.961113,1.017149,0.973739,0.970471,0.958151,0.969057,0.960805,0.955050,0.967736,0.965414,0.961266,0.998892,0.943915,0.965109,0.980127,0.972263,0.973070,1.001699,0.980876,0.965064,0.977707,0.980170,0.914145,0.940025,0.945705,0.963594,0.969737,0.984199,0.972263,1.029372,0.969727,1.038242
9.479540,1.020455,0.968275,0.956941,0.950706,0.964098,0.967150,0.960371,0.961188,1.017189,0.973826,0.970558,0.958238,0.969144,0.960890,0.955147,0.967839,0.965498,0.961337,0.999032,0.944073,0.965216,0.980240,0.972374,0.973173,1.001708,0.980943,0.965139,0.977804,0.980276,0.914074,0.940145,0.945793,0.963719,0.969928,0.984315,0.972374,1.029361,0.969841,1.038261
9.487870,1.020474,0.968282,0.956991,0.950782,0.964181,0.967236,0.960451,0.961265,1.017230,0.973915,0.970646,0.958327,0.969232,0.960977,0.955247,0.967944,0.965583,0.961409,0.999174,0.944233,0.965325,0.980355,0.972488,0.973279,1.001718,0.981014,0.965215,0.977904,0.980385,0.914003,0.940267,0.945883,0.963846,0.970122,0.984432,0.972488,1.029352,0.969959,1.038281
9.496200,1.020494,0.968290,0.957043,0.950860,0.964265,0.967324,0.960531,0.961343,1.017271,0.974005,0.970736,0.958417,0.969322,0.961066,0.955348,0.968051,0.965671,0.961483,0.999319,0.944396,0.965437,0.980472,0.972604,0.973387,1.001729,0.981086,0.965294,0.978007,0.980497,0.913933,0.940390,0.945975,0.963975,0.970320,0.984552,0.972604,1.029343,0.970080,1.038300
9.504530,1.020513,0.968299,0.957096,0.950939,0.964352,0.967413,0.960613,0.961422,1.017312,0.974098,0.970827,0.958508,0.969414,0.961156,0.955452,0.968161,0.965761,0.961559,0.999466,0.944562,0.965551,0.980592,0.972722,0.973497,1.001742,0.981160,0.965375,0.978113,0.980611,0.913863,0.940514,0.946068,0.964107,0.970519,0.984674,0.972722,1.029336,0.970204,1.038319
9.512860,1.020534,0.968310,0.957151,0.951021,0.964439,0.967503,0.960697,0.961502,1.017354,0.974191,0.970919,0.958602,0.969507,0.961248,0.955557,0.968272,0.965853,0.961637,0.999615,0.944730,0.965667,0.980714,0.972842,0.973610,1.001755,0.981237,0.965457,0.978222,0.980729,0.913794,0.940639,0.946162,0.964240,0.970721,0.984799,0.972842,1.029330,0.970331,1.038337
9.521190,1.020555,0.968322,0.957207,0.951103,0.964528,0.967595,0.960781,0.961583,1.017396,0.974286,0.971013,0.958696,0.969602,0.961342,0.955665,0.968386,0.965947,0.961716,0.999767,0.944900,0.965785,0.980839,0.972965,0.973724,1.001770,0.981316,0.965542,0.978333,0.980850,0.913726,0.940765,0.946257,0.964376,0.970926,0.984926,0.972965,1.029324,0.970461,1.038356
9.529520,1.020576,0.968335,0.957265,0.951187,0.964618,0.967688,0.960867,0.961666,1.017438,0.974383,0.971108,0.958792,0.969698,0.961437,0.955774,0.968502,0.966043,0.961797,0.999921,0.945073,0.965905,0.980965,0.973090,0.973841,1.001786,0.981396,0.965629,0.978447,0.980973,0.913658,0.940893,0.946354,0.964514,0.971134,0.985055,0.973090,1.029320,0.970594,1.038375
9.537850,1.020598,0.968349,0.957324,0.951273,0.964709,0.967782,0.960954,0.961749,1.017481,0.974480,0.971205,0.958889,0.969795,0.961534,0.955885,0.968620,0.966140,0.961881,1.000077,0.945248,0.966028,0.981094,0.973217,0.973960,1.001804,0.981479,0.965718,0.978564,0.981099,0.913591,0.941021,0.946452,0.964653,0.971343,0.985186,0.973217,1.029316,0.970729,1.038393
9.546180,1.020620,0.968364,0.957385,0.951360,0.964801,0.967877,0.961041,0.961834,1.017524,0.974579,0.971303,0.958988,0.969894,0.961632,0.955999,0.968739,0.966240,0.961965,1.000236,0.945425,0.966152,0.981225,0.973346,0.974080,1.001822,0.981564,0.965808,0.978683,0.981228,0.913524,0.941151,0.946551,0.964795,0.971555,0.985319,0.973346,1.029314,0.970868,1.038412
9.554510,1.020643,0.968380,0.957447,0.951448,0.964895,0.967974,0.961130,0.961919,1.017567,0.974680,0.971402,0.959088,0.969994,0.961732,0.956114,0.968861,0.966341,0.962052,1.000397,0.945604,0.966279,0.981358,0.973477,0.974203,1.001842,0.981650,0.965901,0.978805,0.981360,0.913458,0.941282,0.946651,0.964938,0.971769,0.985455,0.973477,1.029312,0.971009,1.038430
9.562840,1.020666,0.968398,0.957510,0.951538,0.964990,0.968071,0.961220,0.962006,1.017611,0.974781,0.971502,0.959189,0.970096,0.961833,0.956230,0.968985,0.966444,0.962140,1.000559,0.945786,0.966407,0.981493,0.973611,0.974328,1.001862,0.981739,0.965995,0.978929,0.981494,0.913392,0.941413,0.946753,0.965084,0.971986,0.985592,0.973611,1.029312,0.971153,1.038448
9.571170,1.020689,0.968416,0.957575,0.951629,0.965086,0.968170,0.961311,0.962094,1.017655,0.974884,0.971604,0.959292,0.970198,0.961935,0.956349,0.969110,0.966549,0.962229,1.000724,0.945970,0.966537,0.981630,0.973746,0.974454,1.001884,0.981829,0.966091,0.979056,0.981631,0.913327,0.941546,0.946855,0.965231,0.972205,0.985732,0.973746,1.029312,0.971299,1.038466
9.579500,1.020713,0.968436,0.957641,0.951721,0.965183,0.968270,0.961403,0.962182,1.017699,0.974988,0.971706,0.959396,0.970302,0.962039,0.956469,0.969237,0.966655,0.962320,1.000891,0.946155,0.966670,0.981768,0.973883,0.974582,1.001906,0.981922,0.966189,0.979186,0.981770,0.913263,0.941679,0.946959,0.965379,0.972425,0.985873,0.973883,1.029313,0.971449,1.038484
9.587830,1.020738,0.968456,0.957708,0.951814,0.965281,0.968370,0.961496,0.962272,1.017743,0.975093,0.971810,0.959500,0.970407,0.962144,0.956591,0.969366,0.966763,0.962413,1.001059,0.946343,0.966804,0.981909,0.974022,0.974713,1.001930,0.982016,0.966289,0.979317,0.981912,0.913199,0.941813,0.947063,0.965530,0.972648,0.986017,0.974022,1.029315,0.971600,1.038501
9.596160,1.020762,0.968478,0.957777,0.951909,0.965380,0.968472,0.961590,0.962362,1.017787,0.975199,0.971915,0.959606,0.970514,0.962251,0.956714,0.969497,0.966873,0.962507,1.001230,0.946533,0.966939,0.982052,0.974163,0.974844,1.001955,0.982111,0.966390,0.979451,0.982056,0.913135,0.941948,0.947168,0.965682,0.972873,0.986162,0.974163,1.029317,0.971754,1.038519
9.604490,1.020787,0.968500,0.957847,0.952004,0.965480,0.968575,0.961685,0.962453,1.017832,0.975307,0.972021,0.959713,0.970621,0.962358,0.956839,0.969629,0.966984,0.962602,1.001402,0.946724,0.967077,0.982196,0.974306,0.974978,1.001980,0.982209,0.966493,0.979587,0.982203,0.913072,0.942084,0.947274,0.965836,0.973099,0.986309,0.974306,1.029321,0.971911,1.038536
9.612820,1.020813,0.968523,0.957918,0.952101,0.965581,0.968679,0.961780,0.962545,1.017877,0.975415,0.972128,0.959821,0.970729,0.962467,0.956966,0.969763,0.967097,0.962699,1.001576,0.946917,0.967216,0.982343,0.974450,0.975113,1.002007,0.982308,0.966597,0.979726,0.982351,0.913010,0.942221,0.947381,0.965991,0.973328,0.986458,0.974450,1.029325,0.972070,1.038553
9.621150,1.020839,0.968548,0.957990,0.952199,0.965682,0.968783,0.961877,0.962638,1.017921,0.975524,0.972235,0.959930,0.970839,0.962577,0.957094,0.969899,0.967211,0.962797,1.001752,0.947112,0.967357,0.982491,0.974596,0.975250,1.002034,0.982408,0.966703,0.979866,0.982503,0.912947,0.942358,0.947489,0.966148,0.973558,0.986608,0.974596,1.029330,0.972231,1.038570
9.629480,1.020865,0.968573,0.958063,0.952298,0.965785,0.968889,0.961974,0.962731,1.017966,0.975634,0.972344,0.960040,0.970949,0.962688,0.957223,0.970036,0.967327,0.962897,1.001930,0.947309,0.967499,0.982640,0.974744,0.975389,1.002062,0.982511,0.966810,0.980009,0.982656,0.912886,0.942496,0.947598,0.966306,0.973790,0.986761,0.974744,1.029336,0.972395,1.038587
9.637810,1.020891,0.968599,0.958137,0.952398,0.965888,0.968995,0.962072,0.962826,1.018012,0.975745,0.972454,0.960151,0.971061,0.962800,0.957354,0.970174,0.967444,0.962997,1.002109,0.947507,0.967643,0.982792,0.974894,0.975529,1.002092,0.982614,0.966919,0.980154,0.982811,0.912825,0.942635,0.947707,0.966465,0.974024,0.986915,0.974894,1.029343,0.972561,1.038603
9.646140,1.020918,0.968626,0.958212,0.952499,0.965993,0.969102,0.962170,0.962920,1.018057,0.975857,0.972564,0.960262,0.971173,0.962913,0.957486,0.970314,0.967563,0.963099,1.002289,0.947707,0.967789,0.982945,0.975045,0.975670,1.002122,0.982720,0.967030,0.980301,0.982969,0.912764,0.942774,0.947817,0.966626,0.974259,0.987071,0.975045,1.029350,0.972729,1.038619
9.654470,1.020945,0.968653,0.958288,0.952601,0.966098,0.969210,0.962270,0.963016,1.018102,0.975970,0.972675,0.960375,0.971286,0.963027,0.957620,0.970456,0.967682,0.963202,1.002472,0.947908,0.967936,0.983099,0.975197,0.975813,1.002153,0.982826,0.967141,0.980449,0.983129,0.912703,0.942914,0.947928,0.966789,0.974495,0.987228,0.975197,1.029358,0.972899,1.038635
9.662800,1.020972,0.968682,0.958365,0.952704,0.966203,0.969318,0.962370,0.963112,1.018147,0.976084,0.972787,0.960488,0.971400,0.963143,0.957755,0.970599,0.967803,0.963307,1.002655,0.948111,0.968084,0.983255,0.975352,0.975958,1.002184,0.982935,0.967255,0.980600,0.983290,0.912643,0.943054,0.948039,0.966952,0.974733,0.987387,0.975352,1.029367,0.973071,1.038651
9.671130,1.021000,0.968711,0.958444,0.952807,0.966310,0.969427,0.962470,0.963209,1.018192,0.976198,0.972900,0.960602,0.971515,0.963259,0.957891,0.970743,0.967926,0.963412,1.002840,0.948316,0.968234,0.983413,0.975507,0.976104,1.002216,0.983044,0.967369,0.980752,0.983454,0.912584,0.943195,0.948150,0.967117,0.974973,0.987547,0.975507,1.029376,0.973245,1.038667
9.679460,1.021028,0.968741,0.958523,0.952912,0.966417,0.969537,0.962571,0.963306,1.018238,0.976313,0.973013,0.960717,0.971630,0.963375,0.958028,0.970888,0.968049,0.963519,1.003027,0.948521,0.968385,0.983572,0.975664,0.976251,1.002250,0.983155,0.967485,0.980907,0.983620,0.912525,0.943337,0.948263,0.967283,0.975214,0.987709,0.975664,1.029386,0.973421,1.038682
9.687790,1.021056,0.968772,0.958602,0.953017,0.966525,0.969647,0.962673,0.963404,1.018283,0.976428,0.973127,0.960833,0.971747,0.963493,0.958166,0.971035,0.968174,0.963626,1.003214,0.948728,0.968538,0.983732,0.975823,0.976399,1.002283,0.983267,0.967602,0.981063,0.983787,0.912466,0.943479,0.948375,0.967451,0.975456,0.987872,0.975823,1.029396,0.973599,1.038697
9.696120,1.021084,0.968803,0.958683,0.953123,0.966633,0.969758,0.962775,0.963502,1.018329,0.976545,0.973242,0.960949,0.971863,0.963612,0.958306,0.971183,0.968300,0.963735,1.003403,0.948937,0.968692,0.983894,0.975982,0.976549,1.002318,0.983381,0.967720,0.981221,0.983956,0.912408,0.943621,0.948488,0.967619,0.975699,0.988037,0.975982,1.029407,0.973779,1.038712
9.704450,1.021112,0.968836,0.958765,0.953230,0.966742,0.969870,0.962878,0.963601,1.018374,0.976662,0.973357,0.961065,0.971981,0.963731,0.958446,0.971332,0.968427,0.963845,1.003594,0.949146,0.968847,0.984056,0.976143,0.976700,1.002353,0.983495,0.967839,0.981380,0.984127,0.912350,0.943764,0.948602,0.967788,0.975943,0.988203,0.976143,1.029419,0.973961,1.038727
9.712780,1.021141,0.968868,0.958847,0.953337,0.966851,0.969982,0.962981,0.963700,1.018419,0.976779,0.973473,0.961183,0.972099,0.963851,0.958588,0.971482,0.968554,0.963955,1.003785,0.949356,0.969003,0.984221,0.976305,0.976852,1.002389,0.983611,0.967959,0.981541,0.984300,0.912292,0.943907,0.948716,0.967959,0.976189,0.988370,0.976305,1.029431,0.974145,1.038742
9.721110,1.021170,0.968902,0.958930,0.953446,0.966961,0.970095,0.963085,0.963800,1.018464,0.976897,0.973589,0.961301,0.972218,0.963972,0.958730,0.971634,0.968683,0.964067,1.003978,0.949568,0.969160,0.984386,0.976469,0.977005,1.002425,0.983728,0.968081,0.981704,0.984474,0.912235,0.944050,0.948830,0.968130,0.976435,0.988539,0.976469,1.029444,0.974330,1.038756
9.729440,1.021199,0.968936,0.959014,0.953554,0.967072,0.970208,0.963189,0.963900,1.018510,0.977016,0.973706,0.961419,0.972337,0.964093,0.958874,0.971786,0.968813,0.964179,1.004171,0.949781,0.969319,0.984553,0.976634,0.977159,1.002462,0.983846,0.968203,0.981868,0.984650,0.912177,0.944194,0.948944,0.968302,0.976682,0.988708,0.976634,1.029457,0.974517,1.038770
9.737770,1.021228,0.968970,0.959099,0.953664,0.967183,0.970321,0.963293,0.964001,1.018555,0.977135,0.973823,0.961538,0.972457,0.964215,0.959018,0.971939,0.968944,0.964292,1.004366,0.949994,0.969478,0.984721,0.976799,0.977314,1.002500,0.983965,0.968326,0.982034,0.984827,0.912121,0.944338,0.949059,0.968475,0.976931,0.988879,0.976799,1.029471,0.974705,1.038784
9.746100,1.021257,0.969005,0.959184,0.953774,0.967294,0.970435,0.963398,0.964101,1.018600,0.977254,0.973941,0.961658,0.972578,0.964338,0.959164,0.972093,0.969076,0.964406,1.004561,0.950209,0.969639,0.984890,0.976966,0.977470,1.002538,0.984085,0.968451,0.982201,0.985006,0.912064,0.944483,0.949174,0.968649,0.977180,0.989051,0.976966,1.029485,0.974895,1.038797
9.754430,1.021286,0.969041,0.959269,0.953884,0.967406,0.970549,0.963503,0.964202,1.018645,0.977374,0.974059,0.961777,0.972698,0.964461,0.959310,0.972248,0.969208,0.964521,1.004757,0.950424,0.969800,0.985059,0.977134,0.977627,1.002577,0.984206,0.968576,0.982369,0.985186,0.912008,0.944627,0.949289,0.968824,0.977429,0.989225,0.977134,1.029500,0.975086,1.038810
9.762760,1.021316,0.969077,0.959356,0.953995,0.967518,0.970664,0.963609,0.964304,1.018690,0.977494,0.974177,0.961898,0.972820,0.964585,0.959457,0.972404,0.969342,0.964636,1.004955,0.950641,0.969963,0.985230,0.977303,0.977786,1.002616,0.984328,0.968702,0.982539,0.985368,0.911952,0.944772,0.949405,0.969000,0.977680,0.989399,0.977303,1.029515,0.975279,1.038823
9.771090,1.021345,0.969114,0.959443,0.954107,0.967630,0.970779,0.963714,0.964405,1.018735,0.977615,0.974296,0.962018,0.972941,0.964710,0.959604,0.972561,0.969476,0.964752,1.005153,0.950858,0.970126,0.985402,0.977473,0.977944,1.002655,0.984451,0.968829,0.982710,0.985551,0.911896,0.944917,0.949520,0.969176,0.977931,0.989574,0.977473,1.029530,0.975474,1.038836
9.779420,1.021375,0.969151,0.959530,0.954219,0.967743,0.970894,0.963820,0.964507,1.018779,0.977736,0.974415,0.962139,0.973063,0.964834,0.959753,0.972719,0.969611,0.964869,1.005352,0.951075,0.970290,0.985575,0.977643,0.978104,1.002695,0.984575,0.968957,0.982882,0.985735,0.911841,0.945062,0.949636,0.969353,0.978183,0.989751,0.977643,1.029546,0.975669,1.038848
9.787750,1.021405,0.969188,0.959618,0.954331,0.967856,0.971010,0.963927,0.964609,1.018824,0.977857,0.974535,0.962260,0.973186,0.964959,0.959902,0.972877,0.969746,0.964987,1.005551,0.951294,0.970455,0.985749,0.977815,0.978265,1.002736,0.984699,0.969086,0.983056,0.985920,0.911786,0.945208,0.949752,0.969531,0.978435,0.989928,0.977815,1.029562,0.975866,1.038860
9.796080,1.021435,0.969226,0.959707,0.954444,0.967969,0.971125,0.964033,0.964712,1.018868,0.977978,0.974655,0.962382,0.973308,0.965085,0.960051,0.973036,0.969882,0.965105,1.005752,0.951513,0.970621,0.985924,0.977987,0.978426,1.002777,0.984825,0.969215,0.983230,0.986107,0.911731,0.945353,0.949867,0.969709,0.978688,0.990106,0.977987,1.029578,0.976065,1.038872
9.804410,1.021464,0.969264,0.959796,0.954557,0.968083,0.971241,0.964140,0.964814,1.018912,0.978100,0.974774,0.962504,0.973431,0.965211,0.960202,0.973196,0.970019,0.965223,1.005952,0.951732,0.970787,0.986099,0.978161,0.978588,1.002818,0.984951,0.969345,0.983406,0.986295,0.911676,0.945499,0.949983,0.969888,0.978941,0.990286,0.978161,1.029595,0.976264,1.038884
9.812740,1.021494,0.969303,0.959885,0.954671,0.968197,0.971358,0.964246,0.964917,1.018956,0.978222,0.974895,0.962626,0.973554,0.965337,0.960352,0.973356,0.970157,0.965342,1.006154,0.951952,0.970955,0.986275,0.978335,0.978751,1.002860,0.985078,0.969475,0.983583,0.986484,0.911621,0.945645,0.950099,0.970067,0.979195,0.990466,0.978335,1.029612,0.976464,1.038895
9.821070,1.021524,0.969342,0.959975,0.954785,0.968310,0.971474,0.964353,0.965019,1.019000,0.978344,0.975015,0.962748,0.973678,0.965464,0.960504,0.973517,0.970295,0.965462,1.006356,0.952173,0.971123,0.986452,0.978509,0.978914,1.002902,0.985205,0.969607,0.983760,0.986674,0.911567,0.945790,0.950215,0.970247,0.979448,0.990646,0.978509,1.029630,0.976666,1.038906
9.829400,1.021554,0.969381,0.960065,0.954899,0.968424,0.971590,0.964460,0.965122,1.019044,0.978466,0.975135,0.962870,0.973801,0.965591,0.960656,0.973679,0.970433,0.965582,1.006559,0.952394,0.971291,0.986630,0.978685,0.979078,1.002944,0.985333,0.969738,0.983939,0.986865,0.911512,0.945936,0.950330,0.970427,0.979703,0.990828,0.978685,1.029647,0.976869,1.038917
9.837730,1.021584,0.969421,0.960155,0.955013,0.968539,0.971707,0.964567,0.965225,1.019087,0.978588,0.975256,0.962993,0.973925,0.965718,0.960808,0.973841,0.970572,0.965703,1.006762,0.952615,0.971460,0.986808,0.978861,0.979242,1.002986,0.985462,0.969871,0.984118,0.987056,0.911458,0.946082,0.950446,0.970608,0.979957,0.991010,0.978861,1.029665,0.977072,1.038927
9.846060,1.021614,0.969460,0.960246,0.955128,0.968653,0.971824,0.964675,0.965328,1.019131,0.978711,0.975377,0.963115,0.974049,0.965846,0.960961,0.974003,0.970712,0.965824,1.006965,0.952837,0.971630,0.986987,0.979037,0.979407,1.003029,0.985591,0.970004,0.984299,0.987249,0.911404,0.946228,0.950562,0.970789,0.980211,0.991193,0.979037,1.029683,0.977277,1.038938
9.854390,1.021644,0.969501,0.960337,0.955243,0.968767,0.971940,0.964782,0.965431,1.019174,0.978833,0.975497,0.963238,0.974173,0.965973,0.961114,0.974166,0.970852,0.965945,1.007169,0.953059,0.971800,0.987167,0.979215,0.979573,1.003072,0.985721,0.970137,0.984480,0.987443,0.911350,0.946374,0.950677,0.970970,0.980466,0.991377,0.979215,1.029702,0.977483,1.038948
9.862720,1.021673,0.969541,0.960428,0.955358,0.968882,0.972057,0.964889,0.965534,1.019217,0.978956,0.975618,0.963361,0.974297,0.966101,0.961267,0.974330,0.970992,0.966066,1.007373,0.953281,0.971971,0.987347,0.979393,0.979738,1.003115,0.985851,0.970271,0.984661,0.987637,0.911296,0.946519,0.950792,0.971152,0.980721,0.991561,0.979393,1.029720,0.977689,1.038957
9.871050,1.021703,0.969581,0.960520,0.955473,0.968996,0.972174,0.964996,0.965637,1.019259,0.979078,0.975739,0.963484,0.974421,0.966229,0.961421,0.974493,0.971133,0.966188,1.007577,0.953504,0.972142,0.987528,0.979571,0.979905,1.003158,0.985982,0.970405,0.984844,0.987832,0.911243,0.946665,0.950907,0.971334,0.980975,0.991746,0.979571,1.029739,0.977896,1.038966
9.879380,1.021733,0.969622,0.960611,0.955588,0.969110,0.972291,0.965104,0.965740,1.019302,0.979201,0.975860,0.963607,0.974545,0.966357,0.961575,0.974658,0.971274,0.966310,1.007782,0.953726,0.972313,0.987709,0.979750,0.980071,1.003202,0.986113,0.970539,0.985027,0.988028,0.911189,0.946811,0.951022,0.971516,0.981230,0.991932,0.979750,1.029758,0.978104,1.038975
9.887710,1.021762,0.969663,0.960703,0.955703,0.969225,0.972408,0.965211,0.965843,1.019344,0.979323,0.975980,0.963729,0.974669,0.966485,0.961730,0.974822,0.971415,0.966433,1.007987,0.953949,0.972485,0.987891,0.979929,0.980238,1.003246,0.986244,0.970674,0.985211,0.988225,0.911135,0.946956,0.951137,0.971698,0.981484,0.992118,0.979929,1.029777,0.978313,1.038984
9.896040,1.021792,0.969703,0.960795,0.955819,0.969339,0.972524,0.965318,0.965946,1.019386,0.979446,0.976101,0.963852,0.974793,0.966613,0.961884,0.974987,0.971556,0.966555,1.008191,0.954172,0.972658,0.988073,0.980108,0.980406,1.003289,0.986376,0.970810,0.985396,0.988422,0.911082,0.947102,0.951251,0.971880,0.981739,0.992305,0.980108,1.029796,0.978522,1.038993
9.904370,1.021821,0.969744,0.960887,0.955934,0.969454,0.972641,0.965425,0.966048,1.019427,0.979568,0.976222,0.963975,0.974917,0.966742,0.962039,0.975151,0.971698,0.966678,1.008397,0.954394,0.972830,0.988255,0.980288,0.980573,1.003333,0.986508,0.970945,0.985581,0.988619,0.911028,0.947247,0.951365,0.972063,0.981993,0.992492,0.980288,1.029815,0.978732,1.039001
9.912700,1.021850,0.969785,0.960979,0.956049,0.969568,0.972758,0.965532,0.966151,1.019469,0.979691,0.976342,0.964098,0.975041,0.966870,0.962194,0.975316,0.971840,0.966801,1.008602,0.954617,0.973003,0.988438,0.980469,0.980741,1.003377,0.986641,0.971081,0.985766,0.988818,0.910974,0.947392,0.951479,0.972246,0.982247,0.992679,0.980469,1.029834,0.978943,1.039009
9.921030,1.021879,0.969826,0.961072,0.956165,0.969682,0.972874,0.965639,0.966253,1.019510,0.979813,0.976463,0.964220,0.975165,0.966998,0.962349,0.975482,0.971982,0.966924,1.008807,0.954840,0.973176,0.988621,0.980649,0.980909,1.003421,0.986774,0.971217,0.985952,0.989016,0.910921,0.947537,0.951593,0.972428,0.982500,0.992867,0.980649,1.029853,0.979154,1.039016
9.929360,1.021908,0.969868,0.961164,0.956280,0.969796,0.972990,0.965745,0.966356,1.019551,0.979935,0.976583,0.964343,0.975289,0.967126,0.962504,0.975647,0.972124,0.967047,1.009012,0.955062,0.973349,0.988805,0.980830,0.981077,1.003465,0.986907,0.971353,0.986139,0.989216,0.910867,0.947682,0.951706,0.972611,0.982754,0.993055,0.980830,1.029873,0.979365,1.039023
9.937690,1.021937,0.969909,0.961256,0.956395,0.969910,0.973107,0.965852,0.966458,1.019591,0.980057,0.976703,0.964465,0.975413,0.967254,0.962660,0.975813,0.972266,0.967170,1.009217,0.955285,0.973523,0.988988,0.981011,0.981245,1.003509,0.987040,0.971489,0.986325,0.989415,0.910813,0.947826,0.951819,0.972794,0.983007,0.993244,0.981011,1.029892,0.979578,1.039030
9.946020,1.021965,0.969950,0.961349,0.956511,0.970024,0.973223,0.965958,0.966560,1.019632,0.980178,0.976823,0.964587,0.975536,0.967382,0.962815,0.975978,0.972408,0.967294,1.009423,0.955507,0.973696,0.989172,0.981192,0.981414,1.003553,0.987173,0.971625,0.986512,0.989615,0.910760,0.947971,0.951932,0.972977,0.983259,0.993433,0.981192,1.029911,0.979790,1.039037
9.954350,1.021993,0.969991,0.961441,0.956626,0.970137,0.973338,0.966064,0.966662,1.019672,0.980300,0.976943,0.964709,0.975659,0.967510,0.962970,0.976144,0.972551,0.967417,1.009628,0.955729,0.973870,0.989356,0.981374,0.981582,1.003597,0.987306,0.971761,0.986700,0.989815,0.910706,0.948115,0.952044,0.973159,0.983511,0.993622,0.981374,1.029931,0.980003,1.039043
9.962680,1.022022,0.970032,0.961533,0.956741,0.970251,0.973454,0.966170,0.966763,1.019711,0.980421,0.977062,0.964831,0.975783,0.967638,0.963125,0.976309,0.972693,0.967540,1.009832,0.955951,0.974044,0.989540,0.981555,0.981751,1.003641,0.987440,0.971898,0.986887,0.990016,0.910652,0.948259,0.952156,0.973342,0.983763,0.993812,0.981555,1.029950,0.980216,1.039049
9.971010,1.022050,0.970073,0.961625,0.956856,0.970364,0.973570,0.966276,0.966865,1.019751,0.980542,0.977182,0.964952,0.975905,0.967766,0.963281,0.976475,0.972835,0.967663,1.010037,0.956172,0.974218,0.989725,0.981737,0.981919,1.003685,0.987573,0.972034,0.987075,0.990217,0.910598,0.948402,0.952267,0.973524,0.984014,0.994002,0.981737,1.029969,0.980430,1.039055
9.979340,1.022077,0.970113,0.961717,0.956970,0.970477,0.973685,0.966382,0.966966,1.019790,0.980663,0.977301,0.965073,0.976028,0.967893,0.963436,0.976640,0.972977,0.967786,1.010242,0.956393,0.974391,0.989909,0.981919,0.982087,1.003729,0.987707,0.972171,0.987263,0.990418,0.910544,0.948545,0.952378,0.973706,0.984264,0.994191,0.981919,1.029988,0.980643,1.039060
9.987670,1.022105,0.970154,0.961809,0.957085,0.970590,0.973800,0.966487,0.967067,1.019829,0.980783,0.977419,0.965194,0.976150,0.968020,0.963591,0.976805,0.973119,0.967909,1.010446,0.956614,0.974565,0.990093,0.982100,0.982256,1.003773,0.987840,0.972307,0.987451,0.990619,0.910489,0.948688,0.952489,0.973888,0.984514,0.994382,0.982100,1.030007,0.980857,1.039066
9.996000,1.022132,0.970195,0.961900,0.957199,0.970702,0.973914,0.966592,0.967168,1.019867,0.980903,0.977538,0.965315,0.976272,0.968147,0.963746,0.976971,0.973261,0.968032,1.010650,0.956834,0.974739,0.990278,0.982282,0.982424,1.003816,0.987974,0.972443,0.987640,0.990820,0.910435,0.948831,0.952599,0.974070,0.984763,0.994572,0.982282,1.030026,0.981072,1.039070
10.000000,1.022145,0.970214,0.961944,0.957254,0.970756,0.973969,0.966642,0.967216,1.019885,0.980961,0.977595,0.965373,0.976331,0.968208,0.963820,0.977050,0.973330,0.968091,1.010748,0.956940,0.974822,0.990366,0.982369,0.982505,1.003837,0.988038,0.972509,0.987730,0.990917,0.910409,0.948899,0.952651,0.974157,0.984883,0.994663,0.982369,1.030035,0.981175,1.039073
10.000000,1.022145,0.970214,0.961944,0.957254,0.970756,0.973969,0.966642,0.967216,1.019885,0.980961,0.977595,0.965373,0.976331,0.968208,0.963820,0.977050,0.973330,0.968091,1.010748,0.956940,0.974822,0.990366,0.982369,0.982505,1.003837,0.988038,0.972509,0.987730,0.990917,0.910409,0.948899,0.952651,0.974157,0.984883,0.994663,0.982369,1.030035,0.981175,1.039073
