Results,B01,B02,B03,B04,B05,B06,B07,B08,B09,B10,B11,B12,B13,B14,B15,B16,B17,B18,B19,B20,B21,B22,B23,B24,B25,B26,B27,B28,B29,B30,B31,B32,B33,B34,B35,B36,B37,B38,B39
Time in s,u. Magnitude in p.u.,u. Magnitude in p.u.,u. Magnitude in p.u.,u. Magnitude in p.u.,u. Magnitude in p.u.,u. Magnitude in p.u.,u. Magnitude in p.u.,u. Magnitude in p.u.,u. Magnitude in p.u.,u. Magnitude in p.u.,u. Magnitude in p.u.,u. Magnitude in p.u.,u. Magnitude in p.u.,u. Magnitude in p.u.,u. Magnitude in p.u.,u. Magnitude in p.u.,u. Magnitude in p.u.,u. Magnitude in p.u.,u. Magnitude in p.u.,u. Magnitude in p.u.,u. Magnitude in p.u.,u. Magnitude in p.u.,u. Magnitude in p.u.,u. Magnitude in p.u.,u. Magnitude in p.u.,u. Magnitude in p.u.,u. Magnitude in p.u.,u. Magnitude in p.u.,u. Magnitude in p.u.,u. Magnitude in p.u.,u. Magnitude in p.u.,u. Magnitude in p.u.,u. Magnitude in p.u.,u. Magnitude in p.u.,u. Magnitude in p.u.,u. Magnitude in p.u.,u. Magnitude in p.u.,u. Magnitude in p.u.,u. Magnitude in p.u.
0.000000,1.044943,1.040310,1.040406,1.030400,1.033833,1.034193,1.033481,1.033545,1.043898,1.034511,1.034085,1.030753,1.034686,1.036179,1.041969,1.045047,1.046414,1.044353,1.043339,0.981470,1.040677,1.035832,1.036414,1.046988,1.032909,1.050012,1.048252,1.038237,1.028643,0.999480,0.966827,0.965569,0.974478,0.977170,1.000204,1.037973,0.992002,0.982245,1.030294
0.008330,1.044943,1.040310,1.040406,1.030400,1.033833,1.034193,1.033481,1.033545,1.043898,1.034511,1.034085,1.030753,1.034686,1.036179,1.041969,1.045047,1.046414,1.044353,1.043339,0.981470,1.040677,1.035832,1.036414,1.046988,1.032909,1.050012,1.048252,1.038237,1.028643,0.999480,0.966827,0.965569,0.974478,0.977170,1.000204,1.037973,0.992002,0.982245,1.030294
0.016660,1.044943,1.040310,1.040406,1.030400,1.033833,1.034193,1.033481,1.033545,1.043898,1.034511,1.034085,1.030753,1.034686,1.036179,1.041969,1.045047,1.046414,1.044353,1.043339,0.981470,1.040677,1.035832,1.036414,1.046988,1.032909,1.050012,1.048252,1.038237,1.028643,0.999480,0.966827,0.965569,0.974478,0.977170,1.000204,1.037973,0.992002,0.982245,1.030294
0.024990,1.044943,1.040310,1.040406,1.030400,1.033833,1.034193,1.033481,1.033545,1.043898,1.034511,1.034085,1.030753,1.034686,1.036179,1.041969,1.045047,1.046414,1.044353,1.043339,0.981470,1.040677,1.035832,1.036414,1.046988,1.032909,1.050012,1.048252,1.038237,1.028643,0.999480,0.966827,0.965569,0.974478,0.977170,1.000204,1.037973,0.992002,0.982245,1.030294
0.033320,1.044943,1.040310,1.040406,1.030400,1.033833,1.034193,1.033481,1.033545,1.043898,1.034511,1.034085,1.030753,1.034686,1.036179,1.041969,1.045047,1.046414,1.044353,1.043339,0.981470,1.040677,1.035832,1.036414,1.046988,1.032909,1.050012,1.048252,1.038237,1.028643,0.999480,0.966827,0.965569,0.974478,0.977170,1.000204,1.037973,0.992002,0.982245,1.030294
0.041650,1.044943,1.040310,1.040406,1.030400,1.033833,1.034193,1.033481,1.033545,1.043898,1.034511,1.034085,1.030753,1.034686,1.036179,1.041969,1.045047,1.046414,1.044353,1.043339,0.981470,1.040677,1.035832,1.036414,1.046988,1.032909,1.050012,1.048252,1.038237,1.028643,0.999480,0.966827,0.965569,0.974478,0.977170,1.000204,1.037973,0.992002,0.982245,1.030294
0.049980,1.044943,1.040310,1.040406,1.030400,1.033833,1.034193,1.033481,1.033545,1.043898,1.034511,1.034085,1.030753,1.034686,1.036179,1.041969,1.045047,1.046414,1.044353,1.043339,0.981470,1.040677,1.035832,1.036414,1.046988,1.032909,1.050012,1.048252,1.038237,1.028643,0.999480,0.966827,0.965569,0.974478,0.977170,1.000204,1.037973,0.992002,0.982245,1.030294
0.058310,1.044943,1.040310,1.040406,1.030400,1.033833,1.034193,1.033481,1.033545,1.043898,1.034511,1.034085,1.030753,1.034686,1.036179,1.041969,1.045047,1.046414,1.044353,1.043339,0.981470,1.040677,1.035832,1.036414,1.046988,1.032909,1.050012,1.048252,1.038237,1.028643,0.999480,0.966827,0.965569,0.974478,0.977170,1.000204,1.037973,0.992002,0.982245,1.030294
0.066640,1.044943,1.040310,1.040406,1.030400,1.033833,1.034193,1.033481,1.033545,1.043898,1.034511,1.034085,1.030753,1.034686,1.036179,1.041969,1.045047,1.046414,1.044353,1.043339,0.981470,1.040677,1.035832,1.036414,1.046988,1.032909,1.050012,1.048252,1.038237,1.028643,0.999480,0.966827,0.965569,0.974478,0.977170,1.000204,1.037973,0.992002,0.982245,1.030294
0.074970,1.044943,1.040310,1.040406,1.030400,1.033833,1.034193,1.033481,1.033545,1.043898,1.034511,1.034085,1.030753,1.034686,1.036179,1.041969,1.045047,1.046414,1.044353,1.043339,0.981470,1.040677,1.035832,1.036414,1.046988,1.032909,1.050012,1.048252,1.038237,1.028643,0.999480,0.966827,0.965569,0.974478,0.977170,1.000204,1.037973,0.992002,0.982245,1.030294
0.083300,1.044943,1.040310,1.040406,1.030400,1.033833,1.034193,1.033481,1.033545,1.043898,1.034511,1.034085,1.030753,1.034686,1.036179,1.041969,1.045047,1.046414,1.044353,1.043339,0.981470,1.040677,1.035832,1.036414,1.046988,1.032909,1.050012,1.048252,1.038237,1.028643,0.999480,0.966827,0.965569,0.974478,0.977170,1.000204,1.037973,0.992002,0.982245,1.030294
0.091630,1.044943,1.040310,1.040406,1.030400,1.033833,1.034193,1.033481,1.033545,1.043898,1.034511,1.034085,1.030753,1.034686,1.036179,1.041969,1.045047,1.046414,1.044353,1.043339,0.981470,1.040677,1.035832,1.036414,1.046988,1.032909,1.050012,1.048252,1.038237,1.028643,0.999480,0.966827,0.965569,0.974478,0.977170,1.000204,1.037973,0.992002,0.982245,1.030294
0.099960,1.044943,1.040310,1.040406,1.030400,1.033833,1.034193,1.033481,1.033545,1.043898,1.034511,1.034085,1.030753,1.034686,1.036179,1.041969,1.045047,1.046414,1.044353,1.043339,0.981470,1.040677,1.035832,1.036414,1.046988,1.032909,1.050012,1.048252,1.038237,1.028643,0.999480,0.966827,0.965569,0.974478,0.977170,1.000204,1.037973,0.992002,0.982245,1.030294
0.108290,1.044943,1.040310,1.040406,1.030400,1.033833,1.034193,1.033481,1.033545,1.043898,1.034511,1.034085,1.030753,1.034686,1.036179,1.041969,1.045047,1.046414,1.044353,1.043339,0.981470,1.040677,1.035832,1.036414,1.046988,1.032909,1.050012,1.048252,1.038237,1.028643,0.999480,0.966827,0.965569,0.974478,0.977170,1.000204,1.037973,0.992002,0.982245,1.030294
0.116620,0.889562,0.769643,0.657815,0.669160,0.701412,0.701398,0.719320,0.728567,0.868919,0.665624,0.676742,0.659313,0.651264,0.615808,0.445755,0.363146,0.485498,0.551387,0.322275,0.390122,0.421467,0.482253,0.488222,0.405795,0.749109,0.663994,0.582030,0.719614,0.727290,0.851775,0.679352,0.636276,0.371369,0.462171,0.523060,0.579063,0.755800,0.731355,0.948224
0.124950,0.870203,0.740673,0.621431,0.623639,0.657630,0.657544,0.676828,0.686731,0.843820,0.621234,0.632538,0.615087,0.606897,0.571458,0.403893,0.325104,0.448289,0.514491,0.263653,0.316051,0.373745,0.425051,0.427624,0.357461,0.718836,0.628999,0.546044,0.683229,0.692177,0.832813,0.635066,0.593742,0.299557,0.375604,0.463041,0.500831,0.724406,0.698769,0.935132
0.133280,0.857289,0.721867,0.598844,0.595445,0.630463,0.630352,0.650385,0.660646,0.827626,0.593877,0.605245,0.587886,0.579638,0.544415,0.379545,0.303587,0.426398,0.492331,0.237573,0.280819,0.346833,0.392994,0.395167,0.330003,0.699183,0.607037,0.524129,0.659801,0.669366,0.819566,0.607718,0.567359,0.271958,0.335289,0.427366,0.464221,0.703295,0.677166,0.926063
0.141610,0.847899,0.708417,0.583221,0.576136,0.611885,0.611777,0.632271,0.642752,0.816208,0.575255,0.586648,0.569388,0.561104,0.526077,0.363459,0.289587,0.411768,0.477320,0.223201,0.261074,0.329346,0.372257,0.374717,0.312120,0.685166,0.591750,0.509152,0.643291,0.653211,0.809512,0.589244,0.549404,0.257799,0.313398,0.403587,0.443122,0.687995,0.661705,0.919329
0.149940,0.840582,0.697979,0.571310,0.561535,0.597895,0.597807,0.618624,0.629259,0.807482,0.561276,0.572678,0.555504,0.547185,0.512291,0.351484,0.279243,0.400814,0.465999,0.213629,0.247999,0.316509,0.357153,0.359965,0.298858,0.674340,0.580111,0.497835,0.630699,0.640878,0.801389,0.575535,0.535994,0.248643,0.299393,0.386196,0.428645,0.676169,0.649878,0.914061
0.158270,0.834559,0.689329,0.561468,0.549495,0.586425,0.586365,0.607442,0.618200,0.800347,0.549834,0.561242,0.544138,0.535778,0.500957,0.341618,0.270749,0.391809,0.456673,0.206214,0.237934,0.306114,0.345079,0.348166,0.287877,0.665419,0.570575,0.488548,0.620434,0.630846,0.794517,0.564454,0.525102,0.241683,0.288965,0.372474,0.417398,0.666516,0.640295,0.909776
0.166600,0.829396,0.681800,0.552834,0.538890,0.576383,0.576358,0.597666,0.608534,0.794208,0.539819,0.551234,0.534187,0.525777,0.490977,0.332847,0.263206,0.383869,0.448467,0.199772,0.229197,0.297048,0.334713,0.337973,0.278012,0.657697,0.562309,0.480436,0.611618,0.622262,0.788510,0.554863,0.515645,0.235729,0.280166,0.360953,0.407847,0.658277,0.632156,0.906193
0.174930,0.824848,0.675040,0.544976,0.529166,0.567230,0.567243,0.588771,0.599744,0.788753,0.530683,0.542109,0.525107,0.516638,0.481817,0.324697,0.256197,0.376570,0.440953,0.193828,0.221104,0.288780,0.325412,0.328769,0.268735,0.650798,0.554880,0.473071,0.603775,0.614658,0.783148,0.546198,0.507077,0.230333,0.272207,0.350858,0.399347,0.651022,0.625007,0.903146
0.183260,0.820778,0.668859,0.537684,0.520064,0.558705,0.558757,0.580503,0.591579,0.783820,0.522162,0.533603,0.516636,0.508100,0.473224,0.316953,0.249538,0.369713,0.433927,0.188187,0.213387,0.281059,0.316855,0.320256,0.259833,0.644518,0.548063,0.466240,0.596650,0.607773,0.778304,0.538181,0.499130,0.225300,0.264766,0.341769,0.391583,0.644498,0.618586,0.900534
0.191590,0.817107,0.663163,0.530868,0.511481,0.550702,0.550793,0.572756,0.583935,0.779328,0.514148,0.525608,0.508670,0.500060,0.465103,0.309552,0.243180,0.363226,0.427311,0.182815,0.206024,0.273793,0.308911,0.312326,0.251270,0.638752,0.541750,0.459852,0.590106,0.601471,0.773902,0.530688,0.491687,0.220587,0.257788,0.333478,0.384434,0.638562,0.612745,0.898295
0.199920,0.910568,0.826133,0.762665,0.727913,0.749638,0.749961,0.760569,0.766169,0.883942,0.735648,0.739895,0.730606,0.730624,0.718966,0.674743,0.662865,0.706975,0.728392,0.587502,0.531821,0.649661,0.637243,0.636022,0.645092,0.809086,0.775681,0.744096,0.781580,0.782263,0.861202,0.701731,0.689096,0.548708,0.532016,0.608855,0.641159,0.778697,0.762480,0.947445
0.208250,0.929388,0.856121,0.803243,0.771657,0.791068,0.791495,0.800304,0.805021,0.907011,0.779642,0.783098,0.774731,0.775448,0.765910,0.731159,0.722733,0.758980,0.776047,0.671579,0.612844,0.711259,0.700350,0.701328,0.707240,0.840597,0.815872,0.789698,0.818379,0.817382,0.878410,0.741172,0.729973,0.632779,0.614036,0.668124,0.713420,0.807768,0.793270,0.959182
0.216580,0.942005,0.875564,0.828830,0.799513,0.817576,0.818066,0.825817,0.830014,0.922353,0.807580,0.810598,0.802763,0.803813,0.795353,0.765322,0.758533,0.790634,0.805394,0.718636,0.659101,0.748267,0.738491,0.739991,0.744336,0.861102,0.841342,0.818006,0.842253,0.840315,0.890116,0.766564,0.756140,0.678556,0.661534,0.705446,0.754095,0.827326,0.813744,0.967566
0.224910,0.951007,0.889023,0.846067,0.818343,0.835546,0.836069,0.843162,0.847036,0.933184,0.826387,0.829147,0.821629,0.822855,0.814989,0.787423,0.781441,0.811248,0.824723,0.746519,0.686461,0.772093,0.763204,0.764692,0.768008,0.875326,0.858566,0.836788,0.858701,0.856197,0.898651,0.783799,0.773835,0.705230,0.689606,0.730336,0.779180,0.841204,0.828127,0.973920
0.233240,0.957870,0.899055,0.858641,0.832107,0.848681,0.849218,0.855868,0.859523,0.941373,0.840046,0.842642,0.835328,0.836661,0.829167,0.802987,0.797403,0.825837,0.838546,0.764279,0.703713,0.788733,0.780504,0.781833,0.784513,0.885936,0.871135,0.850288,0.870854,0.867969,0.905331,0.796359,0.786695,0.721951,0.707149,0.748032,0.796105,0.851658,0.838886,0.979016
0.241570,0.963447,0.907114,0.868627,0.843066,0.859107,0.859644,0.865959,0.869449,0.948002,0.850836,0.853315,0.846153,0.847563,0.840351,0.815085,0.809705,0.837188,0.849376,0.776925,0.715853,0.801504,0.793730,0.794909,0.797297,0.894450,0.881079,0.860881,0.880513,0.877332,0.910904,0.806257,0.796822,0.733699,0.719266,0.761557,0.808769,0.860023,0.847468,0.983309
0.249900,0.968188,0.913945,0.877067,0.852366,0.867912,0.868440,0.874480,0.877834,0.953639,0.859925,0.862309,0.855274,0.856750,0.849786,0.825226,0.819954,0.846679,0.858465,0.786893,0.725395,0.812046,0.804551,0.805618,0.808030,0.901655,0.889434,0.869759,0.888623,0.885187,0.915752,0.814547,0.805311,0.742816,0.728600,0.772512,0.818964,0.867032,0.854658,0.987047
0.258230,0.972331,0.919921,0.884463,0.860557,0.875627,0.876140,0.881940,0.885175,0.958575,0.867878,0.870181,0.863259,0.864796,0.858066,0.834124,0.828908,0.854967,0.866411,0.795326,0.733507,0.821154,0.813803,0.814798,0.817489,0.907948,0.896713,0.877503,0.895671,0.892001,0.920064,0.821742,0.812701,0.750416,0.736389,0.781744,0.827580,0.873079,0.860879,0.990367
0.266560,0.976020,0.925253,0.891091,0.867933,0.882543,0.883039,0.888622,0.891749,0.962983,0.875006,0.877235,0.870420,0.872014,0.865512,0.842154,0.836976,0.862412,0.873542,0.802884,0.740842,0.829273,0.821966,0.822927,0.826077,0.913556,0.903209,0.884433,0.901936,0.898048,0.923949,0.828140,0.819296,0.757170,0.743344,0.789766,0.835140,0.878409,0.866378,0.993356
0.274890,0.979325,0.930035,0.897059,0.874604,0.888775,0.889251,0.894638,0.897669,0.966945,0.881430,0.883591,0.876875,0.878524,0.872240,0.849443,0.844292,0.869139,0.879976,0.809738,0.747561,0.836566,0.829234,0.830185,0.833920,0.918582,0.909043,0.890675,0.907545,0.903454,0.927456,0.833856,0.825220,0.763254,0.749655,0.796811,0.841837,0.883144,0.871281,0.996062
0.283220,0.982293,0.934320,0.902420,0.880621,0.894380,0.894835,0.900049,0.902994,0.970514,0.887210,0.889308,0.882684,0.884386,0.878307,0.856043,0.850915,0.875210,0.885771,0.815950,0.753709,0.843113,0.835708,0.836668,0.841067,0.923087,0.914281,0.896293,0.912571,0.908294,0.930612,0.838954,0.830538,0.768737,0.755386,0.803015,0.847775,0.887364,0.875661,0.998519
0.291550,0.984954,0.938141,0.907205,0.886010,0.899390,0.899825,0.904885,0.907755,0.973724,0.892378,0.894418,0.887879,0.889628,0.883739,0.861974,0.856866,0.880651,0.890958,0.821520,0.759271,0.848951,0.841443,0.842422,0.847532,0.927108,0.918962,0.901320,0.917057,0.912614,0.933438,0.843470,0.835284,0.773627,0.760529,0.808455,0.853005,0.891119,0.879567,1.000752
0.299880,0.987328,0.941521,0.911437,0.890788,0.903825,0.904239,0.909168,0.911973,0.976595,0.896952,0.898940,0.892478,0.894269,0.888551,0.867248,0.862157,0.885480,0.895554,0.826431,0.764216,0.854104,0.846473,0.847476,0.853322,0.930674,0.923114,0.905779,0.921036,0.916448,0.935949,0.847429,0.839480,0.777913,0.765062,0.813185,0.857560,0.894449,0.883035,1.002779
0.308210,0.989432,0.944485,0.915137,0.894970,0.907703,0.908098,0.912916,0.915666,0.979145,0.900952,0.902895,0.896500,0.898329,0.892762,0.871881,0.866805,0.889717,0.899581,0.830678,0.768527,0.858600,0.850835,0.851867,0.858450,0.933810,0.926764,0.909696,0.924539,0.919826,0.938162,0.850856,0.843148,0.781589,0.768967,0.817252,0.861480,0.897383,0.886096,1.004613
0.316540,0.991281,0.947055,0.918332,0.898581,0.911049,0.911425,0.916152,0.918858,0.981389,0.904404,0.906306,0.899971,0.901833,0.896398,0.875897,0.870836,0.893389,0.903066,0.834267,0.772202,0.862470,0.854567,0.855630,0.862938,0.936542,0.929942,0.913098,0.927597,0.922781,0.940095,0.853781,0.846313,0.784663,0.772245,0.820705,0.864800,0.899952,0.888782,1.006265
0.324870,0.992891,0.949262,0.921059,0.901655,0.913897,0.914256,0.918910,0.921580,0.983345,0.907343,0.909210,0.902927,0.904816,0.899495,0.879337,0.874289,0.896535,0.906047,0.837228,0.775262,0.865762,0.857723,0.858815,0.866826,0.938902,0.932685,0.916023,0.930252,0.925352,0.941769,0.856241,0.849010,0.787160,0.774918,0.823599,0.867575,0.902186,0.891129,1.007746
0.333200,0.994282,0.951143,0.923366,0.904242,0.916294,0.916638,0.921233,0.923875,0.985036,0.909819,0.911655,0.905416,0.907330,0.902104,0.882253,0.877218,0.899206,0.908574,0.839613,0.777755,0.868534,0.860363,0.861485,0.870166,0.940928,0.935040,0.918521,0.932549,0.927583,0.943209,0.858287,0.851282,0.789131,0.777032,0.826000,0.869861,0.904121,0.893179,1.009070
0.341530,0.995476,0.952739,0.925308,0.906407,0.918299,0.918631,0.923180,0.925799,0.986490,0.911892,0.913702,0.907500,0.909435,0.904291,0.884714,0.879692,0.901465,0.910707,0.841492,0.779743,0.870859,0.862564,0.863714,0.873026,0.942666,0.937060,0.920649,0.934541,0.929525,0.944447,0.859979,0.853187,0.790637,0.778650,0.827983,0.871740,0.905797,0.894976,1.010251
0.349860,0.996500,0.954098,0.926951,0.908224,0.919982,0.920301,0.924814,0.927416,0.987740,0.913633,0.915419,0.909250,0.911203,0.906129,0.886795,0.881786,0.903382,0.912515,0.842948,0.781303,0.872817,0.864407,0.865586,0.875483,0.944162,0.938803,0.922470,0.936284,0.931230,0.945513,0.861383,0.854789,0.791756,0.779849,0.829630,0.873292,0.907255,0.896569,1.011305
0.358190,0.997382,0.955270,0.928359,0.909770,0.921412,0.921722,0.926205,0.928792,0.988824,0.915116,0.916881,0.910740,0.912709,0.907696,0.888579,0.883583,0.905031,0.914068,0.844072,0.782523,0.874490,0.865978,0.867184,0.877618,0.945468,0.940330,0.924052,0.937836,0.932753,0.946442,0.862568,0.856155,0.792573,0.780716,0.831021,0.874601,0.908540,0.898005,1.012250
0.366520,0.998153,0.956302,0.929598,0.911123,0.922663,0.922963,0.927419,0.929994,0.989778,0.916413,0.918160,0.912044,0.914027,0.909069,0.890146,0.885163,0.906485,0.915436,0.844955,0.783492,0.875962,0.867360,0.868595,0.879514,0.946633,0.941699,0.925459,0.939250,0.934146,0.947265,0.863600,0.857350,0.793173,0.781338,0.832239,0.875755,0.909694,0.899328,1.013104
0.374850,0.998839,0.957238,0.930727,0.912354,0.923797,0.924089,0.928520,0.931082,0.990638,0.917591,0.919320,0.913227,0.915225,0.910318,0.891570,0.886601,0.907813,0.916685,0.845687,0.784297,0.877309,0.868630,0.869894,0.881247,0.947701,0.942965,0.926752,0.940575,0.935454,0.948012,0.864541,0.858436,0.793640,0.781801,0.833357,0.876828,0.910756,0.900581,1.013886
0.383180,0.999466,0.958116,0.931796,0.913521,0.924870,0.925154,0.929559,0.932108,0.991434,0.918706,0.920419,0.914348,0.916359,0.911502,0.892918,0.887962,0.909072,0.917868,0.846346,0.785014,0.878597,0.869853,0.871147,0.882887,0.948711,0.944172,0.927983,0.941851,0.936716,0.948708,0.865439,0.859463,0.794047,0.782183,0.834438,0.877884,0.911761,0.901796,1.014613
0.391510,1.000056,0.958968,0.932846,0.914671,0.925926,0.926203,0.930579,0.933114,0.992194,0.919804,0.921500,0.915451,0.917476,0.912668,0.894242,0.889302,0.910310,0.919032,0.847000,0.785710,0.879880,0.871084,0.872412,0.884489,0.949695,0.945360,0.929193,0.943113,0.937965,0.949373,0.866335,0.860474,0.794458,0.782549,0.835534,0.878979,0.912736,0.903000,1.015299
0.399840,1.000627,0.959816,0.933906,0.915839,0.926996,0.927266,0.931610,0.934130,0.992939,0.920917,0.922597,0.916570,0.918610,0.913853,0.895585,0.890663,0.911566,0.920210,0.847703,0.786441,0.881200,0.872365,0.873728,0.886099,0.950678,0.946556,0.930416,0.944384,0.939223,0.950024,0.867257,0.861497,0.794923,0.782954,0.836687,0.880153,0.913705,0.904215,1.015958
0.408170,1.001195,0.960679,0.934997,0.917046,0.928103,0.928366,0.932675,0.935177,0.993686,0.922070,0.923732,0.917728,0.919783,0.915080,0.896974,0.892075,0.912866,0.921429,0.848494,0.787246,0.882588,0.873727,0.875128,0.887749,0.951677,0.947781,0.931674,0.945682,0.940508,0.950671,0.868223,0.862554,0.795481,0.783439,0.837923,0.881435,0.914684,0.905455,1.016599
0.416500,1.001771,0.961567,0.936134,0.918306,0.929258,0.929516,0.933785,0.936268,0.994447,0.923274,0.924919,0.918938,0.921009,0.916364,0.898430,0.893559,0.914226,0.922702,0.849401,0.788154,0.884062,0.875187,0.876628,0.889462,0.952704,0.949048,0.932984,0.947017,0.941830,0.951323,0.869244,0.863658,0.796157,0.784031,0.839262,0.882842,0.915684,0.906728,1.017233
0.424830,1.002363,0.962488,0.937321,0.919624,0.930469,0.930721,0.934948,0.937410,0.995229,0.924538,0.926163,0.920208,0.922296,0.917711,0.899963,0.895125,0.915657,0.924038,0.850440,0.789182,0.885633,0.876755,0.878238,0.891249,0.953767,0.950365,0.934353,0.948396,0.943195,0.951985,0.870325,0.864814,0.796966,0.784750,0.840712,0.884379,0.916712,0.908039,1.017865
0.433160,1.002978,0.963446,0.938563,0.921002,0.931738,0.931985,0.936166,0.938606,0.996040,0.925862,0.927468,0.921540,0.923645,0.919124,0.901577,0.896780,0.917165,0.925443,0.851624,0.790343,0.887307,0.878437,0.879963,0.893119,0.954868,0.951736,0.935786,0.949821,0.944604,0.952658,0.871466,0.866024,0.797921,0.785606,0.842279,0.886051,0.917774,0.909390,1.018502
0.441490,1.003620,0.964441,0.939859,0.922437,0.933063,0.933306,0.937439,0.939855,0.996883,0.927247,0.928832,0.922932,0.925056,0.920601,0.903272,0.898524,0.918748,0.926915,0.852952,0.791639,0.889082,0.880229,0.881800,0.895071,0.956010,0.953161,0.937283,0.951291,0.946058,0.953345,0.872666,0.867289,0.799021,0.786602,0.843960,0.887852,0.918871,0.910780,1.019147
0.449820,1.004293,0.965474,0.941206,0.923924,0.934442,0.934681,0.938764,0.941156,0.997760,0.928689,0.930252,0.924381,0.926525,0.922140,0.905046,0.900355,0.920405,0.928454,0.854424,0.793070,0.890955,0.882129,0.883746,0.897105,0.957192,0.954638,0.938843,0.952806,0.947555,0.954044,0.873920,0.868605,0.800266,0.787740,0.845752,0.889776,0.920004,0.912207,1.019804
0.458150,1.005000,0.966545,0.942605,0.925462,0.935873,0.936109,0.940140,0.942507,0.998673,0.930186,0.931726,0.925886,0.928050,0.923738,0.906895,0.902269,0.922134,0.930057,0.856039,0.794633,0.892922,0.884131,0.885794,0.899216,0.958412,0.956166,0.940464,0.954362,0.949091,0.954757,0.875228,0.869970,0.801653,0.789017,0.847651,0.891815,0.921172,0.913669,1.020476
0.466480,1.005741,0.967653,0.944051,0.927046,0.937353,0.937587,0.941565,0.943906,0.999622,0.931736,0.933253,0.927444,0.929629,0.925391,0.908818,0.904264,0.923932,0.931721,0.857792,0.796326,0.894979,0.886231,0.887939,0.901401,0.959671,0.957742,0.942142,0.955956,0.950664,0.955484,0.876586,0.871383,0.803178,0.790432,0.849653,0.893962,0.922376,0.915160,1.021164
0.474810,1.006520,0.968798,0.945546,0.928675,0.938883,0.939114,0.943039,0.945354,1.000609,0.933337,0.934830,0.929055,0.931261,0.927099,0.910810,0.906337,0.925797,0.933445,0.859680,0.798147,0.897124,0.888425,0.890177,0.903658,0.960966,0.959363,0.943876,0.957585,0.952271,0.956224,0.877995,0.872842,0.804840,0.791981,0.851753,0.896210,0.923614,0.916679,1.021871
0.483140,1.007337,0.969982,0.947088,0.930351,0.940461,0.940692,0.944562,0.946850,1.001634,0.934991,0.936460,0.930717,0.932945,0.928861,0.912873,0.908487,0.927728,0.935229,0.861704,0.800094,0.899353,0.890711,0.892505,0.905985,0.962298,0.961030,0.945665,0.959249,0.953908,0.956979,0.879454,0.874347,0.806635,0.793666,0.853952,0.898554,0.924888,0.918222,1.022597
0.491470,1.008194,0.971205,0.948680,0.932074,0.942091,0.942322,0.946136,0.948396,1.002700,0.936698,0.938142,0.932434,0.934685,0.930681,0.915006,0.910714,0.929727,0.937075,0.863863,0.802168,0.901668,0.893089,0.894923,0.908383,0.963667,0.962742,0.947509,0.960946,0.955577,0.957749,0.880965,0.875901,0.808566,0.795489,0.856248,0.900992,0.926196,0.919788,1.023344
0.499800,1.009093,0.972469,0.950324,0.933847,0.943775,0.944006,0.947763,0.949996,1.003808,0.938462,0.939881,0.934208,0.936481,0.932559,0.917211,0.913020,0.931793,0.938982,0.866158,0.804370,0.904068,0.895557,0.897428,0.910851,0.965075,0.964500,0.949410,0.962678,0.957278,0.958537,0.882532,0.877507,0.810631,0.797450,0.858641,0.903519,0.927541,0.921378,1.024112
0.508130,1.010036,0.973777,0.952023,0.935676,0.945516,0.945749,0.949448,0.951653,1.004959,0.940287,0.941679,0.936043,0.938339,0.934500,0.919491,0.915406,0.933930,0.940954,0.868593,0.806704,0.906556,0.898118,0.900023,0.913393,0.966523,0.966306,0.951368,0.964445,0.959010,0.959344,0.884157,0.879166,0.812833,0.799556,0.861134,0.906136,0.928924,0.922991,1.024904
0.516460,1.011025,0.975133,0.953780,0.937563,0.947320,0.947554,0.951194,0.953370,1.006156,0.942175,0.943541,0.937942,0.940261,0.936508,0.921850,0.917877,0.936140,0.942995,0.871170,0.809174,0.909134,0.900775,0.902710,0.916011,0.968014,0.968162,0.953388,0.966250,0.960778,0.960174,0.885845,0.880884,0.815174,0.801810,0.863729,0.908843,0.930346,0.924631,1.025721
0.524790,1.012062,0.976538,0.955600,0.939515,0.949189,0.949426,0.953005,0.955151,1.007401,0.944132,0.945471,0.939910,0.942253,0.938588,0.924292,0.920435,0.938428,0.945108,0.873897,0.811786,0.911806,0.903529,0.905490,0.918710,0.969551,0.970071,0.955472,0.968096,0.962582,0.961028,0.887598,0.882663,0.817660,0.804222,0.866430,0.911641,0.931810,0.926299,1.026562
0.533120,1.013148,0.977996,0.957485,0.941535,0.951127,0.951367,0.954884,0.957000,1.008694,0.946161,0.947472,0.941950,0.944318,0.940743,0.926820,0.923084,0.940795,0.947295,0.876775,0.814545,0.914574,0.906384,0.908366,0.921493,0.971135,0.972036,0.957622,0.969985,0.964426,0.961909,0.889420,0.884508,0.820294,0.806798,0.869237,0.914529,0.933318,0.927997,1.027430
0.541450,1.014285,0.979508,0.959438,0.943626,0.953137,0.953381,0.956834,0.958919,1.010039,0.948265,0.949547,0.944065,0.946459,0.942975,0.929436,0.925827,0.943244,0.949559,0.879808,0.817453,0.917440,0.909340,0.911339,0.924362,0.972769,0.974058,0.959841,0.971919,0.966311,0.962819,0.891313,0.886421,0.823074,0.809541,0.872154,0.917508,0.934871,0.929727,1.028325
0.549780,1.015474,0.981077,0.961461,0.945791,0.955222,0.955470,0.958857,0.960910,1.011435,0.950445,0.951699,0.946257,0.948676,0.945287,0.932142,0.928664,0.945777,0.951902,0.882996,0.820515,0.920405,0.912399,0.914411,0.927320,0.974453,0.976139,0.962130,0.973899,0.968239,0.963760,0.893279,0.888403,0.826004,0.812456,0.875180,0.920579,0.936470,0.931490,1.029247
0.558110,1.016716,0.982703,0.963554,0.948030,0.957381,0.957633,0.960954,0.962973,1.012882,0.952702,0.953927,0.948528,0.950973,0.947679,0.934940,0.931597,0.948394,0.954324,0.886344,0.823735,0.923470,0.915561,0.917579,0.930367,0.976189,0.978279,0.964489,0.975927,0.970211,0.964732,0.895317,0.890456,0.829086,0.815551,0.878316,0.923739,0.938116,0.933288,1.030197
0.566440,1.018010,0.984386,0.965718,0.950345,0.959615,0.959872,0.963123,0.965109,1.014382,0.955037,0.956231,0.950875,0.953347,0.950152,0.937827,0.934624,0.951093,0.956824,0.889848,0.827113,0.926632,0.918822,0.920843,0.933504,0.977977,0.980479,0.966919,0.978003,0.972227,0.965736,0.897427,0.892579,0.832315,0.818824,0.881559,0.926985,0.939808,0.935121,1.031174
0.574770,1.019357,0.986127,0.967951,0.952733,0.961923,0.962184,0.965365,0.967316,1.015932,0.957447,0.958611,0.953299,0.955797,0.952703,0.940804,0.937744,0.953874,0.959400,0.893507,0.830648,0.929889,0.922180,0.924198,0.936728,0.979816,0.982738,0.969417,0.980125,0.974286,0.966774,0.899608,0.894772,0.835690,0.822278,0.884905,0.930313,0.941547,0.936989,1.032178
0.583100,1.020754,0.987923,0.970250,0.955192,0.964301,0.964568,0.967676,0.969592,1.017531,0.959930,0.961063,0.955795,0.958322,0.955330,0.943865,0.940952,0.956734,0.962051,0.897316,0.834338,0.933236,0.925629,0.927641,0.940036,0.981703,0.985052,0.971982,0.982293,0.976387,0.967844,0.901856,0.897031,0.839205,0.825909,0.888350,0.933717,0.943330,0.938891,1.033208
0.591430,1.022201,0.989773,0.972614,0.957719,0.966746,0.967019,0.970053,0.971933,1.019177,0.962482,0.963584,0.958362,0.960917,0.958029,0.947007,0.944245,0.959667,0.964772,0.901271,0.838179,0.936669,0.929165,0.931164,0.943424,0.983637,0.987421,0.974609,0.984504,0.978529,0.968947,0.904168,0.899354,0.842855,0.829717,0.891887,0.937192,0.945156,0.940826,1.034264
0.599760,1.023696,0.991674,0.975037,0.960309,0.969255,0.969533,0.972493,0.974336,1.020867,0.965100,0.966170,0.960995,0.963577,0.960796,0.950225,0.947616,0.962670,0.967559,0.905361,0.842164,0.940181,0.932781,0.934763,0.946887,0.985616,0.989839,0.977295,0.986756,0.980709,0.970080,0.906540,0.901737,0.846630,0.833693,0.895510,0.940732,0.947023,0.942791,1.035342
0.608090,1.025236,0.993623,0.977517,0.962959,0.971822,0.972107,0.974990,0.976796,1.022599,0.967779,0.968815,0.963688,0.966299,0.963625,0.953512,0.951060,0.965737,0.970407,0.909580,0.846288,0.943765,0.936469,0.938430,0.950419,0.987636,0.992304,0.980035,0.989046,0.982924,0.971244,0.908967,0.904176,0.850523,0.837832,0.899210,0.944328,0.948927,0.944784,1.036443
0.616420,1.026819,0.995617,0.980048,0.965663,0.974444,0.974734,0.977540,0.979309,1.024368,0.970513,0.971516,0.966437,0.969077,0.966512,0.956862,0.954569,0.968861,0.973310,0.913919,0.850542,0.947413,0.940221,0.942157,0.954012,0.989692,0.994810,0.982824,0.991370,0.985171,0.972436,0.911444,0.906666,0.854525,0.842127,0.902980,0.947973,0.950865,0.946804,1.037563
0.624750,1.028441,0.997652,0.982625,0.968416,0.977113,0.977410,0.980137,0.981869,1.026171,0.973296,0.974266,0.969235,0.971905,0.969449,0.960268,0.958136,0.972037,0.976263,0.918367,0.854917,0.951119,0.944030,0.945935,0.957660,0.991782,0.997354,0.985656,0.993725,0.987447,0.973654,0.913966,0.909203,0.858624,0.846567,0.906810,0.951661,0.952835,0.948846,1.038700
0.633080,1.030098,0.999724,0.985243,0.971211,0.979825,0.980128,0.982777,0.984469,1.028002,0.976123,0.977059,0.972077,0.974776,0.972431,0.963723,0.961753,0.975257,0.979258,0.922912,0.859402,0.954872,0.947885,0.949757,0.961355,0.993901,0.999929,0.988526,0.996107,0.989747,0.974898,0.916526,0.911779,0.862810,0.851141,0.910692,0.955382,0.954831,0.950909,1.039852
0.641410,1.031787,1.001829,0.987896,0.974043,0.982573,0.982883,0.985451,0.987105,1.029859,0.978987,0.979890,0.974957,0.977685,0.975452,0.967218,0.965412,0.978515,0.982289,0.927543,0.863986,0.958666,0.951779,0.953614,0.965088,0.996045,1.002532,0.991426,0.998510,0.992067,0.976164,0.919120,0.914391,0.867072,0.855838,0.914616,0.959130,0.956851,0.952988,1.041016
0.649740,1.033504,1.003963,0.990579,0.976906,0.985351,0.985667,0.988155,0.989771,1.031735,0.981882,0.982750,0.977867,0.980625,0.978503,0.970746,0.969104,0.981802,0.985351,0.932247,0.868658,0.962490,0.955702,0.957498,0.968852,0.998208,1.005156,0.994353,1.000931,0.994404,0.977451,0.921742,0.917033,0.871397,0.860646,0.918572,0.962897,0.958890,0.955080,1.042188
0.658070,1.035245,1.006121,0.993285,0.979793,0.988153,0.988475,0.990882,0.992459,1.033627,0.984801,0.985635,0.980801,0.983590,0.981579,0.974299,0.972822,0.985112,0.988434,0.937012,0.873404,0.966338,0.959646,0.961400,0.972639,1.000387,1.007796,0.997297,1.003366,0.996753,0.978756,0.924384,0.919697,0.875774,0.865550,0.922552,0.966675,0.960944,0.957183,1.043367
0.666400,1.037004,1.008299,0.996009,0.982697,0.990971,0.991300,0.993626,0.995163,1.035528,0.987737,0.988537,0.983753,0.986571,0.984672,0.977869,0.976556,0.988437,0.991534,0.941825,0.878211,0.970198,0.963602,0.965312,0.976439,1.002577,1.010446,1.000255,1.005809,0.999111,0.980078,0.927042,0.922379,0.880191,0.870536,0.926546,0.970458,0.963009,0.959293,1.044548
0.674730,1.038777,1.010491,0.998745,0.985613,0.993801,0.994136,0.996380,0.997878,1.037434,0.990684,0.991450,0.986716,0.989563,0.987776,0.981447,0.980298,0.991770,0.994643,0.946672,0.883067,0.974064,0.967561,0.969225,0.980246,1.004772,1.013102,1.003218,1.008257,1.001472,0.981413,0.929708,0.925072,0.884634,0.875590,0.930544,0.974238,0.965081,0.961405,1.045729
0.683060,1.040559,1.012693,1.001486,0.988534,0.996634,0.996975,0.999137,1.000596,1.039339,0.993635,0.994366,0.989682,0.992559,0.990883,0.985026,0.984040,0.995103,0.997753,0.951540,0.887957,0.977926,0.971514,0.973131,0.984050,1.006969,1.015757,1.006181,1.010704,1.003833,0.982760,0.932376,0.927770,0.889092,0.880696,0.934537,0.978008,0.967156,0.963518,1.046905
0.691390,1.042346,1.014900,1.004226,0.991453,0.999464,0.999811,1.001891,1.003311,1.041238,0.996583,0.997280,0.992645,0.995552,0.993986,0.988598,0.987773,0.998428,1.000859,0.956416,0.892867,0.981776,0.975453,0.977022,0.987843,1.009161,1.018406,1.009137,1.013146,1.006189,0.984115,0.935041,0.930467,0.893553,0.885838,0.938517,0.981762,0.969228,0.965626,1.048074
0.699720,1.044132,1.017106,1.006959,0.994363,1.002284,1.002638,1.004635,1.006015,1.043126,0.999520,1.000183,0.995597,0.998533,0.997077,0.992153,0.991489,1.001739,1.003952,0.961284,0.897783,0.985605,0.979368,0.980889,0.991617,1.011344,1.021042,1.012079,1.015578,1.008536,0.985477,0.937696,0.933155,0.898003,0.890999,0.942475,0.985492,0.971295,0.967727,1.049232
0.708050,1.045911,1.019308,1.009679,0.997257,1.005087,1.005447,1.007362,1.008703,1.044996,1.002440,1.003069,0.998532,1.001498,1.000150,0.995684,0.995178,1.005027,1.007026,0.966133,0.902690,0.989405,0.983252,0.984725,0.995363,1.013513,1.023661,1.015001,1.017996,1.010869,0.986842,0.940333,0.935830,0.902431,0.896164,0.946400,0.989191,0.973350,0.969817,1.050375
0.716380,1.047680,1.021499,1.012380,1.000129,1.007867,1.008232,1.010065,1.011367,1.046844,1.005336,1.005931,1.001443,1.004437,1.003197,0.999183,0.998833,1.008285,1.010073,0.970948,0.907573,0.993167,0.987096,0.988522,0.999073,1.015664,1.026257,1.017897,1.020394,1.013184,0.988208,0.942948,0.938484,0.906825,0.901316,0.950286,0.992853,0.975390,0.971891,1.051499
0.724710,1.049433,1.023676,1.015055,1.002973,1.010617,1.010988,1.012738,1.014001,1.048665,1.008202,1.008762,1.004322,1.007345,1.006212,1.002643,1.002447,1.011507,1.013088,0.975718,0.912419,0.996884,0.990894,0.992273,1.002742,1.017791,1.028825,1.020761,1.022769,1.015477,0.989572,0.945534,0.941112,0.911174,0.906437,0.954124,0.996476,0.977410,0.973948,1.052602
0.733040,1.051163,1.025831,1.017698,1.005779,1.013328,1.013705,1.015373,1.016597,1.050451,1.011027,1.011555,1.007162,1.010213,1.009185,1.006052,1.006007,1.014682,1.016061,0.980424,0.917211,1.000544,0.994631,0.995965,1.006355,1.019888,1.031357,1.023585,1.025114,1.017742,0.990930,0.948084,0.943706,0.915461,0.911512,0.957901,1.000038,0.979405,0.975981,1.053679
0.741370,1.052867,1.027961,1.020303,1.008544,1.015998,1.016380,1.017965,1.019151,1.052200,1.013810,1.014304,1.009958,1.013038,1.012113,1.009409,1.009511,1.017808,1.018990,0.985061,0.921940,1.004145,0.998309,0.999599,1.009912,1.021952,1.033851,1.026364,1.027427,1.019976,0.992281,0.950593,0.946261,0.919685,0.916525,0.961616,1.003554,0.981372,0.977990,1.054728
0.749700,1.054540,1.030060,1.022865,1.011261,1.018616,1.019004,1.020507,1.021654,1.053904,1.016540,1.017001,1.012702,1.015809,1.014987,1.012701,1.012948,1.020875,1.021865,0.989613,0.926591,1.007675,1.001913,1.003161,1.013401,1.023978,1.036299,1.029093,1.029701,1.022174,0.993621,0.953054,0.948771,0.923828,0.921463,0.965258,1.007001,0.983306,0.979968,1.055744
0.758030,1.056176,1.032125,1.025378,1.013923,1.021180,1.021572,1.022994,1.024103,1.055561,1.019214,1.019643,1.015388,1.018523,1.017801,1.015925,1.016313,1.023878,1.024681,0.994072,0.931152,1.011130,1.005441,1.006649,1.016818,1.025961,1.038698,1.031765,1.031934,1.024334,0.994948,0.955464,0.951230,0.927885,0.926311,0.968821,1.010381,0.985203,0.981914,1.056725
0.766360,1.057771,1.034150,1.027837,1.016526,1.023682,1.024079,1.025420,1.026491,1.057165,1.021826,1.022222,1.018012,1.021174,1.020550,1.019074,1.019599,1.026813,1.027434,0.998428,0.935616,1.014504,1.008885,1.010055,1.020155,1.027898,1.041043,1.034377,1.034121,1.026450,0.996260,0.957816,0.953635,0.931848,0.931060,0.972299,1.013689,0.987059,0.983825,1.057668
0.774690,1.059320,1.036133,1.030238,1.019064,1.026119,1.026520,1.027781,1.028813,1.058712,1.024370,1.024735,1.020568,1.023757,1.023230,1.022142,1.022802,1.029673,1.030119,1.002674,0.939971,1.017791,1.012241,1.013376,1.023409,1.029784,1.043330,1.036924,1.036260,1.028520,0.997552,0.960106,0.955979,0.935710,0.935697,0.975686,1.016919,0.988871,0.985697,1.058569
0.783020,1.060820,1.038068,1.032577,1.021534,1.028486,1.028891,1.030071,1.031066,1.060200,1.026843,1.027176,1.023052,1.026268,1.025835,1.025125,1.025915,1.032455,1.032731,1.006802,0.944212,1.020987,1.015504,1.016606,1.026574,1.031618,1.045557,1.039401,1.038346,1.030541,0.998825,0.962331,0.958259,0.939465,0.940215,0.978979,1.020067,0.990634,0.987527,1.059427
0.791350,1.062268,1.039953,1.034850,1.023930,1.030778,1.031187,1.032287,1.033245,1.061623,1.029239,1.029541,1.025459,1.028701,1.028361,1.028019,1.028936,1.035154,1.035267,1.010806,0.948329,1.024086,1.018670,1.019742,1.029645,1.033395,1.047718,1.041807,1.040376,1.032509,1.000074,0.964487,0.960471,0.943108,0.944604,0.982173,1.023130,0.992347,0.989314,1.060239
0.799680,1.063658,1.041785,1.037054,1.026250,1.032992,1.033405,1.034426,1.035347,1.062980,1.031556,1.031827,1.027786,1.031054,1.030805,1.030820,1.031859,1.037767,1.037723,1.014681,0.952316,1.027087,1.021735,1.022780,1.032619,1.035112,1.049813,1.044136,1.042349,1.034423,1.001299,0.966571,0.962612,0.946634,0.948856,0.985265,1.026104,0.994007,0.991055,1.061003
0.808010,1.064989,1.043559,1.039185,1.028490,1.035125,1.035542,1.036483,1.037368,1.064268,1.033790,1.034031,1.030030,1.033323,1.033163,1.033523,1.034682,1.040291,1.040095,1.018418,0.956166,1.029984,1.024695,1.025715,1.035492,1.036767,1.051836,1.046386,1.044261,1.036279,1.002496,0.968578,0.964677,0.950036,0.952962,0.988249,1.028985,0.995610,0.992748,1.061717
0.816340,1.066259,1.045275,1.041242,1.030649,1.037176,1.037596,1.038458,1.039307,1.065486,1.035940,1.036151,1.032189,1.035507,1.035434,1.036130,1.037404,1.042725,1.042384,1.022024,0.959881,1.032779,1.027553,1.028550,1.038265,1.038359,1.053789,1.048558,1.046111,1.038077,1.003665,0.970510,0.966667,0.953322,0.956924,0.991129,1.031776,0.997155,0.994391,1.062379
0.824670,1.067464,1.046930,1.043223,1.032724,1.039141,1.039564,1.040349,1.041161,1.066630,1.038003,1.038184,1.034260,1.037604,1.037615,1.038636,1.040023,1.045066,1.044586,1.025488,0.963453,1.035467,1.030302,1.031279,1.040934,1.039886,1.055668,1.050646,1.047897,1.039814,1.004804,0.972362,0.968579,0.956481,0.960732,0.993900,1.034471,0.998639,0.995983,1.062990
0.833000,1.068602,1.048523,1.045126,1.034713,1.041020,1.041446,1.042152,1.042930,1.067701,1.039977,1.040129,1.036243,1.039611,1.039705,1.041040,1.042535,1.047313,1.046700,1.028812,0.966881,1.038048,1.032943,1.033903,1.043497,1.041346,1.057472,1.052652,1.049618,1.041489,1.005911,0.974134,0.970410,0.959515,0.964385,0.996560,1.037068,1.000062,0.997522,1.063546
0.841330,1.069674,1.050052,1.046951,1.036616,1.042811,1.043240,1.043869,1.044611,1.068698,1.041862,1.041986,1.038136,1.041528,1.041703,1.043341,1.044942,1.049466,1.048725,1.031993,0.970164,1.040521,1.035475,1.036419,1.045954,1.042740,1.059201,1.054574,1.051272,1.043101,1.006987,0.975825,0.972161,0.962424,0.967881,0.999110,1.039565,1.001422,0.999007,1.064049
0.849660,1.070677,1.051516,1.048696,1.038432,1.044514,1.044945,1.045498,1.046205,1.069620,1.043657,1.043753,1.039938,1.043354,1.043609,1.045540,1.047243,1.051523,1.050661,1.035034,0.973301,1.042885,1.037896,1.038828,1.048304,1.044066,1.060853,1.056411,1.052859,1.044649,1.008032,0.977435,0.973830,0.965207,0.971219,1.001549,1.041960,1.002719,1.000437,1.064497
0.857990,1.071611,1.052916,1.050361,1.040160,1.046129,1.046562,1.047039,1.047712,1.070467,1.045363,1.045431,1.041650,1.045089,1.045422,1.047636,1.049437,1.053486,1.052508,1.037933,0.976293,1.045140,1.040208,1.041127,1.050547,1.045324,1.062429,1.058163,1.054378,1.046132,1.009044,0.978963,0.975417,0.967866,0.974400,1.003877,1.044251,1.003953,1.001811,1.064891
0.866320,1.072476,1.054250,1.051947,1.041801,1.047656,1.048092,1.048493,1.049131,1.071241,1.046979,1.047019,1.043272,1.046735,1.047143,1.049630,1.051526,1.055354,1.054266,1.040696,0.979144,1.047288,1.042409,1.043317,1.052684,1.046515,1.063928,1.059831,1.055828,1.047550,1.010024,0.980411,0.976924,0.970405,0.977428,1.006094,1.046435,1.005123,1.003129,1.065231
0.874650,1.073272,1.055520,1.053455,1.043356,1.049096,1.049534,1.049861,1.050465,1.071942,1.048506,1.048520,1.044805,1.048291,1.048772,1.051523,1.053510,1.057128,1.055936,1.043324,0.981856,1.049328,1.044501,1.045400,1.054717,1.047640,1.065352,1.061415,1.057211,1.048902,1.010971,0.981778,0.978350,0.972825,0.980305,1.008202,1.048512,1.006230,1.004390,1.065518
0.882980,1.074000,1.056725,1.054884,1.044826,1.050451,1.050890,1.051144,1.051714,1.072571,1.049946,1.049933,1.046250,1.049759,1.050312,1.053316,1.055392,1.058811,1.057519,1.045822,0.984433,1.051263,1.046487,1.047375,1.056646,1.048700,1.066701,1.062917,1.058526,1.050190,1.011886,0.983066,0.979696,0.975131,0.983037,1.010202,1.050483,1.007274,1.005594,1.065752
0.891310,1.074661,1.057867,1.056237,1.046212,1.051721,1.052163,1.052344,1.052880,1.073130,1.051301,1.051262,1.047610,1.051141,1.051764,1.055013,1.057174,1.060403,1.059018,1.048192,0.986877,1.053096,1.048367,1.049246,1.058473,1.049695,1.067976,1.064339,1.059774,1.051413,1.012770,0.984277,0.980965,0.977324,0.985626,1.012096,1.052349,1.008256,1.006743,1.065935
0.899640,1.075256,1.058946,1.057515,1.047517,1.052911,1.053355,1.053463,1.053967,1.073622,1.052573,1.052508,1.048886,1.052439,1.053130,1.056616,1.058859,1.061908,1.060435,1.050441,0.989197,1.054828,1.050145,1.051015,1.060203,1.050628,1.069181,1.065682,1.060958,1.052576,1.013622,0.985414,0.982158,0.979412,0.988081,1.013889,1.054113,1.009179,1.007838,1.066068
0.907970,1.075788,1.059965,1.058722,1.048744,1.054022,1.054467,1.054504,1.054975,1.074049,1.053765,1.053675,1.050082,1.053657,1.054414,1.058128,1.060451,1.063330,1.061772,1.052574,0.991397,1.056465,1.051825,1.052687,1.061839,1.051502,1.070318,1.066951,1.062082,1.053681,1.014443,0.986478,0.983278,0.981398,0.990406,1.015583,1.055776,1.010043,1.008884,1.066152
0.916300,1.076258,1.060927,1.059861,1.049896,1.055059,1.055506,1.055471,1.055910,1.074415,1.054880,1.054766,1.051201,1.054797,1.055620,1.059554,1.061955,1.064673,1.063035,1.054601,0.993487,1.058011,1.053412,1.054264,1.063385,1.052320,1.071392,1.068150,1.063149,1.054733,1.015235,0.987473,0.984328,0.983291,0.992615,1.017183,1.057343,1.010852,1.009885,1.066191
0.924630,1.076670,1.061833,1.060934,1.050976,1.056024,1.056472,1.056368,1.056775,1.074721,1.055924,1.055785,1.052248,1.055865,1.056751,1.060898,1.063375,1.065940,1.064226,1.056526,0.995472,1.059470,1.054909,1.055753,1.064846,1.053085,1.072406,1.069281,1.064164,1.055735,1.015998,0.988403,0.985312,0.985094,0.994711,1.018694,1.058819,1.011609,1.010844,1.066186
0.932960,1.077026,1.062686,1.061945,1.051989,1.056923,1.057372,1.057198,1.057574,1.074973,1.056898,1.056736,1.053225,1.056863,1.057812,1.062166,1.064716,1.067136,1.065349,1.058356,0.997359,1.060847,1.056322,1.057157,1.066226,1.053801,1.073365,1.070350,1.065130,1.056692,1.016734,0.989270,0.986234,0.986815,0.996704,1.020120,1.060207,1.012315,1.011766,1.066139
0.941290,1.077329,1.063490,1.062897,1.052938,1.057758,1.058208,1.057966,1.058311,1.075174,1.057809,1.057623,1.054138,1.057797,1.058806,1.063361,1.065982,1.068265,1.066410,1.060099,0.999157,1.062148,1.057657,1.058482,1.067530,1.054470,1.074271,1.071361,1.066051,1.057606,1.017443,0.990080,0.987096,0.988460,0.998602,1.021466,1.061514,1.012975,1.012653,1.066054
0.949620,1.077583,1.064246,1.063796,1.053827,1.058534,1.058986,1.058676,1.058990,1.075327,1.058659,1.058450,1.054991,1.058670,1.059738,1.064488,1.067180,1.069333,1.067411,1.061762,1.000873,1.063377,1.058917,1.059733,1.068764,1.055096,1.075130,1.072317,1.066931,1.058482,1.018127,0.990836,0.987903,0.990035,1.000415,1.022738,1.062745,1.013591,1.013509,1.065932
0.957950,1.077791,1.064959,1.064643,1.054662,1.059256,1.059709,1.059333,1.059616,1.075437,1.059455,1.059222,1.055788,1.059488,1.060614,1.065554,1.068314,1.070344,1.068359,1.063353,1.002515,1.064540,1.060110,1.060917,1.069933,1.055683,1.075944,1.073224,1.067773,1.059322,1.018787,0.991541,0.988660,0.991547,1.002151,1.023941,1.063908,1.014167,1.014335,1.065777
0.966280,1.077957,1.065632,1.065445,1.055446,1.059929,1.060383,1.059941,1.060194,1.075509,1.060199,1.059944,1.056534,1.060254,1.061437,1.066563,1.069391,1.071303,1.069256,1.064878,1.004090,1.065644,1.061242,1.062040,1.071043,1.056236,1.076718,1.074085,1.068580,1.060130,1.019425,0.992202,0.989370,0.993001,1.003817,1.025082,1.065011,1.014706,1.015136,1.065592
0.974610,1.078085,1.066268,1.066204,1.056184,1.060558,1.061013,1.060506,1.060729,1.075546,1.060898,1.060621,1.057235,1.060975,1.062213,1.067521,1.070415,1.072215,1.070108,1.066345,1.005606,1.066693,1.062318,1.063108,1.072099,1.056756,1.077456,1.074905,1.069355,1.060909,1.020041,0.992821,0.990038,0.994404,1.005423,1.026165,1.066058,1.015212,1.015912,1.065379
0.982940,1.078178,1.066870,1.066925,1.056881,1.061146,1.061602,1.061031,1.061225,1.075552,1.061557,1.061257,1.057894,1.061653,1.062946,1.068432,1.071391,1.073084,1.070920,1.067759,1.007069,1.067694,1.063344,1.064126,1.073106,1.057249,1.078161,1.075688,1.070102,1.061661,1.020639,0.993403,0.990668,0.995761,1.006976,1.027197,1.067059,1.015688,1.016667,1.065141
0.991270,1.078240,1.067441,1.067612,1.057540,1.061699,1.062156,1.061522,1.061687,1.075532,1.062178,1.061856,1.058517,1.062295,1.063642,1.069302,1.072326,1.073915,1.071696,1.069128,1.008485,1.068651,1.064325,1.065101,1.074070,1.057717,1.078838,1.076438,1.070824,1.062390,1.021219,0.993953,0.991264,0.997078,1.008483,1.028183,1.068018,1.016137,1.017403,1.064883
0.999600,1.078276,1.067985,1.068268,1.058167,1.062221,1.062679,1.061983,1.062119,1.075490,1.062768,1.062424,1.059107,1.062905,1.064304,1.070135,1.073222,1.074713,1.072438,1.070456,1.009861,1.069569,1.065266,1.066037,1.074995,1.058165,1.079490,1.077159,1.071524,1.063098,1.021782,0.994474,0.991830,0.998359,1.009950,1.029127,1.068942,1.016564,1.018122,1.064605
1.007930,1.078288,1.068506,1.068896,1.058764,1.062715,1.063175,1.062418,1.062525,1.075429,1.063329,1.062965,1.059669,1.063486,1.064936,1.070935,1.074086,1.075480,1.073153,1.071749,1.011201,1.070453,1.066172,1.066938,1.075886,1.058595,1.080120,1.077854,1.072204,1.063788,1.022330,0.994970,0.992371,0.999608,1.011382,1.030034,1.069835,1.016971,1.018826,1.064312
1.016260,1.078280,1.069004,1.069502,1.059337,1.063187,1.063648,1.062831,1.062910,1.075354,1.063867,1.063481,1.060207,1.064043,1.065543,1.071706,1.074920,1.076222,1.073842,1.073010,1.012510,1.071306,1.067047,1.067810,1.076746,1.059011,1.080731,1.078527,1.072867,1.064462,1.022864,0.995446,0.992889,1.000830,1.012785,1.030908,1.070702,1.017361,1.019517,1.064006
1.024590,1.078256,1.069485,1.070086,1.059888,1.063640,1.064102,1.063226,1.063278,1.075268,1.064384,1.063978,1.060725,1.064578,1.066127,1.072453,1.075728,1.076941,1.074510,1.074244,1.013792,1.072133,1.067895,1.068655,1.077579,1.059415,1.081326,1.079181,1.073516,1.065122,1.023386,0.995903,0.993388,1.002028,1.014163,1.031753,1.071546,1.017738,1.020196,1.063690
1.032920,1.078219,1.069949,1.070653,1.060420,1.064076,1.064539,1.063606,1.063631,1.075175,1.064884,1.064458,1.061225,1.065097,1.066693,1.073178,1.076514,1.077640,1.075159,1.075455,1.015051,1.072936,1.068718,1.069478,1.078389,1.059811,1.081908,1.079819,1.074152,1.065771,1.023897,0.996346,0.993871,1.003205,1.015520,1.032572,1.072371,1.018104,1.020865,1.063366
1.041250,1.078172,1.070401,1.071205,1.060938,1.064500,1.064965,1.063975,1.063973,1.075077,1.065370,1.064924,1.061712,1.065601,1.067244,1.073884,1.077280,1.078322,1.075791,1.076644,1.016289,1.073719,1.069521,1.070280,1.079178,1.060202,1.082479,1.080443,1.074778,1.066410,1.024397,0.996778,0.994340,1.004362,1.016858,1.033368,1.073180,1.018462,1.021525,1.063037
1.049580,1.078117,1.070841,1.071744,1.061443,1.064915,1.065380,1.064335,1.064308,1.074977,1.065846,1.065381,1.062188,1.066094,1.067782,1.074574,1.078030,1.078990,1.076411,1.077816,1.017509,1.074485,1.070306,1.071065,1.079949,1.060588,1.083042,1.081056,1.075395,1.067041,1.024888,0.997200,0.994800,1.005503,1.018181,1.034144,1.073974,1.018816,1.022179,1.062704
1.057910,1.078059,1.071273,1.072273,1.061938,1.065322,1.065789,1.064690,1.064637,1.074879,1.066313,1.065829,1.062655,1.066578,1.068310,1.075251,1.078765,1.079646,1.077019,1.078970,1.018712,1.075236,1.071075,1.071836,1.080705,1.060974,1.083599,1.081660,1.076007,1.067666,1.025371,0.997617,0.995252,1.006628,1.019487,1.034903,1.074758,1.019167,1.022827,1.062371
1.066240,1.077998,1.071698,1.072794,1.062426,1.065725,1.066193,1.065042,1.064964,1.074784,1.066775,1.066272,1.063117,1.067056,1.068831,1.075917,1.079488,1.080292,1.077618,1.080109,1.019900,1.075973,1.071830,1.072594,1.081448,1.061361,1.084151,1.082258,1.076614,1.068287,1.025847,0.998029,0.995698,1.007739,1.020781,1.035647,1.075532,1.019517,1.023471,1.062038
1.074570,1.077938,1.072118,1.073309,1.062908,1.066126,1.066595,1.065393,1.065290,1.074695,1.067233,1.066712,1.063575,1.067530,1.069345,1.076573,1.080200,1.080930,1.078210,1.081235,1.021074,1.076700,1.072574,1.073341,1.082179,1.061750,1.084701,1.082850,1.077218,1.068904,1.026317,0.998439,0.996140,1.008837,1.022062,1.036378,1.076298,1.019869,1.024112,1.061708
1.082900,1.077880,1.072535,1.073819,1.063387,1.066526,1.066997,1.065745,1.065618,1.074613,1.067688,1.067150,1.064030,1.068001,1.069856,1.077222,1.080903,1.081562,1.078796,1.082346,1.022234,1.077417,1.073308,1.074079,1.082900,1.062144,1.085250,1.083438,1.077820,1.069521,1.026781,0.998849,0.996580,1.009922,1.023329,1.037098,1.077058,1.020225,1.024751,1.061381
1.091230,1.077826,1.072949,1.074325,1.063864,1.066927,1.067400,1.066099,1.065949,1.074541,1.068144,1.067588,1.064486,1.068471,1.070365,1.077864,1.081599,1.082188,1.079377,1.083445,1.023380,1.078126,1.074033,1.074809,1.083614,1.062543,1.085800,1.084024,1.078422,1.070136,1.027240,0.999261,0.997020,1.010995,1.024585,1.037808,1.077812,1.020586,1.025388,1.061061
1.099560,1.077777,1.073363,1.074830,1.064340,1.067331,1.067805,1.066458,1.066285,1.074479,1.068601,1.068028,1.064943,1.068942,1.070872,1.078501,1.082288,1.082810,1.079956,1.084530,1.024512,1.078828,1.074752,1.075533,1.084319,1.062949,1.086351,1.084609,1.079024,1.070752,1.027695,0.999674,0.997460,1.012055,1.025826,1.038510,1.078562,1.020954,1.026025,1.060746
1.107890,1.077736,1.073778,1.075333,1.064817,1.067739,1.068214,1.066822,1.066627,1.074429,1.069060,1.068471,1.065401,1.069414,1.071380,1.079134,1.082971,1.083429,1.080532,1.085602,1.025629,1.079525,1.075464,1.076251,1.085019,1.063364,1.086905,1.085194,1.079629,1.071370,1.028146,1.000091,0.997902,1.013102,1.027052,1.039205,1.079309,1.021329,1.026663,1.060439
1.116220,1.077702,1.074193,1.075836,1.065295,1.068151,1.068627,1.067191,1.066975,1.074390,1.069521,1.068917,1.065863,1.069889,1.071888,1.079763,1.083649,1.084046,1.081106,1.086660,1.026731,1.080216,1.076171,1.076965,1.085713,1.063787,1.087462,1.085779,1.080236,1.071989,1.028592,1.000513,0.998346,1.014136,1.028262,1.039895,1.080053,1.021714,1.027302,1.060141
1.124550,1.077676,1.074610,1.076338,1.065775,1.068568,1.069046,1.067568,1.067330,1.074365,1.069987,1.069367,1.066328,1.070367,1.072398,1.080390,1.084323,1.084660,1.081679,1.087703,1.027816,1.080903,1.076874,1.077674,1.086402,1.064219,1.088023,1.086365,1.080845,1.072612,1.029036,1.000939,0.998794,1.015156,1.029453,1.040579,1.080796,1.022109,1.027942,1.059850
1.132880,1.077659,1.075029,1.076842,1.066257,1.068991,1.069470,1.067951,1.067693,1.074353,1.070456,1.069822,1.066798,1.070848,1.072910,1.081013,1.084993,1.085273,1.082252,1.088730,1.028883,1.081586,1.077573,1.078381,1.087086,1.064662,1.088588,1.086953,1.081459,1.073238,1.029475,1.001371,0.999244,1.016160,1.030625,1.041260,1.081537,1.022514,1.028584,1.059569
1.141210,1.077651,1.075450,1.077346,1.066742,1.069419,1.069900,1.068342,1.068063,1.074354,1.070929,1.070281,1.067271,1.071333,1.073423,1.081635,1.085658,1.085885,1.082824,1.089741,1.029931,1.082266,1.078269,1.079084,1.087767,1.065113,1.089158,1.087543,1.082076,1.073867,1.029912,1.001807,0.999698,1.017149,1.031774,1.041938,1.082277,1.022931,1.029228,1.059297
1.149540,1.077652,1.075874,1.077850,1.067229,1.069853,1.070335,1.068739,1.068441,1.074368,1.071406,1.070745,1.067748,1.071821,1.073939,1.082254,1.086320,1.086495,1.083395,1.090733,1.030958,1.082942,1.078962,1.079785,1.088442,1.065575,1.089733,1.088135,1.082698,1.074500,1.030344,1.002249,1.000156,1.018121,1.032899,1.042614,1.083017,1.023358,1.029875,1.059033
1.157870,1.077660,1.076299,1.078355,1.067718,1.070292,1.070776,1.069143,1.068826,1.074394,1.071887,1.071213,1.068229,1.072312,1.074456,1.082870,1.086977,1.087103,1.083965,1.091707,1.031962,1.083615,1.079652,1.080484,1.089114,1.066045,1.090312,1.088728,1.083324,1.075138,1.030773,1.002696,1.000616,1.019074,1.033998,1.043287,1.083757,1.023796,1.030524,1.058778
1.166200,1.077677,1.076726,1.078859,1.068209,1.070735,1.071221,1.069552,1.069217,1.074432,1.072371,1.071684,1.068712,1.072806,1.074975,1.083483,1.087630,1.087710,1.084534,1.092659,1.032942,1.084284,1.080340,1.081179,1.089781,1.066525,1.090896,1.089322,1.083953,1.075778,1.031197,1.003147,1.001079,1.020008,1.035068,1.043959,1.084496,1.024245,1.031175,1.058531
1.174530,1.077700,1.077154,1.079363,1.068701,1.071182,1.071669,1.069967,1.069614,1.074480,1.072857,1.072158,1.069198,1.073301,1.075493,1.084092,1.088277,1.088313,1.085101,1.093588,1.033893,1.084948,1.081024,1.081872,1.090442,1.067012,1.091483,1.089917,1.084586,1.076422,1.031616,1.003601,1.001544,1.020920,1.036103,1.044630,1.085233,1.024704,1.031828,1.058291
1.182860,1.077728,1.077581,1.079864,1.069193,1.071632,1.072120,1.070385,1.070015,1.074537,1.073344,1.072633,1.069685,1.073797,1.076011,1.084696,1.088917,1.088913,1.085665,1.094491,1.034814,1.085608,1.081705,1.082561,1.091096,1.067506,1.092072,1.090511,1.085222,1.077068,1.032029,1.004058,1.002009,1.021808,1.037102,1.045298,1.085970,1.025172,1.032481,1.058058
1.191190,1.077760,1.078006,1.080362,1.069683,1.072082,1.072571,1.070805,1.070418,1.074602,1.073830,1.073108,1.070171,1.074291,1.076526,1.085293,1.089550,1.089507,1.086224,1.095364,1.035701,1.086261,1.082380,1.083245,1.091744,1.068005,1.092663,1.091104,1.085859,1.077715,1.032435,1.004515,1.002474,1.022668,1.038057,1.045963,1.086704,1.025649,1.033135,1.057831
1.199520,1.077794,1.078428,1.080854,1.070170,1.072531,1.073022,1.071226,1.070822,1.074672,1.074314,1.073581,1.070655,1.074783,1.077037,1.085882,1.090173,1.090094,1.086776,1.096205,1.036549,1.086907,1.083050,1.083923,1.092381,1.068508,1.093253,1.091693,1.086497,1.078363,1.032834,1.004972,1.002936,1.023499,1.038965,1.046625,1.087434,1.026132,1.033788,1.057607
1.207850,1.077828,1.078846,1.081340,1.070653,1.072978,1.073470,1.071644,1.071225,1.074747,1.074794,1.074051,1.071135,1.075271,1.077543,1.086462,1.090784,1.090673,1.087321,1.097012,1.037355,1.087543,1.083713,1.084594,1.093008,1.069012,1.093842,1.092277,1.087133,1.079009,1.033224,1.005426,1.003395,1.024298,1.039821,1.047282,1.088159,1.026620,1.034440,1.057387
1.216180,1.077861,1.079257,1.081818,1.071128,1.073420,1.073914,1.072060,1.071625,1.074823,1.075269,1.074515,1.071609,1.075752,1.078041,1.087031,1.091384,1.091242,1.087857,1.097781,1.038118,1.088169,1.084367,1.085256,1.093624,1.069517,1.094428,1.092855,1.087768,1.079654,1.033603,1.005875,1.003848,1.025063,1.040623,1.047934,1.088879,1.027112,1.035088,1.057168
1.224510,1.077890,1.079660,1.082286,1.071596,1.073855,1.074351,1.072469,1.072020,1.074900,1.075735,1.074972,1.072075,1.076225,1.078530,1.087587,1.091969,1.091800,1.088382,1.098511,1.038835,1.088784,1.085012,1.085909,1.094225,1.070021,1.095009,1.093425,1.088399,1.080294,1.033972,1.006319,1.004294,1.025792,1.041368,1.048578,1.089592,1.027606,1.035732,1.056949
1.232840,1.077913,1.080054,1.082743,1.072053,1.074283,1.074779,1.072872,1.072407,1.074974,1.076193,1.075420,1.072532,1.076688,1.079008,1.088129,1.092539,1.092345,1.088894,1.099202,1.039506,1.089385,1.085645,1.086551,1.094813,1.070520,1.095583,1.093986,1.089025,1.080930,1.034328,1.006755,1.004731,1.026486,1.042055,1.049215,1.090297,1.028101,1.036371,1.056729
1.241170,1.077928,1.080435,1.083186,1.072498,1.074700,1.075197,1.073265,1.072786,1.075043,1.076639,1.075857,1.072978,1.077140,1.079474,1.088655,1.093093,1.092875,1.089393,1.099852,1.040130,1.089972,1.086267,1.087181,1.095384,1.071015,1.096150,1.094536,1.089644,1.081559,1.034671,1.007182,1.005157,1.027142,1.042685,1.049843,1.090992,1.028594,1.037002,1.056506
1.249500,1.077933,1.080804,1.083614,1.072930,1.075104,1.075604,1.073646,1.073153,1.075107,1.077072,1.076281,1.073411,1.077579,1.079926,1.089165,1.093629,1.093391,1.089876,1.100462,1.040707,1.090544,1.086876,1.087797,1.095938,1.071501,1.096707,1.095073,1.090256,1.082180,1.034998,1.007597,1.005572,1.027762,1.043256,1.050461,1.091677,1.029083,1.037626,1.056279
1.257830,1.077925,1.081157,1.084025,1.073347,1.075495,1.075995,1.074014,1.073508,1.075161,1.077490,1.076691,1.073828,1.078002,1.080361,1.089657,1.094146,1.093888,1.090342,1.101031,1.041237,1.091099,1.087470,1.088399,1.096474,1.071978,1.097253,1.095597,1.090857,1.082792,1.035309,1.007999,1.005972,1.028344,1.043770,1.051067,1.092350,1.029567,1.038239,1.056045
1.266160,1.077903,1.081491,1.084418,1.073746,1.075869,1.076371,1.074366,1.073846,1.075205,1.077891,1.077083,1.074228,1.078408,1.080779,1.090129,1.094643,1.094368,1.090790,1.101560,1.041720,1.091636,1.088048,1.088985,1.096990,1.072443,1.097784,1.096104,1.091446,1.083391,1.035601,1.008385,1.006357,1.028890,1.044227,1.051661,1.093011,1.030043,1.038841,1.055804
1.274490,1.077863,1.081806,1.084790,1.074126,1.076225,1.076728,1.074700,1.074167,1.075236,1.078273,1.077457,1.074610,1.078794,1.081177,1.090580,1.095118,1.094827,1.091217,1.102048,1.042159,1.092153,1.088609,1.089554,1.097486,1.072892,1.098301,1.096594,1.092022,1.083978,1.035872,1.008755,1.006724,1.029399,1.044630,1.052240,1.093657,1.030509,1.039430,1.055554
1.282820,1.077804,1.082098,1.085139,1.074484,1.076560,1.077064,1.075015,1.074469,1.075251,1.078634,1.077810,1.074970,1.079160,1.081554,1.091008,1.095571,1.095263,1.091621,1.102497,1.042553,1.092650,1.089151,1.090103,1.097959,1.073325,1.098799,1.097064,1.092582,1.084548,1.036119,1.009105,1.007071,1.029872,1.044980,1.052803,1.094286,1.030961,1.040004,1.055292
1.291150,1.077723,1.082366,1.085463,1.074819,1.076872,1.077378,1.075307,1.074748,1.075249,1.078972,1.078140,1.075307,1.079502,1.081907,1.091412,1.095999,1.095677,1.092002,1.102907,1.042905,1.093124,1.089673,1.090633,1.098409,1.073738,1.099278,1.097512,1.093124,1.085101,1.036341,1.009434,1.007397,1.030310,1.045279,1.053349,1.094898,1.031398,1.040561,1.055019
1.299480,1.077619,1.082607,1.085762,1.075130,1.077161,1.077668,1.075576,1.075004,1.075229,1.079285,1.078446,1.075620,1.079820,1.082235,1.091792,1.096403,1.096066,1.092357,1.103280,1.043215,1.093575,1.090174,1.091141,1.098834,1.074129,1.099735,1.097938,1.093647,1.085635,1.036536,1.009740,1.007701,1.030713,1.045530,1.053877,1.095492,1.031818,1.041100,1.054732
1.307810,1.077490,1.082820,1.086032,1.075414,1.077424,1.077932,1.075819,1.075234,1.075187,1.079573,1.078726,1.075907,1.080112,1.082538,1.092145,1.096780,1.096429,1.092686,1.103616,1.043487,1.094002,1.090652,1.091627,1.099234,1.074497,1.100170,1.098339,1.094149,1.086149,1.036702,1.010023,1.007980,1.031083,1.045735,1.054385,1.096065,1.032219,1.041619,1.054431
1.316140,1.077334,1.083003,1.086274,1.075671,1.077659,1.078169,1.076035,1.075438,1.075123,1.079833,1.078978,1.076166,1.080376,1.082812,1.092472,1.097131,1.096766,1.092987,1.103918,1.043721,1.094404,1.091106,1.092089,1.099608,1.074839,1.100579,1.098714,1.094627,1.086639,1.036839,1.010279,1.008234,1.031421,1.045897,1.054871,1.096617,1.032598,1.042116,1.054113
1.324470,1.077149,1.083154,1.086485,1.075899,1.077866,1.078377,1.076222,1.075613,1.075035,1.080065,1.079201,1.076396,1.080612,1.083058,1.092770,1.097455,1.097074,1.093260,1.104185,1.043920,1.094780,1.091535,1.092526,1.099955,1.075154,1.100963,1.099063,1.095082,1.087106,1.036944,1.010509,1.008460,1.031728,1.046020,1.055335,1.097146,1.032954,1.042590,1.053779
1.332800,1.076936,1.083273,1.086665,1.076096,1.078042,1.078555,1.076380,1.075759,1.074923,1.080266,1.079395,1.076596,1.080817,1.083274,1.093039,1.097750,1.097353,1.093502,1.104420,1.044086,1.095128,1.091938,1.092936,1.100274,1.075440,1.101319,1.099383,1.095510,1.087547,1.037018,1.010710,1.008659,1.032005,1.046106,1.055775,1.097648,1.033285,1.043040,1.053427
1.341130,1.076692,1.083359,1.086813,1.076263,1.078187,1.078701,1.076506,1.075873,1.074784,1.080436,1.079557,1.076765,1.080991,1.083459,1.093278,1.098015,1.097602,1.093713,1.104624,1.044221,1.095446,1.092312,1.093317,1.100562,1.075695,1.101645,1.099673,1.095910,1.087960,1.037058,1.010882,1.008829,1.032253,1.046157,1.056188,1.098120,1.033590,1.043464,1.053057
1.349460,1.076417,1.083409,1.086926,1.076396,1.078300,1.078815,1.076600,1.075956,1.074618,1.080573,1.079686,1.076901,1.081133,1.083611,1.093486,1.098249,1.097819,1.093891,1.104797,1.044326,1.095734,1.092655,1.093666,1.100821,1.075919,1.101941,1.099932,1.096282,1.088345,1.037065,1.011023,1.008968,1.032473,1.046177,1.056573,1.098558,1.033866,1.043860,1.052669
1.357790,1.076110,1.083424,1.087005,1.076496,1.078379,1.078895,1.076661,1.076005,1.074424,1.080677,1.079782,1.077003,1.081241,1.083729,1.093662,1.098452,1.098004,1.094036,1.104940,1.044402,1.095989,1.092966,1.093981,1.101046,1.076110,1.102204,1.100158,1.096622,1.088699,1.037038,1.011133,1.009076,1.032665,1.046167,1.056927,1.098959,1.034114,1.044228,1.052261
1.366120,1.075772,1.083402,1.087049,1.076562,1.078424,1.078941,1.076688,1.076020,1.074202,1.080746,1.079844,1.077071,1.081315,1.083814,1.093804,1.098621,1.098155,1.094147,1.105055,1.044452,1.096211,1.093242,1.094261,1.101239,1.076268,1.102435,1.100351,1.096931,1.089022,1.036977,1.011209,1.009152,1.032831,1.046129,1.057248,1.099319,1.034331,1.044566,1.051834
1.374450,1.075402,1.083344,1.087056,1.076592,1.078433,1.078952,1.076680,1.076000,1.073952,1.080780,1.079870,1.077103,1.081353,1.083863,1.093911,1.098757,1.098271,1.094222,1.105142,1.044477,1.096397,1.093481,1.094503,1.101397,1.076390,1.102630,1.100510,1.097206,1.089312,1.036881,1.011253,1.009195,1.032971,1.046068,1.057535,1.099635,1.034517,1.044872,1.051387
1.382780,1.075000,1.083249,1.087027,1.076587,1.078408,1.078928,1.076636,1.075945,1.073672,1.080779,1.079861,1.077101,1.081356,1.083878,1.093985,1.098858,1.098353,1.094262,1.105202,1.044477,1.096548,1.093683,1.094706,1.101521,1.076477,1.102791,1.100633,1.097445,1.089565,1.036752,1.011263,1.009205,1.033086,1.045984,1.057787,1.099906,1.034671,1.045143,1.050921
1.391110,1.074567,1.083117,1.086962,1.076546,1.078346,1.078867,1.076557,1.075855,1.073363,1.080742,1.079816,1.077062,1.081323,1.083856,1.094022,1.098925,1.098398,1.094266,1.105236,1.044454,1.096662,1.093847,1.094869,1.101609,1.076528,1.102913,1.100719,1.097646,1.089780,1.036589,1.011239,1.009182,1.033175,1.045878,1.058001,1.100129,1.034791,1.045376,1.050437
1.399440,1.074104,1.082948,1.086859,1.076469,1.078248,1.078771,1.076442,1.075729,1.073026,1.080669,1.079735,1.076986,1.081254,1.083798,1.094024,1.098955,1.098407,1.094233,1.105243,1.044410,1.096737,1.093971,1.094991,1.101660,1.076542,1.102996,1.100767,1.097804,1.089952,1.036392,1.011180,1.009126,1.033241,1.045751,1.058177,1.100304,1.034878,1.045567,1.049934
1.407770,1.073611,1.082742,1.086720,1.076355,1.078114,1.078638,1.076292,1.075567,1.072661,1.080559,1.079617,1.076874,1.081148,1.083703,1.093990,1.098949,1.098378,1.094162,1.105224,1.044342,1.096775,1.094054,1.095071,1.101674,1.076518,1.103038,1.100775,1.097919,1.090079,1.036163,1.011086,1.009035,1.033282,1.045605,1.058314,1.100429,1.034931,1.045712,1.049413
1.416100,1.073089,1.082499,1.086544,1.076205,1.077944,1.078469,1.076106,1.075371,1.072268,1.080413,1.079463,1.076727,1.081007,1.083573,1.093920,1.098908,1.098312,1.094055,1.105182,1.044256,1.096774,1.094097,1.095110,1.101651,1.076457,1.103039,1.100744,1.097987,1.090159,1.035902,1.010958,1.008911,1.033300,1.045444,1.058411,1.100505,1.034948,1.045808,1.048875
1.424430,1.072541,1.082222,1.086332,1.076021,1.077739,1.078266,1.075885,1.075140,1.071849,1.080232,1.079275,1.076543,1.080830,1.083407,1.093814,1.098830,1.098210,1.093911,1.105115,1.044151,1.096736,1.094100,1.095106,1.101592,1.076359,1.102999,1.100674,1.098009,1.090191,1.035611,1.010795,1.008755,1.033295,1.045266,1.058469,1.100532,1.034932,1.045856,1.048321
1.432760,1.071967,1.081911,1.086086,1.075801,1.077500,1.078028,1.075631,1.074876,1.071405,1.080017,1.079052,1.076326,1.080619,1.083206,1.093673,1.098718,1.098071,1.093732,1.105024,1.044026,1.096659,1.094063,1.095062,1.101497,1.076224,1.102917,1.100565,1.097984,1.090174,1.035291,1.010600,1.008567,1.033268,1.045072,1.058488,1.100510,1.034882,1.045853,1.047753
1.441090,1.071370,1.081567,1.085806,1.075549,1.077228,1.077758,1.075344,1.074580,1.070938,1.079768,1.078795,1.076075,1.080374,1.082972,1.093499,1.098572,1.097898,1.093518,1.104912,1.043885,1.096547,1.093988,1.094977,1.101367,1.076055,1.102794,1.100418,1.097912,1.090109,1.034944,1.010371,1.008347,1.033220,1.044867,1.058468,1.100441,1.034799,1.045800,1.047171
1.449420,1.070753,1.081193,1.085495,1.075264,1.076925,1.077455,1.075026,1.074253,1.070448,1.079487,1.078507,1.075792,1.080097,1.082706,1.093291,1.098391,1.097690,1.093271,1.104776,1.043723,1.096397,1.093873,1.094852,1.101202,1.075852,1.102632,1.100233,1.097794,1.089996,1.034571,1.010112,1.008098,1.033149,1.044643,1.058409,1.100324,1.034684,1.045698,1.046577
1.457750,1.070117,1.080791,1.085153,1.074950,1.076591,1.077123,1.074679,1.073896,1.069938,1.079176,1.078189,1.075478,1.079790,1.082408,1.093052,1.098179,1.097449,1.092992,1.104618,1.043544,1.096213,1.093720,1.094688,1.101004,1.075617,1.102432,1.100012,1.097631,1.089837,1.034174,1.009823,1.007821,1.033057,1.044406,1.058312,1.100162,1.034538,1.045547,1.045972
1.466080,1.069465,1.080363,1.084783,1.074606,1.076230,1.076762,1.074305,1.073513,1.069410,1.078836,1.077842,1.075136,1.079454,1.082082,1.092782,1.097935,1.097177,1.092683,1.104438,1.043349,1.095995,1.093531,1.094487,1.100773,1.075352,1.102195,1.099758,1.097425,1.089632,1.033757,1.009505,1.007518,1.032944,1.044156,1.058179,1.099955,1.034364,1.045350,1.045359
1.474410,1.068800,1.079911,1.084388,1.074236,1.075842,1.076376,1.073904,1.073105,1.068865,1.078470,1.077469,1.074767,1.079091,1.081729,1.092483,1.097662,1.096875,1.092346,1.104238,1.043136,1.095745,1.093307,1.094250,1.100512,1.075059,1.101924,1.099471,1.097177,1.089385,1.033320,1.009161,1.007189,1.032812,1.043891,1.058010,1.099706,1.034162,1.045107,1.044739
1.482740,1.068124,1.079438,1.083968,1.073841,1.075430,1.075965,1.073481,1.072673,1.068307,1.078079,1.077071,1.074373,1.078703,1.081350,1.092158,1.097361,1.096546,1.091982,1.104017,1.042907,1.095463,1.093049,1.093978,1.100222,1.074740,1.101620,1.099154,1.096890,1.089096,1.032867,1.008793,1.006837,1.032659,1.043613,1.057807,1.099415,1.033935,1.044822,1.044114
1.491070,1.067441,1.078947,1.083527,1.073424,1.074996,1.075531,1.073036,1.072221,1.067736,1.077665,1.076650,1.073956,1.078292,1.080948,1.091807,1.097034,1.096190,1.091594,1.103777,1.042662,1.095153,1.092760,1.093673,1.099904,1.074397,1.101285,1.098808,1.096566,1.088769,1.032400,1.008401,1.006465,1.032487,1.043322,1.057570,1.099085,1.033684,1.044495,1.043486
1.499400,1.066752,1.078439,1.083067,1.072987,1.074543,1.075078,1.072571,1.071750,1.067157,1.077230,1.076209,1.073519,1.077860,1.080524,1.091431,1.096682,1.095810,1.091184,1.103517,1.042399,1.094814,1.092439,1.093336,1.099560,1.074033,1.100922,1.098436,1.096207,1.088405,1.031921,1.007989,1.006073,1.032296,1.043016,1.057301,1.098717,1.033411,1.044130,1.042857
1.507730,1.066062,1.077918,1.082590,1.072531,1.074071,1.074608,1.072090,1.071263,1.066570,1.076777,1.075750,1.073063,1.077410,1.080082,1.091034,1.096306,1.095408,1.090753,1.103238,1.042121,1.094449,1.092088,1.092969,1.099191,1.073650,1.100533,1.098039,1.095815,1.088007,1.031433,1.007557,1.005664,1.032085,1.042695,1.057002,1.098314,1.033119,1.043729,1.042227
1.516060,1.065372,1.077387,1.082098,1.072058,1.073584,1.074121,1.071594,1.070761,1.065977,1.076307,1.075274,1.072591,1.076943,1.079622,1.090617,1.095908,1.094985,1.090304,1.102941,1.041826,1.094059,1.091710,1.092574,1.098799,1.073250,1.100120,1.097620,1.095393,1.087577,1.030937,1.007109,1.005239,1.031857,1.042360,1.056673,1.097876,1.032810,1.043295,1.041601
1.524390,1.064686,1.076847,1.081594,1.071572,1.073084,1.073622,1.071086,1.070247,1.065382,1.075823,1.074785,1.072104,1.076461,1.079146,1.090181,1.095491,1.094544,1.089839,1.102624,1.041515,1.093646,1.091305,1.092152,1.098386,1.072836,1.099685,1.097181,1.094943,1.087119,1.030437,1.006647,1.004801,1.031609,1.042009,1.056315,1.097405,1.032484,1.042829,1.040978
1.532720,1.064006,1.076301,1.081080,1.071074,1.072573,1.073111,1.070568,1.069724,1.064787,1.075328,1.074284,1.071606,1.075967,1.078658,1.089729,1.095055,1.094086,1.089360,1.102290,1.041187,1.093211,1.090877,1.091705,1.097954,1.072409,1.099231,1.096724,1.094468,1.086634,1.029934,1.006171,1.004352,1.031344,1.041643,1.055932,1.096905,1.032145,1.042335,1.040361
1.541050,1.063335,1.075753,1.080559,1.070567,1.072054,1.072592,1.070042,1.069193,1.064193,1.074822,1.073774,1.071098,1.075464,1.078160,1.089262,1.094603,1.093614,1.088869,1.101939,1.040844,1.092757,1.090425,1.091235,1.097503,1.071973,1.098761,1.096251,1.093971,1.086125,1.029432,1.005686,1.003894,1.031063,1.041261,1.055524,1.096376,1.031795,1.041816,1.039752
1.549380,1.062674,1.075204,1.080032,1.070052,1.071527,1.072066,1.069510,1.068658,1.063602,1.074309,1.073256,1.070582,1.074952,1.077652,1.088782,1.094136,1.093130,1.088369,1.101572,1.040485,1.092285,1.089953,1.090744,1.097037,1.071529,1.098275,1.095765,1.093454,1.085595,1.028931,1.005192,1.003429,1.030764,1.040866,1.055094,1.095821,1.031435,1.041273,1.039152
1.557710,1.062027,1.074656,1.079502,1.069532,1.070997,1.071535,1.068974,1.068119,1.063017,1.073790,1.072733,1.070061,1.074434,1.077138,1.088292,1.093657,1.092635,1.087861,1.101191,1.040113,1.091798,1.089462,1.090234,1.096557,1.071080,1.097778,1.095267,1.092920,1.085046,1.028434,1.004691,1.002958,1.030452,1.040457,1.054642,1.095243,1.031068,1.040711,1.038563
1.566040,1.061396,1.074113,1.078971,1.069010,1.070465,1.071003,1.068438,1.067580,1.062440,1.073268,1.072208,1.069536,1.073913,1.076620,1.087793,1.093167,1.092132,1.087347,1.100797,1.039730,1.091297,1.088955,1.089707,1.096065,1.070628,1.097271,1.094761,1.092370,1.084482,1.027944,1.004187,1.002484,1.030126,1.040038,1.054172,1.094642,1.030695,1.040131,1.037987
1.574370,1.060783,1.073576,1.078442,1.068486,1.069933,1.070471,1.067902,1.067042,1.061873,1.072745,1.071682,1.069011,1.073391,1.076099,1.087288,1.092669,1.091624,1.086831,1.100392,1.039336,1.090785,1.088433,1.089165,1.095563,1.070174,1.096758,1.094249,1.091810,1.083905,1.027461,1.003681,1.002009,1.029788,1.039610,1.053685,1.094022,1.030319,1.039536,1.037424
1.582700,1.060189,1.073047,1.077917,1.067964,1.069403,1.069941,1.067370,1.066508,1.061316,1.072223,1.071157,1.068487,1.072869,1.075579,1.086778,1.092165,1.091112,1.086314,1.099979,1.038936,1.090264,1.087900,1.088611,1.095054,1.069722,1.096239,1.093732,1.091239,1.083318,1.026988,1.003175,1.001535,1.029441,1.039177,1.053184,1.093385,1.029941,1.038929,1.036876
1.591030,1.059616,1.072529,1.077397,1.067446,1.068878,1.069415,1.066843,1.065980,1.060773,1.071705,1.070636,1.067966,1.072350,1.075060,1.086266,1.091656,1.090598,1.085798,1.099560,1.038529,1.089736,1.087356,1.088047,1.094540,1.069273,1.095717,1.093213,1.090662,1.082723,1.026527,1.002671,1.001063,1.029086,1.038741,1.052671,1.092733,1.029563,1.038314,1.036344
1.599360,1.059066,1.072024,1.076885,1.066933,1.068359,1.068895,1.066323,1.065459,1.060243,1.071191,1.070120,1.067450,1.071836,1.074546,1.085754,1.091146,1.090085,1.085286,1.099135,1.038119,1.089202,1.086805,1.087474,1.094022,1.068829,1.095195,1.092695,1.090081,1.082123,1.026078,1.002171,1.000595,1.028725,1.038302,1.052148,1.092068,1.029186,1.037691,1.035829
1.607690,1.058541,1.071531,1.076383,1.066427,1.067847,1.068384,1.065811,1.064947,1.059730,1.070684,1.069611,1.066940,1.071329,1.074037,1.085244,1.090635,1.089574,1.084778,1.098708,1.037707,1.088666,1.086248,1.086896,1.093502,1.068391,1.094675,1.092178,1.089497,1.081519,1.025643,1.001677,1.000134,1.028359,1.037863,1.051616,1.091392,1.028813,1.037063,1.035333
1.616020,1.058040,1.071054,1.075890,1.065929,1.067345,1.067881,1.065309,1.064445,1.059233,1.070185,1.069111,1.066439,1.070829,1.073535,1.084736,1.090125,1.089067,1.084276,1.098278,1.037292,1.088128,1.085686,1.086313,1.092982,1.067961,1.094157,1.091664,1.088912,1.080914,1.025223,1.001190,0.999679,1.027990,1.037425,1.051079,1.090708,1.028444,1.036433,1.034855
1.624350,1.057566,1.070594,1.075410,1.065442,1.066854,1.067389,1.064819,1.063955,1.058753,1.069696,1.068621,1.065948,1.070338,1.073042,1.084233,1.089617,1.088564,1.083782,1.097847,1.036878,1.087590,1.085123,1.085727,1.092464,1.067539,1.093644,1.091156,1.088329,1.080311,1.024819,1.000712,0.999233,1.027618,1.036988,1.050536,1.090017,1.028080,1.035802,1.034396
1.632680,1.057117,1.070150,1.074943,1.064965,1.066375,1.066909,1.064341,1.063479,1.058292,1.069217,1.068142,1.065467,1.069858,1.072559,1.083735,1.089113,1.088068,1.083297,1.097417,1.036464,1.087054,1.084558,1.085140,1.091948,1.067127,1.093137,1.090653,1.087749,1.079709,1.024431,1.000243,0.998797,1.027245,1.036554,1.049991,1.089321,1.027722,1.035173,1.033957
1.641010,1.056696,1.069723,1.074489,1.064500,1.065908,1.066441,1.063877,1.063015,1.057850,1.068749,1.067674,1.064998,1.069389,1.072086,1.083244,1.088614,1.087579,1.082822,1.096988,1.036051,1.086520,1.083994,1.084553,1.091436,1.066725,1.092636,1.090158,1.087173,1.079111,1.024060,0.999786,0.998371,1.026870,1.036122,1.049445,1.088621,1.027371,1.034546,1.033538
1.649340,1.056301,1.069315,1.074050,1.064048,1.065455,1.065987,1.063427,1.062567,1.057426,1.068294,1.067219,1.064542,1.068932,1.071624,1.082761,1.088121,1.087099,1.082357,1.096560,1.035640,1.085991,1.083432,1.083968,1.090929,1.066334,1.092143,1.089671,1.086603,1.078518,1.023707,0.999340,0.997956,1.026496,1.035693,1.048899,1.087918,1.027028,1.033922,1.033140
1.657670,1.055934,1.068925,1.073626,1.063609,1.065016,1.065547,1.062991,1.062133,1.057022,1.067853,1.066778,1.064098,1.068488,1.071175,1.082286,1.087635,1.086627,1.081903,1.096135,1.035231,1.085466,1.082873,1.083386,1.090428,1.065954,1.091659,1.089192,1.086038,1.077932,1.023370,0.998908,0.997552,1.026122,1.035269,1.048354,1.087215,1.026692,1.033304,1.032761
1.666000,1.055592,1.068553,1.073216,1.063184,1.064591,1.065121,1.062570,1.061714,1.056638,1.067424,1.066350,1.063668,1.068057,1.070738,1.081820,1.087155,1.086165,1.081461,1.095712,1.034825,1.084947,1.082317,1.082807,1.089933,1.065585,1.091183,1.088723,1.085481,1.077352,1.023049,0.998488,0.997161,1.025750,1.034847,1.047813,1.086511,1.026363,1.032692,1.032402
1.674330,1.055277,1.068199,1.072822,1.062773,1.064181,1.064710,1.062164,1.061311,1.056272,1.067009,1.065937,1.063252,1.067639,1.070314,1.081363,1.086684,1.085713,1.081031,1.095293,1.034422,1.084435,1.081767,1.082232,1.089446,1.065227,1.090716,1.088263,1.084932,1.076779,1.022746,0.998081,0.996782,1.025379,1.034430,1.047275,1.085809,1.026043,1.032087,1.032062
1.682660,1.054986,1.067862,1.072442,1.062375,1.063786,1.064314,1.061774,1.060924,1.055925,1.066608,1.065537,1.062849,1.067235,1.069902,1.080916,1.086221,1.085270,1.080612,1.094877,1.034022,1.083930,1.081223,1.081663,1.088965,1.064880,1.090259,1.087813,1.084391,1.076214,1.022458,0.997689,0.996415,1.025010,1.034017,1.046742,1.085109,1.025729,1.031488,1.031742
1.690990,1.054720,1.067543,1.072077,1.061992,1.063405,1.063932,1.061398,1.060551,1.055597,1.066220,1.065151,1.062460,1.066845,1.069504,1.080479,1.085766,1.084838,1.080206,1.094465,1.033625,1.083432,1.080685,1.081100,1.088493,1.064542,1.089811,1.087373,1.083857,1.075657,1.022185,0.997310,0.996060,1.024643,1.033608,1.046214,1.084411,1.025423,1.030898,1.031440
1.699320,1.054477,1.067239,1.071727,1.061621,1.063039,1.063564,1.061037,1.060194,1.055286,1.065846,1.064779,1.062085,1.066467,1.069118,1.080051,1.085319,1.084415,1.079810,1.094057,1.033232,1.082942,1.080153,1.080543,1.088028,1.064215,1.089372,1.086942,1.083332,1.075109,1.021927,0.996945,0.995717,1.024278,1.033203,1.045693,1.083717,1.025124,1.030314,1.031157
1.707650,1.054256,1.066951,1.071389,1.061264,1.062686,1.063211,1.060690,1.059851,1.054992,1.065484,1.064421,1.061722,1.066102,1.068745,1.079633,1.084881,1.084002,1.079426,1.093652,1.032842,1.082459,1.079629,1.079993,1.087572,1.063897,1.088941,1.086520,1.082815,1.074568,1.021682,0.996594,0.995386,1.023915,1.032802,1.045180,1.083026,1.024831,1.029739,1.030890
1.715980,1.054056,1.066677,1.071065,1.060920,1.062346,1.062870,1.060357,1.059521,1.054715,1.065135,1.064075,1.061372,1.065750,1.068383,1.079225,1.084451,1.083598,1.079052,1.093252,1.032455,1.081985,1.079113,1.079450,1.087123,1.063586,1.088518,1.086107,1.082305,1.074034,1.021450,0.996256,0.995066,1.023555,1.032405,1.044674,1.082340,1.024543,1.029170,1.030640
1.724310,1.053874,1.066416,1.070752,1.060588,1.062020,1.062543,1.060037,1.059205,1.054452,1.064798,1.063741,1.061035,1.065409,1.068033,1.078826,1.084029,1.083203,1.078689,1.092854,1.032071,1.081519,1.078604,1.078914,1.086683,1.063283,1.088103,1.085702,1.081803,1.073508,1.021230,0.995931,0.994757,1.023197,1.032011,1.044176,1.081658,1.024260,1.028609,1.030405
1.732640,1.053711,1.066168,1.070451,1.060267,1.061705,1.062227,1.059729,1.058902,1.054204,1.064473,1.063419,1.060709,1.065080,1.067694,1.078436,1.083615,1.082817,1.078335,1.092461,1.031690,1.081061,1.078103,1.078385,1.086250,1.062987,1.087695,1.085305,1.081307,1.072989,1.021020,0.995619,0.994458,1.022842,1.031621,1.043686,1.080981,1.023981,1.028055,1.030185
1.740970,1.053564,1.065932,1.070161,1.059957,1.061403,1.061924,1.059433,1.058610,1.053969,1.064159,1.063108,1.060394,1.064762,1.067365,1.078054,1.083209,1.082439,1.077991,1.092071,1.031312,1.080611,1.077611,1.077864,1.085825,1.062696,1.087294,1.084916,1.080818,1.072476,1.020822,0.995319,0.994169,1.022489,1.031234,1.043206,1.080310,1.023706,1.027508,1.029979
1.749300,1.053433,1.065707,1.069882,1.059658,1.061111,1.061631,1.059148,1.058330,1.053746,1.063855,1.062808,1.060089,1.064454,1.067046,1.077681,1.082811,1.082069,1.077655,1.091684,1.030938,1.080170,1.077127,1.077351,1.085408,1.062412,1.086899,1.084534,1.080335,1.071970,1.020635,0.995031,0.993890,1.022138,1.030850,1.042736,1.079644,1.023434,1.026967,1.029785
1.757630,1.053315,1.065493,1.069612,1.059368,1.060829,1.061349,1.058874,1.058060,1.053535,1.063561,1.062518,1.059795,1.064155,1.066737,1.077317,1.082420,1.081707,1.077328,1.091301,1.030566,1.079737,1.076651,1.076846,1.084998,1.062132,1.086509,1.084158,1.079858,1.071469,1.020458,0.994755,0.993619,1.021790,1.030470,1.042275,1.078984,1.023166,1.026431,1.029604
1.765960,1.053210,1.065287,1.069351,1.059088,1.060557,1.061076,1.058609,1.057799,1.053334,1.063276,1.062237,1.059509,1.063866,1.066437,1.076960,1.082036,1.081352,1.077009,1.090921,1.030196,1.079311,1.076185,1.076349,1.084595,1.061856,1.086125,1.083789,1.079385,1.070973,1.020292,0.994489,0.993356,1.021443,1.030091,1.041825,1.078330,1.022899,1.025901,1.029433
1.774290,1.053115,1.065091,1.069098,1.058816,1.060294,1.060812,1.058353,1.057548,1.053142,1.063000,1.061965,1.059232,1.063585,1.066145,1.076610,1.081659,1.081003,1.076697,1.090543,1.029828,1.078894,1.075726,1.075859,1.084200,1.061584,1.085745,1.083425,1.078917,1.070482,1.020134,0.994233,0.993101,1.021099,1.029714,1.041384,1.077681,1.022634,1.025375,1.029271
1.782620,1.053031,1.064902,1.068852,1.058552,1.060039,1.060557,1.058105,1.057305,1.052958,1.062731,1.061701,1.058963,1.063312,1.065861,1.076267,1.081288,1.080661,1.076391,1.090167,1.029460,1.078484,1.075277,1.075378,1.083810,1.061315,1.085370,1.083066,1.078455,1.069997,1.019986,0.993987,0.992852,1.020755,1.029336,1.040954,1.077039,1.022371,1.024857,1.029119
1.790950,1.052954,1.064720,1.068613,1.058296,1.059792,1.060309,1.057865,1.057069,1.052782,1.062470,1.061444,1.058702,1.063047,1.065584,1.075931,1.080923,1.080326,1.076093,1.089793,1.029093,1.078082,1.074835,1.074904,1.083428,1.061049,1.085001,1.082714,1.078000,1.069521,1.019846,0.993750,0.992610,1.020413,1.028957,1.040535,1.076403,1.022110,1.024349,1.028975
1.799280,1.052884,1.064545,1.068381,1.058046,1.059551,1.060068,1.057631,1.056839,1.052611,1.062215,1.061194,1.058446,1.062787,1.065313,1.075600,1.080565,1.079996,1.075800,1.089418,1.028724,1.077687,1.074403,1.074438,1.083052,1.060786,1.084637,1.082367,1.077553,1.069052,1.019714,0.993522,0.992374,1.020072,1.028575,1.040126,1.075773,1.021849,1.023850,1.028837
1.807610,1.052820,1.064375,1.068154,1.057801,1.059316,1.059833,1.057403,1.056615,1.052446,1.061966,1.060950,1.058197,1.062534,1.065048,1.075276,1.080211,1.079671,1.075512,1.089044,1.028353,1.077298,1.073978,1.073979,1.082681,1.060524,1.084277,1.082025,1.077112,1.068590,1.019588,0.993302,0.992143,1.019730,1.028188,1.039726,1.075149,1.021589,1.023360,1.028706
1.815940,1.052760,1.064209,1.067931,1.057561,1.059086,1.059603,1.057180,1.056396,1.052285,1.061721,1.060710,1.057952,1.062285,1.064787,1.074955,1.079862,1.079350,1.075228,1.088668,1.027978,1.076916,1.073560,1.073526,1.082315,1.060263,1.083920,1.081686,1.076676,1.068135,1.019469,0.993088,0.991915,1.019387,1.027795,1.039337,1.074530,1.021329,1.022878,1.028580
1.824270,1.052702,1.064046,1.067711,1.057325,1.058859,1.059376,1.056960,1.056180,1.052127,1.061480,1.060474,1.057711,1.062039,1.064531,1.074639,1.079516,1.079032,1.074947,1.088289,1.027599,1.076539,1.073149,1.073080,1.081953,1.060002,1.083566,1.081350,1.076245,1.067686,1.019355,0.992880,0.991691,1.019042,1.027393,1.038956,1.073916,1.021068,1.022403,1.028458
1.832600,1.052646,1.063885,1.067493,1.057092,1.058636,1.059153,1.056743,1.055967,1.051971,1.061242,1.060241,1.057473,1.061797,1.064277,1.074325,1.079173,1.078716,1.074669,1.087908,1.027214,1.076166,1.072744,1.072638,1.081595,1.059740,1.083213,1.081015,1.075818,1.067240,1.019246,0.992677,0.991470,1.018695,1.026983,1.038584,1.073307,1.020805,1.021934,1.028339
1.840930,1.052590,1.063725,1.067276,1.056861,1.058414,1.058931,1.056527,1.055756,1.051816,1.061006,1.060010,1.057237,1.061557,1.064025,1.074013,1.078832,1.078403,1.074392,1.087522,1.026823,1.075798,1.072344,1.072202,1.081239,1.059476,1.082861,1.080682,1.075393,1.066798,1.019139,0.992479,0.991250,1.018345,1.026562,1.038219,1.072703,1.020540,1.021470,1.028223
1.849260,1.052533,1.063565,1.067060,1.056630,1.058194,1.058711,1.056313,1.055545,1.051661,1.060772,1.059780,1.057002,1.061317,1.063774,1.073703,1.078493,1.078090,1.074116,1.087132,1.026424,1.075433,1.071950,1.071771,1.080885,1.059209,1.082509,1.080349,1.074971,1.066359,1.019036,0.992283,0.991031,1.017992,1.026130,1.037862,1.072103,1.020272,1.021010,1.028109
1.857590,1.052475,1.063405,1.066843,1.056401,1.057974,1.058492,1.056099,1.055335,1.051506,1.060537,1.059551,1.056767,1.061079,1.063525,1.073394,1.078155,1.077777,1.073840,1.086738,1.026019,1.075071,1.071560,1.071343,1.080534,1.058940,1.082155,1.080016,1.074549,1.065920,1.018934,0.992091,0.990813,1.017636,1.025687,1.037512,1.071509,1.020001,1.020553,1.027996
1.865920,1.052413,1.063243,1.066626,1.056171,1.057754,1.058273,1.055884,1.055124,1.051350,1.060304,1.059322,1.056533,1.060840,1.063275,1.073086,1.077817,1.077465,1.073563,1.086339,1.025606,1.074712,1.071175,1.070921,1.080183,1.058667,1.081801,1.079683,1.074127,1.065483,1.018833,0.991901,0.990595,1.017277,1.025233,1.037169,1.070920,1.019727,1.020098,1.027883
1.874250,1.052349,1.063078,1.066407,1.055940,1.057534,1.058053,1.055670,1.054913,1.051192,1.060069,1.059093,1.056298,1.060602,1.063025,1.072778,1.077481,1.077152,1.073286,1.085935,1.025187,1.074355,1.070795,1.070502,1.079834,1.058391,1.081445,1.079348,1.073705,1.065046,1.018733,0.991713,0.990377,1.016915,1.024769,1.036832,1.070337,1.019448,1.019645,1.027771
1.882580,1.052280,1.062912,1.066186,1.055710,1.057313,1.057833,1.055454,1.054700,1.051033,1.059835,1.058863,1.056064,1.060363,1.062775,1.072471,1.077145,1.076840,1.073008,1.085528,1.024762,1.074002,1.070419,1.070089,1.079487,1.058110,1.081088,1.079012,1.073284,1.064611,1.018633,0.991527,0.990159,1.016550,1.024295,1.036502,1.069761,1.019166,1.019195,1.027659
1.890910,1.052207,1.062744,1.065965,1.055478,1.057092,1.057613,1.055238,1.054487,1.050872,1.059600,1.058633,1.055829,1.060124,1.062525,1.072164,1.076810,1.076527,1.072730,1.085118,1.024331,1.073652,1.070049,1.069681,1.079142,1.057827,1.080730,1.078677,1.072864,1.064177,1.018532,0.991342,0.989940,1.016184,1.023812,1.036178,1.069192,1.018881,1.018748,1.027546
1.899240,1.052130,1.062573,1.065742,1.055247,1.056871,1.057392,1.055021,1.054273,1.050709,1.059365,1.058403,1.055593,1.059885,1.062275,1.071859,1.076478,1.076216,1.072452,1.084706,1.023896,1.073305,1.069684,1.069278,1.078799,1.057540,1.080373,1.078341,1.072447,1.063748,1.018431,0.991160,0.989722,1.015816,1.023322,1.035862,1.068633,1.018594,1.018308,1.027433
1.907570,1.052049,1.062401,1.065518,1.055015,1.056649,1.057172,1.054804,1.054059,1.050544,1.059131,1.058174,1.055358,1.059646,1.062026,1.071556,1.076147,1.075906,1.072174,1.084293,1.023458,1.072963,1.069325,1.068882,1.078459,1.057252,1.080016,1.078007,1.072035,1.063323,1.018330,0.990980,0.989504,1.015449,1.022825,1.035553,1.068084,1.018304,1.017874,1.027319
1.915900,1.051963,1.062227,1.065293,1.054784,1.056428,1.056951,1.054586,1.053844,1.050378,1.058897,1.057944,1.055124,1.059408,1.061777,1.071255,1.075820,1.075597,1.071898,1.083878,1.023017,1.072626,1.068972,1.068493,1.078123,1.056962,1.079662,1.077675,1.071627,1.062905,1.018228,0.990802,0.989286,1.015081,1.022322,1.035251,1.067546,1.018013,1.017449,1.027204
1.924230,1.051873,1.062051,1.065069,1.054553,1.056207,1.056732,1.054369,1.053629,1.050210,1.058664,1.057716,1.054891,1.059171,1.061530,1.070956,1.075495,1.075291,1.071622,1.083465,1.022574,1.072294,1.068627,1.068112,1.077790,1.056671,1.079310,1.077345,1.071225,1.062493,1.018126,0.990626,0.989070,1.014715,1.021815,1.034958,1.067019,1.017720,1.017032,1.027090
1.932560,1.051780,1.061875,1.064844,1.054323,1.055987,1.056513,1.054153,1.053415,1.050041,1.058433,1.057489,1.054658,1.058935,1.061284,1.070661,1.075175,1.074988,1.071349,1.083053,1.022131,1.071967,1.068289,1.067739,1.077462,1.056379,1.078961,1.077018,1.070828,1.062088,1.018023,0.990453,0.988855,1.014351,1.021305,1.034673,1.066505,1.017428,1.016624,1.026974
1.940890,1.051682,1.061697,1.064620,1.054094,1.055768,1.056296,1.053938,1.053201,1.049872,1.058203,1.057263,1.054428,1.058701,1.061040,1.070369,1.074859,1.074688,1.071078,1.082643,1.021688,1.071647,1.067959,1.067374,1.077139,1.056087,1.078616,1.076695,1.070439,1.061691,1.017918,0.990283,0.988642,1.013990,1.020793,1.034396,1.066004,1.017135,1.016226,1.026859
1.949220,1.051581,1.061519,1.064397,1.053867,1.055551,1.056080,1.053723,1.052989,1.049702,1.057975,1.057039,1.054199,1.058469,1.060798,1.070081,1.074548,1.074392,1.070809,1.082235,1.021247,1.071333,1.067638,1.067018,1.076822,1.055796,1.078274,1.076375,1.070056,1.061301,1.017814,0.990116,0.988430,1.013633,1.020280,1.034127,1.065518,1.016842,1.015837,1.026744
1.957550,1.051477,1.061340,1.064175,1.053642,1.055335,1.055866,1.053511,1.052778,1.049533,1.057749,1.056817,1.053973,1.058240,1.060559,1.069798,1.074242,1.074100,1.070543,1.081832,1.020808,1.071026,1.067324,1.066671,1.076510,1.055506,1.077937,1.076059,1.069681,1.060920,1.017708,0.989952,0.988221,1.013279,1.019768,1.033867,1.065045,1.016551,1.015459,1.026628
1.965880,1.051371,1.061161,1.063954,1.053419,1.055122,1.055655,1.053300,1.052569,1.049364,1.057526,1.056598,1.053749,1.058013,1.060323,1.069519,1.073941,1.073812,1.070280,1.081433,1.020372,1.070726,1.067019,1.066334,1.076204,1.055217,1.077605,1.075748,1.069314,1.060548,1.017602,0.989791,0.988015,1.012930,1.019257,1.033615,1.064587,1.016261,1.015090,1.026514
1.974210,1.051262,1.060983,1.063736,1.053199,1.054912,1.055446,1.053093,1.052363,1.049195,1.057306,1.056382,1.053528,1.057789,1.060090,1.069245,1.073646,1.073529,1.070021,1.081039,1.019940,1.070433,1.066722,1.066007,1.075905,1.054930,1.077279,1.075442,1.068954,1.060184,1.017495,0.989634,0.987812,1.012587,1.018749,1.033372,1.064144,1.015973,1.014732,1.026400
1.982540,1.051151,1.060805,1.063519,1.052982,1.054704,1.055241,1.052887,1.052159,1.049029,1.057089,1.056169,1.053311,1.057569,1.059862,1.068976,1.073358,1.073251,1.069766,1.080652,1.019513,1.070147,1.066434,1.065689,1.075612,1.054645,1.076957,1.075142,1.068603,1.059829,1.017388,0.989481,0.987612,1.012250,1.018244,1.033136,1.063717,1.015687,1.014384,1.026287
1.990870,1.051039,1.060629,1.063305,1.052768,1.054501,1.055039,1.052686,1.051958,1.048864,1.056877,1.055960,1.053097,1.057353,1.059637,1.068714,1.073076,1.072979,1.069516,1.080271,1.019092,1.069869,1.066155,1.065381,1.075327,1.054364,1.076643,1.074847,1.068260,1.059484,1.017280,0.989332,0.987415,1.011919,1.017745,1.032909,1.063306,1.015405,1.014047,1.026176
1.999200,1.050926,1.060453,1.063094,1.052558,1.054301,1.054841,1.052488,1.051761,1.048702,1.056668,1.055755,1.052888,1.057141,1.059417,1.068457,1.072801,1.072713,1.069270,1.079899,1.018679,1.069599,1.065885,1.065084,1.075049,1.054087,1.076334,1.074559,1.067927,1.059148,1.017172,0.989187,0.987223,1.011597,1.017253,1.032690,1.062911,1.015126,1.013720,1.026066
2.007530,1.050813,1.060280,1.062886,1.052353,1.054105,1.054647,1.052294,1.051569,1.048543,1.056465,1.055554,1.052684,1.056934,1.059201,1.068207,1.072534,1.072453,1.069030,1.079535,1.018274,1.069338,1.065624,1.064797,1.074779,1.053813,1.076034,1.074278,1.067603,1.058822,1.017063,0.989047,0.987036,1.011283,1.016770,1.032479,1.062532,1.014851,1.013404,1.025959
2.015860,1.050700,1.060109,1.062683,1.052152,1.053915,1.054459,1.052106,1.051381,1.048388,1.056267,1.055359,1.052485,1.056733,1.058992,1.067965,1.072275,1.072201,1.068796,1.079181,1.017879,1.069086,1.065374,1.064522,1.074517,1.053545,1.075740,1.074004,1.067288,1.058507,1.016955,0.988911,0.986853,1.010978,1.016297,1.032276,1.062171,1.014582,1.013099,1.025854
2.024190,1.050588,1.059941,1.062484,1.051957,1.053730,1.054276,1.051923,1.051199,1.048237,1.056074,1.055170,1.052291,1.056537,1.058789,1.067730,1.072024,1.071957,1.068568,1.078839,1.017496,1.068842,1.065133,1.064258,1.074265,1.053283,1.075456,1.073738,1.066984,1.058203,1.016848,0.988781,0.986676,1.010684,1.015837,1.032082,1.061827,1.014318,1.012805,1.025753
2.032520,1.050478,1.059777,1.062290,1.051768,1.053551,1.054099,1.051746,1.051022,1.048091,1.055888,1.054987,1.052105,1.056348,1.058592,1.067504,1.071783,1.071720,1.068348,1.078509,1.017125,1.068609,1.064903,1.064006,1.074022,1.053027,1.075180,1.073481,1.066691,1.057909,1.016741,0.988656,0.986506,1.010401,1.015390,1.031896,1.061501,1.014060,1.012523,1.025654
2.040850,1.050370,1.059616,1.062102,1.051585,1.053378,1.053929,1.051575,1.050852,1.047951,1.055709,1.054811,1.051925,1.056166,1.058402,1.067287,1.071552,1.071492,1.068135,1.078193,1.016768,1.068386,1.064683,1.063766,1.073789,1.052778,1.074914,1.073233,1.066409,1.057627,1.016635,0.988538,0.986341,1.010131,1.014960,1.031719,1.061193,1.013810,1.012253,1.025560
2.049180,1.050264,1.059460,1.061920,1.051409,1.053213,1.053766,1.051412,1.050689,1.047816,1.055538,1.054642,1.051752,1.055992,1.058220,1.067078,1.071331,1.071274,1.067930,1.077890,1.016426,1.068173,1.064474,1.063538,1.073566,1.052537,1.074658,1.072994,1.066138,1.057358,1.016530,0.988425,0.986184,1.009874,1.014546,1.031551,1.060903,1.013567,1.011995,1.025470
2.057510,1.050162,1.059309,1.061745,1.051240,1.053056,1.053610,1.051256,1.050534,1.047689,1.055374,1.054481,1.051588,1.055825,1.058047,1.066880,1.071120,1.071066,1.067733,1.077604,1.016100,1.067971,1.064277,1.063323,1.073355,1.052304,1.074413,1.072766,1.065880,1.057101,1.016426,0.988319,0.986034,1.009631,1.014152,1.031392,1.060632,1.013332,1.011749,1.025384
2.065840,1.050063,1.059163,1.061577,1.051080,1.052906,1.053463,1.051109,1.050387,1.047568,1.055219,1.054328,1.051431,1.055667,1.057882,1.066692,1.070921,1.070867,1.067546,1.077333,1.015792,1.067780,1.064091,1.063122,1.073155,1.052081,1.074179,1.072549,1.065635,1.056856,1.016325,0.988220,0.985892,1.009402,1.013778,1.031242,1.060380,1.013107,1.011517,1.025303
2.074170,1.049968,1.059023,1.061417,1.050928,1.052765,1.053324,1.050970,1.050248,1.047455,1.055072,1.054184,1.051284,1.055518,1.057726,1.066515,1.070733,1.070680,1.067368,1.077079,1.015502,1.067601,1.063917,1.062933,1.072966,1.051867,1.073957,1.072343,1.065402,1.056625,1.016225,0.988128,0.985758,1.009189,1.013426,1.031102,1.060146,1.012891,1.011297,1.025227
2.082500,1.049878,1.058889,1.061264,1.050784,1.052633,1.053194,1.050840,1.050119,1.047350,1.054935,1.054049,1.051146,1.055378,1.057579,1.066349,1.070558,1.070504,1.067200,1.076843,1.015231,1.067434,1.063755,1.062758,1.072790,1.051664,1.073747,1.072149,1.065183,1.056407,1.016128,0.988044,0.985633,1.008992,1.013095,1.030971,1.059931,1.012685,1.011090,1.025156
2.090830,1.049793,1.058762,1.061120,1.050650,1.052510,1.053073,1.050719,1.049999,1.047253,1.054807,1.053924,1.051017,1.055247,1.057443,1.066194,1.070394,1.070339,1.067043,1.076625,1.014979,1.067279,1.063605,1.062597,1.072625,1.051471,1.073550,1.071967,1.064978,1.056204,1.016033,0.987967,0.985516,1.008811,1.012788,1.030850,1.059735,1.012490,1.010897,1.025091
2.099160,1.049712,1.058641,1.060984,1.050525,1.052397,1.052961,1.050608,1.049888,1.047165,1.054689,1.053808,1.050898,1.055127,1.057316,1.066051,1.070243,1.070185,1.066896,1.076425,1.014747,1.067136,1.063468,1.062449,1.072474,1.051290,1.073366,1.071797,1.064786,1.056014,1.015940,0.987897,0.985409,1.008647,1.012503,1.030738,1.059558,1.012306,1.010718,1.025032
2.107490,1.049637,1.058527,1.060858,1.050409,1.052293,1.052860,1.050506,1.049787,1.047085,1.054581,1.053702,1.050789,1.055016,1.057200,1.065919,1.070105,1.070044,1.066760,1.076243,1.014535,1.067006,1.063343,1.062315,1.072335,1.051120,1.073195,1.071640,1.064609,1.055838,1.015851,0.987836,0.985311,1.008499,1.012242,1.030637,1.059400,1.012133,1.010552,1.024978
2.115820,1.049568,1.058421,1.060740,1.050303,1.052200,1.052768,1.050415,1.049696,1.047015,1.054483,1.053605,1.050691,1.054916,1.057094,1.065799,1.069979,1.069914,1.066634,1.076080,1.014343,1.066888,1.063230,1.062195,1.072208,1.050962,1.073037,1.071495,1.064446,1.055677,1.015765,0.987782,0.985222,1.008368,1.012005,1.030545,1.059260,1.011972,1.010400,1.024930
2.124150,1.049504,1.058321,1.060632,1.050207,1.052116,1.052685,1.050333,1.049615,1.046953,1.054395,1.053519,1.050602,1.054826,1.056998,1.065692,1.069866,1.069797,1.066520,1.075935,1.014170,1.066782,1.063129,1.062088,1.072095,1.050817,1.072894,1.071363,1.064297,1.055531,1.015682,0.987736,0.985142,1.008253,1.011790,1.030462,1.059139,1.011823,1.010261,1.024889
2.132480,1.049445,1.058229,1.060532,1.050121,1.052042,1.052613,1.050262,1.049544,1.046900,1.054317,1.053443,1.050523,1.054746,1.056913,1.065595,1.069765,1.069692,1.066416,1.075808,1.014017,1.066689,1.063041,1.061995,1.071993,1.050684,1.072764,1.071245,1.064163,1.055398,1.015602,0.987698,0.985072,1.008155,1.011598,1.030390,1.059035,1.011687,1.010136,1.024852
2.140810,1.049392,1.058145,1.060442,1.050044,1.051977,1.052551,1.050200,1.049482,1.046856,1.054249,1.053377,1.050455,1.054676,1.056838,1.065511,1.069677,1.069598,1.066324,1.075699,1.013883,1.066607,1.062964,1.061915,1.071905,1.050563,1.072647,1.071139,1.064044,1.055280,1.015526,0.987667,0.985012,1.008073,1.011429,1.030326,1.058949,1.011564,1.010025,1.024822
2.149140,1.049345,1.058068,1.060361,1.049978,1.051923,1.052498,1.050148,1.049431,1.046821,1.054191,1.053321,1.050396,1.054616,1.056773,1.065438,1.069601,1.069516,1.066242,1.075608,1.013768,1.066538,1.062900,1.061848,1.071828,1.050455,1.072545,1.071046,1.063938,1.055177,1.015453,0.987644,0.984960,1.008007,1.011281,1.030272,1.058881,1.011453,1.009928,1.024797
2.157470,1.049303,1.057998,1.060290,1.049920,1.051877,1.052454,1.050106,1.049389,1.046795,1.054143,1.053274,1.050348,1.054566,1.056718,1.065377,1.069537,1.069446,1.066171,1.075533,1.013671,1.066480,1.062847,1.061794,1.071764,1.050359,1.072455,1.070965,1.063847,1.055087,1.015384,0.987628,0.984918,1.007956,1.011154,1.030228,1.058830,1.011354,1.009843,1.024778
2.165800,1.049265,1.057935,1.060227,1.049872,1.051842,1.052420,1.050073,1.049357,1.046776,1.054104,1.053237,1.050308,1.054525,1.056673,1.065326,1.069485,1.069388,1.066110,1.075475,1.013591,1.066434,1.062805,1.061752,1.071712,1.050277,1.072380,1.070897,1.063770,1.055012,1.015319,0.987618,0.984884,1.007921,1.011048,1.030192,1.058795,1.011269,1.009772,1.024764
2.174130,1.049233,1.057880,1.060172,1.049833,1.051815,1.052394,1.050049,1.049333,1.046766,1.054075,1.053208,1.050278,1.054494,1.056638,1.065287,1.069445,1.069340,1.066060,1.075434,1.013529,1.066399,1.062774,1.061722,1.071671,1.050206,1.072318,1.070842,1.063707,1.054950,1.015257,0.987616,0.984859,1.007901,1.010962,1.030165,1.058775,1.011197,1.009713,1.024755
2.182460,1.049205,1.057831,1.060126,1.049802,1.051796,1.052377,1.050034,1.049319,1.046763,1.054054,1.053189,1.050257,1.054472,1.056611,1.065257,1.069415,1.069304,1.066020,1.075408,1.013484,1.066374,1.062754,1.061705,1.071641,1.050148,1.072268,1.070798,1.063658,1.054902,1.015199,0.987619,0.984842,1.007895,1.010896,1.030146,1.058772,1.011137,1.009668,1.024751
2.190790,1.049181,1.057787,1.060088,1.049780,1.051786,1.052368,1.050027,1.049312,1.046768,1.054041,1.053177,1.050244,1.054458,1.056594,1.065238,1.069396,1.069277,1.065988,1.075397,1.013455,1.066360,1.062744,1.061698,1.071621,1.050102,1.072231,1.070766,1.063621,1.054867,1.015143,0.987628,0.984833,1.007903,1.010848,1.030135,1.058783,1.011089,1.009634,1.024751
2.199120,1.049160,1.057749,1.060057,1.049764,1.051783,1.052366,1.050027,1.049313,1.046778,1.054036,1.053173,1.050239,1.054452,1.056584,1.065227,1.069387,1.069260,1.065966,1.075400,1.013441,1.066355,1.062743,1.061701,1.071611,1.050066,1.072206,1.070744,1.063596,1.054843,1.015088,0.987642,0.984831,1.007924,1.010817,1.030131,1.058808,1.011052,1.009611,1.024755
2.207450,1.049141,1.057715,1.060031,1.049756,1.051786,1.052371,1.050033,1.049320,1.046795,1.054038,1.053176,1.050240,1.054452,1.056581,1.065225,1.069387,1.069252,1.065951,1.075416,1.013442,1.066358,1.062751,1.061714,1.071611,1.050040,1.072191,1.070731,1.063583,1.054831,1.015033,0.987661,0.984835,1.007957,1.010803,1.030135,1.058846,1.011026,1.009599,1.024763
2.215780,1.049124,1.057684,1.060011,1.049753,1.051795,1.052381,1.050046,1.049333,1.046816,1.054046,1.053185,1.050248,1.054459,1.056584,1.065230,1.069395,1.069251,1.065943,1.075445,1.013455,1.066370,1.062766,1.061736,1.071618,1.050024,1.072186,1.070728,1.063580,1.054830,1.014978,0.987682,0.984844,1.008003,1.010805,1.030144,1.058896,1.011010,1.009597,1.024773
2.224110,1.049108,1.057656,1.059996,1.049755,1.051809,1.052396,1.050063,1.049351,1.046842,1.054059,1.053198,1.050260,1.054470,1.056592,1.065242,1.069410,1.069258,1.065941,1.075486,1.013482,1.066388,1.062789,1.061765,1.071633,1.050016,1.072191,1.070733,1.063588,1.054839,1.014921,0.987707,0.984859,1.008059,1.010822,1.030159,1.058957,1.011003,1.009604,1.024785
2.232440,1.049093,1.057629,1.059984,1.049762,1.051827,1.052415,1.050084,1.049373,1.046871,1.054076,1.053216,1.050277,1.054487,1.056606,1.065260,1.069431,1.069270,1.065944,1.075537,1.013520,1.066413,1.062818,1.061802,1.071654,1.050015,1.072203,1.070745,1.063604,1.054856,1.014861,0.987734,0.984877,1.008125,1.010853,1.030179,1.059029,1.011005,1.009620,1.024799
2.240770,1.049077,1.057603,1.059976,1.049772,1.051849,1.052437,1.050109,1.049398,1.046903,1.054097,1.053237,1.050298,1.054507,1.056623,1.065283,1.069459,1.069288,1.065952,1.075599,1.013570,1.066443,1.062853,1.061845,1.071682,1.050021,1.072223,1.070764,1.063629,1.054882,1.014798,0.987762,0.984900,1.008201,1.010896,1.030202,1.059109,1.011014,1.009644,1.024815
2.249100,1.049060,1.057577,1.059970,1.049785,1.051873,1.052462,1.050137,1.049427,1.046937,1.054121,1.053261,1.050321,1.054530,1.056644,1.065310,1.069491,1.069311,1.065964,1.075669,1.013629,1.066478,1.062892,1.061894,1.071714,1.050033,1.072250,1.070788,1.063661,1.054915,1.014732,0.987790,0.984924,1.008286,1.010952,1.030230,1.059199,1.011030,1.009675,1.024831
2.257430,1.049041,1.057550,1.059965,1.049799,1.051899,1.052488,1.050166,1.049456,1.046973,1.054147,1.053287,1.050347,1.054555,1.056666,1.065341,1.069527,1.069337,1.065978,1.075747,1.013697,1.066518,1.062936,1.061948,1.071750,1.050050,1.072283,1.070818,1.063699,1.054955,1.014660,0.987819,0.984951,1.008378,1.011018,1.030261,1.059296,1.011052,1.009712,1.024848
2.265760,1.049020,1.057522,1.059961,1.049815,1.051925,1.052516,1.050196,1.049487,1.047009,1.054174,1.053314,1.050374,1.054581,1.056691,1.065374,1.069567,1.069367,1.065995,1.075833,1.013774,1.066560,1.062983,1.062006,1.071790,1.050071,1.072321,1.070851,1.063744,1.055001,1.014584,0.987847,0.984979,1.008478,1.011095,1.030294,1.059400,1.011079,1.009755,1.024865
2.274090,1.048996,1.057493,1.059957,1.049832,1.051952,1.052543,1.050227,1.049519,1.047045,1.054202,1.053342,1.050401,1.054608,1.056716,1.065410,1.069610,1.069399,1.066014,1.075926,1.013858,1.066605,1.063033,1.062067,1.071833,1.050096,1.072363,1.070888,1.063794,1.055052,1.014502,0.987873,0.985008,1.008585,1.011181,1.030328,1.059510,1.011112,1.009804,1.024881
2.282420,1.048968,1.057460,1.059953,1.049849,1.051979,1.052571,1.050257,1.049549,1.047080,1.054230,1.053370,1.050428,1.054635,1.056741,1.065447,1.069654,1.069433,1.066034,1.076024,1.013949,1.066652,1.063085,1.062131,1.071878,1.050125,1.072409,1.070928,1.063848,1.055108,1.014414,0.987898,0.985037,1.008697,1.011275,1.030364,1.059625,1.011148,1.009856,1.024896
2.290750,1.048937,1.057425,1.059948,1.049864,1.052004,1.052596,1.050286,1.049579,1.047115,1.054257,1.053396,1.050455,1.054662,1.056766,1.065484,1.069700,1.069468,1.066054,1.076127,1.014047,1.066700,1.063138,1.062197,1.071924,1.050155,1.072458,1.070970,1.063906,1.055168,1.014320,0.987920,0.985065,1.008815,1.011377,1.030401,1.059745,1.011187,1.009913,1.024909
2.299080,1.048902,1.057386,1.059942,1.049879,1.052028,1.052621,1.050313,1.049607,1.047147,1.054282,1.053421,1.050480,1.054687,1.056790,1.065522,1.069746,1.069503,1.066073,1.076235,1.014149,1.066749,1.063193,1.062264,1.071972,1.050187,1.072509,1.071013,1.063968,1.055231,1.014220,0.987938,0.985092,1.008937,1.011485,1.030438,1.059869,1.011230,1.009973,1.024921
2.307410,1.048862,1.057344,1.059933,1.049891,1.052050,1.052642,1.050338,1.049632,1.047176,1.054305,1.053444,1.050503,1.054710,1.056812,1.065559,1.069793,1.069538,1.066092,1.076346,1.014256,1.066798,1.063247,1.062332,1.072019,1.050220,1.072562,1.071057,1.064031,1.055296,1.014112,0.987953,0.985117,1.009063,1.011600,1.030475,1.059996,1.011274,1.010036,1.024930
2.315740,1.048816,1.057297,1.059922,1.049901,1.052068,1.052661,1.050360,1.049655,1.047203,1.054326,1.053464,1.050523,1.054730,1.056832,1.065595,1.069838,1.069572,1.066110,1.076460,1.014366,1.066846,1.063301,1.062400,1.072066,1.050254,1.072615,1.071101,1.064097,1.055364,1.013999,0.987963,0.985140,1.009193,1.011719,1.030511,1.060125,1.011320,1.010101,1.024937
2.324070,1.048766,1.057246,1.059908,1.049908,1.052083,1.052676,1.050378,1.049673,1.047226,1.054344,1.053480,1.050540,1.054748,1.056849,1.065628,1.069883,1.069605,1.066125,1.076576,1.014480,1.066893,1.063354,1.062468,1.072111,1.050287,1.072669,1.071144,1.064163,1.055432,1.013878,0.987968,0.985159,1.009325,1.011843,1.030545,1.060255,1.011366,1.010167,1.024941
2.332400,1.048710,1.057189,1.059891,1.049911,1.052093,1.052686,1.050391,1.049687,1.047245,1.054357,1.053492,1.050553,1.054761,1.056862,1.065659,1.069925,1.069635,1.066137,1.076693,1.014595,1.066937,1.063405,1.062534,1.072154,1.050319,1.072722,1.071186,1.064229,1.055500,1.013750,0.987967,0.985175,1.009459,1.011970,1.030577,1.060386,1.011412,1.010233,1.024942
2.340730,1.048648,1.057127,1.059868,1.049909,1.052098,1.052691,1.050399,1.049696,1.047260,1.054365,1.053499,1.050561,1.054769,1.056870,1.065687,1.069964,1.069662,1.066146,1.076810,1.014712,1.066979,1.063453,1.062597,1.072195,1.050349,1.072772,1.071225,1.064292,1.055564,1.013615,0.987960,0.985187,1.009595,1.012099,1.030606,1.060517,1.011457,1.010295,1.024940
2.349060,1.048580,1.057058,1.059841,1.049902,1.052097,1.052690,1.050402,1.049699,1.047269,1.054368,1.053501,1.050563,1.054772,1.056873,1.065709,1.069999,1.069684,1.066150,1.076927,1.014829,1.067016,1.063497,1.062657,1.072231,1.050376,1.072817,1.071259,1.064349,1.055624,1.013472,0.987946,0.985194,1.009730,1.012230,1.030630,1.060645,1.011500,1.010351,1.024935
2.357390,1.048505,1.056982,1.059807,1.049888,1.052089,1.052682,1.050397,1.049695,1.047272,1.054364,1.053496,1.050558,1.054769,1.056870,1.065726,1.070028,1.069701,1.066148,1.077041,1.014945,1.067048,1.063536,1.062712,1.072262,1.050398,1.072857,1.071288,1.064399,1.055675,1.013321,0.987923,0.985194,1.009865,1.012361,1.030649,1.060771,1.011539,1.010399,1.024925
2.365720,1.048422,1.056898,1.059766,1.049867,1.052074,1.052667,1.050385,1.049684,1.047269,1.054353,1.053483,1.050547,1.054758,1.056859,1.065737,1.070051,1.069711,1.066139,1.077153,1.015059,1.067073,1.063568,1.062761,1.072287,1.050414,1.072888,1.071309,1.064439,1.055714,1.013162,0.987892,0.985188,1.009997,1.012491,1.030661,1.060893,1.011573,1.010434,1.024911
2.374050,1.048333,1.056806,1.059717,1.049839,1.052050,1.052643,1.050365,1.049664,1.047260,1.054333,1.053462,1.050526,1.054738,1.056841,1.065739,1.070066,1.069712,1.066122,1.077260,1.015171,1.067091,1.063593,1.062803,1.072304,1.050424,1.072910,1.071321,1.064466,1.055741,1.012995,0.987852,0.985174,1.010127,1.012620,1.030666,1.061008,1.011602,1.010454,1.024893
2.382380,1.048236,1.056704,1.059660,1.049801,1.052017,1.052609,1.050335,1.049635,1.047243,1.054305,1.053431,1.050497,1.054710,1.056813,1.065732,1.070072,1.069705,1.066096,1.077362,1.015277,1.067099,1.063609,1.062836,1.072313,1.050425,1.072921,1.071322,1.064479,1.055752,1.012819,0.987801,0.985152,1.010252,1.012745,1.030663,1.061115,1.011624,1.010457,1.024871
2.390710,1.048132,1.056593,1.059592,1.049753,1.051974,1.052566,1.050295,1.049597,1.047218,1.054266,1.053391,1.050457,1.054671,1.056775,1.065715,1.070068,1.069686,1.066059,1.077457,1.015378,1.067097,1.063614,1.062858,1.072311,1.050417,1.072920,1.071313,1.064475,1.055745,1.012634,0.987740,0.985120,1.010372,1.012865,1.030649,1.061211,1.011637,1.010441,1.024844
2.399040,1.048019,1.056471,1.059514,1.049696,1.051921,1.052512,1.050245,1.049548,1.047186,1.054216,1.053339,1.050407,1.054622,1.056726,1.065687,1.070052,1.069657,1.066012,1.077543,1.015472,1.067084,1.063608,1.062869,1.072298,1.050399,1.072904,1.071290,1.064454,1.055720,1.012440,0.987668,0.985078,1.010486,1.012979,1.030624,1.061295,1.011642,1.010405,1.024813
2.407370,1.047899,1.056339,1.059425,1.049627,1.051856,1.052446,1.050184,1.049488,1.047146,1.054155,1.053277,1.050345,1.054561,1.056666,1.065647,1.070025,1.069615,1.065952,1.077620,1.015558,1.067058,1.063589,1.062866,1.072273,1.050370,1.072874,1.071254,1.064415,1.055676,1.012237,0.987584,0.985026,1.010591,1.013084,1.030587,1.061363,1.011638,1.010348,1.024777
2.415700,1.047772,1.056196,1.059325,1.049546,1.051780,1.052369,1.050112,1.049416,1.047098,1.054082,1.053202,1.050272,1.054488,1.056593,1.065594,1.069984,1.069559,1.065880,1.077685,1.015632,1.067018,1.063556,1.062848,1.072235,1.050330,1.072829,1.071204,1.064357,1.055611,1.012025,0.987488,0.984962,1.010687,1.013179,1.030536,1.061415,1.011623,1.010268,1.024736
2.424030,1.047637,1.056042,1.059212,1.049453,1.051691,1.052280,1.050027,1.049333,1.047041,1.053997,1.053116,1.050185,1.054403,1.056508,1.065527,1.069928,1.069490,1.065795,1.077737,1.015695,1.066964,1.063507,1.062815,1.072182,1.050277,1.072768,1.071139,1.064279,1.055526,1.011803,0.987380,0.984887,1.010771,1.013262,1.030471,1.061447,1.011597,1.010167,1.024691
2.432360,1.047495,1.055876,1.059087,1.049348,1.051590,1.052178,1.049930,1.049238,1.046976,1.053899,1.053016,1.050086,1.054305,1.056410,1.065445,1.069858,1.069405,1.065696,1.077775,1.015744,1.066893,1.063441,1.062763,1.072113,1.050212,1.072690,1.071057,1.064181,1.055419,1.011572,0.987259,0.984799,1.010843,1.013331,1.030391,1.061458,1.011560,1.010044,1.024642
2.440690,1.047345,1.055699,1.058949,1.049230,1.051476,1.052063,1.049821,1.049131,1.046902,1.053787,1.052903,1.049974,1.054193,1.056298,1.065348,1.069771,1.069305,1.065582,1.077796,1.015777,1.066806,1.063358,1.062694,1.072029,1.050134,1.072595,1.070960,1.064063,1.055291,1.011332,0.987126,0.984699,1.010900,1.013383,1.030294,1.061446,1.011511,1.009897,1.024589
2.449020,1.047189,1.055510,1.058798,1.049098,1.051348,1.051935,1.049699,1.049011,1.046820,1.053662,1.052776,1.049847,1.054067,1.056171,1.065235,1.069667,1.069189,1.065453,1.077799,1.015792,1.066701,1.063257,1.062605,1.071927,1.050043,1.072483,1.070845,1.063924,1.055142,1.011082,0.986979,0.984587,1.010942,1.013416,1.030180,1.061410,1.011450,1.009728,1.024532
2.457350,1.047026,1.055309,1.058633,1.048953,1.051208,1.051793,1.049564,1.048878,1.046730,1.053523,1.052636,1.049707,1.053928,1.056031,1.065106,1.069546,1.069056,1.065308,1.077783,1.015789,1.066578,1.063137,1.062496,1.071808,1.049938,1.072352,1.070714,1.063764,1.054971,1.010822,0.986820,0.984461,1.010966,1.013429,1.030049,1.061349,1.011376,1.009537,1.024471
2.465680,1.046857,1.055097,1.058455,1.048794,1.051055,1.051639,1.049416,1.048733,1.046632,1.053370,1.052483,1.049554,1.053774,1.055876,1.064960,1.069407,1.068907,1.065148,1.077747,1.015765,1.066436,1.062997,1.062367,1.071671,1.049819,1.072204,1.070565,1.063583,1.054778,1.010554,0.986648,0.984322,1.010972,1.013420,1.029900,1.061262,1.011289,1.009324,1.024407
2.474010,1.046683,1.054874,1.058263,1.048622,1.050888,1.051471,1.049256,1.048575,1.046527,1.053203,1.052316,1.049386,1.053607,1.055706,1.064797,1.069250,1.068740,1.064973,1.077689,1.015720,1.066276,1.062838,1.062216,1.071515,1.049686,1.072038,1.070398,1.063382,1.054564,1.010276,0.986464,0.984171,1.010959,1.013386,1.029732,1.061148,1.011189,1.009088,1.024339
2.482340,1.046503,1.054639,1.058058,1.048436,1.050708,1.051290,1.049083,1.048406,1.046414,1.053023,1.052135,1.049204,1.053425,1.055522,1.064616,1.069075,1.068557,1.064781,1.077609,1.015651,1.066096,1.062658,1.062044,1.071341,1.049539,1.071854,1.070214,1.063161,1.054330,1.009989,0.986267,0.984006,1.010924,1.013328,1.029547,1.061006,1.011075,1.008831,1.024269
2.490670,1.046319,1.054393,1.057839,1.048237,1.050516,1.051097,1.048898,1.048224,1.046295,1.052829,1.051941,1.049009,1.053230,1.055324,1.064419,1.068882,1.068356,1.064574,1.077505,1.015559,1.065898,1.062459,1.061851,1.071149,1.049378,1.071652,1.070013,1.062919,1.054074,1.009693,0.986059,0.983828,1.010869,1.013242,1.029343,1.060839,1.010949,1.008553,1.024197
2.499000,1.046131,1.054137,1.057608,1.048025,1.050312,1.050891,1.048701,1.048031,1.046169,1.052622,1.051734,1.048801,1.053021,1.055111,1.064205,1.068670,1.068139,1.064352,1.077377,1.015442,1.065681,1.062241,1.061638,1.070938,1.049203,1.071433,1.069795,1.062658,1.053799,1.009389,0.985838,0.983639,1.010791,1.013129,1.029122,1.060644,1.010809,1.008255,1.024122
2.507330,1.045939,1.053870,1.057363,1.047800,1.050095,1.050674,1.048492,1.047826,1.046037,1.052402,1.051515,1.048580,1.052799,1.054885,1.063975,1.068441,1.067904,1.064114,1.077225,1.015300,1.065445,1.062003,1.061403,1.070709,1.049015,1.071196,1.069559,1.062378,1.053504,1.009076,0.985607,0.983437,1.010691,1.012988,1.028883,1.060423,1.010656,1.007936,1.024046
2.515660,1.045744,1.053593,1.057107,1.047563,1.049867,1.050445,1.048273,1.047611,1.045900,1.052169,1.051283,1.048347,1.052565,1.054646,1.063728,1.068194,1.067654,1.063862,1.077048,1.015132,1.065191,1.061746,1.061149,1.070462,1.048812,1.070943,1.069307,1.062079,1.053189,1.008755,0.985365,0.983223,1.010567,1.012817,1.028626,1.060177,1.010490,1.007599,1.023969
2.523990,1.045546,1.053307,1.056838,1.047315,1.049628,1.050205,1.048044,1.047386,1.045758,1.051925,1.051040,1.048102,1.052319,1.054394,1.063466,1.067930,1.067388,1.063595,1.076847,1.014939,1.064920,1.061470,1.060874,1.070198,1.048597,1.070673,1.069039,1.061761,1.052856,1.008427,0.985113,0.982998,1.010421,1.012618,1.028354,1.059905,1.010311,1.007242,1.023891
2.532320,1.045347,1.053012,1.056558,1.047055,1.049379,1.049954,1.047804,1.047152,1.045611,1.051670,1.050786,1.047845,1.052061,1.054130,1.063188,1.067649,1.067106,1.063314,1.076622,1.014721,1.064631,1.061177,1.060581,1.069917,1.048369,1.070387,1.068755,1.061426,1.052505,1.008090,0.984852,0.982763,1.010252,1.012389,1.028065,1.059609,1.010120,1.006867,1.023813
2.540650,1.045147,1.052708,1.056267,1.046784,1.049120,1.049694,1.047556,1.046908,1.045461,1.051404,1.050522,1.047578,1.051792,1.053854,1.062896,1.067352,1.066810,1.063020,1.076372,1.014477,1.064326,1.060867,1.060270,1.069619,1.048128,1.070086,1.068456,1.061074,1.052137,1.007746,0.984583,0.982517,1.010060,1.012132,1.027761,1.059290,1.009917,1.006475,1.023735
2.548980,1.044946,1.052396,1.055966,1.046503,1.048852,1.049425,1.047298,1.046657,1.045308,1.051128,1.050248,1.047301,1.051513,1.053567,1.062589,1.067039,1.066499,1.062714,1.076099,1.014209,1.064005,1.060541,1.059940,1.069305,1.047874,1.069770,1.068143,1.060706,1.051752,1.007395,0.984305,0.982262,1.009845,1.011847,1.027442,1.058947,1.009701,1.006067,1.023657
2.557310,1.044745,1.052077,1.055655,1.046213,1.048576,1.049147,1.047033,1.046398,1.045152,1.050843,1.049965,1.047014,1.051224,1.053270,1.062269,1.066712,1.066175,1.062395,1.075803,1.013916,1.063668,1.060198,1.059594,1.068977,1.047609,1.069439,1.067816,1.060322,1.051351,1.007038,0.984020,0.981998,1.009609,1.011534,1.027109,1.058584,1.009474,1.005642,1.023580
2.565640,1.044544,1.051750,1.055335,1.045915,1.048292,1.048862,1.046761,1.046131,1.044994,1.050548,1.049673,1.046719,1.050927,1.052964,1.061937,1.066371,1.065838,1.062064,1.075484,1.013600,1.063318,1.059841,1.059232,1.068634,1.047333,1.069095,1.067475,1.059923,1.050935,1.006673,0.983728,0.981726,1.009350,1.011195,1.026763,1.058199,1.009235,1.005202,1.023505
2.573970,1.044345,1.051417,1.055006,1.045608,1.048000,1.048570,1.046483,1.045859,1.044834,1.050246,1.049374,1.046416,1.050621,1.052648,1.061593,1.066016,1.065489,1.061723,1.075144,1.013261,1.062954,1.059470,1.058855,1.068278,1.047045,1.068737,1.067122,1.059509,1.050504,1.006303,0.983431,0.981446,1.009071,1.010828,1.026405,1.057794,1.008986,1.004748,1.023432
2.582300,1.044146,1.051078,1.054669,1.045293,1.047703,1.048271,1.046198,1.045581,1.044674,1.049937,1.049068,1.046105,1.050307,1.052324,1.061237,1.065648,1.065128,1.061372,1.074783,1.012899,1.062576,1.059086,1.058463,1.067909,1.046747,1.068367,1.066756,1.059082,1.050059,1.005926,0.983128,0.981159,1.008771,1.010437,1.026035,1.057371,1.008725,1.004280,1.023360
2.590630,1.043950,1.050733,1.054325,1.044971,1.047399,1.047966,1.045908,1.045298,1.044513,1.049620,1.048755,1.045788,1.049986,1.051992,1.060871,1.065269,1.064756,1.061010,1.074401,1.012516,1.062187,1.058689,1.058058,1.067527,1.046438,1.067985,1.066379,1.058641,1.049601,1.005544,0.982820,0.980866,1.008452,1.010021,1.025655,1.056930,1.008454,1.003798,1.023291
2.598960,1.043756,1.050383,1.053973,1.044643,1.047090,1.047656,1.045613,1.045010,1.044352,1.049298,1.048437,1.045464,1.049659,1.051653,1.060495,1.064878,1.064374,1.060640,1.074000,1.012112,1.061786,1.058280,1.057640,1.067134,1.046120,1.067592,1.065991,1.058188,1.049131,1.005156,0.982509,0.980566,1.008113,1.009581,1.025264,1.056471,1.008173,1.003304,1.023224
2.607290,1.043564,1.050028,1.053615,1.044309,1.046776,1.047341,1.045314,1.044719,1.044191,1.048970,1.048113,1.045135,1.049326,1.051308,1.060109,1.064477,1.063982,1.060261,1.073580,1.011688,1.061375,1.057860,1.057209,1.066730,1.045792,1.067187,1.065593,1.057723,1.048648,1.004763,0.982194,0.980262,1.007756,1.009118,1.024863,1.055996,1.007882,1.002798,1.023161
2.615620,1.043376,1.049668,1.053251,1.043970,1.046458,1.047023,1.045011,1.044424,1.044031,1.048636,1.047784,1.044800,1.048987,1.050956,1.059715,1.064066,1.063581,1.059874,1.073142,1.011246,1.060953,1.057429,1.056767,1.066316,1.045454,1.066772,1.065185,1.057247,1.048153,1.004365,0.981876,0.979952,1.007381,1.008633,1.024453,1.055506,1.007581,1.002281,1.023100
2.623950,1.043190,1.049305,1.052881,1.043626,1.046136,1.046700,1.044705,1.044126,1.043873,1.048298,1.047451,1.044461,1.048644,1.050599,1.059313,1.063645,1.063172,1.059480,1.072688,1.010784,1.060522,1.056989,1.056315,1.065892,1.045108,1.066347,1.064767,1.056760,1.047648,1.003961,0.981555,0.979638,1.006989,1.008127,1.024035,1.055002,1.007272,1.001752,1.023043
2.632280,1.043008,1.048937,1.052506,1.043278,1.045811,1.046374,1.044397,1.043825,1.043715,1.047956,1.047114,1.044118,1.048297,1.050237,1.058903,1.063215,1.062754,1.059078,1.072217,1.010306,1.060082,1.056539,1.055852,1.065459,1.044754,1.065913,1.064341,1.056262,1.047132,1.003553,0.981232,0.979320,1.006581,1.007601,1.023609,1.054483,1.006953,1.001214,1.022990
2.640610,1.042829,1.048565,1.052126,1.042925,1.045484,1.046046,1.044085,1.043523,1.043559,1.047611,1.046774,1.043772,1.047945,1.049871,1.058487,1.062778,1.062329,1.058670,1.071730,1.009810,1.059633,1.056081,1.055379,1.065018,1.044390,1.065469,1.063906,1.055754,1.046606,1.003139,0.980908,0.978999,1.006157,1.007056,1.023176,1.053952,1.006625,1.000665,1.022940
2.648940,1.042654,1.048190,1.051741,1.042569,1.045153,1.045715,1.043772,1.043218,1.043405,1.047262,1.046431,1.043422,1.047590,1.049500,1.058064,1.062332,1.061896,1.058256,1.071229,1.009299,1.059177,1.055614,1.054898,1.064568,1.044019,1.065017,1.063463,1.055237,1.046070,1.002721,0.980582,0.978674,1.005718,1.006492,1.022736,1.053408,1.006289,1.000106,1.022893
2.657270,1.042483,1.047812,1.051352,1.042209,1.044821,1.045382,1.043457,1.042912,1.043253,1.046910,1.046085,1.043069,1.047232,1.049126,1.057634,1.061880,1.061457,1.057836,1.070714,1.008773,1.058714,1.055141,1.054408,1.064112,1.043640,1.064556,1.063013,1.054710,1.045525,1.002299,0.980256,0.978347,1.005265,1.005910,1.022289,1.052852,1.005944,0.999539,1.022851
2.665600,1.042315,1.047430,1.050959,1.041847,1.044486,1.045046,1.043141,1.042605,1.043103,1.046555,1.045737,1.042713,1.046871,1.048748,1.057200,1.061420,1.061011,1.057410,1.070186,1.008232,1.058243,1.054659,1.053911,1.063648,1.043254,1.064087,1.062555,1.054175,1.044971,1.001871,0.979929,0.978017,1.004799,1.005312,1.021836,1.052286,1.005591,0.998962,1.022812
2.673930,1.042152,1.047046,1.050562,1.041481,1.044150,1.044710,1.042824,1.042297,1.042955,1.046199,1.045386,1.042355,1.046507,1.048367,1.056759,1.060954,1.060560,1.056980,1.069645,1.007677,1.057766,1.054172,1.053406,1.063178,1.042860,1.063610,1.062090,1.053631,1.044408,1.001440,0.979601,0.977684,1.004320,1.004698,1.021378,1.051708,1.005230,0.998378,1.022777
2.682260,1.041991,1.046658,1.050162,1.041113,1.043812,1.044372,1.042505,1.041988,1.042810,1.045839,1.045034,1.041995,1.046141,1.047983,1.056314,1.060483,1.060102,1.056544,1.069093,1.007110,1.057283,1.053677,1.052893,1.062702,1.042458,1.063126,1.061619,1.053078,1.043837,1.001003,0.979272,0.977350,1.003829,1.004069,1.020914,1.051121,1.004861,0.997784,1.022746
2.690590,1.041834,1.046268,1.049757,1.040743,1.043473,1.044032,1.042185,1.041678,1.042666,1.045478,1.044680,1.041633,1.045773,1.047596,1.055865,1.060005,1.059640,1.056104,1.068529,1.006531,1.056795,1.053177,1.052374,1.062220,1.042050,1.062635,1.061141,1.052518,1.043258,1.000562,0.978944,0.977014,1.003326,1.003426,1.020445,1.050525,1.004485,0.997183,1.022719
2.698920,1.041681,1.045874,1.049350,1.040371,1.043132,1.043692,1.041865,1.041368,1.042525,1.045115,1.044324,1.041269,1.045402,1.047207,1.055411,1.059523,1.059172,1.055659,1.067955,1.005940,1.056300,1.052671,1.051849,1.061732,1.041635,1.062136,1.060657,1.051950,1.042671,1.000116,0.978615,0.976676,1.002812,1.002770,1.019971,1.049919,1.004101,0.996575,1.022695
2.707250,1.041531,1.045478,1.048939,1.039996,1.042791,1.043350,1.041543,1.041057,1.042386,1.044751,1.043967,1.040903,1.045030,1.046816,1.054952,1.059035,1.058699,1.055209,1.067371,1.005338,1.055801,1.052159,1.051318,1.061239,1.041213,1.061631,1.060168,1.051375,1.042077,0.999666,0.978287,0.976336,1.002289,1.002101,1.019492,1.049305,1.003711,0.995958,1.022674
2.715580,1.041384,1.045079,1.048525,1.039619,1.042448,1.043007,1.041221,1.040745,1.042249,1.044384,1.043608,1.040536,1.044656,1.046422,1.054490,1.058543,1.058221,1.054756,1.066778,1.004726,1.055297,1.051643,1.050781,1.060741,1.040784,1.061119,1.059672,1.050792,1.041475,0.999211,0.977958,0.975995,1.001755,1.001419,1.019009,1.048683,1.003313,0.995334,1.022657
2.723910,1.041240,1.044678,1.048108,1.039240,1.042105,1.042664,1.040899,1.040433,1.042114,1.044016,1.043248,1.040167,1.044280,1.046026,1.054025,1.058046,1.057740,1.054299,1.066176,1.004105,1.054788,1.051121,1.050238,1.060239,1.040350,1.060601,1.059171,1.050203,1.040866,0.998752,0.977629,0.975653,1.001213,1.000727,1.018521,1.048053,1.002908,0.994705,1.022644
2.732240,1.041099,1.044275,1.047689,1.038860,1.041761,1.042320,1.040576,1.040121,1.041981,1.043648,1.042887,1.039797,1.043903,1.045629,1.053557,1.057545,1.057255,1.053839,1.065567,1.003475,1.054275,1.050595,1.049691,1.059733,1.039911,1.060078,1.058667,1.049609,1.040254,0.998290,0.977301,0.975309,1.000662,1.000025,1.018030,1.047417,1.002498,0.994071,1.022633
2.740570,1.040962,1.043870,1.047268,1.038480,1.041416,1.041976,1.040254,1.039809,1.041850,1.043279,1.042526,1.039427,1.043526,1.045231,1.053086,1.057042,1.056767,1.053377,1.064951,1.002837,1.053760,1.050066,1.049140,1.059224,1.039467,1.059553,1.058159,1.049014,1.039640,0.997827,0.976974,0.974966,1.000105,0.999313,1.017535,1.046775,1.002083,0.993436,1.022626
2.748900,1.040828,1.043466,1.046847,1.038099,1.041073,1.041632,1.039932,1.039498,1.041722,1.042909,1.042165,1.039057,1.043149,1.044832,1.052614,1.056537,1.056278,1.052913,1.064330,1.002193,1.053242,1.049534,1.048586,1.058712,1.039021,1.059025,1.057650,1.048416,1.039024,0.997361,0.976648,0.974622,0.999541,0.998594,1.017037,1.046128,1.001665,0.992801,1.022622
2.757230,1.040697,1.043062,1.046425,1.037718,1.040730,1.041289,1.039611,1.039188,1.041596,1.042541,1.041805,1.038687,1.042772,1.044433,1.052142,1.056031,1.055787,1.052449,1.063703,1.001543,1.052722,1.049000,1.048029,1.058199,1.038572,1.058496,1.057139,1.047818,1.038408,0.996896,0.976323,0.974278,0.998971,0.997867,1.016538,1.045476,1.001243,0.992167,1.022621
2.765560,1.040570,1.042658,1.046004,1.037338,1.040388,1.040948,1.039291,1.038879,1.041473,1.042173,1.041446,1.038318,1.042395,1.044035,1.051668,1.055523,1.055296,1.051984,1.063072,1.000888,1.052201,1.048463,1.047470,1.057685,1.038121,1.057966,1.056627,1.047220,1.037792,0.996431,0.976000,0.973936,0.998397,0.997134,1.016036,1.044820,1.000818,0.991533,1.022623
2.773890,1.040446,1.042256,1.045583,1.036959,1.040047,1.040607,1.038972,1.038572,1.041351,1.041806,1.041087,1.037950,1.042020,1.043638,1.051195,1.055015,1.054805,1.051520,1.062438,1.000229,1.051679,1.047926,1.046910,1.057170,1.037669,1.057435,1.056115,1.046622,1.037177,0.995968,0.975680,0.973594,0.997818,0.996396,1.015533,1.044161,1.000391,0.990901,1.022628
2.782220,1.040326,1.041856,1.045164,1.036581,1.039708,1.040269,1.038655,1.038266,1.041233,1.041440,1.040730,1.037584,1.041645,1.043242,1.050722,1.054507,1.054314,1.051056,1.061801,0.999566,1.051157,1.047388,1.046349,1.056655,1.037216,1.056905,1.055603,1.046025,1.036563,0.995507,0.975361,0.973253,0.997236,0.995653,1.015029,1.043500,0.999963,0.990270,1.022636
2.790550,1.040209,1.041458,1.044745,1.036204,1.039371,1.039932,1.038340,1.037963,1.041116,1.041076,1.040375,1.037219,1.041272,1.042847,1.050250,1.053999,1.053823,1.050593,1.061162,0.998900,1.050634,1.046849,1.045786,1.056140,1.036764,1.056375,1.055091,1.045429,1.035951,0.995049,0.975045,0.972914,0.996651,0.994906,1.014524,1.042837,0.999534,0.989642,1.022647
2.798880,1.040096,1.041063,1.044329,1.035829,1.039035,1.039597,1.038028,1.037661,1.041003,1.040713,1.040022,1.036855,1.040902,1.042454,1.049779,1.053492,1.053334,1.050131,1.060522,0.998233,1.050113,1.046310,1.045224,1.055625,1.036312,1.055846,1.054581,1.044834,1.035341,0.994595,0.974732,0.972576,0.996064,0.994157,1.014019,1.042172,0.999105,0.989016,1.022660
2.807210,1.039986,1.040670,1.043915,1.035456,1.038702,1.039264,1.037717,1.037361,1.040891,1.040353,1.039670,1.036494,1.040533,1.042062,1.049309,1.052987,1.052846,1.049671,1.059881,0.997563,1.049592,1.045772,1.044663,1.055112,1.035861,1.055318,1.054072,1.044242,1.034732,0.994146,0.974421,0.972240,0.995475,0.993405,1.013515,1.041507,0.998676,0.988393,1.022676
2.815540,1.039879,1.040281,1.043503,1.035086,1.038371,1.038934,1.037409,1.037064,1.040782,1.039995,1.039322,1.036136,1.040166,1.041674,1.048842,1.052483,1.052361,1.049214,1.059240,0.996893,1.049073,1.045235,1.044102,1.054601,1.035412,1.054793,1.053566,1.043652,1.034127,0.993701,0.974114,0.971907,0.994886,0.992652,1.013012,1.040843,0.998248,0.987772,1.022695
2.823870,1.039776,1.039896,1.043095,1.034718,1.038044,1.038607,1.037103,1.036770,1.040675,1.039640,1.038975,1.035780,1.039802,1.041288,1.048377,1.051982,1.051878,1.048759,1.058599,0.996224,1.048556,1.044701,1.043544,1.054091,1.034965,1.054270,1.053062,1.043065,1.033524,0.993262,0.973809,0.971575,0.994297,0.991898,1.012510,1.040180,0.997821,0.987155,1.022715
2.832200,1.039676,1.039515,1.042690,1.034353,1.037719,1.038283,1.036801,1.036479,1.040571,1.039288,1.038633,1.035427,1.039442,1.040905,1.047916,1.051484,1.051398,1.048308,1.057961,0.995556,1.048042,1.044169,1.042989,1.053585,1.034521,1.053751,1.052561,1.042482,1.032926,0.992830,0.973509,0.971247,0.993709,0.991145,1.012010,1.039520,0.997396,0.986543,1.022739
2.840530,1.039579,1.039139,1.042289,1.033992,1.037398,1.037962,1.036502,1.036191,1.040469,1.038940,1.038293,1.035078,1.039085,1.040526,1.047458,1.050990,1.050923,1.047861,1.057326,0.994890,1.047533,1.043641,1.042437,1.053083,1.034081,1.053236,1.052064,1.041905,1.032333,0.992404,0.973213,0.970922,0.993123,0.990395,1.011514,1.038865,0.996974,0.985937,1.022764
2.848860,1.039486,1.038768,1.041894,1.033636,1.037081,1.037646,1.036207,1.035907,1.040370,1.038596,1.037959,1.034733,1.038732,1.040151,1.047005,1.050502,1.050452,1.047419,1.056695,0.994228,1.047028,1.043118,1.041892,1.052586,1.033646,1.052727,1.051574,1.041334,1.031748,0.991985,0.972921,0.970601,0.992541,0.989649,1.011023,1.038216,0.996556,0.985338,1.022792
2.857190,1.039396,1.038404,1.041504,1.033285,1.036769,1.037335,1.035917,1.035627,1.040274,1.038257,1.037629,1.034393,1.038385,1.039782,1.046559,1.050019,1.049988,1.046983,1.056070,0.993571,1.046530,1.042602,1.041352,1.052095,1.033216,1.052225,1.051089,1.040772,1.031172,0.991575,0.972635,0.970285,0.991964,0.988908,1.010538,1.037575,0.996142,0.984749,1.022822
2.865520,1.039311,1.038046,1.041121,1.032939,1.036463,1.037029,1.035632,1.035353,1.040182,1.037924,1.037304,1.034059,1.038043,1.039419,1.046119,1.049544,1.049532,1.046554,1.055452,0.992922,1.046039,1.042093,1.040821,1.051611,1.032793,1.051731,1.050613,1.040219,1.030605,0.991173,0.972355,0.969973,0.991394,0.988174,1.010059,1.036944,0.995734,0.984171,1.022854
2.873850,1.039229,1.037696,1.040745,1.032600,1.036162,1.036729,1.035352,1.035084,1.040093,1.037597,1.036986,1.033732,1.037708,1.039062,1.045687,1.049077,1.049083,1.046133,1.054843,0.992281,1.045556,1.041593,1.040299,1.051135,1.032378,1.051247,1.050146,1.039678,1.030051,0.990780,0.972080,0.969668,0.990831,0.987450,1.009588,1.036324,0.995333,0.983606,1.022889
2.882180,1.039152,1.037354,1.040378,1.032268,1.035868,1.036436,1.035079,1.034822,1.040008,1.037277,1.036675,1.033411,1.037380,1.038713,1.045263,1.048619,1.048644,1.045721,1.054245,0.991650,1.045083,1.041102,1.039787,1.050669,1.031972,1.050773,1.049688,1.039149,1.029511,0.990398,0.971813,0.969370,0.990278,0.986737,1.009126,1.035717,0.994939,0.983056,1.022927
2.890510,1.039079,1.037022,1.040019,1.031944,1.035582,1.036151,1.034813,1.034566,1.039926,1.036965,1.036372,1.033098,1.037060,1.038372,1.044850,1.048172,1.048215,1.045319,1.053658,0.991031,1.044621,1.040623,1.039287,1.050213,1.031575,1.050311,1.049242,1.038635,1.028985,0.990025,0.971553,0.969078,0.989735,0.986036,1.008674,1.035124,0.994553,0.982522,1.022966
2.898840,1.039010,1.036698,1.039670,1.031628,1.035304,1.035873,1.034555,1.034317,1.039849,1.036661,1.036077,1.032794,1.036748,1.038041,1.044446,1.047735,1.047798,1.044927,1.053085,0.990425,1.044170,1.040155,1.038800,1.049768,1.031188,1.049862,1.048808,1.038136,1.028476,0.989663,0.971301,0.968795,0.989204,0.985350,1.008233,1.034547,0.994177,0.982005,1.023009
2.907170,1.038947,1.036385,1.039331,1.031322,1.035034,1.035604,1.034304,1.034076,1.039777,1.036367,1.035791,1.032499,1.036446,1.037718,1.044054,1.047311,1.047392,1.044546,1.052525,0.989833,1.043732,1.039701,1.038326,1.049335,1.030813,1.049427,1.048386,1.037654,1.027984,0.989313,0.971057,0.968520,0.988686,0.984680,1.007803,1.033987,0.993810,0.981506,1.023054
2.915500,1.038888,1.036082,1.039004,1.031025,1.034772,1.035344,1.034062,1.033844,1.039709,1.036082,1.035514,1.032213,1.036153,1.037406,1.043674,1.046900,1.046999,1.044178,1.051981,0.989257,1.043307,1.039260,1.037866,1.048915,1.030450,1.049007,1.047978,1.037189,1.027510,0.988974,0.970823,0.968253,0.988183,0.984027,1.007387,1.033445,0.993454,0.981027,1.023102
2.923830,1.038834,1.035790,1.038687,1.030738,1.034521,1.035093,1.033829,1.033620,1.039647,1.035806,1.035246,1.031937,1.035871,1.037105,1.043307,1.046502,1.046619,1.043822,1.051454,0.988698,1.042896,1.038833,1.037422,1.048509,1.030098,1.048601,1.047585,1.036742,1.027055,0.988647,0.970597,0.967996,0.987695,0.983394,1.006983,1.032922,0.993109,0.980567,1.023152
2.932160,1.038785,1.035508,1.038382,1.030462,1.034279,1.034852,1.033605,1.033405,1.039589,1.035541,1.034989,1.031672,1.035598,1.036814,1.042952,1.046119,1.046253,1.043479,1.050944,0.988156,1.042499,1.038422,1.036994,1.048116,1.029760,1.048211,1.047206,1.036313,1.026618,0.988331,0.970380,0.967748,0.987223,0.982780,1.006593,1.032418,0.992775,0.980128,1.023205
2.940490,1.038742,1.035239,1.038089,1.030197,1.034046,1.034620,1.033391,1.033199,1.039537,1.035287,1.034742,1.031417,1.035337,1.036535,1.042611,1.045749,1.045901,1.043149,1.050452,0.987633,1.042117,1.038025,1.036582,1.047739,1.029435,1.047838,1.046843,1.035902,1.026201,0.988029,0.970173,0.967511,0.986768,0.982187,1.006218,1.031935,0.992454,0.979708,1.023261
2.948820,1.038704,1.034981,1.037809,1.029942,1.033825,1.034400,1.033186,1.033003,1.039490,1.035043,1.034506,1.031173,1.035087,1.036268,1.042283,1.045395,1.045563,1.042833,1.049979,0.987130,1.041751,1.037645,1.036186,1.047376,1.029124,1.047480,1.046495,1.035511,1.025804,0.987738,0.969976,0.967283,0.986331,0.981616,1.005857,1.031472,0.992144,0.979310,1.023320
2.957150,1.038670,1.034734,1.037541,1.029699,1.033613,1.034189,1.032991,1.032816,1.039449,1.034811,1.034281,1.030940,1.034848,1.036012,1.041970,1.045056,1.045240,1.042531,1.049526,0.986646,1.041400,1.037281,1.035808,1.047029,1.028826,1.047139,1.046162,1.035139,1.025427,0.987461,0.969789,0.967066,0.985912,0.981068,1.005511,1.031030,0.991848,0.978932,1.023381
2.965480,1.038643,1.034500,1.037286,1.029468,1.033412,1.033989,1.032806,1.032639,1.039413,1.034590,1.034067,1.030718,1.034621,1.035769,1.041671,1.044732,1.044933,1.042243,1.049092,0.986184,1.041065,1.036933,1.035447,1.046697,1.028543,1.046815,1.045846,1.034786,1.025070,0.987196,0.969612,0.966860,0.985512,0.980544,1.005180,1.030609,0.991564,0.978576,1.023446
2.973810,1.038620,1.034278,1.037044,1.029248,1.033222,1.033800,1.032632,1.032472,1.039383,1.034381,1.033864,1.030508,1.034405,1.035538,1.041387,1.044423,1.044640,1.041970,1.048679,0.985742,1.040746,1.036602,1.035103,1.046380,1.028273,1.046509,1.045546,1.034453,1.024733,0.986944,0.969444,0.966664,0.985131,0.980043,1.004864,1.030209,0.991293,0.978240,1.023513
2.982140,1.038603,1.034067,1.036814,1.029040,1.033043,1.033622,1.032468,1.032315,1.039359,1.034183,1.033673,1.030310,1.034201,1.035319,1.041117,1.044131,1.044363,1.041711,1.048286,0.985322,1.040443,1.036287,1.034777,1.046080,1.028019,1.046219,1.045262,1.034139,1.024416,0.986704,0.969288,0.966478,0.984769,0.979567,1.004564,1.029831,0.991036,0.977925,1.023582
2.990470,1.038591,1.033869,1.036598,1.028844,1.032875,1.033454,1.032314,1.032168,1.039340,1.033996,1.033492,1.030123,1.034009,1.035112,1.040862,1.043854,1.044101,1.041466,1.047915,0.984923,1.040157,1.035989,1.034469,1.045796,1.027778,1.045946,1.044994,1.033844,1.024120,0.986477,0.969141,0.966304,0.984427,0.979115,1.004279,1.029475,0.990793,0.977630,1.023655
2.998800,1.038584,1.033683,1.036395,1.028660,1.032718,1.033298,1.032170,1.032032,1.039327,1.033822,1.033324,1.029948,1.033829,1.034918,1.040621,1.043593,1.043855,1.041236,1.047564,0.984547,1.039886,1.035708,1.034178,1.045527,1.027553,1.045690,1.044743,1.033569,1.023843,0.986263,0.969004,0.966140,0.984105,0.978689,1.004010,1.029140,0.990563,0.977357,1.023730
3.007130,1.038583,1.033510,1.036205,1.028487,1.032571,1.033153,1.032037,1.031905,1.039320,1.033659,1.033167,1.029785,1.033661,1.034737,1.040396,1.043349,1.043624,1.041020,1.047235,0.984193,1.039632,1.035444,1.033905,1.045275,1.027342,1.045452,1.044508,1.033314,1.023587,0.986062,0.968878,0.965988,0.983803,0.978288,1.003757,1.028826,0.990347,0.977104,1.023808
3.015460,1.038586,1.033348,1.036027,1.028327,1.032436,1.033018,1.031915,1.031789,1.039319,1.033507,1.033021,1.029633,1.033505,1.034568,1.040185,1.043119,1.043409,1.040820,1.046927,0.983860,1.039395,1.035197,1.033650,1.045039,1.027146,1.045231,1.044290,1.033078,1.023350,0.985874,0.968762,0.965846,0.983521,0.977912,1.003519,1.028533,0.990144,0.976871,1.023889
3.023790,1.038595,1.033198,1.035863,1.028179,1.032312,1.032895,1.031803,1.031683,1.039324,1.033368,1.032887,1.029494,1.033361,1.034412,1.039989,1.042906,1.043209,1.040633,1.046640,0.983550,1.039173,1.034966,1.033412,1.044819,1.026965,1.045027,1.044088,1.032861,1.023133,0.985698,0.968656,0.965715,0.983260,0.977561,1.003296,1.028262,0.989956,0.976659,1.023972
3.032120,1.038609,1.033061,1.035712,1.028042,1.032199,1.032782,1.031701,1.031587,1.039334,1.033240,1.032764,1.029366,1.033228,1.034268,1.039808,1.042709,1.043024,1.040461,1.046375,0.983263,1.038968,1.034752,1.033192,1.044614,1.026798,1.044839,1.043902,1.032663,1.022936,0.985534,0.968560,0.965595,0.983018,0.977235,1.003089,1.028011,0.989782,0.976467,1.024058
3.040450,1.038628,1.032935,1.035574,1.027917,1.032096,1.032681,1.031610,1.031501,1.039351,1.033124,1.032652,1.029249,1.033108,1.034137,1.039641,1.042527,1.042855,1.040304,1.046130,0.982997,1.038779,1.034555,1.032989,1.044426,1.026646,1.044669,1.043732,1.032484,1.022758,0.985383,0.968474,0.965485,0.982797,0.976934,1.002897,1.027781,0.989621,0.976295,1.024146
3.048780,1.038652,1.032822,1.035449,1.027805,1.032005,1.032590,1.031530,1.031426,1.039373,1.033019,1.032552,1.029144,1.032999,1.034018,1.039489,1.042361,1.042700,1.040160,1.045907,0.982753,1.038606,1.034374,1.032803,1.044254,1.026509,1.044516,1.043578,1.032324,1.022600,0.985244,0.968397,0.965387,0.982595,0.976659,1.002721,1.027572,0.989474,0.976143,1.024237
3.057110,1.038681,1.032720,1.035337,1.027704,1.031924,1.032510,1.031459,1.031360,1.039401,1.032926,1.032464,1.029051,1.032902,1.033911,1.039351,1.042211,1.042561,1.040031,1.045704,0.982531,1.038449,1.034210,1.032634,1.044097,1.026386,1.044379,1.043441,1.032183,1.022461,0.985118,0.968331,0.965299,0.982414,0.976407,1.002559,1.027383,0.989342,0.976010,1.024331
3.065440,1.038715,1.032630,1.035237,1.027614,1.031854,1.032441,1.031399,1.031305,1.039434,1.032845,1.032386,1.028969,1.032817,1.033816,1.039227,1.042075,1.042437,1.039916,1.045522,0.982331,1.038307,1.034061,1.032482,1.043955,1.026277,1.044259,1.043319,1.032060,1.022341,0.985003,0.968275,0.965221,0.982252,0.976181,1.002413,1.027214,0.989223,0.975897,1.024426
3.073770,1.038753,1.032551,1.035149,1.027536,1.031795,1.032383,1.031349,1.031259,1.039473,1.032774,1.032319,1.028899,1.032743,1.033734,1.039118,1.041955,1.042327,1.039815,1.045360,0.982151,1.038181,1.033929,1.032347,1.043829,1.026183,1.044155,1.043212,1.031956,1.022239,0.984901,0.968228,0.965154,0.982110,0.975978,1.002281,1.027065,0.989118,0.975803,1.024524
3.082100,1.038796,1.032484,1.035075,1.027470,1.031746,1.032335,1.031309,1.031223,1.039517,1.032715,1.032264,1.028839,1.032681,1.033663,1.039022,1.041850,1.042232,1.039728,1.045218,0.981993,1.038071,1.033812,1.032229,1.043718,1.026103,1.044068,1.043121,1.031869,1.022157,0.984810,0.968190,0.965098,0.981986,0.975798,1.002165,1.026935,0.989026,0.975728,1.024625
3.090430,1.038844,1.032428,1.035012,1.027415,1.031708,1.032297,1.031279,1.031197,1.039567,1.032667,1.032219,1.028791,1.032630,1.033604,1.038941,1.041760,1.042152,1.039654,1.045096,0.981855,1.037975,1.033711,1.032127,1.043623,1.026036,1.043996,1.043046,1.031801,1.022092,0.984730,0.968162,0.965051,0.981882,0.975642,1.002062,1.026825,0.988948,0.975672,1.024727
3.098760,1.038896,1.032384,1.034961,1.027371,1.031680,1.032270,1.031259,1.031181,1.039623,1.032629,1.032185,1.028754,1.032590,1.033557,1.038873,1.041684,1.042085,1.039593,1.044994,0.981738,1.037894,1.033625,1.032040,1.043542,1.025984,1.043940,1.042985,1.031750,1.022046,0.984663,0.968143,0.965015,0.981796,0.975509,1.001974,1.026734,0.988883,0.975634,1.024831
3.107090,1.038952,1.032350,1.034922,1.027338,1.031662,1.032252,1.031248,1.031173,1.039683,1.032603,1.032161,1.028727,1.032560,1.033521,1.038818,1.041623,1.042033,1.039546,1.044910,0.981640,1.037829,1.033555,1.031970,1.043475,1.025945,1.043900,1.042939,1.031717,1.022017,0.984606,0.968133,0.964989,0.981729,0.975398,1.001900,1.026661,0.988832,0.975615,1.024938
3.115420,1.039013,1.032327,1.034895,1.027315,1.031654,1.032245,1.031247,1.031175,1.039749,1.032587,1.032148,1.028711,1.032542,1.033497,1.038777,1.041576,1.041994,1.039512,1.044845,0.981562,1.037777,1.033499,1.031915,1.043423,1.025919,1.043875,1.042908,1.031701,1.022007,0.984560,0.968132,0.964972,0.981679,0.975308,1.001841,1.026607,0.988793,0.975613,1.025046
3.123750,1.039077,1.032314,1.034879,1.027304,1.031655,1.032247,1.031255,1.031186,1.039819,1.032581,1.032145,1.028705,1.032534,1.033483,1.038748,1.041542,1.041969,1.039490,1.044799,0.981502,1.037740,1.033458,1.031875,1.043385,1.025906,1.043865,1.042890,1.031701,1.022013,0.984526,0.968139,0.964965,0.981646,0.975240,1.001794,1.026570,0.988767,0.975629,1.025156
3.132080,1.039146,1.032312,1.034874,1.027302,1.031667,1.032258,1.031272,1.031206,1.039895,1.032585,1.032152,1.028710,1.032536,1.033480,1.038732,1.041522,1.041957,1.039481,1.044770,0.981461,1.037717,1.033431,1.031850,1.043360,1.025906,1.043869,1.042887,1.031718,1.022036,0.984502,0.968155,0.964967,0.981631,0.975192,1.001761,1.026551,0.988754,0.975663,1.025268
3.140410,1.039218,1.032320,1.034881,1.027311,1.031687,1.032279,1.031298,1.031234,1.039975,1.032600,1.032168,1.028724,1.032549,1.033488,1.038729,1.041515,1.041957,1.039484,1.044758,0.981438,1.037707,1.033418,1.031840,1.043349,1.025919,1.043888,1.042898,1.031751,1.022075,0.984488,0.968180,0.964978,0.981632,0.975163,1.001742,1.026549,0.988753,0.975712,1.025382
3.148740,1.039294,1.032338,1.034897,1.027329,1.031716,1.032309,1.031332,1.031271,1.040059,1.032623,1.032193,1.028748,1.032571,1.033506,1.038737,1.041521,1.041970,1.039498,1.044762,0.981432,1.037710,1.033419,1.031844,1.043351,1.025943,1.043920,1.042921,1.031799,1.022130,0.984484,0.968212,0.964998,0.981648,0.975154,1.001735,1.026564,0.988764,0.975778,1.025496
3.157070,1.039373,1.032365,1.034924,1.027357,1.031754,1.032347,1.031375,1.031316,1.040148,1.032656,1.032228,1.028781,1.032602,1.033533,1.038757,1.041540,1.041995,1.039524,1.044783,0.981442,1.037726,1.033433,1.031862,1.043366,1.025979,1.043965,1.042957,1.031862,1.022200,0.984491,0.968252,0.965027,0.981680,0.975163,1.001740,1.026595,0.988786,0.975859,1.025612
3.165400,1.039455,1.032401,1.034961,1.027394,1.031800,1.032394,1.031425,1.031368,1.040240,1.032698,1.032271,1.028823,1.032643,1.033571,1.038788,1.041570,1.042032,1.039560,1.044819,0.981469,1.037754,1.033459,1.031892,1.043392,1.026026,1.044023,1.043005,1.031938,1.022284,0.984507,0.968299,0.965064,0.981727,0.975190,1.001757,1.026641,0.988819,0.975955,1.025730
3.173730,1.039541,1.032446,1.035007,1.027440,1.031854,1.032448,1.031483,1.031428,1.040337,1.032748,1.032323,1.028873,1.032692,1.033617,1.038829,1.041611,1.042079,1.039607,1.044869,0.981510,1.037794,1.033498,1.031936,1.043430,1.026084,1.044093,1.043064,1.032028,1.022382,0.984532,0.968353,0.965108,0.981787,0.975233,1.001786,1.026703,0.988863,0.976064,1.025848
3.182060,1.039628,1.032499,1.035061,1.027494,1.031916,1.032510,1.031548,1.031494,1.040436,1.032806,1.032382,1.028931,1.032749,1.033672,1.038881,1.041664,1.042137,1.039664,1.044934,0.981566,1.037845,1.033548,1.031992,1.043480,1.026151,1.044174,1.043135,1.032130,1.022492,0.984567,0.968414,0.965161,0.981861,0.975293,1.001826,1.026778,0.988917,0.976185,1.025967
3.190390,1.039719,1.032560,1.035125,1.027556,1.031985,1.032579,1.031620,1.031567,1.040539,1.032872,1.032449,1.028998,1.032814,1.033735,1.038942,1.041726,1.042205,1.039730,1.045011,0.981636,1.037907,1.033610,1.032059,1.043540,1.026229,1.044265,1.043215,1.032243,1.022613,0.984610,0.968481,0.965220,0.981947,0.975367,1.001877,1.026867,0.988981,0.976318,1.026086
3.198720,1.039811,1.032629,1.035196,1.027625,1.032060,1.032655,1.031699,1.031647,1.040645,1.032945,1.032523,1.029071,1.032887,1.033806,1.039013,1.041799,1.042282,1.039806,1.045102,0.981718,1.037979,1.033682,1.032137,1.043610,1.026315,1.044367,1.043306,1.032367,1.022746,0.984662,0.968554,0.965286,0.982045,0.975455,1.001938,1.026970,0.989054,0.976462,1.026207
3.207050,1.039906,1.032705,1.035275,1.027701,1.032142,1.032737,1.031783,1.031732,1.040754,1.033025,1.032603,1.029151,1.032966,1.033884,1.039092,1.041881,1.042368,1.039889,1.045203,0.981813,1.038061,1.033764,1.032226,1.043689,1.026410,1.044478,1.043405,1.032502,1.022888,0.984721,0.968632,0.965358,0.982154,0.975557,1.002008,1.027084,0.989136,0.976616,1.026327
3.215380,1.040002,1.032788,1.035361,1.027784,1.032229,1.032824,1.031872,1.031822,1.040865,1.033111,1.032690,1.029237,1.033052,1.033969,1.039179,1.041971,1.042463,1.039980,1.045315,0.981918,1.038152,1.033856,1.032324,1.043777,1.026512,1.044597,1.043513,1.032645,1.023040,0.984789,0.968715,0.965436,0.982273,0.975671,1.002087,1.027210,0.989225,0.976779,1.026447
3.223710,1.040100,1.032876,1.035454,1.027873,1.032322,1.032917,1.031967,1.031918,1.040978,1.033203,1.032782,1.029330,1.033144,1.034060,1.039273,1.042069,1.042565,1.040079,1.045437,0.982034,1.038251,1.033956,1.032432,1.043874,1.026622,1.044724,1.043628,1.032796,1.023199,0.984864,0.968803,0.965519,0.982401,0.975796,1.002175,1.027347,0.989322,0.976949,1.026568
3.232040,1.040198,1.032971,1.035552,1.027968,1.032420,1.033015,1.032066,1.032017,1.041092,1.033300,1.032880,1.029427,1.033241,1.034157,1.039375,1.042175,1.042674,1.040184,1.045568,0.982159,1.038357,1.034065,1.032547,1.043978,1.026739,1.044859,1.043751,1.032955,1.023366,0.984946,0.968895,0.965608,0.982538,0.975931,1.002271,1.027493,0.989427,0.977127,1.026688
3.240370,1.040298,1.033071,1.035657,1.028067,1.032523,1.033118,1.032170,1.032121,1.041208,1.033402,1.032982,1.029529,1.033343,1.034259,1.039482,1.042287,1.042789,1.040295,1.045707,0.982293,1.038471,1.034180,1.032671,1.044089,1.026862,1.045000,1.043880,1.033120,1.023540,0.985035,0.968991,0.965701,0.982681,0.976075,1.002373,1.027649,0.989538,0.977311,1.026808
3.248700,1.040399,1.033176,1.035766,1.028171,1.032629,1.033224,1.032277,1.032228,1.041325,1.033509,1.033088,1.029636,1.033449,1.034366,1.039595,1.042405,1.042910,1.040412,1.045853,0.982433,1.038591,1.034303,1.032801,1.044206,1.026990,1.045146,1.044015,1.033292,1.023719,0.985131,0.969089,0.965798,0.982831,0.976226,1.002482,1.027812,0.989654,0.977501,1.026927
3.257030,1.040499,1.033285,1.035879,1.028279,1.032738,1.033333,1.032387,1.032339,1.041443,1.033618,1.033198,1.029746,1.033559,1.034477,1.039713,1.042529,1.043036,1.040533,1.046004,0.982580,1.038716,1.034431,1.032938,1.044328,1.027123,1.045297,1.044154,1.033468,1.023903,0.985232,0.969191,0.965898,0.982986,0.976385,1.002597,1.027983,0.989776,0.977695,1.027046
3.265360,1.040600,1.033398,1.035996,1.028390,1.032850,1.033445,1.032499,1.032451,1.041561,1.033731,1.033310,1.029859,1.033673,1.034591,1.039835,1.042656,1.043165,1.040658,1.046160,0.982732,1.038846,1.034564,1.033079,1.044455,1.027260,1.045453,1.044298,1.033647,1.024091,0.985338,0.969294,0.966001,0.983145,0.976549,1.002717,1.028160,0.989902,0.977892,1.027163
3.273690,1.040699,1.033513,1.036115,1.028504,1.032964,1.033559,1.032613,1.032565,1.041679,1.033846,1.033425,1.029975,1.033788,1.034707,1.039960,1.042787,1.043298,1.040786,1.046320,0.982888,1.038979,1.034701,1.033225,1.044586,1.027400,1.045611,1.044444,1.033830,1.024281,0.985447,0.969398,0.966106,0.983306,0.976718,1.002840,1.028342,0.990032,0.978092,1.027279
3.282020,1.040798,1.033630,1.036236,1.028619,1.033079,1.033674,1.032728,1.032680,1.041797,1.033962,1.033540,1.030091,1.033905,1.034825,1.040087,1.042921,1.043433,1.040916,1.046482,0.983047,1.039115,1.034841,1.033373,1.044719,1.027542,1.045771,1.044593,1.034015,1.024473,0.985559,0.969503,0.966212,0.983470,0.976890,1.002966,1.028528,0.990164,0.978293,1.027394
3.290350,1.040895,1.033747,1.036358,1.028734,1.033194,1.033789,1.032844,1.032795,1.041913,1.034079,1.033657,1.030208,1.034022,1.034944,1.040215,1.043056,1.043570,1.041046,1.046645,0.983207,1.039253,1.034983,1.033524,1.044854,1.027684,1.045932,1.044742,1.034200,1.024666,0.985672,0.969608,0.966319,0.983633,0.977063,1.003095,1.028717,0.990298,0.978495,1.027507
3.298680,1.040990,1.033863,1.036479,1.028850,1.033309,1.033904,1.032958,1.032909,1.042027,1.034196,1.033772,1.030325,1.034139,1.035063,1.040344,1.043191,1.043706,1.041177,1.046808,0.983368,1.039391,1.035125,1.033676,1.044990,1.027826,1.046092,1.044892,1.034385,1.024859,0.985785,0.969712,0.966425,0.983797,0.977237,1.003224,1.028907,0.990433,0.978696,1.027617
3.307010,1.041083,1.033979,1.036599,1.028965,1.033423,1.034017,1.033072,1.033022,1.042140,1.034311,1.033887,1.030441,1.034255,1.035181,1.040472,1.043326,1.043842,1.041307,1.046970,0.983528,1.039529,1.035268,1.033827,1.045125,1.027968,1.046252,1.045040,1.034569,1.025050,0.985897,0.969814,0.966531,0.983958,0.977410,1.003353,1.029097,0.990567,0.978896,1.027726
3.315340,1.041172,1.034091,1.036717,1.029078,1.033534,1.034129,1.033183,1.033133,1.042250,1.034424,1.034000,1.030554,1.034369,1.035297,1.040598,1.043459,1.043975,1.041435,1.047130,0.983686,1.039666,1.035409,1.033978,1.045259,1.028107,1.046409,1.045187,1.034751,1.025238,0.986006,0.969914,0.966634,0.984117,0.977582,1.003482,1.029287,0.990700,0.979093,1.027831
3.323670,1.041258,1.034201,1.036833,1.029188,1.033643,1.034237,1.033291,1.033241,1.042357,1.034535,1.034110,1.030666,1.034481,1.035410,1.040722,1.043590,1.044107,1.041560,1.047286,0.983841,1.039800,1.035549,1.034126,1.045391,1.028243,1.046564,1.045330,1.034929,1.025424,0.986111,0.970010,0.966735,0.984272,0.977750,1.003608,1.029475,0.990831,0.979288,1.027934
3.332000,1.041340,1.034307,1.036944,1.029295,1.033749,1.034343,1.033397,1.033346,1.042460,1.034643,1.034216,1.030773,1.034589,1.035521,1.040843,1.043717,1.044234,1.041682,1.047438,0.983992,1.039932,1.035685,1.034272,1.045520,1.028375,1.046714,1.045471,1.035104,1.025605,0.986213,0.970104,0.966833,0.984421,0.977914,1.003732,1.029659,0.990960,0.979478,1.028034
3.340330,1.041418,1.034409,1.037052,1.029399,1.033851,1.034444,1.033498,1.033447,1.042561,1.034746,1.034319,1.030877,1.034694,1.035627,1.040960,1.043841,1.044358,1.041800,1.047585,0.984139,1.040059,1.035818,1.034413,1.045645,1.028503,1.046860,1.045606,1.035274,1.025782,0.986309,0.970193,0.966927,0.984566,0.978074,1.003852,1.029840,0.991085,0.979663,1.028131
3.348660,1.041492,1.034505,1.037154,1.029498,1.033948,1.034541,1.033595,1.033544,1.042657,1.034845,1.034417,1.030977,1.034793,1.035729,1.041073,1.043960,1.044477,1.041912,1.047725,0.984279,1.040182,1.035946,1.034550,1.045766,1.028626,1.047001,1.045737,1.035438,1.025953,0.986399,0.970277,0.967017,0.984703,0.978227,1.003968,1.030016,0.991205,0.979843,1.028224
3.356990,1.041561,1.034595,1.037251,1.029592,1.034041,1.034633,1.033687,1.033636,1.042749,1.034939,1.034511,1.031071,1.034888,1.035826,1.041180,1.044074,1.044590,1.042020,1.047859,0.984413,1.040300,1.036069,1.034682,1.045881,1.028742,1.047136,1.045861,1.035596,1.026118,0.986483,0.970357,0.967102,0.984834,0.978372,1.004079,1.030187,0.991321,0.980016,1.028314
3.365320,1.041625,1.034679,1.037342,1.029681,1.034127,1.034719,1.033774,1.033723,1.042837,1.035027,1.034598,1.031160,1.034978,1.035917,1.041281,1.044181,1.044697,1.042121,1.047985,0.984540,1.040411,1.036185,1.034807,1.045991,1.028853,1.047264,1.045980,1.035748,1.026276,0.986560,0.970431,0.967181,0.984957,0.978511,1.004185,1.030350,0.991432,0.980183,1.028401
3.373650,1.041685,1.034757,1.037427,1.029764,1.034209,1.034800,1.033855,1.033804,1.042920,1.035110,1.034680,1.031242,1.035061,1.036002,1.041377,1.044282,1.044798,1.042215,1.048102,0.984659,1.040516,1.036296,1.034926,1.046094,1.028956,1.047385,1.046091,1.035893,1.026427,0.986629,0.970499,0.967256,0.985071,0.978640,1.004284,1.030506,0.991537,0.980343,1.028484
3.381980,1.041739,1.034828,1.037505,1.029840,1.034284,1.034875,1.033930,1.033879,1.042998,1.035186,1.034756,1.031319,1.035138,1.036081,1.041465,1.044377,1.044891,1.042303,1.048211,0.984769,1.040614,1.036399,1.035038,1.046191,1.029053,1.047498,1.046196,1.036029,1.026570,0.986690,0.970561,0.967324,0.985176,0.978760,1.004377,1.030655,0.991636,0.980495,1.028563
3.390310,1.041788,1.034891,1.037575,1.029910,1.034352,1.034943,1.033999,1.033948,1.043072,1.035256,1.034825,1.031389,1.035208,1.036154,1.041546,1.044463,1.044977,1.042383,1.048311,0.984870,1.040705,1.036494,1.035141,1.046280,1.029142,1.047604,1.046293,1.036158,1.026705,0.986743,0.970617,0.967386,0.985272,0.978871,1.004463,1.030794,0.991728,0.980639,1.028639
3.398640,1.041833,1.034947,1.037638,1.029974,1.034415,1.035004,1.034062,1.034011,1.043140,1.035319,1.034887,1.031452,1.035272,1.036219,1.041620,1.044542,1.045056,1.042456,1.048400,0.984962,1.040787,1.036582,1.035237,1.046361,1.029223,1.047702,1.046381,1.036279,1.026831,0.986787,0.970666,0.967442,0.985358,0.978971,1.004541,1.030925,0.991814,0.980775,1.028711
3.406970,1.041872,1.034995,1.037694,1.030030,1.034470,1.035059,1.034118,1.034067,1.043204,1.035375,1.034943,1.031508,1.035328,1.036277,1.041687,1.044614,1.045126,1.042521,1.048480,0.985043,1.040862,1.036662,1.035324,1.046435,1.029296,1.047791,1.046462,1.036390,1.026949,0.986823,0.970708,0.967491,0.985434,0.979060,1.004611,1.031045,0.991892,0.980902,1.028779
3.415300,1.041906,1.035035,1.037742,1.030080,1.034518,1.035107,1.034167,1.034116,1.043263,1.035423,1.034991,1.031558,1.035378,1.036328,1.041745,1.044676,1.045188,1.042578,1.048549,0.985114,1.040928,1.036732,1.035402,1.046500,1.029361,1.047871,1.046534,1.036493,1.027057,0.986850,0.970743,0.967534,0.985499,0.979138,1.004674,1.031156,0.991963,0.981020,1.028844
3.423630,1.041935,1.035068,1.037782,1.030122,1.034560,1.035148,1.034209,1.034159,1.043317,1.035465,1.035032,1.031599,1.035420,1.036372,1.041795,1.044731,1.045242,1.042626,1.048607,0.985175,1.040986,1.036794,1.035472,1.046557,1.029417,1.047943,1.046597,1.036586,1.027156,0.986867,0.970772,0.967569,0.985554,0.979204,1.004728,1.031256,0.992026,0.981128,1.028905
3.431960,1.041960,1.035092,1.037814,1.030156,1.034594,1.035181,1.034245,1.034195,1.043365,1.035499,1.035066,1.031634,1.035454,1.036408,1.041837,1.044776,1.045288,1.042666,1.048654,0.985224,1.041034,1.036847,1.035531,1.046605,1.029465,1.048006,1.046652,1.036670,1.027246,0.986876,0.970793,0.967598,0.985597,0.979258,1.004773,1.031345,0.992082,0.981227,1.028963
3.440290,1.041979,1.035109,1.037837,1.030184,1.034621,1.035208,1.034273,1.034225,1.043409,1.035525,1.035093,1.031661,1.035482,1.036436,1.041871,1.044813,1.045324,1.042698,1.048690,0.985262,1.041074,1.036891,1.035582,1.046645,1.029505,1.048059,1.046697,1.036745,1.027326,0.986876,0.970808,0.967620,0.985630,0.979300,1.004810,1.031424,0.992130,0.981317,1.029017
3.448620,1.041995,1.035118,1.037853,1.030203,1.034641,1.035227,1.034295,1.034247,1.043448,1.035545,1.035112,1.031680,1.035501,1.036457,1.041896,1.044842,1.045352,1.042722,1.048715,0.985289,1.041105,1.036926,1.035622,1.046676,1.029536,1.048103,1.046734,1.036809,1.027396,0.986867,0.970815,0.967635,0.985652,0.979329,1.004838,1.031491,0.992171,0.981396,1.029069
3.456950,1.042005,1.035119,1.037861,1.030216,1.034654,1.035239,1.034310,1.034263,1.043483,1.035557,1.035124,1.031692,1.035514,1.036470,1.041913,1.044861,1.045371,1.042737,1.048729,0.985305,1.041127,1.036951,1.035653,1.046697,1.029558,1.048138,1.046762,1.036864,1.027456,0.986849,0.970815,0.967643,0.985662,0.979346,1.004858,1.031547,0.992203,0.981466,1.029117
3.465280,1.042012,1.035112,1.037861,1.030221,1.034660,1.035245,1.034318,1.034272,1.043513,1.035561,1.035129,1.031697,1.035518,1.036475,1.041921,1.044871,1.045382,1.042743,1.048731,0.985309,1.041139,1.036967,1.035674,1.046710,1.029572,1.048164,1.046781,1.036910,1.027506,0.986822,0.970809,0.967644,0.985662,0.979351,1.004868,1.031591,0.992228,0.981525,1.029162
3.473610,1.042014,1.035098,1.037854,1.030219,1.034659,1.035243,1.034319,1.034275,1.043538,1.035558,1.035126,1.031695,1.035516,1.036473,1.041921,1.044873,1.045384,1.042741,1.048722,0.985301,1.041142,1.036973,1.035686,1.046714,1.029578,1.048181,1.046790,1.036945,1.027546,0.986787,0.970795,0.967639,0.985650,0.979342,1.004870,1.031624,0.992245,0.981575,1.029203
3.481940,1.042012,1.035076,1.037838,1.030210,1.034651,1.035234,1.034313,1.034271,1.043559,1.035549,1.035117,1.031685,1.035506,1.036463,1.041913,1.044865,1.045377,1.042731,1.048701,0.985282,1.041137,1.036970,1.035687,1.046709,1.029576,1.048189,1.046791,1.036970,1.027576,0.986743,0.970775,0.967626,0.985627,0.979321,1.004862,1.031645,0.992254,0.981614,1.029243
3.490270,1.042007,1.035046,1.037815,1.030193,1.034636,1.035219,1.034302,1.034260,1.043575,1.035532,1.035100,1.031668,1.035489,1.036446,1.041896,1.044849,1.045361,1.042713,1.048669,0.985252,1.041122,1.036957,1.035679,1.046695,1.029565,1.048187,1.046783,1.036986,1.027596,0.986691,0.970748,0.967608,0.985594,0.979287,1.004846,1.031654,0.992256,0.981643,1.029279
3.498600,1.041998,1.035010,1.037784,1.030170,1.034615,1.035196,1.034283,1.034244,1.043588,1.035508,1.035077,1.031645,1.035465,1.036422,1.041871,1.044824,1.045337,1.042686,1.048626,0.985210,1.041098,1.036935,1.035661,1.046673,1.029546,1.048177,1.046767,1.036992,1.027606,0.986631,0.970714,0.967582,0.985549,0.979241,1.004821,1.031652,0.992250,0.981662,1.029313
3.506930,1.041986,1.034966,1.037746,1.030139,1.034587,1.035168,1.034259,1.034221,1.043597,1.035477,1.035046,1.031614,1.035434,1.036390,1.041838,1.044791,1.045305,1.042652,1.048572,0.985157,1.041065,1.036904,1.035633,1.046641,1.029520,1.048157,1.046741,1.036988,1.027606,0.986563,0.970674,0.967550,0.985493,0.979182,1.004787,1.031638,0.992236,0.981671,1.029345
3.515260,1.041971,1.034916,1.037701,1.030102,1.034552,1.035133,1.034228,1.034193,1.043602,1.035439,1.035010,1.031577,1.035396,1.036352,1.041797,1.044749,1.045265,1.042610,1.048507,0.985092,1.041023,1.036864,1.035596,1.046601,1.029486,1.048129,1.046707,1.036974,1.027596,0.986487,0.970628,0.967512,0.985427,0.979110,1.004745,1.031613,0.992215,0.981669,1.029374
3.523590,1.041953,1.034859,1.037649,1.030058,1.034512,1.035091,1.034191,1.034158,1.043603,1.035395,1.034967,1.031533,1.035352,1.036307,1.041748,1.044698,1.045216,1.042560,1.048431,0.985016,1.040973,1.036814,1.035549,1.046552,1.029444,1.048093,1.046665,1.036951,1.027576,0.986404,0.970576,0.967468,0.985351,0.979026,1.004694,1.031576,0.992187,0.981658,1.029401
3.531920,1.041932,1.034796,1.037590,1.030008,1.034465,1.035044,1.034149,1.034118,1.043601,1.035345,1.034917,1.031483,1.035301,1.036255,1.041691,1.044640,1.045159,1.042502,1.048344,0.984930,1.040914,1.036756,1.035493,1.046496,1.029395,1.048047,1.046615,1.036918,1.027546,0.986314,0.970518,0.967418,0.985264,0.978931,1.004635,1.031529,0.992152,0.981636,1.029426
3.540250,1.041909,1.034726,1.037525,1.029952,1.034413,1.034991,1.034101,1.034072,1.043595,1.035288,1.034862,1.031426,1.035244,1.036196,1.041627,1.044573,1.045095,1.042438,1.048247,0.984833,1.040847,1.036689,1.035427,1.046430,1.029339,1.047994,1.046556,1.036876,1.027507,0.986217,0.970454,0.967363,0.985167,0.978823,1.004567,1.031470,0.992110,0.981604,1.029450
3.548580,1.041884,1.034651,1.037453,1.029889,1.034355,1.034932,1.034047,1.034021,1.043586,1.035225,1.034800,1.031364,1.035180,1.036131,1.041555,1.044498,1.045023,1.042366,1.048140,0.984725,1.040771,1.036613,1.035353,1.046357,1.029276,1.047932,1.046490,1.036824,1.027457,0.986113,0.970384,0.967301,0.985061,0.978704,1.004491,1.031400,0.992061,0.981562,1.029471
3.556910,1.041856,1.034570,1.037375,1.029821,1.034291,1.034868,1.033989,1.033965,1.043574,1.035157,1.034733,1.031295,1.035111,1.036060,1.041476,1.044416,1.044944,1.042287,1.048022,0.984607,1.040688,1.036529,1.035270,1.046276,1.029206,1.047862,1.046415,1.036763,1.027399,0.986003,0.970310,0.967234,0.984945,0.978573,1.004408,1.031320,0.992005,0.981510,1.029491
3.565240,1.041827,1.034483,1.037290,1.029747,1.034222,1.034798,1.033925,1.033904,1.043560,1.035083,1.034660,1.031221,1.035036,1.035983,1.041390,1.044326,1.044857,1.042201,1.047896,0.984480,1.040596,1.036437,1.035178,1.046187,1.029129,1.047784,1.046333,1.036693,1.027330,0.985887,0.970230,0.967162,0.984819,0.978432,1.004316,1.031230,0.991943,0.981448,1.029510
3.573570,1.041795,1.034390,1.037200,1.029667,1.034148,1.034723,1.033856,1.033839,1.043543,1.035003,1.034582,1.031142,1.034956,1.035900,1.041297,1.044228,1.044763,1.042109,1.047759,0.984342,1.040497,1.036336,1.035078,1.046091,1.029046,1.047699,1.046244,1.036615,1.027253,0.985764,0.970144,0.967085,0.984685,0.978280,1.004217,1.031129,0.991875,0.981376,1.029527
3.581900,1.041762,1.034293,1.037105,1.029582,1.034069,1.034643,1.033783,1.033768,1.043523,1.034918,1.034499,1.031057,1.034870,1.035811,1.041198,1.044124,1.044663,1.042010,1.047614,0.984196,1.040391,1.036228,1.034970,1.045988,1.028957,1.047606,1.046148,1.036527,1.027166,0.985636,0.970055,0.967003,0.984543,0.978118,1.004111,1.031018,0.991800,0.981295,1.029543
3.590230,1.041728,1.034191,1.037004,1.029492,1.033985,1.034558,1.033705,1.033694,1.043500,1.034828,1.034410,1.030967,1.034778,1.035717,1.041092,1.044013,1.044556,1.041905,1.047461,0.984040,1.040277,1.036113,1.034854,1.045877,1.028863,1.047506,1.046044,1.036430,1.027070,0.985502,0.969960,0.966915,0.984392,0.977946,1.003997,1.030898,0.991720,0.981204,1.029557
3.598560,1.041692,1.034084,1.036897,1.029397,1.033897,1.034469,1.033622,1.033615,1.043476,1.034733,1.034317,1.030872,1.034682,1.035618,1.040980,1.043895,1.044442,1.041794,1.047299,0.983876,1.040156,1.035990,1.034730,1.045759,1.028762,1.047398,1.045934,1.036326,1.026966,0.985363,0.969861,0.966824,0.984234,0.977765,1.003876,1.030768,0.991633,0.981103,1.029571
3.606890,1.041655,1.033972,1.036786,1.029297,1.033804,1.034375,1.033536,1.033532,1.043449,1.034633,1.034219,1.030772,1.034581,1.035514,1.040862,1.043770,1.044323,1.041678,1.047129,0.983704,1.040029,1.035859,1.034599,1.045635,1.028656,1.047284,1.045817,1.036212,1.026852,0.985219,0.969758,0.966728,0.984068,0.977574,1.003749,1.030629,0.991541,0.980994,1.029584
3.615220,1.041617,1.033856,1.036670,1.029192,1.033707,1.034277,1.033445,1.033444,1.043420,1.034529,1.034117,1.030668,1.034475,1.035405,1.040738,1.043639,1.044197,1.041556,1.046951,0.983524,1.039895,1.035722,1.034460,1.045505,1.028544,1.047163,1.045694,1.036091,1.026731,0.985070,0.969651,0.966627,0.983895,0.977375,1.003615,1.030481,0.991444,0.980875,1.029595
3.623550,1.041578,1.033735,1.036549,1.029083,1.033605,1.034175,1.033350,1.033354,1.043389,1.034420,1.034010,1.030559,1.034365,1.035291,1.040609,1.043503,1.044065,1.041428,1.046766,0.983337,1.039755,1.035578,1.034315,1.045368,1.028427,1.047035,1.045565,1.035962,1.026600,0.984916,0.969539,0.966523,0.983716,0.977168,1.003474,1.030325,0.991341,0.980747,1.029606
3.631880,1.041538,1.033611,1.036424,1.028970,1.033500,1.034069,1.033252,1.033259,1.043356,1.034307,1.033900,1.030446,1.034251,1.035172,1.040474,1.043360,1.043928,1.041296,1.046575,0.983142,1.039608,1.035428,1.034162,1.045226,1.028306,1.046901,1.045429,1.035824,1.026462,0.984757,0.969424,0.966414,0.983531,0.976954,1.003328,1.030161,0.991233,0.980611,1.029616
3.640210,1.041497,1.033483,1.036294,1.028853,1.033391,1.033959,1.033150,1.033161,1.043322,1.034190,1.033785,1.030329,1.034132,1.035050,1.040334,1.043212,1.043786,1.041158,1.046377,0.982942,1.039456,1.035272,1.034004,1.045077,1.028179,1.046761,1.045288,1.035680,1.026315,0.984594,0.969306,0.966302,0.983340,0.976732,1.003175,1.029989,0.991121,0.980466,1.029625
3.648540,1.041456,1.033350,1.036161,1.028732,1.033278,1.033846,1.033045,1.033060,1.043285,1.034069,1.033667,1.030209,1.034010,1.034923,1.040189,1.043058,1.043638,1.041016,1.046173,0.982735,1.039298,1.035109,1.033839,1.044923,1.028048,1.046615,1.045141,1.035527,1.026161,0.984427,0.969184,0.966186,0.983143,0.976504,1.003017,1.029810,0.991003,0.980312,1.029634
3.656870,1.041413,1.033215,1.036023,1.028607,1.033162,1.033729,1.032937,1.032956,1.043247,1.033944,1.033544,1.030084,1.033883,1.034792,1.040040,1.042900,1.043486,1.040869,1.045964,0.982522,1.039135,1.034941,1.033668,1.044764,1.027912,1.046463,1.044989,1.035368,1.025999,0.984255,0.969059,0.966066,0.982942,0.976270,1.002853,1.029623,0.990881,0.980151,1.029642
3.665200,1.041370,1.033075,1.035882,1.028478,1.033043,1.033609,1.032825,1.032849,1.043208,1.033816,1.033419,1.029956,1.033753,1.034657,1.039886,1.042736,1.043328,1.040718,1.045750,0.982304,1.038966,1.034768,1.033492,1.044600,1.027772,1.046306,1.044832,1.035202,1.025830,0.984080,0.968931,0.965943,0.982737,0.976029,1.002684,1.029430,0.990754,0.979981,1.029649
3.673530,1.041326,1.032933,1.035737,1.028346,1.032921,1.033486,1.032710,1.032738,1.043167,1.033684,1.033290,1.029825,1.033620,1.034519,1.039727,1.042568,1.043166,1.040562,1.045530,0.982081,1.038793,1.034590,1.033310,1.044431,1.027628,1.046143,1.044669,1.035029,1.025654,0.983900,0.968800,0.965817,0.982527,0.975784,1.002511,1.029230,0.990623,0.979804,1.029655
3.681860,1.041282,1.032787,1.035589,1.028211,1.032795,1.033359,1.032593,1.032625,1.043124,1.033550,1.033158,1.029690,1.033483,1.034377,1.039564,1.042395,1.043000,1.040403,1.045307,0.981854,1.038615,1.034406,1.033123,1.044258,1.027479,1.045975,1.044502,1.034849,1.025471,0.983716,0.968666,0.965688,0.982313,0.975534,1.002332,1.029025,0.990487,0.979619,1.029662
3.690190,1.041237,1.032638,1.035437,1.028072,1.032667,1.033230,1.032473,1.032510,1.043081,1.033412,1.033023,1.029552,1.033343,1.034232,1.039398,1.042219,1.042830,1.040240,1.045079,0.981622,1.038433,1.034218,1.032932,1.044080,1.027327,1.045802,1.044331,1.034663,1.025281,0.983529,0.968530,0.965556,0.982097,0.975280,1.002149,1.028813,0.990348,0.979427,1.029667
3.698520,1.041191,1.032485,1.035282,1.027931,1.032536,1.033099,1.032350,1.032392,1.043036,1.033271,1.032885,1.029412,1.033201,1.034084,1.039228,1.042038,1.042656,1.040073,1.044848,0.981387,1.038247,1.034026,1.032736,1.043898,1.027171,1.045624,1.044155,1.034471,1.025085,0.983338,0.968391,0.965421,0.981877,0.975022,1.001962,1.028597,0.990205,0.979229,1.029672
3.706850,1.041144,1.032330,1.035124,1.027786,1.032403,1.032964,1.032225,1.032271,1.042989,1.033128,1.032745,1.029268,1.033055,1.033933,1.039054,1.041854,1.042478,1.039903,1.044613,0.981149,1.038057,1.033830,1.032536,1.043713,1.027011,1.045442,1.043975,1.034274,1.024883,0.983144,0.968250,0.965284,0.981655,0.974760,1.001772,1.028376,0.990058,0.979023,1.029676
3.715180,1.041097,1.032173,1.034964,1.027640,1.032267,1.032828,1.032098,1.032149,1.042942,1.032982,1.032602,1.029123,1.032907,1.033780,1.038878,1.041666,1.042297,1.039730,1.044376,0.980908,1.037863,1.033631,1.032332,1.043524,1.026848,1.045256,1.043791,1.034071,1.024675,0.982946,0.968107,0.965145,0.981430,0.974496,1.001577,1.028151,0.989907,0.978812,1.029680
3.723510,1.041050,1.032013,1.034801,1.027491,1.032129,1.032689,1.031969,1.032025,1.042893,1.032834,1.032458,1.028975,1.032757,1.033624,1.038698,1.041476,1.042113,1.039554,1.044136,0.980665,1.037667,1.033428,1.032125,1.043332,1.026683,1.045066,1.043604,1.033863,1.024462,0.982746,0.967963,0.965004,0.981204,0.974230,1.001380,1.027922,0.989753,0.978595,1.029683
3.731840,1.041002,1.031851,1.034637,1.027340,1.031990,1.032549,1.031838,1.031899,1.042844,1.032685,1.032311,1.028825,1.032605,1.033466,1.038517,1.041283,1.041927,1.039376,1.043895,0.980420,1.037468,1.033222,1.031916,1.043138,1.026515,1.044873,1.043414,1.033651,1.024245,0.982544,0.967817,0.964861,0.980977,0.973961,1.001180,1.027689,0.989597,0.978373,1.029686
3.740170,1.040954,1.031689,1.034471,1.027188,1.031849,1.032408,1.031707,1.031772,1.042794,1.032534,1.032164,1.028674,1.032452,1.033307,1.038333,1.041088,1.041739,1.039196,1.043652,0.980173,1.037267,1.033015,1.031704,1.042941,1.026345,1.044677,1.043222,1.033435,1.024023,0.982341,0.967670,0.964717,0.980749,0.973692,1.000978,1.027455,0.989439,0.978147,1.029689
3.748500,1.040907,1.031526,1.034304,1.027035,1.031708,1.032266,1.031574,1.031644,1.042744,1.032382,1.032015,1.028523,1.032298,1.033147,1.038149,1.040892,1.041549,1.039015,1.043409,0.979926,1.037065,1.032806,1.031491,1.042743,1.026174,1.044479,1.043028,1.033216,1.023799,0.982139,0.967523,0.964572,0.980521,0.973422,1.000775,1.027218,0.989279,0.977916,1.029692
3.756830,1.040860,1.031363,1.034137,1.026882,1.031566,1.032124,1.031441,1.031516,1.042693,1.032230,1.031866,1.028370,1.032144,1.032986,1.037963,1.040695,1.041359,1.038833,1.043165,0.979679,1.036861,1.032595,1.031276,1.042544,1.026002,1.044280,1.042833,1.032995,1.023571,0.981937,0.967376,0.964427,0.980293,0.973153,1.000570,1.026980,0.989118,0.977682,1.029694
3.765160,1.040814,1.031201,1.033971,1.026728,1.031425,1.031981,1.031308,1.031388,1.042642,1.032078,1.031717,1.028218,1.031989,1.032826,1.037778,1.040497,1.041168,1.038652,1.042922,0.979432,1.036658,1.032385,1.031061,1.042345,1.025831,1.044080,1.042637,1.032772,1.023341,0.981738,0.967228,0.964283,0.980066,0.972884,1.000365,1.026742,0.988956,0.977446,1.029697
3.773490,1.040769,1.031041,1.033805,1.026575,1.031283,1.031840,1.031176,1.031261,1.042592,1.031927,1.031569,1.028067,1.031835,1.032665,1.037593,1.040300,1.040978,1.038471,1.042680,0.979187,1.036454,1.032175,1.030847,1.042146,1.025660,1.043880,1.042442,1.032547,1.023110,0.981542,0.967082,0.964138,0.979840,0.972616,1.000161,1.026504,0.988795,0.977208,1.029700
3.781820,1.040725,1.030882,1.033641,1.026423,1.031143,1.031699,1.031044,1.031134,1.042543,1.031776,1.031422,1.027916,1.031682,1.032506,1.037408,1.040104,1.040789,1.038292,1.042439,0.978942,1.036252,1.031965,1.030633,1.041948,1.025491,1.043680,1.042247,1.032323,1.022879,0.981349,0.966937,0.963995,0.979616,0.972350,0.999957,1.026267,0.988635,0.976969,1.029703
3.790150,1.040682,1.030726,1.033479,1.026273,1.031004,1.031559,1.030914,1.031008,1.042494,1.031627,1.031276,1.027767,1.031531,1.032348,1.037225,1.039910,1.040601,1.038114,1.042201,0.978700,1.036051,1.031757,1.030420,1.041750,1.025323,1.043481,1.042054,1.032098,1.022647,0.981161,0.966793,0.963854,0.979394,0.972087,0.999754,1.026031,0.988475,0.976730,1.029706
3.798480,1.040641,1.030574,1.033320,1.026124,1.030867,1.031421,1.030786,1.030884,1.042445,1.031480,1.031132,1.027620,1.031381,1.032192,1.037044,1.039717,1.040415,1.037938,1.041965,0.978461,1.035851,1.031551,1.030210,1.041555,1.025158,1.043284,1.041862,1.031874,1.022416,0.980978,0.966651,0.963714,0.979175,0.971827,0.999552,1.025797,0.988318,0.976491,1.029710
3.806810,1.040602,1.030424,1.033163,1.025978,1.030732,1.031286,1.030659,1.030762,1.042398,1.031335,1.030990,1.027474,1.031234,1.032039,1.036865,1.039526,1.040232,1.037765,1.041732,0.978224,1.035654,1.031347,1.030002,1.041362,1.024995,1.043090,1.041673,1.031652,1.022187,0.980801,0.966511,0.963576,0.978959,0.971570,0.999353,1.025566,0.988162,0.976252,1.029714
3.815140,1.040565,1.030279,1.033009,1.025834,1.030599,1.031153,1.030534,1.030643,1.042353,1.031192,1.030850,1.027332,1.031089,1.031887,1.036689,1.039338,1.040052,1.037595,1.041503,0.977991,1.035460,1.031145,1.029796,1.041172,1.024836,1.042898,1.041486,1.031432,1.021959,0.980630,0.966374,0.963440,0.978746,0.971317,0.999157,1.025339,0.988009,0.976015,1.029719
3.823470,1.040530,1.030138,1.032859,1.025693,1.030469,1.031022,1.030413,1.030525,1.042308,1.031053,1.030713,1.027192,1.030947,1.031739,1.036516,1.039154,1.039875,1.037428,1.041278,0.977762,1.035269,1.030948,1.029595,1.040985,1.024680,1.042709,1.041303,1.031214,1.021734,0.980466,0.966240,0.963308,0.978538,0.971068,0.998964,1.025115,0.987859,0.975780,1.029725
3.831800,1.040497,1.030001,1.032713,1.025555,1.030342,1.030894,1.030294,1.030411,1.042265,1.030916,1.030580,1.027055,1.030808,1.031594,1.036346,1.038973,1.039701,1.037265,1.041057,0.977537,1.035082,1.030754,1.029397,1.040801,1.024528,1.042523,1.041123,1.031000,1.021512,0.980309,0.966109,0.963178,0.978333,0.970824,0.998774,1.024895,0.987712,0.975548,1.029732
3.840130,1.040466,1.029870,1.032572,1.025421,1.030219,1.030770,1.030178,1.030299,1.042224,1.030783,1.030450,1.026922,1.030672,1.031453,1.036180,1.038796,1.039532,1.037106,1.040840,0.977317,1.034899,1.030564,1.029203,1.040622,1.024381,1.042342,1.040947,1.030789,1.021293,0.980159,0.965981,0.963052,0.978133,0.970585,0.998588,1.024681,0.987569,0.975319,1.029739
3.848460,1.040438,1.029743,1.032435,1.025290,1.030098,1.030650,1.030065,1.030191,1.042185,1.030654,1.030323,1.026793,1.030541,1.031315,1.036019,1.038623,1.039367,1.036951,1.040629,0.977102,1.034720,1.030378,1.029014,1.040446,1.024238,1.042165,1.040776,1.030582,1.021078,0.980017,0.965857,0.962930,0.977937,0.970352,0.998406,1.024472,0.987430,0.975094,1.029747
3.856790,1.040411,1.029622,1.032302,1.025164,1.029982,1.030533,1.029956,1.030086,1.042147,1.030529,1.030201,1.026667,1.030413,1.031182,1.035861,1.038455,1.039206,1.036802,1.040423,0.976892,1.034546,1.030197,1.028830,1.040275,1.024100,1.041992,1.040609,1.030380,1.020868,0.979882,0.965736,0.962811,0.977747,0.970125,0.998229,1.024268,0.987295,0.974874,1.029756
3.865120,1.040388,1.029506,1.032175,1.025041,1.029870,1.030420,1.029851,1.029984,1.042112,1.030407,1.030082,1.026546,1.030290,1.031053,1.035709,1.038292,1.039051,1.036657,1.040222,0.976688,1.034377,1.030022,1.028651,1.040110,1.023967,1.041825,1.040448,1.030183,1.020663,0.979756,0.965620,0.962697,0.977562,0.969903,0.998057,1.024071,0.987164,0.974658,1.029766
3.873450,1.040366,1.029396,1.032052,1.024923,1.029761,1.030311,1.029750,1.029887,1.042078,1.030291,1.029968,1.026429,1.030171,1.030928,1.035561,1.038134,1.038901,1.036517,1.040028,0.976489,1.034214,1.029852,1.028478,1.039949,1.023839,1.041663,1.040291,1.029991,1.020463,0.979638,0.965508,0.962586,0.977382,0.969689,0.997890,1.023880,0.987038,0.974447,1.029776
3.881780,1.040348,1.029292,1.031935,1.024810,1.029657,1.030206,1.029652,1.029793,1.042047,1.030179,1.029859,1.026317,1.030057,1.030808,1.035419,1.037982,1.038756,1.036383,1.039839,0.976297,1.034056,1.029688,1.028311,1.039794,1.023717,1.041507,1.040140,1.029805,1.020269,0.979528,0.965400,0.962480,0.977208,0.969480,0.997728,1.023696,0.986917,0.974243,1.029788
3.890110,1.040331,1.029193,1.031824,1.024702,1.029557,1.030106,1.029559,1.029704,1.042018,1.030071,1.029754,1.026209,1.029947,1.030693,1.035282,1.037835,1.038617,1.036255,1.039657,0.976111,1.033903,1.029529,1.028150,1.039644,1.023601,1.041356,1.039996,1.029625,1.020082,0.979426,0.965297,0.962379,0.977039,0.969279,0.997572,1.023519,0.986801,0.974044,1.029801
3.898440,1.040317,1.029101,1.031718,1.024598,1.029462,1.030011,1.029471,1.029619,1.041991,1.029969,1.029653,1.026106,1.029843,1.030583,1.035151,1.037694,1.038484,1.036132,1.039481,0.975931,1.033757,1.029378,1.027996,1.039500,1.023491,1.041212,1.039857,1.029451,1.019901,0.979334,0.965198,0.962282,0.976877,0.969085,0.997422,1.023350,0.986690,0.973852,1.029814
3.906770,1.040306,1.029015,1.031618,1.024500,1.029372,1.029920,1.029386,1.029538,1.041967,1.029871,1.029558,1.026009,1.029743,1.030479,1.035025,1.037559,1.038357,1.036015,1.039312,0.975759,1.033617,1.029232,1.027848,1.039363,1.023386,1.041075,1.039724,1.029285,1.019727,0.979249,0.965104,0.962190,0.976721,0.968898,0.997278,1.023188,0.986584,0.973667,1.029829
3.915100,1.040297,1.028935,1.031524,1.024407,1.029287,1.029834,1.029307,1.029461,1.041944,1.029779,1.029468,1.025916,1.029649,1.030379,1.034906,1.037431,1.038236,1.035905,1.039150,0.975592,1.033484,1.029093,1.027707,1.039231,1.023288,1.040943,1.039598,1.029125,1.019560,0.979173,0.965015,0.962103,0.976570,0.968719,0.997141,1.023035,0.986484,0.973490,1.029844
3.923430,1.040291,1.028862,1.031436,1.024319,1.029206,1.029753,1.029232,1.029390,1.041925,1.029692,1.029383,1.025828,1.029560,1.030286,1.034792,1.037309,1.038122,1.035800,1.038994,0.975433,1.033357,1.028961,1.027573,1.039107,1.023196,1.040819,1.039478,1.028973,1.019401,0.979106,0.964931,0.962021,0.976427,0.968547,0.997010,1.022889,0.986390,0.973320,1.029861
3.931760,1.040287,1.028795,1.031354,1.024236,1.029131,1.029677,1.029161,1.029322,1.041908,1.029610,1.029303,1.025746,1.029476,1.030197,1.034685,1.037193,1.038014,1.035702,1.038846,0.975281,1.033237,1.028836,1.027447,1.038988,1.023110,1.040702,1.039365,1.028828,1.019249,0.979047,0.964852,0.961944,0.976289,0.968383,0.996886,1.022752,0.986302,0.973158,1.029878
3.940090,1.040286,1.028734,1.031278,1.024159,1.029060,1.029606,1.029096,1.029260,1.041893,1.029533,1.029228,1.025670,1.029398,1.030115,1.034584,1.037084,1.037913,1.035611,1.038705,0.975137,1.033124,1.028718,1.027327,1.038877,1.023031,1.040592,1.039260,1.028692,1.019106,0.978997,0.964778,0.961872,0.976158,0.968227,0.996769,1.022623,0.986220,0.973005,1.029897
3.948420,1.040287,1.028680,1.031208,1.024087,1.028995,1.029541,1.029035,1.029202,1.041881,1.029462,1.029159,1.025598,1.029325,1.030038,1.034490,1.036982,1.037818,1.035525,1.038572,0.974999,1.033018,1.028608,1.027216,1.038772,1.022958,1.040489,1.039161,1.028563,1.018971,0.978955,0.964709,0.961805,0.976034,0.968079,0.996658,1.022503,0.986143,0.972860,1.029916
3.956750,1.040291,1.028632,1.031144,1.024021,1.028935,1.029480,1.028980,1.029149,1.041871,1.029397,1.029095,1.025533,1.029258,1.029967,1.034402,1.036887,1.037730,1.035447,1.038446,0.974870,1.032919,1.028504,1.027112,1.038674,1.022892,1.040394,1.039069,1.028443,1.018845,0.978921,0.964645,0.961744,0.975916,0.967939,0.996555,1.022392,0.986073,0.972724,1.029937
3.965080,1.040297,1.028590,1.031087,1.023961,1.028880,1.029425,1.028929,1.029100,1.041864,1.029337,1.029036,1.025472,1.029196,1.029901,1.034320,1.036799,1.037649,1.035375,1.038327,0.974747,1.032827,1.028409,1.027015,1.038583,1.022833,1.040306,1.038985,1.028331,1.018728,0.978896,0.964586,0.961687,0.975806,0.967807,0.996458,1.022290,0.986009,0.972597,1.029958
3.973410,1.040306,1.028555,1.031036,1.023906,1.028830,1.029375,1.028883,1.029057,1.041859,1.029282,1.028983,1.025418,1.029141,1.029842,1.034246,1.036718,1.037576,1.035310,1.038216,0.974632,1.032742,1.028320,1.026926,1.038500,1.022780,1.040225,1.038907,1.028228,1.018619,0.978879,0.964533,0.961636,0.975702,0.967683,0.996369,1.022196,0.985952,0.972480,1.029980
3.981740,1.040316,1.028527,1.030991,1.023857,1.028786,1.029330,1.028843,1.029018,1.041857,1.029233,1.028936,1.025369,1.029091,1.029788,1.034178,1.036644,1.037509,1.035251,1.038113,0.974525,1.032665,1.028240,1.026846,1.038423,1.022734,1.040153,1.038838,1.028134,1.018519,0.978870,0.964485,0.961591,0.975604,0.967567,0.996287,1.022112,0.985900,0.972371,1.030003
3.990070,1.040330,1.028505,1.030953,1.023813,1.028746,1.029291,1.028807,1.028984,1.041857,1.029190,1.028894,1.025325,1.029046,1.029741,1.034116,1.036577,1.037449,1.035200,1.038017,0.974426,1.032595,1.028166,1.026773,1.038354,1.022695,1.040088,1.038775,1.028048,1.018429,0.978870,0.964442,0.961550,0.975514,0.967460,0.996213,1.022037,0.985855,0.972273,1.030027
3.998400,1.040345,1.028489,1.030921,1.023776,1.028713,1.029257,1.028776,1.028956,1.041860,1.029153,1.028858,1.025288,1.029007,1.029699,1.034062,1.036517,1.037396,1.035155,1.037929,0.974334,1.032533,1.028101,1.026708,1.038292,1.022662,1.040031,1.038720,1.027972,1.018348,0.978877,0.964404,0.961515,0.975431,0.967361,0.996146,1.021971,0.985817,0.972183,1.030052
4.006730,1.040363,1.028479,1.030895,1.023744,1.028684,1.029228,1.028751,1.028932,1.041866,1.029121,1.028827,1.025255,1.028974,1.029663,1.034014,1.036464,1.037351,1.035117,1.037849,0.974250,1.032478,1.028043,1.026651,1.038237,1.022637,1.039982,1.038673,1.027904,1.018276,0.978893,0.964372,0.961486,0.975354,0.967270,0.996086,1.021913,0.985785,0.972104,1.030078
4.015060,1.040384,1.028476,1.030875,1.023717,1.028661,1.029204,1.028730,1.028913,1.041874,1.029094,1.028801,1.025229,1.028947,1.029634,1.033973,1.036419,1.037312,1.035085,1.037777,0.974174,1.032430,1.027994,1.026601,1.038190,1.022618,1.039941,1.038633,1.027846,1.018213,0.978916,0.964344,0.961461,0.975285,0.967188,0.996034,1.021866,0.985759,0.972034,1.030104
4.023390,1.040406,1.028480,1.030862,1.023697,1.028643,1.029186,1.028715,1.028898,1.041885,1.029074,1.028781,1.025208,1.028926,1.029610,1.033939,1.036381,1.037281,1.035061,1.037712,0.974105,1.032390,1.027951,1.026560,1.038150,1.022606,1.039907,1.038601,1.027796,1.018160,0.978947,0.964322,0.961442,0.975222,0.967114,0.995989,1.021827,0.985740,0.971975,1.030132
4.031720,1.040431,1.028489,1.030855,1.023682,1.028630,1.029173,1.028704,1.028889,1.041898,1.029059,1.028767,1.025193,1.028910,1.029592,1.033912,1.036350,1.037257,1.035043,1.037656,0.974045,1.032358,1.027917,1.026527,1.038117,1.022601,1.039882,1.038576,1.027756,1.018117,0.978986,0.964305,0.961428,0.975167,0.967048,0.995951,1.021797,0.985727,0.971925,1.030160
4.040050,1.040458,1.028505,1.030854,1.023673,1.028623,1.029166,1.028698,1.028884,1.041913,1.029049,1.028758,1.025183,1.028899,1.029580,1.033891,1.036326,1.037239,1.035032,1.037607,0.973992,1.032332,1.027890,1.026502,1.038091,1.022602,1.039864,1.038558,1.027725,1.018082,0.979033,0.964293,0.961419,0.975118,0.966990,0.995921,1.021776,0.985721,0.971884,1.030189
4.048380,1.040487,1.028527,1.030859,1.023669,1.028621,1.029163,1.028698,1.028885,1.041931,1.029045,1.028754,1.025179,1.028895,1.029574,1.033877,1.036310,1.037229,1.035028,1.037566,0.973947,1.032315,1.027871,1.026484,1.038073,1.022610,1.039855,1.038548,1.027702,1.018057,0.979087,0.964286,0.961416,0.975077,0.966941,0.995898,1.021764,0.985722,0.971854,1.030219
4.056710,1.040518,1.028555,1.030870,1.023671,1.028624,1.029166,1.028702,1.028890,1.041952,1.029046,1.028756,1.025180,1.028896,1.029573,1.033870,1.036300,1.037226,1.035030,1.037532,0.973909,1.032304,1.027859,1.026475,1.038062,1.022625,1.039853,1.038546,1.027689,1.018042,0.979149,0.964284,0.961417,0.975042,0.966900,0.995883,1.021762,0.985729,0.971833,1.030250
4.065040,1.040552,1.028589,1.030888,1.023679,1.028632,1.029174,1.028711,1.028899,1.041974,1.029053,1.028763,1.025187,1.028902,1.029579,1.033870,1.036298,1.037230,1.035039,1.037506,0.973879,1.032301,1.027855,1.026473,1.038058,1.022647,1.039858,1.038551,1.027685,1.018036,0.979218,0.964287,0.961424,0.975015,0.966867,0.995874,1.021768,0.985742,0.971822,1.030281
4.073370,1.040587,1.028629,1.030911,1.023692,1.028645,1.029186,1.028725,1.028914,1.041999,1.029065,1.028776,1.025199,1.028914,1.029590,1.033876,1.036302,1.037241,1.035055,1.037489,0.973857,1.032305,1.027859,1.026479,1.038061,1.022675,1.039872,1.038563,1.027689,1.018039,0.979295,0.964295,0.961435,0.974994,0.966843,0.995873,1.021782,0.985762,0.971821,1.030313
4.081700,1.040625,1.028675,1.030941,1.023711,1.028663,1.029204,1.028743,1.028933,1.042027,1.029083,1.028793,1.025216,1.028931,1.029607,1.033889,1.036314,1.037258,1.035077,1.037478,0.973843,1.032316,1.027869,1.026492,1.038071,1.022710,1.039893,1.038583,1.027703,1.018051,0.979379,0.964307,0.961452,0.974980,0.966826,0.995880,1.021806,0.985788,0.971829,1.030346
4.090030,1.040664,1.028727,1.030976,1.023735,1.028686,1.029227,1.028767,1.028956,1.042057,1.029106,1.028816,1.025239,1.028954,1.029629,1.033908,1.036332,1.037283,1.035106,1.037475,0.973836,1.032335,1.027888,1.026513,1.038088,1.022751,1.039922,1.038609,1.027725,1.018072,0.979470,0.964324,0.961474,0.974974,0.966818,0.995893,1.021837,0.985821,0.971847,1.030379
4.098360,1.040706,1.028786,1.031018,1.023764,1.028714,1.029255,1.028795,1.028984,1.042089,1.029134,1.028844,1.025267,1.028982,1.029658,1.033934,1.036358,1.037314,1.035141,1.037480,0.973836,1.032360,1.027913,1.026542,1.038113,1.022799,1.039958,1.038643,1.027755,1.018102,0.979569,0.964346,0.961500,0.974974,0.966817,0.995913,1.021878,0.985860,0.971873,1.030413
4.106690,1.040749,1.028849,1.031065,1.023799,1.028747,1.029287,1.028827,1.029017,1.042123,1.029167,1.028877,1.025300,1.029015,1.029691,1.033966,1.036390,1.037351,1.035182,1.037493,0.973844,1.032393,1.027946,1.026578,1.038144,1.022854,1.040001,1.038684,1.027795,1.018140,0.979675,0.964373,0.961531,0.974981,0.966824,0.995940,1.021926,0.985905,0.971909,1.030448
4.115020,1.040795,1.028919,1.031118,1.023838,1.028785,1.029325,1.028864,1.029054,1.042159,1.029205,1.028915,1.025339,1.029054,1.029730,1.034004,1.036429,1.037396,1.035230,1.037512,0.973860,1.032432,1.027986,1.026621,1.038181,1.022914,1.040052,1.038732,1.027842,1.018187,0.979788,0.964404,0.961567,0.974994,0.966839,0.995974,1.021982,0.985957,0.971953,1.030483
4.123350,1.040843,1.028995,1.031176,1.023883,1.028827,1.029367,1.028906,1.029095,1.042198,1.029248,1.028958,1.025382,1.029097,1.029774,1.034049,1.036474,1.037447,1.035283,1.037539,0.973882,1.032478,1.028032,1.026671,1.038226,1.022981,1.040110,1.038787,1.027898,1.018243,0.979908,0.964439,0.961607,0.975015,0.966862,0.996014,1.022047,0.986014,0.972007,1.030519
4.131680,1.040892,1.029076,1.031240,1.023933,1.028874,1.029413,1.028952,1.029140,1.042238,1.029296,1.029005,1.025430,1.029146,1.029824,1.034099,1.036526,1.037504,1.035343,1.037573,0.973912,1.032530,1.028086,1.026728,1.038277,1.023054,1.040175,1.038848,1.027961,1.018307,0.980035,0.964479,0.961652,0.975041,0.966892,0.996061,1.022119,0.986078,0.972068,1.030556
4.140010,1.040943,1.029162,1.031310,1.023988,1.028925,1.029464,1.029002,1.029190,1.042281,1.029349,1.029057,1.025483,1.029199,1.029878,1.034156,1.036584,1.037567,1.035409,1.037615,0.973949,1.032589,1.028146,1.026792,1.038334,1.023134,1.040247,1.038916,1.028032,1.018378,0.980168,0.964522,0.961702,0.975075,0.966930,0.996115,1.022198,0.986148,0.972138,1.030593
4.148340,1.040996,1.029253,1.031384,1.024048,1.028981,1.029520,1.029056,1.029243,1.042325,1.029406,1.029114,1.025540,1.029257,1.029938,1.034218,1.036648,1.037636,1.035480,1.037663,0.973992,1.032655,1.028212,1.026862,1.038397,1.023218,1.040325,1.038989,1.028111,1.018457,0.980307,0.964570,0.961755,0.975114,0.966974,0.996174,1.022285,0.986223,0.972215,1.030630
4.156670,1.041050,1.029349,1.031463,1.024112,1.029040,1.029579,1.029113,1.029300,1.042372,1.029468,1.029175,1.025601,1.029319,1.030002,1.034285,1.036718,1.037710,1.035556,1.037717,0.974042,1.032726,1.028284,1.026939,1.038466,1.023308,1.040409,1.039069,1.028196,1.018543,0.980451,0.964621,0.961813,0.975160,0.967026,0.996239,1.022378,0.986303,0.972300,1.030668
4.165000,1.041106,1.029448,1.031546,1.024179,1.029104,1.029641,1.029174,1.029360,1.042419,1.029533,1.029239,1.025667,1.029385,1.030070,1.034357,1.036793,1.037790,1.035637,1.037778,0.974099,1.032802,1.028362,1.027021,1.038541,1.023402,1.040499,1.039154,1.028288,1.018636,0.980600,0.964676,0.961874,0.975212,0.967084,0.996310,1.022478,0.986388,0.972391,1.030706
4.173330,1.041162,1.029551,1.031633,1.024251,1.029170,1.029707,1.029238,1.029423,1.042468,1.029602,1.029307,1.025736,1.029454,1.030142,1.034434,1.036872,1.037874,1.035722,1.037844,0.974161,1.032883,1.028445,1.027108,1.038620,1.023501,1.040594,1.039244,1.028385,1.018735,0.980753,0.964733,0.961938,0.975269,0.967149,0.996386,1.022584,0.986478,0.972489,1.030744
4.181660,1.041219,1.029657,1.031724,1.024325,1.029239,1.029776,1.029305,1.029489,1.042518,1.029673,1.029378,1.025808,1.029527,1.030217,1.034515,1.036957,1.037963,1.035811,1.037917,0.974229,1.032969,1.028533,1.027201,1.038704,1.023603,1.040693,1.039338,1.028488,1.018839,0.980907,0.964793,0.962005,0.975331,0.967219,0.996466,1.022695,0.986571,0.972592,1.030781
4.189990,1.041276,1.029765,1.031817,1.024403,1.029311,1.029847,1.029374,1.029557,1.042568,1.029748,1.029451,1.025882,1.029603,1.030295,1.034599,1.037045,1.038054,1.035904,1.037994,0.974302,1.033059,1.028625,1.027297,1.038792,1.023709,1.040796,1.039436,1.028595,1.018948,0.981064,0.964856,0.962075,0.975398,0.967295,0.996551,1.022811,0.986667,0.972701,1.030819
4.198320,1.041333,1.029875,1.031912,1.024482,1.029384,1.029921,1.029445,1.029627,1.042620,1.029825,1.029527,1.025959,1.029680,1.030375,1.034687,1.037136,1.038150,1.035999,1.038076,0.974379,1.033153,1.028721,1.027398,1.038884,1.023816,1.040903,1.039537,1.028707,1.019062,0.981221,0.964920,0.962146,0.975469,0.967376,0.996640,1.022931,0.986766,0.972814,1.030856
4.206650,1.041390,1.029985,1.032009,1.024564,1.029460,1.029996,1.029518,1.029698,1.042671,1.029903,1.029604,1.026038,1.029760,1.030458,1.034777,1.037231,1.038247,1.036096,1.038162,0.974461,1.033250,1.028821,1.027502,1.038978,1.023926,1.041012,1.039641,1.028822,1.019179,0.981378,0.964986,0.962220,0.975545,0.967462,0.996731,1.023056,0.986868,0.972931,1.030893
4.214980,1.041446,1.030096,1.032107,1.024647,1.029536,1.030072,1.029592,1.029770,1.042723,1.029983,1.029683,1.026118,1.029841,1.030542,1.034870,1.037328,1.038347,1.036195,1.038252,0.974547,1.033349,1.028923,1.027609,1.039076,1.024036,1.041123,1.039747,1.028941,1.019299,0.981534,0.965052,0.962295,0.975624,0.967552,0.996826,1.023183,0.986970,0.973052,1.030929
4.223310,1.041501,1.030206,1.032205,1.024731,1.029614,1.030149,1.029666,1.029844,1.042774,1.030064,1.029763,1.026199,1.029924,1.030628,1.034964,1.037427,1.038449,1.036296,1.038345,0.974637,1.033451,1.029027,1.027719,1.039175,1.024148,1.041237,1.039855,1.029061,1.019422,0.981688,0.965120,0.962371,0.975706,0.967646,0.996923,1.023314,0.987075,0.973175,1.030965
4.231640,1.041555,1.030316,1.032304,1.024816,1.029692,1.030227,1.029741,1.029917,1.042825,1.030146,1.029843,1.026281,1.030007,1.030714,1.035060,1.037527,1.038551,1.036397,1.038441,0.974729,1.033555,1.029134,1.027830,1.039276,1.024260,1.041351,1.039963,1.029184,1.019547,0.981840,0.965188,0.962447,0.975792,0.967743,0.997022,1.023447,0.987180,0.973300,1.030999
4.239970,1.041608,1.030425,1.032403,1.024901,1.029770,1.030305,1.029816,1.029991,1.042875,1.030228,1.029924,1.026364,1.030090,1.030801,1.035156,1.037629,1.038655,1.036499,1.038539,0.974825,1.033659,1.029242,1.027943,1.039379,1.024371,1.041466,1.040073,1.029308,1.019673,0.981989,0.965256,0.962524,0.975880,0.967844,0.997122,1.023581,0.987285,0.973428,1.031033
4.248300,1.041660,1.030533,1.032502,1.024986,1.029848,1.030382,1.029891,1.030064,1.042925,1.030310,1.030005,1.026446,1.030174,1.030888,1.035254,1.037731,1.038759,1.036601,1.038640,0.974922,1.033765,1.029351,1.028057,1.039482,1.024482,1.041582,1.040183,1.029432,1.019800,0.982135,0.965323,0.962601,0.975970,0.967947,0.997224,1.023717,0.987390,0.973556,1.031066
4.256630,1.041710,1.030638,1.032599,1.025070,1.029926,1.030460,1.029966,1.030137,1.042974,1.030392,1.030085,1.026528,1.030257,1.030975,1.035351,1.037834,1.038863,1.036702,1.038742,0.975022,1.033871,1.029460,1.028172,1.039586,1.024593,1.041697,1.040293,1.029557,1.019928,0.982277,0.965391,0.962678,0.976061,0.968052,0.997326,1.023854,0.987495,0.973685,1.031097
4.264960,1.041758,1.030742,1.032696,1.025154,1.030003,1.030536,1.030040,1.030210,1.043022,1.030474,1.030165,1.026609,1.030340,1.031061,1.035448,1.037937,1.038966,1.036803,1.038846,0.975123,1.033977,1.029570,1.028287,1.039690,1.024702,1.041812,1.040403,1.029683,1.020056,0.982415,0.965457,0.962755,0.976155,0.968159,0.997429,1.023992,0.987599,0.973815,1.031127
4.273290,1.041805,1.030843,1.032791,1.025237,1.030079,1.030612,1.030113,1.030281,1.043069,1.030554,1.030244,1.026690,1.030422,1.031147,1.035545,1.038040,1.039069,1.036903,1.038950,0.975225,1.034083,1.029680,1.028401,1.039793,1.024809,1.041926,1.040512,1.029807,1.020183,0.982548,0.965522,0.962830,0.976249,0.968267,0.997532,1.024129,0.987703,0.973944,1.031156
4.281620,1.041849,1.030942,1.032884,1.025319,1.030154,1.030687,1.030184,1.030351,1.043114,1.030633,1.030321,1.026769,1.030502,1.031231,1.035641,1.038141,1.039171,1.037001,1.039055,0.975329,1.034189,1.029789,1.028516,1.039896,1.024915,1.042039,1.040619,1.029931,1.020310,0.982676,0.965586,0.962905,0.976344,0.968377,0.997634,1.024266,0.987805,0.974072,1.031184
4.289950,1.041892,1.031037,1.032975,1.025400,1.030228,1.030760,1.030254,1.030420,1.043158,1.030711,1.030398,1.026847,1.030582,1.031314,1.035736,1.038242,1.039271,1.037098,1.039160,0.975432,1.034293,1.029898,1.028629,1.039999,1.025018,1.042151,1.040725,1.030053,1.020435,0.982800,0.965649,0.962978,0.976439,0.968487,0.997736,1.024402,0.987905,0.974200,1.031210
4.298280,1.041933,1.031130,1.033064,1.025479,1.030300,1.030831,1.030323,1.030487,1.043200,1.030787,1.030472,1.026924,1.030659,1.031396,1.035830,1.038341,1.039370,1.037193,1.039265,0.975536,1.034396,1.030005,1.028741,1.040100,1.025119,1.042260,1.040830,1.030174,1.020559,0.982918,0.965710,0.963050,0.976534,0.968598,0.997837,1.024537,0.988003,0.974325,1.031235
4.306610,1.041971,1.031219,1.033150,1.025555,1.030370,1.030901,1.030390,1.030553,1.043241,1.030862,1.030545,1.026999,1.030735,1.031475,1.035922,1.038439,1.039467,1.037286,1.039369,0.975639,1.034498,1.030111,1.028852,1.040199,1.025218,1.042367,1.040932,1.030292,1.020680,0.983030,0.965769,0.963120,0.976629,0.968708,0.997936,1.024670,0.988100,0.974449,1.031259
4.314940,1.042008,1.031305,1.033234,1.025630,1.030438,1.030968,1.030455,1.030616,1.043280,1.030935,1.030616,1.027071,1.030809,1.031553,1.036012,1.038535,1.039561,1.037377,1.039473,0.975741,1.034598,1.030215,1.028961,1.040297,1.025314,1.042472,1.041032,1.030409,1.020799,0.983137,0.965826,0.963189,0.976724,0.968818,0.998034,1.024801,0.988194,0.974571,1.031281
4.323270,1.042042,1.031387,1.033316,1.025703,1.030504,1.031034,1.030518,1.030677,1.043318,1.031005,1.030685,1.027142,1.030881,1.031628,1.036099,1.038629,1.039654,1.037465,1.039575,0.975843,1.034695,1.030317,1.029068,1.040392,1.025406,1.042574,1.041130,1.030522,1.020916,0.983238,0.965880,0.963255,0.976817,0.968927,0.998129,1.024931,0.988285,0.974690,1.031301
4.331600,1.042074,1.031466,1.033394,1.025773,1.030567,1.031097,1.030578,1.030737,1.043353,1.031073,1.030751,1.027210,1.030951,1.031701,1.036185,1.038720,1.039743,1.037550,1.039675,0.975944,1.034791,1.030416,1.029172,1.040485,1.025496,1.042674,1.041224,1.030633,1.021029,0.983334,0.965933,0.963320,0.976910,0.969035,0.998223,1.025057,0.988374,0.974806,1.031321
4.339930,1.042104,1.031541,1.033469,1.025841,1.030628,1.031158,1.030636,1.030793,1.043387,1.031138,1.030815,1.027276,1.031018,1.031772,1.036268,1.038809,1.039830,1.037633,1.039774,0.976042,1.034883,1.030513,1.029274,1.040576,1.025582,1.042770,1.041316,1.030740,1.021139,0.983423,0.965983,0.963382,0.977000,0.969141,0.998314,1.025180,0.988460,0.974918,1.031338
4.348260,1.042131,1.031612,1.033541,1.025906,1.030687,1.031216,1.030692,1.030848,1.043419,1.031201,1.030877,1.027338,1.031082,1.031840,1.036348,1.038895,1.039914,1.037712,1.039871,0.976139,1.034973,1.030607,1.029373,1.040664,1.025665,1.042862,1.041405,1.030844,1.021246,0.983507,0.966030,0.963441,0.977089,0.969246,0.998403,1.025301,0.988543,0.975027,1.031355
4.356590,1.042157,1.031678,1.033609,1.025968,1.030742,1.031271,1.030745,1.030899,1.043449,1.031261,1.030935,1.027399,1.031143,1.031905,1.036425,1.038978,1.039995,1.037788,1.039965,0.976234,1.035060,1.030698,1.029468,1.040749,1.025744,1.042951,1.041490,1.030944,1.021349,0.983585,0.966074,0.963498,0.977176,0.969348,0.998488,1.025417,0.988623,0.975133,1.031369
4.364920,1.042180,1.031741,1.033675,1.026027,1.030795,1.031323,1.030795,1.030948,1.043477,1.031319,1.030991,1.027456,1.031202,1.031967,1.036499,1.039058,1.040072,1.037861,1.040056,0.976326,1.035143,1.030785,1.029560,1.040830,1.025819,1.043037,1.041571,1.031040,1.021447,0.983656,0.966116,0.963553,0.977260,0.969448,0.998571,1.025530,0.988699,0.975234,1.031383
4.373250,1.042201,1.031800,1.033736,1.026083,1.030845,1.031373,1.030842,1.030994,1.043502,1.031373,1.031043,1.027510,1.031257,1.032025,1.036570,1.039134,1.040145,1.037930,1.040144,0.976416,1.035223,1.030869,1.029649,1.040909,1.025891,1.043118,1.041649,1.031132,1.021541,0.983722,0.966154,0.963604,0.977342,0.969545,0.998650,1.025639,0.988772,0.975330,1.031395
4.381580,1.042220,1.031854,1.033794,1.026136,1.030892,1.031419,1.030887,1.031038,1.043526,1.031424,1.031093,1.027561,1.031310,1.032081,1.036637,1.039207,1.040215,1.037995,1.040229,0.976502,1.035300,1.030950,1.029734,1.040983,1.025958,1.043195,1.041723,1.031220,1.021631,0.983782,0.966189,0.963653,0.977420,0.969639,0.998725,1.025744,0.988842,0.975422,1.031405
4.389910,1.042237,1.031905,1.033848,1.026185,1.030936,1.031462,1.030928,1.031078,1.043548,1.031472,1.031139,1.027609,1.031359,1.032133,1.036701,1.039276,1.040281,1.038056,1.040310,0.976585,1.035372,1.031026,1.029814,1.041054,1.026021,1.043268,1.041792,1.031302,1.021716,0.983835,0.966222,0.963698,0.977496,0.969730,0.998797,1.025844,0.988907,0.975509,1.031414
4.398240,1.042252,1.031951,1.033898,1.026232,1.030976,1.031502,1.030966,1.031115,1.043568,1.031516,1.031182,1.027653,1.031404,1.032182,1.036760,1.039340,1.040343,1.038114,1.040388,0.976665,1.035440,1.031098,1.029890,1.041121,1.026080,1.043337,1.041858,1.031380,1.021796,0.983883,0.966251,0.963741,0.977567,0.969817,0.998864,1.025940,0.988969,0.975591,1.031422
4.406570,1.042264,1.031992,1.033944,1.026274,1.031013,1.031539,1.031001,1.031149,1.043585,1.031557,1.031222,1.027694,1.031446,1.032227,1.036816,1.039401,1.040401,1.038167,1.040461,0.976741,1.035505,1.031166,1.029962,1.041184,1.026135,1.043400,1.041919,1.031453,1.021870,0.983925,0.966276,0.963780,0.977636,0.969900,0.998928,1.026030,0.989027,0.975668,1.031428
4.414900,1.042275,1.032029,1.033986,1.026313,1.031047,1.031572,1.031033,1.031180,1.043600,1.031594,1.031258,1.027732,1.031485,1.032268,1.036868,1.039458,1.040455,1.038216,1.040530,0.976812,1.035564,1.031229,1.030030,1.041243,1.026186,1.043460,1.041975,1.031520,1.021939,0.983960,0.966299,0.963816,0.977700,0.969979,0.998987,1.026115,0.989081,0.975739,1.031433
4.423230,1.042283,1.032062,1.034024,1.026348,1.031077,1.031602,1.031061,1.031208,1.043614,1.031628,1.031290,1.027765,1.031520,1.032306,1.036916,1.039510,1.040504,1.038261,1.040594,0.976880,1.035620,1.031288,1.030092,1.041297,1.026232,1.043514,1.042027,1.031583,1.022003,0.983990,0.966317,0.963848,0.977759,0.970054,0.999042,1.026195,0.989130,0.975804,1.031437
4.431560,1.042289,1.032091,1.034058,1.026380,1.031104,1.031628,1.031086,1.031232,1.043625,1.031658,1.031319,1.027795,1.031551,1.032340,1.036959,1.039557,1.040548,1.038302,1.040654,0.976942,1.035670,1.031342,1.030150,1.041347,1.026273,1.043563,1.042074,1.031639,1.022061,0.984014,0.966333,0.963877,0.977815,0.970124,0.999092,1.026270,0.989176,0.975864,1.031439
4.439890,1.042294,1.032114,1.034087,1.026408,1.031127,1.031651,1.031108,1.031253,1.043634,1.031684,1.031344,1.027822,1.031578,1.032369,1.036998,1.039600,1.040588,1.038338,1.040709,0.977000,1.035716,1.031391,1.030203,1.041392,1.026310,1.043607,1.042116,1.031690,1.022114,0.984031,0.966344,0.963903,0.977866,0.970189,0.999138,1.026339,0.989217,0.975918,1.031440
4.448220,1.042296,1.032134,1.034113,1.026432,1.031146,1.031670,1.031126,1.031270,1.043641,1.031707,1.031365,1.027844,1.031601,1.032395,1.037032,1.039639,1.040624,1.038369,1.040759,0.977054,1.035757,1.031435,1.030250,1.041432,1.026342,1.043647,1.042154,1.031736,1.022160,0.984043,0.966352,0.963925,0.977912,0.970249,0.999179,1.026402,0.989253,0.975965,1.031440
4.456550,1.042296,1.032149,1.034134,1.026451,1.031162,1.031685,1.031140,1.031284,1.043645,1.031725,1.031383,1.027863,1.031621,1.032417,1.037062,1.039672,1.040654,1.038396,1.040803,0.977102,1.035793,1.031474,1.030292,1.041467,1.026369,1.043680,1.042186,1.031775,1.022201,0.984049,0.966357,0.963943,0.977953,0.970303,0.999214,1.026459,0.989285,0.976007,1.031438
4.464880,1.042295,1.032159,1.034150,1.026467,1.031174,1.031696,1.031151,1.031295,1.043648,1.031740,1.031396,1.027877,1.031636,1.032434,1.037087,1.039700,1.040680,1.038418,1.040842,0.977144,1.035824,1.031508,1.030329,1.041498,1.026392,1.043709,1.042213,1.031809,1.022235,0.984049,0.966358,0.963957,0.977989,0.970352,0.999245,1.026510,0.989313,0.976042,1.031436
4.473210,1.042291,1.032165,1.034162,1.026479,1.031182,1.031704,1.031158,1.031302,1.043648,1.031751,1.031406,1.027888,1.031647,1.032448,1.037107,1.039724,1.040700,1.038436,1.040875,0.977182,1.035849,1.031536,1.030360,1.041523,1.026409,1.043732,1.042235,1.031837,1.022263,0.984043,0.966355,0.963968,0.978019,0.970395,0.999270,1.026554,0.989335,0.976071,1.031432
4.481540,1.042285,1.032166,1.034170,1.026487,1.031186,1.031708,1.031162,1.031305,1.043646,1.031757,1.031411,1.027894,1.031655,1.032457,1.037123,1.039742,1.040716,1.038448,1.040903,0.977213,1.035870,1.031559,1.030386,1.041543,1.026422,1.043750,1.042252,1.031858,1.022285,0.984032,0.966348,0.963975,0.978044,0.970433,0.999291,1.026593,0.989354,0.976094,1.031426
4.489870,1.042278,1.032162,1.034173,1.026490,1.031186,1.031707,1.031161,1.031305,1.043642,1.031759,1.031413,1.027896,1.031658,1.032461,1.037134,1.039755,1.040726,1.038456,1.040925,0.977239,1.035885,1.031576,1.030406,1.041558,1.026430,1.043762,1.042263,1.031873,1.022301,0.984014,0.966337,0.963978,0.978063,0.970464,0.999306,1.026625,0.989367,0.976110,1.031420
4.498200,1.042268,1.032154,1.034171,1.026490,1.031183,1.031703,1.031157,1.031301,1.043635,1.031758,1.031410,1.027895,1.031656,1.032462,1.037139,1.039763,1.040732,1.038459,1.040940,0.977259,1.035895,1.031588,1.030421,1.041568,1.026432,1.043768,1.042269,1.031883,1.022310,0.983990,0.966323,0.963977,0.978077,0.970489,0.999315,1.026651,0.989375,0.976120,1.031412
4.506530,1.042256,1.032141,1.034165,1.026485,1.031175,1.031695,1.031149,1.031293,1.043627,1.031752,1.031404,1.027888,1.031651,1.032458,1.037140,1.039766,1.040732,1.038456,1.040950,0.977274,1.035899,1.031594,1.030429,1.041573,1.026429,1.043769,1.042270,1.031885,1.022313,0.983961,0.966305,0.963972,0.978085,0.970508,0.999319,1.026670,0.989379,0.976123,1.031404
4.514860,1.042243,1.032123,1.034154,1.026476,1.031164,1.031683,1.031138,1.031282,1.043616,1.031741,1.031393,1.027878,1.031641,1.032449,1.037136,1.039763,1.040727,1.038449,1.040953,0.977282,1.035898,1.031594,1.030432,1.041572,1.026422,1.043764,1.042265,1.031882,1.022309,0.983925,0.966283,0.963962,0.978087,0.970521,0.999318,1.026683,0.989377,0.976119,1.031394
4.523190,1.042227,1.032101,1.034138,1.026462,1.031148,1.031667,1.031122,1.031266,1.043603,1.031727,1.031378,1.027864,1.031627,1.032436,1.037126,1.039755,1.040716,1.038437,1.040950,0.977284,1.035891,1.031589,1.030429,1.041565,1.026408,1.043753,1.042254,1.031872,1.022299,0.983884,0.966257,0.963949,0.978083,0.970527,0.999311,1.026690,0.989371,0.976109,1.031383
4.531520,1.042209,1.032074,1.034117,1.026444,1.031128,1.031647,1.031103,1.031248,1.043588,1.031708,1.031359,1.027845,1.031609,1.032419,1.037112,1.039742,1.040701,1.038419,1.040941,0.977280,1.035878,1.031578,1.030420,1.041554,1.026390,1.043737,1.042238,1.031857,1.022283,0.983837,0.966227,0.963932,0.978073,0.970527,0.999299,1.026690,0.989359,0.976093,1.031371
4.539850,1.042189,1.032042,1.034092,1.026422,1.031105,1.031623,1.031080,1.031225,1.043571,1.031685,1.031335,1.027822,1.031586,1.032397,1.037092,1.039723,1.040680,1.038397,1.040926,0.977269,1.035861,1.031561,1.030406,1.041536,1.026367,1.043715,1.042216,1.031834,1.022260,0.983783,0.966193,0.963911,0.978057,0.970520,0.999281,1.026683,0.989343,0.976070,1.031357
4.548180,1.042168,1.032005,1.034062,1.026396,1.031077,1.031594,1.031053,1.031199,1.043551,1.031658,1.031308,1.027794,1.031559,1.032370,1.037068,1.039699,1.040654,1.038369,1.040904,0.977253,1.035837,1.031539,1.030385,1.041514,1.026338,1.043687,1.042189,1.031806,1.022231,0.983724,0.966156,0.963886,0.978035,0.970507,0.999257,1.026670,0.989321,0.976040,1.031343
4.556510,1.042144,1.031964,1.034028,1.026365,1.031046,1.031562,1.031022,1.031169,1.043530,1.031627,1.031276,1.027763,1.031528,1.032339,1.037038,1.039670,1.040622,1.038336,1.040876,0.977230,1.035808,1.031511,1.030359,1.041486,1.026304,1.043653,1.042157,1.031771,1.022195,0.983660,0.966115,0.963857,0.978006,0.970487,0.999229,1.026650,0.989295,0.976004,1.031327
4.564840,1.042119,1.031918,1.033989,1.026330,1.031010,1.031526,1.030988,1.031135,1.043506,1.031591,1.031240,1.027727,1.031492,1.032304,1.037004,1.039635,1.040586,1.038299,1.040842,0.977202,1.035774,1.031478,1.030327,1.041453,1.026265,1.043615,1.042119,1.031731,1.022154,0.983591,0.966070,0.963824,0.977972,0.970461,0.999195,1.026625,0.989264,0.975963,1.031311
4.573170,1.042092,1.031869,1.033946,1.026292,1.030971,1.031487,1.030950,1.031098,1.043480,1.031552,1.031201,1.027688,1.031453,1.032265,1.036965,1.039596,1.040545,1.038257,1.040802,0.977167,1.035735,1.031439,1.030290,1.041415,1.026222,1.043571,1.042077,1.031685,1.022107,0.983517,0.966022,0.963787,0.977932,0.970428,0.999156,1.026593,0.989228,0.975915,1.031293
4.581500,1.042063,1.031816,1.033899,1.026249,1.030929,1.031444,1.030909,1.031058,1.043453,1.031509,1.031158,1.027645,1.031410,1.032222,1.036921,1.039551,1.040499,1.038211,1.040756,0.977127,1.035691,1.031396,1.030248,1.041372,1.026174,1.043522,1.042029,1.031633,1.022054,0.983438,0.965971,0.963747,0.977887,0.970390,0.999111,1.026555,0.989188,0.975862,1.031275
4.589830,1.042033,1.031759,1.033848,1.026203,1.030883,1.031398,1.030865,1.031015,1.043424,1.031462,1.031112,1.027598,1.031364,1.032175,1.036874,1.039503,1.040449,1.038161,1.040705,0.977081,1.035642,1.031347,1.030200,1.041324,1.026122,1.043468,1.041977,1.031577,1.021996,0.983357,0.965916,0.963703,0.977836,0.970345,0.999063,1.026512,0.989144,0.975803,1.031256
4.598160,1.042002,1.031699,1.033794,1.026154,1.030834,1.031348,1.030818,1.030969,1.043393,1.031412,1.031062,1.027548,1.031314,1.032125,1.036822,1.039450,1.040395,1.038107,1.040648,0.977030,1.035589,1.031294,1.030148,1.041273,1.026067,1.043410,1.041921,1.031515,1.021933,0.983272,0.965859,0.963656,0.977780,0.970295,0.999010,1.026464,0.989096,0.975739,1.031236
4.606490,1.041970,1.031637,1.033737,1.026102,1.030782,1.031296,1.030768,1.030921,1.043361,1.031360,1.031009,1.027495,1.031261,1.032072,1.036766,1.039393,1.040337,1.038049,1.040586,0.976974,1.035532,1.031237,1.030092,1.041217,1.026008,1.043348,1.041861,1.031449,1.021865,0.983186,0.965799,0.963606,0.977719,0.970240,0.998952,1.026411,0.989045,0.975671,1.031215
4.614820,1.041937,1.031573,1.033678,1.026047,1.030728,1.031242,1.030716,1.030870,1.043328,1.031304,1.030954,1.027440,1.031205,1.032016,1.036708,1.039332,1.040276,1.037989,1.040520,0.976913,1.035471,1.031175,1.030032,1.041157,1.025946,1.043283,1.041798,1.031379,1.021794,0.983097,0.965737,0.963554,0.977653,0.970179,0.998891,1.026353,0.988990,0.975598,1.031194
4.623150,1.041904,1.031508,1.033616,1.025990,1.030672,1.031185,1.030662,1.030817,1.043293,1.031246,1.030897,1.027382,1.031147,1.031957,1.036646,1.039269,1.040212,1.037925,1.040449,0.976847,1.035407,1.031111,1.029968,1.041095,1.025882,1.043215,1.041732,1.031305,1.021718,0.983009,0.965673,0.963499,0.977583,0.970114,0.998827,1.026291,0.988934,0.975521,1.031173
4.631480,1.041871,1.031441,1.033553,1.025931,1.030614,1.031126,1.030606,1.030762,1.043258,1.031187,1.030837,1.027322,1.031087,1.031897,1.036582,1.039202,1.040145,1.037860,1.040374,0.976778,1.035340,1.031043,1.029901,1.041029,1.025816,1.043143,1.041663,1.031228,1.021639,0.982920,0.965607,0.963443,0.977510,0.970044,0.998759,1.026225,0.988875,0.975441,1.031151
4.639810,1.041837,1.031374,1.033488,1.025870,1.030555,1.031066,1.030549,1.030706,1.043222,1.031125,1.030776,1.027260,1.031025,1.031834,1.036515,1.039134,1.040076,1.037793,1.040296,0.976705,1.035270,1.030972,1.029831,1.040961,1.025749,1.043070,1.041592,1.031149,1.021558,0.982832,0.965540,0.963384,0.977432,0.969971,0.998689,1.026156,0.988814,0.975358,1.031129
4.648140,1.041804,1.031307,1.033422,1.025808,1.030494,1.031005,1.030490,1.030649,1.043186,1.031062,1.030714,1.027198,1.030962,1.031770,1.036447,1.039063,1.040006,1.037724,1.040215,0.976628,1.035198,1.030900,1.029759,1.040891,1.025680,1.042995,1.041519,1.031067,1.021474,0.982746,0.965471,0.963325,0.977352,0.969893,0.998616,1.026084,0.988752,0.975272,1.031107
4.656470,1.041771,1.031240,1.033356,1.025745,1.030432,1.030943,1.030431,1.030592,1.043149,1.030999,1.030651,1.027134,1.030898,1.031705,1.036378,1.038991,1.039935,1.037655,1.040131,0.976549,1.035125,1.030825,1.029684,1.040819,1.025611,1.042919,1.041445,1.030983,1.021388,0.982663,0.965402,0.963264,0.977269,0.969813,0.998541,1.026010,0.988690,0.975185,1.031085
4.664800,1.041739,1.031174,1.033290,1.025682,1.030370,1.030880,1.030372,1.030534,1.043112,1.030934,1.030587,1.027069,1.030834,1.031640,1.036307,1.038918,1.039862,1.037585,1.040044,0.976468,1.035050,1.030749,1.029609,1.040746,1.025543,1.042842,1.041370,1.030898,1.021300,0.982582,0.965333,0.963203,0.977183,0.969730,0.998465,1.025933,0.988626,0.975095,1.031064
4.673130,1.041707,1.031110,1.033225,1.025619,1.030308,1.030818,1.030312,1.030475,1.043076,1.030870,1.030523,1.027005,1.030769,1.031574,1.036236,1.038844,1.039790,1.037515,1.039956,0.976384,1.034975,1.030672,1.029532,1.040673,1.025474,1.042764,1.041295,1.030812,1.021212,0.982505,0.965264,0.963141,0.977096,0.969645,0.998388,1.025856,0.988563,0.975005,1.031043
4.681460,1.041677,1.031047,1.033160,1.025556,1.030246,1.030755,1.030252,1.030417,1.043040,1.030805,1.030460,1.026940,1.030704,1.031509,1.036165,1.038770,1.039717,1.037445,1.039867,0.976299,1.034899,1.030594,1.029454,1.040598,1.025407,1.042687,1.041220,1.030726,1.021123,0.982432,0.965194,0.963080,0.977007,0.969557,0.998311,1.025777,0.988501,0.974913,1.031022
4.689790,1.041648,1.030987,1.033096,1.025493,1.030185,1.030693,1.030193,1.030360,1.043004,1.030741,1.030396,1.026876,1.030640,1.031443,1.036094,1.038695,1.039645,1.037377,1.039777,0.976213,1.034823,1.030516,1.029377,1.040524,1.025340,1.042610,1.041145,1.030640,1.021034,0.982364,0.965126,0.963018,0.976917,0.969469,0.998232,1.025698,0.988439,0.974822,1.031001
4.698120,1.041620,1.030929,1.033034,1.025431,1.030124,1.030632,1.030135,1.030303,1.042969,1.030678,1.030333,1.026813,1.030576,1.031379,1.036023,1.038622,1.039573,1.037309,1.039686,0.976126,1.034747,1.030438,1.029299,1.040450,1.025275,1.042534,1.041071,1.030554,1.020946,0.982301,0.965058,0.962957,0.976826,0.969379,0.998155,1.025618,0.988378,0.974730,1.030982
4.706450,1.041594,1.030874,1.032974,1.025371,1.030065,1.030572,1.030077,1.030247,1.042935,1.030616,1.030272,1.026750,1.030513,1.031316,1.035954,1.038549,1.039503,1.037242,1.039595,0.976038,1.034672,1.030361,1.029222,1.040377,1.025213,1.042459,1.040999,1.030469,1.020858,0.982244,0.964991,0.962897,0.976735,0.969289,0.998077,1.025539,0.988318,0.974639,1.030963
4.714780,1.041570,1.030822,1.032915,1.025311,1.030006,1.030513,1.030021,1.030192,1.042902,1.030554,1.030211,1.026689,1.030452,1.031253,1.035885,1.038477,1.039434,1.037177,1.039504,0.975951,1.034598,1.030285,1.029146,1.040305,1.025152,1.042386,1.040927,1.030385,1.020771,0.982192,0.964926,0.962838,0.976644,0.969198,0.998000,1.025461,0.988261,0.974549,1.030944
4.723110,1.041548,1.030774,1.032859,1.025254,1.029950,1.030455,1.029967,1.030139,1.042869,1.030495,1.030153,1.026630,1.030392,1.031193,1.035818,1.038407,1.039367,1.037114,1.039414,0.975864,1.034526,1.030210,1.029071,1.040235,1.025094,1.042314,1.040858,1.030303,1.020686,0.982146,0.964862,0.962781,0.976554,0.969108,0.997925,1.025383,0.988205,0.974460,1.030927
4.731440,1.041526,1.030727,1.032805,1.025198,1.029894,1.030399,1.029913,1.030087,1.042838,1.030437,1.030095,1.026572,1.030333,1.031134,1.035753,1.038338,1.039302,1.037053,1.039325,0.975778,1.034455,1.030136,1.028998,1.040165,1.025038,1.042244,1.040790,1.030222,1.020601,0.982104,0.964799,0.962724,0.976464,0.969019,0.997850,1.025307,0.988151,0.974371,1.030910
4.739770,1.041507,1.030684,1.032753,1.025143,1.029840,1.030344,1.029861,1.030036,1.042808,1.030380,1.030039,1.026515,1.030276,1.031076,1.035688,1.038270,1.039237,1.036993,1.039237,0.975692,1.034384,1.030064,1.028925,1.040097,1.024983,1.042176,1.040724,1.030142,1.020519,0.982067,0.964738,0.962669,0.976375,0.968930,0.997777,1.025232,0.988098,0.974285,1.030894
4.748100,1.041490,1.030647,1.032706,1.025091,1.029789,1.030293,1.029812,1.029988,1.042779,1.030326,1.029986,1.026461,1.030222,1.031021,1.035627,1.038206,1.039177,1.036938,1.039151,0.975608,1.034318,1.029994,1.028856,1.040032,1.024934,1.042112,1.040662,1.030066,1.020440,0.982041,0.964680,0.962617,0.976288,0.968843,0.997707,1.025160,0.988050,0.974201,1.030879
4.756430,1.041476,1.030614,1.032661,1.025042,1.029740,1.030243,1.029765,1.029943,1.042752,1.030274,1.029935,1.026410,1.030170,1.030969,1.035569,1.038144,1.039120,1.036886,1.039067,0.975526,1.034254,1.029927,1.028789,1.039970,1.024888,1.042051,1.040602,1.029993,1.020363,0.982021,0.964624,0.962566,0.976202,0.968758,0.997638,1.025090,0.988004,0.974120,1.030865
4.764760,1.041463,1.030585,1.032620,1.024996,1.029694,1.030196,1.029720,1.029900,1.042727,1.030226,1.029887,1.026361,1.030122,1.030920,1.035513,1.038086,1.039065,1.036836,1.038986,0.975447,1.034192,1.029863,1.028725,1.039910,1.024846,1.041993,1.040546,1.029923,1.020290,0.982007,0.964571,0.962518,0.976120,0.968675,0.997573,1.025023,0.987962,0.974042,1.030853
4.773090,1.041453,1.030559,1.032582,1.024953,1.029650,1.030152,1.029678,1.029859,1.042703,1.030179,1.029841,1.026315,1.030075,1.030873,1.035460,1.038030,1.039014,1.036790,1.038908,0.975370,1.034134,1.029802,1.028664,1.039853,1.024808,1.041938,1.040493,1.029856,1.020219,0.982000,0.964520,0.962473,0.976040,0.968595,0.997510,1.024959,0.987923,0.973967,1.030841
4.781420,1.041446,1.030541,1.032550,1.024913,1.029610,1.030112,1.029640,1.029821,1.042682,1.030137,1.029799,1.026272,1.030033,1.030830,1.035412,1.037978,1.038967,1.036749,1.038833,0.975297,1.034080,1.029745,1.028607,1.039801,1.024775,1.041889,1.040445,1.029794,1.020154,0.982003,0.964473,0.962431,0.975963,0.968518,0.997452,1.024899,0.987888,0.973896,1.030830
4.789750,1.041441,1.030527,1.032522,1.024878,1.029574,1.030074,1.029604,1.029787,1.042663,1.030098,1.029761,1.026234,1.029994,1.030791,1.035367,1.037930,1.038925,1.036712,1.038762,0.975227,1.034030,1.029691,1.028554,1.039752,1.024747,1.041843,1.040401,1.029736,1.020092,0.982014,0.964429,0.962392,0.975889,0.968444,0.997396,1.024844,0.987858,0.973829,1.030822
4.798080,1.041440,1.030521,1.032499,1.024847,1.029542,1.030042,1.029573,1.029757,1.042646,1.030063,1.029727,1.026199,1.029959,1.030757,1.035327,1.037888,1.038887,1.036680,1.038696,0.975161,1.033984,1.029643,1.028506,1.039708,1.024725,1.041804,1.040362,1.029683,1.020037,0.982036,0.964390,0.962357,0.975820,0.968375,0.997346,1.024793,0.987834,0.973768,1.030814
4.806410,1.041441,1.030518,1.032481,1.024819,1.029512,1.030012,1.029545,1.029729,1.042631,1.030032,1.029696,1.026168,1.029928,1.030726,1.035290,1.037849,1.038854,1.036652,1.038633,0.975099,1.033943,1.029599,1.028462,1.039668,1.024707,1.041768,1.040328,1.029635,1.019985,0.982063,0.964353,0.962325,0.975754,0.968310,0.997299,1.024747,0.987813,0.973710,1.030808
4.814740,1.041445,1.030521,1.032467,1.024795,1.029487,1.029986,1.029520,1.029705,1.042619,1.030005,1.029669,1.026141,1.029901,1.030699,1.035258,1.037814,1.038825,1.036629,1.038576,0.975041,1.033906,1.029559,1.028422,1.039633,1.024694,1.041738,1.040298,1.029591,1.019938,0.982098,0.964320,0.962297,0.975693,0.968249,0.997256,1.024705,0.987796,0.973657,1.030803
4.823070,1.041451,1.030530,1.032458,1.024775,1.029465,1.029963,1.029500,1.029685,1.042608,1.029981,1.029646,1.026118,1.029878,1.030676,1.035231,1.037784,1.038801,1.036610,1.038523,0.974988,1.033873,1.029523,1.028388,1.039602,1.024687,1.041712,1.040273,1.029553,1.019896,0.982141,0.964291,0.962273,0.975636,0.968193,0.997218,1.024668,0.987785,0.973609,1.030800
4.831400,1.041461,1.030544,1.032454,1.024760,1.029448,1.029945,1.029483,1.029669,1.042600,1.029962,1.029628,1.026099,1.029859,1.030658,1.035208,1.037760,1.038782,1.036597,1.038475,0.974940,1.033846,1.029493,1.028358,1.039576,1.024685,1.041692,1.040254,1.029520,1.019860,0.982193,0.964266,0.962252,0.975584,0.968142,0.997185,1.024637,0.987778,0.973567,1.030797
4.839730,1.041473,1.030564,1.032455,1.024749,1.029435,1.029932,1.029470,1.029656,1.042595,1.029947,1.029613,1.026084,1.029844,1.030644,1.035190,1.037740,1.038768,1.036589,1.038432,0.974897,1.033824,1.029468,1.028333,1.039554,1.024689,1.041678,1.040240,1.029493,1.019829,0.982253,0.964245,0.962236,0.975537,0.968096,0.997156,1.024611,0.987777,0.973530,1.030797
4.848060,1.041489,1.030590,1.032462,1.024743,1.029426,1.029922,1.029461,1.029648,1.042592,1.029937,1.029603,1.026074,1.029834,1.030635,1.035177,1.037725,1.038760,1.036587,1.038395,0.974859,1.033807,1.029448,1.028314,1.039539,1.024699,1.041669,1.040231,1.029472,1.019805,0.982321,0.964228,0.962224,0.975495,0.968056,0.997133,1.024591,0.987781,0.973498,1.030797
4.856390,1.041507,1.030623,1.032474,1.024742,1.029421,1.029917,1.029456,1.029644,1.042592,1.029932,1.029598,1.026069,1.029829,1.030631,1.035170,1.037716,1.038757,1.036590,1.038364,0.974826,1.033796,1.029434,1.028301,1.039528,1.024714,1.041666,1.040228,1.029456,1.019786,0.982398,0.964215,0.962216,0.975459,0.968021,0.997115,1.024577,0.987790,0.973472,1.030800
4.864720,1.041528,1.030661,1.032492,1.024746,1.029422,1.029916,1.029456,1.029644,1.042594,1.029931,1.029597,1.026069,1.029829,1.030632,1.035168,1.037713,1.038760,1.036598,1.038339,0.974800,1.033790,1.029425,1.028293,1.039524,1.024736,1.041670,1.040231,1.029447,1.019773,0.982483,0.964207,0.962213,0.975428,0.967992,0.997103,1.024569,0.987806,0.973453,1.030803
4.873050,1.041552,1.030706,1.032516,1.024754,1.029426,1.029920,1.029460,1.029648,1.042599,1.029935,1.029601,1.026073,1.029833,1.030638,1.035171,1.037715,1.038769,1.036612,1.038319,0.974779,1.033790,1.029423,1.028291,1.039524,1.024765,1.041679,1.040240,1.029444,1.019767,0.982577,0.964204,0.962214,0.975403,0.967970,0.997095,1.024567,0.987827,0.973439,1.030809
4.881380,1.041580,1.030757,1.032545,1.024768,1.029436,1.029929,1.029469,1.029657,1.042607,1.029944,1.029610,1.026082,1.029843,1.030649,1.035180,1.037723,1.038783,1.036633,1.038307,0.974765,1.033796,1.029426,1.028295,1.039531,1.024799,1.041695,1.040256,1.029447,1.019767,0.982679,0.964204,0.962220,0.975384,0.967954,0.997094,1.024571,0.987853,0.973432,1.030815
4.889710,1.041610,1.030814,1.032580,1.024787,1.029450,1.029943,1.029482,1.029670,1.042617,1.029958,1.029624,1.026096,1.029857,1.030665,1.035195,1.037737,1.038804,1.036659,1.038300,0.974756,1.033807,1.029435,1.028306,1.039544,1.024840,1.041717,1.040277,1.029457,1.019773,0.982789,0.964210,0.962231,0.975371,0.967944,0.997098,1.024582,0.987886,0.973431,1.030824
4.898040,1.041644,1.030878,1.032621,1.024810,1.029469,1.029961,1.029500,1.029687,1.042630,1.029977,1.029643,1.026115,1.029877,1.030686,1.035215,1.037757,1.038830,1.036691,1.038300,0.974754,1.033825,1.029450,1.028322,1.039562,1.024887,1.041746,1.040305,1.029474,1.019787,0.982908,0.964220,0.962246,0.975364,0.967942,0.997108,1.024600,0.987925,0.973437,1.030833
4.906370,1.041680,1.030947,1.032668,1.024839,1.029493,1.029984,1.029522,1.029709,1.042646,1.030000,1.029666,1.026140,1.029902,1.030713,1.035241,1.037783,1.038863,1.036729,1.038307,0.974759,1.033849,1.029471,1.028345,1.039587,1.024941,1.041781,1.040338,1.029497,1.019807,0.983035,0.964234,0.962266,0.975363,0.967945,0.997124,1.024624,0.987969,0.973449,1.030844
4.914700,1.041719,1.031023,1.032720,1.024874,1.029521,1.030012,1.029549,1.029736,1.042665,1.030029,1.029695,1.026169,1.029931,1.030744,1.035272,1.037814,1.038901,1.036772,1.038320,0.974769,1.033879,1.029498,1.028373,1.039617,1.025001,1.041822,1.040378,1.029526,1.019833,0.983169,0.964253,0.962290,0.975369,0.967956,0.997146,1.024654,0.988020,0.973467,1.030857
4.923030,1.041761,1.031104,1.032778,1.024913,1.029554,1.030044,1.029580,1.029767,1.042686,1.030063,1.029728,1.026203,1.029966,1.030781,1.035310,1.037852,1.038945,1.036822,1.038340,0.974787,1.033914,1.029532,1.028408,1.039653,1.025067,1.041870,1.040425,1.029563,1.019866,0.983312,0.964277,0.962320,0.975381,0.967973,0.997173,1.024692,0.988076,0.973492,1.030871
4.931360,1.041806,1.031192,1.032842,1.024957,1.029592,1.030082,1.029616,1.029802,1.042709,1.030102,1.029767,1.026242,1.030006,1.030823,1.035353,1.037895,1.038996,1.036877,1.038366,0.974810,1.033956,1.029571,1.028449,1.039695,1.025139,1.041924,1.040477,1.029605,1.019905,0.983461,0.964304,0.962354,0.975399,0.967997,0.997207,1.024735,0.988138,0.973523,1.030886
4.939690,1.041854,1.031284,1.032911,1.025006,1.029635,1.030123,1.029656,1.029841,1.042736,1.030145,1.029809,1.026286,1.030050,1.030871,1.035401,1.037945,1.039051,1.036938,1.038399,0.974840,1.034003,1.029616,1.028496,1.039743,1.025217,1.041984,1.040535,1.029654,1.019951,0.983617,0.964337,0.962392,0.975423,0.968028,0.997246,1.024786,0.988206,0.973561,1.030903
4.948020,1.041904,1.031382,1.032985,1.025060,1.029681,1.030169,1.029701,1.029885,1.042764,1.030193,1.029857,1.026334,1.030099,1.030922,1.035455,1.037999,1.039113,1.037004,1.038438,0.974877,1.034057,1.029667,1.028549,1.039797,1.025301,1.042050,1.040599,1.029709,1.020004,0.983780,0.964373,0.962435,0.975453,0.968065,0.997290,1.024842,0.988279,0.973605,1.030921
4.956350,1.041956,1.031486,1.033065,1.025118,1.029733,1.030220,1.029749,1.029932,1.042795,1.030246,1.029909,1.026387,1.030153,1.030979,1.035514,1.038060,1.039180,1.037076,1.038484,0.974919,1.034115,1.029724,1.028607,1.039856,1.025391,1.042122,1.040668,1.029771,1.020062,0.983949,0.964414,0.962482,0.975490,0.968109,0.997340,1.024905,0.988357,0.973654,1.030940
4.964680,1.042011,1.031594,1.033149,1.025181,1.029788,1.030275,1.029802,1.029984,1.042829,1.030303,1.029965,1.026445,1.030212,1.031040,1.035578,1.038125,1.039252,1.037153,1.038536,0.974968,1.034179,1.029786,1.028672,1.039920,1.025486,1.042199,1.040743,1.029838,1.020126,0.984124,0.964458,0.962533,0.975532,0.968160,0.997395,1.024974,0.988441,0.973710,1.030960
4.973010,1.042068,1.031706,1.033238,1.025248,1.029847,1.030333,1.029858,1.030039,1.042864,1.030364,1.030026,1.026506,1.030274,1.031106,1.035647,1.038196,1.039329,1.037235,1.038594,0.975022,1.034249,1.029854,1.028741,1.039990,1.025586,1.042282,1.040824,1.029911,1.020196,0.984304,0.964506,0.962589,0.975580,0.968216,0.997456,1.025049,0.988529,0.973772,1.030981
4.981340,1.042127,1.031823,1.033331,1.025320,1.029910,1.030396,1.029918,1.030098,1.042902,1.030430,1.030090,1.026572,1.030341,1.031176,1.035721,1.038272,1.039412,1.037321,1.038657,0.975083,1.034323,1.029926,1.028816,1.040064,1.025690,1.042370,1.040909,1.029990,1.020272,0.984488,0.964558,0.962648,0.975633,0.968279,0.997521,1.025129,0.988623,0.973838,1.031003
4.989670,1.042187,1.031944,1.033428,1.025395,1.029977,1.030462,1.029981,1.030160,1.042941,1.030499,1.030158,1.026641,1.030411,1.031250,1.035799,1.038352,1.039498,1.037412,1.038726,0.975149,1.034402,1.030004,1.028896,1.040144,1.025800,1.042463,1.040999,1.030073,1.020353,0.984677,0.964614,0.962711,0.975692,0.968348,0.997591,1.025215,0.988720,0.973911,1.031026
4.998000,1.042250,1.032068,1.033529,1.025474,1.030047,1.030531,1.030048,1.030225,1.042982,1.030572,1.030230,1.026715,1.030485,1.031328,1.035881,1.038437,1.039589,1.037507,1.038801,0.975220,1.034486,1.030086,1.028981,1.040227,1.025913,1.042561,1.041094,1.030162,1.020439,0.984870,0.964672,0.962777,0.975756,0.968422,0.997665,1.025306,0.988822,0.973988,1.031050
5.006330,1.042313,1.032196,1.033634,1.025556,1.030120,1.030604,1.030118,1.030293,1.043025,1.030648,1.030305,1.026791,1.030563,1.031409,1.035968,1.038526,1.039685,1.037605,1.038880,0.975296,1.034574,1.030172,1.029070,1.040316,1.026031,1.042663,1.041192,1.030255,1.020529,0.985066,0.964733,0.962847,0.975825,0.968502,0.997744,1.025402,0.988928,0.974070,1.031074
5.014660,1.042378,1.032326,1.033742,1.025642,1.030197,1.030679,1.030190,1.030364,1.043069,1.030727,1.030383,1.026871,1.030644,1.031493,1.036058,1.038619,1.039784,1.037708,1.038965,0.975378,1.034666,1.030263,1.029163,1.040408,1.026152,1.042769,1.041295,1.030353,1.020625,0.985265,0.964798,0.962919,0.975898,0.968587,0.997827,1.025503,0.989037,0.974156,1.031099
5.022990,1.042445,1.032460,1.033853,1.025730,1.030276,1.030758,1.030265,1.030438,1.043115,1.030809,1.030464,1.026953,1.030728,1.031581,1.036152,1.038716,1.039886,1.037814,1.039054,0.975464,1.034762,1.030358,1.029260,1.040504,1.026277,1.042879,1.041401,1.030455,1.020724,0.985467,0.964864,0.962994,0.975976,0.968677,0.997913,1.025608,0.989150,0.974247,1.031125
5.031320,1.042512,1.032595,1.033967,1.025821,1.030357,1.030838,1.030342,1.030513,1.043161,1.030894,1.030548,1.027039,1.030814,1.031671,1.036249,1.038816,1.039992,1.037922,1.039147,0.975554,1.034861,1.030456,1.029361,1.040603,1.026404,1.042992,1.041511,1.030561,1.020827,0.985670,0.964933,0.963072,0.976058,0.968772,0.998003,1.025717,0.989266,0.974341,1.031151
5.039650,1.042579,1.032733,1.034083,1.025915,1.030441,1.030921,1.030422,1.030591,1.043209,1.030982,1.030634,1.027126,1.030903,1.031764,1.036348,1.038919,1.040100,1.038034,1.039244,0.975648,1.034963,1.030557,1.029466,1.040705,1.026534,1.043109,1.041624,1.030670,1.020934,0.985875,0.965005,0.963152,0.976143,0.968871,0.998096,1.025830,0.989385,0.974439,1.031177
5.047980,1.042648,1.032872,1.034201,1.026011,1.030527,1.031006,1.030503,1.030671,1.043258,1.031071,1.030722,1.027216,1.030994,1.031860,1.036451,1.039024,1.040212,1.038148,1.039345,0.975746,1.035069,1.030662,1.029573,1.040811,1.026667,1.043228,1.041739,1.030782,1.021044,0.986081,0.965078,0.963235,0.976232,0.968974,0.998192,1.025946,0.989506,0.974541,1.031203
5.056310,1.042716,1.033012,1.034321,1.026108,1.030614,1.031093,1.030586,1.030752,1.043307,1.031162,1.030811,1.027307,1.031087,1.031957,1.036555,1.039133,1.040325,1.038264,1.039449,0.975847,1.035176,1.030769,1.029683,1.040918,1.026801,1.043350,1.041857,1.030898,1.021157,0.986287,0.965152,0.963319,0.976325,0.969080,0.998291,1.026065,0.989629,0.974645,1.031230
5.064640,1.042785,1.033153,1.034442,1.026207,1.030703,1.031181,1.030671,1.030835,1.043357,1.031255,1.030903,1.027401,1.031181,1.032055,1.036662,1.039243,1.040441,1.038381,1.039556,0.975951,1.035286,1.030878,1.029795,1.041028,1.026937,1.043473,1.041977,1.031015,1.021272,0.986493,0.965228,0.963404,0.976419,0.969190,0.998391,1.026187,0.989754,0.974752,1.031256
5.072970,1.042854,1.033295,1.034564,1.026308,1.030793,1.031271,1.030756,1.030918,1.043407,1.031349,1.030995,1.027495,1.031277,1.032156,1.036770,1.039355,1.040558,1.038501,1.039665,0.976058,1.035398,1.030989,1.029909,1.041140,1.027075,1.043599,1.042099,1.031135,1.021390,0.986699,0.965305,0.963491,0.976517,0.969303,0.998494,1.026311,0.989881,0.974861,1.031282
5.081300,1.042923,1.033437,1.034688,1.026409,1.030884,1.031361,1.030843,1.031003,1.043458,1.031444,1.031089,1.027591,1.031374,1.032257,1.036880,1.039469,1.040676,1.038621,1.039777,0.976167,1.035512,1.031102,1.030026,1.041254,1.027213,1.043726,1.042222,1.031256,1.021509,0.986904,0.965382,0.963579,0.976616,0.969418,0.998598,1.026437,0.990008,0.974972,1.031309
5.089630,1.042991,1.033579,1.034812,1.026511,1.030975,1.031452,1.030930,1.031088,1.043508,1.031540,1.031183,1.027687,1.031472,1.032359,1.036991,1.039584,1.040796,1.038742,1.039890,0.976279,1.035626,1.031216,1.030143,1.041369,1.027352,1.043854,1.042346,1.031379,1.021630,0.987108,0.965461,0.963667,0.976718,0.969536,0.998704,1.026565,0.990137,0.975084,1.031335
5.097960,1.043059,1.033720,1.034936,1.026614,1.031067,1.031543,1.031017,1.031173,1.043559,1.031637,1.031278,1.027784,1.031570,1.032462,1.037102,1.039700,1.040916,1.038864,1.040005,0.976392,1.035742,1.031332,1.030262,1.041484,1.027491,1.043982,1.042470,1.031503,1.021752,0.987310,0.965539,0.963756,0.976821,0.969656,0.998810,1.026694,0.990266,0.975198,1.031360
5.106290,1.043127,1.033861,1.035059,1.026717,1.031160,1.031635,1.031105,1.031259,1.043609,1.031733,1.031373,1.027881,1.031668,1.032565,1.037215,1.039816,1.041036,1.038985,1.040122,0.976506,1.035858,1.031447,1.030381,1.041601,1.027631,1.044112,1.042595,1.031628,1.021874,0.987510,0.965618,0.963846,0.976925,0.969777,0.998918,1.026824,0.990396,0.975313,1.031385
5.114620,1.043193,1.034001,1.035183,1.026820,1.031252,1.031726,1.031192,1.031344,1.043659,1.031830,1.031468,1.027978,1.031767,1.032668,1.037327,1.039933,1.041157,1.039107,1.040239,0.976621,1.035975,1.031564,1.030500,1.041717,1.027769,1.044241,1.042721,1.031753,1.021997,0.987708,0.965696,0.963935,0.977029,0.969899,0.999025,1.026954,0.990525,0.975428,1.031410
5.122950,1.043259,1.034140,1.035306,1.026923,1.031344,1.031817,1.031279,1.031429,1.043709,1.031926,1.031563,1.028074,1.031865,1.032770,1.037439,1.040049,1.041277,1.039229,1.040356,0.976737,1.036091,1.031680,1.030620,1.041834,1.027908,1.044370,1.042846,1.031878,1.022121,0.987904,0.965774,0.964024,0.977134,0.970022,0.999133,1.027085,0.990654,0.975544,1.031434
5.131280,1.043324,1.034277,1.035428,1.027025,1.031435,1.031908,1.031366,1.031514,1.043758,1.032022,1.031657,1.028171,1.031963,1.032873,1.037551,1.040166,1.041397,1.039349,1.040473,0.976853,1.036207,1.031796,1.030740,1.041950,1.028045,1.044498,1.042970,1.032003,1.022244,0.988096,0.965852,0.964113,0.977240,0.970145,0.999241,1.027216,0.990783,0.975659,1.031458
5.139610,1.043387,1.034413,1.035549,1.027126,1.031525,1.031998,1.031452,1.031598,1.043806,1.032117,1.031750,1.028266,1.032060,1.032974,1.037662,1.040281,1.041516,1.039469,1.040591,0.976969,1.036323,1.031912,1.030858,1.042066,1.028181,1.044626,1.043094,1.032127,1.022366,0.988286,0.965929,0.964201,0.977345,0.970269,0.999348,1.027346,0.990911,0.975774,1.031480
5.147940,1.043450,1.034547,1.035668,1.027226,1.031615,1.032086,1.031536,1.031680,1.043853,1.032211,1.031843,1.028360,1.032155,1.033075,1.037772,1.040396,1.041634,1.039588,1.040708,0.977085,1.036437,1.032026,1.030976,1.042181,1.028316,1.044753,1.043216,1.032251,1.022488,0.988472,0.966004,0.964288,0.977449,0.970392,0.999454,1.027475,0.991037,0.975888,1.031502
5.156270,1.043510,1.034678,1.035786,1.027325,1.031703,1.032174,1.031620,1.031762,1.043899,1.032304,1.031934,1.028454,1.032250,1.033174,1.037881,1.040509,1.041751,1.039705,1.040823,0.977200,1.036551,1.032140,1.031093,1.042295,1.028448,1.044878,1.043337,1.032373,1.022608,0.988654,0.966079,0.964374,0.977553,0.970514,0.999559,1.027603,0.991162,0.976001,1.031523
5.164600,1.043570,1.034807,1.035902,1.027423,1.031790,1.032260,1.031702,1.031843,1.043944,1.032396,1.032024,1.028545,1.032343,1.033272,1.037989,1.040621,1.041866,1.039820,1.040938,0.977315,1.036663,1.032252,1.031209,1.042408,1.028579,1.045001,1.043457,1.032493,1.022727,0.988832,0.966151,0.964459,0.977655,0.970636,0.999663,1.027730,0.991286,0.976113,1.031543
5.172930,1.043627,1.034933,1.036015,1.027518,1.031875,1.032345,1.031783,1.031921,1.043988,1.032486,1.032112,1.028636,1.032435,1.033368,1.038094,1.040732,1.041979,1.039933,1.041051,0.977427,1.036773,1.032363,1.031323,1.042518,1.028708,1.045123,1.043574,1.032612,1.022844,0.989006,0.966223,0.964542,0.977757,0.970757,0.999765,1.027855,0.991408,0.976223,1.031562
5.181260,1.043684,1.035057,1.036127,1.027612,1.031959,1.032427,1.031862,1.031998,1.044031,1.032574,1.032198,1.028724,1.032525,1.033462,1.038198,1.040840,1.042090,1.040045,1.041163,0.977539,1.036882,1.032471,1.031435,1.042627,1.028834,1.045242,1.043690,1.032729,1.022959,0.989176,0.966292,0.964623,0.977856,0.970875,0.999865,1.027978,0.991527,0.976332,1.031580
5.189590,1.043738,1.035177,1.036236,1.027704,1.032040,1.032508,1.031939,1.032074,1.044072,1.032660,1.032282,1.028810,1.032613,1.033554,1.038300,1.040946,1.042199,1.040154,1.041272,0.977648,1.036988,1.032577,1.031544,1.042734,1.028957,1.045359,1.043803,1.032843,1.023072,0.989342,0.966360,0.964703,0.977953,0.970992,0.999964,1.028099,0.991645,0.976438,1.031597
5.197920,1.043790,1.035295,1.036342,1.027794,1.032120,1.032587,1.032014,1.032147,1.044112,1.032744,1.032364,1.028894,1.032698,1.033644,1.038400,1.041050,1.042305,1.040260,1.041379,0.977755,1.037092,1.032681,1.031652,1.042839,1.029078,1.045473,1.043914,1.032955,1.023183,0.989503,0.966425,0.964780,0.978049,0.971107,1.000060,1.028217,0.991759,0.976542,1.031613
5.206250,1.043841,1.035409,1.036446,1.027881,1.032197,1.032663,1.032087,1.032218,1.044150,1.032825,1.032444,1.028976,1.032781,1.033732,1.038497,1.041151,1.042409,1.040364,1.041483,0.977860,1.037193,1.032783,1.031756,1.042941,1.029195,1.045584,1.044021,1.033065,1.023290,0.989659,0.966489,0.964856,0.978141,0.971219,1.000153,1.028333,0.991872,0.976643,1.031628
5.214580,1.043889,1.035520,1.036546,1.027966,1.032271,1.032737,1.032158,1.032287,1.044186,1.032904,1.032522,1.029055,1.032862,1.033817,1.038591,1.041250,1.042510,1.040464,1.041585,0.977962,1.037291,1.032881,1.031858,1.043040,1.029309,1.045693,1.044126,1.033171,1.023395,0.989811,0.966550,0.964928,0.978231,0.971329,1.000244,1.028445,0.991981,0.976741,1.031641
5.222910,1.043936,1.035627,1.036644,1.028048,1.032344,1.032809,1.032226,1.032353,1.044221,1.032980,1.032597,1.029132,1.032940,1.033899,1.038683,1.041345,1.042607,1.040562,1.041683,0.978062,1.037387,1.032977,1.031957,1.043136,1.029420,1.045798,1.044228,1.033274,1.023496,0.989957,0.966608,0.964999,0.978319,0.971436,1.000332,1.028555,0.992087,0.976837,1.031654
5.231240,1.043980,1.035731,1.036738,1.028128,1.032413,1.032878,1.032291,1.032417,1.044254,1.033054,1.032669,1.029206,1.033015,1.033979,1.038771,1.041438,1.042702,1.040657,1.041778,0.978158,1.037479,1.033069,1.032052,1.043230,1.029527,1.045899,1.044326,1.033374,1.023594,0.990099,0.966664,0.965067,0.978403,0.971539,1.000417,1.028661,0.992190,0.976929,1.031665
5.239570,1.044023,1.035831,1.036829,1.028204,1.032480,1.032944,1.032354,1.032478,1.044285,1.033125,1.032738,1.029277,1.033088,1.034055,1.038857,1.041527,1.042793,1.040748,1.041870,0.978251,1.037568,1.033159,1.032145,1.043320,1.029631,1.045998,1.044421,1.033470,1.023689,0.990236,0.966717,0.965132,0.978483,0.971640,1.000499,1.028763,0.992290,0.977017,1.031675
5.247900,1.044063,1.035927,1.036916,1.028278,1.032544,1.033007,1.032414,1.032537,1.044314,1.033193,1.032804,1.029345,1.033157,1.034129,1.038939,1.041613,1.042881,1.040835,1.041959,0.978341,1.037654,1.033244,1.032233,1.043406,1.029731,1.046092,1.044512,1.033562,1.023780,0.990368,0.966767,0.965194,0.978561,0.971736,1.000578,1.028861,0.992387,0.977103,1.031683
5.256230,1.044101,1.036020,1.037000,1.028348,1.032605,1.033067,1.032472,1.032593,1.044342,1.033257,1.032867,1.029410,1.033223,1.034199,1.039018,1.041695,1.042965,1.040920,1.042043,0.978427,1.037736,1.033326,1.032318,1.043490,1.029827,1.046183,1.044600,1.033651,1.023867,0.990494,0.966815,0.965254,0.978634,0.971829,1.000653,1.028956,0.992480,0.977184,1.031690
5.264560,1.044137,1.036109,1.037081,1.028415,1.032663,1.033125,1.032526,1.032646,1.044367,1.033319,1.032928,1.029472,1.033287,1.034266,1.039093,1.041774,1.043046,1.041000,1.042124,0.978509,1.037815,1.033405,1.032400,1.043569,1.029919,1.046269,1.044684,1.033736,1.023950,0.990616,0.966859,0.965310,0.978704,0.971918,1.000724,1.029046,0.992569,0.977262,1.031696
5.272890,1.044171,1.036193,1.037157,1.028479,1.032718,1.033179,1.032578,1.032696,1.044390,1.033377,1.032985,1.029531,1.033347,1.034330,1.039165,1.041849,1.043123,1.041077,1.042200,0.978587,1.037889,1.033479,1.032477,1.043645,1.030007,1.046352,1.044764,1.033816,1.024029,0.990733,0.966901,0.965364,0.978771,0.972003,1.000792,1.029133,0.992655,0.977335,1.031701
5.281220,1.044203,1.036274,1.037230,1.028539,1.032770,1.033230,1.032626,1.032743,1.044412,1.033432,1.033038,1.029586,1.033403,1.034390,1.039233,1.041920,1.043196,1.041150,1.042272,0.978662,1.037960,1.033550,1.032550,1.043718,1.030091,1.046431,1.044840,1.033893,1.024104,0.990845,0.966939,0.965414,0.978833,0.972084,1.000857,1.029215,0.992737,0.977405,1.031705
5.289550,1.044232,1.036351,1.037299,1.028597,1.032818,1.033278,1.032672,1.032787,1.044431,1.033484,1.033089,1.029638,1.033456,1.034447,1.039297,1.041988,1.043265,1.041219,1.042341,0.978732,1.038027,1.033617,1.032620,1.043786,1.030170,1.046505,1.044912,1.033965,1.024175,0.990951,0.966975,0.965461,0.978891,0.972160,1.000917,1.029292,0.992815,0.977470,1.031707
5.297880,1.044260,1.036426,1.037366,1.028652,1.032865,1.033323,1.032715,1.032830,1.044450,1.033534,1.033137,1.029688,1.033508,1.034502,1.039359,1.042053,1.043331,1.041286,1.042406,0.978800,1.038092,1.033681,1.032687,1.043852,1.030248,1.046577,1.044982,1.034035,1.024243,0.991055,0.967008,0.965507,0.978947,0.972234,1.000975,1.029367,0.992891,0.977533,1.031708
5.306210,1.044286,1.036495,1.037428,1.028703,1.032907,1.033365,1.032755,1.032868,1.044465,1.033579,1.033182,1.029734,1.033554,1.034553,1.039416,1.042113,1.043393,1.041348,1.042466,0.978862,1.038151,1.033740,1.032748,1.043913,1.030319,1.046644,1.045046,1.034099,1.024305,0.991153,0.967038,0.965548,0.978997,0.972302,1.001028,1.029436,0.992962,0.977591,1.031708
5.314540,1.044309,1.036561,1.037487,1.028750,1.032947,1.033404,1.032791,1.032904,1.044479,1.033622,1.033223,1.029776,1.033598,1.034600,1.039470,1.042169,1.043451,1.041406,1.042521,0.978920,1.038207,1.033795,1.032806,1.043970,1.030387,1.046706,1.045106,1.034159,1.024363,0.991245,0.967065,0.965586,0.979043,0.972365,1.001078,1.029501,0.993029,0.977644,1.031707
5.322870,1.044330,1.036622,1.037541,1.028794,1.032983,1.033439,1.032825,1.032936,1.044491,1.033660,1.033260,1.029815,1.033638,1.034643,1.039519,1.042221,1.043504,1.041459,1.042572,0.978974,1.038258,1.033846,1.032859,1.044023,1.030450,1.046764,1.045162,1.034214,1.024417,0.991333,0.967088,0.965621,0.979084,0.972424,1.001123,1.029561,0.993092,0.977693,1.031704
5.331200,1.044350,1.036682,1.037593,1.028835,1.033017,1.033473,1.032856,1.032967,1.044501,1.033697,1.033296,1.029852,1.033676,1.034684,1.039567,1.042270,1.043556,1.041511,1.042621,0.979025,1.038307,1.033894,1.032910,1.044073,1.030511,1.046819,1.045215,1.034267,1.024468,0.991418,0.967110,0.965653,0.979124,0.972481,1.001166,1.029618,0.993152,0.977739,1.031701
5.339530,1.044367,1.036736,1.037640,1.028873,1.033047,1.033501,1.032883,1.032993,1.044509,1.033729,1.033327,1.029884,1.033709,1.034721,1.039609,1.042314,1.043601,1.041557,1.042663,0.979069,1.038350,1.033937,1.032954,1.044118,1.030567,1.046869,1.045263,1.034314,1.024513,0.991497,0.967127,0.965682,0.979157,0.972530,1.001203,1.029668,0.993207,0.977779,1.031696
5.347860,1.044382,1.036786,1.037683,1.028906,1.033073,1.033527,1.032908,1.033017,1.044515,1.033758,1.033355,1.029913,1.033739,1.034754,1.039647,1.042355,1.043643,1.041600,1.042701,0.979110,1.038390,1.033976,1.032995,1.044160,1.030618,1.046914,1.045307,1.034356,1.024553,0.991571,0.967141,0.965707,0.979186,0.972575,1.001237,1.029715,0.993259,0.977815,1.031689
5.356190,1.044396,1.036834,1.037724,1.028938,1.033098,1.033551,1.032930,1.033038,1.044520,1.033784,1.033381,1.029940,1.033767,1.034785,1.039683,1.042393,1.043683,1.041640,1.042736,0.979149,1.038427,1.034012,1.033034,1.044199,1.030667,1.046957,1.045348,1.034396,1.024591,0.991643,0.967154,0.965731,0.979213,0.972618,1.001268,1.029759,0.993308,0.977849,1.031683
5.364520,1.044407,1.036877,1.037760,1.028965,1.033118,1.033571,1.032948,1.033056,1.044522,1.033807,1.033402,1.029963,1.033790,1.034811,1.039714,1.042425,1.043717,1.041675,1.042765,0.979180,1.038458,1.034042,1.033066,1.044232,1.030709,1.046994,1.045384,1.034429,1.024623,0.991708,0.967163,0.965750,0.979234,0.972654,1.001294,1.029795,0.993352,0.977876,1.031674
5.372850,1.044416,1.036917,1.037793,1.028989,1.033136,1.033588,1.032964,1.033071,1.044523,1.033826,1.033421,1.029982,1.033811,1.034834,1.039741,1.042454,1.043748,1.041706,1.042790,0.979209,1.038486,1.034069,1.033095,1.044262,1.030749,1.047027,1.045416,1.034459,1.024651,0.991770,0.967168,0.965766,0.979251,0.972686,1.001316,1.029829,0.993392,0.977899,1.031665
5.381180,1.044424,1.036954,1.037824,1.029012,1.033152,1.033603,1.032978,1.033084,1.044522,1.033843,1.033437,1.030000,1.033829,1.034855,1.039767,1.042481,1.043776,1.041735,1.042812,0.979234,1.038512,1.034094,1.033121,1.044289,1.030786,1.047058,1.045446,1.034486,1.024676,0.991829,0.967173,0.965781,0.979266,0.972716,1.001337,1.029859,0.993430,0.977920,1.031655
5.389510,1.044430,1.036987,1.037849,1.029029,1.033163,1.033613,1.032987,1.033093,1.044519,1.033856,1.033449,1.030013,1.033843,1.034871,1.039786,1.042502,1.043799,1.041759,1.042828,0.979254,1.038532,1.034113,1.033142,1.044311,1.030817,1.047083,1.045470,1.034508,1.024696,0.991883,0.967173,0.965791,0.979274,0.972738,1.001351,1.029883,0.993462,0.977935,1.031643
5.397840,1.044434,1.037016,1.037871,1.029044,1.033172,1.033621,1.032994,1.033100,1.044514,1.033866,1.033459,1.030023,1.033854,1.034885,1.039803,1.042520,1.043819,1.041780,1.042841,0.979270,1.038549,1.034129,1.033159,1.044330,1.030845,1.047105,1.045490,1.034525,1.024711,0.991933,0.967170,0.965799,0.979280,0.972758,1.001363,1.029904,0.993492,0.977947,1.031631
5.406170,1.044437,1.037044,1.037892,1.029057,1.033179,1.033628,1.033000,1.033105,1.044509,1.033874,1.033466,1.030032,1.033863,1.034897,1.039819,1.042536,1.043836,1.041799,1.042852,0.979284,1.038564,1.034142,1.033174,1.044347,1.030872,1.047124,1.045509,1.034540,1.024725,0.991981,0.967167,0.965805,0.979283,0.972775,1.001373,1.029922,0.993519,0.977956,1.031618
5.414500,1.044437,1.037066,1.037908,1.029065,1.033182,1.033630,1.033002,1.033107,1.044501,1.033878,1.033470,1.030036,1.033868,1.034904,1.039828,1.042547,1.043849,1.041813,1.042856,0.979291,1.038573,1.034150,1.033183,1.044358,1.030892,1.047138,1.045522,1.034550,1.024732,0.992023,0.967159,0.965807,0.979280,0.972785,1.001377,1.029933,0.993541,0.977960,1.031603
5.422830,1.044437,1.037087,1.037921,1.029071,1.033183,1.033630,1.033001,1.033106,1.044492,1.033880,1.033471,1.030038,1.033871,1.034909,1.039836,1.042555,1.043858,1.041824,1.042857,0.979296,1.038580,1.034155,1.033190,1.044367,1.030910,1.047149,1.045532,1.034556,1.024736,0.992062,0.967149,0.965807,0.979275,0.972793,1.001378,1.029942,0.993561,0.977960,1.031588
5.431160,1.044435,1.037105,1.037933,1.029076,1.033182,1.033629,1.033000,1.033104,1.044481,1.033880,1.033471,1.030038,1.033872,1.034912,1.039841,1.042561,1.043866,1.041833,1.042857,0.979299,1.038584,1.034159,1.033194,1.044373,1.030926,1.047158,1.045541,1.034560,1.024738,0.992100,0.967138,0.965805,0.979268,0.972798,1.001378,1.029948,0.993578,0.977958,1.031573
5.439490,1.044431,1.037119,1.037939,1.029076,1.033177,1.033623,1.032994,1.033098,1.044469,1.033876,1.033466,1.030034,1.033869,1.034911,1.039842,1.042562,1.043869,1.041837,1.042850,0.979295,1.038584,1.034157,1.033193,1.044375,1.030937,1.047161,1.045544,1.034559,1.024735,0.992133,0.967123,0.965800,0.979255,0.972797,1.001373,1.029949,0.993591,0.977951,1.031556
5.447820,1.044426,1.037131,1.037944,1.029075,1.033171,1.033616,1.032987,1.033091,1.044455,1.033870,1.033460,1.030028,1.033864,1.034908,1.039840,1.042561,1.043870,1.041839,1.042841,0.979290,1.038581,1.034152,1.033190,1.044374,1.030945,1.047162,1.045545,1.034555,1.024729,0.992163,0.967107,0.965792,0.979241,0.972794,1.001365,1.029947,0.993601,0.977941,1.031539
5.456150,1.044420,1.037142,1.037948,1.029072,1.033163,1.033608,1.032978,1.033082,1.044441,1.033863,1.033452,1.030021,1.033857,1.034903,1.039837,1.042558,1.043869,1.041840,1.042830,0.979283,1.038577,1.034146,1.033185,1.044372,1.030952,1.047161,1.045544,1.034549,1.024721,0.992192,0.967089,0.965784,0.979224,0.972788,1.001356,1.029943,0.993610,0.977930,1.031521
5.464480,1.044412,1.037148,1.037947,1.029065,1.033152,1.033596,1.032966,1.033070,1.044425,1.033852,1.033441,1.030011,1.033847,1.034895,1.039830,1.042550,1.043863,1.041836,1.042814,0.979270,1.038568,1.034136,1.033176,1.044365,1.030955,1.047156,1.045538,1.034539,1.024709,0.992216,0.967069,0.965772,0.979203,0.972777,1.001343,1.029933,0.993615,0.977913,1.031502
5.472810,1.044403,1.037153,1.037944,1.029056,1.033139,1.033582,1.032953,1.033057,1.044408,1.033840,1.033428,1.029998,1.033835,1.034885,1.039821,1.042541,1.043856,1.041831,1.042797,0.979256,1.038557,1.034123,1.033164,1.044356,1.030955,1.047149,1.045531,1.034526,1.024694,0.992238,0.967047,0.965758,0.979179,0.972765,1.001327,1.029922,0.993617,0.977895,1.031483
5.481140,1.044394,1.037157,1.037940,1.029047,1.033126,1.033568,1.032938,1.033042,1.044390,1.033826,1.033415,1.029985,1.033822,1.034874,1.039810,1.042530,1.043847,1.041824,1.042777,0.979240,1.038545,1.034109,1.033151,1.044346,1.030954,1.047140,1.045522,1.034512,1.024677,0.992259,0.967024,0.965743,0.979155,0.972751,1.001311,1.029909,0.993618,0.977875,1.031463
5.489470,1.044383,1.037157,1.037933,1.029034,1.033109,1.033551,1.032921,1.033025,1.044371,1.033809,1.033397,1.029968,1.033806,1.034859,1.039796,1.042516,1.043835,1.041813,1.042753,0.979220,1.038528,1.034091,1.033133,1.044332,1.030949,1.047127,1.045509,1.034493,1.024657,0.992277,0.966998,0.965726,0.979126,0.972732,1.001290,1.029891,0.993616,0.977851,1.031442
5.497800,1.044371,1.037156,1.037924,1.029020,1.033091,1.033532,1.032902,1.033007,1.044351,1.033791,1.033379,1.029950,1.033788,1.034843,1.039780,1.042500,1.043821,1.041801,1.042728,0.979198,1.038511,1.034072,1.033115,1.044316,1.030943,1.047112,1.045495,1.034473,1.024634,0.992292,0.966971,0.965707,0.979096,0.972711,1.001268,1.029872,0.993611,0.977825,1.031422
5.506130,1.044359,1.037154,1.037915,1.029005,1.033072,1.033512,1.032883,1.032988,1.044331,1.033772,1.033360,1.029932,1.033770,1.034826,1.039763,1.042483,1.043806,1.041788,1.042702,0.979176,1.038492,1.034051,1.033095,1.044299,1.030936,1.047097,1.045480,1.034451,1.024611,0.992307,0.966944,0.965688,0.979065,0.972690,1.001245,1.029852,0.993606,0.977798,1.031401
5.514460,1.044346,1.037149,1.037902,1.028987,1.033051,1.033490,1.032862,1.032966,1.044309,1.033751,1.033338,1.029910,1.033749,1.034806,1.039744,1.042462,1.043787,1.041772,1.042672,0.979149,1.038470,1.034027,1.033071,1.044279,1.030925,1.047078,1.045461,1.034426,1.024584,0.992319,0.966914,0.965665,0.979031,0.972664,1.001219,1.029828,0.993598,0.977768,1.031379
5.522790,1.044332,1.037143,1.037889,1.028968,1.033029,1.033468,1.032839,1.032944,1.044287,1.033728,1.033316,1.029888,1.033727,1.034786,1.039723,1.042441,1.043768,1.041755,1.042641,0.979121,1.038447,1.034002,1.033047,1.044258,1.030914,1.047057,1.045441,1.034400,1.024555,0.992330,0.966884,0.965643,0.978995,0.972638,1.001192,1.029803,0.993588,0.977736,1.031357
5.531120,1.044317,1.037137,1.037874,1.028948,1.033006,1.033444,1.032816,1.032922,1.044264,1.033705,1.033293,1.029865,1.033705,1.034765,1.039701,1.042419,1.043748,1.041737,1.042609,0.979093,1.038423,1.033976,1.033022,1.044236,1.030902,1.047036,1.045421,1.034373,1.024526,0.992340,0.966853,0.965619,0.978959,0.972610,1.001163,1.029777,0.993578,0.977704,1.031335
5.539450,1.044302,1.037128,1.037858,1.028927,1.032981,1.033419,1.032791,1.032897,1.044240,1.033680,1.033268,1.029840,1.033680,1.034741,1.039677,1.042394,1.043725,1.041717,1.042574,0.979062,1.038396,1.033947,1.032994,1.044212,1.030887,1.047013,1.045398,1.034344,1.024494,0.992349,0.966820,0.965594,0.978921,0.972580,1.001133,1.029748,0.993565,0.977669,1.031312
5.547780,1.044286,1.037119,1.037841,1.028905,1.032956,1.033393,1.032766,1.032872,1.044217,1.033654,1.033242,1.029814,1.033655,1.034717,1.039652,1.042368,1.043702,1.041696,1.042539,0.979030,1.038369,1.033918,1.032965,1.044186,1.030872,1.046989,1.045374,1.034313,1.024462,0.992356,0.966787,0.965568,0.978882,0.972549,1.001102,1.029718,0.993552,0.977633,1.031290
5.556110,1.044270,1.037109,1.037823,1.028882,1.032930,1.033367,1.032740,1.032847,1.044193,1.033628,1.033216,1.029788,1.033629,1.034693,1.039627,1.042342,1.043678,1.041675,1.042503,0.978998,1.038341,1.033889,1.032936,1.044161,1.030856,1.046964,1.045350,1.034282,1.024429,0.992363,0.966754,0.965542,0.978842,0.972518,1.001070,1.029688,0.993538,0.977597,1.031267
5.564440,1.044254,1.037098,1.037804,1.028858,1.032903,1.033339,1.032713,1.032820,1.044168,1.033601,1.033188,1.029761,1.033602,1.034667,1.039600,1.042315,1.043653,1.041652,1.042465,0.978964,1.038312,1.033857,1.032905,1.044133,1.030839,1.046937,1.045324,1.034249,1.024394,0.992369,0.966720,0.965514,0.978801,0.972484,1.001036,1.029656,0.993522,0.977559,1.031244
5.572770,1.044237,1.037087,1.037785,1.028833,1.032876,1.033311,1.032686,1.032793,1.044143,1.033573,1.033161,1.029734,1.033575,1.034640,1.039573,1.042287,1.043627,1.041629,1.042427,0.978930,1.038282,1.033825,1.032874,1.044105,1.030821,1.046911,1.045298,1.034216,1.024359,0.992375,0.966686,0.965487,0.978760,0.972451,1.001003,1.029624,0.993506,0.977520,1.031221
5.581100,1.044221,1.037075,1.037765,1.028808,1.032849,1.033283,1.032659,1.032766,1.044118,1.033545,1.033132,1.029705,1.033547,1.034614,1.039545,1.042258,1.043601,1.041605,1.042389,0.978895,1.038252,1.033793,1.032842,1.044076,1.030804,1.046884,1.045271,1.034183,1.024323,0.992380,0.966651,0.965459,0.978718,0.972417,1.000968,1.029590,0.993489,0.977482,1.031198
5.589430,1.044204,1.037063,1.037745,1.028783,1.032821,1.033255,1.032631,1.032738,1.044093,1.033517,1.033104,1.029677,1.033519,1.034587,1.039517,1.042229,1.043574,1.041581,1.042350,0.978860,1.038221,1.033760,1.032810,1.044048,1.030786,1.046856,1.045244,1.034149,1.024287,0.992385,0.966616,0.965430,0.978677,0.972383,1.000934,1.029558,0.993473,0.977443,1.031176
5.597760,1.044187,1.037051,1.037725,1.028758,1.032793,1.033226,1.032603,1.032711,1.044068,1.033488,1.033075,1.029649,1.033491,1.034559,1.039489,1.042200,1.043547,1.041556,1.042311,0.978824,1.038190,1.033727,1.032777,1.044018,1.030767,1.046828,1.045216,1.034114,1.024251,0.992390,0.966581,0.965402,0.978634,0.972348,1.000898,1.029523,0.993455,0.977403,1.031153
5.606090,1.044171,1.037039,1.037704,1.028732,1.032765,1.033197,1.032575,1.032683,1.044043,1.033459,1.033047,1.029620,1.033462,1.034532,1.039460,1.042170,1.043520,1.041532,1.042272,0.978788,1.038159,1.033694,1.032745,1.043989,1.030749,1.046800,1.045189,1.034080,1.024214,0.992396,0.966546,0.965373,0.978593,0.972314,1.000863,1.029490,0.993438,0.977364,1.031130
5.614420,1.044154,1.037028,1.037684,1.028707,1.032737,1.033169,1.032547,1.032655,1.044019,1.033431,1.033018,1.029591,1.033434,1.034504,1.039432,1.042141,1.043494,1.041507,1.042233,0.978753,1.038128,1.033661,1.032712,1.043959,1.030731,1.046773,1.045162,1.034046,1.024178,0.992402,0.966512,0.965345,0.978551,0.972280,1.000828,1.029457,0.993421,0.977325,1.031108
5.622750,1.044138,1.037016,1.037664,1.028681,1.032709,1.033141,1.032519,1.032628,1.043994,1.033402,1.032990,1.029563,1.033406,1.034477,1.039403,1.042112,1.043467,1.041483,1.042195,0.978718,1.038097,1.033628,1.032680,1.043930,1.030713,1.046745,1.045135,1.034012,1.024142,0.992409,0.966477,0.965317,0.978510,0.972246,1.000793,1.029423,0.993404,0.977286,1.031086
5.631080,1.044122,1.037005,1.037645,1.028656,1.032681,1.033113,1.032492,1.032601,1.043970,1.033374,1.032962,1.029535,1.033378,1.034450,1.039375,1.042083,1.043441,1.041460,1.042157,0.978683,1.038066,1.033595,1.032648,1.043901,1.030697,1.046719,1.045108,1.033979,1.024107,0.992417,0.966443,0.965289,0.978469,0.972213,1.000758,1.029391,0.993388,0.977248,1.031064
5.639410,1.044107,1.036995,1.037626,1.028632,1.032654,1.033085,1.032465,1.032574,1.043946,1.033347,1.032934,1.029508,1.033351,1.034424,1.039348,1.042055,1.043415,1.041436,1.042120,0.978649,1.038036,1.033563,1.032616,1.043872,1.030680,1.046692,1.045082,1.033946,1.024072,0.992425,0.966410,0.965261,0.978429,0.972180,1.000724,1.029358,0.993372,0.977210,1.031042
5.647740,1.044092,1.036986,1.037608,1.028608,1.032628,1.033058,1.032438,1.032548,1.043922,1.033319,1.032907,1.029481,1.033324,1.034398,1.039320,1.042027,1.043390,1.041414,1.042083,0.978616,1.038006,1.033531,1.032585,1.043844,1.030665,1.046667,1.045057,1.033914,1.024038,0.992435,0.966377,0.965234,0.978389,0.972148,1.000690,1.029327,0.993357,0.977173,1.031021
5.656070,1.044077,1.036977,1.037590,1.028584,1.032602,1.033031,1.032412,1.032522,1.043899,1.033293,1.032880,1.029454,1.033298,1.034373,1.039294,1.042000,1.043365,1.041392,1.042047,0.978584,1.037977,1.033500,1.032555,1.043817,1.030650,1.046642,1.045032,1.033883,1.024005,0.992446,0.966345,0.965208,0.978351,0.972117,1.000657,1.029296,0.993343,0.977137,1.031000
5.664400,1.044063,1.036969,1.037573,1.028561,1.032576,1.033005,1.032387,1.032497,1.043877,1.033267,1.032855,1.029428,1.033273,1.034348,1.039268,1.041973,1.043342,1.041371,1.042012,0.978552,1.037949,1.033470,1.032525,1.043790,1.030637,1.046619,1.045009,1.033852,1.023973,0.992458,0.966313,0.965182,0.978313,0.972087,1.000624,1.029267,0.993329,0.977102,1.030980
5.672730,1.044050,1.036963,1.037557,1.028539,1.032552,1.032980,1.032362,1.032473,1.043855,1.033242,1.032830,1.029403,1.033248,1.034324,1.039243,1.041948,1.043319,1.041351,1.041978,0.978521,1.037922,1.033440,1.032497,1.043764,1.030625,1.046596,1.044986,1.033823,1.023942,0.992472,0.966282,0.965157,0.978276,0.972059,1.000592,1.029238,0.993317,0.977068,1.030959
5.681060,1.044037,1.036957,1.037543,1.028518,1.032528,1.032956,1.032339,1.032449,1.043833,1.033218,1.032805,1.029379,1.033224,1.034301,1.039219,1.041923,1.043297,1.041332,1.041945,0.978492,1.037895,1.033412,1.032469,1.043739,1.030614,1.046575,1.044964,1.033795,1.023912,0.992487,0.966252,0.965133,0.978241,0.972031,1.000561,1.029211,0.993306,0.977035,1.030940
5.689390,1.044025,1.036953,1.037529,1.028498,1.032505,1.032933,1.032316,1.032427,1.043813,1.033195,1.032782,1.029356,1.033201,1.034279,1.039196,1.041900,1.043277,1.041314,1.041914,0.978463,1.037870,1.033385,1.032443,1.043715,1.030604,1.046555,1.044944,1.033769,1.023884,0.992505,0.966223,0.965110,0.978206,0.972005,1.000531,1.029185,0.993296,0.977003,1.030921
5.697720,1.044014,1.036951,1.037517,1.028478,1.032483,1.032910,1.032294,1.032405,1.043792,1.033172,1.032760,1.029334,1.033179,1.034258,1.039175,1.041877,1.043257,1.041297,1.041884,0.978436,1.037846,1.033359,1.032417,1.043693,1.030596,1.046536,1.044925,1.033744,1.023857,0.992524,0.966195,0.965088,0.978173,0.971980,1.000502,1.029160,0.993287,0.976973,1.030902
5.706050,1.044003,1.036949,1.037506,1.028460,1.032463,1.032889,1.032273,1.032384,1.043773,1.033151,1.032739,1.029313,1.033159,1.034239,1.039154,1.041856,1.043239,1.041282,1.041855,0.978411,1.037823,1.033334,1.032393,1.043671,1.030590,1.046519,1.044908,1.033720,1.023832,0.992545,0.966169,0.965067,0.978142,0.971956,1.000475,1.029137,0.993279,0.976944,1.030884
5.714380,1.043994,1.036950,1.037496,1.028443,1.032443,1.032869,1.032253,1.032365,1.043755,1.033131,1.032719,1.029293,1.033139,1.034220,1.039135,1.041836,1.043223,1.041268,1.041827,0.978387,1.037801,1.033310,1.032371,1.043651,1.030585,1.046504,1.044892,1.033698,1.023808,0.992569,0.966143,0.965047,0.978112,0.971935,1.000448,1.029115,0.993274,0.976917,1.030867
5.722710,1.043985,1.036951,1.037488,1.028428,1.032425,1.032850,1.032234,1.032346,1.043737,1.033113,1.032700,1.029275,1.033121,1.034203,1.039116,1.041818,1.043207,1.041255,1.041801,0.978364,1.037781,1.033288,1.032349,1.043632,1.030582,1.046490,1.044877,1.033678,1.023785,0.992594,0.966118,0.965028,0.978083,0.971914,1.000423,1.029095,0.993269,0.976892,1.030850
5.731040,1.043978,1.036955,1.037481,1.028413,1.032407,1.032832,1.032217,1.032329,1.043720,1.033095,1.032682,1.029257,1.033104,1.034187,1.039100,1.041801,1.043194,1.041244,1.041777,0.978343,1.037762,1.033267,1.032329,1.043614,1.030580,1.046478,1.044864,1.033659,1.023765,0.992622,0.966094,0.965010,0.978055,0.971896,1.000399,1.029076,0.993267,0.976868,1.030833
5.739370,1.043971,1.036960,1.037476,1.028400,1.032391,1.032815,1.032200,1.032313,1.043704,1.033079,1.032666,1.029241,1.033088,1.034172,1.039084,1.041785,1.043182,1.041235,1.041755,0.978323,1.037745,1.033247,1.032311,1.043598,1.030581,1.046467,1.044853,1.033642,1.023746,0.992653,0.966072,0.964993,0.978030,0.971879,1.000376,1.029059,0.993266,0.976846,1.030818
5.747700,1.043965,1.036968,1.037473,1.028388,1.032377,1.032800,1.032185,1.032298,1.043688,1.033064,1.032651,1.029226,1.033073,1.034158,1.039071,1.041771,1.043171,1.041227,1.041733,0.978305,1.037729,1.033229,1.032294,1.043584,1.030583,1.046459,1.044844,1.033627,1.023729,0.992686,0.966051,0.964978,0.978005,0.971863,1.000354,1.029044,0.993266,0.976826,1.030803
5.756030,1.043960,1.036976,1.037471,1.028378,1.032363,1.032786,1.032172,1.032284,1.043674,1.033051,1.032638,1.029213,1.033060,1.034146,1.039058,1.041759,1.043162,1.041221,1.041714,0.978288,1.037714,1.033213,1.032279,1.043571,1.030588,1.046452,1.044836,1.033614,1.023714,0.992721,0.966031,0.964964,0.977983,0.971850,1.000334,1.029031,0.993269,0.976807,1.030788
5.764360,1.043957,1.036987,1.037471,1.028369,1.032351,1.032774,1.032159,1.032271,1.043661,1.033039,1.032625,1.029201,1.033049,1.034136,1.039047,1.041748,1.043155,1.041216,1.041696,0.978274,1.037701,1.033198,1.032265,1.043559,1.030594,1.046447,1.044830,1.033603,1.023701,0.992759,0.966013,0.964951,0.977962,0.971838,1.000316,1.029019,0.993273,0.976790,1.030774
5.772690,1.043954,1.037000,1.037472,1.028362,1.032340,1.032762,1.032148,1.032260,1.043648,1.033028,1.032614,1.029190,1.033038,1.034127,1.039038,1.041738,1.043149,1.041213,1.041680,0.978260,1.037690,1.033185,1.032253,1.043549,1.030603,1.046444,1.044826,1.033593,1.023690,0.992799,0.965995,0.964939,0.977942,0.971828,1.000299,1.029009,0.993279,0.976775,1.030761
5.781020,1.043952,1.037015,1.037475,1.028356,1.032331,1.032752,1.032138,1.032250,1.043637,1.033018,1.032605,1.029181,1.033030,1.034119,1.039030,1.041731,1.043145,1.041212,1.041666,0.978249,1.037680,1.033173,1.032243,1.043541,1.030613,1.046443,1.044823,1.033586,1.023680,0.992842,0.965979,0.964929,0.977924,0.971820,1.000283,1.029001,0.993287,0.976762,1.030749
5.789350,1.043952,1.037031,1.037480,1.028351,1.032323,1.032744,1.032129,1.032241,1.043626,1.033011,1.032597,1.029173,1.033022,1.034113,1.039024,1.041724,1.043143,1.041212,1.041653,0.978239,1.037672,1.033163,1.032234,1.043534,1.030625,1.046443,1.044822,1.033580,1.023673,0.992888,0.965965,0.964920,0.977908,0.971813,1.000269,1.028995,0.993297,0.976751,1.030737
5.797680,1.043952,1.037049,1.037487,1.028348,1.032316,1.032737,1.032122,1.032234,1.043616,1.033004,1.032590,1.029167,1.033016,1.034108,1.039019,1.041720,1.043142,1.041214,1.041642,0.978230,1.037666,1.033154,1.032227,1.043529,1.030640,1.046446,1.044824,1.033576,1.023667,0.992936,0.965951,0.964913,0.977893,0.971808,1.000256,1.028990,0.993309,0.976742,1.030725
5.806010,1.043953,1.037070,1.037495,1.028346,1.032311,1.032731,1.032116,1.032228,1.043607,1.032999,1.032585,1.029162,1.033012,1.034105,1.039016,1.041717,1.043143,1.041218,1.041633,0.978224,1.037661,1.033147,1.032221,1.043525,1.030656,1.046450,1.044826,1.033574,1.023663,0.992987,0.965939,0.964907,0.977880,0.971805,1.000244,1.028988,0.993322,0.976734,1.030715
5.814340,1.043956,1.037092,1.037505,1.028346,1.032307,1.032726,1.032111,1.032223,1.043599,1.032995,1.032581,1.029158,1.033008,1.034103,1.039015,1.041715,1.043146,1.041224,1.041625,0.978219,1.037657,1.033141,1.032217,1.043523,1.030674,1.046457,1.044831,1.033574,1.023662,0.993040,0.965928,0.964902,0.977868,0.971803,1.000234,1.028987,0.993337,0.976728,1.030705
5.822670,1.043959,1.037116,1.037517,1.028347,1.032304,1.032723,1.032108,1.032220,1.043592,1.032993,1.032578,1.029156,1.033007,1.034103,1.039014,1.041716,1.043150,1.041231,1.041619,0.978215,1.037655,1.033137,1.032215,1.043523,1.030695,1.046465,1.044837,1.033576,1.023662,0.993096,0.965918,0.964898,0.977858,0.971803,1.000226,1.028987,0.993354,0.976724,1.030695
5.831000,1.043963,1.037141,1.037530,1.028350,1.032303,1.032721,1.032106,1.032217,1.043586,1.032992,1.032577,1.029155,1.033006,1.034104,1.039016,1.041717,1.043156,1.041239,1.041614,0.978213,1.037655,1.033134,1.032214,1.043524,1.030717,1.046475,1.044845,1.033579,1.023663,0.993154,0.965910,0.964895,0.977848,0.971804,1.000218,1.028990,0.993373,0.976722,1.030687
5.839330,1.043969,1.037169,1.037545,1.028354,1.032303,1.032721,1.032105,1.032216,1.043580,1.032992,1.032577,1.029155,1.033007,1.034106,1.039018,1.041720,1.043163,1.041250,1.041611,0.978212,1.037656,1.033133,1.032215,1.043526,1.030741,1.046486,1.044855,1.033585,1.023667,0.993215,0.965902,0.964894,0.977841,0.971807,1.000212,1.028993,0.993394,0.976721,1.030678
5.847660,1.043975,1.037198,1.037561,1.028359,1.032304,1.032721,1.032105,1.032216,1.043576,1.032994,1.032578,1.029157,1.033009,1.034110,1.039023,1.041725,1.043172,1.041261,1.041609,0.978213,1.037658,1.033133,1.032216,1.043530,1.030766,1.046500,1.044866,1.033592,1.023672,0.993278,0.965896,0.964894,0.977834,0.971812,1.000208,1.028999,0.993416,0.976722,1.030671
5.855990,1.043982,1.037229,1.037579,1.028366,1.032307,1.032723,1.032106,1.032217,1.043572,1.032996,1.032581,1.029160,1.033013,1.034115,1.039028,1.041731,1.043182,1.041275,1.041608,0.978214,1.037662,1.033135,1.032220,1.043535,1.030794,1.046515,1.044879,1.033600,1.023678,0.993344,0.965891,0.964895,0.977829,0.971818,1.000204,1.029006,0.993440,0.976724,1.030664
5.864320,1.043990,1.037262,1.037599,1.028374,1.032310,1.032726,1.032109,1.032220,1.043569,1.033000,1.032584,1.029164,1.033017,1.034121,1.039035,1.041738,1.043194,1.041289,1.041609,0.978218,1.037667,1.033138,1.032224,1.043542,1.030823,1.046531,1.044894,1.033611,1.023687,0.993411,0.965886,0.964897,0.977825,0.971825,1.000202,1.029014,0.993465,0.976728,1.030657
5.872650,1.043999,1.037296,1.037619,1.028383,1.032315,1.032730,1.032112,1.032223,1.043567,1.033005,1.032589,1.029169,1.033023,1.034128,1.039043,1.041746,1.043207,1.041305,1.041611,0.978222,1.037673,1.033142,1.032230,1.043549,1.030853,1.046549,1.044909,1.033622,1.023697,0.993481,0.965883,0.964900,0.977822,0.971833,1.000200,1.029024,0.993492,0.976733,1.030651
5.880980,1.044008,1.037331,1.037641,1.028393,1.032320,1.032735,1.032117,1.032227,1.043565,1.033012,1.032595,1.029176,1.033030,1.034136,1.039052,1.041756,1.043221,1.041322,1.041614,0.978227,1.037680,1.033147,1.032237,1.043558,1.030886,1.046568,1.044926,1.033635,1.023708,0.993552,0.965881,0.964904,0.977820,0.971842,1.000200,1.029034,0.993520,0.976740,1.030646
5.889310,1.044019,1.037368,1.037664,1.028404,1.032327,1.032741,1.032122,1.032232,1.043564,1.033019,1.032601,1.029183,1.033037,1.034146,1.039062,1.041766,1.043237,1.041341,1.041618,0.978234,1.037689,1.033153,1.032245,1.043568,1.030919,1.046589,1.044945,1.033650,1.023720,0.993626,0.965879,0.964909,0.977819,0.971852,1.000201,1.029046,0.993549,0.976748,1.030641
5.897640,1.044030,1.037406,1.037689,1.028416,1.032334,1.032748,1.032129,1.032238,1.043564,1.033027,1.032609,1.029191,1.033046,1.034156,1.039073,1.041778,1.043253,1.041360,1.041623,0.978241,1.037698,1.033160,1.032254,1.043580,1.030954,1.046611,1.044964,1.033665,1.023734,0.993701,0.965879,0.964915,0.977819,0.971864,1.000202,1.029060,0.993580,0.976757,1.030636
5.905970,1.044042,1.037445,1.037714,1.028429,1.032343,1.032756,1.032136,1.032245,1.043564,1.033036,1.032618,1.029200,1.033056,1.034168,1.039085,1.041791,1.043271,1.041381,1.041629,0.978249,1.037708,1.033168,1.032264,1.043592,1.030990,1.046634,1.044984,1.033682,1.023749,0.993778,0.965879,0.964922,0.977820,0.971876,1.000205,1.029074,0.993612,0.976767,1.030632
5.914300,1.044054,1.037486,1.037740,1.028443,1.032352,1.032764,1.032144,1.032253,1.043565,1.033045,1.032627,1.029210,1.033066,1.034180,1.039098,1.041805,1.043289,1.041402,1.041636,0.978258,1.037720,1.033177,1.032275,1.043604,1.031027,1.046658,1.045006,1.033700,1.023764,0.993856,0.965880,0.964929,0.977821,0.971889,1.000208,1.029089,0.993645,0.976778,1.030628
5.922630,1.044067,1.037527,1.037768,1.028458,1.032362,1.032773,1.032152,1.032261,1.043567,1.033056,1.032637,1.029221,1.033077,1.034193,1.039112,1.041819,1.043309,1.041425,1.041643,0.978268,1.037732,1.033187,1.032287,1.043618,1.031065,1.046683,1.045028,1.033718,1.023781,0.993936,0.965881,0.964937,0.977823,0.971902,1.000211,1.029104,0.993679,0.976790,1.030625
5.930960,1.044080,1.037569,1.037796,1.028473,1.032372,1.032783,1.032161,1.032270,1.043569,1.033067,1.032648,1.029232,1.033089,1.034206,1.039127,1.041834,1.043329,1.041448,1.041651,0.978278,1.037744,1.033197,1.032299,1.043633,1.031104,1.046709,1.045052,1.033738,1.023799,0.994016,0.965883,0.964946,0.977825,0.971916,1.000216,1.029121,0.993714,0.976803,1.030622
5.939290,1.044094,1.037612,1.037824,1.028489,1.032383,1.032794,1.032171,1.032279,1.043571,1.033078,1.032659,1.029244,1.033101,1.034220,1.039142,1.041850,1.043349,1.041471,1.041659,0.978288,1.037757,1.033208,1.032312,1.043648,1.031144,1.046736,1.045075,1.033758,1.023817,0.994098,0.965885,0.964955,0.977828,0.971931,1.000221,1.029137,0.993749,0.976816,1.030619
5.947620,1.044108,1.037656,1.037853,1.028506,1.032395,1.032804,1.032181,1.032289,1.043573,1.033090,1.032671,1.029256,1.033114,1.034235,1.039157,1.041866,1.043370,1.041496,1.041668,0.978299,1.037771,1.033219,1.032325,1.043663,1.031184,1.046763,1.045100,1.033779,1.023836,0.994181,0.965888,0.964964,0.977831,0.971945,1.000226,1.029155,0.993786,0.976830,1.030616
5.955950,1.044122,1.037700,1.037883,1.028523,1.032407,1.032816,1.032192,1.032299,1.043576,1.033103,1.032683,1.029269,1.033127,1.034250,1.039173,1.041882,1.043392,1.041520,1.041677,0.978310,1.037785,1.033230,1.032339,1.043679,1.031225,1.046790,1.045125,1.033801,1.023855,0.994264,0.965891,0.964974,0.977834,0.971960,1.000232,1.029173,0.993823,0.976844,1.030614
5.964280,1.044137,1.037744,1.037913,1.028540,1.032419,1.032827,1.032203,1.032310,1.043579,1.033116,1.032695,1.029282,1.033141,1.034266,1.039190,1.041899,1.043414,1.041545,1.041686,0.978322,1.037800,1.033242,1.032352,1.043695,1.031267,1.046819,1.045150,1.033822,1.023875,0.994348,0.965894,0.964984,0.977837,0.971976,1.000237,1.029191,0.993860,0.976859,1.030612
5.972610,1.044152,1.037789,1.037943,1.028557,1.032431,1.032839,1.032214,1.032321,1.043583,1.033129,1.032708,1.029295,1.033155,1.034281,1.039206,1.041916,1.043436,1.041571,1.041696,0.978333,1.037814,1.033254,1.032367,1.043712,1.031308,1.046847,1.045175,1.033844,1.023895,0.994432,0.965898,0.964995,0.977841,0.971991,1.000243,1.029209,0.993897,0.976874,1.030610
5.980940,1.044167,1.037834,1.037974,1.028575,1.032444,1.032851,1.032225,1.032331,1.043586,1.033142,1.032720,1.029308,1.033168,1.034297,1.039223,1.041934,1.043459,1.041596,1.041705,0.978345,1.037829,1.033266,1.032381,1.043728,1.031350,1.046875,1.045201,1.033867,1.023915,0.994516,0.965901,0.965005,0.977844,0.972006,1.000249,1.029227,0.993935,0.976889,1.030609
5.989270,1.044182,1.037879,1.038004,1.028593,1.032456,1.032863,1.032236,1.032342,1.043590,1.033155,1.032733,1.029322,1.033182,1.034313,1.039239,1.041951,1.043481,1.041622,1.041714,0.978356,1.037843,1.033278,1.032395,1.043745,1.031392,1.046904,1.045227,1.033889,1.023935,0.994600,0.965905,0.965016,0.977847,0.972021,1.000255,1.029245,0.993973,0.976904,1.030607
5.997600,1.044197,1.037924,1.038035,1.028611,1.032469,1.032875,1.032248,1.032353,1.043593,1.033168,1.032746,1.029335,1.033196,1.034329,1.039256,1.041968,1.043503,1.041647,1.041723,0.978367,1.037858,1.033290,1.032409,1.043761,1.031434,1.046932,1.045252,1.033911,1.023956,0.994685,0.965908,0.965026,0.977850,0.972036,1.000261,1.029263,0.994011,0.976920,1.030606
6.005930,1.044212,1.037968,1.038065,1.028628,1.032482,1.032887,1.032259,1.032364,1.043597,1.033181,1.032759,1.029348,1.033210,1.034344,1.039272,1.041985,1.043525,1.041672,1.041732,0.978378,1.037872,1.033302,1.032422,1.043778,1.031476,1.046961,1.045278,1.033933,1.023976,0.994768,0.965912,0.965037,0.977852,0.972050,1.000266,1.029280,0.994048,0.976935,1.030604
6.014260,1.044227,1.038013,1.038095,1.028646,1.032494,1.032898,1.032270,1.032375,1.043600,1.033194,1.032771,1.029361,1.033224,1.034360,1.039289,1.042001,1.043547,1.041697,1.041740,0.978388,1.037886,1.033313,1.032436,1.043794,1.031517,1.046989,1.045303,1.033955,1.023995,0.994852,0.965915,0.965047,0.977854,0.972064,1.000272,1.029297,0.994086,0.976949,1.030603
6.022590,1.044242,1.038057,1.038124,1.028663,1.032506,1.032910,1.032281,1.032385,1.043604,1.033207,1.032783,1.029374,1.033237,1.034375,1.039305,1.042018,1.043569,1.041722,1.041748,0.978398,1.037900,1.033324,1.032449,1.043809,1.031558,1.047016,1.045328,1.033976,1.024014,0.994935,0.965918,0.965056,0.977856,0.972077,1.000277,1.029314,0.994123,0.976963,1.030601
6.030920,1.044256,1.038100,1.038154,1.028680,1.032518,1.032921,1.032291,1.032396,1.043607,1.033219,1.032795,1.029386,1.033250,1.034390,1.039320,1.042034,1.043590,1.041746,1.041755,0.978407,1.037913,1.033335,1.032461,1.043825,1.031598,1.047043,1.045352,1.033997,1.024033,0.995017,0.965920,0.965066,0.977857,0.972090,1.000281,1.029330,0.994160,0.976977,1.030600
6.039250,1.044270,1.038143,1.038182,1.028696,1.032529,1.032931,1.032301,1.032405,1.043610,1.033231,1.032806,1.029398,1.033262,1.034404,1.039335,1.042049,1.043610,1.041769,1.041761,0.978415,1.037926,1.033345,1.032473,1.043839,1.031638,1.047070,1.045376,1.034018,1.024051,0.995098,0.965922,0.965075,0.977857,0.972102,1.000285,1.029345,0.994196,0.976990,1.030599
6.047580,1.044284,1.038185,1.038210,1.028712,1.032540,1.032941,1.032311,1.032415,1.043613,1.033242,1.032817,1.029410,1.033274,1.034418,1.039349,1.042063,1.043630,1.041792,1.041767,0.978423,1.037937,1.033354,1.032484,1.043854,1.031677,1.047095,1.045398,1.034037,1.024069,0.995178,0.965924,0.965084,0.977856,0.972113,1.000288,1.029360,0.994232,0.977003,1.030597
6.055910,1.044298,1.038226,1.038237,1.028727,1.032550,1.032951,1.032320,1.032424,1.043616,1.033253,1.032828,1.029421,1.033286,1.034431,1.039363,1.042077,1.043649,1.041814,1.041771,0.978430,1.037949,1.033362,1.032495,1.043867,1.031715,1.047120,1.045421,1.034056,1.024085,0.995256,0.965924,0.965092,0.977855,0.972123,1.000290,1.029373,0.994266,0.977014,1.030595
6.064240,1.044311,1.038266,1.038263,1.028742,1.032560,1.032960,1.032328,1.032432,1.043618,1.033262,1.032837,1.029431,1.033296,1.034443,1.039376,1.042090,1.043667,1.041836,1.041775,0.978436,1.037959,1.033370,1.032504,1.043879,1.031752,1.047144,1.045442,1.034074,1.024101,0.995334,0.965925,0.965099,0.977852,0.972132,1.000292,1.029386,0.994300,0.977025,1.030593
6.072570,1.044323,1.038306,1.038289,1.028755,1.032569,1.032968,1.032336,1.032440,1.043620,1.033272,1.032846,1.029440,1.033306,1.034455,1.039388,1.042103,1.043684,1.041856,1.041778,0.978441,1.037968,1.033377,1.032513,1.043891,1.031789,1.047167,1.045462,1.034091,1.024116,0.995409,0.965924,0.965106,0.977849,0.972140,1.000293,1.029398,0.994333,0.977035,1.030591
6.080900,1.044335,1.038344,1.038313,1.028768,1.032577,1.032976,1.032343,1.032446,1.043622,1.033280,1.032854,1.029449,1.033316,1.034466,1.039399,1.042114,1.043700,1.041875,1.041779,0.978445,1.037977,1.033383,1.032520,1.043902,1.031824,1.047189,1.045482,1.034106,1.024130,0.995484,0.965923,0.965112,0.977845,0.972147,1.000293,1.029408,0.994366,0.977044,1.030589
6.089230,1.044347,1.038381,1.038336,1.028780,1.032584,1.032982,1.032350,1.032453,1.043623,1.033288,1.032862,1.029457,1.033324,1.034476,1.039409,1.042124,1.043715,1.041894,1.041780,0.978448,1.037984,1.033387,1.032527,1.043912,1.031858,1.047210,1.045500,1.034121,1.024142,0.995556,0.965922,0.965117,0.977839,0.972153,1.000291,1.029417,0.994397,0.977052,1.030587
6.097560,1.044358,1.038416,1.038359,1.028791,1.032591,1.032988,1.032355,1.032458,1.043623,1.033295,1.032868,1.029464,1.033331,1.034485,1.039418,1.042133,1.043729,1.041911,1.041779,0.978449,1.037991,1.033391,1.032532,1.043920,1.031890,1.047230,1.045517,1.034135,1.024154,0.995627,0.965919,0.965121,0.977833,0.972157,1.000289,1.029426,0.994426,0.977058,1.030584
6.105890,1.044368,1.038450,1.038380,1.028802,1.032596,1.032993,1.032360,1.032463,1.043623,1.033300,1.032874,1.029470,1.033338,1.034493,1.039426,1.042141,1.043742,1.041927,1.041777,0.978450,1.037996,1.033393,1.032536,1.043928,1.031921,1.047248,1.045533,1.034147,1.024164,0.995695,0.965915,0.965124,0.977825,0.972161,1.000286,1.029432,0.994455,0.977064,1.030581
6.114220,1.044378,1.038483,1.038399,1.028811,1.032601,1.032997,1.032364,1.032466,1.043623,1.033305,1.032878,1.029475,1.033343,1.034500,1.039433,1.042148,1.043754,1.041941,1.041774,0.978449,1.038000,1.033394,1.032539,1.043934,1.031951,1.047265,1.045547,1.034158,1.024172,0.995762,0.965911,0.965127,0.977816,0.972163,1.000281,1.029438,0.994482,0.977068,1.030578
6.122550,1.044387,1.038515,1.038418,1.028819,1.032605,1.033000,1.032367,1.032469,1.043622,1.033309,1.032882,1.029479,1.033348,1.034506,1.039439,1.042154,1.043765,1.041955,1.041770,0.978447,1.038003,1.033395,1.032542,1.043940,1.031980,1.047281,1.045561,1.034168,1.024180,0.995828,0.965906,0.965129,0.977806,0.972164,1.000276,1.029442,0.994509,0.977071,1.030575
6.130880,1.044395,1.038546,1.038436,1.028827,1.032608,1.033003,1.032369,1.032472,1.043621,1.033312,1.032885,1.029482,1.033351,1.034511,1.039443,1.042159,1.043774,1.041968,1.041764,0.978444,1.038005,1.033394,1.032542,1.043944,1.032008,1.047296,1.045573,1.034176,1.024187,0.995891,0.965900,0.965130,0.977795,0.972163,1.000270,1.029445,0.994534,0.977073,1.030571
6.139210,1.044403,1.038574,1.038451,1.028832,1.032609,1.033004,1.032370,1.032472,1.043619,1.033314,1.032886,1.029484,1.033353,1.034515,1.039446,1.042161,1.043782,1.041978,1.041757,0.978439,1.038005,1.033391,1.032541,1.043946,1.032033,1.047308,1.045583,1.034182,1.024191,0.995951,0.965893,0.965129,0.977782,0.972161,1.000262,1.029446,0.994557,0.977072,1.030567
6.147540,1.044410,1.038601,1.038466,1.028837,1.032610,1.033004,1.032370,1.032472,1.043617,1.033314,1.032887,1.029485,1.033355,1.034518,1.039449,1.042164,1.043789,1.041988,1.041749,0.978434,1.038004,1.033388,1.032539,1.043948,1.032057,1.047320,1.045593,1.034188,1.024195,0.996010,0.965885,0.965128,0.977768,0.972158,1.000253,1.029447,0.994580,0.977072,1.030563
6.155870,1.044416,1.038627,1.038480,1.028841,1.032610,1.033003,1.032369,1.032472,1.043614,1.033314,1.032886,1.029485,1.033355,1.034519,1.039450,1.042164,1.043794,1.041997,1.041739,0.978426,1.038002,1.033383,1.032536,1.043948,1.032080,1.047330,1.045601,1.034192,1.024196,0.996067,0.965876,0.965126,0.977753,0.972153,1.000243,1.029445,0.994601,0.977069,1.030559
6.164200,1.044422,1.038650,1.038491,1.028843,1.032608,1.033001,1.032367,1.032469,1.043610,1.033312,1.032884,1.029483,1.033354,1.034519,1.039449,1.042163,1.043797,1.042003,1.041727,0.978417,1.037998,1.033376,1.032531,1.043947,1.032100,1.047338,1.045606,1.034194,1.024196,0.996120,0.965865,0.965122,0.977735,0.972146,1.000231,1.029441,0.994619,0.977064,1.030554
6.172530,1.044426,1.038673,1.038501,1.028845,1.032606,1.032998,1.032364,1.032467,1.043606,1.033310,1.032881,1.029481,1.033352,1.034519,1.039447,1.042161,1.043800,1.042009,1.041714,0.978407,1.037994,1.033368,1.032525,1.043944,1.032120,1.047345,1.045611,1.034195,1.024195,0.996173,0.965854,0.965117,0.977718,0.972138,1.000218,1.029437,0.994638,0.977059,1.030549
6.180860,1.044431,1.038694,1.038510,1.028845,1.032603,1.032993,1.032360,1.032463,1.043601,1.033306,1.032878,1.029477,1.033348,1.034516,1.039444,1.042157,1.043801,1.042013,1.041700,0.978396,1.037987,1.033359,1.032517,1.043940,1.032138,1.047350,1.045615,1.034194,1.024192,0.996223,0.965842,0.965112,0.977698,0.972129,1.000204,1.029431,0.994654,0.977052,1.030544
6.189190,1.044433,1.038712,1.038517,1.028843,1.032597,1.032987,1.032355,1.032457,1.043595,1.033300,1.032872,1.029472,1.033343,1.034513,1.039439,1.042152,1.043800,1.042015,1.041683,0.978382,1.037979,1.033348,1.032507,1.043934,1.032153,1.047353,1.045616,1.034191,1.024187,0.996269,0.965829,0.965105,0.977677,0.972118,1.000187,1.029423,0.994668,0.977043,1.030538
6.197520,1.044436,1.038730,1.038523,1.028841,1.032592,1.032981,1.032348,1.032451,1.043589,1.033294,1.032866,1.029466,1.033337,1.034508,1.039433,1.042146,1.043798,1.042016,1.041666,0.978368,1.037970,1.033336,1.032497,1.043928,1.032168,1.047356,1.045616,1.034188,1.024181,0.996314,0.965814,0.965097,0.977655,0.972106,1.000171,1.029414,0.994682,0.977033,1.030532
6.205850,1.044438,1.038745,1.038528,1.028837,1.032585,1.032973,1.032341,1.032444,1.043582,1.033287,1.032858,1.029458,1.033330,1.034502,1.039426,1.042138,1.043795,1.042016,1.041647,0.978352,1.037959,1.033322,1.032485,1.043919,1.032180,1.047356,1.045615,1.034182,1.024174,0.996357,0.965799,0.965088,0.977631,0.972091,1.000152,1.029403,0.994693,0.977021,1.030526
6.214180,1.044439,1.038759,1.038530,1.028832,1.032576,1.032964,1.032332,1.032436,1.043575,1.033277,1.032849,1.029449,1.033322,1.034495,1.039417,1.042128,1.043789,1.042013,1.041626,0.978334,1.037946,1.033307,1.032471,1.043909,1.032191,1.047355,1.045612,1.034174,1.024164,0.996397,0.965782,0.965077,0.977606,0.972076,1.000132,1.029390,0.994703,0.977007,1.030519
6.222510,1.044439,1.038772,1.038532,1.028826,1.032567,1.032954,1.032323,1.032426,1.043567,1.033268,1.032839,1.029440,1.033312,1.034486,1.039407,1.042117,1.043783,1.042010,1.041605,0.978315,1.037933,1.033291,1.032456,1.043898,1.032201,1.047352,1.045608,1.034166,1.024153,0.996436,0.965765,0.965066,0.977579,0.972059,1.000111,1.029376,0.994712,0.976993,1.030512
6.230840,1.044439,1.038783,1.038532,1.028819,1.032557,1.032943,1.032313,1.032416,1.043558,1.033257,1.032828,1.029429,1.033302,1.034477,1.039396,1.042105,1.043775,1.042005,1.041581,0.978295,1.037918,1.033273,1.032439,1.043886,1.032209,1.047348,1.045602,1.034155,1.024141,0.996472,0.965747,0.965054,0.977552,0.972041,1.000089,1.029361,0.994719,0.976977,1.030505
6.239170,1.044437,1.038792,1.038531,1.028810,1.032545,1.032931,1.032301,1.032405,1.043549,1.033244,1.032816,1.029417,1.033290,1.034466,1.039383,1.042091,1.043766,1.041999,1.041557,0.978273,1.037902,1.033253,1.032421,1.043872,1.032215,1.047342,1.045594,1.034143,1.024127,0.996506,0.965727,0.965041,0.977522,0.972021,1.000065,1.029343,0.994724,0.976958,1.030498
6.247500,1.044436,1.038800,1.038529,1.028800,1.032532,1.032918,1.032288,1.032393,1.043540,1.033231,1.032803,1.029404,1.033277,1.034454,1.039370,1.042077,1.043755,1.041992,1.041531,0.978251,1.037884,1.033233,1.032402,1.043857,1.032220,1.047335,1.045586,1.034130,1.024112,0.996538,0.965707,0.965026,0.977492,0.972000,1.000040,1.029326,0.994729,0.976939,1.030490
6.255830,1.044433,1.038807,1.038525,1.028789,1.032519,1.032904,1.032275,1.032379,1.043529,1.033217,1.032789,1.029390,1.033263,1.034441,1.039354,1.042061,1.043743,1.041983,1.041503,0.978226,1.037865,1.033211,1.032382,1.043840,1.032223,1.047327,1.045576,1.034115,1.024095,0.996569,0.965686,0.965011,0.977460,0.971977,1.000014,1.029306,0.994732,0.976919,1.030482
6.264160,1.044430,1.038812,1.038519,1.028777,1.032504,1.032889,1.032260,1.032365,1.043519,1.033201,1.032773,1.029374,1.033248,1.034426,1.039338,1.042043,1.043730,1.041972,1.041474,0.978200,1.037845,1.033188,1.032360,1.043822,1.032225,1.047316,1.045564,1.034099,1.024076,0.996597,0.965664,0.964994,0.977428,0.971953,0.999986,1.029284,0.994733,0.976897,1.030474
6.272490,1.044427,1.038816,1.038513,1.028765,1.032489,1.032873,1.032245,1.032350,1.043508,1.033185,1.032757,1.029358,1.033232,1.034411,1.039321,1.042025,1.043716,1.041961,1.041445,0.978174,1.037824,1.033164,1.032337,1.043804,1.032226,1.047305,1.045551,1.034082,1.024057,0.996624,0.965641,0.964977,0.977394,0.971929,0.999958,1.029262,0.994734,0.976874,1.030466
6.280820,1.044423,1.038820,1.038506,1.028751,1.032473,1.032856,1.032229,1.032335,1.043496,1.033168,1.032740,1.029341,1.033215,1.034395,1.039302,1.042006,1.043701,1.041949,1.041414,0.978146,1.037802,1.033139,1.032313,1.043784,1.032226,1.047293,1.045538,1.034063,1.024037,0.996650,0.965618,0.964960,0.977359,0.971903,0.999929,1.029239,0.994733,0.976850,1.030457
6.289150,1.044418,1.038821,1.038498,1.028736,1.032456,1.032838,1.032212,1.032318,1.043484,1.033150,1.032722,1.029323,1.033198,1.034378,1.039283,1.041985,1.043684,1.041936,1.041381,0.978117,1.037778,1.033112,1.032288,1.043763,1.032224,1.047280,1.045523,1.034043,1.024015,0.996673,0.965593,0.964941,0.977323,0.971875,0.999898,1.029214,0.994731,0.976824,1.030449
6.297480,1.044413,1.038822,1.038488,1.028720,1.032438,1.032820,1.032195,1.032301,1.043472,1.033131,1.032703,1.029305,1.033179,1.034360,1.039262,1.041963,1.043666,1.041921,1.041348,0.978087,1.037753,1.033085,1.032262,1.043741,1.032221,1.047265,1.045507,1.034022,1.023991,0.996695,0.965568,0.964921,0.977286,0.971847,0.999866,1.029188,0.994728,0.976797,1.030440
6.305810,1.044408,1.038822,1.038478,1.028704,1.032419,1.032801,1.032176,1.032283,1.043459,1.033111,1.032684,1.029285,1.033159,1.034341,1.039241,1.041941,1.043648,1.041906,1.041314,0.978057,1.037728,1.033056,1.032235,1.043718,1.032218,1.047249,1.045490,1.034000,1.023967,0.996717,0.965543,0.964901,0.977248,0.971818,0.999834,1.029162,0.994724,0.976770,1.030431
6.314140,1.044402,1.038821,1.038467,1.028687,1.032400,1.032781,1.032157,1.032265,1.043446,1.033091,1.032664,1.029265,1.033139,1.034322,1.039219,1.041917,1.043629,1.041890,1.041279,0.978025,1.037702,1.033027,1.032207,1.043694,1.032214,1.047233,1.045472,1.033977,1.023942,0.996737,0.965516,0.964880,0.977209,0.971788,0.999800,1.029134,0.994720,0.976742,1.030422
6.322470,1.044396,1.038819,1.038455,1.028669,1.032380,1.032760,1.032138,1.032246,1.043433,1.033070,1.032643,1.029244,1.033119,1.034301,1.039196,1.041893,1.043609,1.041873,1.041243,0.977992,1.037675,1.032997,1.032178,1.043669,1.032208,1.047215,1.045454,1.033954,1.023917,0.996756,0.965490,0.964858,0.977170,0.971757,0.999766,1.029106,0.994714,0.976713,1.030413
6.330800,1.044390,1.038816,1.038443,1.028651,1.032360,1.032739,1.032118,1.032226,1.043419,1.033049,1.032622,1.029223,1.033097,1.034280,1.039172,1.041868,1.043588,1.041855,1.041206,0.977959,1.037647,1.032966,1.032148,1.043644,1.032202,1.047197,1.045434,1.033929,1.023890,0.996774,0.965462,0.964836,0.977130,0.971725,0.999731,1.029077,0.994707,0.976682,1.030404
6.339130,1.044384,1.038813,1.038430,1.028631,1.032339,1.032718,1.032097,1.032206,1.043405,1.033027,1.032600,1.029201,1.033075,1.034259,1.039148,1.041842,1.043566,1.041837,1.041168,0.977925,1.037618,1.032935,1.032118,1.043618,1.032195,1.047178,1.045414,1.033904,1.023862,0.996792,0.965435,0.964813,0.977089,0.971693,0.999696,1.029047,0.994700,0.976652,1.030394
6.347460,1.044377,1.038809,1.038416,1.028612,1.032317,1.032696,1.032076,1.032186,1.043392,1.033004,1.032577,1.029178,1.033053,1.034237,1.039123,1.041816,1.043544,1.041818,1.041130,0.977890,1.037589,1.032903,1.032087,1.043591,1.032187,1.047158,1.045393,1.033877,1.023834,0.996808,0.965407,0.964790,0.977047,0.971660,0.999660,1.029016,0.994692,0.976620,1.030385
6.355790,1.044370,1.038805,1.038402,1.028592,1.032296,1.032673,1.032055,1.032165,1.043377,1.032981,1.032554,1.029155,1.033030,1.034215,1.039097,1.041789,1.043521,1.041799,1.041092,0.977855,1.037559,1.032870,1.032055,1.043563,1.032179,1.047138,1.045372,1.033851,1.023806,0.996824,0.965378,0.964767,0.977005,0.971626,0.999623,1.028985,0.994684,0.976588,1.030376
6.364120,1.044363,1.038800,1.038387,1.028571,1.032274,1.032651,1.032034,1.032144,1.043363,1.032957,1.032531,1.029132,1.033007,1.034192,1.039071,1.041762,1.043498,1.041779,1.041052,0.977819,1.037529,1.032837,1.032023,1.043536,1.032171,1.047117,1.045350,1.033823,1.023776,0.996840,0.965350,0.964743,0.976963,0.971591,0.999586,1.028953,0.994675,0.976555,1.030367
6.372450,1.044356,1.038795,1.038372,1.028551,1.032251,1.032628,1.032012,1.032123,1.043349,1.032934,1.032508,1.029108,1.032983,1.034169,1.039045,1.041734,1.043475,1.041758,1.041012,0.977783,1.037498,1.032803,1.031991,1.043507,1.032162,1.047096,1.045328,1.033796,1.023747,0.996856,0.965321,0.964718,0.976920,0.971557,0.999548,1.028921,0.994665,0.976522,1.030358
6.380780,1.044349,1.038790,1.038357,1.028530,1.032229,1.032605,1.031990,1.032101,1.043335,1.032910,1.032484,1.029085,1.032959,1.034145,1.039019,1.041706,1.043451,1.041738,1.040972,0.977746,1.037467,1.032769,1.031958,1.043479,1.032152,1.047075,1.045305,1.033768,1.023716,0.996871,0.965292,0.964694,0.976877,0.971522,0.999510,1.028889,0.994656,0.976489,1.030349
6.389110,1.044342,1.038785,1.038342,1.028509,1.032206,1.032581,1.031968,1.032079,1.043320,1.032886,1.032460,1.029061,1.032935,1.034122,1.038992,1.041678,1.043427,1.041717,1.040932,0.977709,1.037436,1.032735,1.031925,1.043450,1.032143,1.047053,1.045282,1.033739,1.023686,0.996886,0.965263,0.964670,0.976833,0.971486,0.999472,1.028856,0.994646,0.976455,1.030340
6.397440,1.044335,1.038780,1.038326,1.028487,1.032183,1.032558,1.031945,1.032058,1.043306,1.032862,1.032436,1.029037,1.032911,1.034098,1.038965,1.041649,1.043403,1.041696,1.040891,0.977672,1.037405,1.032700,1.031892,1.043421,1.032134,1.047031,1.045259,1.033711,1.023656,0.996901,0.965234,0.964645,0.976789,0.971451,0.999433,1.028823,0.994635,0.976421,1.030331
6.405770,1.044329,1.038775,1.038311,1.028466,1.032160,1.032535,1.031923,1.032036,1.043292,1.032837,1.032413,1.029012,1.032887,1.034074,1.038938,1.041620,1.043378,1.041675,1.040851,0.977635,1.037373,1.032666,1.031858,1.043392,1.032124,1.047010,1.045236,1.033682,1.023625,0.996917,0.965205,0.964620,0.976746,0.971415,0.999395,1.028790,0.994625,0.976388,1.030322
6.414100,1.044322,1.038770,1.038296,1.028445,1.032137,1.032511,1.031901,1.032014,1.043278,1.032813,1.032389,1.028988,1.032863,1.034050,1.038910,1.041592,1.043354,1.041654,1.040810,0.977597,1.037342,1.032631,1.031825,1.043362,1.032115,1.046988,1.045213,1.033654,1.023594,0.996933,0.965176,0.964596,0.976702,0.971379,0.999356,1.028757,0.994615,0.976354,1.030314
6.422430,1.044316,1.038765,1.038280,1.028424,1.032115,1.032488,1.031879,1.031993,1.043264,1.032789,1.032365,1.028964,1.032839,1.034027,1.038883,1.041563,1.043330,1.041634,1.040769,0.977560,1.037310,1.032596,1.031791,1.043333,1.032105,1.046966,1.045191,1.033625,1.023564,0.996949,0.965147,0.964571,0.976658,0.971343,0.999317,1.028724,0.994605,0.976320,1.030306
6.430760,1.044310,1.038760,1.038266,1.028403,1.032092,1.032465,1.031857,1.031971,1.043251,1.032765,1.032341,1.028940,1.032815,1.034003,1.038856,1.041535,1.043306,1.041613,1.040728,0.977522,1.037278,1.032562,1.031758,1.043304,1.032096,1.046944,1.045168,1.033596,1.023533,0.996966,0.965118,0.964546,0.976614,0.971307,0.999278,1.028692,0.994595,0.976286,1.030298
6.439090,1.044304,1.038756,1.038251,1.028382,1.032070,1.032442,1.031835,1.031950,1.043237,1.032741,1.032318,1.028917,1.032792,1.033980,1.038830,1.041506,1.043282,1.041593,1.040687,0.977485,1.037247,1.032527,1.031725,1.043275,1.032087,1.046923,1.045145,1.033568,1.023503,0.996984,0.965090,0.964522,0.976570,0.971272,0.999240,1.028659,0.994585,0.976252,1.030290
6.447420,1.044299,1.038752,1.038236,1.028361,1.032048,1.032419,1.031813,1.031929,1.043224,1.032718,1.032294,1.028893,1.032768,1.033957,1.038803,1.041478,1.043258,1.041573,1.040647,0.977448,1.037216,1.032493,1.031692,1.043246,1.032079,1.046902,1.045123,1.033540,1.023473,0.997002,0.965062,0.964498,0.976526,0.971236,0.999201,1.028627,0.994575,0.976219,1.030282
6.455750,1.044294,1.038749,1.038223,1.028341,1.032026,1.032397,1.031792,1.031909,1.043211,1.032694,1.032272,1.028870,1.032745,1.033934,1.038777,1.041450,1.043235,1.041553,1.040606,0.977411,1.037185,1.032459,1.031659,1.043218,1.032071,1.046881,1.045101,1.033513,1.023444,0.997021,0.965034,0.964474,0.976483,0.971201,0.999163,1.028595,0.994566,0.976186,1.030275
6.464080,1.044289,1.038747,1.038209,1.028321,1.032005,1.032375,1.031772,1.031888,1.043199,1.032672,1.032249,1.028848,1.032723,1.033911,1.038751,1.041423,1.043212,1.041534,1.040567,0.977374,1.037155,1.032425,1.031627,1.043190,1.032064,1.046861,1.045080,1.033486,1.023414,0.997041,0.965007,0.964451,0.976440,0.971166,0.999125,1.028563,0.994557,0.976154,1.030268
6.472410,1.044285,1.038745,1.038196,1.028302,1.031984,1.032354,1.031751,1.031869,1.043187,1.032649,1.032227,1.028826,1.032700,1.033890,1.038726,1.041396,1.043190,1.041515,1.040527,0.977338,1.037125,1.032392,1.031595,1.043162,1.032057,1.046841,1.045059,1.033459,1.023386,0.997062,0.964980,0.964428,0.976397,0.971131,0.999088,1.028532,0.994549,0.976122,1.030261
6.480740,1.044281,1.038744,1.038184,1.028283,1.031963,1.032333,1.031731,1.031849,1.043175,1.032627,1.032205,1.028804,1.032679,1.033868,1.038701,1.041370,1.043168,1.041497,1.040488,0.977302,1.037095,1.032360,1.031564,1.043135,1.032051,1.046822,1.045039,1.033433,1.023358,0.997084,0.964953,0.964405,0.976355,0.971097,0.999051,1.028502,0.994541,0.976090,1.030255
6.489070,1.044278,1.038744,1.038172,1.028265,1.031944,1.032312,1.031712,1.031830,1.043163,1.032606,1.032184,1.028783,1.032657,1.033847,1.038676,1.041344,1.043147,1.041479,1.040449,0.977267,1.037066,1.032328,1.031533,1.043108,1.032046,1.046804,1.045019,1.033408,1.023331,0.997108,0.964928,0.964383,0.976313,0.971063,0.999014,1.028472,0.994534,0.976059,1.030249
6.497400,1.044275,1.038744,1.038162,1.028247,1.031924,1.032293,1.031693,1.031812,1.043152,1.032585,1.032164,1.028762,1.032637,1.033827,1.038652,1.041318,1.043126,1.041462,1.040411,0.977232,1.037038,1.032296,1.031503,1.043082,1.032041,1.046787,1.045000,1.033384,1.023304,0.997132,0.964902,0.964362,0.976272,0.971030,0.998978,1.028443,0.994528,0.976029,1.030243
6.505730,1.044273,1.038746,1.038152,1.028230,1.031905,1.032273,1.031675,1.031794,1.043142,1.032565,1.032144,1.028742,1.032617,1.033807,1.038629,1.041294,1.043106,1.041446,1.040374,0.977198,1.037010,1.032265,1.031474,1.043057,1.032037,1.046770,1.044982,1.033360,1.023278,0.997158,0.964877,0.964341,0.976231,0.970998,0.998942,1.028415,0.994522,0.976000,1.030237
6.514060,1.044271,1.038748,1.038142,1.028213,1.031887,1.032255,1.031657,1.031777,1.043132,1.032546,1.032125,1.028723,1.032597,1.033788,1.038607,1.041270,1.043087,1.041431,1.040337,0.977164,1.036983,1.032235,1.031445,1.043032,1.032035,1.046754,1.044965,1.033337,1.023253,0.997186,0.964853,0.964321,0.976191,0.970966,0.998907,1.028387,0.994517,0.975972,1.030232
6.522390,1.044271,1.038752,1.038134,1.028198,1.031870,1.032237,1.031640,1.031761,1.043122,1.032527,1.032106,1.028704,1.032579,1.033770,1.038585,1.041247,1.043069,1.041416,1.040301,0.977131,1.036957,1.032205,1.031417,1.043008,1.032033,1.046739,1.044948,1.033315,1.023229,0.997214,0.964830,0.964301,0.976151,0.970935,0.998873,1.028360,0.994513,0.975944,1.030228
6.530720,1.044270,1.038756,1.038126,1.028183,1.031853,1.032219,1.031624,1.031745,1.043113,1.032509,1.032088,1.028686,1.032561,1.033752,1.038564,1.041224,1.043052,1.041403,1.040266,0.977099,1.036931,1.032177,1.031390,1.042985,1.032032,1.046725,1.044933,1.033294,1.023206,0.997245,0.964807,0.964282,0.976112,0.970905,0.998840,1.028334,0.994509,0.975917,1.030224
6.539050,1.044270,1.038762,1.038120,1.028168,1.031837,1.032203,1.031608,1.031730,1.043105,1.032491,1.032071,1.028669,1.032544,1.033736,1.038544,1.041203,1.043035,1.041390,1.040232,0.977068,1.036907,1.032149,1.031363,1.042962,1.032032,1.046711,1.044918,1.033274,1.023184,0.997276,0.964785,0.964263,0.976074,0.970875,0.998807,1.028309,0.994507,0.975891,1.030220
6.547380,1.044271,1.038768,1.038114,1.028155,1.031822,1.032187,1.031594,1.031716,1.043097,1.032475,1.032055,1.028652,1.032527,1.033720,1.038525,1.041182,1.043019,1.041378,1.040198,0.977037,1.036883,1.032122,1.031338,1.042941,1.032033,1.046699,1.044904,1.033254,1.023163,0.997310,0.964764,0.964246,0.976037,0.970846,0.998775,1.028285,0.994505,0.975866,1.030216
6.555710,1.044273,1.038776,1.038109,1.028143,1.031808,1.032172,1.031580,1.031702,1.043089,1.032459,1.032040,1.028637,1.032512,1.033704,1.038506,1.041162,1.043005,1.041367,1.040166,0.977007,1.036860,1.032095,1.031313,1.042920,1.032036,1.046688,1.044891,1.033236,1.023143,0.997344,0.964743,0.964229,0.976001,0.970818,0.998744,1.028262,0.994505,0.975843,1.030213
6.564040,1.044275,1.038785,1.038106,1.028131,1.031794,1.032158,1.031566,1.031689,1.043082,1.032444,1.032025,1.028622,1.032497,1.033690,1.038489,1.041143,1.042991,1.041357,1.040134,0.976978,1.036838,1.032070,1.031289,1.042900,1.032039,1.046678,1.044880,1.033219,1.023124,0.997381,0.964723,0.964213,0.975965,0.970791,0.998713,1.028240,0.994505,0.975820,1.030211
6.572370,1.044278,1.038795,1.038103,1.028120,1.031781,1.032145,1.031554,1.031677,1.043076,1.032430,1.032011,1.028608,1.032483,1.033677,1.038472,1.041125,1.042978,1.041348,1.040103,0.976950,1.036817,1.032046,1.031266,1.042882,1.032043,1.046669,1.044869,1.033203,1.023106,0.997419,0.964704,0.964198,0.975930,0.970765,0.998684,1.028219,0.994507,0.975798,1.030208
6.580700,1.044281,1.038806,1.038101,1.028110,1.031769,1.032132,1.031542,1.031666,1.043070,1.032417,1.031998,1.028595,1.032470,1.033664,1.038456,1.041108,1.042966,1.041341,1.040073,0.976923,1.036797,1.032022,1.031245,1.042864,1.032049,1.046661,1.044859,1.033188,1.023089,0.997458,0.964686,0.964183,0.975896,0.970740,0.998655,1.028199,0.994509,0.975777,1.030207
6.589030,1.044285,1.038818,1.038101,1.028101,1.031758,1.032121,1.031531,1.031655,1.043065,1.032405,1.031986,1.028583,1.032458,1.033653,1.038442,1.041092,1.042956,1.041334,1.040044,0.976897,1.036777,1.032000,1.031224,1.042847,1.032056,1.046654,1.044851,1.033175,1.023073,0.997499,0.964669,0.964169,0.975863,0.970716,0.998628,1.028180,0.994513,0.975758,1.030205
6.597360,1.044290,1.038831,1.038101,1.028093,1.031748,1.032110,1.031521,1.031646,1.043061,1.032393,1.031975,1.028572,1.032447,1.033642,1.038428,1.041077,1.042946,1.041328,1.040016,0.976871,1.036759,1.031979,1.031204,1.042831,1.032064,1.046649,1.044843,1.033162,1.023059,0.997542,0.964652,0.964157,0.975831,0.970693,0.998601,1.028162,0.994517,0.975739,1.030204
6.605690,1.044296,1.038846,1.038103,1.028086,1.031739,1.032100,1.031512,1.031637,1.043057,1.032383,1.031965,1.028562,1.032437,1.033632,1.038415,1.041063,1.042937,1.041323,1.039989,0.976847,1.036742,1.031958,1.031185,1.042816,1.032073,1.046644,1.044837,1.033151,1.023045,0.997586,0.964637,0.964145,0.975800,0.970670,0.998575,1.028145,0.994523,0.975722,1.030204
6.614020,1.044302,1.038862,1.038105,1.028080,1.031730,1.032091,1.031504,1.031629,1.043053,1.032373,1.031955,1.028552,1.032427,1.033624,1.038403,1.041050,1.042930,1.041319,1.039963,0.976824,1.036726,1.031939,1.031167,1.042802,1.032083,1.046641,1.044831,1.033140,1.023033,0.997631,0.964622,0.964133,0.975769,0.970649,0.998550,1.028129,0.994530,0.975706,1.030203
6.622350,1.044309,1.038878,1.038109,1.028074,1.031723,1.032083,1.031496,1.031622,1.043050,1.032364,1.031947,1.028543,1.032419,1.033616,1.038393,1.041038,1.042923,1.041317,1.039938,0.976801,1.036710,1.031920,1.031151,1.042789,1.032095,1.046639,1.044827,1.033131,1.023022,0.997678,0.964608,0.964123,0.975740,0.970629,0.998526,1.028114,0.994537,0.975691,1.030203
6.630680,1.044316,1.038896,1.038113,1.028070,1.031716,1.032075,1.031490,1.031615,1.043048,1.032357,1.031939,1.028536,1.032411,1.033609,1.038383,1.041027,1.042917,1.041315,1.039914,0.976779,1.036696,1.031903,1.031135,1.042777,1.032107,1.046637,1.044824,1.033123,1.023012,0.997727,0.964594,0.964113,0.975711,0.970609,0.998503,1.028101,0.994546,0.975677,1.030204
6.639010,1.044324,1.038916,1.038119,1.028066,1.031710,1.032069,1.031484,1.031610,1.043046,1.032350,1.031932,1.028529,1.032404,1.033603,1.038374,1.041017,1.042913,1.041314,1.039891,0.976759,1.036683,1.031886,1.031120,1.042766,1.032121,1.046637,1.044822,1.033117,1.023003,0.997777,0.964582,0.964105,0.975683,0.970591,0.998481,1.028088,0.994556,0.975664,1.030205
6.647340,1.044333,1.038936,1.038126,1.028064,1.031705,1.032063,1.031479,1.031605,1.043045,1.032343,1.031926,1.028523,1.032399,1.033597,1.038366,1.041008,1.042909,1.041314,1.039869,0.976739,1.036671,1.031870,1.031106,1.042756,1.032136,1.046638,1.044821,1.033111,1.022996,0.997829,0.964570,0.964097,0.975657,0.970573,0.998459,1.028077,0.994567,0.975653,1.030206
6.655670,1.044342,1.038957,1.038133,1.028062,1.031701,1.032058,1.031474,1.031601,1.043044,1.032338,1.031921,1.028518,1.032394,1.033593,1.038359,1.041000,1.042907,1.041316,1.039848,0.976721,1.036659,1.031856,1.031094,1.042747,1.032151,1.046641,1.044821,1.033106,1.022989,0.997882,0.964559,0.964090,0.975631,0.970557,0.998439,1.028066,0.994578,0.975642,1.030208
6.664000,1.044352,1.038979,1.038142,1.028061,1.031697,1.032054,1.031471,1.031598,1.043044,1.032334,1.031917,1.028514,1.032389,1.033590,1.038353,1.040993,1.042905,1.041318,1.039827,0.976703,1.036649,1.031842,1.031082,1.042739,1.032168,1.046644,1.044822,1.033103,1.022984,0.997936,0.964549,0.964083,0.975606,0.970541,0.998420,1.028057,0.994591,0.975632,1.030210
6.672330,1.044362,1.039002,1.038151,1.028061,1.031695,1.032051,1.031468,1.031595,1.043045,1.032330,1.031913,1.028510,1.032386,1.033587,1.038348,1.040987,1.042904,1.041321,1.039808,0.976686,1.036640,1.031830,1.031071,1.042732,1.032186,1.046648,1.044824,1.033101,1.022979,0.997991,0.964540,0.964078,0.975582,0.970527,0.998401,1.028049,0.994605,0.975624,1.030212
6.680660,1.044373,1.039027,1.038162,1.028062,1.031693,1.032049,1.031466,1.031594,1.043046,1.032327,1.031911,1.028508,1.032384,1.033585,1.038343,1.040981,1.042905,1.041326,1.039790,0.976670,1.036631,1.031818,1.031061,1.042726,1.032205,1.046653,1.044827,1.033099,1.022976,0.998048,0.964531,0.964073,0.975559,0.970513,0.998383,1.028041,0.994620,0.975617,1.030215
6.688990,1.044384,1.039052,1.038173,1.028063,1.031692,1.032047,1.031465,1.031593,1.043047,1.032325,1.031909,1.028506,1.032382,1.033585,1.038340,1.040977,1.042906,1.041331,1.039773,0.976655,1.036624,1.031807,1.031052,1.042721,1.032225,1.046660,1.044831,1.033099,1.022974,0.998106,0.964523,0.964069,0.975536,0.970500,0.998367,1.028035,0.994635,0.975610,1.030218
6.697320,1.044396,1.039078,1.038185,1.028066,1.031691,1.032046,1.031464,1.031592,1.043049,1.032324,1.031908,1.028505,1.032381,1.033584,1.038337,1.040974,1.042908,1.041337,1.039756,0.976641,1.036617,1.031797,1.031044,1.042716,1.032246,1.046667,1.044836,1.033100,1.022972,0.998165,0.964516,0.964066,0.975515,0.970488,0.998351,1.028029,0.994652,0.975605,1.030221
6.705650,1.044409,1.039105,1.038198,1.028069,1.031692,1.032046,1.031465,1.031593,1.043051,1.032324,1.031907,1.028505,1.032381,1.033585,1.038336,1.040971,1.042911,1.041343,1.039741,0.976627,1.036611,1.031788,1.031037,1.042713,1.032268,1.046675,1.044841,1.033101,1.022972,0.998225,0.964510,0.964063,0.975494,0.970478,0.998335,1.028025,0.994669,0.975600,1.030225
6.713980,1.044422,1.039133,1.038212,1.028073,1.031693,1.032047,1.031465,1.031594,1.043054,1.032324,1.031908,1.028505,1.032382,1.033587,1.038335,1.040969,1.042915,1.041351,1.039726,0.976615,1.036606,1.031780,1.031031,1.042710,1.032291,1.046684,1.044848,1.033104,1.022973,0.998286,0.964504,0.964061,0.975474,0.970467,0.998321,1.028021,0.994687,0.975597,1.030229
6.722310,1.044435,1.039161,1.038227,1.028078,1.031695,1.032048,1.031467,1.031595,1.043057,1.032325,1.031909,1.028506,1.032383,1.033589,1.038335,1.040968,1.042920,1.041359,1.039712,0.976603,1.036602,1.031772,1.031025,1.042708,1.032314,1.046694,1.044855,1.033107,1.022974,0.998348,0.964498,0.964060,0.975454,0.970458,0.998307,1.028019,0.994706,0.975594,1.030233
6.730640,1.044449,1.039190,1.038242,1.028083,1.031697,1.032050,1.031469,1.031598,1.043060,1.032326,1.031910,1.028508,1.032385,1.033592,1.038335,1.040968,1.042925,1.041369,1.039699,0.976592,1.036599,1.031766,1.031020,1.042707,1.032338,1.046705,1.044864,1.033112,1.022977,0.998410,0.964494,0.964059,0.975436,0.970449,0.998294,1.028017,0.994726,0.975592,1.030237
6.738970,1.044463,1.039220,1.038258,1.028089,1.031700,1.032052,1.031472,1.031600,1.043064,1.032329,1.031913,1.028511,1.032387,1.033595,1.038336,1.040968,1.042931,1.041379,1.039686,0.976582,1.036596,1.031760,1.031016,1.042707,1.032363,1.046716,1.044873,1.033117,1.022980,0.998474,0.964490,0.964059,0.975418,0.970442,0.998282,1.028016,0.994746,0.975591,1.030242
6.747300,1.044477,1.039251,1.038275,1.028095,1.031703,1.032055,1.031475,1.031604,1.043069,1.032332,1.031916,1.028514,1.032391,1.033599,1.038338,1.040969,1.042938,1.041389,1.039675,0.976572,1.036594,1.031754,1.031013,1.042707,1.032389,1.046728,1.044882,1.033123,1.022984,0.998538,0.964486,0.964060,0.975401,0.970434,0.998271,1.028015,0.994768,0.975591,1.030247
6.755630,1.044492,1.039282,1.038292,1.028102,1.031707,1.032058,1.031479,1.031608,1.043073,1.032335,1.031919,1.028517,1.032394,1.033604,1.038341,1.040971,1.042945,1.041400,1.039663,0.976563,1.036592,1.031750,1.031011,1.042708,1.032416,1.046741,1.044893,1.033129,1.022989,0.998603,0.964483,0.964061,0.975384,0.970428,0.998260,1.028016,0.994789,0.975591,1.030252
6.763960,1.044507,1.039314,1.038310,1.028110,1.031712,1.032062,1.031483,1.031612,1.043078,1.032339,1.031923,1.028521,1.032399,1.033609,1.038344,1.040974,1.042953,1.041412,1.039653,0.976555,1.036592,1.031746,1.031009,1.042709,1.032442,1.046755,1.044904,1.033137,1.022994,0.998669,0.964480,0.964062,0.975368,0.970422,0.998249,1.028017,0.994812,0.975592,1.030257
6.772290,1.044523,1.039346,1.038328,1.028118,1.031717,1.032067,1.031488,1.031617,1.043083,1.032343,1.031927,1.028526,1.032403,1.033615,1.038348,1.040977,1.042962,1.041424,1.039643,0.976547,1.036591,1.031742,1.031007,1.042712,1.032470,1.046769,1.044915,1.033145,1.023000,0.998735,0.964478,0.964064,0.975353,0.970417,0.998240,1.028018,0.994835,0.975594,1.030262
6.780620,1.044539,1.039379,1.038347,1.028127,1.031723,1.032072,1.031493,1.031622,1.043089,1.032348,1.031932,1.028531,1.032409,1.033621,1.038352,1.040980,1.042971,1.041437,1.039634,0.976540,1.036592,1.031739,1.031006,1.042714,1.032498,1.046784,1.044928,1.033153,1.023007,0.998802,0.964476,0.964066,0.975338,0.970412,0.998231,1.028021,0.994858,0.975596,1.030268
6.788950,1.044554,1.039412,1.038366,1.028136,1.031728,1.032077,1.031498,1.031627,1.043095,1.032353,1.031938,1.028537,1.032414,1.033628,1.038357,1.040984,1.042980,1.041450,1.039625,0.976533,1.036593,1.031737,1.031006,1.042717,1.032527,1.046799,1.044940,1.033162,1.023014,0.998869,0.964475,0.964069,0.975323,0.970408,0.998222,1.028023,0.994882,0.975599,1.030273
6.797280,1.044571,1.039445,1.038386,1.028146,1.031735,1.032083,1.031504,1.031633,1.043100,1.032359,1.031943,1.028542,1.032420,1.033635,1.038362,1.040988,1.042990,1.041464,1.039617,0.976527,1.036594,1.031735,1.031006,1.042721,1.032555,1.046815,1.044953,1.033172,1.023022,0.998936,0.964474,0.964072,0.975309,0.970404,0.998213,1.028027,0.994906,0.975602,1.030279
6.805610,1.044587,1.039479,1.038406,1.028155,1.031741,1.032089,1.031510,1.031640,1.043107,1.032365,1.031949,1.028549,1.032427,1.033642,1.038367,1.040993,1.043001,1.041478,1.039609,0.976521,1.036596,1.031734,1.031007,1.042725,1.032585,1.046831,1.044967,1.033182,1.023030,0.999004,0.964473,0.964076,0.975295,0.970401,0.998206,1.028030,0.994931,0.975606,1.030285
6.813940,1.044603,1.039513,1.038426,1.028165,1.031748,1.032095,1.031517,1.031646,1.043113,1.032371,1.031956,1.028555,1.032434,1.033650,1.038373,1.040999,1.043012,1.041493,1.039602,0.976516,1.036598,1.031733,1.031008,1.042730,1.032614,1.046847,1.044981,1.033193,1.023038,0.999071,0.964473,0.964079,0.975282,0.970398,0.998198,1.028035,0.994956,0.975611,1.030291
6.822270,1.044620,1.039547,1.038447,1.028176,1.031755,1.032102,1.031523,1.031653,1.043119,1.032378,1.031962,1.028562,1.032441,1.033658,1.038380,1.041004,1.043023,1.041507,1.039595,0.976511,1.036600,1.031732,1.031009,1.042734,1.032644,1.046864,1.044995,1.033203,1.023047,0.999139,0.964473,0.964083,0.975269,0.970396,0.998191,1.028039,0.994981,0.975615,1.030297
6.830600,1.044637,1.039582,1.038468,1.028187,1.031763,1.032109,1.031530,1.031660,1.043126,1.032385,1.031969,1.028569,1.032448,1.033666,1.038386,1.041010,1.043034,1.041522,1.039588,0.976506,1.036603,1.031732,1.031011,1.042740,1.032674,1.046881,1.045009,1.033214,1.023057,0.999207,0.964473,0.964088,0.975256,0.970394,0.998184,1.028044,0.995006,0.975620,1.030304
6.838930,1.044653,1.039616,1.038489,1.028198,1.031770,1.032116,1.031538,1.031667,1.043133,1.032392,1.031976,1.028576,1.032455,1.033675,1.038393,1.041016,1.043046,1.041538,1.039582,0.976501,1.036606,1.031732,1.031013,1.042745,1.032704,1.046898,1.045024,1.033226,1.023066,0.999275,0.964473,0.964092,0.975244,0.970392,0.998178,1.028049,0.995032,0.975625,1.030310
6.847260,1.044670,1.039651,1.038510,1.028209,1.031778,1.032123,1.031545,1.031675,1.043139,1.032399,1.031983,1.028584,1.032463,1.033684,1.038400,1.041022,1.043058,1.041553,1.039575,0.976497,1.036610,1.031732,1.031015,1.042751,1.032735,1.046916,1.045039,1.033237,1.023076,0.999343,0.964474,0.964097,0.975232,0.970391,0.998171,1.028054,0.995058,0.975631,1.030316
6.855590,1.044687,1.039686,1.038531,1.028220,1.031786,1.032130,1.031552,1.031682,1.043146,1.032406,1.031991,1.028591,1.032471,1.033692,1.038407,1.041029,1.043070,1.041568,1.039569,0.976493,1.036613,1.031732,1.031017,1.042756,1.032765,1.046933,1.045054,1.033249,1.023086,0.999411,0.964474,0.964101,0.975220,0.970389,0.998165,1.028060,0.995083,0.975636,1.030322
6.863920,1.044704,1.039721,1.038552,1.028231,1.031794,1.032138,1.031560,1.031690,1.043153,1.032414,1.031998,1.028599,1.032479,1.033701,1.038414,1.041036,1.043082,1.041584,1.039563,0.976489,1.036617,1.031732,1.031020,1.042762,1.032796,1.046951,1.045069,1.033261,1.023096,0.999479,0.964475,0.964106,0.975208,0.970388,0.998159,1.028066,0.995109,0.975642,1.030329
6.872250,1.044721,1.039755,1.038574,1.028243,1.031802,1.032145,1.031568,1.031697,1.043160,1.032422,1.032006,1.028607,1.032487,1.033711,1.038422,1.041042,1.043094,1.041600,1.039558,0.976486,1.036620,1.031733,1.031023,1.042768,1.032826,1.046969,1.045084,1.033273,1.023106,0.999547,0.964475,0.964111,0.975196,0.970387,0.998153,1.028072,0.995135,0.975648,1.030335
6.880580,1.044738,1.039790,1.038595,1.028254,1.031810,1.032153,1.031575,1.031705,1.043167,1.032429,1.032014,1.028615,1.032495,1.033720,1.038429,1.041049,1.043106,1.041615,1.039552,0.976482,1.036624,1.031734,1.031025,1.042774,1.032857,1.046987,1.045099,1.033285,1.023116,0.999614,0.964476,0.964116,0.975184,0.970386,0.998148,1.028078,0.995161,0.975654,1.030341
6.888910,1.044755,1.039824,1.038616,1.028266,1.031819,1.032160,1.031583,1.031713,1.043174,1.032437,1.032021,1.028623,1.032503,1.033729,1.038437,1.041056,1.043118,1.041631,1.039546,0.976479,1.036628,1.031734,1.031028,1.042781,1.032887,1.047004,1.045114,1.033297,1.023127,0.999681,0.964477,0.964121,0.975172,0.970385,0.998142,1.028084,0.995187,0.975660,1.030347
6.897240,1.044771,1.039859,1.038638,1.028277,1.031827,1.032168,1.031591,1.031721,1.043181,1.032445,1.032029,1.028631,1.032511,1.033738,1.038444,1.041063,1.043130,1.041647,1.039541,0.976475,1.036632,1.031735,1.031031,1.042787,1.032917,1.047022,1.045130,1.033310,1.023137,0.999748,0.964478,0.964126,0.975161,0.970384,0.998136,1.028090,0.995213,0.975666,1.030354
6.905570,1.044788,1.039893,1.038659,1.028288,1.031835,1.032176,1.031598,1.031728,1.043188,1.032452,1.032036,1.028639,1.032519,1.033747,1.038452,1.041070,1.043143,1.041662,1.039535,0.976472,1.036636,1.031736,1.031034,1.042793,1.032947,1.047040,1.045145,1.033322,1.023147,0.999814,0.964479,0.964131,0.975149,0.970383,0.998130,1.028096,0.995239,0.975672,1.030360
6.913900,1.044805,1.039927,1.038680,1.028300,1.031843,1.032183,1.031606,1.031736,1.043195,1.032460,1.032044,1.028646,1.032527,1.033756,1.038459,1.041077,1.043155,1.041678,1.039530,0.976468,1.036639,1.031737,1.031036,1.042799,1.032977,1.047057,1.045160,1.033334,1.023157,0.999881,0.964479,0.964136,0.975137,0.970382,0.998125,1.028102,0.995264,0.975678,1.030366
6.922230,1.044821,1.039961,1.038701,1.028311,1.031851,1.032190,1.031613,1.031743,1.043201,1.032467,1.032052,1.028654,1.032535,1.033765,1.038467,1.041083,1.043167,1.041693,1.039524,0.976465,1.036643,1.031737,1.031039,1.042805,1.033007,1.047075,1.045175,1.033345,1.023167,0.999946,0.964480,0.964141,0.975125,0.970381,0.998119,1.028108,0.995290,0.975684,1.030372
6.930560,1.044837,1.039994,1.038722,1.028322,1.031859,1.032198,1.031621,1.031751,1.043208,1.032475,1.032059,1.028662,1.032543,1.033774,1.038474,1.041090,1.043178,1.041709,1.039518,0.976461,1.036647,1.031738,1.031042,1.042811,1.033036,1.047092,1.045189,1.033357,1.023177,1.000011,0.964481,0.964145,0.975114,0.970380,0.998113,1.028114,0.995315,0.975690,1.030378
6.938890,1.044854,1.040027,1.038742,1.028333,1.031867,1.032205,1.031628,1.031758,1.043215,1.032482,1.032066,1.028669,1.032551,1.033783,1.038481,1.041096,1.043190,1.041724,1.039512,0.976457,1.036650,1.031738,1.031044,1.042817,1.033065,1.047109,1.045204,1.033369,1.023187,1.000076,0.964481,0.964150,0.975101,0.970379,0.998107,1.028119,0.995340,0.975695,1.030384
6.947220,1.044870,1.040060,1.038762,1.028344,1.031874,1.032212,1.031635,1.031766,1.043221,1.032489,1.032073,1.028676,1.032558,1.033791,1.038488,1.041103,1.043202,1.041738,1.039506,0.976453,1.036653,1.031738,1.031046,1.042823,1.033094,1.047126,1.045218,1.033380,1.023196,1.000140,0.964481,0.964154,0.975089,0.970378,0.998101,1.028125,0.995364,0.975701,1.030390
6.955550,1.044885,1.040093,1.038782,1.028355,1.031882,1.032219,1.031642,1.031773,1.043227,1.032496,1.032080,1.028684,1.032565,1.033800,1.038495,1.041109,1.043213,1.041753,1.039500,0.976449,1.036657,1.031738,1.031049,1.042828,1.033123,1.047142,1.045232,1.033391,1.023206,1.000204,0.964482,0.964159,0.975077,0.970376,0.998095,1.028130,0.995389,0.975706,1.030396
6.963880,1.044901,1.040125,1.038802,1.028365,1.031889,1.032226,1.031649,1.031780,1.043234,1.032503,1.032087,1.028691,1.032573,1.033808,1.038501,1.041115,1.043224,1.041767,1.039493,0.976445,1.036660,1.031738,1.031050,1.042833,1.033151,1.047158,1.045246,1.033402,1.023215,1.000267,0.964482,0.964163,0.975064,0.970375,0.998088,1.028135,0.995413,0.975711,1.030401
6.972210,1.044917,1.040157,1.038822,1.028376,1.031896,1.032232,1.031656,1.031786,1.043240,1.032509,1.032094,1.028697,1.032580,1.033816,1.038508,1.041120,1.043235,1.041782,1.039487,0.976440,1.036662,1.031738,1.031052,1.042839,1.033179,1.047174,1.045260,1.033413,1.023224,1.000329,0.964482,0.964167,0.975052,0.970373,0.998082,1.028140,0.995437,0.975716,1.030407
6.980540,1.044932,1.040189,1.038841,1.028386,1.031903,1.032239,1.031662,1.031793,1.043246,1.032516,1.032100,1.028704,1.032586,1.033824,1.038514,1.041126,1.043245,1.041795,1.039480,0.976436,1.036665,1.031737,1.031054,1.042843,1.033206,1.047190,1.045273,1.033423,1.023232,1.000391,0.964481,0.964171,0.975039,0.970371,0.998075,1.028145,0.995460,0.975720,1.030412
6.988870,1.044947,1.040220,1.038860,1.028396,1.031910,1.032245,1.031669,1.031799,1.043251,1.032522,1.032106,1.028710,1.032593,1.033831,1.038520,1.041131,1.043255,1.041809,1.039473,0.976431,1.036667,1.031737,1.031055,1.042848,1.033234,1.047205,1.045286,1.033433,1.023240,1.000453,0.964481,0.964174,0.975025,0.970368,0.998068,1.028149,0.995483,0.975725,1.030417
6.997200,1.044962,1.040251,1.038879,1.028405,1.031916,1.032251,1.031675,1.031805,1.043257,1.032528,1.032112,1.028717,1.032599,1.033839,1.038526,1.041136,1.043265,1.041822,1.039465,0.976426,1.036669,1.031736,1.031056,1.042853,1.033260,1.047221,1.045299,1.033443,1.023248,1.000514,0.964480,0.964177,0.975012,0.970366,0.998061,1.028153,0.995506,0.975729,1.030423
7.005530,1.044977,1.040282,1.038897,1.028415,1.031923,1.032256,1.031681,1.031811,1.043263,1.032533,1.032118,1.028722,1.032605,1.033846,1.038531,1.041141,1.043275,1.041835,1.039458,0.976420,1.036671,1.031734,1.031057,1.042857,1.033287,1.047235,1.045311,1.033452,1.023256,1.000574,0.964479,0.964181,0.974998,0.970363,0.998053,1.028157,0.995528,0.975732,1.030428
7.013860,1.044992,1.040312,1.038915,1.028424,1.031929,1.032262,1.031686,1.031817,1.043268,1.032539,1.032123,1.028728,1.032611,1.033853,1.038536,1.041145,1.043285,1.041848,1.039450,0.976415,1.036672,1.031733,1.031057,1.042861,1.033313,1.047250,1.045323,1.033461,1.023263,1.000634,0.964478,0.964183,0.974984,0.970360,0.998046,1.028161,0.995550,0.975736,1.030433
7.022190,1.045006,1.040341,1.038933,1.028433,1.031935,1.032267,1.031692,1.031822,1.043273,1.032544,1.032128,1.028734,1.032617,1.033859,1.038541,1.041149,1.043294,1.041860,1.039442,0.976409,1.036674,1.031731,1.031057,1.042864,1.033338,1.047264,1.045335,1.033470,1.023270,1.000693,0.964477,0.964186,0.974970,0.970356,0.998038,1.028164,0.995572,0.975739,1.030437
7.030520,1.045020,1.040371,1.038950,1.028442,1.031940,1.032272,1.031697,1.031828,1.043278,1.032549,1.032133,1.028739,1.032622,1.033866,1.038546,1.041153,1.043302,1.041872,1.039433,0.976403,1.036675,1.031729,1.031057,1.042867,1.033363,1.047277,1.045346,1.033479,1.023277,1.000751,0.964476,0.964188,0.974956,0.970353,0.998029,1.028167,0.995593,0.975742,1.030442
7.038850,1.045034,1.040400,1.038967,1.028450,1.031945,1.032277,1.031702,1.031833,1.043283,1.032554,1.032138,1.028744,1.032627,1.033872,1.038550,1.041157,1.043311,1.041884,1.039424,0.976396,1.036675,1.031727,1.031057,1.042871,1.033388,1.047291,1.045358,1.033487,1.023284,1.000809,0.964474,0.964191,0.974941,0.970349,0.998021,1.028170,0.995614,0.975744,1.030447
7.047180,1.045048,1.040428,1.038984,1.028458,1.031951,1.032282,1.031706,1.031838,1.043288,1.032558,1.032143,1.028748,1.032632,1.033878,1.038554,1.041160,1.043319,1.041896,1.039415,0.976389,1.036676,1.031724,1.031056,1.042873,1.033412,1.047304,1.045368,1.033495,1.023290,1.000867,0.964472,0.964193,0.974926,0.970344,0.998012,1.028172,0.995634,0.975747,1.030451
7.055510,1.045062,1.040457,1.039000,1.028466,1.031955,1.032286,1.031711,1.031842,1.043292,1.032562,1.032147,1.028753,1.032637,1.033883,1.038558,1.041163,1.043327,1.041907,1.039406,0.976382,1.036676,1.031721,1.031056,1.042876,1.033436,1.047316,1.045379,1.033502,1.023296,1.000924,0.964470,0.964194,0.974910,0.970340,0.998003,1.028175,0.995654,0.975749,1.030456
7.063840,1.045075,1.040484,1.039016,1.028473,1.031960,1.032290,1.031715,1.031847,1.043296,1.032566,1.032151,1.028757,1.032641,1.033889,1.038561,1.041166,1.043335,1.041918,1.039396,0.976375,1.036676,1.031718,1.031054,1.042878,1.033460,1.047329,1.045389,1.033509,1.023301,1.000980,0.964468,0.964196,0.974895,0.970335,0.997994,1.028176,0.995674,0.975751,1.030460
7.072170,1.045089,1.040512,1.039032,1.028481,1.031964,1.032294,1.031719,1.031851,1.043301,1.032570,1.032155,1.028761,1.032645,1.033894,1.038565,1.041168,1.043342,1.041928,1.039386,0.976368,1.036675,1.031715,1.031053,1.042880,1.033483,1.047341,1.045399,1.033516,1.023306,1.001036,0.964466,0.964197,0.974879,0.970330,0.997984,1.028178,0.995693,0.975752,1.030464
7.080500,1.045102,1.040539,1.039048,1.028488,1.031969,1.032297,1.031723,1.031855,1.043305,1.032573,1.032158,1.028765,1.032649,1.033898,1.038568,1.041171,1.043349,1.041939,1.039376,0.976360,1.036674,1.031711,1.031051,1.042882,1.033506,1.047352,1.045408,1.033523,1.023311,1.001091,0.964463,0.964198,0.974863,0.970324,0.997975,1.028179,0.995712,0.975753,1.030468
7.088830,1.045115,1.040566,1.039063,1.028495,1.031973,1.032301,1.031727,1.031859,1.043308,1.032577,1.032162,1.028768,1.032653,1.033903,1.038570,1.041173,1.043356,1.041948,1.039366,0.976352,1.036674,1.031707,1.031049,1.042883,1.033528,1.047364,1.045417,1.033529,1.023316,1.001146,0.964460,0.964199,0.974847,0.970319,0.997965,1.028180,0.995731,0.975754,1.030472
7.097160,1.045127,1.040593,1.039078,1.028501,1.031976,1.032304,1.031730,1.031862,1.043312,1.032580,1.032165,1.028771,1.032656,1.033907,1.038573,1.041174,1.043362,1.041958,1.039355,0.976343,1.036672,1.031703,1.031047,1.042884,1.033550,1.047375,1.045426,1.033535,1.023320,1.001200,0.964457,0.964200,0.974830,0.970313,0.997954,1.028181,0.995749,0.975755,1.030476
7.105490,1.045140,1.040619,1.039092,1.028508,1.031980,1.032307,1.031734,1.031865,1.043316,1.032583,1.032168,1.028775,1.032659,1.033912,1.038575,1.041176,1.043368,1.041968,1.039344,0.976335,1.036671,1.031698,1.031045,1.042885,1.033572,1.047385,1.045435,1.033541,1.023324,1.001254,0.964454,0.964200,0.974813,0.970307,0.997944,1.028182,0.995767,0.975755,1.030479
7.113820,1.045152,1.040645,1.039107,1.028514,1.031983,1.032310,1.031737,1.031869,1.043319,1.032585,1.032170,1.028777,1.032662,1.033916,1.038577,1.041177,1.043374,1.041977,1.039333,0.976326,1.036669,1.031694,1.031042,1.042886,1.033593,1.047396,1.045444,1.033546,1.023328,1.001308,0.964451,0.964200,0.974796,0.970300,0.997933,1.028182,0.995784,0.975756,1.030483
7.122150,1.045165,1.040670,1.039121,1.028520,1.031986,1.032313,1.031739,1.031872,1.043323,1.032588,1.032173,1.028780,1.032665,1.033919,1.038579,1.041178,1.043380,1.041986,1.039321,0.976317,1.036667,1.031689,1.031039,1.042886,1.033615,1.047406,1.045452,1.033552,1.023332,1.001361,0.964448,0.964200,0.974779,0.970294,0.997923,1.028182,0.995802,0.975756,1.030486
7.130480,1.045177,1.040696,1.039135,1.028526,1.031990,1.032315,1.031742,1.031874,1.043326,1.032590,1.032175,1.028783,1.032668,1.033923,1.038581,1.041179,1.043386,1.041995,1.039310,0.976308,1.036665,1.031684,1.031036,1.042887,1.033635,1.047416,1.045460,1.033557,1.023335,1.001414,0.964444,0.964200,0.974761,0.970287,0.997912,1.028182,0.995819,0.975756,1.030489
7.138810,1.045189,1.040721,1.039149,1.028532,1.031992,1.032317,1.031745,1.031877,1.043329,1.032592,1.032177,1.028785,1.032670,1.033926,1.038582,1.041179,1.043391,1.042003,1.039298,0.976299,1.036663,1.031679,1.031033,1.042887,1.033656,1.047426,1.045467,1.033562,1.023338,1.001467,0.964441,0.964200,0.974744,0.970280,0.997900,1.028182,0.995835,0.975755,1.030493
7.147140,1.045201,1.040746,1.039163,1.028537,1.031995,1.032320,1.031747,1.031880,1.043332,1.032594,1.032180,1.028787,1.032673,1.033930,1.038584,1.041180,1.043396,1.042012,1.039286,0.976289,1.036661,1.031673,1.031029,1.042887,1.033676,1.047436,1.045475,1.033566,1.023341,1.001519,0.964437,0.964200,0.974726,0.970273,0.997889,1.028181,0.995852,0.975755,1.030496
7.155470,1.045212,1.040771,1.039176,1.028543,1.031998,1.032322,1.031750,1.031882,1.043335,1.032596,1.032182,1.028789,1.032675,1.033933,1.038585,1.041180,1.043401,1.042020,1.039274,0.976279,1.036658,1.031668,1.031026,1.042887,1.033696,1.047445,1.045482,1.033571,1.023344,1.001571,0.964433,0.964199,0.974708,0.970265,0.997878,1.028181,0.995868,0.975755,1.030499
7.163800,1.045224,1.040795,1.039189,1.028548,1.032000,1.032324,1.031752,1.031885,1.043337,1.032598,1.032183,1.028791,1.032677,1.033936,1.038586,1.041180,1.043406,1.042028,1.039262,0.976270,1.036656,1.031662,1.031022,1.042886,1.033716,1.047454,1.045490,1.033575,1.023347,1.001623,0.964429,0.964199,0.974690,0.970258,0.997866,1.028180,0.995884,0.975754,1.030502
7.172130,1.045236,1.040820,1.039202,1.028553,1.032003,1.032326,1.031754,1.031887,1.043340,1.032599,1.032185,1.028793,1.032679,1.033939,1.038587,1.041181,1.043411,1.042036,1.039249,0.976260,1.036653,1.031656,1.031018,1.042886,1.033736,1.047463,1.045497,1.033580,1.023350,1.001674,0.964425,0.964198,0.974672,0.970251,0.997854,1.028179,0.995900,0.975753,1.030505
7.180460,1.045247,1.040844,1.039216,1.028558,1.032005,1.032327,1.031756,1.031889,1.043343,1.032601,1.032187,1.028795,1.032681,1.033941,1.038588,1.041181,1.043416,1.042044,1.039237,0.976250,1.036650,1.031651,1.031014,1.042885,1.033756,1.047472,1.045504,1.033584,1.023353,1.001726,0.964421,0.964197,0.974654,0.970243,0.997843,1.028178,0.995915,0.975752,1.030508
7.188790,1.045259,1.040869,1.039229,1.028563,1.032007,1.032329,1.031758,1.031891,1.043345,1.032603,1.032188,1.028797,1.032683,1.033944,1.038589,1.041180,1.043420,1.042052,1.039225,0.976240,1.036647,1.031645,1.031011,1.042885,1.033775,1.047481,1.045511,1.033588,1.023355,1.001777,0.964417,0.964196,0.974636,0.970235,0.997831,1.028177,0.995931,0.975752,1.030511
7.197120,1.045270,1.040893,1.039241,1.028568,1.032010,1.032331,1.031760,1.031893,1.043348,1.032604,1.032190,1.028798,1.032685,1.033947,1.038589,1.041180,1.043425,1.042059,1.039212,0.976230,1.036644,1.031639,1.031007,1.042884,1.033795,1.047490,1.045518,1.033592,1.023358,1.001828,0.964413,0.964196,0.974617,0.970227,0.997819,1.028176,0.995946,0.975751,1.030513
7.205450,1.045282,1.040917,1.039254,1.028573,1.032012,1.032333,1.031762,1.031895,1.043350,1.032605,1.032192,1.028800,1.032687,1.033950,1.038590,1.041180,1.043430,1.042067,1.039200,0.976220,1.036641,1.031633,1.031003,1.042884,1.033814,1.047499,1.045524,1.033596,1.023360,1.001880,0.964410,0.964195,0.974599,0.970220,0.997807,1.028175,0.995962,0.975750,1.030516
7.213780,1.045293,1.040941,1.039267,1.028578,1.032014,1.032334,1.031764,1.031897,1.043353,1.032607,1.032193,1.028802,1.032689,1.033952,1.038591,1.041180,1.043434,1.042075,1.039187,0.976209,1.036638,1.031627,1.030999,1.042883,1.033833,1.047508,1.045531,1.033600,1.023363,1.001931,0.964406,0.964194,0.974581,0.970212,0.997795,1.028174,0.995977,0.975749,1.030519
7.222110,1.045304,1.040965,1.039280,1.028583,1.032016,1.032336,1.031766,1.031900,1.043355,1.032608,1.032195,1.028804,1.032690,1.033955,1.038592,1.041180,1.043439,1.042083,1.039175,0.976199,1.036635,1.031621,1.030995,1.042882,1.033852,1.047517,1.045538,1.033604,1.023365,1.001982,0.964402,0.964193,0.974562,0.970204,0.997784,1.028173,0.995992,0.975749,1.030521
7.230440,1.045316,1.040989,1.039293,1.028588,1.032018,1.032338,1.031768,1.031902,1.043358,1.032610,1.032196,1.028805,1.032692,1.033958,1.038592,1.041180,1.043443,1.042090,1.039162,0.976189,1.036632,1.031615,1.030991,1.042882,1.033872,1.047525,1.045545,1.033609,1.023368,1.002033,0.964398,0.964192,0.974544,0.970197,0.997772,1.028172,0.996007,0.975748,1.030524
7.238770,1.045327,1.041014,1.039306,1.028593,1.032021,1.032340,1.031770,1.031904,1.043360,1.032611,1.032198,1.028807,1.032694,1.033960,1.038593,1.041180,1.043448,1.042098,1.039150,0.976179,1.036629,1.031609,1.030987,1.042881,1.033891,1.047534,1.045552,1.033613,1.023371,1.002084,0.964394,0.964192,0.974526,0.970189,0.997760,1.028172,0.996022,0.975747,1.030527
7.247100,1.045339,1.041038,1.039319,1.028598,1.032023,1.032341,1.031772,1.031906,1.043363,1.032613,1.032200,1.028809,1.032696,1.033963,1.038594,1.041180,1.043452,1.042106,1.039137,0.976170,1.036627,1.031604,1.030983,1.042881,1.033910,1.047543,1.045559,1.033617,1.023374,1.002135,0.964390,0.964191,0.974508,0.970181,0.997748,1.028171,0.996037,0.975747,1.030529
7.255430,1.045350,1.041062,1.039332,1.028603,1.032026,1.032343,1.031774,1.031908,1.043365,1.032615,1.032201,1.028811,1.032698,1.033966,1.038595,1.041180,1.043457,1.042114,1.039125,0.976160,1.036624,1.031598,1.030980,1.042880,1.033930,1.047552,1.045566,1.033622,1.023377,1.002187,0.964387,0.964190,0.974490,0.970174,0.997737,1.028170,0.996052,0.975747,1.030532
7.263760,1.045361,1.041087,1.039345,1.028608,1.032028,1.032345,1.031776,1.031911,1.043368,1.032616,1.032203,1.028813,1.032700,1.033969,1.038596,1.041180,1.043462,1.042122,1.039113,0.976150,1.036621,1.031593,1.030976,1.042880,1.033949,1.047562,1.045573,1.033626,1.023380,1.002238,0.964383,0.964190,0.974472,0.970167,0.997726,1.028170,0.996068,0.975747,1.030534
7.272090,1.045373,1.041111,1.039359,1.028613,1.032031,1.032347,1.031779,1.031913,1.043370,1.032618,1.032205,1.028815,1.032702,1.033972,1.038598,1.041181,1.043467,1.042130,1.039101,0.976141,1.036619,1.031587,1.030973,1.042880,1.033969,1.047571,1.045581,1.033631,1.023383,1.002290,0.964380,0.964189,0.974455,0.970160,0.997714,1.028170,0.996083,0.975747,1.030537
7.280420,1.045385,1.041136,1.039372,1.028619,1.032033,1.032350,1.031781,1.031915,1.043373,1.032620,1.032207,1.028817,1.032705,1.033975,1.038599,1.041181,1.043472,1.042139,1.039090,0.976131,1.036617,1.031582,1.030969,1.042880,1.033988,1.047580,1.045588,1.033636,1.023387,1.002342,0.964377,0.964189,0.974437,0.970153,0.997703,1.028170,0.996098,0.975747,1.030539
7.288750,1.045396,1.041161,1.039386,1.028624,1.032036,1.032352,1.031784,1.031918,1.043375,1.032623,1.032210,1.028820,1.032707,1.033979,1.038600,1.041182,1.043478,1.042147,1.039078,0.976122,1.036615,1.031577,1.030966,1.042880,1.034008,1.047590,1.045596,1.033641,1.023390,1.002394,0.964374,0.964189,0.974420,0.970146,0.997692,1.028170,0.996114,0.975748,1.030542
7.297080,1.045408,1.041186,1.039400,1.028630,1.032039,1.032355,1.031786,1.031921,1.043378,1.032625,1.032212,1.028822,1.032710,1.033982,1.038602,1.041183,1.043483,1.042156,1.039067,0.976113,1.036613,1.031572,1.030964,1.042880,1.034028,1.047600,1.045604,1.033647,1.023394,1.002446,0.964371,0.964189,0.974403,0.970140,0.997682,1.028170,0.996129,0.975748,1.030544
7.305410,1.045420,1.041211,1.039414,1.028636,1.032043,1.032357,1.031789,1.031924,1.043381,1.032627,1.032215,1.028825,1.032713,1.033986,1.038604,1.041184,1.043489,1.042165,1.039056,0.976105,1.036611,1.031568,1.030961,1.042881,1.034049,1.047610,1.045612,1.033652,1.023398,1.002499,0.964368,0.964189,0.974386,0.970133,0.997671,1.028171,0.996145,0.975750,1.030547
7.313740,1.045432,1.041236,1.039428,1.028642,1.032046,1.032360,1.031792,1.031927,1.043384,1.032630,1.032217,1.028828,1.032716,1.033990,1.038606,1.041185,1.043495,1.042174,1.039045,0.976096,1.036610,1.031563,1.030959,1.042882,1.034069,1.047620,1.045620,1.033658,1.023403,1.002552,0.964366,0.964189,0.974370,0.970127,0.997661,1.028172,0.996161,0.975751,1.030550
7.322070,1.045444,1.041262,1.039442,1.028648,1.032049,1.032363,1.031795,1.031930,1.043387,1.032633,1.032220,1.028831,1.032719,1.033994,1.038609,1.041187,1.043501,1.042183,1.039035,0.976088,1.036608,1.031559,1.030957,1.042883,1.034090,1.047631,1.045629,1.033665,1.023408,1.002605,0.964364,0.964190,0.974353,0.970122,0.997651,1.028173,0.996177,0.975753,1.030552
7.330400,1.045456,1.041288,1.039457,1.028655,1.032053,1.032367,1.031799,1.031934,1.043390,1.032636,1.032223,1.028834,1.032723,1.033999,1.038611,1.041189,1.043508,1.042193,1.039024,0.976080,1.036608,1.031556,1.030955,1.042884,1.034111,1.047642,1.045638,1.033671,1.023413,1.002659,0.964362,0.964191,0.974337,0.970116,0.997641,1.028175,0.996194,0.975755,1.030555
7.338730,1.045468,1.041314,1.039472,1.028662,1.032057,1.032370,1.031802,1.031937,1.043393,1.032639,1.032227,1.028838,1.032726,1.034003,1.038614,1.041191,1.043514,1.042203,1.039015,0.976073,1.036607,1.031552,1.030954,1.042886,1.034132,1.047653,1.045647,1.033678,1.023418,1.002713,0.964360,0.964192,0.974322,0.970111,0.997631,1.028176,0.996210,0.975757,1.030558
7.347060,1.045480,1.041341,1.039487,1.028669,1.032061,1.032374,1.031806,1.031941,1.043396,1.032643,1.032231,1.028842,1.032730,1.034008,1.038617,1.041193,1.043522,1.042213,1.039005,0.976065,1.036607,1.031549,1.030952,1.042888,1.034153,1.047665,1.045656,1.033685,1.023424,1.002767,0.964358,0.964193,0.974306,0.970106,0.997622,1.028179,0.996227,0.975760,1.030560
7.355390,1.045493,1.041368,1.039502,1.028676,1.032066,1.032378,1.031810,1.031945,1.043399,1.032647,1.032234,1.028846,1.032735,1.034013,1.038621,1.041196,1.043529,1.042223,1.038996,0.976059,1.036607,1.031546,1.030952,1.042890,1.034175,1.047677,1.045666,1.033693,1.023430,1.002821,0.964357,0.964194,0.974291,0.970102,0.997613,1.028181,0.996244,0.975763,1.030563
7.363720,1.045505,1.041395,1.039518,1.028683,1.032071,1.032382,1.031815,1.031950,1.043403,1.032651,1.032239,1.028850,1.032739,1.034019,1.038625,1.041199,1.043537,1.042234,1.038987,0.976052,1.036607,1.031543,1.030951,1.042892,1.034197,1.047689,1.045676,1.033701,1.023437,1.002876,0.964356,0.964196,0.974276,0.970098,0.997605,1.028184,0.996262,0.975766,1.030566
7.372050,1.045518,1.041422,1.039534,1.028691,1.032076,1.032386,1.031819,1.031954,1.043406,1.032655,1.032243,1.028854,1.032744,1.034024,1.038629,1.041202,1.043544,1.042245,1.038978,0.976046,1.036607,1.031541,1.030951,1.042895,1.034220,1.047701,1.045687,1.033709,1.023444,1.002932,0.964355,0.964198,0.974262,0.970094,0.997596,1.028187,0.996279,0.975770,1.030569
7.380380,1.045531,1.041450,1.039551,1.028699,1.032081,1.032391,1.031824,1.031959,1.043410,1.032660,1.032248,1.028859,1.032749,1.034030,1.038633,1.041206,1.043553,1.042257,1.038970,0.976040,1.036608,1.031539,1.030951,1.042898,1.034242,1.047714,1.045697,1.033718,1.023451,1.002987,0.964354,0.964200,0.974248,0.970091,0.997589,1.028191,0.996297,0.975774,1.030571
7.388710,1.045544,1.041478,1.039567,1.028708,1.032086,1.032396,1.031829,1.031964,1.043414,1.032665,1.032252,1.028864,1.032754,1.034036,1.038638,1.041210,1.043561,1.042268,1.038963,0.976034,1.036610,1.031538,1.030952,1.042902,1.034265,1.047727,1.045708,1.033727,1.023459,1.003043,0.964354,0.964202,0.974234,0.970088,0.997581,1.028195,0.996315,0.975779,1.030574
7.397040,1.045557,1.041506,1.039584,1.028716,1.032092,1.032401,1.031834,1.031969,1.043418,1.032670,1.032258,1.028870,1.032760,1.034043,1.038643,1.041214,1.043570,1.042280,1.038955,0.976029,1.036611,1.031537,1.030952,1.042905,1.034289,1.047741,1.045720,1.033736,1.023467,1.003100,0.964354,0.964205,0.974221,0.970086,0.997574,1.028200,0.996334,0.975784,1.030577
7.405370,1.045570,1.041535,1.039602,1.028725,1.032098,1.032407,1.031840,1.031975,1.043422,1.032675,1.032263,1.028875,1.032765,1.034050,1.038648,1.041219,1.043580,1.042293,1.038948,0.976025,1.036613,1.031536,1.030954,1.042910,1.034313,1.047755,1.045732,1.033746,1.023476,1.003157,0.964355,0.964208,0.974208,0.970083,0.997567,1.028205,0.996353,0.975789,1.030580
7.413700,1.045583,1.041563,1.039619,1.028734,1.032104,1.032413,1.031845,1.031981,1.043426,1.032681,1.032269,1.028881,1.032772,1.034057,1.038654,1.041224,1.043589,1.042305,1.038942,0.976020,1.036616,1.031535,1.030955,1.042914,1.034337,1.047769,1.045744,1.033757,1.023485,1.003214,0.964355,0.964211,0.974195,0.970082,0.997560,1.028210,0.996372,0.975795,1.030583
7.422030,1.045597,1.041593,1.039637,1.028744,1.032111,1.032419,1.031851,1.031987,1.043430,1.032687,1.032275,1.028888,1.032778,1.034064,1.038660,1.041230,1.043599,1.042318,1.038936,0.976016,1.036618,1.031535,1.030957,1.042919,1.034361,1.047784,1.045756,1.033767,1.023494,1.003272,0.964356,0.964215,0.974183,0.970081,0.997554,1.028216,0.996391,0.975802,1.030586
7.430360,1.045611,1.041622,1.039655,1.028753,1.032117,1.032425,1.031858,1.031993,1.043435,1.032693,1.032281,1.028894,1.032785,1.034072,1.038666,1.041235,1.043610,1.042332,1.038930,0.976013,1.036622,1.031536,1.030960,1.042924,1.034386,1.047799,1.045769,1.033778,1.023504,1.003330,0.964357,0.964218,0.974171,0.970080,0.997548,1.028222,0.996411,0.975808,1.030589
7.438690,1.045624,1.041652,1.039674,1.028764,1.032125,1.032432,1.031864,1.031999,1.043439,1.032700,1.032288,1.028901,1.032792,1.034080,1.038673,1.041241,1.043620,1.042345,1.038924,0.976010,1.036625,1.031536,1.030963,1.042930,1.034411,1.047814,1.045783,1.033790,1.023514,1.003388,0.964358,0.964222,0.974160,0.970079,0.997543,1.028228,0.996431,0.975816,1.030593
7.447020,1.045638,1.041682,1.039693,1.028774,1.032132,1.032439,1.031871,1.032006,1.043444,1.032707,1.032295,1.028908,1.032799,1.034088,1.038680,1.041248,1.043632,1.042359,1.038920,0.976007,1.036629,1.031537,1.030966,1.042936,1.034436,1.047830,1.045796,1.033802,1.023525,1.003447,0.964360,0.964227,0.974149,0.970079,0.997537,1.028235,0.996451,0.975823,1.030596
7.455350,1.045652,1.041713,1.039712,1.028784,1.032139,1.032446,1.031878,1.032013,1.043449,1.032714,1.032302,1.028916,1.032807,1.034097,1.038687,1.041255,1.043643,1.042374,1.038915,0.976005,1.036633,1.031539,1.030969,1.042942,1.034462,1.047846,1.045810,1.033814,1.023536,1.003507,0.964362,0.964231,0.974138,0.970080,0.997533,1.028243,0.996472,0.975831,1.030599
7.463680,1.045667,1.041744,1.039732,1.028795,1.032147,1.032453,1.031885,1.032020,1.043454,1.032722,1.032309,1.028923,1.032814,1.034106,1.038695,1.041262,1.043655,1.042389,1.038911,0.976003,1.036637,1.031540,1.030973,1.042949,1.034488,1.047863,1.045825,1.033827,1.023547,1.003566,0.964364,0.964236,0.974128,0.970080,0.997528,1.028251,0.996493,0.975840,1.030602
7.472010,1.045681,1.041775,1.039751,1.028807,1.032156,1.032461,1.031893,1.032028,1.043459,1.032729,1.032317,1.028931,1.032823,1.034115,1.038703,1.041269,1.043667,1.042404,1.038907,0.976001,1.036642,1.031543,1.030978,1.042956,1.034515,1.047880,1.045839,1.033840,1.023559,1.003626,0.964367,0.964241,0.974118,0.970082,0.997524,1.028259,0.996514,0.975848,1.030605
7.480340,1.045695,1.041806,1.039772,1.028818,1.032164,1.032469,1.031901,1.032036,1.043464,1.032737,1.032325,1.028939,1.032831,1.034125,1.038711,1.041277,1.043679,1.042419,1.038904,0.976000,1.036648,1.031545,1.030982,1.042963,1.034541,1.047897,1.045854,1.033854,1.023571,1.003687,0.964370,0.964247,0.974109,0.970083,0.997520,1.028267,0.996536,0.975858,1.030609
7.488670,1.045710,1.041838,1.039792,1.028830,1.032173,1.032477,1.031909,1.032044,1.043469,1.032746,1.032333,1.028948,1.032840,1.034134,1.038720,1.041285,1.043692,1.042435,1.038901,0.975999,1.036653,1.031548,1.030987,1.042971,1.034568,1.047915,1.045870,1.033867,1.023584,1.003747,0.964373,0.964252,0.974100,0.970085,0.997517,1.028277,0.996558,0.975867,1.030612
7.497000,1.045724,1.041870,1.039813,1.028842,1.032181,1.032485,1.031917,1.032052,1.043475,1.032754,1.032342,1.028957,1.032849,1.034144,1.038729,1.041294,1.043705,1.042451,1.038898,0.975999,1.036659,1.031551,1.030993,1.042979,1.034596,1.047933,1.045885,1.033882,1.023597,1.003808,0.964376,0.964258,0.974091,0.970088,0.997514,1.028286,0.996580,0.975877,1.030615
7.505330,1.045739,1.041902,1.039834,1.028854,1.032191,1.032494,1.031925,1.032060,1.043480,1.032763,1.032351,1.028966,1.032858,1.034155,1.038738,1.041303,1.043718,1.042467,1.038896,0.975999,1.036665,1.031555,1.030998,1.042987,1.034623,1.047951,1.045901,1.033896,1.023611,1.003869,0.964379,0.964264,0.974083,0.970091,0.997511,1.028296,0.996602,0.975888,1.030619
7.513660,1.045754,1.041935,1.039855,1.028867,1.032200,1.032503,1.031934,1.032069,1.043486,1.032772,1.032360,1.028975,1.032867,1.034165,1.038748,1.041312,1.043732,1.042484,1.038894,0.975999,1.036672,1.031558,1.031004,1.042996,1.034651,1.047970,1.045918,1.033911,1.023624,1.003931,0.964383,0.964271,0.974075,0.970094,0.997509,1.028306,0.996625,0.975899,1.030622
7.521990,1.045769,1.041967,1.039876,1.028879,1.032210,1.032512,1.031943,1.032078,1.043491,1.032781,1.032369,1.028984,1.032877,1.034176,1.038758,1.041321,1.043746,1.042500,1.038893,0.976000,1.036679,1.031563,1.031011,1.043005,1.034679,1.047989,1.045935,1.033927,1.023639,1.003993,0.964387,0.964277,0.974067,0.970097,0.997507,1.028316,0.996647,0.975910,1.030626
7.530320,1.045784,1.042000,1.039898,1.028892,1.032219,1.032521,1.031952,1.032087,1.043497,1.032791,1.032378,1.028994,1.032887,1.034187,1.038768,1.041331,1.043760,1.042517,1.038892,0.976001,1.036686,1.031567,1.031017,1.043014,1.034708,1.048008,1.045951,1.033943,1.023653,1.004055,0.964391,0.964284,0.974059,0.970101,0.997505,1.028327,0.996671,0.975921,1.030629
7.538650,1.045799,1.042034,1.039920,1.028906,1.032229,1.032531,1.031961,1.032096,1.043503,1.032800,1.032388,1.029004,1.032897,1.034199,1.038778,1.041341,1.043775,1.042535,1.038891,0.976002,1.036693,1.031572,1.031024,1.043023,1.034737,1.048028,1.045969,1.033959,1.023668,1.004117,0.964396,0.964291,0.974052,0.970105,0.997503,1.028339,0.996694,0.975933,1.030632
7.546980,1.045814,1.042067,1.039942,1.028919,1.032240,1.032541,1.031971,1.032105,1.043509,1.032810,1.032398,1.029014,1.032908,1.034210,1.038789,1.041351,1.043790,1.042552,1.038890,0.976004,1.036701,1.031577,1.031032,1.043033,1.034765,1.048047,1.045986,1.033975,1.023683,1.004180,0.964400,0.964298,0.974046,0.970110,0.997502,1.028350,0.996717,0.975946,1.030636
7.555310,1.045829,1.042100,1.039965,1.028933,1.032250,1.032551,1.031981,1.032115,1.043515,1.032820,1.032408,1.029025,1.032918,1.034222,1.038800,1.041362,1.043805,1.042570,1.038890,0.976006,1.036709,1.031582,1.031039,1.043043,1.034795,1.048067,1.046004,1.033992,1.023698,1.004242,0.964405,0.964305,0.974039,0.970115,0.997501,1.028362,0.996741,0.975958,1.030639
7.563640,1.045844,1.042134,1.039987,1.028946,1.032261,1.032561,1.031990,1.032124,1.043521,1.032831,1.032418,1.029035,1.032929,1.034234,1.038811,1.041373,1.043820,1.042588,1.038890,0.976008,1.036717,1.031588,1.031047,1.043054,1.034824,1.048088,1.046022,1.034008,1.023714,1.004305,0.964410,0.964313,0.974033,0.970120,0.997500,1.028374,0.996765,0.975971,1.030643
7.571970,1.045860,1.042168,1.040010,1.028960,1.032271,1.032571,1.032000,1.032134,1.043527,1.032841,1.032429,1.029046,1.032940,1.034246,1.038822,1.041384,1.043835,1.042607,1.038891,0.976010,1.036726,1.031594,1.031055,1.043064,1.034853,1.048108,1.046040,1.034026,1.023730,1.004368,0.964415,0.964321,0.974027,0.970125,0.997500,1.028386,0.996789,0.975984,1.030646
7.580300,1.045875,1.042202,1.040033,1.028975,1.032282,1.032581,1.032010,1.032144,1.043533,1.032852,1.032439,1.029057,1.032951,1.034258,1.038833,1.041395,1.043851,1.042625,1.038891,0.976013,1.036734,1.031600,1.031063,1.043075,1.034883,1.048129,1.046058,1.034043,1.023747,1.004431,0.964420,0.964328,0.974021,0.970131,0.997500,1.028399,0.996813,0.975997,1.030649
7.588630,1.045890,1.042236,1.040056,1.028989,1.032293,1.032592,1.032021,1.032154,1.043539,1.032862,1.032450,1.029068,1.032962,1.034270,1.038845,1.041406,1.043867,1.042644,1.038892,0.976016,1.036743,1.031606,1.031072,1.043086,1.034913,1.048150,1.046077,1.034061,1.023763,1.004494,0.964426,0.964336,0.974016,0.970137,0.997500,1.028412,0.996838,0.976011,1.030653
7.596960,1.045906,1.042270,1.040079,1.029003,1.032304,1.032602,1.032031,1.032164,1.043546,1.032873,1.032461,1.029079,1.032974,1.034283,1.038857,1.041418,1.043883,1.042662,1.038893,0.976019,1.036752,1.031612,1.031081,1.043097,1.034942,1.048171,1.046096,1.034079,1.023780,1.004557,0.964431,0.964344,0.974011,0.970143,0.997500,1.028425,0.996862,0.976025,1.030656
7.605290,1.045921,1.042304,1.040102,1.029018,1.032315,1.032613,1.032041,1.032175,1.043552,1.032884,1.032472,1.029090,1.032985,1.034296,1.038869,1.041429,1.043899,1.042681,1.038895,0.976023,1.036762,1.031619,1.031089,1.043108,1.034972,1.048192,1.046114,1.034097,1.023797,1.004621,0.964437,0.964353,0.974005,0.970150,0.997500,1.028438,0.996887,0.976039,1.030660
7.613620,1.045936,1.042339,1.040126,1.029032,1.032327,1.032624,1.032052,1.032185,1.043558,1.032895,1.032483,1.029101,1.032997,1.034308,1.038881,1.041441,1.043915,1.042700,1.038896,0.976026,1.036771,1.031626,1.031098,1.043119,1.035002,1.048214,1.046133,1.034115,1.023814,1.004684,0.964442,0.964361,0.974001,0.970157,0.997500,1.028452,0.996911,0.976053,1.030663
7.621950,1.045952,1.042373,1.040149,1.029047,1.032338,1.032635,1.032063,1.032195,1.043564,1.032907,1.032494,1.029113,1.033008,1.034321,1.038893,1.041453,1.043931,1.042719,1.038898,0.976030,1.036780,1.031633,1.031108,1.043131,1.035033,1.048235,1.046153,1.034133,1.023831,1.004747,0.964448,0.964369,0.973996,0.970163,0.997501,1.028466,0.996936,0.976068,1.030666
7.630280,1.045967,1.042407,1.040173,1.029062,1.032350,1.032646,1.032073,1.032206,1.043571,1.032918,1.032505,1.029124,1.033020,1.034334,1.038906,1.041465,1.043948,1.042738,1.038900,0.976034,1.036790,1.031640,1.031117,1.043143,1.035063,1.048257,1.046172,1.034152,1.023848,1.004810,0.964454,0.964378,0.973991,0.970170,0.997502,1.028479,0.996961,0.976082,1.030669
7.638610,1.045982,1.042442,1.040196,1.029076,1.032361,1.032657,1.032084,1.032216,1.043577,1.032929,1.032516,1.029136,1.033032,1.034347,1.038918,1.041477,1.043964,1.042757,1.038901,0.976038,1.036800,1.031647,1.031126,1.043154,1.035093,1.048278,1.046191,1.034170,1.023866,1.004873,0.964460,0.964386,0.973987,0.970177,0.997502,1.028493,0.996985,0.976097,1.030672
7.646940,1.045997,1.042476,1.040220,1.029091,1.032373,1.032668,1.032095,1.032227,1.043583,1.032940,1.032527,1.029147,1.033044,1.034360,1.038930,1.041490,1.043981,1.042777,1.038904,0.976042,1.036809,1.031654,1.031136,1.043166,1.035123,1.048300,1.046210,1.034189,1.023884,1.004936,0.964466,0.964395,0.973983,0.970185,0.997503,1.028507,0.997010,0.976112,1.030675
7.655270,1.046012,1.042510,1.040243,1.029106,1.032384,1.032679,1.032105,1.032238,1.043589,1.032952,1.032539,1.029159,1.033055,1.034373,1.038943,1.041502,1.043998,1.042796,1.038906,0.976047,1.036819,1.031661,1.031145,1.043178,1.035153,1.048322,1.046230,1.034208,1.023901,1.004999,0.964472,0.964403,0.973978,0.970192,0.997504,1.028522,0.997035,0.976127,1.030678
7.663600,1.046027,1.042544,1.040267,1.029121,1.032396,1.032690,1.032116,1.032248,1.043595,1.032963,1.032550,1.029170,1.033067,1.034386,1.038956,1.041514,1.044014,1.042815,1.038908,0.976051,1.036829,1.031669,1.031155,1.043190,1.035183,1.048343,1.046249,1.034227,1.023919,1.005062,0.964478,0.964412,0.973974,0.970200,0.997505,1.028536,0.997059,0.976142,1.030681
7.671930,1.046042,1.042578,1.040290,1.029136,1.032407,1.032701,1.032127,1.032259,1.043601,1.032975,1.032561,1.029182,1.033079,1.034399,1.038968,1.041527,1.044031,1.042834,1.038910,0.976055,1.036839,1.031676,1.031165,1.043202,1.035213,1.048365,1.046268,1.034245,1.023937,1.005124,0.964484,0.964420,0.973970,0.970207,0.997506,1.028550,0.997084,0.976157,1.030684
7.680260,1.046057,1.042612,1.040313,1.029151,1.032419,1.032712,1.032137,1.032269,1.043607,1.032986,1.032573,1.029194,1.033091,1.034412,1.038981,1.041539,1.044047,1.042854,1.038913,0.976060,1.036849,1.031684,1.031174,1.043214,1.035243,1.048387,1.046288,1.034264,1.023955,1.005186,0.964490,0.964429,0.973966,0.970215,0.997508,1.028564,0.997109,0.976172,1.030687
7.688590,1.046072,1.042646,1.040337,1.029166,1.032430,1.032723,1.032148,1.032280,1.043613,1.032997,1.032584,1.029205,1.033103,1.034425,1.038993,1.041551,1.044064,1.042873,1.038915,0.976065,1.036859,1.031691,1.031184,1.043226,1.035273,1.048408,1.046307,1.034283,1.023973,1.005248,0.964496,0.964437,0.973962,0.970222,0.997509,1.028579,0.997133,0.976188,1.030690
7.696920,1.046087,1.042680,1.040360,1.029180,1.032442,1.032734,1.032159,1.032290,1.043619,1.033009,1.032595,1.029217,1.033115,1.034438,1.039006,1.041564,1.044081,1.042892,1.038917,0.976069,1.036869,1.031699,1.031194,1.043238,1.035302,1.048430,1.046326,1.034302,1.023991,1.005310,0.964502,0.964446,0.973958,0.970230,0.997510,1.028593,0.997157,0.976203,1.030692
7.705250,1.046101,1.042714,1.040383,1.029195,1.032453,1.032745,1.032169,1.032300,1.043625,1.033020,1.032606,1.029228,1.033126,1.034451,1.039018,1.041576,1.044097,1.042911,1.038920,0.976074,1.036879,1.031706,1.031203,1.043250,1.035332,1.048451,1.046346,1.034321,1.024008,1.005372,0.964508,0.964454,0.973954,0.970238,0.997511,1.028607,0.997182,0.976218,1.030695
7.713580,1.046115,1.042747,1.040406,1.029210,1.032464,1.032756,1.032180,1.032311,1.043631,1.033031,1.032617,1.029240,1.033138,1.034464,1.039031,1.041588,1.044113,1.042930,1.038922,0.976078,1.036889,1.031713,1.031213,1.043262,1.035361,1.048473,1.046365,1.034340,1.024026,1.005433,0.964514,0.964463,0.973950,0.970245,0.997512,1.028622,0.997206,0.976233,1.030697
7.721910,1.046130,1.042780,1.040429,1.029224,1.032475,1.032767,1.032190,1.032321,1.043636,1.033042,1.032628,1.029251,1.033149,1.034477,1.039043,1.041600,1.044130,1.042949,1.038924,0.976083,1.036898,1.031721,1.031223,1.043273,1.035391,1.048494,1.046384,1.034358,1.024044,1.005494,0.964520,0.964471,0.973946,0.970253,0.997513,1.028636,0.997230,0.976248,1.030700
7.730240,1.046144,1.042813,1.040452,1.029238,1.032486,1.032777,1.032200,1.032331,1.043642,1.033053,1.032639,1.029262,1.033161,1.034489,1.039055,1.041612,1.044146,1.042967,1.038927,0.976087,1.036908,1.031728,1.031232,1.043285,1.035420,1.048515,1.046403,1.034377,1.024061,1.005555,0.964525,0.964479,0.973942,0.970260,0.997514,1.028650,0.997253,0.976263,1.030702
7.738570,1.046158,1.042846,1.040474,1.029253,1.032497,1.032788,1.032211,1.032341,1.043647,1.033064,1.032650,1.029273,1.033172,1.034502,1.039067,1.041624,1.044162,1.042986,1.038929,0.976092,1.036918,1.031735,1.031242,1.043297,1.035448,1.048536,1.046421,1.034395,1.024079,1.005615,0.964531,0.964487,0.973938,0.970268,0.997515,1.028664,0.997277,0.976278,1.030704
7.746900,1.046172,1.042879,1.040497,1.029267,1.032508,1.032798,1.032221,1.032351,1.043652,1.033074,1.032660,1.029284,1.033183,1.034514,1.039079,1.041636,1.044178,1.043004,1.038931,0.976096,1.036927,1.031742,1.031251,1.043308,1.035477,1.048557,1.046440,1.034414,1.024096,1.005675,0.964537,0.964495,0.973934,0.970275,0.997515,1.028678,0.997300,0.976293,1.030706
7.755230,1.046185,1.042911,1.040519,1.029281,1.032519,1.032809,1.032231,1.032361,1.043658,1.033085,1.032671,1.029295,1.033194,1.034527,1.039091,1.041648,1.044194,1.043022,1.038933,0.976100,1.036936,1.031749,1.031260,1.043319,1.035505,1.048578,1.046458,1.034432,1.024114,1.005734,0.964542,0.964503,0.973930,0.970283,0.997516,1.028692,0.997323,0.976308,1.030708
7.763560,1.046199,1.042943,1.040541,1.029295,1.032530,1.032819,1.032240,1.032370,1.043663,1.033095,1.032681,1.029305,1.033205,1.034539,1.039103,1.041659,1.044209,1.043040,1.038935,0.976104,1.036946,1.031755,1.031269,1.043331,1.035534,1.048599,1.046477,1.034450,1.024131,1.005793,0.964547,0.964511,0.973925,0.970290,0.997517,1.028705,0.997346,0.976323,1.030710
7.771890,1.046212,1.042975,1.040563,1.029308,1.032540,1.032829,1.032250,1.032380,1.043668,1.033106,1.032691,1.029316,1.033216,1.034551,1.039114,1.041671,1.044225,1.043058,1.038937,0.976108,1.036955,1.031762,1.031278,1.043342,1.035561,1.048619,1.046495,1.034468,1.024148,1.005852,0.964552,0.964518,0.973921,0.970297,0.997517,1.028719,0.997369,0.976338,1.030712
7.780220,1.046225,1.043006,1.040584,1.029322,1.032550,1.032839,1.032259,1.032389,1.043672,1.033116,1.032701,1.029326,1.033227,1.034562,1.039126,1.041682,1.044240,1.043076,1.038938,0.976112,1.036963,1.031769,1.031287,1.043352,1.035589,1.048639,1.046512,1.034486,1.024165,1.005910,0.964558,0.964526,0.973916,0.970304,0.997517,1.028732,0.997391,0.976352,1.030713
7.788550,1.046238,1.043037,1.040605,1.029335,1.032560,1.032848,1.032269,1.032398,1.043677,1.033126,1.032711,1.029336,1.033237,1.034574,1.039137,1.041693,1.044255,1.043093,1.038940,0.976116,1.036972,1.031775,1.031295,1.043363,1.035616,1.048659,1.046530,1.034503,1.024181,1.005968,0.964562,0.964533,0.973911,0.970311,0.997518,1.028746,0.997413,0.976366,1.030715
7.796880,1.046251,1.043068,1.040626,1.029348,1.032570,1.032858,1.032278,1.032407,1.043681,1.033135,1.032721,1.029346,1.033247,1.034585,1.039148,1.041704,1.044270,1.043110,1.038941,0.976120,1.036981,1.031781,1.031303,1.043374,1.035643,1.048678,1.046547,1.034520,1.024198,1.006025,0.964567,0.964540,0.973906,0.970318,0.997518,1.028759,0.997435,0.976380,1.030716
7.805210,1.046264,1.043099,1.040647,1.029361,1.032580,1.032867,1.032287,1.032416,1.043686,1.033145,1.032730,1.029356,1.033257,1.034597,1.039159,1.041714,1.044284,1.043127,1.038942,0.976123,1.036989,1.031787,1.031312,1.043384,1.035670,1.048698,1.046565,1.034538,1.024214,1.006082,0.964572,0.964547,0.973901,0.970324,0.997517,1.028771,0.997457,0.976394,1.030717
7.813540,1.046276,1.043129,1.040668,1.029374,1.032589,1.032876,1.032295,1.032424,1.043690,1.033154,1.032740,1.029366,1.033267,1.034608,1.039169,1.041725,1.044299,1.043144,1.038943,0.976126,1.036997,1.031793,1.031320,1.043394,1.035696,1.048717,1.046582,1.034555,1.024230,1.006138,0.964576,0.964554,0.973896,0.970330,0.997517,1.028784,0.997478,0.976408,1.030718
7.821870,1.046288,1.043159,1.040688,1.029386,1.032599,1.032885,1.032304,1.032433,1.043694,1.033163,1.032749,1.029375,1.033277,1.034618,1.039180,1.041735,1.044313,1.043160,1.038944,0.976129,1.037005,1.031798,1.031327,1.043404,1.035722,1.048736,1.046598,1.034571,1.024246,1.006194,0.964580,0.964560,0.973891,0.970337,0.997516,1.028796,0.997499,0.976422,1.030719
7.830200,1.046300,1.043188,1.040708,1.029398,1.032608,1.032894,1.032312,1.032441,1.043698,1.033172,1.032758,1.029384,1.033286,1.034629,1.039190,1.041745,1.044326,1.043177,1.038945,0.976132,1.037013,1.031803,1.031335,1.043414,1.035748,1.048754,1.046615,1.034588,1.024261,1.006249,0.964584,0.964567,0.973885,0.970343,0.997516,1.028809,0.997519,0.976435,1.030720
7.838530,1.046312,1.043217,1.040728,1.029410,1.032617,1.032902,1.032320,1.032449,1.043702,1.033181,1.032766,1.029393,1.033295,1.034639,1.039200,1.041754,1.044340,1.043193,1.038945,0.976135,1.037020,1.031808,1.031342,1.043423,1.035773,1.048773,1.046631,1.034604,1.024277,1.006304,0.964588,0.964573,0.973880,0.970348,0.997515,1.028821,0.997540,0.976448,1.030721
7.846860,1.046323,1.043246,1.040747,1.029422,1.032625,1.032910,1.032328,1.032457,1.043705,1.033190,1.032775,1.029402,1.033304,1.034649,1.039210,1.041764,1.044353,1.043208,1.038945,0.976138,1.037027,1.031813,1.031349,1.043432,1.035798,1.048791,1.046647,1.034620,1.024292,1.006359,0.964592,0.964579,0.973874,0.970354,0.997514,1.028832,0.997560,0.976461,1.030721
7.855190,1.046335,1.043275,1.040766,1.029434,1.032634,1.032918,1.032336,1.032464,1.043709,1.033198,1.032783,1.029411,1.033313,1.034659,1.039219,1.041773,1.044366,1.043224,1.038945,0.976140,1.037034,1.031818,1.031356,1.043441,1.035823,1.048809,1.046662,1.034635,1.024307,1.006412,0.964596,0.964585,0.973868,0.970359,0.997512,1.028844,0.997579,0.976474,1.030722
7.863520,1.046346,1.043303,1.040785,1.029445,1.032642,1.032926,1.032344,1.032472,1.043712,1.033206,1.032791,1.029419,1.033322,1.034669,1.039228,1.041782,1.044379,1.043239,1.038945,0.976142,1.037041,1.031822,1.031363,1.043450,1.035848,1.048826,1.046678,1.034651,1.024321,1.006466,0.964599,0.964590,0.973862,0.970364,0.997511,1.028855,0.997599,0.976487,1.030722
7.871850,1.046357,1.043331,1.040803,1.029456,1.032650,1.032934,1.032351,1.032479,1.043715,1.033214,1.032799,1.029427,1.033330,1.034678,1.039237,1.041791,1.044392,1.043254,1.038944,0.976144,1.037048,1.031827,1.031369,1.043458,1.035871,1.048843,1.046693,1.034666,1.024336,1.006518,0.964602,0.964595,0.973855,0.970369,0.997509,1.028866,0.997617,0.976499,1.030722
7.880180,1.046367,1.043358,1.040822,1.029467,1.032658,1.032941,1.032358,1.032486,1.043718,1.033221,1.032806,1.029435,1.033338,1.034688,1.039246,1.041800,1.044404,1.043268,1.038944,0.976146,1.037054,1.031831,1.031375,1.043467,1.035895,1.048860,1.046707,1.034681,1.024350,1.006570,0.964605,0.964601,0.973848,0.970374,0.997507,1.028877,0.997636,0.976511,1.030722
7.888510,1.046378,1.043385,1.040840,1.029477,1.032665,1.032948,1.032365,1.032492,1.043720,1.033229,1.032813,1.029442,1.033346,1.034696,1.039254,1.041808,1.044416,1.043282,1.038943,0.976147,1.037060,1.031834,1.031381,1.043475,1.035918,1.048877,1.046722,1.034695,1.024364,1.006622,0.964608,0.964605,0.973842,0.970379,0.997505,1.028888,0.997654,0.976523,1.030722
7.896840,1.046388,1.043412,1.040857,1.029488,1.032673,1.032955,1.032371,1.032499,1.043723,1.033236,1.032821,1.029450,1.033353,1.034705,1.039263,1.041816,1.044428,1.043296,1.038942,0.976149,1.037066,1.031838,1.031387,1.043482,1.035941,1.048893,1.046736,1.034710,1.024377,1.006673,0.964610,0.964610,0.973835,0.970383,0.997502,1.028898,0.997672,0.976534,1.030722
7.905170,1.046398,1.043438,1.040874,1.029498,1.032680,1.032962,1.032378,1.032505,1.043725,1.033243,1.032827,1.029457,1.033361,1.034714,1.039271,1.041823,1.044439,1.043310,1.038940,0.976150,1.037071,1.031841,1.031392,1.043490,1.035964,1.048909,1.046750,1.034724,1.024390,1.006724,0.964613,0.964615,0.973827,0.970387,0.997499,1.028908,0.997690,0.976546,1.030722
7.913500,1.046408,1.043464,1.040891,1.029507,1.032687,1.032968,1.032384,1.032511,1.043728,1.033249,1.032834,1.029463,1.033368,1.034722,1.039278,1.041831,1.044450,1.043323,1.038939,0.976151,1.037076,1.031844,1.031398,1.043497,1.035986,1.048924,1.046763,1.034737,1.024403,1.006774,0.964615,0.964619,0.973820,0.970391,0.997497,1.028918,0.997707,0.976557,1.030721
7.921830,1.046418,1.043490,1.040908,1.029517,1.032693,1.032975,1.032390,1.032517,1.043730,1.033256,1.032840,1.029470,1.033375,1.034730,1.039286,1.041838,1.044461,1.043336,1.038937,0.976151,1.037081,1.031847,1.031403,1.043504,1.036008,1.048940,1.046777,1.034751,1.024416,1.006824,0.964617,0.964623,0.973812,0.970395,0.997493,1.028928,0.997724,0.976568,1.030721
7.930160,1.046427,1.043515,1.040924,1.029526,1.032700,1.032981,1.032396,1.032523,1.043732,1.033262,1.032846,1.029477,1.033381,1.034737,1.039293,1.041845,1.044472,1.043349,1.038935,0.976152,1.037086,1.031849,1.031407,1.043511,1.036029,1.048955,1.046790,1.034764,1.024429,1.006873,0.964619,0.964627,0.973805,0.970398,0.997490,1.028937,0.997741,0.976579,1.030720
7.938490,1.046437,1.043540,1.040940,1.029535,1.032706,1.032987,1.032401,1.032528,1.043733,1.033268,1.032852,1.029483,1.033388,1.034745,1.039300,1.041852,1.044482,1.043362,1.038933,0.976152,1.037091,1.031851,1.031412,1.043517,1.036051,1.048970,1.046802,1.034777,1.024441,1.006921,0.964620,0.964630,0.973797,0.970401,0.997487,1.028946,0.997757,0.976589,1.030719
7.946820,1.046446,1.043564,1.040956,1.029544,1.032712,1.032992,1.032407,1.032533,1.043735,1.033274,1.032858,1.029489,1.033394,1.034752,1.039307,1.041858,1.044492,1.043374,1.038930,0.976152,1.037095,1.031853,1.031416,1.043523,1.036071,1.048984,1.046815,1.034790,1.024453,1.006969,0.964622,0.964634,0.973788,0.970404,0.997483,1.028955,0.997773,0.976599,1.030718
7.955150,1.046454,1.043588,1.040972,1.029553,1.032718,1.032997,1.032412,1.032538,1.043736,1.033279,1.032864,1.029494,1.033400,1.034759,1.039313,1.041865,1.044502,1.043386,1.038928,0.976152,1.037099,1.031855,1.031420,1.043529,1.036092,1.048998,1.046827,1.034802,1.024465,1.007017,0.964623,0.964637,0.973780,0.970407,0.997479,1.028963,0.997788,0.976609,1.030717
7.963480,1.046463,1.043612,1.040987,1.029561,1.032723,1.033003,1.032417,1.032543,1.043738,1.033284,1.032869,1.029500,1.033405,1.034766,1.039319,1.041871,1.044512,1.043398,1.038925,0.976151,1.037103,1.031857,1.031424,1.043535,1.036112,1.049012,1.046839,1.034814,1.024476,1.007064,0.964624,0.964640,0.973771,0.970410,0.997475,1.028972,0.997804,0.976619,1.030716
7.971810,1.046472,1.043636,1.041002,1.029569,1.032729,1.033008,1.032421,1.032548,1.043739,1.033289,1.032874,1.029505,1.033411,1.034772,1.039325,1.041876,1.044521,1.043409,1.038922,0.976151,1.037107,1.031858,1.031427,1.043541,1.036132,1.049026,1.046850,1.034826,1.024488,1.007111,0.964625,0.964643,0.973763,0.970412,0.997470,1.028980,0.997819,0.976629,1.030715
7.980140,1.046480,1.043659,1.041017,1.029577,1.032734,1.033012,1.032426,1.032552,1.043740,1.033294,1.032879,1.029510,1.033416,1.034778,1.039331,1.041882,1.044530,1.043420,1.038918,0.976150,1.037110,1.031859,1.031431,1.043546,1.036151,1.049039,1.046862,1.034838,1.024499,1.007157,0.964626,0.964645,0.973754,0.970414,0.997466,1.028988,0.997833,0.976638,1.030714
7.988470,1.046488,1.043682,1.041031,1.029585,1.032739,1.033017,1.032430,1.032556,1.043741,1.033299,1.032883,1.029515,1.033421,1.034785,1.039337,1.041887,1.044539,1.043431,1.038915,0.976149,1.037113,1.031860,1.031434,1.043551,1.036171,1.049052,1.046873,1.034850,1.024509,1.007202,0.964627,0.964648,0.973745,0.970416,0.997461,1.028996,0.997848,0.976647,1.030712
7.996800,1.046496,1.043704,1.041045,1.029592,1.032743,1.033021,1.032434,1.032560,1.043742,1.033303,1.032888,1.029520,1.033426,1.034790,1.039342,1.041892,1.044547,1.043442,1.038911,0.976148,1.037116,1.031861,1.031437,1.043556,1.036190,1.049065,1.046884,1.034861,1.024520,1.007248,0.964627,0.964650,0.973735,0.970418,0.997456,1.029003,0.997862,0.976656,1.030711
8.005130,1.046504,1.043727,1.041059,1.029599,1.032748,1.033025,1.032438,1.032564,1.043742,1.033308,1.032892,1.029524,1.033431,1.034796,1.039347,1.041897,1.044556,1.043452,1.038907,0.976147,1.037119,1.031861,1.031439,1.043561,1.036208,1.049078,1.046894,1.034872,1.024530,1.007293,0.964627,0.964652,0.973726,0.970420,0.997451,1.029011,0.997876,0.976665,1.030709
8.013460,1.046511,1.043749,1.041073,1.029606,1.032752,1.033029,1.032442,1.032568,1.043743,1.033312,1.032896,1.029528,1.033435,1.034802,1.039352,1.041902,1.044564,1.043463,1.038903,0.976145,1.037121,1.031862,1.031442,1.043565,1.036226,1.049090,1.046905,1.034883,1.024540,1.007337,0.964627,0.964654,0.973717,0.970421,0.997446,1.029018,0.997889,0.976674,1.030707
8.021790,1.046519,1.043770,1.041086,1.029613,1.032756,1.033033,1.032446,1.032571,1.043743,1.033316,1.032900,1.029532,1.033439,1.034807,1.039357,1.041906,1.044572,1.043473,1.038899,0.976144,1.037124,1.031862,1.031444,1.043569,1.036244,1.049102,1.046915,1.034893,1.024550,1.007381,0.964627,0.964656,0.973707,0.970423,0.997440,1.029025,0.997902,0.976682,1.030706
8.030120,1.046526,1.043792,1.041099,1.029620,1.032760,1.033037,1.032449,1.032574,1.043743,1.033319,1.032904,1.029536,1.033443,1.034812,1.039362,1.041910,1.044579,1.043482,1.038895,0.976142,1.037126,1.031862,1.031446,1.043573,1.036262,1.049114,1.046925,1.034903,1.024560,1.007425,0.964627,0.964657,0.973697,0.970424,0.997434,1.029032,0.997915,0.976690,1.030704
8.038450,1.046533,1.043813,1.041112,1.029626,1.032764,1.033040,1.032452,1.032578,1.043743,1.033323,1.032907,1.029540,1.033447,1.034817,1.039366,1.041915,1.044587,1.043492,1.038890,0.976140,1.037128,1.031862,1.031448,1.043577,1.036280,1.049125,1.046935,1.034914,1.024570,1.007468,0.964627,0.964659,0.973687,0.970425,0.997429,1.029038,0.997928,0.976699,1.030702
8.046780,1.046540,1.043834,1.041125,1.029632,1.032768,1.033043,1.032455,1.032581,1.043743,1.033326,1.032910,1.029544,1.033451,1.034822,1.039370,1.041918,1.044594,1.043501,1.038886,0.976138,1.037130,1.031861,1.031450,1.043581,1.036297,1.049137,1.046944,1.034924,1.024579,1.007511,0.964627,0.964660,0.973677,0.970426,0.997423,1.029045,0.997940,0.976707,1.030700
8.055110,1.046547,1.043854,1.041137,1.029638,1.032771,1.033047,1.032458,1.032583,1.043743,1.033329,1.032914,1.029547,1.033455,1.034826,1.039374,1.041922,1.044601,1.043511,1.038881,0.976136,1.037131,1.031861,1.031452,1.043584,1.036314,1.049148,1.046954,1.034933,1.024588,1.007553,0.964626,0.964661,0.973667,0.970427,0.997417,1.029051,0.997952,0.976714,1.030697
8.063440,1.046554,1.043875,1.041149,1.029644,1.032775,1.033050,1.032461,1.032586,1.043743,1.033332,1.032917,1.029550,1.033458,1.034830,1.039378,1.041926,1.044608,1.043520,1.038876,0.976133,1.037133,1.031860,1.031453,1.043588,1.036331,1.049159,1.046963,1.034943,1.024598,1.007595,0.964625,0.964662,0.973657,0.970427,0.997410,1.029057,0.997964,0.976722,1.030695
8.071770,1.046560,1.043895,1.041162,1.029650,1.032778,1.033052,1.032464,1.032589,1.043743,1.033335,1.032920,1.029553,1.033461,1.034835,1.039382,1.041929,1.044615,1.043528,1.038871,0.976131,1.037134,1.031859,1.031455,1.043591,1.036347,1.049170,1.046972,1.034953,1.024607,1.007637,0.964625,0.964663,0.973646,0.970428,0.997404,1.029063,0.997976,0.976730,1.030693
8.080100,1.046567,1.043915,1.041174,1.029656,1.032781,1.033055,1.032466,1.032591,1.043742,1.033338,1.032922,1.029556,1.033465,1.034839,1.039385,1.041932,1.044622,1.043537,1.038866,0.976128,1.037135,1.031858,1.031456,1.043594,1.036364,1.049181,1.046981,1.034962,1.024615,1.007679,0.964624,0.964663,0.973636,0.970428,0.997398,1.029069,0.997988,0.976737,1.030691
8.088430,1.046573,1.043935,1.041185,1.029661,1.032784,1.033058,1.032469,1.032594,1.043742,1.033341,1.032925,1.029559,1.033468,1.034843,1.039389,1.041936,1.044628,1.043545,1.038861,0.976126,1.037136,1.031857,1.031457,1.043597,1.036380,1.049191,1.046989,1.034971,1.024624,1.007720,0.964623,0.964664,0.973625,0.970429,0.997391,1.029075,0.997999,0.976745,1.030688
8.096760,1.046579,1.043954,1.041197,1.029666,1.032787,1.033060,1.032471,1.032596,1.043741,1.033343,1.032928,1.029562,1.033471,1.034847,1.039392,1.041939,1.044635,1.043554,1.038855,0.976123,1.037137,1.031856,1.031458,1.043599,1.036396,1.049202,1.046998,1.034980,1.024633,1.007761,0.964622,0.964664,0.973615,0.970429,0.997384,1.029081,0.998010,0.976752,1.030686
8.105090,1.046585,1.043974,1.041208,1.029672,1.032790,1.033063,1.032473,1.032598,1.043741,1.033346,1.032930,1.029565,1.033473,1.034850,1.039395,1.041941,1.044641,1.043562,1.038850,0.976120,1.037138,1.031855,1.031459,1.043602,1.036412,1.049212,1.047006,1.034989,1.024641,1.007801,0.964621,0.964665,0.973604,0.970429,0.997377,1.029086,0.998021,0.976759,1.030683
8.113420,1.046591,1.043993,1.041220,1.029677,1.032792,1.033065,1.032475,1.032600,1.043740,1.033348,1.032932,1.029567,1.033476,1.034854,1.039398,1.041944,1.044647,1.043570,1.038844,0.976117,1.037139,1.031853,1.031460,1.043605,1.036427,1.049222,1.047014,1.034998,1.024649,1.007842,0.964620,0.964665,0.973593,0.970429,0.997371,1.029092,0.998032,0.976766,1.030681
8.121750,1.046597,1.044012,1.041231,1.029682,1.032795,1.033067,1.032477,1.032602,1.043739,1.033350,1.032934,1.029569,1.033479,1.034857,1.039401,1.041947,1.044653,1.043578,1.038839,0.976114,1.037139,1.031852,1.031460,1.043607,1.036443,1.049232,1.047022,1.035007,1.024658,1.007882,0.964618,0.964665,0.973583,0.970430,0.997364,1.029097,0.998042,0.976773,1.030678
8.130080,1.046603,1.044030,1.041242,1.029687,1.032797,1.033069,1.032479,1.032604,1.043739,1.033352,1.032937,1.029572,1.033481,1.034861,1.039404,1.041949,1.044659,1.043586,1.038833,0.976111,1.037140,1.031850,1.031461,1.043609,1.036458,1.049242,1.047030,1.035015,1.024666,1.007922,0.964617,0.964665,0.973572,0.970430,0.997357,1.029103,0.998053,0.976780,1.030676
8.138410,1.046609,1.044049,1.041253,1.029691,1.032800,1.033071,1.032481,1.032606,1.043738,1.033354,1.032939,1.029574,1.033483,1.034864,1.039407,1.041952,1.044664,1.043593,1.038828,0.976108,1.037140,1.031849,1.031461,1.043612,1.036473,1.049252,1.047038,1.035024,1.024674,1.007961,0.964616,0.964665,0.973561,0.970430,0.997349,1.029108,0.998063,0.976787,1.030673
8.146740,1.046615,1.044068,1.041263,1.029696,1.032802,1.033073,1.032483,1.032607,1.043737,1.033356,1.032941,1.029576,1.033486,1.034867,1.039409,1.041954,1.044670,1.043601,1.038822,0.976105,1.037141,1.031847,1.031462,1.043614,1.036488,1.049261,1.047046,1.035032,1.024682,1.008001,0.964614,0.964665,0.973550,0.970430,0.997342,1.029113,0.998073,0.976794,1.030670
8.155070,1.046620,1.044086,1.041274,1.029701,1.032804,1.033075,1.032485,1.032609,1.043736,1.033358,1.032942,1.029578,1.033488,1.034870,1.039412,1.041957,1.044675,1.043608,1.038816,0.976102,1.037141,1.031845,1.031462,1.043616,1.036503,1.049271,1.047054,1.035041,1.024690,1.008040,0.964613,0.964665,0.973539,0.970429,0.997335,1.029119,0.998083,0.976801,1.030668
8.163400,1.046626,1.044104,1.041284,1.029705,1.032806,1.033077,1.032486,1.032610,1.043735,1.033360,1.032944,1.029580,1.033490,1.034873,1.039414,1.041959,1.044681,1.043616,1.038810,0.976099,1.037141,1.031843,1.031463,1.043618,1.036517,1.049280,1.047061,1.035049,1.024698,1.008079,0.964611,0.964665,0.973528,0.970429,0.997328,1.029124,0.998093,0.976807,1.030665
8.171730,1.046631,1.044122,1.041295,1.029709,1.032808,1.033078,1.032488,1.032612,1.043734,1.033362,1.032946,1.029582,1.033492,1.034876,1.039417,1.041961,1.044686,1.043623,1.038804,0.976096,1.037142,1.031841,1.031463,1.043620,1.036532,1.049289,1.047069,1.035057,1.024706,1.008117,0.964610,0.964665,0.973517,0.970429,0.997320,1.029129,0.998102,0.976814,1.030662
8.180060,1.046637,1.044140,1.041305,1.029714,1.032810,1.033080,1.032489,1.032613,1.043733,1.033363,1.032948,1.029584,1.033494,1.034879,1.039419,1.041963,1.044692,1.043630,1.038799,0.976093,1.037142,1.031840,1.031463,1.043622,1.036546,1.049299,1.047076,1.035066,1.024713,1.008156,0.964608,0.964664,0.973507,0.970429,0.997313,1.029134,0.998112,0.976821,1.030659
8.188390,1.046642,1.044158,1.041315,1.029718,1.032812,1.033082,1.032491,1.032615,1.043732,1.033365,1.032949,1.029586,1.033496,1.034882,1.039421,1.041965,1.044697,1.043638,1.038793,0.976090,1.037142,1.031838,1.031463,1.043623,1.036561,1.049308,1.047084,1.035074,1.024721,1.008194,0.964607,0.964664,0.973496,0.970429,0.997306,1.029139,0.998121,0.976828,1.030657
8.196720,1.046647,1.044176,1.041326,1.029722,1.032814,1.033083,1.032492,1.032616,1.043731,1.033367,1.032951,1.029587,1.033498,1.034885,1.039424,1.041967,1.044702,1.043645,1.038787,0.976086,1.037142,1.031836,1.031464,1.043625,1.036575,1.049317,1.047091,1.035082,1.024729,1.008232,0.964605,0.964664,0.973485,0.970429,0.997298,1.029144,0.998131,0.976834,1.030654
8.205050,1.046652,1.044193,1.041336,1.029726,1.032816,1.033085,1.032494,1.032617,1.043729,1.033368,1.032952,1.029589,1.033500,1.034888,1.039426,1.041969,1.044707,1.043652,1.038781,0.976083,1.037142,1.031834,1.031464,1.043627,1.036589,1.049326,1.047098,1.035090,1.024737,1.008270,0.964603,0.964663,0.973474,0.970429,0.997291,1.029150,0.998140,0.976841,1.030651
8.213380,1.046657,1.044211,1.041346,1.029731,1.032818,1.033086,1.032495,1.032619,1.043728,1.033370,1.032954,1.029591,1.033502,1.034890,1.039428,1.041971,1.044712,1.043659,1.038775,0.976080,1.037142,1.031832,1.031464,1.043629,1.036603,1.049335,1.047106,1.035098,1.024744,1.008308,0.964602,0.964663,0.973463,0.970429,0.997283,1.029155,0.998149,0.976848,1.030648
8.221710,1.046663,1.044228,1.041356,1.029735,1.032820,1.033088,1.032496,1.032620,1.043727,1.033371,1.032955,1.029592,1.033504,1.034893,1.039430,1.041973,1.044717,1.043666,1.038769,0.976077,1.037142,1.031829,1.031464,1.043630,1.036617,1.049344,1.047113,1.035106,1.024752,1.008346,0.964600,0.964662,0.973452,0.970428,0.997276,1.029160,0.998158,0.976854,1.030645
8.230040,1.046668,1.044246,1.041366,1.029739,1.032821,1.033089,1.032498,1.032621,1.043726,1.033372,1.032957,1.029594,1.033505,1.034896,1.039432,1.041975,1.044722,1.043672,1.038764,0.976074,1.037142,1.031827,1.031464,1.043632,1.036631,1.049353,1.047120,1.035114,1.024760,1.008383,0.964598,0.964662,0.973441,0.970428,0.997269,1.029165,0.998167,0.976861,1.030642
8.238370,1.046673,1.044263,1.041375,1.029743,1.032823,1.033091,1.032499,1.032622,1.043725,1.033374,1.032958,1.029596,1.033507,1.034898,1.039434,1.041977,1.044727,1.043679,1.038758,0.976071,1.037142,1.031825,1.031464,1.043634,1.036645,1.049362,1.047127,1.035122,1.024767,1.008421,0.964597,0.964661,0.973431,0.970428,0.997261,1.029170,0.998176,0.976868,1.030639
8.246700,1.046678,1.044280,1.041385,1.029747,1.032825,1.033092,1.032500,1.032623,1.043723,1.033375,1.032960,1.029597,1.033509,1.034901,1.039437,1.041978,1.044732,1.043686,1.038752,0.976068,1.037142,1.031823,1.031464,1.043635,1.036659,1.049371,1.047134,1.035130,1.024775,1.008458,0.964595,0.964661,0.973420,0.970428,0.997254,1.029175,0.998184,0.976875,1.030637
8.255030,1.046682,1.044297,1.041395,1.029750,1.032827,1.033093,1.032501,1.032625,1.043722,1.033376,1.032961,1.029599,1.033511,1.034903,1.039439,1.041980,1.044737,1.043693,1.038746,0.976064,1.037141,1.031821,1.031465,1.043637,1.036672,1.049380,1.047141,1.035138,1.024783,1.008495,0.964593,0.964660,0.973409,0.970428,0.997246,1.029181,0.998193,0.976881,1.030634
8.263360,1.046687,1.044314,1.041405,1.029754,1.032828,1.033095,1.032502,1.032626,1.043721,1.033378,1.032962,1.029600,1.033512,1.034906,1.039441,1.041982,1.044742,1.043699,1.038741,0.976061,1.037141,1.031819,1.031465,1.043638,1.036686,1.049389,1.047148,1.035146,1.024790,1.008532,0.964592,0.964660,0.973398,0.970428,0.997239,1.029186,0.998202,0.976888,1.030631
8.271690,1.046692,1.044331,1.041414,1.029758,1.032830,1.033096,1.032504,1.032627,1.043719,1.033379,1.032964,1.029602,1.033514,1.034908,1.039443,1.041984,1.044747,1.043706,1.038735,0.976058,1.037141,1.031817,1.031465,1.043640,1.036700,1.049397,1.047155,1.035154,1.024798,1.008568,0.964590,0.964659,0.973388,0.970429,0.997231,1.029191,0.998210,0.976895,1.030628
8.280020,1.046697,1.044348,1.041424,1.029762,1.032831,1.033097,1.032505,1.032628,1.043718,1.033380,1.032965,1.029603,1.033515,1.034911,1.039445,1.041986,1.044752,1.043713,1.038729,0.976055,1.037141,1.031815,1.031465,1.043642,1.036713,1.049406,1.047162,1.035162,1.024806,1.008605,0.964588,0.964658,0.973377,0.970429,0.997224,1.029196,0.998219,0.976902,1.030625
8.288350,1.046702,1.044364,1.041433,1.029766,1.032833,1.033099,1.032506,1.032629,1.043717,1.033382,1.032966,1.029605,1.033517,1.034913,1.039447,1.041987,1.044756,1.043719,1.038724,0.976052,1.037141,1.031813,1.031465,1.043643,1.036726,1.049415,1.047169,1.035170,1.024813,1.008641,0.964587,0.964658,0.973367,0.970429,0.997216,1.029202,0.998227,0.976909,1.030622
8.296680,1.046706,1.044381,1.041443,1.029770,1.032835,1.033100,1.032507,1.032630,1.043716,1.033383,1.032967,1.029606,1.033519,1.034916,1.039449,1.041989,1.044761,1.043726,1.038718,0.976050,1.037141,1.031811,1.031465,1.043645,1.036740,1.049424,1.047176,1.035178,1.024821,1.008678,0.964585,0.964657,0.973356,0.970429,0.997209,1.029207,0.998235,0.976916,1.030619
8.305010,1.046711,1.044397,1.041452,1.029773,1.032836,1.033101,1.032508,1.032631,1.043714,1.033384,1.032969,1.029607,1.033520,1.034918,1.039450,1.041991,1.044766,1.043732,1.038712,0.976047,1.037141,1.031809,1.031465,1.043646,1.036753,1.049432,1.047183,1.035186,1.024829,1.008714,0.964584,0.964656,0.973346,0.970429,0.997202,1.029212,0.998244,0.976922,1.030616
8.313340,1.046716,1.044414,1.041461,1.029777,1.032838,1.033102,1.032509,1.032632,1.043713,1.033385,1.032970,1.029609,1.033522,1.034921,1.039452,1.041993,1.044771,1.043739,1.038707,0.976044,1.037141,1.031807,1.031466,1.043648,1.036766,1.049441,1.047189,1.035194,1.024837,1.008750,0.964582,0.964656,0.973335,0.970430,0.997194,1.029218,0.998252,0.976929,1.030613
8.321670,1.046720,1.044430,1.041471,1.029781,1.032839,1.033104,1.032510,1.032633,1.043712,1.033386,1.032971,1.029610,1.033523,1.034923,1.039454,1.041994,1.044775,1.043745,1.038701,0.976041,1.037141,1.031805,1.031466,1.043649,1.036779,1.049450,1.047196,1.035202,1.024844,1.008786,0.964580,0.964655,0.973325,0.970430,0.997187,1.029223,0.998260,0.976936,1.030610
8.330000,1.046725,1.044447,1.041480,1.029784,1.032841,1.033105,1.032511,1.032634,1.043710,1.033388,1.032972,1.029612,1.033525,1.034925,1.039456,1.041996,1.044780,1.043752,1.038696,0.976038,1.037140,1.031803,1.031466,1.043651,1.036792,1.049458,1.047203,1.035210,1.024852,1.008821,0.964579,0.964654,0.973315,0.970430,0.997179,1.029229,0.998268,0.976943,1.030607
8.338330,1.046729,1.044463,1.041489,1.029788,1.032842,1.033106,1.032512,1.032635,1.043709,1.033389,1.032973,1.029613,1.033526,1.034928,1.039458,1.041998,1.044785,1.043758,1.038691,0.976035,1.037140,1.031801,1.031466,1.043652,1.036805,1.049467,1.047210,1.035218,1.024860,1.008857,0.964577,0.964654,0.973304,0.970431,0.997172,1.029234,0.998276,0.976950,1.030605
8.346660,1.046734,1.044479,1.041498,1.029792,1.032844,1.033107,1.032513,1.032636,1.043708,1.033390,1.032975,1.029614,1.033528,1.034930,1.039460,1.041999,1.044789,1.043765,1.038685,0.976033,1.037140,1.031799,1.031466,1.043654,1.036818,1.049475,1.047217,1.035226,1.024868,1.008892,0.964575,0.964653,0.973294,0.970431,0.997165,1.029240,0.998284,0.976957,1.030602
8.354990,1.046738,1.044495,1.041507,1.029795,1.032845,1.033108,1.032514,1.032637,1.043706,1.033391,1.032976,1.029616,1.033529,1.034932,1.039462,1.042001,1.044794,1.043771,1.038680,0.976030,1.037140,1.031797,1.031467,1.043655,1.036831,1.049484,1.047223,1.035234,1.024875,1.008927,0.964574,0.964652,0.973284,0.970432,0.997157,1.029245,0.998291,0.976964,1.030599
8.363320,1.046743,1.044511,1.041517,1.029799,1.032847,1.033109,1.032515,1.032638,1.043705,1.033392,1.032977,1.029617,1.033531,1.034934,1.039464,1.042003,1.044799,1.043777,1.038674,0.976027,1.037140,1.031795,1.031467,1.043657,1.036844,1.049492,1.047230,1.035242,1.024883,1.008962,0.964572,0.964652,0.973274,0.970432,0.997150,1.029251,0.998299,0.976972,1.030596
8.371650,1.046747,1.044527,1.041526,1.029802,1.032848,1.033111,1.032516,1.032639,1.043704,1.033393,1.032978,1.029618,1.033532,1.034937,1.039466,1.042004,1.044803,1.043784,1.038669,0.976025,1.037140,1.031793,1.031467,1.043658,1.036857,1.049501,1.047237,1.035250,1.024891,1.008997,0.964570,0.964651,0.973264,0.970433,0.997143,1.029256,0.998307,0.976979,1.030593
8.379980,1.046751,1.044542,1.041534,1.029806,1.032850,1.033112,1.032517,1.032640,1.043702,1.033394,1.032979,1.029619,1.033534,1.034939,1.039467,1.042006,1.044808,1.043790,1.038664,0.976022,1.037140,1.031791,1.031467,1.043660,1.036869,1.049509,1.047243,1.035258,1.024899,1.009031,0.964569,0.964650,0.973254,0.970433,0.997135,1.029262,0.998314,0.976986,1.030590
8.388310,1.046756,1.044558,1.041543,1.029809,1.032851,1.033113,1.032518,1.032641,1.043701,1.033395,1.032980,1.029621,1.033535,1.034941,1.039469,1.042008,1.044812,1.043796,1.038659,0.976020,1.037139,1.031788,1.031468,1.043661,1.036882,1.049517,1.047250,1.035266,1.024906,1.009066,0.964567,0.964649,0.973244,0.970434,0.997128,1.029268,0.998322,0.976993,1.030587
8.396640,1.046760,1.044573,1.041552,1.029812,1.032852,1.033114,1.032519,1.032641,1.043699,1.033396,1.032981,1.029622,1.033536,1.034943,1.039471,1.042009,1.044817,1.043802,1.038653,0.976017,1.037139,1.031786,1.031468,1.043663,1.036894,1.049526,1.047256,1.035274,1.024914,1.009100,0.964566,0.964648,0.973234,0.970435,0.997121,1.029273,0.998329,0.977000,1.030584
8.404970,1.046764,1.044589,1.041561,1.029816,1.032854,1.033115,1.032520,1.032642,1.043698,1.033397,1.032982,1.029623,1.033538,1.034945,1.039473,1.042011,1.044821,1.043808,1.038648,0.976015,1.037139,1.031784,1.031468,1.043664,1.036907,1.049534,1.047263,1.035282,1.024922,1.009134,0.964564,0.964648,0.973224,0.970435,0.997113,1.029279,0.998336,0.977007,1.030581
8.413300,1.046768,1.044604,1.041569,1.029819,1.032855,1.033116,1.032521,1.032643,1.043697,1.033398,1.032983,1.029624,1.033539,1.034947,1.039474,1.042012,1.044825,1.043814,1.038643,0.976012,1.037139,1.031782,1.031468,1.043665,1.036919,1.049542,1.047269,1.035290,1.024929,1.009167,0.964562,0.964647,0.973214,0.970436,0.997106,1.029285,0.998343,0.977014,1.030579
8.421630,1.046772,1.044619,1.041578,1.029822,1.032856,1.033117,1.032522,1.032644,1.043695,1.033399,1.032984,1.029625,1.033540,1.034949,1.039476,1.042014,1.044830,1.043820,1.038638,0.976010,1.037138,1.031780,1.031468,1.043667,1.036931,1.049550,1.047276,1.035298,1.024937,1.009201,0.964561,0.964646,0.973204,0.970437,0.997099,1.029290,0.998350,0.977021,1.030576
8.429960,1.046776,1.044634,1.041586,1.029826,1.032857,1.033118,1.032522,1.032644,1.043694,1.033400,1.032985,1.029626,1.033541,1.034951,1.039478,1.042015,1.044834,1.043826,1.038632,0.976007,1.037138,1.031778,1.031468,1.043668,1.036943,1.049558,1.047282,1.035305,1.024945,1.009234,0.964559,0.964645,0.973194,0.970438,0.997091,1.029296,0.998357,0.977028,1.030573
8.438290,1.046780,1.044649,1.041595,1.029829,1.032858,1.033118,1.032523,1.032645,1.043692,1.033401,1.032986,1.029627,1.033542,1.034953,1.039479,1.042017,1.044838,1.043832,1.038627,0.976005,1.037138,1.031776,1.031469,1.043669,1.036955,1.049566,1.047288,1.035313,1.024952,1.009267,0.964557,0.964644,0.973184,0.970438,0.997084,1.029302,0.998364,0.977035,1.030570
8.446620,1.046784,1.044664,1.041603,1.029832,1.032860,1.033119,1.032524,1.032646,1.043691,1.033402,1.032987,1.029628,1.033543,1.034955,1.039481,1.042018,1.044842,1.043837,1.038622,0.976002,1.037137,1.031774,1.031469,1.043670,1.036967,1.049574,1.047294,1.035321,1.024960,1.009300,0.964555,0.964643,0.973174,0.970439,0.997076,1.029307,0.998371,0.977043,1.030567
8.454950,1.046788,1.044678,1.041611,1.029835,1.032861,1.033120,1.032524,1.032646,1.043689,1.033402,1.032987,1.029629,1.033544,1.034957,1.039482,1.042019,1.044846,1.043843,1.038617,0.976000,1.037137,1.031772,1.031469,1.043671,1.036978,1.049582,1.047300,1.035328,1.024967,1.009332,0.964553,0.964642,0.973164,0.970440,0.997069,1.029313,0.998377,0.977050,1.030564
8.463280,1.046792,1.044693,1.041619,1.029838,1.032862,1.033121,1.032525,1.032647,1.043688,1.033403,1.032988,1.029630,1.033545,1.034959,1.039484,1.042021,1.044850,1.043848,1.038611,0.975997,1.037137,1.031769,1.031469,1.043672,1.036990,1.049590,1.047306,1.035336,1.024975,1.009364,0.964552,0.964641,0.973154,0.970441,0.997061,1.029318,0.998384,0.977057,1.030561
8.471610,1.046795,1.044707,1.041627,1.029841,1.032862,1.033121,1.032526,1.032647,1.043686,1.033404,1.032989,1.029630,1.033546,1.034960,1.039485,1.042022,1.044854,1.043854,1.038606,0.975995,1.037136,1.031767,1.031469,1.043673,1.037001,1.049597,1.047312,1.035343,1.024982,1.009396,0.964550,0.964640,0.973144,0.970441,0.997054,1.029324,0.998390,0.977063,1.030558
8.479940,1.046799,1.044721,1.041635,1.029843,1.032863,1.033122,1.032526,1.032648,1.043685,1.033404,1.032989,1.029631,1.033547,1.034962,1.039486,1.042023,1.044858,1.043859,1.038601,0.975992,1.037135,1.031765,1.031469,1.043674,1.037012,1.049605,1.047318,1.035351,1.024989,1.009428,0.964548,0.964638,0.973134,0.970442,0.997046,1.029329,0.998396,0.977070,1.030555
8.488270,1.046802,1.044735,1.041643,1.029846,1.032864,1.033122,1.032526,1.032648,1.043683,1.033404,1.032990,1.029632,1.033548,1.034964,1.039487,1.042024,1.044862,1.043864,1.038596,0.975989,1.037135,1.031762,1.031468,1.043675,1.037023,1.049612,1.047324,1.035358,1.024997,1.009459,0.964546,0.964637,0.973124,0.970443,0.997039,1.029335,0.998402,0.977077,1.030553
8.496600,1.046806,1.044749,1.041650,1.029849,1.032865,1.033123,1.032527,1.032648,1.043681,1.033405,1.032990,1.029632,1.033549,1.034965,1.039488,1.042025,1.044865,1.043870,1.038590,0.975987,1.037134,1.031760,1.031468,1.043676,1.037034,1.049620,1.047329,1.035365,1.025004,1.009490,0.964544,0.964636,0.973114,0.970443,0.997031,1.029340,0.998408,0.977084,1.030550
8.504930,1.046809,1.044762,1.041658,1.029851,1.032865,1.033123,1.032527,1.032648,1.043680,1.033405,1.032990,1.029633,1.033549,1.034966,1.039489,1.042026,1.044869,1.043875,1.038585,0.975984,1.037133,1.031757,1.031468,1.043677,1.037045,1.049627,1.047335,1.035373,1.025011,1.009521,0.964542,0.964634,0.973105,0.970444,0.997023,1.029346,0.998414,0.977091,1.030547
8.513260,1.046812,1.044776,1.041665,1.029854,1.032866,1.033124,1.032527,1.032649,1.043678,1.033405,1.032991,1.029633,1.033550,1.034968,1.039490,1.042026,1.044872,1.043880,1.038579,0.975981,1.037132,1.031755,1.031468,1.043677,1.037055,1.049634,1.047340,1.035380,1.025018,1.009551,0.964540,0.964633,0.973094,0.970444,0.997016,1.029351,0.998419,0.977097,1.030544
8.521590,1.046816,1.044789,1.041672,1.029856,1.032867,1.033124,1.032527,1.032649,1.043676,1.033406,1.032991,1.029633,1.033550,1.034969,1.039491,1.042027,1.044876,1.043884,1.038574,0.975979,1.037131,1.031752,1.031467,1.043678,1.037066,1.049641,1.047346,1.035387,1.025025,1.009582,0.964537,0.964631,0.973084,0.970445,0.997008,1.029356,0.998424,0.977104,1.030541
8.529920,1.046819,1.044802,1.041679,1.029858,1.032867,1.033124,1.032527,1.032649,1.043675,1.033406,1.032991,1.029634,1.033550,1.034970,1.039492,1.042028,1.044879,1.043889,1.038568,0.975976,1.037130,1.031749,1.031467,1.043678,1.037076,1.049648,1.047351,1.035393,1.025032,1.009611,0.964535,0.964630,0.973074,0.970445,0.997000,1.029361,0.998430,0.977111,1.030538
8.538250,1.046822,1.044815,1.041686,1.029860,1.032867,1.033124,1.032527,1.032649,1.043673,1.033406,1.032991,1.029634,1.033551,1.034971,1.039493,1.042028,1.044882,1.043893,1.038563,0.975973,1.037129,1.031747,1.031466,1.043679,1.037086,1.049654,1.047356,1.035400,1.025038,1.009641,0.964533,0.964628,0.973064,0.970446,0.996992,1.029367,0.998435,0.977117,1.030535
8.546580,1.046825,1.044827,1.041693,1.029862,1.032868,1.033124,1.032527,1.032648,1.043671,1.033405,1.032991,1.029634,1.033551,1.034972,1.039493,1.042029,1.044885,1.043898,1.038557,0.975970,1.037128,1.031744,1.031466,1.043679,1.037096,1.049661,1.047361,1.035407,1.025045,1.009670,0.964531,0.964626,0.973054,0.970446,0.996984,1.029372,0.998439,0.977123,1.030532
8.554910,1.046828,1.044840,1.041699,1.029864,1.032868,1.033124,1.032527,1.032648,1.043669,1.033405,1.032991,1.029634,1.033551,1.034973,1.039494,1.042029,1.044888,1.043902,1.038551,0.975967,1.037127,1.031741,1.031465,1.043679,1.037106,1.049667,1.047366,1.035413,1.025051,1.009699,0.964528,0.964624,0.973044,0.970447,0.996976,1.029377,0.998444,0.977130,1.030529
8.563240,1.046830,1.044852,1.041706,1.029866,1.032868,1.033124,1.032527,1.032648,1.043667,1.033405,1.032990,1.029634,1.033551,1.034973,1.039494,1.042029,1.044891,1.043906,1.038545,0.975964,1.037125,1.031738,1.031464,1.043679,1.037115,1.049674,1.047370,1.035420,1.025058,1.009727,0.964526,0.964622,0.973034,0.970447,0.996968,1.029382,0.998448,0.977136,1.030526
8.571570,1.046833,1.044864,1.041712,1.029868,1.032868,1.033123,1.032526,1.032647,1.043665,1.033404,1.032990,1.029633,1.033551,1.034974,1.039494,1.042029,1.044893,1.043910,1.038540,0.975961,1.037124,1.031734,1.031463,1.043679,1.037124,1.049680,1.047375,1.035426,1.025064,1.009755,0.964523,0.964620,0.973023,0.970447,0.996960,1.029386,0.998453,0.977142,1.030523
8.579900,1.046836,1.044875,1.041718,1.029869,1.032867,1.033123,1.032526,1.032647,1.043663,1.033404,1.032989,1.029633,1.033550,1.034974,1.039494,1.042029,1.044896,1.043914,1.038534,0.975958,1.037122,1.031731,1.031462,1.043679,1.037133,1.049686,1.047379,1.035432,1.025070,1.009783,0.964520,0.964618,0.973013,0.970447,0.996951,1.029391,0.998457,0.977148,1.030520
8.588230,1.046838,1.044887,1.041724,1.029871,1.032867,1.033122,1.032525,1.032646,1.043661,1.033403,1.032989,1.029632,1.033550,1.034975,1.039494,1.042029,1.044898,1.043918,1.038528,0.975955,1.037120,1.031728,1.031461,1.043679,1.037142,1.049691,1.047383,1.035438,1.025076,1.009810,0.964517,0.964616,0.973002,0.970447,0.996943,1.029396,0.998460,0.977154,1.030517
8.596560,1.046841,1.044898,1.041729,1.029872,1.032867,1.033122,1.032524,1.032645,1.043659,1.033402,1.032988,1.029632,1.033550,1.034975,1.039494,1.042029,1.044900,1.043921,1.038521,0.975952,1.037119,1.031724,1.031460,1.043679,1.037151,1.049697,1.047387,1.035444,1.025082,1.009837,0.964515,0.964613,0.972992,0.970447,0.996934,1.029400,0.998464,0.977159,1.030514
8.604890,1.046843,1.044909,1.041735,1.029873,1.032866,1.033121,1.032524,1.032645,1.043657,1.033402,1.032987,1.029631,1.033549,1.034975,1.039494,1.042028,1.044902,1.043925,1.038515,0.975948,1.037117,1.031721,1.031459,1.043678,1.037159,1.049703,1.047391,1.035450,1.025088,1.009863,0.964512,0.964611,0.972981,0.970447,0.996926,1.029405,0.998467,0.977165,1.030511
8.613220,1.046845,1.044920,1.041740,1.029874,1.032866,1.033120,1.032523,1.032644,1.043654,1.033401,1.032986,1.029630,1.033548,1.034975,1.039494,1.042028,1.044904,1.043928,1.038509,0.975945,1.037115,1.031717,1.031457,1.043677,1.037167,1.049708,1.047395,1.035455,1.025093,1.009889,0.964509,0.964608,0.972971,0.970447,0.996917,1.029409,0.998471,0.977171,1.030508
8.621550,1.046847,1.044930,1.041746,1.029875,1.032865,1.033119,1.032522,1.032643,1.043652,1.033399,1.032985,1.029629,1.033547,1.034975,1.039493,1.042027,1.044906,1.043931,1.038503,0.975941,1.037112,1.031713,1.031456,1.043677,1.037175,1.049713,1.047398,1.035461,1.025099,1.009915,0.964506,0.964605,0.972960,0.970447,0.996908,1.029413,0.998474,0.977176,1.030504
8.629880,1.046849,1.044941,1.041751,1.029876,1.032864,1.033118,1.032521,1.032641,1.043650,1.033398,1.032984,1.029628,1.033546,1.034974,1.039493,1.042026,1.044907,1.043934,1.038496,0.975938,1.037110,1.031709,1.031454,1.043676,1.037183,1.049718,1.047402,1.035466,1.025104,1.009940,0.964502,0.964603,0.972949,0.970446,0.996899,1.029418,0.998476,0.977181,1.030501
8.638210,1.046851,1.044951,1.041755,1.029876,1.032863,1.033117,1.032519,1.032640,1.043647,1.033397,1.032983,1.029627,1.033545,1.034974,1.039492,1.042026,1.044909,1.043936,1.038489,0.975934,1.037108,1.031705,1.031452,1.043675,1.037190,1.049723,1.047405,1.035471,1.025109,1.009965,0.964499,0.964600,0.972938,0.970446,0.996890,1.029422,0.998479,0.977186,1.030498
8.646540,1.046853,1.044961,1.041760,1.029877,1.032862,1.033115,1.032518,1.032639,1.043645,1.033395,1.032981,1.029626,1.033544,1.034973,1.039491,1.042025,1.044910,1.043939,1.038483,0.975930,1.037105,1.031701,1.031450,1.043674,1.037198,1.049727,1.047408,1.035476,1.025114,1.009990,0.964496,0.964597,0.972928,0.970445,0.996881,1.029425,0.998481,0.977191,1.030495
8.654870,1.046855,1.044970,1.041764,1.029877,1.032861,1.033114,1.032517,1.032637,1.043642,1.033394,1.032980,1.029624,1.033543,1.034973,1.039490,1.042023,1.044911,1.043941,1.038476,0.975926,1.037102,1.031697,1.031448,1.043672,1.037205,1.049732,1.047411,1.035481,1.025119,1.010014,0.964492,0.964594,0.972917,0.970445,0.996872,1.029429,0.998483,0.977196,1.030492
8.663200,1.046856,1.044980,1.041769,1.029877,1.032860,1.033112,1.032515,1.032636,1.043640,1.033392,1.032978,1.029623,1.033541,1.034972,1.039489,1.042022,1.044912,1.043944,1.038469,0.975922,1.037099,1.031693,1.031446,1.043671,1.037211,1.049736,1.047414,1.035485,1.025124,1.010038,0.964489,0.964590,0.972905,0.970444,0.996863,1.029433,0.998485,0.977201,1.030489
8.671530,1.046858,1.044989,1.041773,1.029877,1.032858,1.033111,1.032513,1.032634,1.043637,1.033390,1.032976,1.029621,1.033540,1.034971,1.039487,1.042021,1.044913,1.043946,1.038462,0.975918,1.037097,1.031688,1.031444,1.043669,1.037218,1.049740,1.047416,1.035490,1.025129,1.010061,0.964485,0.964587,0.972894,0.970443,0.996853,1.029437,0.998487,0.977206,1.030485
8.679860,1.046859,1.044997,1.041777,1.029877,1.032857,1.033109,1.032512,1.032632,1.043634,1.033388,1.032974,1.029619,1.033538,1.034970,1.039486,1.042019,1.044913,1.043947,1.038455,0.975914,1.037093,1.031684,1.031442,1.043668,1.037224,1.049744,1.047418,1.035494,1.025133,1.010084,0.964481,0.964583,0.972883,0.970442,0.996844,1.029440,0.998488,0.977210,1.030482
8.688190,1.046860,1.045006,1.041780,1.029877,1.032855,1.033107,1.032510,1.032630,1.043632,1.033386,1.032972,1.029617,1.033536,1.034969,1.039484,1.042017,1.044914,1.043949,1.038448,0.975910,1.037090,1.031679,1.031439,1.043666,1.037231,1.049747,1.047421,1.035498,1.025137,1.010107,0.964477,0.964580,0.972872,0.970441,0.996834,1.029443,0.998490,0.977215,1.030479
8.696520,1.046861,1.045014,1.041784,1.029877,1.032853,1.033105,1.032508,1.032628,1.043629,1.033384,1.032970,1.029615,1.033534,1.034967,1.039483,1.042015,1.044914,1.043951,1.038441,0.975905,1.037087,1.031674,1.031436,1.043664,1.037236,1.049751,1.047423,1.035502,1.025141,1.010129,0.964473,0.964576,0.972860,0.970440,0.996825,1.029447,0.998491,0.977219,1.030476
8.704850,1.046862,1.045023,1.041787,1.029876,1.032851,1.033103,1.032505,1.032626,1.043626,1.033381,1.032968,1.029613,1.033532,1.034966,1.039481,1.042013,1.044914,1.043952,1.038433,0.975901,1.037083,1.031669,1.031434,1.043662,1.037242,1.049754,1.047425,1.035506,1.025145,1.010151,0.964469,0.964572,0.972849,0.970439,0.996815,1.029450,0.998491,0.977223,1.030472
8.713180,1.046863,1.045030,1.041790,1.029876,1.032849,1.033101,1.032503,1.032624,1.043623,1.033379,1.032966,1.029611,1.033530,1.034964,1.039479,1.042011,1.044914,1.043953,1.038426,0.975896,1.037080,1.031664,1.031431,1.043659,1.037247,1.049757,1.047426,1.035510,1.025149,1.010172,0.964465,0.964568,0.972837,0.970438,0.996805,1.029453,0.998492,0.977227,1.030469
8.721510,1.046864,1.045038,1.041793,1.029875,1.032847,1.033098,1.032501,1.032622,1.043620,1.033376,1.032963,1.029608,1.033528,1.034962,1.039477,1.042009,1.044914,1.043954,1.038418,0.975891,1.037076,1.031659,1.031428,1.043657,1.037253,1.049760,1.047428,1.035513,1.025153,1.010193,0.964461,0.964564,0.972826,0.970437,0.996795,1.029456,0.998492,0.977231,1.030466
8.729840,1.046865,1.045045,1.041796,1.029874,1.032845,1.033096,1.032498,1.032619,1.043617,1.033374,1.032960,1.029606,1.033525,1.034960,1.039474,1.042006,1.044914,1.043955,1.038411,0.975887,1.037072,1.031653,1.031425,1.043655,1.037258,1.049763,1.047429,1.035517,1.025156,1.010214,0.964457,0.964560,0.972814,0.970435,0.996785,1.029459,0.998492,0.977235,1.030462
8.738170,1.046866,1.045053,1.041798,1.029873,1.032842,1.033093,1.032496,1.032617,1.043614,1.033371,1.032958,1.029603,1.033522,1.034958,1.039472,1.042004,1.044913,1.043956,1.038403,0.975882,1.037068,1.031648,1.031422,1.043652,1.037262,1.049765,1.047430,1.035520,1.025160,1.010234,0.964452,0.964556,0.972802,0.970434,0.996774,1.029461,0.998492,0.977238,1.030459
8.746500,1.046866,1.045059,1.041801,1.029872,1.032840,1.033090,1.032493,1.032614,1.043611,1.033368,1.032955,1.029600,1.033520,1.034956,1.039469,1.042001,1.044913,1.043956,1.038395,0.975877,1.037064,1.031642,1.031418,1.043649,1.037267,1.049768,1.047431,1.035523,1.025163,1.010254,0.964448,0.964552,0.972790,0.970432,0.996764,1.029464,0.998492,0.977242,1.030456
8.754830,1.046867,1.045066,1.041803,1.029870,1.032837,1.033088,1.032490,1.032611,1.043608,1.033365,1.032952,1.029597,1.033517,1.034954,1.039467,1.041998,1.044912,1.043957,1.038387,0.975872,1.037060,1.031637,1.031415,1.043646,1.037271,1.049770,1.047432,1.035526,1.025166,1.010273,0.964443,0.964547,0.972778,0.970430,0.996754,1.029466,0.998491,0.977245,1.030452
8.763160,1.046867,1.045073,1.041805,1.029869,1.032835,1.033085,1.032488,1.032608,1.043605,1.033362,1.032949,1.029594,1.033514,1.034951,1.039464,1.041995,1.044911,1.043957,1.038379,0.975867,1.037056,1.031631,1.031411,1.043643,1.037275,1.049772,1.047433,1.035529,1.025169,1.010293,0.964439,0.964543,0.972766,0.970428,0.996743,1.029469,0.998490,0.977248,1.030449
8.771490,1.046868,1.045079,1.041807,1.029867,1.032832,1.033082,1.032485,1.032605,1.043602,1.033358,1.032945,1.029591,1.033511,1.034949,1.039461,1.041992,1.044910,1.043957,1.038371,0.975862,1.037051,1.031625,1.031408,1.043640,1.037279,1.049774,1.047433,1.035531,1.025171,1.010311,0.964434,0.964538,0.972754,0.970427,0.996733,1.029471,0.998489,0.977251,1.030446
8.779820,1.046868,1.045085,1.041808,1.029866,1.032829,1.033078,1.032481,1.032602,1.043598,1.033355,1.032942,1.029588,1.033508,1.034946,1.039458,1.041989,1.044909,1.043957,1.038363,0.975856,1.037046,1.031619,1.031404,1.043637,1.037283,1.049776,1.047434,1.035534,1.025174,1.010330,0.964429,0.964533,0.972742,0.970425,0.996722,1.029473,0.998488,0.977254,1.030442
8.788150,1.046868,1.045091,1.041810,1.029864,1.032826,1.033075,1.032478,1.032599,1.043595,1.033351,1.032939,1.029584,1.033504,1.034943,1.039455,1.041986,1.044907,1.043956,1.038354,0.975851,1.037042,1.031613,1.031400,1.043633,1.037286,1.049777,1.047434,1.035536,1.025177,1.010348,0.964424,0.964528,0.972730,0.970423,0.996711,1.029476,0.998487,0.977257,1.030439
8.796480,1.046868,1.045096,1.041811,1.029862,1.032823,1.033072,1.032475,1.032596,1.043592,1.033348,1.032935,1.029581,1.033501,1.034941,1.039452,1.041982,1.044906,1.043956,1.038346,0.975846,1.037037,1.031607,1.031396,1.043630,1.037289,1.049779,1.047434,1.035538,1.025179,1.010365,0.964419,0.964523,0.972718,0.970420,0.996700,1.029478,0.998485,0.977260,1.030436
8.804810,1.046868,1.045101,1.041812,1.029860,1.032819,1.033068,1.032472,1.032593,1.043588,1.033344,1.032931,1.029577,1.033497,1.034938,1.039448,1.041979,1.044904,1.043955,1.038337,0.975840,1.037032,1.031600,1.031392,1.043626,1.037292,1.049780,1.047434,1.035540,1.025181,1.010383,0.964414,0.964518,0.972705,0.970418,0.996689,1.029480,0.998483,0.977263,1.030432
8.813140,1.046868,1.045107,1.041813,1.029857,1.032816,1.033065,1.032468,1.032589,1.043585,1.033340,1.032928,1.029574,1.033494,1.034934,1.039445,1.041975,1.044902,1.043955,1.038329,0.975835,1.037027,1.031594,1.031388,1.043623,1.037295,1.049781,1.047434,1.035542,1.025183,1.010400,0.964409,0.964513,0.972693,0.970416,0.996678,1.029481,0.998481,0.977265,1.030429
8.821470,1.046868,1.045111,1.041814,1.029855,1.032813,1.033061,1.032465,1.032586,1.043581,1.033336,1.032924,1.029570,1.033490,1.034931,1.039441,1.041971,1.044901,1.043954,1.038320,0.975829,1.037022,1.031588,1.031384,1.043619,1.037298,1.049782,1.047433,1.035544,1.025185,1.010416,0.964404,0.964508,0.972680,0.970414,0.996667,1.029483,0.998479,0.977268,1.030426
8.829800,1.046867,1.045116,1.041815,1.029853,1.032809,1.033058,1.032461,1.032582,1.043578,1.033332,1.032920,1.029566,1.033486,1.034928,1.039437,1.041967,1.044899,1.043953,1.038312,0.975823,1.037017,1.031581,1.031379,1.043615,1.037300,1.049783,1.047433,1.035545,1.025187,1.010432,0.964399,0.964503,0.972668,0.970411,0.996656,1.029485,0.998476,0.977270,1.030422
8.838130,1.046867,1.045121,1.041815,1.029850,1.032806,1.033054,1.032457,1.032579,1.043574,1.033328,1.032916,1.029562,1.033482,1.034925,1.039434,1.041963,1.044896,1.043952,1.038303,0.975818,1.037011,1.031574,1.031375,1.043611,1.037302,1.049783,1.047432,1.035547,1.025189,1.010448,0.964394,0.964497,0.972655,0.970409,0.996645,1.029487,0.998474,0.977272,1.030419
8.846460,1.046867,1.045125,1.041816,1.029848,1.032802,1.033050,1.032454,1.032575,1.043571,1.033324,1.032912,1.029558,1.033478,1.034921,1.039430,1.041959,1.044894,1.043951,1.038294,0.975812,1.037006,1.031568,1.031370,1.043607,1.037304,1.049784,1.047431,1.035548,1.025191,1.010464,0.964388,0.964492,0.972643,0.970407,0.996634,1.029488,0.998471,0.977275,1.030416
8.854790,1.046866,1.045129,1.041816,1.029845,1.032798,1.033046,1.032450,1.032571,1.043567,1.033320,1.032908,1.029554,1.033474,1.034917,1.039426,1.041955,1.044892,1.043949,1.038285,0.975806,1.037001,1.031561,1.031366,1.043603,1.037306,1.049784,1.047430,1.035550,1.025192,1.010479,0.964383,0.964486,0.972630,0.970404,0.996622,1.029490,0.998468,0.977277,1.030412
8.863120,1.046866,1.045133,1.041816,1.029842,1.032794,1.033042,1.032446,1.032567,1.043564,1.033315,1.032904,1.029550,1.033470,1.034914,1.039422,1.041951,1.044889,1.043948,1.038277,0.975800,1.036995,1.031554,1.031361,1.043598,1.037308,1.049784,1.047429,1.035551,1.025194,1.010494,0.964377,0.964481,0.972618,0.970402,0.996611,1.029491,0.998465,0.977279,1.030409
8.871450,1.046865,1.045137,1.041816,1.029839,1.032790,1.033038,1.032442,1.032563,1.043560,1.033311,1.032899,1.029545,1.033466,1.034910,1.039417,1.041946,1.044887,1.043946,1.038268,0.975794,1.036990,1.031547,1.031357,1.043594,1.037309,1.049784,1.047428,1.035552,1.025195,1.010509,0.964372,0.964475,0.972605,0.970399,0.996599,1.029493,0.998462,0.977281,1.030406
8.879780,1.046865,1.045141,1.041816,1.029836,1.032786,1.033034,1.032438,1.032559,1.043557,1.033306,1.032895,1.029541,1.033462,1.034906,1.039413,1.041942,1.044884,1.043945,1.038259,0.975788,1.036984,1.031540,1.031352,1.043589,1.037311,1.049784,1.047427,1.035553,1.025196,1.010523,0.964366,0.964469,0.972592,0.970396,0.996588,1.029494,0.998458,0.977282,1.030402
8.888110,1.046864,1.045144,1.041816,1.029833,1.032782,1.033029,1.032434,1.032555,1.043553,1.033302,1.032890,1.029537,1.033457,1.034902,1.039409,1.041938,1.044881,1.043943,1.038250,0.975782,1.036978,1.031533,1.031347,1.043585,1.037312,1.049784,1.047426,1.035554,1.025197,1.010538,0.964361,0.964463,0.972580,0.970394,0.996576,1.029495,0.998454,0.977284,1.030399
8.896440,1.046863,1.045147,1.041815,1.029830,1.032778,1.033025,1.032430,1.032551,1.043549,1.033297,1.032886,1.029532,1.033453,1.034898,1.039405,1.041933,1.044879,1.043941,1.038241,0.975777,1.036972,1.031526,1.031342,1.043580,1.037313,1.049784,1.047424,1.035555,1.025199,1.010551,0.964355,0.964458,0.972567,0.970391,0.996565,1.029497,0.998451,0.977286,1.030396
8.904770,1.046862,1.045151,1.041815,1.029827,1.032774,1.033021,1.032425,1.032547,1.043546,1.033293,1.032881,1.029527,1.033448,1.034894,1.039400,1.041928,1.044876,1.043939,1.038232,0.975771,1.036967,1.031519,1.031338,1.043576,1.037314,1.049784,1.047423,1.035555,1.025200,1.010565,0.964350,0.964452,0.972555,0.970389,0.996553,1.029498,0.998447,0.977288,1.030393
8.913100,1.046862,1.045154,1.041814,1.029823,1.032770,1.033016,1.032421,1.032543,1.043542,1.033288,1.032877,1.029523,1.033444,1.034890,1.039396,1.041924,1.044873,1.043937,1.038223,0.975765,1.036961,1.031512,1.031333,1.043571,1.037314,1.049783,1.047421,1.035556,1.025201,1.010578,0.964344,0.964446,0.972542,0.970386,0.996542,1.029499,0.998443,0.977289,1.030389
8.921430,1.046861,1.045156,1.041814,1.029820,1.032766,1.033012,1.032417,1.032539,1.043538,1.033283,1.032872,1.029518,1.033439,1.034886,1.039391,1.041919,1.044870,1.043935,1.038214,0.975759,1.036955,1.031505,1.031328,1.043566,1.037315,1.049783,1.047420,1.035557,1.025201,1.010591,0.964338,0.964440,0.972529,0.970383,0.996530,1.029501,0.998438,0.977291,1.030386
8.929760,1.046860,1.045159,1.041813,1.029817,1.032762,1.033008,1.032413,1.032535,1.043535,1.033278,1.032867,1.029514,1.033435,1.034882,1.039386,1.041914,1.044867,1.043933,1.038205,0.975753,1.036949,1.031498,1.031323,1.043562,1.037316,1.049782,1.047418,1.035557,1.025202,1.010604,0.964333,0.964434,0.972517,0.970381,0.996518,1.029502,0.998434,0.977292,1.030383
8.938090,1.046859,1.045162,1.041812,1.029813,1.032757,1.033003,1.032408,1.032530,1.043531,1.033273,1.032863,1.029509,1.033430,1.034878,1.039382,1.041909,1.044863,1.043930,1.038196,0.975746,1.036943,1.031491,1.031318,1.043557,1.037316,1.049782,1.047416,1.035558,1.025203,1.010617,0.964327,0.964428,0.972504,0.970378,0.996507,1.029503,0.998430,0.977294,1.030380
8.946420,1.046858,1.045164,1.041811,1.029810,1.032753,1.032999,1.032404,1.032526,1.043527,1.033268,1.032858,1.029504,1.033425,1.034873,1.039377,1.041905,1.044860,1.043928,1.038187,0.975740,1.036937,1.031483,1.031313,1.043552,1.037316,1.049781,1.047414,1.035558,1.025204,1.010629,0.964321,0.964422,0.972491,0.970375,0.996495,1.029504,0.998425,0.977295,1.030377
8.954750,1.046857,1.045166,1.041810,1.029806,1.032748,1.032994,1.032399,1.032522,1.043524,1.033264,1.032853,1.029499,1.033420,1.034869,1.039372,1.041900,1.044857,1.043925,1.038178,0.975734,1.036931,1.031476,1.031308,1.043547,1.037316,1.049780,1.047412,1.035558,1.025205,1.010641,0.964316,0.964416,0.972479,0.970373,0.996483,1.029506,0.998420,0.977297,1.030374
8.963080,1.046856,1.045169,1.041809,1.029803,1.032744,1.032989,1.032395,1.032517,1.043520,1.033259,1.032848,1.029494,1.033416,1.034865,1.039368,1.041895,1.044854,1.043923,1.038169,0.975729,1.036925,1.031469,1.031303,1.043542,1.037316,1.049779,1.047410,1.035559,1.025205,1.010653,0.964310,0.964409,0.972466,0.970370,0.996472,1.029507,0.998415,0.977298,1.030371
8.971410,1.046855,1.045171,1.041808,1.029799,1.032740,1.032985,1.032391,1.032513,1.043516,1.033254,1.032843,1.029490,1.033411,1.034860,1.039363,1.041890,1.044850,1.043920,1.038160,0.975723,1.036919,1.031462,1.031298,1.043537,1.037316,1.049778,1.047408,1.035559,1.025206,1.010664,0.964304,0.964403,0.972454,0.970367,0.996460,1.029508,0.998410,0.977300,1.030368
8.979740,1.046854,1.045173,1.041807,1.029795,1.032735,1.032980,1.032386,1.032508,1.043513,1.033249,1.032839,1.029485,1.033406,1.034856,1.039358,1.041885,1.044847,1.043918,1.038151,0.975717,1.036913,1.031454,1.031293,1.043532,1.037316,1.049777,1.047406,1.035559,1.025206,1.010676,0.964298,0.964397,0.972441,0.970365,0.996448,1.029509,0.998405,0.977301,1.030365
8.988070,1.046853,1.045174,1.041805,1.029792,1.032731,1.032975,1.032382,1.032504,1.043509,1.033244,1.032834,1.029480,1.033401,1.034851,1.039353,1.041880,1.044843,1.043915,1.038142,0.975711,1.036906,1.031447,1.031288,1.043527,1.037316,1.049776,1.047404,1.035559,1.025207,1.010687,0.964293,0.964391,0.972429,0.970362,0.996437,1.029511,0.998400,0.977302,1.030362
8.996400,1.046851,1.045176,1.041804,1.029788,1.032726,1.032971,1.032377,1.032500,1.043506,1.033238,1.032829,1.029475,1.033396,1.034847,1.039348,1.041875,1.044840,1.043913,1.038133,0.975705,1.036900,1.031440,1.031283,1.043522,1.037315,1.049775,1.047402,1.035559,1.025208,1.010698,0.964287,0.964385,0.972416,0.970360,0.996425,1.029512,0.998395,0.977304,1.030359
9.004730,1.046850,1.045178,1.041803,1.029784,1.032722,1.032966,1.032373,1.032495,1.043502,1.033233,1.032824,1.029470,1.033391,1.034842,1.039344,1.041870,1.044836,1.043910,1.038124,0.975699,1.036894,1.031433,1.031278,1.043517,1.037315,1.049774,1.047399,1.035559,1.025208,1.010708,0.964281,0.964379,0.972404,0.970357,0.996413,1.029513,0.998390,0.977305,1.030356
9.013060,1.046849,1.045179,1.041801,1.029780,1.032717,1.032961,1.032368,1.032491,1.043499,1.033228,1.032819,1.029465,1.033386,1.034838,1.039339,1.041865,1.044833,1.043907,1.038115,0.975693,1.036888,1.031425,1.031273,1.043512,1.037314,1.049773,1.047397,1.035560,1.025209,1.010719,0.964275,0.964372,0.972392,0.970355,0.996402,1.029515,0.998384,0.977307,1.030353
9.021390,1.046848,1.045181,1.041799,1.029776,1.032713,1.032957,1.032364,1.032486,1.043495,1.033223,1.032814,1.029460,1.033382,1.034833,1.039334,1.041860,1.044829,1.043904,1.038106,0.975687,1.036882,1.031418,1.031268,1.043507,1.037314,1.049771,1.047395,1.035560,1.025209,1.010729,0.964270,0.964366,0.972379,0.970353,0.996390,1.029516,0.998379,0.977308,1.030350
9.029720,1.046847,1.045182,1.041798,1.029773,1.032708,1.032952,1.032359,1.032482,1.043492,1.033218,1.032809,1.029455,1.033377,1.034829,1.039329,1.041855,1.044826,1.043902,1.038098,0.975682,1.036876,1.031411,1.031263,1.043502,1.037313,1.049770,1.047393,1.035560,1.025210,1.010740,0.964264,0.964360,0.972367,0.970350,0.996379,1.029518,0.998373,0.977309,1.030347
9.038050,1.046846,1.045184,1.041796,1.029769,1.032704,1.032947,1.032355,1.032478,1.043488,1.033213,1.032804,1.029450,1.033372,1.034824,1.039324,1.041850,1.044822,1.043899,1.038089,0.975676,1.036870,1.031404,1.031258,1.043497,1.037312,1.049769,1.047390,1.035560,1.025210,1.010749,0.964258,0.964354,0.972355,0.970348,0.996367,1.029519,0.998367,0.977311,1.030344
9.046380,1.046844,1.045185,1.041795,1.029765,1.032699,1.032943,1.032350,1.032473,1.043485,1.033208,1.032799,1.029445,1.033367,1.034820,1.039319,1.041845,1.044819,1.043896,1.038080,0.975671,1.036864,1.031397,1.031253,1.043492,1.037311,1.049768,1.047388,1.035560,1.025211,1.010759,0.964253,0.964348,0.972343,0.970346,0.996356,1.029521,0.998361,0.977312,1.030342
9.054710,1.046843,1.045186,1.041793,1.029761,1.032695,1.032938,1.032346,1.032469,1.043481,1.033203,1.032794,1.029440,1.033362,1.034815,1.039314,1.041840,1.044815,1.043893,1.038072,0.975665,1.036858,1.031390,1.031248,1.043487,1.037310,1.049766,1.047386,1.035560,1.025211,1.010769,0.964247,0.964342,0.972331,0.970344,0.996344,1.029523,0.998356,0.977314,1.030339
9.063040,1.046842,1.045187,1.041791,1.029757,1.032690,1.032934,1.032341,1.032464,1.043478,1.033198,1.032789,1.029436,1.033357,1.034811,1.039310,1.041835,1.044812,1.043890,1.038063,0.975660,1.036852,1.031383,1.031243,1.043482,1.037309,1.049765,1.047383,1.035560,1.025212,1.010778,0.964242,0.964335,0.972319,0.970342,0.996333,1.029524,0.998350,0.977315,1.030336
9.071370,1.046841,1.045188,1.041789,1.029753,1.032686,1.032929,1.032337,1.032460,1.043474,1.033193,1.032784,1.029431,1.033352,1.034806,1.039305,1.041830,1.044808,1.043887,1.038055,0.975654,1.036846,1.031376,1.031239,1.043477,1.037308,1.049763,1.047381,1.035560,1.025212,1.010788,0.964236,0.964329,0.972307,0.970340,0.996322,1.029526,0.998344,0.977317,1.030334
9.079700,1.046839,1.045189,1.041788,1.029750,1.032681,1.032924,1.032332,1.032456,1.043471,1.033188,1.032780,1.029426,1.033347,1.034802,1.039300,1.041825,1.044804,1.043884,1.038046,0.975649,1.036840,1.031369,1.031234,1.043472,1.037307,1.049762,1.047378,1.035560,1.025213,1.010797,0.964231,0.964323,0.972295,0.970338,0.996310,1.029528,0.998338,0.977318,1.030331
9.088030,1.046838,1.045190,1.041786,1.029746,1.032677,1.032920,1.032328,1.032451,1.043468,1.033183,1.032775,1.029421,1.033342,1.034797,1.039295,1.041820,1.044801,1.043881,1.038038,0.975644,1.036834,1.031362,1.031229,1.043468,1.037306,1.049761,1.047376,1.035560,1.025213,1.010806,0.964225,0.964317,0.972284,0.970336,0.996299,1.029530,0.998332,0.977320,1.030329
9.096360,1.046837,1.045190,1.041784,1.029742,1.032672,1.032915,1.032323,1.032447,1.043464,1.033178,1.032770,1.029416,1.033338,1.034793,1.039291,1.041815,1.044797,1.043879,1.038030,0.975638,1.036828,1.031355,1.031225,1.043463,1.037305,1.049759,1.047374,1.035560,1.025214,1.010814,0.964220,0.964311,0.972272,0.970335,0.996288,1.029532,0.998325,0.977321,1.030326
9.104690,1.046836,1.045191,1.041782,1.029738,1.032668,1.032911,1.032319,1.032443,1.043461,1.033173,1.032765,1.029411,1.033333,1.034788,1.039286,1.041811,1.044794,1.043876,1.038022,0.975633,1.036822,1.031348,1.031220,1.043458,1.037304,1.049758,1.047371,1.035561,1.025215,1.010823,0.964214,0.964305,0.972261,0.970333,0.996277,1.029534,0.998319,0.977323,1.030324
9.113020,1.046835,1.045192,1.041780,1.029734,1.032664,1.032906,1.032315,1.032438,1.043458,1.033168,1.032760,1.029406,1.033328,1.034784,1.039281,1.041806,1.044790,1.043873,1.038014,0.975628,1.036817,1.031341,1.031216,1.043453,1.037302,1.049756,1.047369,1.035561,1.025215,1.010832,0.964209,0.964299,0.972249,0.970332,0.996266,1.029536,0.998313,0.977325,1.030321
9.121350,1.046833,1.045192,1.041779,1.029730,1.032659,1.032902,1.032310,1.032434,1.043455,1.033163,1.032756,1.029402,1.033323,1.034779,1.039276,1.041801,1.044787,1.043870,1.038006,0.975623,1.036811,1.031335,1.031211,1.043448,1.037301,1.049755,1.047366,1.035561,1.025216,1.010840,0.964204,0.964293,0.972238,0.970330,0.996255,1.029538,0.998307,0.977326,1.030319
9.129680,1.046832,1.045193,1.041777,1.029727,1.032655,1.032897,1.032306,1.032430,1.043452,1.033158,1.032751,1.029397,1.033319,1.034775,1.039272,1.041796,1.044783,1.043867,1.037998,0.975618,1.036805,1.031328,1.031207,1.043444,1.037299,1.049754,1.047364,1.035561,1.025217,1.010848,0.964199,0.964287,0.972227,0.970329,0.996244,1.029540,0.998300,0.977328,1.030317
9.138010,1.046831,1.045193,1.041775,1.029723,1.032650,1.032893,1.032302,1.032426,1.043449,1.033153,1.032746,1.029392,1.033314,1.034771,1.039267,1.041792,1.044780,1.043864,1.037990,0.975614,1.036800,1.031322,1.031203,1.043439,1.037298,1.049752,1.047362,1.035561,1.025217,1.010856,0.964193,0.964281,0.972215,0.970327,0.996233,1.029543,0.998294,0.977330,1.030314
9.146340,1.046830,1.045194,1.041773,1.029719,1.032646,1.032888,1.032298,1.032422,1.043446,1.033149,1.032741,1.029387,1.033309,1.034766,1.039263,1.041787,1.044776,1.043861,1.037982,0.975609,1.036794,1.031315,1.031198,1.043434,1.037297,1.049751,1.047359,1.035562,1.025218,1.010864,0.964188,0.964275,0.972204,0.970326,0.996223,1.029545,0.998287,0.977332,1.030312
9.154670,1.046828,1.045194,1.041771,1.029715,1.032642,1.032884,1.032293,1.032418,1.043443,1.033144,1.032737,1.029383,1.033304,1.034762,1.039258,1.041782,1.044773,1.043858,1.037975,0.975604,1.036789,1.031309,1.031194,1.043430,1.037295,1.049749,1.047357,1.035562,1.025219,1.010872,0.964183,0.964269,0.972193,0.970325,0.996212,1.029548,0.998281,0.977334,1.030310
9.163000,1.046827,1.045195,1.041769,1.029712,1.032638,1.032879,1.032289,1.032413,1.043440,1.033139,1.032732,1.029378,1.033300,1.034758,1.039254,1.041778,1.044769,1.043856,1.037967,0.975600,1.036783,1.031302,1.031190,1.043425,1.037293,1.049748,1.047355,1.035562,1.025220,1.010879,0.964178,0.964263,0.972183,0.970324,0.996201,1.029550,0.998274,0.977336,1.030308
9.171330,1.046826,1.045195,1.041767,1.029708,1.032634,1.032875,1.032285,1.032409,1.043437,1.033134,1.032728,1.029373,1.033295,1.034753,1.039249,1.041773,1.044766,1.043853,1.037960,0.975596,1.036778,1.031296,1.031186,1.043421,1.037292,1.049747,1.047352,1.035563,1.025221,1.010887,0.964173,0.964258,0.972172,0.970323,0.996191,1.029553,0.998268,0.977338,1.030306
9.179660,1.046825,1.045195,1.041765,1.029704,1.032629,1.032871,1.032281,1.032405,1.043434,1.033130,1.032723,1.029369,1.033291,1.034749,1.039245,1.041769,1.044763,1.043850,1.037952,0.975591,1.036772,1.031290,1.031182,1.043416,1.037290,1.049745,1.047350,1.035563,1.025222,1.010894,0.964168,0.964252,0.972161,0.970323,0.996180,1.029556,0.998261,0.977340,1.030304
9.187990,1.046824,1.045195,1.041763,1.029701,1.032625,1.032866,1.032277,1.032401,1.043431,1.033125,1.032718,1.029364,1.033286,1.034745,1.039240,1.041764,1.044759,1.043847,1.037945,0.975587,1.036767,1.031284,1.031178,1.043412,1.037288,1.049744,1.047348,1.035563,1.025223,1.010901,0.964163,0.964246,0.972151,0.970322,0.996170,1.029558,0.998254,0.977342,1.030302
9.196320,1.046822,1.045195,1.041761,1.029697,1.032621,1.032862,1.032273,1.032397,1.043428,1.033120,1.032714,1.029360,1.033282,1.034741,1.039236,1.041760,1.044756,1.043844,1.037938,0.975583,1.036762,1.031277,1.031174,1.043408,1.037287,1.049743,1.047346,1.035564,1.025224,1.010908,0.964158,0.964240,0.972140,0.970321,0.996160,1.029561,0.998248,0.977344,1.030300
9.204650,1.046821,1.045195,1.041759,1.029693,1.032617,1.032858,1.032269,1.032393,1.043425,1.033116,1.032709,1.029355,1.033277,1.034737,1.039232,1.041756,1.044753,1.043842,1.037931,0.975579,1.036757,1.031271,1.031170,1.043404,1.037285,1.049741,1.047343,1.035564,1.025225,1.010915,0.964153,0.964235,0.972130,0.970321,0.996150,1.029564,0.998241,0.977346,1.030298
9.212980,1.046820,1.045195,1.041757,1.029690,1.032613,1.032854,1.032265,1.032390,1.043423,1.033111,1.032705,1.029351,1.033273,1.034732,1.039228,1.041751,1.044750,1.043839,1.037924,0.975575,1.036752,1.031265,1.031167,1.043399,1.037283,1.049740,1.047341,1.035565,1.025226,1.010921,0.964148,0.964229,0.972120,0.970321,0.996139,1.029568,0.998234,0.977349,1.030296
9.221310,1.046819,1.045195,1.041755,1.029686,1.032609,1.032850,1.032261,1.032386,1.043420,1.033107,1.032701,1.029346,1.033268,1.034728,1.039223,1.041747,1.044746,1.043836,1.037917,0.975571,1.036747,1.031259,1.031163,1.043395,1.037281,1.049739,1.047339,1.035565,1.025227,1.010928,0.964144,0.964224,0.972109,0.970320,0.996129,1.029571,0.998227,0.977351,1.030294
9.229640,1.046818,1.045195,1.041753,1.029683,1.032605,1.032846,1.032257,1.032382,1.043417,1.033102,1.032696,1.029342,1.033264,1.034724,1.039219,1.041743,1.044743,1.043833,1.037910,0.975567,1.036742,1.031254,1.031159,1.043391,1.037279,1.049737,1.047337,1.035566,1.025228,1.010934,0.964139,0.964218,0.972099,0.970320,0.996119,1.029574,0.998220,0.977353,1.030292
9.237970,1.046816,1.045195,1.041751,1.029679,1.032601,1.032842,1.032253,1.032378,1.043415,1.033098,1.032692,1.029338,1.033260,1.034720,1.039215,1.041739,1.044740,1.043830,1.037903,0.975564,1.036737,1.031248,1.031156,1.043387,1.037278,1.049736,1.047335,1.035566,1.025229,1.010940,0.964134,0.964212,0.972089,0.970320,0.996110,1.029577,0.998213,0.977356,1.030290
9.246300,1.046815,1.045195,1.041749,1.029675,1.032597,1.032837,1.032249,1.032374,1.043412,1.033093,1.032688,1.029333,1.033255,1.034716,1.039211,1.041735,1.044737,1.043828,1.037897,0.975560,1.036732,1.031242,1.031153,1.043383,1.037276,1.049735,1.047333,1.035567,1.025230,1.010946,0.964130,0.964207,0.972080,0.970320,0.996100,1.029581,0.998206,0.977358,1.030289
9.254630,1.046814,1.045195,1.041747,1.029672,1.032593,1.032833,1.032245,1.032370,1.043409,1.033089,1.032683,1.029329,1.033251,1.034712,1.039207,1.041730,1.044734,1.043825,1.037890,0.975557,1.036727,1.031237,1.031149,1.043379,1.037274,1.049733,1.047330,1.035567,1.025232,1.010952,0.964125,0.964202,0.972070,0.970320,0.996090,1.029584,0.998199,0.977361,1.030287
9.262960,1.046813,1.045194,1.041745,1.029668,1.032589,1.032829,1.032241,1.032367,1.043407,1.033084,1.032679,1.029325,1.033247,1.034708,1.039203,1.041726,1.044731,1.043822,1.037884,0.975553,1.036722,1.031231,1.031146,1.043375,1.037271,1.049732,1.047328,1.035568,1.025233,1.010958,0.964120,0.964196,0.972060,0.970320,0.996080,1.029588,0.998192,0.977363,1.030285
9.271290,1.046812,1.045194,1.041743,1.029665,1.032585,1.032825,1.032238,1.032363,1.043404,1.033080,1.032675,1.029321,1.033242,1.034704,1.039199,1.041722,1.044727,1.043820,1.037878,0.975550,1.036717,1.031226,1.031143,1.043371,1.037269,1.049731,1.047326,1.035569,1.025234,1.010963,0.964116,0.964191,0.972051,0.970321,0.996071,1.029592,0.998185,0.977366,1.030284
9.279620,1.046810,1.045193,1.041741,1.029662,1.032582,1.032822,1.032234,1.032359,1.043402,1.033076,1.032671,1.029316,1.033238,1.034701,1.039195,1.041718,1.044724,1.043817,1.037871,0.975547,1.036713,1.031220,1.031139,1.043367,1.037267,1.049729,1.047324,1.035570,1.025235,1.010969,0.964112,0.964185,0.972041,0.970321,0.996061,1.029596,0.998178,0.977368,1.030282
9.287950,1.046809,1.045193,1.041739,1.029658,1.032578,1.032818,1.032230,1.032356,1.043399,1.033071,1.032666,1.029312,1.033234,1.034697,1.039191,1.041715,1.044721,1.043814,1.037865,0.975544,1.036708,1.031215,1.031136,1.043363,1.037265,1.049728,1.047322,1.035570,1.025237,1.010974,0.964107,0.964180,0.972032,0.970322,0.996052,1.029599,0.998170,0.977371,1.030281
9.296280,1.046808,1.045192,1.041736,1.029655,1.032574,1.032814,1.032226,1.032352,1.043397,1.033067,1.032662,1.029308,1.033230,1.034693,1.039187,1.041711,1.044718,1.043812,1.037859,0.975541,1.036703,1.031209,1.031133,1.043359,1.037263,1.049727,1.047320,1.035571,1.025238,1.010979,0.964103,0.964175,0.972023,0.970322,0.996042,1.029603,0.998163,0.977374,1.030279
9.304610,1.046807,1.045192,1.041734,1.029651,1.032570,1.032810,1.032223,1.032348,1.043395,1.033063,1.032658,1.029304,1.033226,1.034689,1.039183,1.041707,1.044715,1.043809,1.037853,0.975538,1.036699,1.031204,1.031130,1.043356,1.037260,1.049726,1.047318,1.035572,1.025240,1.010984,0.964098,0.964169,0.972013,0.970323,0.996033,1.029607,0.998156,0.977377,1.030278
9.312940,1.046806,1.045191,1.041732,1.029648,1.032566,1.032806,1.032219,1.032345,1.043392,1.033059,1.032654,1.029300,1.033222,1.034685,1.039179,1.041703,1.044712,1.043806,1.037847,0.975535,1.036694,1.031199,1.031127,1.043352,1.037258,1.049724,1.047316,1.035573,1.025241,1.010988,0.964094,0.964164,0.972004,0.970324,0.996024,1.029612,0.998148,0.977379,1.030276
9.321270,1.046804,1.045190,1.041730,1.029644,1.032563,1.032802,1.032215,1.032341,1.043390,1.033054,1.032650,1.029296,1.033218,1.034681,1.039176,1.041699,1.044709,1.043804,1.037842,0.975532,1.036690,1.031194,1.031125,1.043348,1.037256,1.049723,1.047314,1.035573,1.025243,1.010993,0.964090,0.964159,0.971995,0.970325,0.996015,1.029616,0.998141,0.977382,1.030275
9.329600,1.046803,1.045189,1.041728,1.029641,1.032559,1.032798,1.032212,1.032338,1.043388,1.033050,1.032646,1.029292,1.033214,1.034678,1.039172,1.041696,1.044706,1.043801,1.037836,0.975530,1.036686,1.031189,1.031122,1.043345,1.037253,1.049722,1.047312,1.035574,1.025244,1.010997,0.964086,0.964154,0.971987,0.970326,0.996006,1.029620,0.998133,0.977385,1.030273
9.337930,1.046802,1.045188,1.041725,1.029638,1.032555,1.032795,1.032208,1.032334,1.043386,1.033046,1.032642,1.029288,1.033210,1.034674,1.039168,1.041692,1.044703,1.043798,1.037830,0.975527,1.036681,1.031184,1.031119,1.043341,1.037251,1.049720,1.047309,1.035575,1.025246,1.011001,0.964081,0.964149,0.971978,0.970327,0.995997,1.029624,0.998126,0.977388,1.030272
9.346260,1.046801,1.045187,1.041723,1.029634,1.032552,1.032791,1.032205,1.032331,1.043383,1.033042,1.032638,1.029284,1.033206,1.034670,1.039165,1.041688,1.044700,1.043796,1.037825,0.975524,1.036677,1.031179,1.031116,1.043338,1.037248,1.049719,1.047307,1.035576,1.025247,1.011005,0.964077,0.964143,0.971969,0.970328,0.995988,1.029629,0.998118,0.977391,1.030271
9.354590,1.046800,1.045186,1.041721,1.029631,1.032548,1.032787,1.032201,1.032327,1.043381,1.033038,1.032634,1.029280,1.033202,1.034666,1.039161,1.041685,1.044698,1.043793,1.037819,0.975522,1.036673,1.031174,1.031114,1.043334,1.037246,1.049718,1.047305,1.035577,1.025249,1.011009,0.964073,0.964138,0.971961,0.970329,0.995979,1.029633,0.998111,0.977394,1.030269
9.362920,1.046798,1.045185,1.041719,1.029628,1.032545,1.032784,1.032198,1.032324,1.043379,1.033034,1.032630,1.029276,1.033198,1.034663,1.039157,1.041681,1.044695,1.043790,1.037814,0.975520,1.036669,1.031169,1.031111,1.043331,1.037243,1.049716,1.047303,1.035578,1.025250,1.011013,0.964069,0.964133,0.971952,0.970331,0.995970,1.029638,0.998103,0.977397,1.030268
9.371250,1.046797,1.045184,1.041716,1.029624,1.032541,1.032780,1.032194,1.032321,1.043377,1.033030,1.032626,1.029272,1.033194,1.034659,1.039154,1.041678,1.044692,1.043787,1.037809,0.975517,1.036664,1.031164,1.031109,1.043327,1.037240,1.049715,1.047301,1.035579,1.025252,1.011016,0.964065,0.964128,0.971944,0.970332,0.995961,1.029643,0.998095,0.977400,1.030267
9.379580,1.046796,1.045183,1.041714,1.029621,1.032537,1.032776,1.032191,1.032317,1.043375,1.033026,1.032622,1.029268,1.033190,1.034655,1.039150,1.041674,1.044689,1.043785,1.037803,0.975515,1.036660,1.031160,1.031106,1.043324,1.037237,1.049714,1.047299,1.035579,1.025253,1.011019,0.964061,0.964123,0.971935,0.970333,0.995953,1.029647,0.998087,0.977403,1.030266
9.387910,1.046794,1.045181,1.041712,1.029618,1.032534,1.032773,1.032187,1.032314,1.043373,1.033021,1.032618,1.029264,1.033186,1.034652,1.039147,1.041670,1.044686,1.043782,1.037798,0.975513,1.036656,1.031155,1.031104,1.043321,1.037234,1.049712,1.047297,1.035580,1.025255,1.011022,0.964057,0.964118,0.971927,0.970335,0.995944,1.029652,0.998079,0.977406,1.030264
9.396240,1.046793,1.045180,1.041709,1.029614,1.032530,1.032769,1.032184,1.032310,1.043370,1.033017,1.032614,1.029260,1.033182,1.034648,1.039143,1.041667,1.044683,1.043779,1.037793,0.975511,1.036652,1.031150,1.031102,1.043317,1.037231,1.049711,1.047295,1.035581,1.025257,1.011025,0.964053,0.964113,0.971919,0.970337,0.995936,1.029657,0.998071,0.977409,1.030263
9.404570,1.046792,1.045178,1.041707,1.029611,1.032527,1.032765,1.032180,1.032307,1.043368,1.033013,1.032610,1.029256,1.033178,1.034644,1.039140,1.041664,1.044680,1.043777,1.037788,0.975509,1.036648,1.031146,1.031099,1.043314,1.037228,1.049709,1.047293,1.035582,1.025258,1.011028,0.964049,0.964108,0.971911,0.970339,0.995927,1.029662,0.998063,0.977413,1.030262
9.412900,1.046791,1.045177,1.041704,1.029608,1.032523,1.032762,1.032177,1.032304,1.043366,1.033009,1.032607,1.029252,1.033174,1.034641,1.039136,1.041660,1.044677,1.043774,1.037783,0.975507,1.036644,1.031141,1.031097,1.043311,1.037225,1.049708,1.047291,1.035583,1.025260,1.011030,0.964045,0.964103,0.971903,0.970340,0.995919,1.029667,0.998055,0.977416,1.030261
9.421230,1.046789,1.045175,1.041702,1.029604,1.032520,1.032758,1.032173,1.032300,1.043364,1.033005,1.032603,1.029248,1.033170,1.034637,1.039133,1.041657,1.044675,1.043771,1.037779,0.975506,1.036640,1.031137,1.031095,1.043307,1.037222,1.049707,1.047289,1.035584,1.025262,1.011032,0.964041,0.964098,0.971895,0.970342,0.995910,1.029672,0.998047,0.977419,1.030260
9.429560,1.046788,1.045173,1.041699,1.029601,1.032516,1.032754,1.032170,1.032297,1.043362,1.033001,1.032599,1.029244,1.033166,1.034634,1.039129,1.041653,1.044672,1.043769,1.037774,0.975504,1.036636,1.031133,1.031093,1.043304,1.037219,1.049705,1.047287,1.035585,1.025263,1.011034,0.964038,0.964093,0.971887,0.970344,0.995902,1.029677,0.998039,0.977422,1.030259
9.437890,1.046786,1.045172,1.041697,1.029598,1.032513,1.032751,1.032167,1.032294,1.043360,1.032997,1.032595,1.029240,1.033162,1.034630,1.039126,1.041650,1.044669,1.043766,1.037769,0.975502,1.036633,1.031128,1.031091,1.043301,1.037216,1.049704,1.047285,1.035586,1.025265,1.011036,0.964034,0.964088,0.971879,0.970346,0.995894,1.029682,0.998030,0.977426,1.030258
9.446220,1.046785,1.045170,1.041694,1.029594,1.032509,1.032747,1.032163,1.032290,1.043358,1.032993,1.032591,1.029236,1.033159,1.034626,1.039122,1.041647,1.044666,1.043763,1.037764,0.975501,1.036629,1.031124,1.031088,1.043298,1.037212,1.049702,1.047282,1.035587,1.025267,1.011038,0.964030,0.964083,0.971872,0.970349,0.995886,1.029687,0.998022,0.977429,1.030257
9.454550,1.046784,1.045168,1.041691,1.029591,1.032506,1.032744,1.032160,1.032287,1.043356,1.032990,1.032587,1.029233,1.033155,1.034623,1.039119,1.041643,1.044663,1.043760,1.037760,0.975499,1.036625,1.031120,1.031086,1.043295,1.037209,1.049701,1.047280,1.035588,1.025269,1.011039,0.964026,0.964078,0.971864,0.970351,0.995878,1.029692,0.998013,0.977432,1.030256
9.462880,1.046782,1.045165,1.041689,1.029588,1.032502,1.032740,1.032156,1.032284,1.043354,1.032986,1.032583,1.029229,1.033151,1.034619,1.039115,1.041640,1.044660,1.043757,1.037755,0.975498,1.036621,1.031115,1.031085,1.043292,1.037205,1.049699,1.047278,1.035589,1.025270,1.011041,0.964022,0.964073,0.971857,0.970353,0.995870,1.029698,0.998005,0.977435,1.030255
9.471210,1.046781,1.045163,1.041686,1.029584,1.032499,1.032737,1.032153,1.032281,1.043353,1.032982,1.032580,1.029225,1.033147,1.034616,1.039112,1.041637,1.044657,1.043755,1.037751,0.975496,1.036617,1.031111,1.031083,1.043288,1.037202,1.049697,1.047276,1.035589,1.025272,1.011042,0.964019,0.964069,0.971849,0.970355,0.995862,1.029703,0.997996,0.977439,1.030254
9.479540,1.046779,1.045161,1.041683,1.029581,1.032495,1.032733,1.032150,1.032277,1.043351,1.032978,1.032576,1.029221,1.033143,1.034612,1.039109,1.041634,1.044654,1.043752,1.037747,0.975495,1.036614,1.031107,1.031081,1.043285,1.037198,1.049696,1.047274,1.035590,1.025274,1.011042,0.964015,0.964064,0.971842,0.970358,0.995854,1.029709,0.997987,0.977442,1.030253
9.487870,1.046778,1.045159,1.041680,1.029578,1.032492,1.032730,1.032146,1.032274,1.043349,1.032974,1.032572,1.029217,1.033139,1.034609,1.039105,1.041630,1.044652,1.043749,1.037742,0.975494,1.036610,1.031103,1.031079,1.043282,1.037194,1.049694,1.047272,1.035591,1.025275,1.011043,0.964011,0.964059,0.971835,0.970360,0.995846,1.029714,0.997978,0.977445,1.030252
9.496200,1.046776,1.045156,1.041677,1.029574,1.032488,1.032726,1.032143,1.032271,1.043347,1.032970,1.032568,1.029213,1.033136,1.034605,1.039102,1.041627,1.044649,1.043746,1.037738,0.975493,1.036606,1.031099,1.031077,1.043279,1.037190,1.049692,1.047269,1.035592,1.025277,1.011043,0.964008,0.964054,0.971827,0.970363,0.995838,1.029720,0.997970,0.977449,1.030251
9.504530,1.046775,1.045153,1.041674,1.029571,1.032485,1.032722,1.032140,1.032267,1.043345,1.032966,1.032564,1.029210,1.033132,1.034601,1.039099,1.041624,1.044646,1.043743,1.037734,0.975492,1.036603,1.031095,1.031075,1.043276,1.037186,1.049691,1.047267,1.035593,1.025279,1.011044,0.964004,0.964049,0.971820,0.970366,0.995830,1.029725,0.997961,0.977452,1.030250
9.512860,1.046773,1.045151,1.041672,1.029567,1.032481,1.032719,1.032136,1.032264,1.043343,1.032962,1.032561,1.029206,1.033128,1.034598,1.039095,1.041621,1.044643,1.043740,1.037730,0.975490,1.036599,1.031091,1.031073,1.043273,1.037182,1.049689,1.047265,1.035594,1.025280,1.011044,0.964000,0.964044,0.971813,0.970368,0.995822,1.029731,0.997952,0.977456,1.030250
9.521190,1.046771,1.045148,1.041669,1.029564,1.032478,1.032715,1.032133,1.032261,1.043341,1.032958,1.032557,1.029202,1.033124,1.034594,1.039092,1.041617,1.044640,1.043737,1.037726,0.975489,1.036596,1.031087,1.031072,1.043270,1.037178,1.049687,1.047262,1.035595,1.025282,1.011043,0.963997,0.964039,0.971806,0.970371,0.995815,1.029736,0.997942,0.977459,1.030249
9.529520,1.046770,1.045145,1.041665,1.029561,1.032474,1.032712,1.032130,1.032258,1.043339,1.032954,1.032553,1.029198,1.033120,1.034591,1.039089,1.041614,1.044637,1.043734,1.037722,0.975489,1.036592,1.031083,1.031070,1.043267,1.037174,1.049685,1.047260,1.035596,1.025284,1.011043,0.963993,0.964035,0.971799,0.970374,0.995807,1.029742,0.997933,0.977462,1.030248
9.537850,1.046768,1.045142,1.041662,1.029557,1.032471,1.032708,1.032126,1.032254,1.043338,1.032950,1.032549,1.029194,1.033116,1.034587,1.039085,1.041611,1.044634,1.043731,1.037718,0.975488,1.036589,1.031079,1.031068,1.043264,1.037170,1.049684,1.047258,1.035596,1.025285,1.011042,0.963990,0.964030,0.971792,0.970377,0.995800,1.029748,0.997924,0.977466,1.030247
9.546180,1.046767,1.045139,1.041659,1.029554,1.032467,1.032705,1.032123,1.032251,1.043336,1.032946,1.032546,1.029191,1.033113,1.034584,1.039082,1.041608,1.044631,1.043728,1.037714,0.975487,1.036585,1.031075,1.031067,1.043261,1.037166,1.049682,1.047255,1.035597,1.025287,1.011042,0.963986,0.964025,0.971786,0.970380,0.995792,1.029754,0.997915,0.977469,1.030246
9.554510,1.046765,1.045136,1.041656,1.029550,1.032464,1.032701,1.032120,1.032248,1.043334,1.032942,1.032542,1.029187,1.033109,1.034580,1.039079,1.041605,1.044628,1.043725,1.037710,0.975486,1.036582,1.031071,1.031065,1.043258,1.037161,1.049680,1.047253,1.035598,1.025289,1.011041,0.963982,0.964020,0.971779,0.970383,0.995785,1.029760,0.997905,0.977473,1.030245
9.562840,1.046763,1.045133,1.041653,1.029547,1.032461,1.032698,1.032116,1.032245,1.043332,1.032939,1.032538,1.029183,1.033105,1.034576,1.039076,1.041602,1.044625,1.043722,1.037707,0.975486,1.036578,1.031068,1.031064,1.043256,1.037157,1.049678,1.047251,1.035599,1.025291,1.011039,0.963979,0.964015,0.971772,0.970386,0.995777,1.029766,0.997896,0.977476,1.030245
9.571170,1.046761,1.045130,1.041650,1.029543,1.032457,1.032694,1.032113,1.032242,1.043330,1.032935,1.032534,1.029179,1.033101,1.034573,1.039072,1.041599,1.044622,1.043719,1.037703,0.975485,1.036575,1.031064,1.031062,1.043253,1.037152,1.049676,1.047248,1.035600,1.025292,1.011038,0.963975,0.964011,0.971766,0.970389,0.995770,1.029772,0.997886,0.977480,1.030244
9.579500,1.046760,1.045126,1.041646,1.029540,1.032454,1.032691,1.032110,1.032238,1.043329,1.032931,1.032531,1.029175,1.033098,1.034569,1.039069,1.041596,1.044619,1.043716,1.037700,0.975485,1.036572,1.031060,1.031061,1.043250,1.037148,1.049674,1.047246,1.035601,1.025294,1.011036,0.963972,0.964006,0.971759,0.970392,0.995763,1.029778,0.997876,0.977483,1.030243
9.587830,1.046758,1.045123,1.041643,1.029537,1.032450,1.032687,1.032106,1.032235,1.043327,1.032927,1.032527,1.029172,1.033094,1.034566,1.039066,1.041593,1.044617,1.043713,1.037696,0.975484,1.036568,1.031057,1.031060,1.043247,1.037143,1.049672,1.047244,1.035601,1.025296,1.011035,0.963969,0.964001,0.971753,0.970396,0.995755,1.029784,0.997867,0.977487,1.030243
9.596160,1.046756,1.045119,1.041640,1.029533,1.032447,1.032684,1.032103,1.032232,1.043325,1.032923,1.032523,1.029168,1.033090,1.034562,1.039063,1.041590,1.044614,1.043710,1.037693,0.975484,1.036565,1.031053,1.031058,1.043244,1.037138,1.049670,1.047241,1.035602,1.025297,1.011033,0.963965,0.963996,0.971747,0.970399,0.995748,1.029790,0.997857,0.977490,1.030242
9.604490,1.046754,1.045116,1.041636,1.029530,1.032443,1.032680,1.032100,1.032229,1.043324,1.032919,1.032519,1.029164,1.033086,1.034559,1.039060,1.041587,1.044611,1.043707,1.037689,0.975483,1.036562,1.031050,1.031057,1.043242,1.037133,1.049668,1.047239,1.035603,1.025299,1.011030,0.963962,0.963992,0.971741,0.970403,0.995741,1.029796,0.997847,0.977494,1.030241
9.612820,1.046752,1.045112,1.041633,1.029526,1.032440,1.032677,1.032097,1.032226,1.043322,1.032915,1.032516,1.029160,1.033082,1.034555,1.039057,1.041584,1.044608,1.043704,1.037686,0.975483,1.036558,1.031046,1.031056,1.043239,1.037128,1.049666,1.047236,1.035604,1.025301,1.011028,0.963958,0.963987,0.971734,0.970406,0.995734,1.029802,0.997837,0.977497,1.030241
9.621150,1.046751,1.045108,1.041630,1.029523,1.032437,1.032673,1.032093,1.032222,1.043320,1.032912,1.032512,1.029157,1.033079,1.034552,1.039053,1.041581,1.044605,1.043701,1.037683,0.975483,1.036555,1.031043,1.031055,1.043236,1.037123,1.049664,1.047234,1.035605,1.025303,1.011025,0.963955,0.963982,0.971728,0.970410,0.995727,1.029809,0.997827,0.977501,1.030240
9.629480,1.046749,1.045104,1.041626,1.029519,1.032433,1.032670,1.032090,1.032219,1.043318,1.032908,1.032508,1.029153,1.033075,1.034548,1.039050,1.041578,1.044602,1.043697,1.037680,0.975483,1.036552,1.031039,1.031054,1.043233,1.037118,1.049662,1.047231,1.035605,1.025304,1.011023,0.963952,0.963978,0.971723,0.970414,0.995720,1.029815,0.997817,0.977505,1.030239
9.637810,1.046747,1.045100,1.041623,1.029516,1.032430,1.032667,1.032087,1.032216,1.043317,1.032904,1.032505,1.029149,1.033071,1.034545,1.039047,1.041575,1.044599,1.043694,1.037677,0.975483,1.036549,1.031036,1.031052,1.043231,1.037113,1.049660,1.047229,1.035606,1.025306,1.011020,0.963948,0.963973,0.971717,0.970418,0.995713,1.029821,0.997807,0.977508,1.030239
9.646140,1.046745,1.045096,1.041619,1.029512,1.032426,1.032663,1.032084,1.032213,1.043315,1.032900,1.032501,1.029146,1.033068,1.034541,1.039044,1.041572,1.044596,1.043691,1.037674,0.975483,1.036546,1.031033,1.031051,1.043228,1.037108,1.049658,1.047226,1.035607,1.025308,1.011017,0.963945,0.963968,0.971711,0.970421,0.995707,1.029828,0.997797,0.977512,1.030238
9.654470,1.046743,1.045092,1.041615,1.029509,1.032423,1.032660,1.032080,1.032210,1.043313,1.032896,1.032497,1.029142,1.033064,1.034538,1.039041,1.041569,1.044593,1.043688,1.037671,0.975483,1.036543,1.031030,1.031050,1.043225,1.037103,1.049656,1.047224,1.035608,1.025309,1.011013,0.963942,0.963964,0.971705,0.970425,0.995700,1.029835,0.997786,0.977516,1.030237
9.662800,1.046741,1.045088,1.041612,1.029505,1.032420,1.032656,1.032077,1.032207,1.043312,1.032893,1.032494,1.029138,1.033060,1.034534,1.039038,1.041566,1.044590,1.043685,1.037668,0.975483,1.036540,1.031027,1.031050,1.043223,1.037097,1.049653,1.047221,1.035609,1.025311,1.011010,0.963939,0.963959,0.971700,0.970429,0.995693,1.029841,0.997776,0.977519,1.030237
9.671130,1.046739,1.045084,1.041608,1.029502,1.032416,1.032653,1.032074,1.032204,1.043310,1.032889,1.032490,1.029135,1.033057,1.034531,1.039035,1.041563,1.044587,1.043682,1.037665,0.975484,1.036537,1.031023,1.031049,1.043220,1.037092,1.049651,1.047219,1.035610,1.025313,1.011006,0.963936,0.963954,0.971694,0.970434,0.995687,1.029848,0.997766,0.977523,1.030236
9.679460,1.046737,1.045080,1.041605,1.029498,1.032413,1.032650,1.032071,1.032201,1.043309,1.032885,1.032486,1.029131,1.033053,1.034527,1.039032,1.041561,1.044584,1.043678,1.037663,0.975484,1.036534,1.031020,1.031048,1.043218,1.037087,1.049649,1.047216,1.035610,1.025315,1.011002,0.963932,0.963950,0.971689,0.970438,0.995680,1.029855,0.997755,0.977527,1.030236
9.687790,1.046735,1.045075,1.041601,1.029495,1.032410,1.032646,1.032068,1.032197,1.043307,1.032881,1.032483,1.029127,1.033049,1.034524,1.039029,1.041558,1.044581,1.043675,1.037660,0.975485,1.036531,1.031017,1.031047,1.043215,1.037081,1.049647,1.047214,1.035611,1.025317,1.010998,0.963929,0.963945,0.971683,0.970442,0.995674,1.029861,0.997745,0.977531,1.030235
9.696120,1.046733,1.045071,1.041597,1.029492,1.032406,1.032643,1.032064,1.032194,1.043305,1.032878,1.032479,1.029124,1.033046,1.034520,1.039026,1.041555,1.044579,1.043672,1.037658,0.975485,1.036528,1.031014,1.031046,1.043213,1.037075,1.049645,1.047211,1.035612,1.025318,1.010994,0.963926,0.963941,0.971678,0.970447,0.995667,1.029868,0.997734,0.977534,1.030235
9.704450,1.046731,1.045066,1.041593,1.029488,1.032403,1.032640,1.032061,1.032191,1.043304,1.032874,1.032476,1.029120,1.033042,1.034517,1.039023,1.041553,1.044576,1.043669,1.037655,0.975486,1.036526,1.031012,1.031046,1.043211,1.037070,1.049642,1.047209,1.035613,1.025320,1.010990,0.963923,0.963936,0.971673,0.970451,0.995661,1.029875,0.997723,0.977538,1.030234
9.712780,1.046729,1.045062,1.041590,1.029485,1.032400,1.032636,1.032058,1.032188,1.043302,1.032870,1.032472,1.029116,1.033038,1.034514,1.039020,1.041550,1.044573,1.043666,1.037653,0.975487,1.036523,1.031009,1.031045,1.043208,1.037064,1.049640,1.047206,1.035614,1.025322,1.010985,0.963920,0.963932,0.971668,0.970456,0.995655,1.029882,0.997713,0.977542,1.030234
9.721110,1.046727,1.045057,1.041586,1.029481,1.032397,1.032633,1.032055,1.032185,1.043301,1.032867,1.032469,1.029113,1.033035,1.034510,1.039018,1.041547,1.044570,1.043662,1.037651,0.975487,1.036520,1.031006,1.031045,1.043206,1.037058,1.049638,1.047204,1.035615,1.025324,1.010981,0.963917,0.963927,0.971663,0.970460,0.995649,1.029889,0.997702,0.977546,1.030233
9.729440,1.046725,1.045052,1.041582,1.029478,1.032393,1.032630,1.032052,1.032182,1.043299,1.032863,1.032465,1.029109,1.033031,1.034507,1.039015,1.041545,1.044567,1.043659,1.037648,0.975488,1.036518,1.031003,1.031044,1.043204,1.037053,1.049636,1.047201,1.035616,1.025326,1.010976,0.963914,0.963923,0.971658,0.970465,0.995643,1.029897,0.997691,0.977550,1.030233
9.737770,1.046723,1.045047,1.041578,1.029474,1.032390,1.032627,1.032049,1.032179,1.043298,1.032859,1.032462,1.029106,1.033028,1.034504,1.039012,1.041542,1.044564,1.043656,1.037646,0.975489,1.036515,1.031001,1.031044,1.043201,1.037047,1.049634,1.047199,1.035616,1.025328,1.010971,0.963911,0.963918,0.971653,0.970470,0.995637,1.029904,0.997680,0.977554,1.030232
9.746100,1.046720,1.045043,1.041574,1.029471,1.032387,1.032623,1.032046,1.032176,1.043296,1.032856,1.032458,1.029102,1.033024,1.034500,1.039009,1.041540,1.044562,1.043653,1.037644,0.975490,1.036512,1.030998,1.031043,1.043199,1.037041,1.049631,1.047196,1.035617,1.025330,1.010966,0.963908,0.963914,0.971648,0.970475,0.995631,1.029911,0.997669,0.977558,1.030232
9.754430,1.046718,1.045038,1.041571,1.029468,1.032384,1.032620,1.032043,1.032173,1.043295,1.032852,1.032455,1.029099,1.033021,1.034497,1.039007,1.041537,1.044559,1.043650,1.037643,0.975491,1.036510,1.030996,1.031043,1.043197,1.037035,1.049629,1.047194,1.035618,1.025332,1.010960,0.963906,0.963910,0.971644,0.970480,0.995625,1.029918,0.997658,0.977562,1.030231
9.762760,1.046716,1.045033,1.041567,1.029464,1.032381,1.032617,1.032040,1.032171,1.043293,1.032849,1.032451,1.029095,1.033017,1.034494,1.039004,1.041535,1.044556,1.043647,1.037641,0.975493,1.036508,1.030993,1.031043,1.043195,1.037029,1.049627,1.047191,1.035619,1.025334,1.010955,0.963903,0.963905,0.971639,0.970485,0.995619,1.029926,0.997647,0.977566,1.030231
9.771090,1.046714,1.045028,1.041563,1.029461,1.032377,1.032614,1.032037,1.032168,1.043292,1.032845,1.032448,1.029092,1.033014,1.034490,1.039001,1.041532,1.044553,1.043643,1.037639,0.975494,1.036505,1.030991,1.031043,1.043193,1.037023,1.049625,1.047189,1.035620,1.025336,1.010949,0.963900,0.963901,0.971635,0.970490,0.995613,1.029933,0.997636,0.977570,1.030231
9.779420,1.046712,1.045023,1.041559,1.029458,1.032374,1.032611,1.032034,1.032165,1.043291,1.032842,1.032444,1.029089,1.033011,1.034487,1.038999,1.041530,1.044551,1.043640,1.037637,0.975495,1.036503,1.030988,1.031042,1.043191,1.037017,1.049622,1.047186,1.035621,1.025338,1.010944,0.963897,0.963897,0.971631,0.970495,0.995608,1.029941,0.997625,0.977574,1.030230
9.787750,1.046710,1.045018,1.041555,1.029454,1.032371,1.032608,1.032031,1.032162,1.043289,1.032838,1.032441,1.029085,1.033007,1.034484,1.038996,1.041528,1.044548,1.043637,1.037636,0.975497,1.036501,1.030986,1.031042,1.043189,1.037011,1.049620,1.047184,1.035622,1.025340,1.010938,0.963895,0.963893,0.971626,0.970501,0.995602,1.029949,0.997614,0.977579,1.030230
9.796080,1.046708,1.045012,1.041551,1.029451,1.032368,1.032605,1.032028,1.032159,1.043288,1.032835,1.032438,1.029082,1.033004,1.034481,1.038994,1.041526,1.044545,1.043634,1.037634,0.975498,1.036498,1.030984,1.031042,1.043187,1.037005,1.049618,1.047182,1.035623,1.025342,1.010932,0.963892,0.963888,0.971622,0.970506,0.995597,1.029956,0.997603,0.977583,1.030230
9.804410,1.046705,1.045007,1.041547,1.029448,1.032365,1.032602,1.032025,1.032156,1.043287,1.032831,1.032435,1.029079,1.033000,1.034478,1.038991,1.041523,1.044543,1.043631,1.037633,0.975500,1.036496,1.030982,1.031043,1.043185,1.036999,1.049616,1.047179,1.035624,1.025344,1.010925,0.963889,0.963884,0.971618,0.970512,0.995592,1.029964,0.997592,0.977587,1.030229
9.812740,1.046703,1.045002,1.041543,1.029444,1.032362,1.032599,1.032022,1.032154,1.043285,1.032828,1.032431,1.029075,1.032997,1.034475,1.038989,1.041521,1.044540,1.043628,1.037632,0.975502,1.036494,1.030980,1.031043,1.043183,1.036992,1.049613,1.047177,1.035626,1.025346,1.010919,0.963887,0.963880,0.971615,0.970517,0.995586,1.029972,0.997580,0.977592,1.030229
9.821070,1.046701,1.044997,1.041540,1.029441,1.032359,1.032596,1.032020,1.032151,1.043284,1.032825,1.032428,1.029072,1.032994,1.034472,1.038986,1.041519,1.044538,1.043625,1.037631,0.975504,1.036492,1.030978,1.031043,1.043181,1.036986,1.049611,1.047174,1.035627,1.025348,1.010913,0.963884,0.963876,0.971611,0.970523,0.995581,1.029980,0.997569,0.977596,1.030229
9.829400,1.046699,1.044991,1.041536,1.029438,1.032356,1.032593,1.032017,1.032148,1.043283,1.032821,1.032425,1.029069,1.032991,1.034469,1.038984,1.041517,1.044535,1.043622,1.037630,0.975506,1.036490,1.030976,1.031043,1.043180,1.036980,1.049609,1.047172,1.035628,1.025351,1.010906,0.963882,0.963872,0.971607,0.970529,0.995576,1.029988,0.997558,0.977600,1.030228
9.837730,1.046697,1.044986,1.041532,1.029435,1.032353,1.032590,1.032014,1.032146,1.043281,1.032818,1.032422,1.029066,1.032988,1.034466,1.038982,1.041515,1.044533,1.043619,1.037629,0.975508,1.036488,1.030974,1.031044,1.043178,1.036973,1.049607,1.047170,1.035629,1.025353,1.010899,0.963879,0.963868,0.971604,0.970535,0.995571,1.029997,0.997546,0.977605,1.030228
9.846060,1.046694,1.044980,1.041528,1.029432,1.032350,1.032587,1.032011,1.032143,1.043280,1.032815,1.032419,1.029063,1.032984,1.034463,1.038979,1.041513,1.044530,1.043616,1.037628,0.975510,1.036487,1.030973,1.031044,1.043177,1.036967,1.049605,1.047168,1.035630,1.025355,1.010893,0.963877,0.963864,0.971600,0.970541,0.995566,1.030005,0.997535,0.977609,1.030228
9.854390,1.046692,1.044975,1.041524,1.029429,1.032348,1.032584,1.032009,1.032140,1.043279,1.032812,1.032416,1.029060,1.032981,1.034460,1.038977,1.041511,1.044528,1.043613,1.037627,0.975512,1.036485,1.030971,1.031045,1.043175,1.036961,1.049603,1.047165,1.035632,1.025358,1.010886,0.963875,0.963860,0.971597,0.970547,0.995561,1.030013,0.997523,0.977614,1.030228
9.862720,1.046690,1.044969,1.041520,1.029425,1.032345,1.032581,1.032006,1.032138,1.043278,1.032809,1.032413,1.029056,1.032978,1.034457,1.038975,1.041510,1.044525,1.043610,1.037627,0.975515,1.036483,1.030969,1.031045,1.043174,1.036954,1.049601,1.047163,1.035633,1.025360,1.010878,0.963872,0.963856,0.971594,0.970554,0.995557,1.030022,0.997512,0.977619,1.030227
9.871050,1.046688,1.044964,1.041516,1.029422,1.032342,1.032578,1.032003,1.032135,1.043277,1.032805,1.032410,1.029053,1.032975,1.034454,1.038973,1.041508,1.044523,1.043607,1.037626,0.975517,1.036481,1.030968,1.031046,1.043172,1.036948,1.049598,1.047161,1.035634,1.025363,1.010871,0.963870,0.963852,0.971591,0.970560,0.995552,1.030030,0.997500,0.977623,1.030227
9.879380,1.046686,1.044958,1.041512,1.029419,1.032339,1.032576,1.032001,1.032133,1.043275,1.032802,1.032407,1.029050,1.032972,1.034451,1.038971,1.041506,1.044521,1.043604,1.037626,0.975520,1.036480,1.030967,1.031047,1.043171,1.036942,1.049596,1.047159,1.035636,1.025365,1.010864,0.963868,0.963849,0.971588,0.970566,0.995548,1.030039,0.997489,0.977628,1.030227
9.887710,1.046683,1.044953,1.041508,1.029416,1.032337,1.032573,1.031998,1.032130,1.043274,1.032799,1.032404,1.029047,1.032969,1.034448,1.038969,1.041505,1.044519,1.043601,1.037626,0.975522,1.036478,1.030965,1.031048,1.043169,1.036935,1.049594,1.047156,1.035637,1.025368,1.010856,0.963866,0.963845,0.971585,0.970573,0.995543,1.030048,0.997477,0.977633,1.030227
9.896040,1.046681,1.044947,1.041504,1.029413,1.032334,1.032570,1.031996,1.032128,1.043273,1.032796,1.032401,1.029045,1.032966,1.034446,1.038967,1.041503,1.044516,1.043598,1.037625,0.975525,1.036477,1.030964,1.031049,1.043168,1.036929,1.049592,1.047154,1.035639,1.025370,1.010849,0.963864,0.963841,0.971582,0.970580,0.995539,1.030056,0.997466,0.977638,1.030227
9.904370,1.046679,1.044941,1.041501,1.029410,1.032331,1.032568,1.031993,1.032125,1.043272,1.032793,1.032398,1.029042,1.032963,1.034443,1.038965,1.041501,1.044514,1.043595,1.037625,0.975528,1.036476,1.030963,1.031050,1.043167,1.036922,1.049590,1.047152,1.035640,1.025373,1.010841,0.963862,0.963837,0.971579,0.970587,0.995535,1.030065,0.997454,0.977643,1.030227
9.912700,1.046677,1.044936,1.041497,1.029407,1.032329,1.032565,1.031991,1.032123,1.043271,1.032791,1.032395,1.029039,1.032961,1.034440,1.038963,1.041500,1.044512,1.043592,1.037625,0.975531,1.036474,1.030962,1.031051,1.043166,1.036915,1.049588,1.047150,1.035642,1.025375,1.010833,0.963860,0.963834,0.971577,0.970594,0.995530,1.030074,0.997443,0.977648,1.030226
9.921030,1.046674,1.044930,1.041493,1.029405,1.032326,1.032563,1.031988,1.032121,1.043270,1.032788,1.032392,1.029036,1.032958,1.034438,1.038962,1.041499,1.044510,1.043590,1.037625,0.975534,1.036473,1.030961,1.031052,1.043165,1.036909,1.049586,1.047148,1.035643,1.025378,1.010825,0.963858,0.963830,0.971575,0.970601,0.995526,1.030083,0.997431,0.977653,1.030226
9.929360,1.046672,1.044924,1.041489,1.029402,1.032324,1.032560,1.031986,1.032118,1.043269,1.032785,1.032390,1.029033,1.032955,1.034435,1.038960,1.041497,1.044508,1.043587,1.037626,0.975538,1.036472,1.030960,1.031053,1.043164,1.036902,1.049584,1.047146,1.035645,1.025381,1.010817,0.963856,0.963827,0.971572,0.970608,0.995522,1.030093,0.997419,0.977658,1.030226
9.937690,1.046670,1.044918,1.041485,1.029399,1.032321,1.032558,1.031984,1.032116,1.043268,1.032782,1.032387,1.029031,1.032952,1.034432,1.038958,1.041496,1.044506,1.043584,1.037626,0.975541,1.036471,1.030959,1.031055,1.043163,1.036896,1.049582,1.047144,1.035647,1.025384,1.010809,0.963854,0.963823,0.971570,0.970615,0.995519,1.030102,0.997408,0.977663,1.030226
9.946020,1.046667,1.044912,1.041481,1.029396,1.032319,1.032555,1.031981,1.032114,1.043267,1.032779,1.032384,1.029028,1.032950,1.034430,1.038957,1.041495,1.044504,1.043582,1.037626,0.975544,1.036470,1.030959,1.031056,1.043162,1.036889,1.049580,1.047142,1.035648,1.025387,1.010801,0.963852,0.963820,0.971568,0.970623,0.995515,1.030111,0.997396,0.977668,1.030226
9.954350,1.046665,1.044907,1.041477,1.029393,1.032316,1.032553,1.031979,1.032112,1.043266,1.032777,1.032382,1.029025,1.032947,1.034427,1.038955,1.041494,1.044502,1.043579,1.037627,0.975548,1.036469,1.030958,1.031058,1.043161,1.036882,1.049579,1.047140,1.035650,1.025390,1.010792,0.963851,0.963816,0.971566,0.970630,0.995511,1.030121,0.997384,0.977674,1.030226
9.962680,1.046663,1.044901,1.041474,1.029390,1.032314,1.032550,1.031977,1.032109,1.043265,1.032774,1.032379,1.029023,1.032944,1.034425,1.038953,1.041492,1.044500,1.043576,1.037628,0.975552,1.036468,1.030957,1.031059,1.043161,1.036876,1.049577,1.047138,1.035652,1.025393,1.010784,0.963849,0.963813,0.971564,0.970638,0.995508,1.030130,0.997373,0.977679,1.030226
9.971010,1.046661,1.044895,1.041470,1.029388,1.032311,1.032548,1.031975,1.032107,1.043264,1.032771,1.032377,1.029020,1.032942,1.034423,1.038952,1.041491,1.044498,1.043574,1.037629,0.975555,1.036468,1.030957,1.031061,1.043160,1.036869,1.049575,1.047137,1.035654,1.025396,1.010775,0.963847,0.963809,0.971563,0.970645,0.995504,1.030140,0.997361,0.977684,1.030226
9.979340,1.046658,1.044889,1.041466,1.029385,1.032309,1.032546,1.031973,1.032105,1.043263,1.032769,1.032374,1.029018,1.032939,1.034420,1.038951,1.041490,1.044496,1.043571,1.037629,0.975559,1.036467,1.030956,1.031063,1.043159,1.036862,1.049573,1.047135,1.035656,1.025399,1.010767,0.963846,0.963806,0.971561,0.970653,0.995501,1.030150,0.997349,0.977690,1.030226
9.987670,1.046656,1.044883,1.041462,1.029382,1.032307,1.032543,1.031970,1.032103,1.043263,1.032766,1.032372,1.029015,1.032937,1.034418,1.038949,1.041489,1.044495,1.043568,1.037630,0.975563,1.036466,1.030956,1.031065,1.043159,1.036856,1.049571,1.047133,1.035658,1.025402,1.010758,0.963844,0.963803,0.971560,0.970661,0.995498,1.030160,0.997337,0.977695,1.030226
9.996000,1.046654,1.044877,1.041458,1.029380,1.032305,1.032541,1.031968,1.032101,1.043262,1.032764,1.032369,1.029013,1.032934,1.034416,1.038948,1.041489,1.044493,1.043566,1.037632,0.975567,1.036466,1.030956,1.031067,1.043158,1.036849,1.049570,1.047131,1.035660,1.025405,1.010749,0.963843,0.963800,0.971558,0.970669,0.995495,1.030169,0.997325,0.977701,1.030226
10.000000,1.046653,1.044874,1.041456,1.029379,1.032303,1.032540,1.031967,1.032100,1.043261,1.032762,1.032368,1.029012,1.032933,1.034415,1.038947,1.041488,1.044492,1.043565,1.037632,0.975569,1.036466,1.030956,1.031068,1.043158,1.036846,1.049569,1.047130,1.035661,1.025406,1.010744,0.963842,0.963798,0.971558,0.970673,0.995493,1.030174,0.997320,0.977704,1.030226
10.000000,1.046653,1.044874,1.041456,1.029379,1.032303,1.032540,1.031967,1.032100,1.043261,1.032762,1.032368,1.029012,1.032933,1.034415,1.038947,1.041488,1.044492,1.043565,1.037632,0.975569,1.036466,1.030956,1.031068,1.043158,1.036846,1.049569,1.047130,1.035661,1.025406,1.010744,0.963842,0.963798,0.971558,0.970673,0.995493,1.030174,0.997320,0.977704,1.030226
