Results,B01,B02,B03,B04,B05,B06,B07,B08,B09,B10,B11,B12,B13,B14,B15,B16,B17,B18,B19,B20,B21,B22,B23,B24,B25,B26,B27,B28,B29,B30,B31,B32,B33,B34,B35,B36,B37,B38,B39
Time in s,u. Magnitude in p.u.,u. Magnitude in p.u.,u. Magnitude in p.u.,u. Magnitude in p.u.,u. Magnitude in p.u.,u. Magnitude in p.u.,u. Magnitude in p.u.,u. Magnitude in p.u.,u. Magnitude in p.u.,u. Magnitude in p.u.,u. Magnitude in p.u.,u. Magnitude in p.u.,u. Magnitude in p.u.,u. Magnitude in p.u.,u. Magnitude in p.u.,u. Magnitude in p.u.,u. Magnitude in p.u.,u. Magnitude in p.u.,u. Magnitude in p.u.,u. Magnitude in p.u.,u. Magnitude in p.u.,u. Magnitude in p.u.,u. Magnitude in p.u.,u. Magnitude in p.u.,u. Magnitude in p.u.,u. Magnitude in p.u.,u. Magnitude in p.u.,u. Magnitude in p.u.,u. Magnitude in p.u.,u. Magnitude in p.u.,u. Magnitude in p.u.,u. Magnitude in p.u.,u. Magnitude in p.u.,u. Magnitude in p.u.,u. Magnitude in p.u.,u. Magnitude in p.u.,u. Magnitude in p.u.,u. Magnitude in p.u.,u. Magnitude in p.u.
0.000000,1.050008,1.035609,1.024600,1.017430,1.035392,1.040149,1.030422,1.028979,1.048822,1.048743,1.043929,1.017750,1.040758,1.027693,1.015285,1.026951,1.029003,1.026087,1.050040,0.992697,1.024943,1.041775,1.032316,1.031404,1.050033,1.050084,1.035711,1.049537,1.047264,1.009808,1.032867,1.041508,1.003860,1.015391,1.050000,1.050000,1.029090,1.019753,1.043363
0.008330,1.050008,1.035609,1.024600,1.017430,1.035392,1.040149,1.030422,1.028979,1.048822,1.048743,1.043929,1.017750,1.040758,1.027693,1.015285,1.026951,1.029003,1.026087,1.050040,0.992697,1.024943,1.041775,1.032316,1.031404,1.050033,1.050084,1.035711,1.049537,1.047264,1.009808,1.032867,1.041508,1.003860,1.015391,1.050000,1.050000,1.029090,1.019753,1.043363
0.016660,1.050008,1.035609,1.024600,1.017430,1.035392,1.040149,1.030422,1.028979,1.048822,1.048743,1.043929,1.017750,1.040758,1.027693,1.015285,1.026951,1.029003,1.026087,1.050040,0.992697,1.024943,1.041775,1.032316,1.031404,1.050033,1.050084,1.035711,1.049537,1.047264,1.009808,1.032867,1.041508,1.003860,1.015391,1.050000,1.050000,1.029090,1.019753,1.043363
0.024990,1.050008,1.035609,1.024600,1.017430,1.035392,1.040149,1.030422,1.028979,1.048822,1.048743,1.043929,1.017750,1.040758,1.027693,1.015285,1.026951,1.029003,1.026087,1.050040,0.992697,1.024943,1.041775,1.032316,1.031404,1.050033,1.050084,1.035711,1.049537,1.047264,1.009808,1.032867,1.041508,1.003860,1.015391,1.050000,1.050000,1.029090,1.019753,1.043363
0.033320,1.050008,1.035609,1.024600,1.017430,1.035392,1.040149,1.030422,1.028979,1.048822,1.048743,1.043929,1.017750,1.040758,1.027693,1.015285,1.026951,1.029003,1.026087,1.050040,0.992697,1.024943,1.041775,1.032316,1.031404,1.050033,1.050084,1.035711,1.049537,1.047264,1.009808,1.032867,1.041508,1.003860,1.015391,1.050000,1.050000,1.029090,1.019753,1.043363
0.041650,1.050008,1.035609,1.024600,1.017430,1.035392,1.040149,1.030422,1.028979,1.048822,1.048743,1.043929,1.017750,1.040758,1.027693,1.015285,1.026951,1.029003,1.026087,1.050040,0.992697,1.024943,1.041775,1.032316,1.031404,1.050033,1.050084,1.035711,1.049537,1.047264,1.009808,1.032867,1.041508,1.003860,1.015391,1.050000,1.050000,1.029090,1.019753,1.043363
0.049980,1.050008,1.035609,1.024600,1.017430,1.035392,1.040149,1.030422,1.028979,1.048822,1.048743,1.043929,1.017750,1.040758,1.027693,1.015285,1.026951,1.029003,1.026087,1.050040,0.992697,1.024943,1.041775,1.032316,1.031404,1.050033,1.050084,1.035711,1.049537,1.047264,1.009808,1.032867,1.041508,1.003860,1.015391,1.050000,1.050000,1.029090,1.019753,1.043363
0.058310,1.050008,1.035609,1.024600,1.017430,1.035392,1.040149,1.030422,1.028979,1.048822,1.048743,1.043929,1.017750,1.040758,1.027693,1.015285,1.026951,1.029003,1.026087,1.050040,0.992697,1.024943,1.041775,1.032316,1.031404,1.050033,1.050084,1.035711,1.049537,1.047264,1.009808,1.032867,1.041508,1.003860,1.015391,1.050000,1.050000,1.029090,1.019753,1.043363
0.066640,1.050008,1.035609,1.024600,1.017430,1.035392,1.040149,1.030422,1.028979,1.048822,1.048743,1.043929,1.017750,1.040758,1.027693,1.015285,1.026951,1.029003,1.026087,1.050040,0.992697,1.024943,1.041775,1.032316,1.031404,1.050033,1.050084,1.035711,1.049537,1.047264,1.009808,1.032867,1.041508,1.003860,1.015391,1.050000,1.050000,1.029090,1.019753,1.043363
0.074970,1.050008,1.035609,1.024600,1.017430,1.035392,1.040149,1.030422,1.028979,1.048822,1.048743,1.043929,1.017750,1.040758,1.027693,1.015285,1.026951,1.029003,1.026087,1.050040,0.992697,1.024943,1.041775,1.032316,1.031404,1.050033,1.050084,1.035711,1.049537,1.047264,1.009808,1.032867,1.041508,1.003860,1.015391,1.050000,1.050000,1.029090,1.019753,1.043363
0.083300,1.050008,1.035609,1.024600,1.017430,1.035392,1.040149,1.030422,1.028979,1.048822,1.048743,1.043929,1.017750,1.040758,1.027693,1.015285,1.026951,1.029003,1.026087,1.050040,0.992697,1.024943,1.041775,1.032316,1.031404,1.050033,1.050084,1.035711,1.049537,1.047264,1.009808,1.032867,1.041508,1.003860,1.015391,1.050000,1.050000,1.029090,1.019753,1.043363
0.091630,1.050008,1.035609,1.024600,1.017430,1.035392,1.040149,1.030422,1.028979,1.048822,1.048743,1.043929,1.017750,1.040758,1.027693,1.015285,1.026951,1.029003,1.026087,1.050040,0.992697,1.024943,1.041775,1.032316,1.031404,1.050033,1.050084,1.035711,1.049537,1.047264,1.009808,1.032867,1.041508,1.003860,1.015391,1.050000,1.050000,1.029090,1.019753,1.043363
0.099960,1.050008,1.035609,1.024600,1.017430,1.035392,1.040149,1.030422,1.028979,1.048822,1.048743,1.043929,1.017750,1.040758,1.027693,1.015285,1.026951,1.029003,1.026087,1.050040,0.992697,1.024943,1.041775,1.032316,1.031404,1.050033,1.050084,1.035711,1.049537,1.047264,1.009808,1.032867,1.041508,1.003860,1.015391,1.050000,1.050000,1.029090,1.019753,1.043363
0.108290,1.050008,1.035609,1.024600,1.017430,1.035392,1.040149,1.030422,1.028979,1.048822,1.048743,1.043929,1.017750,1.040758,1.027693,1.015285,1.026951,1.029003,1.026087,1.050040,0.992697,1.024943,1.041775,1.032316,1.031404,1.050033,1.050084,1.035711,1.049537,1.047264,1.009808,1.032867,1.041508,1.003860,1.015391,1.050000,1.050000,1.029090,1.019753,1.043363
0.116620,1.050008,1.035609,1.024600,1.017430,1.035392,1.040149,1.030422,1.028979,1.048822,1.048743,1.043929,1.017750,1.040758,1.027693,1.015285,1.026951,1.029003,1.026087,1.050040,0.992697,1.024943,1.041775,1.032316,1.031404,1.050033,1.050084,1.035711,1.049537,1.047264,1.009808,1.032867,1.041508,1.003860,1.015391,1.050000,1.050000,1.029090,1.019753,1.043363
0.124950,1.050008,1.035609,1.024600,1.017430,1.035392,1.040149,1.030422,1.028979,1.048822,1.048743,1.043929,1.017750,1.040758,1.027693,1.015285,1.026951,1.029003,1.026087,1.050040,0.992697,1.024943,1.041775,1.032316,1.031404,1.050033,1.050084,1.035711,1.049537,1.047264,1.009808,1.032867,1.041508,1.003860,1.015391,1.050000,1.050000,1.029090,1.019753,1.043363
0.133280,1.050008,1.035609,1.024600,1.017430,1.035392,1.040149,1.030422,1.028979,1.048822,1.048743,1.043929,1.017750,1.040758,1.027693,1.015285,1.026951,1.029003,1.026087,1.050040,0.992697,1.024943,1.041775,1.032316,1.031404,1.050033,1.050084,1.035711,1.049537,1.047264,1.009808,1.032867,1.041508,1.003860,1.015391,1.050000,1.050000,1.029090,1.019753,1.043363
0.141610,1.050008,1.035609,1.024600,1.017430,1.035392,1.040149,1.030422,1.028979,1.048822,1.048743,1.043929,1.017750,1.040758,1.027693,1.015285,1.026951,1.029003,1.026087,1.050040,0.992697,1.024943,1.041775,1.032316,1.031404,1.050033,1.050084,1.035711,1.049537,1.047264,1.009808,1.032867,1.041508,1.003860,1.015391,1.050000,1.050000,1.029090,1.019753,1.043363
0.149940,1.050008,1.035609,1.024600,1.017430,1.035392,1.040149,1.030422,1.028979,1.048822,1.048743,1.043929,1.017750,1.040758,1.027693,1.015285,1.026951,1.029003,1.026087,1.050040,0.992697,1.024943,1.041775,1.032316,1.031404,1.050033,1.050084,1.035711,1.049537,1.047264,1.009808,1.032867,1.041508,1.003860,1.015391,1.050000,1.050000,1.029090,1.019753,1.043363
0.158270,1.050008,1.035609,1.024600,1.017430,1.035392,1.040149,1.030422,1.028979,1.048822,1.048743,1.043929,1.017750,1.040758,1.027693,1.015285,1.026951,1.029003,1.026087,1.050040,0.992697,1.024943,1.041775,1.032316,1.031404,1.050033,1.050084,1.035711,1.049537,1.047264,1.009808,1.032867,1.041508,1.003860,1.015391,1.050000,1.050000,1.029090,1.019753,1.043363
0.166600,1.050008,1.035609,1.024600,1.017430,1.035392,1.040149,1.030422,1.028979,1.048822,1.048743,1.043929,1.017750,1.040758,1.027693,1.015285,1.026951,1.029003,1.026087,1.050040,0.992697,1.024943,1.041775,1.032316,1.031404,1.050033,1.050084,1.035711,1.049537,1.047264,1.009808,1.032867,1.041508,1.003860,1.015391,1.050000,1.050000,1.029090,1.019753,1.043363
0.174930,1.050008,1.035609,1.024600,1.017430,1.035392,1.040149,1.030422,1.028979,1.048822,1.048743,1.043929,1.017750,1.040758,1.027693,1.015285,1.026951,1.029003,1.026087,1.050040,0.992697,1.024943,1.041775,1.032316,1.031404,1.050033,1.050084,1.035711,1.049537,1.047264,1.009808,1.032867,1.041508,1.003860,1.015391,1.050000,1.050000,1.029090,1.019753,1.043363
0.183260,1.050008,1.035609,1.024600,1.017430,1.035392,1.040149,1.030422,1.028979,1.048822,1.048743,1.043929,1.017750,1.040758,1.027693,1.015285,1.026951,1.029003,1.026087,1.050040,0.992697,1.024943,1.041775,1.032316,1.031404,1.050033,1.050084,1.035711,1.049537,1.047264,1.009808,1.032867,1.041508,1.003860,1.015391,1.050000,1.050000,1.029090,1.019753,1.043363
0.191590,1.050008,1.035609,1.024600,1.017430,1.035392,1.040149,1.030422,1.028979,1.048822,1.048743,1.043929,1.017750,1.040758,1.027693,1.015285,1.026951,1.029003,1.026087,1.050040,0.992697,1.024943,1.041775,1.032316,1.031404,1.050033,1.050084,1.035711,1.049537,1.047264,1.009808,1.032867,1.041508,1.003860,1.015391,1.050000,1.050000,1.029090,1.019753,1.043363
0.199920,1.049391,1.032906,1.022561,1.017104,1.035270,1.040081,1.030253,1.028761,1.048321,1.048970,1.044071,1.017966,1.040985,1.027827,1.013819,1.023300,1.026015,1.023652,1.042895,0.986263,1.019590,1.030518,1.022164,1.028286,1.046347,1.045448,1.031706,1.044228,1.041563,1.007698,1.032525,1.041506,0.997761,1.009420,1.032333,1.022164,1.025093,1.013905,1.043183
0.208250,1.049357,1.032530,1.022583,1.017727,1.035822,1.040633,1.030763,1.029254,1.048393,1.049577,1.044661,1.018587,1.041628,1.028548,1.014669,1.023910,1.026318,1.023865,1.042932,0.985912,1.020126,1.030962,1.022694,1.029273,1.045777,1.044859,1.031502,1.043197,1.040343,1.007193,1.032955,1.041860,0.998089,1.008576,1.032557,1.022694,1.024339,1.012444,1.043181
0.216580,1.049106,1.031723,1.021947,1.017658,1.035799,1.040621,1.030736,1.029219,1.048194,1.049585,1.044663,1.018593,1.041626,1.028510,1.014437,1.023410,1.025702,1.023255,1.042021,0.984878,1.019597,1.030383,1.022139,1.028944,1.044788,1.043678,1.030560,1.041684,1.038696,1.006449,1.032995,1.041840,0.997450,1.007265,1.031952,1.022139,1.023316,1.010668,1.043105
0.224910,1.048714,1.030662,1.020897,1.017097,1.035357,1.040199,1.030315,1.028797,1.047804,1.049163,1.044241,1.018157,1.041165,1.027944,1.013516,1.022242,1.024527,1.022141,1.040552,0.983389,1.018463,1.029255,1.020984,1.027810,1.043562,1.042160,1.029184,1.039902,1.036826,1.005569,1.032753,1.041543,0.996261,1.005621,1.030933,1.020984,1.022151,1.008749,1.042977
0.233240,1.048259,1.029516,1.019666,1.016240,1.034659,1.039525,1.029649,1.028134,1.047306,1.048481,1.043561,1.017455,1.040431,1.027076,1.012261,1.020791,1.023120,1.020811,1.038856,0.981686,1.017117,1.027975,1.019643,1.026316,1.042274,1.040548,1.027654,1.038066,1.034939,1.004654,1.032334,1.041074,0.994834,1.003821,1.029845,1.019643,1.020970,1.006863,1.042820
0.241570,1.047809,1.028432,1.018455,1.015274,1.033858,1.038750,1.028883,1.027370,1.046780,1.047697,1.042779,1.016650,1.039596,1.026110,1.010964,1.019369,1.021747,1.019506,1.037199,0.979988,1.015868,1.026850,1.018438,1.024823,1.041071,1.039040,1.026201,1.036361,1.033210,1.003794,1.031837,1.040533,0.993400,1.002046,1.028950,1.018438,1.019884,1.005158,1.042659
0.249900,1.047420,1.027516,1.017413,1.014353,1.033084,1.038000,1.028139,1.026626,1.046294,1.046944,1.042026,1.015879,1.038801,1.025209,1.009844,1.018196,1.020599,1.018404,1.035773,0.978469,1.014928,1.026084,1.017581,1.023585,1.040059,1.037781,1.024989,1.034920,1.031763,1.003056,1.031344,1.040007,0.992124,1.000447,1.028414,1.017581,1.018972,1.003737,1.042511
0.258230,1.047126,1.026833,1.016636,1.013590,1.032434,1.037368,1.027508,1.025994,1.045895,1.046318,1.041397,1.015240,1.038149,1.024489,1.009036,1.017399,1.019790,1.017611,1.034694,0.977245,1.014410,1.025777,1.017182,1.022749,1.039298,1.036848,1.024111,1.033815,1.030660,1.002477,1.030915,1.039558,0.991111,0.999129,1.028317,1.017182,1.018276,1.002646,1.042392
0.266560,1.046942,1.026403,1.016161,1.013053,1.031965,1.036911,1.027047,1.025529,1.045607,1.045876,1.040951,1.014790,1.037697,1.024013,1.008599,1.017021,1.019358,1.017165,1.034007,0.976373,1.014342,1.025944,1.017261,1.022365,1.038803,1.036260,1.023594,1.033062,1.029908,1.002072,1.030590,1.039225,0.990406,0.998143,1.028662,1.017261,1.017806,1.001887,1.042308
0.274890,1.046868,1.026211,1.015980,1.012765,1.031699,1.036652,1.026777,1.025253,1.045437,1.045639,1.040707,1.014551,1.037466,1.023800,1.008529,1.017041,1.019283,1.017052,1.033697,0.975851,1.014687,1.026538,1.017772,1.022410,1.038554,1.035988,1.023413,1.032630,1.029471,1.001830,1.030383,1.039023,0.990006,0.997491,1.029400,1.017772,1.017541,1.001416,1.042261
0.283220,1.046890,1.026219,1.016053,1.012714,1.031629,1.036582,1.026692,1.025160,1.045374,1.045597,1.040658,1.014514,1.037445,1.023831,1.008778,1.017393,1.019509,1.017221,1.033709,0.975641,1.015369,1.027472,1.018630,1.022814,1.038505,1.035973,1.023506,1.032455,1.029282,1.001727,1.030292,1.038947,0.989872,0.997135,1.030449,1.018630,1.017444,1.001169,1.042248
0.291550,1.046987,1.026374,1.016318,1.012865,1.031725,1.036674,1.026766,1.025225,1.045396,1.045721,1.040773,1.014647,1.037600,1.024063,1.009272,1.017990,1.019958,1.017601,1.033964,0.975674,1.016291,1.028644,1.019732,1.023484,1.038599,1.036137,1.023798,1.032458,1.029259,1.001729,1.030301,1.038978,0.989945,0.997013,1.031714,1.019732,1.017465,1.001067,1.042262
0.299880,1.047135,1.026618,1.016705,1.013165,1.031947,1.036888,1.026959,1.025408,1.045477,1.045969,1.041012,1.014906,1.037886,1.024443,1.009931,1.018740,1.020543,1.018113,1.034376,0.975876,1.017357,1.029954,1.020976,1.024320,1.038776,1.036401,1.024205,1.032556,1.029320,1.001798,1.030388,1.039091,0.990160,0.997050,1.033104,1.020976,1.017553,1.001031,1.042296
0.308210,1.047308,1.026897,1.017149,1.013558,1.032247,1.037179,1.027226,1.025665,1.045586,1.046295,1.041328,1.015246,1.038252,1.024911,1.010673,1.019558,1.021188,1.018684,1.034866,0.976168,1.018480,1.031313,1.022272,1.025231,1.038978,1.036693,1.024653,1.032674,1.029390,1.001898,1.030523,1.039256,0.990452,0.997175,1.034540,1.022272,1.017661,1.000991,1.042340
0.316540,1.047484,1.027165,1.017590,1.013988,1.032579,1.037501,1.027524,1.025952,1.045697,1.046652,1.041676,1.015618,1.038651,1.025410,1.011429,1.020372,1.021825,1.019249,1.035364,0.976484,1.019587,1.032649,1.023547,1.026139,1.039160,1.036953,1.025078,1.032751,1.029410,1.001996,1.030680,1.039442,0.990765,0.997321,1.035959,1.023547,1.017749,1.000893,1.042386
0.324870,1.047647,1.027387,1.017984,1.014409,1.032904,1.037816,1.027814,1.026231,1.045787,1.047003,1.042017,1.015983,1.039041,1.025895,1.012144,1.021129,1.022405,1.019762,1.035819,0.976771,1.020629,1.033916,1.024752,1.026987,1.039287,1.037139,1.025435,1.032742,1.029337,1.002071,1.030835,1.039624,0.991056,0.997435,1.037319,1.024752,1.017790,1.000699,1.042428
0.333200,1.047784,1.027542,1.018301,1.014784,1.033190,1.038093,1.028066,1.026472,1.045841,1.047317,1.042321,1.016310,1.039390,1.026329,1.012780,1.021795,1.022897,1.020190,1.036199,0.976993,1.021575,1.035085,1.025858,1.027740,1.039338,1.037226,1.025696,1.032623,1.029149,1.002105,1.030967,1.039781,0.991298,0.997483,1.038597,1.025858,1.017767,1.000389,1.042460
0.341530,1.047887,1.027620,1.018526,1.015088,1.033415,1.038313,1.028260,1.026653,1.045847,1.047573,1.042567,1.016577,1.039676,1.026691,1.013319,1.022356,1.023285,1.020519,1.036487,0.977128,1.022414,1.036147,1.026854,1.028380,1.039306,1.037204,1.025850,1.032385,1.028840,1.002092,1.031064,1.039900,0.991475,0.997442,1.039786,1.026854,1.017672,0.999961,1.042480
0.349860,1.047956,1.027623,1.018657,1.015311,1.033570,1.038464,1.028384,1.026766,1.045803,1.047761,1.042744,1.016775,1.039891,1.026970,1.013758,1.022812,1.023571,1.020751,1.036682,0.977172,1.023150,1.037110,1.027747,1.028910,1.039194,1.037079,1.025901,1.032036,1.028419,1.002031,1.031118,1.039973,0.991582,0.997309,1.040892,1.027747,1.017511,0.999424,1.042486
0.358190,1.047993,1.027560,1.018705,1.015451,1.033654,1.038545,1.028439,1.026808,1.045710,1.047880,1.042853,1.016903,1.040034,1.027170,1.014104,1.023177,1.023768,1.020895,1.036796,0.977132,1.023798,1.037988,1.028553,1.029343,1.039012,1.036866,1.025863,1.031592,1.027903,1.001928,1.031127,1.040000,0.991627,0.997090,1.041929,1.028553,1.017292,0.998797,1.042478
0.366520,1.048003,1.027446,1.018688,1.015518,1.033673,1.038564,1.028430,1.026786,1.045574,1.047939,1.042900,1.016969,1.040114,1.027299,1.014378,1.023473,1.023897,1.020971,1.036848,0.977024,1.024380,1.038804,1.029294,1.029702,1.038778,1.036587,1.025758,1.031077,1.027319,1.001792,1.031096,1.039983,0.991623,0.996801,1.042916,1.029294,1.017030,0.998105,1.042458
0.374850,1.047994,1.027300,1.018626,1.015528,1.033641,1.038533,1.028371,1.026713,1.045406,1.047948,1.042898,1.016985,1.040143,1.027375,1.014601,1.023724,1.023981,1.021002,1.036860,0.976870,1.024920,1.039582,1.029996,1.030014,1.038509,1.036267,1.025610,1.030518,1.026692,1.001634,1.031031,1.039932,0.991586,0.996462,1.043871,1.029996,1.016742,0.997373,1.042429
0.383180,1.047973,1.027139,1.018541,1.015501,1.033574,1.038468,1.028276,1.026604,1.045214,1.047924,1.042861,1.016967,1.040138,1.027417,1.014797,1.023955,1.024043,1.021012,1.036856,0.976691,1.025442,1.040343,1.030680,1.030305,1.038224,1.035928,1.025442,1.029939,1.026046,1.001467,1.030941,1.039856,0.991533,0.996097,1.044812,1.030680,1.016441,0.996623,1.042393
0.391510,1.047948,1.026977,1.018452,1.015454,1.033487,1.038383,1.028161,1.026475,1.045010,1.047882,1.042806,1.016931,1.040115,1.027443,1.014987,1.024186,1.024105,1.021018,1.036855,0.976510,1.025963,1.041102,1.031364,1.030596,1.037938,1.035590,1.025275,1.029361,1.025403,1.001299,1.030836,1.039765,0.991481,0.995726,1.045748,1.031364,1.016140,0.995876,1.042353
0.399840,1.047924,1.026827,1.018374,1.015404,1.033394,1.038292,1.028039,1.026338,1.044801,1.047834,1.042746,1.016889,1.040089,1.027468,1.015188,1.024431,1.024178,1.021037,1.036873,0.976344,1.026494,1.041870,1.032057,1.030901,1.037662,1.035265,1.025121,1.028797,1.024776,1.001137,1.030722,1.039667,0.991441,0.995367,1.046688,1.032057,1.015849,0.995144,1.042311
0.408170,1.047904,1.026695,1.018315,1.015364,1.033306,1.038204,1.027921,1.026204,1.044593,1.047790,1.042690,1.016853,1.040068,1.027503,1.015407,1.024698,1.024273,1.021075,1.036919,0.976204,1.027043,1.042649,1.032764,1.031230,1.037402,1.034962,1.024988,1.028257,1.024172,1.000987,1.030607,1.039570,0.991423,0.995033,1.047632,1.032764,1.015573,0.994434,1.042270
0.416500,1.047889,1.026581,1.018279,1.015340,1.033228,1.038127,1.027811,1.026079,1.044388,1.047756,1.042643,1.016826,1.040059,1.027553,1.015650,1.024990,1.024391,1.021137,1.036997,0.976096,1.027606,1.043437,1.033483,1.031583,1.037160,1.034683,1.024879,1.027743,1.023594,1.000849,1.030493,1.039476,0.991428,0.994731,1.048576,1.033483,1.015312,0.993747,1.042228
0.424830,1.047879,1.026485,1.018263,1.015334,1.033163,1.038061,1.027713,1.025965,1.044187,1.047733,1.042608,1.016812,1.040062,1.027620,1.015913,1.025301,1.024529,1.021218,1.037105,0.976023,1.028180,1.044226,1.034208,1.031957,1.036933,1.034423,1.024790,1.027251,1.023038,1.000722,1.030382,1.039387,0.991458,0.994462,1.049511,1.034208,1.015064,0.993081,1.042188
0.433160,1.047870,1.026400,1.018263,1.015344,1.033107,1.038004,1.027623,1.025860,1.043987,1.047719,1.042582,1.016807,1.040075,1.027700,1.016191,1.025626,1.024680,1.021312,1.037239,0.975980,1.028756,1.045007,1.034927,1.032343,1.036715,1.034177,1.024714,1.026776,1.022497,1.000603,1.030273,1.039301,0.991508,0.994225,1.050429,1.034927,1.014826,0.992429,1.042146
0.441490,1.047860,1.026319,1.018269,1.015364,1.033057,1.037951,1.027538,1.025759,1.043785,1.047710,1.042560,1.016807,1.040093,1.027786,1.016474,1.025954,1.024835,1.021412,1.037389,0.975961,1.029322,1.045770,1.035632,1.032731,1.036501,1.033937,1.024643,1.026308,1.021965,1.000488,1.030161,1.039216,0.991573,0.994013,1.051320,1.035632,1.014592,0.991784,1.042104
0.449820,1.047844,1.026237,1.018272,1.015386,1.033005,1.037896,1.027451,1.025656,1.043574,1.047697,1.042536,1.016804,1.040108,1.027871,1.016754,1.026275,1.024984,1.021507,1.037548,0.975959,1.029869,1.046502,1.036310,1.033111,1.036282,1.033693,1.024568,1.025840,1.021431,1.000372,1.030044,1.039127,0.991645,0.993819,1.052173,1.036310,1.014354,0.991138,1.042058
0.458150,1.047819,1.026144,1.018265,1.015401,1.032945,1.037833,1.027354,1.025543,1.043352,1.047676,1.042502,1.016792,1.040115,1.027946,1.017019,1.026579,1.025118,1.021588,1.037706,0.975964,1.030386,1.047196,1.036952,1.033473,1.036053,1.033437,1.024479,1.025364,1.020889,1.000249,1.029917,1.039031,0.991719,0.993636,1.052980,1.036952,1.014109,0.990484,1.042008
0.466480,1.047781,1.026036,1.018239,1.015401,1.032868,1.037753,1.027241,1.025415,1.043113,1.047638,1.042453,1.016764,1.040105,1.028004,1.017262,1.026859,1.025230,1.021648,1.037856,0.975970,1.030866,1.047842,1.037550,1.033808,1.035808,1.033163,1.024371,1.024873,1.020333,1.000118,1.029776,1.038922,0.991789,0.993458,1.053735,1.037550,1.013851,0.989818,1.041951
0.474810,1.047729,1.025908,1.018189,1.015381,1.032771,1.037653,1.027107,1.025264,1.042855,1.047580,1.042383,1.016715,1.040073,1.028038,1.017476,1.027109,1.025314,1.021681,1.037993,0.975970,1.031304,1.048436,1.038099,1.034110,1.035542,1.032868,1.024238,1.024363,1.019759,0.999974,1.029618,1.038797,0.991849,0.993277,1.054435,1.038099,1.013577,0.989136,1.041888
0.483140,1.047660,1.025759,1.018112,1.015334,1.032648,1.037527,1.026947,1.025088,1.042574,1.047496,1.042287,1.016640,1.040015,1.028044,1.017657,1.027325,1.025367,1.021684,1.038112,0.975961,1.031697,1.048976,1.038596,1.034376,1.035255,1.032548,1.024078,1.023834,1.019166,0.999815,1.029439,1.038655,0.991897,0.993091,1.055075,1.038596,1.013286,0.988438,1.041818
0.491470,1.047575,1.025587,1.018006,1.015258,1.032497,1.037373,1.026759,1.024884,1.042271,1.047385,1.042164,1.016537,1.039929,1.028020,1.017805,1.027507,1.025388,1.021657,1.038213,0.975940,1.032044,1.049462,1.039041,1.034605,1.034947,1.032205,1.023890,1.023285,1.018556,0.999643,1.029240,1.038492,0.991931,0.992898,1.055658,1.039041,1.012977,0.987725,1.041740
0.499800,1.047473,1.025394,1.017873,1.015153,1.032317,1.037192,1.026543,1.024651,1.041946,1.047247,1.042013,1.016407,1.039815,1.027965,1.017918,1.027654,1.025378,1.021601,1.038294,0.975906,1.032347,1.049894,1.039435,1.034797,1.034617,1.031840,1.023678,1.022719,1.017930,0.999456,1.029019,1.038309,0.991953,0.992697,1.056183,1.039435,1.012653,0.987001,1.041654
0.508130,1.047355,1.025182,1.017715,1.015019,1.032110,1.036983,1.026299,1.024391,1.041599,1.047081,1.041835,1.016249,1.039672,1.027881,1.018000,1.027770,1.025341,1.021517,1.038359,0.975863,1.032607,1.050275,1.039781,1.034954,1.034270,1.031456,1.023443,1.022140,1.017292,0.999257,1.028776,1.038106,0.991962,0.992491,1.056654,1.039781,1.012316,0.986268,1.041562
0.516460,1.047223,1.024954,1.017535,1.014859,1.031878,1.036749,1.026030,1.024105,1.041234,1.046891,1.041632,1.016065,1.039505,1.027769,1.018052,1.027858,1.025278,1.021409,1.038410,0.975811,1.032829,1.050610,1.040083,1.035081,1.033908,1.031058,1.023189,1.021552,1.016649,0.999047,1.028514,1.037885,0.991961,0.992281,1.057074,1.040083,1.011967,0.985533,1.041462
0.524790,1.047078,1.024714,1.017337,1.014676,1.031623,1.036493,1.025739,1.023796,1.040852,1.046678,1.041406,1.015859,1.039314,1.027634,1.018079,1.027922,1.025196,1.021282,1.038450,0.975754,1.033016,1.050901,1.040344,1.035181,1.033535,1.030650,1.022921,1.020960,1.016003,0.998828,1.028235,1.037647,0.991952,0.992072,1.057447,1.040344,1.011611,0.984799,1.041357
0.533120,1.046922,1.024464,1.017126,1.014474,1.031348,1.036217,1.025428,1.023468,1.040457,1.046445,1.041161,1.015634,1.039103,1.027478,1.018085,1.027965,1.025097,1.021140,1.038483,0.975695,1.033172,1.051154,1.040568,1.035258,1.033153,1.030236,1.022642,1.020369,1.015360,0.998603,1.027939,1.037395,0.991938,0.991865,1.057775,1.040568,1.011249,0.984071,1.041247
0.541450,1.046757,1.024208,1.016904,1.014255,1.031058,1.035925,1.025100,1.023124,1.040049,1.046196,1.040899,1.015391,1.038876,1.027305,1.018072,1.027991,1.024984,1.020985,1.038511,0.975638,1.033302,1.051371,1.040759,1.035315,1.032767,1.029820,1.022358,1.019782,1.014724,0.998371,1.027629,1.037129,0.991923,0.991665,1.058063,1.040759,1.010884,0.983353,1.041132
0.549780,1.046584,1.023946,1.016674,1.014024,1.030753,1.035619,1.024759,1.022765,1.039633,1.045933,1.040624,1.015135,1.038635,1.027118,1.018045,1.028003,1.024862,1.020821,1.038537,0.975584,1.033407,1.051555,1.040921,1.035355,1.032377,1.029404,1.022069,1.019202,1.014098,0.998137,1.027306,1.036852,0.991907,0.991474,1.058313,1.040921,1.010519,0.982648,1.041014
0.558110,1.046404,1.023682,1.016439,1.013782,1.030437,1.035301,1.024407,1.022396,1.039208,1.045658,1.040336,1.014867,1.038381,1.026919,1.018005,1.028003,1.024731,1.020649,1.038563,0.975536,1.033490,1.051710,1.041054,1.035381,1.031987,1.028991,1.021779,1.018633,1.013483,0.997899,1.026973,1.036565,0.991892,0.991294,1.058527,1.041054,1.010154,0.981957,1.040893
0.566440,1.046217,1.023416,1.016199,1.013531,1.030112,1.034974,1.024045,1.022017,1.038777,1.045373,1.040038,1.014588,1.038117,1.026709,1.017953,1.027992,1.024595,1.020472,1.038590,0.975496,1.033553,1.051836,1.041162,1.035394,1.031597,1.028582,1.021489,1.018074,1.012882,0.997659,1.026630,1.036269,0.991880,0.991125,1.058706,1.041162,1.009790,0.981283,1.040770
0.574770,1.046025,1.023149,1.015956,1.013272,1.029778,1.034638,1.023674,1.021629,1.038340,1.045078,1.039731,1.014299,1.037844,1.026490,1.017891,1.027972,1.024452,1.020290,1.038619,0.975463,1.033597,1.051935,1.041245,1.035395,1.031207,1.028178,1.021199,1.017528,1.012296,0.997417,1.026278,1.035966,0.991871,0.990970,1.058854,1.041245,1.009429,0.980626,1.040644
0.583100,1.045827,1.022881,1.015710,1.013007,1.029436,1.034293,1.023295,1.021233,1.037898,1.044774,1.039415,1.014002,1.037562,1.026262,1.017819,1.027942,1.024304,1.020104,1.038649,0.975438,1.033622,1.052007,1.041303,1.035384,1.030819,1.027780,1.020911,1.016994,1.011724,0.997175,1.025918,1.035654,0.991866,0.990828,1.058969,1.041303,1.009070,0.979986,1.040516
0.591430,1.045625,1.022613,1.015461,1.012734,1.029086,1.033941,1.022908,1.020830,1.037452,1.044462,1.039091,1.013697,1.037271,1.026026,1.017737,1.027904,1.024152,1.019914,1.038682,0.975421,1.033629,1.052054,1.041339,1.035362,1.030433,1.027387,1.020625,1.016474,1.011167,0.996933,1.025549,1.035336,0.991865,0.990700,1.059055,1.041339,1.008715,0.979364,1.040387
0.599760,1.045418,1.022344,1.015209,1.012455,1.028728,1.033580,1.022514,1.020420,1.037001,1.044141,1.038759,1.013383,1.036972,1.025781,1.017646,1.027856,1.023995,1.019719,1.038716,0.975413,1.033619,1.052076,1.041351,1.035329,1.030049,1.027001,1.020341,1.015966,1.010625,0.996692,1.025173,1.035010,0.991868,0.990587,1.059111,1.041351,1.008362,0.978759,1.040256
0.608090,1.045207,1.022075,1.014954,1.012169,1.028364,1.033213,1.022113,1.020003,1.036546,1.043812,1.038419,1.013061,1.036665,1.025527,1.017544,1.027799,1.023833,1.019521,1.038752,0.975414,1.033591,1.052074,1.041341,1.035285,1.029668,1.026621,1.020058,1.015471,1.010098,0.996453,1.024789,1.034677,0.991876,0.990491,1.059139,1.041341,1.008012,0.978172,1.040125
0.616420,1.044993,1.021807,1.014696,1.011876,1.027992,1.032837,1.021705,1.019579,1.036088,1.043475,1.038071,1.012731,1.036350,1.025266,1.017434,1.027734,1.023666,1.019318,1.038790,0.975424,1.033546,1.052049,1.041310,1.035230,1.029290,1.026247,1.019777,1.014989,1.009586,0.996216,1.024397,1.034337,0.991888,0.990412,1.059139,1.041310,1.007667,0.977603,1.039992
0.624750,1.044777,1.021540,1.014436,1.011577,1.027613,1.032455,1.021291,1.019148,1.035628,1.043131,1.037715,1.012394,1.036027,1.024996,1.017314,1.027660,1.023496,1.019113,1.038830,0.975443,1.033485,1.052001,1.041258,1.035164,1.028915,1.025880,1.019499,1.014520,1.009090,0.995981,1.023999,1.033991,0.991904,0.990354,1.059113,1.041258,1.007325,0.977051,1.039859
0.633080,1.044558,1.021274,1.014175,1.011271,1.027228,1.032066,1.020870,1.018712,1.035167,1.042779,1.037352,1.012049,1.035696,1.024719,1.017185,1.027578,1.023322,1.018904,1.038873,0.975473,1.033409,1.051932,1.041187,1.035089,1.028545,1.025520,1.019224,1.014066,1.008609,0.995750,1.023594,1.033638,0.991926,0.990316,1.059063,1.041187,1.006988,0.976518,1.039727
0.641410,1.044339,1.021011,1.013912,1.010959,1.026837,1.031672,1.020445,1.018272,1.034705,1.042420,1.036983,1.011698,1.035359,1.024435,1.017048,1.027490,1.023145,1.018694,1.038919,0.975515,1.033319,1.051843,1.041097,1.035005,1.028180,1.025169,1.018953,1.013626,1.008145,0.995523,1.023184,1.033279,0.991954,0.990301,1.058989,1.041097,1.006657,0.976004,1.039595
0.649740,1.044119,1.020752,1.013650,1.010643,1.026442,1.031273,1.020015,1.017827,1.034245,1.042056,1.036609,1.011341,1.035016,1.024145,1.016904,1.027395,1.022967,1.018483,1.038969,0.975567,1.033216,1.051735,1.040990,1.034912,1.027821,1.024827,1.018687,1.013201,1.007699,0.995301,1.022768,1.032915,0.991987,0.990309,1.058894,1.040990,1.006332,0.975510,1.039464
0.658070,1.043901,1.020496,1.013388,1.010323,1.026043,1.030870,1.019583,1.017380,1.033787,1.041688,1.036230,1.010979,1.034669,1.023850,1.016754,1.027295,1.022788,1.018272,1.039023,0.975633,1.033100,1.051610,1.040867,1.034812,1.027470,1.024494,1.018426,1.012793,1.007270,0.995086,1.022348,1.032547,0.992027,0.990342,1.058778,1.040867,1.006014,0.975035,1.039335
0.666400,1.043684,1.020247,1.013129,1.010000,1.025642,1.030464,1.019149,1.016932,1.033334,1.041315,1.035848,1.010614,1.034318,1.023551,1.016598,1.027190,1.022609,1.018062,1.039082,0.975710,1.032974,1.051468,1.040729,1.034706,1.027127,1.024173,1.018172,1.012401,1.006859,0.994876,1.021925,1.032174,0.992074,0.990399,1.058644,1.040729,1.005703,0.974582,1.039208
0.674730,1.043471,1.020003,1.012873,1.009676,1.025240,1.030058,1.018715,1.016485,1.032886,1.040940,1.035464,1.010247,1.033964,1.023249,1.016438,1.027081,1.022431,1.017853,1.039147,0.975801,1.032838,1.051312,1.040578,1.034594,1.026793,1.023863,1.017925,1.012026,1.006468,0.994675,1.021499,1.031799,0.992129,0.990482,1.058492,1.040578,1.005402,0.974149,1.039085
0.683060,1.043263,1.019767,1.012621,1.009352,1.024839,1.029652,1.018282,1.016039,1.032445,1.040565,1.035079,1.009878,1.033609,1.022946,1.016275,1.026970,1.022254,1.017648,1.039216,0.975904,1.032693,1.051143,1.040414,1.034478,1.026469,1.023566,1.017686,1.011669,1.006096,0.994481,1.021071,1.031422,0.992190,0.990588,1.058324,1.040414,1.005110,0.973737,1.038964
0.691390,1.043059,1.019539,1.012374,1.009029,1.024439,1.029247,1.017852,1.015597,1.032013,1.040189,1.034695,1.009510,1.033254,1.022642,1.016109,1.026857,1.022081,1.017446,1.039291,0.976020,1.032540,1.050961,1.040240,1.034358,1.026156,1.023281,1.017456,1.011330,1.005744,0.994296,1.020643,1.031045,0.992259,0.990719,1.058141,1.040240,1.004827,0.973347,1.038848
0.699720,1.042861,1.019319,1.012133,1.008708,1.024043,1.028844,1.017426,1.015160,1.031590,1.039814,1.034312,1.009143,1.032900,1.022339,1.015941,1.026742,1.021910,1.017248,1.039372,0.976149,1.032380,1.050767,1.040055,1.034235,1.025855,1.023009,1.017235,1.011009,1.005411,0.994119,1.020215,1.030668,0.992335,0.990873,1.057944,1.040055,1.004555,0.972978,1.038736
0.708050,1.042670,1.019109,1.011899,1.008390,1.023650,1.028446,1.017006,1.014728,1.031179,1.039442,1.033933,1.008779,1.032549,1.022038,1.015773,1.026626,1.021743,1.017055,1.039458,0.976290,1.032214,1.050563,1.039860,1.034109,1.025565,1.022751,1.017024,1.010706,1.005097,0.993952,1.019789,1.030294,0.992419,0.991050,1.057734,1.039860,1.004293,0.972630,1.038630
0.716380,1.042487,1.018907,1.011671,1.008076,1.023264,1.028054,1.016592,1.014304,1.030781,1.039074,1.033557,1.008419,1.032201,1.021739,1.015603,1.026509,1.021580,1.016867,1.039550,0.976442,1.032041,1.050349,1.039657,1.033981,1.025288,1.022506,1.016822,1.010421,1.004803,0.993794,1.019366,1.029923,0.992510,0.991248,1.057512,1.039657,1.004043,0.972302,1.038529
0.724710,1.042312,1.018716,1.011450,1.007767,1.022884,1.027667,1.016187,1.013889,1.030396,1.038711,1.033188,1.008064,1.031857,1.021444,1.015434,1.026392,1.021421,1.016685,1.039646,0.976605,1.031864,1.050126,1.039447,1.033851,1.025024,1.022275,1.016629,1.010155,1.004529,0.993646,1.018948,1.029556,0.992608,0.991467,1.057279,1.039447,1.003803,0.971997,1.038434
0.733040,1.042146,1.018534,1.011238,1.007464,1.022511,1.027289,1.015790,1.013484,1.030026,1.038354,1.032824,1.007714,1.031520,1.021154,1.015266,1.026275,1.021266,1.016508,1.039747,0.976779,1.031682,1.049895,1.039229,1.033721,1.024773,1.022058,1.016447,1.009907,1.004275,0.993507,1.018536,1.029195,0.992713,0.991705,1.057037,1.039229,1.003574,0.971713,1.038345
0.741370,1.041990,1.018363,1.011033,1.007168,1.022148,1.026919,1.015404,1.013090,1.029672,1.038004,1.032469,1.007372,1.031189,1.020869,1.015098,1.026158,1.021116,1.016338,1.039852,0.976962,1.031496,1.049657,1.039004,1.033589,1.024536,1.021855,1.016275,1.009679,1.004041,0.993378,1.018131,1.028842,0.992824,0.991961,1.056784,1.039004,1.003357,0.971452,1.038263
0.749700,1.041844,1.018202,1.010837,1.006879,1.021795,1.026559,1.015030,1.012708,1.029334,1.037663,1.032122,1.007038,1.030865,1.020589,1.014931,1.026042,1.020971,1.016174,1.039961,0.977153,1.031306,1.049411,1.038773,1.033456,1.024313,1.021667,1.016114,1.009470,1.003829,0.993259,1.017734,1.028496,0.992942,0.992234,1.056523,1.038773,1.003152,0.971215,1.038188
0.758030,1.041709,1.018052,1.010649,1.006599,1.021452,1.026210,1.014667,1.012339,1.029015,1.037330,1.031785,1.006713,1.030550,1.020317,1.014766,1.025925,1.020831,1.016016,1.040073,0.977353,1.031112,1.049159,1.038536,1.033322,1.024104,1.021494,1.015963,1.009281,1.003638,0.993150,1.017348,1.028158,0.993064,0.992523,1.056252,1.038536,1.002958,0.971002,1.038121
0.766360,1.041585,1.017912,1.010470,1.006326,1.021121,1.025872,1.014318,1.011984,1.028715,1.037006,1.031457,1.006397,1.030243,1.020051,1.014603,1.025809,1.020696,1.015864,1.040187,0.977559,1.030915,1.048899,1.038294,1.033187,1.023910,1.021335,1.015822,1.009111,1.003469,0.993051,1.016973,1.027831,0.993192,0.992825,1.055973,1.038294,1.002776,0.970814,1.038062
0.774690,1.041473,1.017783,1.010300,1.006063,1.020803,1.025547,1.013984,1.011645,1.028434,1.036694,1.031141,1.006091,1.029947,1.019793,1.014442,1.025694,1.020567,1.015720,1.040304,0.977771,1.030714,1.048634,1.038046,1.033052,1.023731,1.021191,1.015692,1.008963,1.003322,0.992961,1.016610,1.027514,0.993325,0.993140,1.055685,1.038046,1.002607,0.970652,1.038010
0.783020,1.041373,1.017666,1.010139,1.005810,1.020498,1.025235,1.013664,1.011321,1.028174,1.036392,1.030837,1.005797,1.029660,1.019544,1.014282,1.025579,1.020442,1.015582,1.040423,0.977989,1.030511,1.048363,1.037794,1.032917,1.023567,1.021063,1.015572,1.008834,1.003197,0.992881,1.016260,1.027208,0.993462,0.993468,1.055389,1.037794,1.002449,0.970515,1.037967
0.791350,1.041286,1.017559,1.009987,1.005567,1.020206,1.024937,1.013360,1.011014,1.027935,1.036103,1.030546,1.005514,1.029385,1.019303,1.014126,1.025465,1.020323,1.015451,1.040543,0.978212,1.030306,1.048088,1.037538,1.032782,1.023418,1.020949,1.015463,1.008726,1.003095,0.992811,1.015925,1.026914,0.993603,0.993806,1.055086,1.037538,1.002304,0.970404,1.037933
0.799680,1.041212,1.017463,1.009845,1.005335,1.019930,1.024654,1.013073,1.010725,1.027718,1.035826,1.030267,1.005244,1.029121,1.019072,1.013972,1.025352,1.020209,1.015327,1.040665,0.978439,1.030099,1.047808,1.037278,1.032646,1.023285,1.020851,1.015365,1.008639,1.003014,0.992751,1.015605,1.026632,0.993747,0.994154,1.054777,1.037278,1.002170,0.970318,1.037907
0.808010,1.041151,1.017379,1.009713,1.005114,1.019669,1.024387,1.012803,1.010454,1.027524,1.035562,1.030003,1.004986,1.028870,1.018850,1.013822,1.025241,1.020101,1.015211,1.040787,0.978669,1.029891,1.047526,1.037017,1.032512,1.023167,1.020767,1.015278,1.008571,1.002955,0.992700,1.015301,1.026363,0.993896,0.994511,1.054462,1.037017,1.002048,0.970257,1.037891
0.816340,1.041103,1.017305,1.009590,1.004905,1.019424,1.024135,1.012551,1.010201,1.027353,1.035312,1.029753,1.004743,1.028632,1.018640,1.013676,1.025132,1.019999,1.015102,1.040910,0.978903,1.029683,1.047241,1.036754,1.032379,1.023064,1.020698,1.015201,1.008522,1.002916,0.992659,1.015013,1.026108,0.994047,0.994876,1.054144,1.036754,1.001939,0.970220,1.037883
0.824670,1.041070,1.017243,1.009478,1.004709,1.019195,1.023901,1.012318,1.009969,1.027207,1.035077,1.029519,1.004514,1.028407,1.018440,1.013534,1.025025,1.019903,1.015001,1.041034,0.979139,1.029476,1.046957,1.036491,1.032248,1.022977,1.020644,1.015134,1.008492,1.002898,0.992627,1.014742,1.025868,0.994201,0.995248,1.053823,1.036491,1.001840,0.970206,1.037885
0.833000,1.041049,1.017192,1.009377,1.004525,1.018984,1.023683,1.012104,1.009757,1.027084,1.034857,1.029300,1.004299,1.028196,1.018252,1.013396,1.024920,1.019814,1.014908,1.041159,0.979377,1.029271,1.046673,1.036230,1.032119,1.022905,1.020603,1.015078,1.008479,1.002898,0.992604,1.014489,1.025641,0.994358,0.995626,1.053500,1.036230,1.001754,0.970214,1.037896
0.841330,1.041043,1.017151,1.009285,1.004355,1.018790,1.023484,1.011910,1.009565,1.026986,1.034652,1.029097,1.004100,1.028000,1.018075,1.013264,1.024819,1.019731,1.014823,1.041284,0.979618,1.029068,1.046391,1.035970,1.031993,1.022848,1.020576,1.015032,1.008484,1.002917,0.992590,1.014254,1.025430,0.994518,0.996011,1.053178,1.035970,1.001678,0.970243,1.037917
0.849660,1.041051,1.017122,1.009204,1.004198,1.018615,1.023302,1.011736,1.009395,1.026913,1.034464,1.028911,1.003917,1.027819,1.017911,1.013138,1.024722,1.019656,1.014746,1.041410,0.979860,1.028869,1.046112,1.035714,1.031871,1.022806,1.020563,1.014997,1.008506,1.002954,0.992585,1.014037,1.025234,0.994680,0.996401,1.052858,1.035714,1.001613,0.970292,1.037947
0.857990,1.041072,1.017103,1.009134,1.004055,1.018458,1.023140,1.011583,1.009246,1.026865,1.034291,1.028743,1.003749,1.027653,1.017760,1.013018,1.024628,1.019587,1.014678,1.041536,0.980104,1.028674,1.045838,1.035463,1.031753,1.022779,1.020562,1.014971,1.008543,1.003006,0.992588,1.013840,1.025053,0.994844,0.996795,1.052541,1.035463,1.001559,0.970359,1.037986
0.866320,1.041106,1.017094,1.009074,1.003926,1.018320,1.022996,1.011450,1.009118,1.026842,1.034136,1.028591,1.003599,1.027502,1.017622,1.012905,1.024539,1.019526,1.014618,1.041662,0.980349,1.028485,1.045569,1.035218,1.031639,1.022766,1.020574,1.014956,1.008595,1.003074,0.992600,1.013661,1.024888,0.995010,0.997193,1.052229,1.035218,1.001515,0.970444,1.038034
0.874650,1.041154,1.017095,1.009025,1.003812,1.018200,1.022871,1.011339,1.009013,1.026844,1.033997,1.028458,1.003465,1.027368,1.017498,1.012799,1.024456,1.019472,1.014567,1.041790,0.980595,1.028302,1.045308,1.034979,1.031531,1.022767,1.020598,1.014950,1.008661,1.003157,0.992620,1.013502,1.024740,0.995180,0.997595,1.051923,1.034979,1.001481,0.970545,1.038092
0.882980,1.041214,1.017106,1.008986,1.003712,1.018100,1.022766,1.011249,1.008930,1.026872,1.033876,1.028342,1.003347,1.027250,1.017387,1.012700,1.024377,1.019425,1.014524,1.041917,0.980840,1.028127,1.045055,1.034749,1.031428,1.022782,1.020634,1.014953,1.008739,1.003253,0.992648,1.013363,1.024608,0.995349,0.997999,1.051625,1.034749,1.001456,0.970661,1.038158
0.891310,1.041287,1.017127,1.008958,1.003627,1.018019,1.022680,1.011180,1.008869,1.026924,1.033772,1.028244,1.003248,1.027148,1.017290,1.012608,1.024304,1.019386,1.014490,1.042044,0.981086,1.027959,1.044812,1.034528,1.031331,1.022810,1.020681,1.014966,1.008831,1.003362,0.992684,1.013243,1.024492,0.995521,0.998405,1.051336,1.034528,1.001440,0.970791,1.038233
0.899640,1.041373,1.017156,1.008940,1.003557,1.017957,1.022613,1.011132,1.008830,1.027001,1.033685,1.028164,1.003165,1.027063,1.017206,1.012525,1.024237,1.019355,1.014465,1.042171,0.981331,1.027800,1.044579,1.034317,1.031240,1.022851,1.020738,1.014988,1.008933,1.003482,0.992727,1.013142,1.024393,0.995693,0.998812,1.051058,1.034317,1.001432,0.970933,1.038317
0.907970,1.041470,1.017194,1.008932,1.003502,1.017915,1.022566,1.011106,1.008814,1.027102,1.033616,1.028102,1.003100,1.026994,1.017138,1.012450,1.024177,1.019332,1.014448,1.042299,0.981576,1.027650,1.044359,1.034117,1.031157,1.022904,1.020806,1.015019,1.009046,1.003612,0.992776,1.013062,1.024310,0.995867,0.999220,1.050792,1.034117,1.001432,0.971087,1.038409
0.916300,1.041578,1.017241,1.008934,1.003461,1.017891,1.022539,1.011100,1.008820,1.027227,1.033565,1.028059,1.003052,1.026942,1.017083,1.012384,1.024124,1.019316,1.014440,1.042426,0.981821,1.027511,1.044151,1.033930,1.031082,1.022969,1.020884,1.015058,1.009169,1.003753,0.992832,1.013000,1.024245,0.996041,0.999629,1.050539,1.033930,1.001440,0.971251,1.038509
0.924630,1.041696,1.017295,1.008946,1.003436,1.017887,1.022530,1.011116,1.008847,1.027376,1.033531,1.028034,1.003021,1.026907,1.017042,1.012327,1.024077,1.019308,1.014441,1.042553,0.982063,1.027383,1.043957,1.033756,1.031014,1.023045,1.020970,1.015105,1.009300,1.003902,0.992894,1.012959,1.024195,0.996216,1.000037,1.050301,1.033756,1.001454,0.971425,1.038616
0.932960,1.041824,1.017355,1.008967,1.003424,1.017902,1.022541,1.011153,1.008896,1.027548,1.033515,1.028026,1.003007,1.026888,1.017016,1.012278,1.024037,1.019308,1.014450,1.042680,0.982305,1.027266,1.043777,1.033595,1.030954,1.023132,1.021065,1.015160,1.009439,1.004058,0.992960,1.012937,1.024162,0.996390,1.000443,1.050078,1.033595,1.001475,0.971607,1.038731
0.941290,1.041960,1.017422,1.008996,1.003427,1.017935,1.022571,1.011209,1.008965,1.027741,1.033516,1.028036,1.003011,1.026885,1.017003,1.012238,1.024005,1.019315,1.014466,1.042805,0.982543,1.027160,1.043612,1.033448,1.030902,1.023228,1.021167,1.015222,1.009585,1.004221,0.993028,1.012933,1.024145,0.996564,1.000849,1.049871,1.033448,1.001500,0.971795,1.038852
0.949620,1.042105,1.017492,1.009034,1.003444,1.017986,1.022618,1.011286,1.009056,1.027957,1.033534,1.028064,1.003031,1.026898,1.017004,1.012207,1.023979,1.019329,1.014489,1.042929,0.982779,1.027067,1.043463,1.033316,1.030858,1.023332,1.021276,1.015291,1.009737,1.004389,0.993098,1.012949,1.024144,0.996736,1.001251,1.049682,1.033316,1.001529,0.971989,1.038980
0.957950,1.042256,1.017567,1.009079,1.003474,1.018055,1.022684,1.011382,1.009166,1.028192,1.033568,1.028108,1.003067,1.026926,1.017019,1.012184,1.023959,1.019349,1.014520,1.043051,0.983012,1.026985,1.043330,1.033198,1.030822,1.023444,1.021391,1.015365,1.009893,1.004561,0.993169,1.012982,1.024159,0.996905,1.001650,1.049509,1.033198,1.001562,0.972188,1.039113
0.966280,1.042413,1.017644,1.009130,1.003517,1.018140,1.022767,1.011496,1.009295,1.028448,1.033618,1.028169,1.003118,1.026970,1.017046,1.012170,1.023946,1.019376,1.014556,1.043171,0.983240,1.026915,1.043213,1.033095,1.030794,1.023562,1.021510,1.015444,1.010053,1.004736,0.993238,1.013034,1.024189,0.997072,1.002045,1.049355,1.033095,1.001598,0.972390,1.039252
0.974610,1.042574,1.017723,1.009188,1.003573,1.018242,1.022867,1.011629,1.009444,1.028722,1.033684,1.028245,1.003186,1.027029,1.017086,1.012163,1.023940,1.019408,1.014599,1.043288,0.983464,1.026856,1.043112,1.033007,1.030773,1.023685,1.021633,1.015527,1.010215,1.004914,0.993305,1.013103,1.024233,0.997234,1.002434,1.049219,1.033007,1.001634,0.972594,1.039396
0.982940,1.042740,1.017802,1.009251,1.003641,1.018360,1.022982,1.011778,1.009610,1.029015,1.033765,1.028337,1.003267,1.027101,1.017137,1.012165,1.023939,1.019445,1.014646,1.043400,0.983682,1.026810,1.043027,1.032934,1.030760,1.023812,1.021760,1.015614,1.010379,1.005092,0.993370,1.013189,1.024293,0.997392,1.002818,1.049101,1.032934,1.001672,0.972799,1.039544
0.991270,1.042908,1.017881,1.009318,1.003719,1.018493,1.023114,1.011945,1.009793,1.029324,1.033860,1.028444,1.003363,1.027187,1.017200,1.012173,1.023943,1.019486,1.014698,1.043509,0.983894,1.026774,1.042957,1.032876,1.030753,1.023943,1.021888,1.015704,1.010543,1.005269,0.993429,1.013291,1.024366,0.997544,1.003193,1.049001,1.032876,1.001709,0.973003,1.039696
0.999600,1.043078,1.017959,1.009389,1.003809,1.018640,1.023259,1.012127,1.009992,1.029648,1.033969,1.028565,1.003472,1.027286,1.017274,1.012188,1.023952,1.019531,1.014753,1.043611,0.984098,1.026749,1.042903,1.032831,1.030752,1.024075,1.022017,1.015796,1.010705,1.005445,0.993484,1.013409,1.024452,0.997689,1.003559,1.048919,1.032831,1.001744,0.973205,1.039851
1.007930,1.043249,1.018034,1.009463,1.003908,1.018800,1.023419,1.012323,1.010207,1.029987,1.034091,1.028698,1.003594,1.027397,1.017358,1.012209,1.023965,1.019578,1.014811,1.043707,0.984292,1.026734,1.042864,1.032799,1.030757,1.024209,1.022145,1.015888,1.010864,1.005616,0.993533,1.013542,1.024552,0.997826,1.003913,1.048854,1.032799,1.001777,0.973403,1.040008
1.016260,1.043418,1.018106,1.009538,1.004016,1.018973,1.023591,1.012533,1.010435,1.030340,1.034225,1.028844,1.003727,1.027519,1.017450,1.012234,1.023980,1.019627,1.014870,1.043794,0.984474,1.026727,1.042838,1.032780,1.030766,1.024341,1.022271,1.015979,1.011019,1.005781,0.993574,1.013689,1.024663,0.997953,1.004251,1.048806,1.032780,1.001807,0.973594,1.040167
1.024590,1.043587,1.018173,1.009614,1.004132,1.019157,1.023775,1.012756,1.010676,1.030704,1.034370,1.029001,1.003872,1.027651,1.017551,1.012263,1.023997,1.019677,1.014930,1.043872,0.984644,1.026729,1.042824,1.032771,1.030778,1.024472,1.022394,1.016068,1.011166,1.005938,0.993607,1.013849,1.024786,0.998070,1.004571,1.048773,1.032771,1.001831,0.973775,1.040328
1.032920,1.043752,1.018233,1.009690,1.004255,1.019352,1.023969,1.012990,1.010929,1.031078,1.034525,1.029168,1.004025,1.027793,1.017659,1.012296,1.024015,1.019725,1.014989,1.043938,0.984797,1.026736,1.042821,1.032772,1.030793,1.024598,1.022510,1.016154,1.011304,1.006085,0.993631,1.014022,1.024919,0.998174,1.004870,1.048754,1.032772,1.001849,0.973944,1.040490
1.041250,1.043913,1.018287,1.009764,1.004383,1.019555,1.024173,1.013233,1.011192,1.031462,1.034689,1.029344,1.004188,1.027942,1.017772,1.012329,1.024031,1.019771,1.015046,1.043990,0.984933,1.026748,1.042828,1.032781,1.030808,1.024720,1.022620,1.016234,1.011431,1.006218,0.993645,1.014207,1.025062,0.998264,1.005143,1.048747,1.032781,1.001860,0.974099,1.040651
1.049580,1.044069,1.018332,1.009835,1.004516,1.019766,1.024385,1.013486,1.011464,1.031853,1.034860,1.029528,1.004357,1.028099,1.017891,1.012363,1.024046,1.019814,1.015099,1.044028,0.985048,1.026764,1.042842,1.032797,1.030822,1.024835,1.022720,1.016307,1.011543,1.006336,0.993648,1.014402,1.025213,0.998340,1.005389,1.048752,1.032797,1.001862,0.974236,1.040812
1.057910,1.044218,1.018367,1.009901,1.004652,1.019983,1.024603,1.013746,1.011743,1.032250,1.035038,1.029719,1.004533,1.028261,1.018013,1.012396,1.024057,1.019851,1.015148,1.044050,0.985142,1.026782,1.042863,1.032818,1.030835,1.024942,1.022809,1.016372,1.011640,1.006436,0.993639,1.014607,1.025372,0.998398,1.005603,1.048766,1.032818,1.001854,0.974353,1.040972
1.066240,1.044361,1.018392,1.009963,1.004791,1.020206,1.024828,1.014012,1.012029,1.032653,1.035222,1.029915,1.004714,1.028427,1.018137,1.012427,1.024063,1.019882,1.015191,1.044053,0.985211,1.026799,1.042888,1.032842,1.030844,1.025040,1.022886,1.016427,1.011719,1.006515,0.993618,1.014821,1.025538,0.998438,1.005783,1.048788,1.032842,1.001835,0.974447,1.041130
1.074570,1.044495,1.018405,1.010017,1.004931,1.020432,1.025056,1.014282,1.012320,1.033058,1.035409,1.030115,1.004898,1.028597,1.018263,1.012454,1.024062,1.019906,1.015226,1.044037,0.985255,1.026816,1.042916,1.032867,1.030848,1.025127,1.022948,1.016470,1.011778,1.006573,0.993584,1.015042,1.025709,0.998459,1.005928,1.048816,1.032867,1.001805,0.974516,1.041286
1.082900,1.044620,1.018406,1.010065,1.005070,1.020661,1.025288,1.014556,1.012613,1.033466,1.035599,1.030317,1.005085,1.028768,1.018388,1.012477,1.024054,1.019920,1.015253,1.044001,0.985273,1.026829,1.042945,1.032892,1.030846,1.025202,1.022995,1.016501,1.011815,1.006606,0.993537,1.015269,1.025883,0.998460,1.006036,1.048848,1.032892,1.001761,0.974558,1.041439
1.091230,1.044734,1.018393,1.010103,1.005208,1.020891,1.025521,1.014831,1.012909,1.033874,1.035790,1.030521,1.005272,1.028940,1.018512,1.012494,1.024038,1.019924,1.015270,1.043943,0.985263,1.026839,1.042973,1.032916,1.030837,1.025264,1.023025,1.016519,1.011828,1.006614,0.993475,1.015502,1.026060,0.998440,1.006106,1.048882,1.032916,1.001704,0.974571,1.041589
1.099560,1.044838,1.018367,1.010133,1.005344,1.021120,1.025754,1.015106,1.013205,1.034282,1.035980,1.030724,1.005459,1.029110,1.018633,1.012504,1.024012,1.019917,1.015277,1.043864,0.985225,1.026843,1.042999,1.032936,1.030820,1.025312,1.023038,1.016521,1.011818,1.006595,0.993400,1.015738,1.026238,0.998399,1.006138,1.048918,1.032936,1.001632,0.974555,1.041734
1.107890,1.044931,1.018325,1.010152,1.005475,1.021348,1.025985,1.015380,1.013499,1.034687,1.036169,1.030925,1.005643,1.029278,1.018750,1.012506,1.023975,1.019899,1.015273,1.043762,0.985158,1.026840,1.043021,1.032951,1.030793,1.025346,1.023032,1.016508,1.011782,1.006549,0.993309,1.015976,1.026414,0.998335,1.006131,1.048952,1.032951,1.001546,0.974508,1.041875
1.116220,1.045011,1.018269,1.010160,1.005601,1.021572,1.026214,1.015651,1.013790,1.035089,1.036354,1.031124,1.005824,1.029443,1.018862,1.012499,1.023927,1.019868,1.015257,1.043638,0.985063,1.026828,1.043038,1.032961,1.030755,1.025366,1.023007,1.016479,1.011721,1.006475,0.993204,1.016216,1.026588,0.998250,1.006085,1.048984,1.032961,1.001445,0.974430,1.042012
1.124550,1.045079,1.018197,1.010156,1.005721,1.021792,1.026438,1.015918,1.014078,1.035485,1.036534,1.031317,1.006000,1.029601,1.018967,1.012482,1.023866,1.019823,1.015227,1.043491,0.984939,1.026808,1.043048,1.032962,1.030707,1.025369,1.022962,1.016432,1.011633,1.006372,0.993084,1.016453,1.026757,0.998142,1.006000,1.049012,1.032962,1.001328,0.974321,1.042143
1.132880,1.045134,1.018109,1.010140,1.005834,1.022005,1.026656,1.016179,1.014359,1.035876,1.036708,1.031504,1.006170,1.029754,1.019064,1.012454,1.023792,1.019764,1.015185,1.043320,0.984786,1.026777,1.043050,1.032955,1.030646,1.025357,1.022897,1.016369,1.011519,1.006241,0.992949,1.016688,1.026921,0.998012,1.005877,1.049034,1.032955,1.001196,0.974180,1.042268
1.141210,1.045175,1.018005,1.010111,1.005938,1.022211,1.026867,1.016432,1.014633,1.036260,1.036875,1.031684,1.006332,1.029898,1.019153,1.012415,1.023705,1.019690,1.015128,1.043127,0.984605,1.026734,1.043042,1.032937,1.030572,1.025328,1.022811,1.016287,1.011378,1.006081,0.992799,1.016918,1.027078,0.997860,1.005716,1.049048,1.032937,1.001048,0.974007,1.042387
1.149540,1.045203,1.017885,1.010069,1.006033,1.022409,1.027069,1.016677,1.014899,1.036635,1.037032,1.031855,1.006485,1.030033,1.019232,1.012363,1.023603,1.019601,1.015057,1.042911,0.984396,1.026679,1.043023,1.032908,1.030484,1.025283,1.022705,1.016187,1.011210,1.005892,0.992635,1.017142,1.027227,0.997685,1.005518,1.049054,1.032908,1.000884,0.973803,1.042500
1.157870,1.045218,1.017752,1.010016,1.006120,1.022598,1.027264,1.016914,1.015157,1.037002,1.037182,1.032018,1.006631,1.030161,1.019303,1.012303,1.023491,1.019501,1.014974,1.042679,0.984165,1.026616,1.042997,1.032872,1.030387,1.025224,1.022581,1.016073,1.011019,1.005678,0.992458,1.017359,1.027368,0.997497,1.005291,1.049055,1.032872,1.000708,0.973572,1.042608
1.166200,1.045218,1.017600,1.009946,1.006193,1.022774,1.027445,1.017139,1.015402,1.037358,1.037319,1.032168,1.006763,1.030275,1.019360,1.012225,1.023359,1.019381,1.014873,1.042417,0.983900,1.026534,1.042953,1.032817,1.030270,1.025146,1.022433,1.015936,1.010797,1.005432,0.992264,1.017566,1.027498,0.997277,1.005020,1.049038,1.032817,1.000514,0.973305,1.042707
1.174530,1.045202,1.017429,1.009859,1.006252,1.022936,1.027613,1.017349,1.015632,1.037701,1.037442,1.032304,1.006881,1.030374,1.019401,1.012129,1.023207,1.019240,1.014753,1.042126,0.983601,1.026432,1.042889,1.032743,1.030134,1.025048,1.022261,1.015777,1.010544,1.005152,0.992055,1.017758,1.027613,0.997028,1.004707,1.049004,1.032743,1.000300,0.973003,1.042799
1.182860,1.045174,1.017245,1.009760,1.006301,1.023088,1.027769,1.017548,1.015852,1.038033,1.037553,1.032429,1.006989,1.030463,1.019433,1.012023,1.023044,1.019088,1.014621,1.041822,0.983284,1.026319,1.042816,1.032658,1.029986,1.024937,1.022071,1.015603,1.010269,1.004849,0.991834,1.017941,1.027719,0.996769,1.004369,1.048961,1.032658,1.000075,0.972675,1.042884
1.191190,1.045131,1.017045,1.009647,1.006337,1.023225,1.027912,1.017734,1.016058,1.038352,1.037652,1.032540,1.007083,1.030538,1.019451,1.011902,1.022865,1.018918,1.014473,1.041496,0.982940,1.026190,1.042726,1.032558,1.029823,1.024809,1.021861,1.015411,1.009968,1.004517,0.991600,1.018111,1.027811,0.996488,1.003997,1.048903,1.032558,0.999836,0.972316,1.042962
1.199520,1.045075,1.016830,1.009519,1.006359,1.023348,1.028041,1.017905,1.016249,1.038658,1.037735,1.032637,1.007163,1.030599,1.019454,1.011765,1.022669,1.018732,1.014309,1.041147,0.982571,1.026045,1.042619,1.032439,1.029642,1.024665,1.021629,1.015199,1.009640,1.004158,0.991353,1.018267,1.027890,0.996184,1.003592,1.048828,1.032439,0.999582,0.971928,1.043033
1.207850,1.045005,1.016600,1.009377,1.006367,1.023457,1.028154,1.018061,1.016425,1.038950,1.037804,1.032720,1.007228,1.030646,1.019443,1.011614,1.022457,1.018530,1.014129,1.040780,0.982179,1.025882,1.042495,1.032304,1.029446,1.024505,1.021378,1.014969,1.009287,1.003772,0.991094,1.018409,1.027955,0.995864,1.003157,1.048736,1.032304,0.999314,0.971511,1.043096
1.216180,1.044922,1.016356,1.009220,1.006360,1.023550,1.028252,1.018201,1.016585,1.039228,1.037858,1.032786,1.007278,1.030677,1.019418,1.011447,1.022228,1.018311,1.013934,1.040393,0.981763,1.025703,1.042352,1.032151,1.029233,1.024329,1.021107,1.014721,1.008909,1.003360,0.990823,1.018535,1.028005,0.995524,1.002692,1.048627,1.032151,0.999032,0.971066,1.043151
1.224510,1.044825,1.016097,1.009049,1.006339,1.023626,1.028334,1.018324,1.016729,1.039490,1.037896,1.032837,1.007312,1.030692,1.019377,1.011264,1.021984,1.018076,1.013723,1.039987,0.981325,1.025505,1.042192,1.031980,1.029004,1.024138,1.020817,1.014455,1.008506,1.002921,0.990541,1.018644,1.028041,0.995166,1.002199,1.048500,1.031980,0.998738,0.970593,1.043199
1.232840,1.044716,1.015825,1.008863,1.006304,1.023687,1.028400,1.018432,1.016856,1.039737,1.037918,1.032872,1.007330,1.030692,1.019320,1.011066,1.021723,1.017824,1.013497,1.039563,0.980865,1.025291,1.042012,1.031791,1.028758,1.023933,1.020507,1.014171,1.008079,1.002458,0.990248,1.018738,1.028061,0.994791,1.001678,1.048354,1.031791,0.998431,0.970092,1.043240
1.241170,1.044595,1.015540,1.008664,1.006253,1.023731,1.028449,1.018522,1.016967,1.039969,1.037924,1.032891,1.007333,1.030676,1.019249,1.010853,1.021447,1.017558,1.013256,1.039122,0.980385,1.025059,1.041814,1.031583,1.028496,1.023713,1.020180,1.013871,1.007630,1.001970,0.989944,1.018814,1.028066,0.994401,1.001132,1.048190,1.031583,0.998113,0.969566,1.043273
1.249500,1.044462,1.015243,1.008452,1.006187,1.023759,1.028481,1.018595,1.017059,1.040186,1.037913,1.032893,1.007319,1.030643,1.019161,1.010625,1.021154,1.017275,1.013000,1.038663,0.979885,1.024809,1.041597,1.031356,1.028218,1.023479,1.019834,1.013554,1.007157,1.001458,0.989632,1.018874,1.028056,0.993992,1.000560,1.048006,1.031356,0.997783,0.969014,1.043299
1.257830,1.044318,1.014933,1.008226,1.006106,1.023770,1.028497,1.018651,1.017135,1.040386,1.037886,1.032878,1.007288,1.030595,1.019058,1.010381,1.020846,1.016977,1.012730,1.038189,0.979365,1.024542,1.041360,1.031111,1.027923,1.023232,1.019471,1.013220,1.006663,1.000922,0.989310,1.018916,1.028029,0.993568,0.999964,1.047804,1.031111,0.997443,0.968437,1.043318
1.266160,1.044163,1.014613,1.007987,1.006011,1.023763,1.028495,1.018690,1.017192,1.040570,1.037842,1.032846,1.007242,1.030529,1.018940,1.010122,1.020523,1.016665,1.012445,1.037699,0.978828,1.024257,1.041105,1.030846,1.027613,1.022972,1.019091,1.012871,1.006147,1.000365,0.988980,1.018940,1.027988,0.993129,0.999345,1.047582,1.030846,0.997093,0.967837,1.043330
1.274490,1.043998,1.014282,1.007736,1.005900,1.023740,1.028476,1.018711,1.017233,1.040738,1.037781,1.032798,1.007178,1.030448,1.018806,1.009849,1.020186,1.016337,1.012147,1.037194,0.978274,1.023955,1.040830,1.030563,1.027287,1.022699,1.018694,1.012506,1.005610,0.999786,0.988642,1.018947,1.027930,0.992677,0.998705,1.047340,1.030563,0.996733,0.967213,1.043335
1.282820,1.043824,1.013941,1.007473,1.005774,1.023700,1.028440,1.018714,1.017255,1.040891,1.037704,1.032733,1.007099,1.030350,1.018656,1.009560,1.019833,1.015996,1.011835,1.036676,0.977704,1.023635,1.040535,1.030261,1.026946,1.022415,1.018283,1.012127,1.005054,0.999186,0.988298,1.018936,1.027858,0.992211,0.998044,1.047079,1.030261,0.996365,0.966567,1.043334
1.291150,1.043640,1.013591,1.007198,1.005633,1.023644,1.028387,1.018700,1.017260,1.041027,1.037610,1.032651,1.007003,1.030236,1.018491,1.009258,1.019467,1.015641,1.011511,1.036145,0.977118,1.023299,1.040221,1.029940,1.026589,1.022120,1.017856,1.011733,1.004479,0.998566,0.987946,1.018907,1.027769,0.991734,0.997365,1.046797,1.029940,0.995989,0.965900,1.043326
1.299480,1.043448,1.013232,1.006912,1.005478,1.023570,1.028317,1.018669,1.017247,1.041148,1.037499,1.032553,1.006890,1.030106,1.018311,1.008941,1.019086,1.015273,1.011174,1.035601,0.976518,1.022945,1.039888,1.029601,1.026218,1.021815,1.017415,1.011325,1.003885,0.997927,0.987589,1.018860,1.027666,0.991244,0.996668,1.046496,1.029601,0.995606,0.965212,1.043312
1.307810,1.043248,1.012865,1.006614,1.005309,1.023480,1.028230,1.018621,1.017217,1.041253,1.037373,1.032438,1.006762,1.029961,1.018116,1.008610,1.018692,1.014891,1.010824,1.035046,0.975905,1.022575,1.039536,1.029243,1.025833,1.021499,1.016959,1.010905,1.003275,0.997270,0.987226,1.018796,1.027548,0.990743,0.995953,1.046175,1.029243,0.995216,0.964505,1.043292
1.316140,1.043042,1.012490,1.006306,1.005125,1.023373,1.028126,1.018555,1.017169,1.041343,1.037230,1.032307,1.006618,1.029799,1.017907,1.008265,1.018284,1.014497,1.010463,1.034479,0.975279,1.022188,1.039164,1.028866,1.025432,1.021174,1.016491,1.010471,1.002647,0.996595,0.986859,1.018715,1.027414,0.990231,0.995224,1.045833,1.028866,0.994820,0.963780,1.043267
1.324470,1.042828,1.012109,1.005988,1.004927,1.023250,1.028007,1.018473,1.017104,1.041417,1.037072,1.032160,1.006458,1.029622,1.017682,1.007907,1.017863,1.014091,1.010090,1.033902,0.974641,1.021785,1.038773,1.028471,1.025018,1.020839,1.016010,1.010025,1.002003,0.995904,0.986487,1.018616,1.027267,0.989709,0.994479,1.045472,1.028471,0.994418,0.963036,1.043236
1.332800,1.042609,1.011721,1.005659,1.004715,1.023112,1.027871,1.018374,1.017023,1.041476,1.036897,1.031997,1.006282,1.029429,1.017443,1.007536,1.017429,1.013672,1.009706,1.033314,0.973992,1.021365,1.038363,1.028057,1.024590,1.020496,1.015517,1.009567,1.001345,0.995197,0.986110,1.018499,1.027105,0.989178,0.993721,1.045089,1.028057,0.994011,0.962276,1.043200
1.341130,1.042385,1.011327,1.005321,1.004489,1.022957,1.027718,1.018258,1.016925,1.041521,1.036707,1.031819,1.006092,1.029222,1.017190,1.007151,1.016983,1.013242,1.009310,1.032717,0.973333,1.020928,1.037933,1.027625,1.024148,1.020145,1.015012,1.009098,1.000671,0.994475,0.985730,1.018366,1.026929,0.988637,0.992949,1.044686,1.027625,0.993599,0.961500,1.043159
1.349460,1.042155,1.010927,1.004973,1.004250,1.022787,1.027551,1.018126,1.016810,1.041551,1.036502,1.031625,1.005886,1.028999,1.016923,1.006753,1.016523,1.012800,1.008904,1.032110,0.972663,1.020476,1.037484,1.027174,1.023692,1.019786,1.014496,1.008617,0.999984,0.993738,0.985347,1.018216,1.026739,0.988087,0.992166,1.044262,1.027174,0.993183,0.960709,1.043113
1.357790,1.041922,1.010522,1.004617,1.003997,1.022601,1.027367,1.017979,1.016679,1.041567,1.036282,1.031416,1.005665,1.028762,1.016642,1.006342,1.016052,1.012346,1.008487,1.031494,0.971983,1.020007,1.037015,1.026705,1.023223,1.019420,1.013969,1.008126,0.999284,0.992988,0.984961,1.018050,1.026536,0.987529,0.991371,1.043816,1.026705,0.992764,0.959903,1.043063
1.366120,1.041684,1.010113,1.004251,1.003732,1.022401,1.027169,1.017815,1.016532,1.041569,1.036047,1.031192,1.005430,1.028510,1.016347,1.005919,1.015568,1.011881,1.008060,1.030869,0.971295,1.019521,1.036527,1.026217,1.022740,1.019046,1.013432,1.007624,0.998572,0.992225,0.984572,1.017867,1.026319,0.986963,0.990566,1.043350,1.026217,0.992341,0.959084,1.043010
1.374450,1.041444,1.009699,1.003876,1.003453,1.022185,1.026955,1.017636,1.016370,1.041557,1.035798,1.030953,1.005180,1.028244,1.016039,1.005482,1.015071,1.011406,1.007623,1.030235,0.970598,1.019020,1.036019,1.025710,1.022244,1.018666,1.012885,1.007111,0.997847,0.991451,0.984181,1.017669,1.026090,0.986388,0.989751,1.042861,1.025710,0.991915,0.958253,1.042952
1.382780,1.041200,1.009281,1.003492,1.003162,1.021955,1.026726,1.017442,1.016192,1.041533,1.035534,1.030700,1.004916,1.027964,1.015717,1.005033,1.014562,1.010919,1.007175,1.029593,0.969893,1.018502,1.035491,1.025184,1.021734,1.018279,1.012328,1.006589,0.997112,0.990664,0.983788,1.017454,1.025848,0.985806,0.988927,1.042351,1.025184,0.991485,0.957409,1.042891
1.391110,1.040955,1.008858,1.003100,1.002858,1.021711,1.026483,1.017233,1.015999,1.041495,1.035256,1.030433,1.004638,1.027670,1.015382,1.004571,1.014042,1.010422,1.006718,1.028943,0.969180,1.017968,1.034944,1.024640,1.021211,1.017885,1.011762,1.006056,0.996365,0.989867,0.983392,1.017225,1.025594,0.985216,0.988094,1.041819,1.024640,0.991054,0.956555,1.042826
1.399440,1.040707,1.008433,1.002699,1.002542,1.021453,1.026226,1.017010,1.015792,1.041445,1.034965,1.030152,1.004347,1.027363,1.015035,1.004097,1.013509,1.009914,1.006251,1.028284,0.968459,1.017418,1.034377,1.024078,1.020675,1.017485,1.011187,1.005515,0.995609,0.989060,0.982994,1.016980,1.025329,0.984618,0.987253,1.041265,1.024078,0.990619,0.955690,1.042759
1.407770,1.040458,1.008003,1.002290,1.002213,1.021181,1.025955,1.016772,1.015570,1.041382,1.034659,1.029857,1.004042,1.027043,1.014674,1.003611,1.012964,1.009395,1.005774,1.027618,0.967730,1.016852,1.033791,1.023497,1.020126,1.017079,1.010603,1.004963,0.994843,0.988244,0.982595,1.016721,1.025051,0.984013,0.986404,1.040690,1.023497,0.990182,0.954816,1.042689
1.416100,1.040207,1.007570,1.001873,1.001873,1.020895,1.025671,1.016521,1.015333,1.041308,1.034341,1.029550,1.003724,1.026709,1.014301,1.003112,1.012407,1.008866,1.005287,1.026943,0.966995,1.016270,1.033186,1.022898,1.019564,1.016667,1.010011,1.004403,0.994069,0.987418,0.982193,1.016448,1.024762,0.983401,0.985548,1.040094,1.022898,0.989743,0.953933,1.042616
1.424430,1.039956,1.007134,1.001448,1.001521,1.020597,1.025373,1.016255,1.015083,1.041222,1.034010,1.029229,1.003393,1.026362,1.013916,1.002602,1.011839,1.008327,1.004791,1.026260,0.966253,1.015673,1.032563,1.022282,1.018989,1.016249,1.009411,1.003834,0.993286,0.986585,0.981790,1.016160,1.024463,0.982781,0.984685,1.039476,1.022282,0.989302,0.953042,1.042541
1.432760,1.039704,1.006695,1.001014,1.001157,1.020285,1.025062,1.015977,1.014820,1.041125,1.033665,1.028895,1.003050,1.026003,1.013518,1.002079,1.011259,1.007778,1.004286,1.025569,0.965503,1.015060,1.031920,1.021647,1.018402,1.015826,1.008803,1.003256,0.992495,0.985744,0.981385,1.015859,1.024152,0.982154,0.983815,1.038838,1.021647,0.988859,0.952144,1.042464
1.441090,1.039452,1.006252,1.000573,1.000782,1.019961,1.024738,1.015685,1.014543,1.041017,1.033309,1.028549,1.002694,1.025632,1.013109,1.001544,1.010667,1.007218,1.003772,1.024870,0.964748,1.014432,1.031260,1.020996,1.017801,1.015397,1.008188,1.002670,0.991697,0.984896,0.980978,1.015545,1.023832,0.981519,0.982939,1.038179,1.020996,0.988413,0.951239,1.042385
1.449420,1.039200,1.005806,1.000124,1.000395,1.019625,1.024402,1.015380,1.014253,1.040898,1.032940,1.028190,1.002326,1.025249,1.012688,1.000998,1.010064,1.006649,1.003248,1.024163,0.963985,1.013789,1.030581,1.020327,1.017189,1.014962,1.007565,1.002075,0.990893,0.984042,0.980569,1.015218,1.023501,0.980878,0.982057,1.037500,1.020327,0.987965,0.950328,1.042305
1.457750,1.038948,1.005358,0.999666,0.999998,1.019277,1.024054,1.015064,1.013951,1.040770,1.032559,1.027820,1.001946,1.024854,1.012255,1.000440,1.009450,1.006070,1.002715,1.023448,0.963217,1.013132,1.029885,1.019642,1.016564,1.014521,1.006935,1.001472,0.990083,0.983183,0.980158,1.014879,1.023160,0.980229,0.981169,1.036802,1.019642,0.987515,0.949413,1.042223
1.466080,1.038697,1.004906,0.999201,0.999589,1.018917,1.023694,1.014735,1.013636,1.040631,1.032167,1.027438,1.001555,1.024447,1.011812,0.999871,1.008824,1.005481,1.002174,1.022726,0.962442,1.012461,1.029172,1.018941,1.015927,1.014075,1.006299,1.000862,0.989266,0.982318,0.979744,1.014528,1.022810,0.979573,0.980275,1.036085,1.018941,0.987063,0.948493,1.042140
1.474410,1.038446,1.004451,0.998728,0.999170,1.018545,1.023322,1.014394,1.013310,1.040483,1.031763,1.027044,1.001152,1.024029,1.011357,0.999290,1.008187,1.004883,1.001623,1.021995,0.961660,1.011775,1.028443,1.018223,1.015279,1.013623,1.005656,1.000243,0.988445,0.981449,0.979329,1.014165,1.022451,0.978909,0.979376,1.035350,1.018223,0.986608,0.947570,1.042056
1.482740,1.038195,1.003992,0.998247,0.998740,1.018162,1.022939,1.014042,1.012972,1.040325,1.031348,1.026640,1.000738,1.023600,1.010890,0.998699,1.007540,1.004276,1.001063,1.021256,0.960873,1.011076,1.027697,1.017491,1.014618,1.013165,1.005006,0.999617,0.987619,0.980576,0.978911,1.013791,1.022082,0.978238,0.978472,1.034597,1.017491,0.986150,0.946643,1.041970
1.491070,1.037945,1.003530,0.997758,0.998300,1.017769,1.022545,1.013678,1.012622,1.040159,1.030922,1.026224,1.000314,1.023160,1.010414,0.998096,1.006882,1.003659,1.000495,1.020509,0.960079,1.010363,1.026936,1.016743,1.013946,1.012701,1.004351,0.998983,0.986789,0.979699,0.978490,1.013406,1.021705,0.977560,0.977562,1.033827,1.016743,0.985689,0.945715,1.041884
1.499400,1.037696,1.003065,0.997261,0.997850,1.017364,1.022141,1.013304,1.012262,1.039984,1.030486,1.025798,0.999878,1.022709,1.009926,0.997482,1.006213,1.003032,0.999918,1.019753,0.959278,1.009638,1.026160,1.015982,1.013263,1.012232,1.003689,0.998341,0.985955,0.978819,0.978066,1.013010,1.021319,0.976874,0.976647,1.033040,1.015982,0.985225,0.944784,1.041797
1.507730,1.037448,1.002596,0.996756,0.997389,1.016949,1.021726,1.012919,1.011890,1.039800,1.030038,1.025361,0.999433,1.022248,1.009428,0.996858,1.005533,1.002397,0.999332,1.018989,0.958472,1.008899,1.025369,1.015206,1.012569,1.011756,1.003021,0.997693,0.985118,0.977937,0.977639,1.012604,1.020925,0.976181,0.975727,1.032238,1.015206,0.984758,0.943853,1.041710
1.516060,1.037200,1.002124,0.996244,0.996919,1.016524,1.021300,1.012523,1.011508,1.039608,1.029581,1.024914,0.998976,1.021776,1.008920,0.996223,1.004843,1.001753,0.998738,1.018217,0.957659,1.008149,1.024565,1.014417,1.011863,1.011274,1.002347,0.997037,0.984277,0.977053,0.977209,1.012189,1.020523,0.975480,0.974802,1.031421,1.014417,0.984287,0.942921,1.041622
1.524390,1.036953,1.001647,0.995723,0.996439,1.016089,1.020864,1.012117,1.011115,1.039408,1.029113,1.024457,0.998510,1.021294,1.008402,0.995578,1.004143,1.001099,0.998135,1.017436,0.956839,1.007387,1.023747,1.013614,1.011147,1.010785,1.001668,0.996374,0.983435,0.976168,0.976775,1.011763,1.020113,0.974771,0.973871,1.030589,1.013614,0.983812,0.941989,1.041533
1.532720,1.036707,1.001166,0.995194,0.995948,1.015644,1.020419,1.011700,1.010712,1.039199,1.028636,1.023990,0.998034,1.020803,1.007874,0.994922,1.003433,1.000437,0.997523,1.016647,0.956013,1.006613,1.022916,1.012800,1.010421,1.010291,1.000982,0.995703,0.982589,0.975281,0.976337,1.011329,1.019694,0.974055,0.972936,1.029744,1.012800,0.983332,0.941057,1.041445
1.541050,1.036461,1.000680,0.994656,0.995449,1.015189,1.019963,1.011274,1.010299,1.038983,1.028148,1.023514,0.997548,1.020301,1.007336,0.994257,1.002712,0.999766,0.996903,1.015849,0.955180,1.005829,1.022074,1.011974,1.009684,1.009789,1.000292,0.995026,0.981742,0.974393,0.975895,1.010886,1.019269,0.973331,0.971995,1.028887,1.011974,0.982848,0.940127,1.041356
1.549380,1.036216,1.000190,0.994111,0.994939,1.014724,1.019499,1.010838,1.009876,1.038760,1.027651,1.023027,0.997052,1.019790,1.006788,0.993581,1.001983,0.999086,0.996274,1.015042,0.954340,1.005034,1.021220,1.011137,1.008937,1.009280,0.999596,0.994342,0.980894,0.973506,0.975448,1.010434,1.018835,0.972598,0.971048,1.028017,1.011137,0.982359,0.939198,1.041266
1.557710,1.035971,0.999695,0.993557,0.994421,1.014250,1.019024,1.010393,1.009443,1.038529,1.027144,1.022531,0.996547,1.019269,1.006231,0.992896,1.001243,0.998398,0.995637,1.014227,0.953494,1.004229,1.020355,1.010289,1.008181,1.008765,0.998894,0.993652,0.980044,0.972618,0.974997,1.009973,1.018394,0.971858,0.970096,1.027137,1.010289,0.981865,0.938272,1.041177
1.566040,1.035726,0.999195,0.992995,0.993893,1.013767,1.018541,1.009938,1.009001,1.038291,1.026629,1.022026,0.996033,1.018739,1.005664,0.992201,1.000495,0.997702,0.994992,1.013403,0.952640,1.003414,1.019481,1.009432,1.007415,1.008242,0.998188,0.992954,0.979193,0.971731,0.974540,1.009505,1.017946,0.971109,0.969138,1.026247,1.009432,0.981365,0.937348,1.041087
1.574370,1.035481,0.998690,0.992424,0.993355,1.013275,1.018048,1.009473,1.008549,1.038045,1.026103,1.021512,0.995509,1.018200,1.005088,0.991497,0.999737,0.996997,0.994338,1.012569,0.951780,1.002590,1.018597,1.008566,1.006640,1.007713,0.997476,0.992251,0.978342,0.970844,0.974079,1.009028,1.017491,0.970353,0.968174,1.025347,1.008566,0.980860,0.936427,1.040997
1.582700,1.035236,0.998179,0.991845,0.992809,1.012773,1.017547,1.009000,1.008089,1.037793,1.025569,1.020989,0.994977,1.017652,1.004503,0.990784,0.998971,0.996284,0.993677,1.011727,0.950912,1.001758,1.017706,1.007691,1.005856,1.007175,0.996760,0.991540,0.977490,0.969959,0.973611,1.008544,1.017028,0.969588,0.967205,1.024440,1.007691,0.980349,0.935510,1.040907
1.591030,1.034991,0.997663,0.991258,0.992253,1.012263,1.017036,1.008517,1.007619,1.037533,1.025026,1.020457,0.994435,1.017095,1.003909,0.990063,0.998196,0.995564,0.993007,1.010876,0.950037,1.000919,1.016807,1.006808,1.005064,1.006631,0.996038,0.990824,0.976639,0.969076,0.973138,1.008052,1.016558,0.968815,0.966229,1.023525,1.006808,0.979831,0.934597,1.040817
1.599360,1.034745,0.997140,0.990662,0.991689,1.011744,1.016517,1.008026,1.007140,1.037266,1.024474,1.019916,0.993885,1.016529,1.003307,0.989332,0.997413,0.994835,0.992329,1.010017,0.949155,1.000072,1.015901,1.005919,1.004264,1.006078,0.995312,0.990102,0.975788,0.968194,0.972658,1.007553,1.016082,0.968033,0.965248,1.022604,1.005919,0.979307,0.933688,1.040727
1.607690,1.034499,0.996612,0.990057,0.991115,1.011217,1.015989,1.007526,1.006652,1.036993,1.023914,1.019367,0.993326,1.015954,1.002695,0.988594,0.996622,0.994100,0.991643,1.009148,0.948265,0.999218,1.014989,1.005023,1.003456,1.005518,0.994581,0.989373,0.974937,0.967315,0.972173,1.007047,1.015598,0.967244,0.964260,1.021678,1.005023,0.978776,0.932784,1.040637
1.616020,1.034252,0.996077,0.989445,0.990533,1.010681,1.015453,1.007017,1.006155,1.036713,1.023345,1.018809,0.992759,1.015371,1.002075,0.987847,0.995823,0.993356,0.990950,1.008271,0.947369,0.998358,1.014072,1.004123,1.002641,1.004950,0.993846,0.988639,0.974088,0.966438,0.971680,1.006533,1.015108,0.966447,0.963266,1.020748,1.004123,0.978238,0.931885,1.040546
1.624350,1.034004,0.995535,0.988823,0.989943,1.010136,1.014909,1.006500,1.005650,1.036427,1.022768,1.018243,0.992183,1.014780,1.001447,0.987093,0.995017,0.992606,0.990249,1.007385,0.946465,0.997493,1.013151,1.003217,1.001819,1.004374,0.993107,0.987899,0.973239,0.965564,0.971181,1.006013,1.014612,0.965641,0.962266,1.019815,1.003217,0.977694,0.930992,1.040456
1.632680,1.033755,0.994988,0.988194,0.989344,1.009584,1.014356,1.005974,1.005136,1.036133,1.022182,1.017669,0.991599,1.014180,1.000811,0.986332,0.994205,0.991850,0.989541,1.006491,0.945553,0.996622,1.012226,1.002308,1.000991,1.003791,0.992363,0.987154,0.972392,0.964693,0.970674,1.005487,1.014108,0.964828,0.961259,1.018880,1.002308,0.977141,0.930104,1.040365
1.641010,1.033505,0.994433,0.987556,0.988736,1.009023,1.013796,1.005441,1.004614,1.035834,1.021589,1.017087,0.991007,1.013573,1.000167,0.985563,0.993385,0.991086,0.988825,1.005588,0.944634,0.995748,1.011299,1.001395,1.000156,1.003199,0.991615,0.986404,0.971547,0.963825,0.970161,1.004954,1.013598,0.964006,0.960246,1.017943,1.001395,0.976582,0.929223,1.040274
1.649340,1.033253,0.993871,0.986909,0.988121,1.008454,1.013227,1.004899,1.004083,1.035528,1.020987,1.016497,0.990407,1.012957,0.999515,0.984788,0.992560,0.990316,0.988103,1.004677,0.943708,0.994870,1.010371,1.000480,0.999316,1.002599,0.990864,0.985648,0.970703,0.962961,0.969640,1.004414,1.013082,0.963177,0.959226,1.017006,1.000480,0.976014,0.928348,1.040183
1.657670,1.032999,0.993303,0.986255,0.987497,1.007878,1.012650,1.004349,1.003545,1.035215,1.020378,1.015899,0.989799,1.012334,0.998856,0.984006,0.991729,0.989541,0.987374,1.003758,0.942775,0.993989,1.009441,0.999564,0.998471,1.001992,0.990108,0.984888,0.969862,0.962101,0.969111,1.003868,1.012560,0.962341,0.958201,1.016070,0.999564,0.975439,0.927480,1.040091
1.666000,1.032744,0.992727,0.985592,0.986865,1.007293,1.012066,1.003791,1.002999,1.034897,1.019762,1.015293,0.989184,1.011704,0.998189,0.983219,0.990892,0.988759,0.986638,1.002832,0.941835,0.993105,1.008512,0.998647,0.997621,1.001376,0.989349,0.984123,0.969023,0.961244,0.968574,1.003316,1.012031,0.961497,0.957169,1.015136,0.998647,0.974857,0.926619,1.040000
1.674330,1.032486,0.992145,0.984922,0.986226,1.006701,1.011475,1.003225,1.002444,1.034572,1.019138,1.014681,0.988562,1.011066,0.997516,0.982426,0.990051,0.987973,0.985896,1.001898,0.940889,0.992221,1.007583,0.997730,0.996767,1.000752,0.988587,0.983354,0.968186,0.960392,0.968030,1.002758,1.011496,0.960645,0.956132,1.014204,0.997730,0.974266,0.925765,1.039908
1.682660,1.032227,0.991555,0.984243,0.985579,1.006102,1.010876,1.002652,1.001882,1.034242,1.018507,1.014061,0.987932,1.010421,0.996835,0.981627,0.989205,0.987181,0.985148,1.000957,0.939937,0.991335,1.006656,0.996814,0.995910,1.000120,0.987822,0.982580,0.967352,0.959545,0.967477,1.002194,1.010955,0.959788,0.955091,1.013277,0.996814,0.973667,0.924918,1.039816
1.690990,1.031965,0.990958,0.983558,0.984926,1.005496,1.010270,1.002072,1.001313,1.033906,1.017869,1.013434,0.987295,1.009769,0.996148,0.980824,0.988356,0.986385,0.984394,1.000010,0.938979,0.990449,1.005732,0.995900,0.995049,0.999481,0.987053,0.981803,0.966521,0.958702,0.966916,1.001625,1.010409,0.958923,0.954046,1.012354,0.995900,0.973060,0.924079,1.039724
1.699320,1.031701,0.990354,0.982865,0.984265,1.004882,1.009657,1.001484,1.000736,1.033564,1.017224,1.012800,0.986652,1.009111,0.995455,0.980017,0.987503,0.985585,0.983635,0.999058,0.938017,0.989563,1.004811,0.994988,0.994186,0.998834,0.986282,0.981023,0.965694,0.957865,0.966348,1.001050,1.009857,0.958053,0.952998,1.011436,0.994988,0.972445,0.923248,1.039631
1.707650,1.031435,0.989742,0.982164,0.983597,1.004262,1.009037,1.000890,1.000153,1.033216,1.016573,1.012160,0.986003,1.008447,0.994757,0.979206,0.986647,0.984780,0.982871,0.998100,0.937050,0.988678,1.003894,0.994079,0.993321,0.998179,0.985509,0.980239,0.964869,0.957032,0.965771,1.000470,1.009299,0.957178,0.951948,1.010525,0.994079,0.971822,0.922425,1.039538
1.715980,1.031166,0.989124,0.981457,0.982923,1.003636,1.008411,1.000289,0.999562,1.032863,1.015916,1.011514,0.985347,1.007777,0.994052,0.978392,0.985789,0.983973,0.982103,0.997137,0.936079,0.987795,1.002983,0.993174,0.992454,0.997517,0.984733,0.979452,0.964049,0.956205,0.965185,0.999884,1.008736,0.956297,0.950896,1.009621,0.993174,0.971191,0.921610,1.039445
1.724310,1.030895,0.988499,0.980744,0.982243,1.003003,1.007779,0.999681,0.998966,1.032506,1.015254,1.010862,0.984686,1.007101,0.993343,0.977575,0.984929,0.983162,0.981330,0.996170,0.935105,0.986915,1.002076,0.992273,0.991587,0.996847,0.983955,0.978663,0.963232,0.955383,0.964592,0.999294,1.008169,0.955411,0.949844,1.008725,0.992273,0.970552,0.920803,1.039352
1.732640,1.030621,0.987867,0.980024,0.981557,1.002364,1.007141,0.999068,0.998363,1.032143,1.014586,1.010204,0.984019,1.006420,0.992629,0.976756,0.984068,0.982349,0.980553,0.995200,0.934128,0.986037,1.001176,0.991378,0.990719,0.996171,0.983176,0.977872,0.962419,0.954567,0.963991,0.998699,1.007597,0.954521,0.948791,1.007838,0.991378,0.969906,0.920005,1.039259
1.740970,1.030345,0.987229,0.979298,0.980866,1.001721,1.006498,0.998449,0.997754,1.031776,1.013913,1.009542,0.983348,1.005735,0.991910,0.975935,0.983206,0.981534,0.979773,0.994226,0.933149,0.985164,1.000284,0.990489,0.989852,0.995488,0.982396,0.977079,0.961610,0.953757,0.963381,0.998100,1.007021,0.953628,0.947738,1.006960,0.990489,0.969252,0.919215,1.039165
1.749300,1.030066,0.986584,0.978567,0.980170,1.001072,1.005851,0.997826,0.997141,1.031405,1.013237,1.008876,0.982673,1.005046,0.991189,0.975113,0.982344,0.980718,0.978990,0.993250,0.932169,0.984294,0.999398,0.989606,0.988985,0.994798,0.981614,0.976285,0.960806,0.952953,0.962764,0.997497,1.006443,0.952732,0.946687,1.006093,0.989606,0.968590,0.918434,1.039072
1.757630,1.029786,0.985933,0.977832,0.979470,1.000420,1.005200,0.997198,0.996523,1.031030,1.012558,1.008206,0.981994,1.004354,0.990464,0.974291,0.981483,0.979900,0.978204,0.992273,0.931188,0.983429,0.998521,0.988731,0.988120,0.994102,0.980832,0.975489,0.960006,0.952155,0.962139,0.996893,1.005863,0.951832,0.945637,1.005236,0.988731,0.967922,0.917662,1.038978
1.765960,1.029502,0.985277,0.977092,0.978767,0.999765,1.004546,0.996567,0.995902,1.030653,1.011876,1.007534,0.981314,1.003660,0.989738,0.973469,0.980623,0.979083,0.977417,0.991294,0.930206,0.982570,0.997653,0.987864,0.987257,0.993401,0.980049,0.974694,0.959211,0.951363,0.961507,0.996288,1.005282,0.950931,0.944590,1.004390,0.987864,0.967246,0.916898,1.038885
1.774290,1.029217,0.984615,0.976348,0.978062,0.999108,1.003890,0.995934,0.995279,1.030272,1.011194,1.006861,0.980632,1.002965,0.989011,0.972648,0.979765,0.978265,0.976629,0.990315,0.929224,0.981717,0.996795,0.987004,0.986397,0.992694,0.979267,0.973898,0.958421,0.950578,0.960867,0.995683,1.004702,0.950028,0.943546,1.003556,0.987004,0.966564,0.916144,1.038792
1.782620,1.028930,0.983949,0.975602,0.977355,0.998450,1.003233,0.995300,0.994653,1.029890,1.010512,1.006188,0.979950,1.002269,0.988283,0.971829,0.978909,0.977449,0.975840,0.989336,0.928243,0.980871,0.995946,0.986154,0.985540,0.991983,0.978485,0.973103,0.957636,0.949799,0.960220,0.995080,1.004123,0.949124,0.942504,1.002734,0.986154,0.965875,0.915398,1.038699
1.790950,1.028641,0.983278,0.974853,0.976647,0.997792,1.002576,0.994665,0.994028,1.029507,1.009830,1.005515,0.979268,1.001575,0.987557,0.971013,0.978056,0.976634,0.975051,0.988358,0.927263,0.980031,0.995108,0.985314,0.984687,0.991267,0.977703,0.972309,0.956857,0.949027,0.959567,0.994480,1.003547,0.948220,0.941466,1.001925,0.985314,0.965180,0.914661,1.038607
1.799280,1.028351,0.982602,0.974102,0.975940,0.997134,1.001920,0.994030,0.993402,1.029123,1.009151,1.004844,0.978589,1.000883,0.986832,0.970199,0.977208,0.975821,0.974263,0.987381,0.926285,0.979200,0.994281,0.984483,0.983839,0.990547,0.976924,0.971517,0.956083,0.948262,0.958907,0.993885,1.002975,0.947316,0.940432,1.001128,0.984483,0.964480,0.913932,1.038516
1.807610,1.028059,0.981924,0.973351,0.975233,0.996478,1.001267,0.993397,0.992777,1.028738,1.008474,1.004175,0.977912,1.000193,0.986109,0.969389,0.976363,0.975010,0.973476,0.986407,0.925309,0.978377,0.993465,0.983662,0.982996,0.989824,0.976145,0.970726,0.955315,0.947503,0.958240,0.993295,1.002408,0.946413,0.939403,1.000345,0.983662,0.963775,0.913213,1.038426
1.815940,1.027766,0.981241,0.972599,0.974528,0.995824,1.000616,0.992766,0.992154,1.028354,1.007801,1.003510,0.977238,0.999507,0.985390,0.968584,0.975523,0.974202,0.972691,0.985434,0.924335,0.977562,0.992660,0.982852,0.982159,0.989098,0.975369,0.969938,0.954552,0.946751,0.957568,0.992711,1.001846,0.945510,0.938378,0.999575,0.982852,0.963065,0.912502,1.038336
1.824270,1.027472,0.980556,0.971846,0.973826,0.995174,0.999968,0.992138,0.991534,1.027972,1.007133,1.002849,0.976568,0.998825,0.984674,0.967784,0.974689,0.973398,0.971908,0.984465,0.923365,0.976755,0.991867,0.982052,0.981327,0.988368,0.974595,0.969152,0.953795,0.946006,0.956891,0.992135,1.001290,0.944610,0.937358,0.998817,0.982052,0.962350,0.911799,1.038248
1.832600,1.027178,0.979868,0.971095,0.973126,0.994527,0.999325,0.991513,0.990917,1.027590,1.006470,1.002192,0.975904,0.998148,0.983963,0.966989,0.973860,0.972598,0.971128,0.983500,0.922398,0.975958,0.991086,0.981263,0.980502,0.987637,0.973823,0.968369,0.953044,0.945268,0.956207,0.991567,1.000742,0.943712,0.936343,0.998073,0.981263,0.961631,0.911105,1.038161
1.840930,1.026883,0.979179,0.970344,0.972430,0.993886,0.998687,0.990893,0.990304,1.027211,1.005812,1.001542,0.975244,0.997477,0.983257,0.966200,0.973037,0.971802,0.970350,0.982539,0.921435,0.975170,0.990316,0.980485,0.979683,0.986904,0.973054,0.967590,0.952298,0.944536,0.955519,0.991007,1.000202,0.942816,0.935334,0.997342,0.980485,0.960908,0.910419,1.038075
1.849260,1.026587,0.978487,0.969596,0.971738,0.993249,0.998054,0.990278,0.989696,1.026834,1.005162,1.000897,0.974592,0.996812,0.982556,0.965417,0.972220,0.971011,0.969577,0.981582,0.920476,0.974392,0.989558,0.979719,0.978872,0.986170,0.972288,0.966814,0.951558,0.943811,0.954827,0.990458,0.999670,0.941924,0.934330,0.996624,0.979719,0.960182,0.909741,1.037991
1.857590,1.026292,0.977795,0.968849,0.971051,0.992619,0.997428,0.989668,0.989094,1.026461,1.004519,1.000260,0.973946,0.996154,0.981863,0.964641,0.971411,0.970225,0.968807,0.980631,0.919521,0.973623,0.988812,0.978963,0.978068,0.985434,0.971526,0.966043,0.950824,0.943093,0.954129,0.989919,0.999147,0.941035,0.933332,0.995919,0.978963,0.959453,0.909071,1.037908
1.865920,1.025996,0.977101,0.968105,0.970369,0.991995,0.996809,0.989065,0.988497,1.026091,1.003883,0.999630,0.973308,0.995504,0.981175,0.963873,0.970608,0.969445,0.968042,0.979685,0.918572,0.972863,0.988077,0.978218,0.977272,0.984698,0.970767,0.965275,0.950096,0.942381,0.953428,0.989391,0.998634,0.940150,0.932341,0.995226,0.978218,0.958722,0.908408,1.037828
1.874250,1.025701,0.976407,0.967364,0.969693,0.991378,0.996197,0.988469,0.987907,1.025725,1.003256,0.999009,0.972677,0.994862,0.980496,0.963112,0.969813,0.968670,0.967281,0.978745,0.917628,0.972114,0.987353,0.977484,0.976483,0.983963,0.970011,0.964513,0.949374,0.941675,0.952723,0.988875,0.998131,0.939270,0.931355,0.994545,0.977484,0.957988,0.907752,1.037749
1.882580,1.025406,0.975713,0.966627,0.969024,0.990769,0.995594,0.987881,0.987324,1.025364,1.002639,0.998396,0.972056,0.994229,0.979824,0.962358,0.969026,0.967902,0.966526,0.977812,0.916690,0.971374,0.986641,0.976761,0.975702,0.983227,0.969260,0.963755,0.948658,0.940977,0.952015,0.988371,0.997638,0.938395,0.930377,0.993876,0.976761,0.957253,0.907105,1.037673
1.890910,1.025113,0.975019,0.965894,0.968362,0.990169,0.994999,0.987300,0.986750,1.025009,1.002031,0.997792,0.971444,0.993605,0.979161,0.961614,0.968247,0.967140,0.965776,0.976885,0.915758,0.970644,0.985941,0.976049,0.974931,0.982493,0.968514,0.963003,0.947948,0.940285,0.951304,0.987880,0.997157,0.937526,0.929405,0.993220,0.976049,0.956517,0.906465,1.037598
1.899240,1.024820,0.974327,0.965166,0.967708,0.989577,0.994414,0.986729,0.986184,1.024659,1.001433,0.997199,0.970841,0.992991,0.978506,0.960878,0.967477,0.966385,0.965033,0.975967,0.914833,0.969925,0.985253,0.975348,0.974168,0.981761,0.967773,0.962257,0.947245,0.939601,0.950591,0.987401,0.996687,0.936663,0.928441,0.992576,0.975348,0.955780,0.905834,1.037526
1.907570,1.024529,0.973636,0.964444,0.967062,0.988996,0.993839,0.986167,0.985627,1.024315,1.000846,0.996616,0.970249,0.992387,0.977862,0.960152,0.966716,0.965638,0.964297,0.975057,0.913916,0.969216,0.984576,0.974659,0.973415,0.981031,0.967038,0.961517,0.946550,0.938924,0.949876,0.986937,0.996230,0.935807,0.927486,0.991945,0.974659,0.955044,0.905212,1.037457
1.915900,1.024240,0.972948,0.963727,0.966425,0.988424,0.993275,0.985615,0.985080,1.023979,1.000270,0.996044,0.969668,0.991795,0.977228,0.959436,0.965965,0.964900,0.963569,0.974157,0.913008,0.968519,0.983912,0.973983,0.972672,0.980305,0.966310,0.960785,0.945863,0.938257,0.949159,0.986486,0.995784,0.934959,0.926539,0.991327,0.973983,0.954309,0.904601,1.037390
1.924230,1.023953,0.972262,0.963018,0.965798,0.987864,0.992722,0.985074,0.984543,1.023650,0.999706,0.995484,0.969099,0.991214,0.976604,0.958731,0.965225,0.964171,0.962849,0.973266,0.912108,0.967833,0.983261,0.973318,0.971939,0.979583,0.965589,0.960061,0.945185,0.937599,0.948442,0.986050,0.995352,0.934119,0.925601,0.990722,0.973318,0.953576,0.904000,1.037327
1.932560,1.023668,0.971581,0.962317,0.965181,0.987314,0.992180,0.984544,0.984018,1.023329,0.999155,0.994936,0.968542,0.990645,0.975992,0.958037,0.964496,0.963452,0.962138,0.972387,0.911218,0.967160,0.982623,0.972667,0.971218,0.978866,0.964876,0.959346,0.944516,0.936952,0.947724,0.985629,0.994933,0.933289,0.924674,0.990131,0.972667,0.952846,0.903410,1.037266
1.940890,1.023386,0.970904,0.961624,0.964575,0.986778,0.991652,0.984027,0.983505,1.023016,0.998618,0.994401,0.967998,0.990090,0.975392,0.957355,0.963778,0.962743,0.961436,0.971519,0.910339,0.966499,0.981998,0.972028,0.970508,0.978154,0.964173,0.958641,0.943857,0.936315,0.947007,0.985224,0.994528,0.932469,0.923758,0.989553,0.972028,0.952119,0.902833,1.037209
1.949220,1.023108,0.970232,0.960941,0.963981,0.986254,0.991136,0.983522,0.983004,1.022713,0.998093,0.993879,0.967467,0.989547,0.974805,0.956685,0.963073,0.962045,0.960745,0.970663,0.909471,0.965850,0.981387,0.971402,0.969810,0.977449,0.963479,0.957945,0.943210,0.935690,0.946290,0.984834,0.994137,0.931659,0.922853,0.988990,0.971402,0.951396,0.902269,1.037155
1.957550,1.022833,0.969566,0.960267,0.963399,0.985743,0.990634,0.983030,0.982516,1.022419,0.997583,0.993372,0.966950,0.989019,0.974231,0.956028,0.962380,0.961358,0.960065,0.969821,0.908616,0.965215,0.980789,0.970790,0.969126,0.976752,0.962795,0.957260,0.942574,0.935077,0.945575,0.984461,0.993760,0.930861,0.921961,0.988441,0.970790,0.950678,0.901719,1.037105
1.965880,1.022563,0.968906,0.959604,0.962829,0.985246,0.990147,0.982552,0.982042,1.022136,0.997088,0.992879,0.966448,0.988505,0.973670,0.955385,0.961701,0.960684,0.959396,0.968994,0.907773,0.964594,0.980205,0.970192,0.968454,0.976062,0.962122,0.956587,0.941951,0.934478,0.944862,0.984104,0.993398,0.930076,0.921083,0.987905,0.970192,0.949967,0.901183,1.037058
1.974210,1.022296,0.968253,0.958952,0.962273,0.984763,0.989674,0.982089,0.981582,1.021863,0.996608,0.992401,0.965960,0.988006,0.973124,0.954755,0.961035,0.960023,0.958740,0.968180,0.906945,0.963985,0.979635,0.969607,0.967796,0.975382,0.961462,0.955926,0.941340,0.933891,0.944152,0.983764,0.993051,0.929303,0.920219,0.987384,0.969607,0.949261,0.900662,1.037015
1.982540,1.022034,0.967608,0.958312,0.961731,0.984296,0.989216,0.981640,0.981136,1.021602,0.996144,0.991938,0.965488,0.987522,0.972593,0.954140,0.960384,0.959375,0.958096,0.967383,0.906131,0.963391,0.979079,0.969036,0.967152,0.974711,0.960813,0.955278,0.940742,0.933319,0.943444,0.983441,0.992719,0.928544,0.919369,0.986876,0.969036,0.948563,0.900156,1.036976
1.990870,1.021778,0.966971,0.957684,0.961203,0.983844,0.988774,0.981207,0.980706,1.021352,0.995696,0.991492,0.965032,0.987054,0.972077,0.953540,0.959748,0.958741,0.957466,0.966601,0.905332,0.962811,0.978536,0.968479,0.966522,0.974050,0.960178,0.954642,0.940159,0.932761,0.942741,0.983135,0.992403,0.927800,0.918536,0.986382,0.968479,0.947873,0.899666,1.036942
1.999200,1.021526,0.966344,0.957069,0.960690,0.983408,0.988348,0.980789,0.980292,1.021114,0.995264,0.991062,0.964592,0.986602,0.971576,0.952954,0.959126,0.958120,0.956849,0.965837,0.904550,0.962245,0.978007,0.967936,0.965907,0.973401,0.959555,0.954021,0.939590,0.932218,0.942041,0.982848,0.992102,0.927071,0.917720,0.985901,0.967936,0.947192,0.899192,1.036911
2.007530,1.021280,0.965725,0.956468,0.960192,0.982988,0.987939,0.980388,0.979894,1.020889,0.994849,0.990648,0.964168,0.986167,0.971091,0.952384,0.958520,0.957515,0.956246,0.965090,0.903785,0.961693,0.977492,0.967407,0.965306,0.972762,0.958947,0.953413,0.939035,0.931690,0.941346,0.982578,0.991818,0.926357,0.916922,0.985432,0.967407,0.946520,0.898735,1.036885
2.015860,1.021040,0.965117,0.955881,0.959710,0.982585,0.987546,0.980004,0.979512,1.020676,0.994451,0.990252,0.963761,0.985749,0.970622,0.951830,0.957929,0.956924,0.955658,0.964361,0.903037,0.961156,0.976990,0.966891,0.964721,0.972136,0.958354,0.952820,0.938496,0.931178,0.940656,0.982326,0.991550,0.925660,0.916142,0.984977,0.966891,0.945858,0.898294,1.036863
2.024190,1.020805,0.964519,0.955308,0.959243,0.982198,0.987171,0.979636,0.979148,1.020477,0.994070,0.989872,0.963372,0.985348,0.970170,0.951292,0.957354,0.956349,0.955085,0.963651,0.902307,0.960633,0.976502,0.966389,0.964151,0.971522,0.957775,0.952242,0.937972,0.930682,0.939971,0.982093,0.991298,0.924980,0.915381,0.984534,0.966389,0.945207,0.897870,1.036846
2.032520,1.020577,0.963932,0.954750,0.958794,0.981830,0.986814,0.979286,0.978801,1.020290,0.993707,0.989511,0.963000,0.984964,0.969735,0.950771,0.956795,0.955789,0.954527,0.962959,0.901597,0.960124,0.976027,0.965901,0.963597,0.970922,0.957211,0.951679,0.937464,0.930202,0.939293,0.981877,0.991062,0.924317,0.914641,0.984103,0.965901,0.944566,0.897463,1.036834
2.040850,1.020356,0.963356,0.954208,0.958361,0.981478,0.986474,0.978954,0.978471,1.020118,0.993362,0.989167,0.962645,0.984598,0.969317,0.950265,0.956253,0.955246,0.953984,0.962288,0.900906,0.959630,0.975565,0.965426,0.963058,0.970335,0.956663,0.951132,0.936971,0.929738,0.938621,0.981681,0.990843,0.923672,0.913921,0.983685,0.965426,0.943937,0.897073,1.036826
2.049180,1.020141,0.962792,0.953681,0.957945,0.981145,0.986152,0.978639,0.978159,1.019959,0.993035,0.988841,0.962309,0.984250,0.968916,0.949777,0.955727,0.954718,0.953458,0.961637,0.900235,0.959150,0.975117,0.964965,0.962536,0.969762,0.956130,0.950601,0.936495,0.929290,0.937955,0.981502,0.990641,0.923045,0.913224,0.983277,0.964965,0.943320,0.896700,1.036823
2.057510,1.019933,0.962240,0.953170,0.957546,0.980829,0.985848,0.978343,0.977865,1.019815,0.992726,0.988533,0.961990,0.983919,0.968533,0.949305,0.955218,0.954207,0.952948,0.961006,0.899586,0.958685,0.974681,0.964517,0.962029,0.969203,0.955614,0.950086,0.936035,0.928858,0.937297,0.981343,0.990455,0.922437,0.912549,0.982882,0.964517,0.942716,0.896344,1.036824
2.065840,1.019732,0.961701,0.952675,0.957164,0.980532,0.985563,0.978065,0.977590,1.019684,0.992436,0.988244,0.961690,0.983607,0.968168,0.948850,0.954726,0.953712,0.952454,0.960396,0.898957,0.958235,0.974258,0.964083,0.961539,0.968658,0.955114,0.949588,0.935591,0.928444,0.936645,0.981202,0.990286,0.921849,0.911897,0.982497,0.964083,0.942124,0.896004,1.036831
2.074170,1.019538,0.961174,0.952197,0.956801,0.980253,0.985296,0.977805,0.977333,1.019568,0.992164,0.987973,0.961408,0.983313,0.967820,0.948412,0.954251,0.953235,0.951977,0.959807,0.898350,0.957799,0.973848,0.963662,0.961065,0.968129,0.954631,0.949106,0.935163,0.928045,0.936002,0.981079,0.990133,0.921280,0.911269,0.982123,0.963662,0.941546,0.895682,1.036842
2.082500,1.019351,0.960661,0.951736,0.956455,0.979993,0.985048,0.977563,0.977094,1.019467,0.991910,0.987721,0.961144,0.983038,0.967490,0.947992,0.953793,0.952774,0.951517,0.959240,0.897766,0.957377,0.973450,0.963253,0.960607,0.967615,0.954165,0.948641,0.934752,0.927664,0.935367,0.980975,0.989997,0.920731,0.910666,0.981760,0.963253,0.940981,0.895376,1.036858
2.090830,1.019172,0.960160,0.951291,0.956126,0.979751,0.984819,0.977341,0.976874,1.019380,0.991675,0.987487,0.960899,0.982781,0.967178,0.947589,0.953352,0.952330,0.951074,0.958695,0.897204,0.956970,0.973065,0.962858,0.960166,0.967116,0.953715,0.948193,0.934358,0.927299,0.934739,0.980889,0.989878,0.920202,0.910088,0.981407,0.962858,0.940430,0.895087,1.036879
2.099160,1.018999,0.959673,0.950864,0.955816,0.979527,0.984608,0.977137,0.976673,1.019308,0.991458,0.987271,0.960672,0.982542,0.966884,0.947202,0.952928,0.951903,0.950647,0.958172,0.896666,0.956577,0.972692,0.962476,0.959741,0.966632,0.953282,0.947762,0.933980,0.926951,0.934121,0.980822,0.989775,0.919694,0.909536,0.981065,0.962476,0.939893,0.894815,1.036905
2.107490,1.018835,0.959200,0.950454,0.955524,0.979323,0.984416,0.976951,0.976490,1.019250,0.991260,0.987074,0.960463,0.982321,0.966608,0.946834,0.952522,0.951494,0.950238,0.957671,0.896151,0.956198,0.972331,0.962107,0.959332,0.966165,0.952867,0.947348,0.933620,0.926619,0.933510,0.980773,0.989688,0.919207,0.909010,0.980732,0.962107,0.939371,0.894558,1.036935
2.115820,1.018677,0.958741,0.950061,0.955250,0.979136,0.984242,0.976784,0.976326,1.019207,0.991080,0.986895,0.960273,0.982118,0.966350,0.946482,0.952133,0.951102,0.949846,0.957193,0.895660,0.955834,0.971982,0.961750,0.958940,0.965713,0.952469,0.946952,0.933275,0.926304,0.932909,0.980741,0.989618,0.918741,0.908512,0.980409,0.961750,0.938863,0.894318,1.036970
2.124150,1.018527,0.958295,0.949686,0.954993,0.978968,0.984087,0.976636,0.976180,1.019178,0.990918,0.986735,0.960101,0.981934,0.966109,0.946148,0.951760,0.950727,0.949472,0.956738,0.895193,0.955483,0.971644,0.961406,0.958564,0.965277,0.952088,0.946573,0.932947,0.926005,0.932316,0.980728,0.989564,0.918296,0.908040,0.980095,0.961406,0.938370,0.894094,1.037010
2.132480,1.018385,0.957864,0.949327,0.954755,0.978818,0.983950,0.976506,0.976053,1.019164,0.990774,0.986593,0.959947,0.981768,0.965887,0.945830,0.951405,0.950369,0.949114,0.956305,0.894751,0.955147,0.971319,0.961074,0.958204,0.964857,0.951724,0.946211,0.932636,0.925723,0.931733,0.980732,0.989526,0.917872,0.907597,0.979791,0.961074,0.937892,0.893885,1.037054
2.140810,1.018249,0.957446,0.948986,0.954534,0.978687,0.983832,0.976394,0.975944,1.019164,0.990648,0.986469,0.959811,0.981619,0.965681,0.945530,0.951067,0.950028,0.948774,0.955895,0.894333,0.954824,0.971004,0.960754,0.957861,0.964453,0.951378,0.945866,0.932342,0.925457,0.931159,0.980753,0.989504,0.917470,0.907181,0.979496,0.960754,0.937428,0.893692,1.037103
2.149140,1.018121,0.957042,0.948663,0.954331,0.978573,0.983731,0.976301,0.975853,1.019178,0.990540,0.986362,0.959692,0.981488,0.965494,0.945246,0.950746,0.949704,0.948450,0.955507,0.893939,0.954515,0.970701,0.960446,0.957533,0.964065,0.951048,0.945539,0.932063,0.925207,0.930594,0.980791,0.989497,0.917089,0.906795,0.979210,0.960446,0.936980,0.893513,1.037156
2.157470,1.018000,0.956652,0.948356,0.954146,0.978477,0.983648,0.976225,0.975780,1.019206,0.990450,0.986273,0.959591,0.981375,0.965323,0.944979,0.950441,0.949397,0.948144,0.955142,0.893571,0.954219,0.970409,0.960150,0.957222,0.963692,0.950736,0.945228,0.931801,0.924973,0.930038,0.980846,0.989505,0.916730,0.906436,0.978932,0.960150,0.936546,0.893350,1.037214
2.165800,1.017886,0.956276,0.948066,0.953977,0.978399,0.983583,0.976166,0.975725,1.019247,0.990376,0.986202,0.959507,0.981278,0.965170,0.944728,0.950153,0.949107,0.947854,0.954800,0.893227,0.953937,0.970127,0.959866,0.956926,0.963336,0.950441,0.944935,0.931555,0.924755,0.929491,0.980918,0.989529,0.916392,0.906107,0.978663,0.959866,0.936127,0.893201,1.037275
2.174130,1.017779,0.955914,0.947794,0.953826,0.978337,0.983535,0.976125,0.975687,1.019301,0.990320,0.986147,0.959440,0.981199,0.965033,0.944494,0.949881,0.948833,0.947581,0.954481,0.892908,0.953667,0.969856,0.959593,0.956645,0.962994,0.950162,0.944658,0.931325,0.924553,0.928953,0.981005,0.989567,0.916075,0.905806,0.978402,0.959593,0.935723,0.893067,1.037341
2.182460,1.017678,0.955565,0.947537,0.953691,0.978293,0.983503,0.976101,0.975665,1.019369,0.990280,0.986109,0.959389,0.981135,0.964912,0.944276,0.949626,0.948576,0.947324,0.954183,0.892614,0.953411,0.969596,0.959331,0.956380,0.962668,0.949900,0.944398,0.931111,0.924366,0.928425,0.981108,0.989620,0.915779,0.905535,0.978149,0.959331,0.935334,0.892947,1.037411
2.190790,1.017584,0.955230,0.947297,0.953573,0.978265,0.983488,0.976093,0.975661,1.019449,0.990256,0.986087,0.959355,0.981088,0.964808,0.944073,0.949386,0.948334,0.947083,0.953908,0.892345,0.953167,0.969345,0.959080,0.956129,0.962357,0.949654,0.944154,0.930913,0.924194,0.927905,0.981226,0.989687,0.915505,0.905293,0.977904,0.959080,0.934959,0.892840,1.037484
2.199120,1.017496,0.954907,0.947072,0.953471,0.978253,0.983489,0.976101,0.975672,1.019541,0.990248,0.986081,0.959336,0.981057,0.964719,0.943885,0.949161,0.948108,0.946858,0.953654,0.892100,0.952935,0.969105,0.958839,0.955894,0.962061,0.949424,0.943927,0.930730,0.924037,0.927395,0.981359,0.989768,0.915251,0.905079,0.977667,0.958839,0.934598,0.892747,1.037561
2.207450,1.017415,0.954598,0.946864,0.953385,0.978256,0.983506,0.976125,0.975699,1.019645,0.990255,0.986090,0.959333,0.981041,0.964646,0.943712,0.948951,0.947898,0.946648,0.953422,0.891879,0.952715,0.968874,0.958609,0.955672,0.961779,0.949210,0.943715,0.930561,0.923895,0.926893,0.981506,0.989863,0.915017,0.904895,0.977437,0.958609,0.934252,0.892668,1.037641
2.215780,1.017339,0.954301,0.946670,0.953313,0.978275,0.983538,0.976164,0.975741,1.019761,0.990277,0.986115,0.959344,0.981040,0.964587,0.943554,0.948756,0.947702,0.946453,0.953211,0.891682,0.952506,0.968652,0.958389,0.955465,0.961511,0.949011,0.943518,0.930408,0.923767,0.926399,0.981667,0.989970,0.914804,0.904739,0.977215,0.958389,0.933919,0.892601,1.037724
2.224110,1.017268,0.954016,0.946491,0.953257,0.978308,0.983584,0.976217,0.975798,1.019887,0.990313,0.986153,0.959370,0.981053,0.964543,0.943410,0.948576,0.947521,0.946273,0.953020,0.891509,0.952309,0.968439,0.958179,0.955271,0.961257,0.948827,0.943336,0.930270,0.923654,0.925914,0.981841,0.990090,0.914610,0.904612,0.976999,0.958179,0.933600,0.892547,1.037811
2.232440,1.017203,0.953743,0.946326,0.953214,0.978355,0.983644,0.976285,0.975869,1.020024,0.990363,0.986206,0.959410,0.981080,0.964512,0.943279,0.948409,0.947354,0.946107,0.952850,0.891359,0.952123,0.968235,0.957978,0.955091,0.961016,0.948658,0.943170,0.930145,0.923555,0.925437,0.982027,0.990222,0.914436,0.904512,0.976791,0.957978,0.933294,0.892505,1.037900
2.240770,1.017143,0.953482,0.946175,0.953186,0.978415,0.983718,0.976366,0.975953,1.020171,0.990426,0.986271,0.959462,0.981120,0.964495,0.943162,0.948256,0.947201,0.945954,0.952699,0.891232,0.951947,0.968040,0.957786,0.954923,0.960788,0.948504,0.943017,0.930035,0.923469,0.924968,0.982225,0.990365,0.914280,0.904441,0.976588,0.957786,0.933001,0.892476,1.037992
2.249100,1.017087,0.953231,0.946037,0.953170,0.978488,0.983804,0.976459,0.976050,1.020327,0.990502,0.986349,0.959527,0.981173,0.964490,0.943057,0.948116,0.947061,0.945815,0.952567,0.891128,0.951782,0.967852,0.957603,0.954768,0.960573,0.948363,0.942878,0.929939,0.923397,0.924506,0.982434,0.990518,0.914143,0.904396,0.976393,0.957603,0.932721,0.892459,1.038086
2.257430,1.017036,0.952991,0.945912,0.953166,0.978573,0.983901,0.976563,0.976158,1.020491,0.990588,0.986438,0.959603,0.981236,0.964496,0.942964,0.947988,0.946934,0.945688,0.952454,0.891045,0.951626,0.967673,0.957429,0.954624,0.960369,0.948236,0.942753,0.929856,0.923339,0.924051,0.982652,0.990681,0.914024,0.904379,0.976203,0.957429,0.932453,0.892454,1.038182
2.265760,1.016988,0.952761,0.945798,0.953173,0.978668,0.984008,0.976679,0.976277,1.020663,0.990685,0.986537,0.959690,0.981310,0.964514,0.942882,0.947871,0.946819,0.945573,0.952359,0.890984,0.951479,0.967500,0.957262,0.954492,0.960177,0.948122,0.942640,0.929787,0.923293,0.923604,0.982878,0.990852,0.913923,0.904388,0.976020,0.957262,0.932196,0.892462,1.038281
2.274090,1.016944,0.952540,0.945695,0.953191,0.978772,0.984125,0.976803,0.976406,1.020843,0.990791,0.986646,0.959785,0.981393,0.964541,0.942811,0.947766,0.946715,0.945469,0.952281,0.890943,0.951341,0.967335,0.957103,0.954370,0.959996,0.948021,0.942540,0.929731,0.923261,0.923163,0.983111,0.991030,0.913838,0.904422,0.975842,0.957103,0.931951,0.892480,1.038380
2.282420,1.016903,0.952327,0.945603,0.953218,0.978885,0.984250,0.976936,0.976543,1.021028,0.990905,0.986762,0.959889,0.981485,0.964577,0.942750,0.947671,0.946621,0.945375,0.952220,0.890922,0.951211,0.967176,0.956951,0.954258,0.959825,0.947932,0.942451,0.929687,0.923241,0.922727,0.983348,0.991215,0.913769,0.904482,0.975669,0.956951,0.931716,0.892511,1.038481
2.290750,1.016864,0.952123,0.945520,0.953254,0.979005,0.984383,0.977077,0.976687,1.021219,0.991025,0.986886,0.960001,0.981584,0.964621,0.942697,0.947586,0.946538,0.945291,0.952174,0.890921,0.951089,0.967023,0.956805,0.954155,0.959663,0.947854,0.942373,0.929656,0.923234,0.922298,0.983589,0.991404,0.913716,0.904565,0.975501,0.956805,0.931491,0.892553,1.038584
2.299080,1.016828,0.951926,0.945445,0.953297,0.979131,0.984520,0.977223,0.976838,1.021415,0.991152,0.987015,0.960118,0.981689,0.964672,0.942653,0.947510,0.946463,0.945216,0.952143,0.890938,0.950974,0.966876,0.956666,0.954061,0.959511,0.947786,0.942305,0.929637,0.923238,0.921874,0.983832,0.991597,0.913677,0.904672,0.975339,0.956666,0.931276,0.892606,1.038686
2.307410,1.016793,0.951736,0.945378,0.953346,0.979262,0.984663,0.977375,0.976994,1.021615,0.991283,0.987149,0.960239,0.981798,0.964728,0.942616,0.947442,0.946397,0.945149,0.952126,0.890973,0.950864,0.966734,0.956532,0.953975,0.959366,0.947729,0.942247,0.929628,0.923254,0.921454,0.984076,0.991793,0.913651,0.904801,0.975180,0.956532,0.931070,0.892671,1.038790
2.315740,1.016760,0.951552,0.945318,0.953401,0.979397,0.984809,0.977530,0.977154,1.021817,0.991418,0.987287,0.960365,0.981912,0.964790,0.942585,0.947381,0.946339,0.945089,0.952122,0.891024,0.950761,0.966596,0.956403,0.953897,0.959229,0.947681,0.942197,0.929631,0.923281,0.921039,0.984319,0.991990,0.913639,0.904952,0.975026,0.956403,0.930872,0.892746,1.038894
2.324070,1.016727,0.951373,0.945263,0.953460,0.979535,0.984958,0.977688,0.977317,1.022022,0.991556,0.987427,0.960494,0.982029,0.964855,0.942561,0.947327,0.946287,0.945036,0.952131,0.891092,0.950663,0.966462,0.956278,0.953824,0.959099,0.947642,0.942155,0.929645,0.923319,0.920628,0.984560,0.992188,0.913639,0.905124,0.974875,0.956278,0.930682,0.892831,1.038997
2.332400,1.016694,0.951199,0.945214,0.953522,0.979675,0.985108,0.977848,0.977482,1.022229,0.991695,0.987568,0.960624,0.982148,0.964923,0.942541,0.947279,0.946242,0.944988,0.952150,0.891174,0.950568,0.966332,0.956157,0.953757,0.958975,0.947611,0.942121,0.929668,0.923367,0.920220,0.984798,0.992384,0.913651,0.905315,0.974726,0.956157,0.930499,0.892926,1.039100
2.340730,1.016661,0.951028,0.945168,0.953587,0.979815,0.985259,0.978009,0.977648,1.022437,0.991834,0.987711,0.960755,0.982267,0.964994,0.942524,0.947235,0.946201,0.944945,0.952180,0.891270,0.950478,0.966204,0.956038,0.953695,0.958856,0.947587,0.942093,0.929700,0.923424,0.919815,0.985032,0.992580,0.913672,0.905524,0.974580,0.956038,0.930322,0.893031,1.039203
2.349060,1.016628,0.950860,0.945126,0.953654,0.979956,0.985409,0.978170,0.977814,1.022644,0.991973,0.987852,0.960885,0.982387,0.965065,0.942511,0.947196,0.946165,0.944905,0.952219,0.891379,0.950389,0.966077,0.955922,0.953637,0.958741,0.947570,0.942070,0.929741,0.923490,0.919412,0.985261,0.992773,0.913703,0.905751,0.974435,0.955922,0.930150,0.893144,1.039305
2.357390,1.016594,0.950695,0.945086,0.953721,0.980095,0.985558,0.978330,0.977980,1.022851,0.992111,0.987993,0.961015,0.982505,0.965137,0.942500,0.947159,0.946131,0.944868,0.952266,0.891500,0.950303,0.965952,0.955807,0.953582,0.958630,0.947558,0.942052,0.929789,0.923564,0.919010,0.985485,0.992962,0.913742,0.905994,0.974290,0.955807,0.929984,0.893266,1.039406
2.365720,1.016558,0.950531,0.945047,0.953788,0.980233,0.985705,0.978488,0.978143,1.023057,0.992246,0.988131,0.961142,0.982622,0.965207,0.942491,0.947125,0.946101,0.944834,0.952320,0.891631,0.950218,0.965827,0.955692,0.953529,0.958522,0.947551,0.942038,0.929845,0.923646,0.918610,0.985702,0.993148,0.913789,0.906251,0.974144,0.955692,0.929821,0.893396,1.039505
2.374050,1.016520,0.950368,0.945009,0.953854,0.980368,0.985848,0.978644,0.978305,1.023261,0.992378,0.988266,0.961267,0.982736,0.965277,0.942481,0.947092,0.946071,0.944800,0.952380,0.891772,0.950133,0.965701,0.955578,0.953477,0.958416,0.947547,0.942027,0.929907,0.923734,0.918211,0.985911,0.993329,0.913842,0.906523,0.973998,0.955578,0.929662,0.893533,1.039603
2.382380,1.016480,0.950205,0.944971,0.953919,0.980500,0.985988,0.978795,0.978463,1.023462,0.992507,0.988397,0.961388,0.982847,0.965344,0.942472,0.947060,0.946043,0.944766,0.952445,0.891922,0.950047,0.965574,0.955462,0.953426,0.958311,0.947547,0.942018,0.929975,0.923829,0.917812,0.986113,0.993505,0.913900,0.906806,0.973849,0.955462,0.929505,0.893676,1.039699
2.390710,1.016438,0.950041,0.944931,0.953980,0.980627,0.986123,0.978943,0.978617,1.023660,0.992631,0.988524,0.961505,0.982954,0.965407,0.942461,0.947027,0.946014,0.944732,0.952514,0.892079,0.949960,0.965445,0.955344,0.953375,0.958207,0.947549,0.942010,0.930047,0.923929,0.917412,0.986306,0.993674,0.913963,0.907101,0.973699,0.955344,0.929350,0.893826,1.039793
2.399040,1.016392,0.949875,0.944889,0.954038,0.980749,0.986253,0.979086,0.978766,1.023855,0.992750,0.988645,0.961617,0.983056,0.965468,0.942448,0.946994,0.945984,0.944697,0.952586,0.892242,0.949872,0.965314,0.955225,0.953322,0.958102,0.947552,0.942002,0.930124,0.924033,0.917012,0.986491,0.993837,0.914030,0.907405,0.973545,0.955225,0.929197,0.893981,1.039885
2.407370,1.016343,0.949708,0.944844,0.954093,0.980866,0.986378,0.979223,0.978910,1.024045,0.992863,0.988761,0.961724,0.983153,0.965523,0.942433,0.946958,0.945953,0.944660,0.952659,0.892410,0.949781,0.965180,0.955103,0.953268,0.957997,0.947556,0.941994,0.930204,0.924141,0.916611,0.986666,0.993994,0.914099,0.907718,0.973388,0.955103,0.929044,0.894140,1.039975
2.415700,1.016290,0.949538,0.944796,0.954142,0.980977,0.986495,0.979355,0.979048,1.024231,0.992969,0.988870,0.961824,0.983243,0.965574,0.942414,0.946920,0.945919,0.944619,0.952734,0.892582,0.949687,0.965042,0.954977,0.953212,0.957890,0.947560,0.941985,0.930287,0.924253,0.916207,0.986831,0.994142,0.914169,0.908038,0.973227,0.954977,0.928890,0.894304,1.040062
2.424030,1.016234,0.949365,0.944744,0.954186,0.981081,0.986606,0.979479,0.979180,1.024411,0.993069,0.988973,0.961918,0.983327,0.965619,0.942392,0.946879,0.945883,0.944576,0.952809,0.892758,0.949590,0.964901,0.954849,0.953153,0.957780,0.947563,0.941975,0.930371,0.924367,0.915802,0.986986,0.994283,0.914241,0.908365,0.973062,0.954849,0.928736,0.894471,1.040147
2.432360,1.016173,0.949187,0.944687,0.954224,0.981178,0.986709,0.979596,0.979304,1.024586,0.993162,0.989068,0.962004,0.983404,0.965658,0.942366,0.946835,0.945842,0.944528,0.952883,0.892936,0.949489,0.964756,0.954716,0.953091,0.957668,0.947565,0.941961,0.930457,0.924483,0.915394,0.987130,0.994416,0.914312,0.908696,0.972893,0.954716,0.928580,0.894640,1.040229
2.440690,1.016107,0.949006,0.944625,0.954256,0.981267,0.986805,0.979706,0.979421,1.024755,0.993246,0.989155,0.962083,0.983474,0.965690,0.942335,0.946787,0.945798,0.944476,0.952955,0.893115,0.949384,0.964607,0.954580,0.953025,0.957552,0.947564,0.941945,0.930543,0.924599,0.914983,0.987264,0.994541,0.914383,0.909031,0.972721,0.954580,0.928422,0.894812,1.040308
2.449020,1.016037,0.948819,0.944557,0.954282,0.981348,0.986892,0.979808,0.979530,1.024918,0.993323,0.989234,0.962154,0.983535,0.965715,0.942298,0.946734,0.945749,0.944418,0.953026,0.893294,0.949275,0.964454,0.954439,0.952955,0.957431,0.947561,0.941926,0.930629,0.924717,0.914568,0.987387,0.994656,0.914452,0.909369,0.972544,0.954439,0.928261,0.894985,1.040384
2.457350,1.015962,0.948628,0.944483,0.954299,0.981421,0.986970,0.979901,0.979631,1.025075,0.993390,0.989305,0.962216,0.983589,0.965733,0.942256,0.946676,0.945696,0.944356,0.953093,0.893473,0.949161,0.964297,0.954294,0.952880,0.957307,0.947554,0.941902,0.930715,0.924833,0.914150,0.987499,0.994763,0.914518,0.909708,0.972363,0.954294,0.928097,0.895158,1.040456
2.465680,1.015882,0.948430,0.944402,0.954310,0.981485,0.987039,0.979985,0.979723,1.025224,0.993450,0.989366,0.962270,0.983634,0.965743,0.942208,0.946613,0.945636,0.944287,0.953157,0.893651,0.949043,0.964135,0.954145,0.952800,0.957177,0.947543,0.941873,0.930799,0.924949,0.913728,0.987600,0.994860,0.914582,0.910048,0.972178,0.954145,0.927929,0.895332,1.040526
2.474010,1.015797,0.948227,0.944314,0.954312,0.981541,0.987099,0.980061,0.979806,1.025366,0.993499,0.989419,0.962315,0.983670,0.965745,0.942153,0.946544,0.945571,0.944211,0.953217,0.893826,0.948919,0.963968,0.953991,0.952715,0.957041,0.947528,0.941839,0.930881,0.925064,0.913302,0.987690,0.994949,0.914643,0.910388,0.971990,0.953991,0.927756,0.895505,1.040592
2.482340,1.015707,0.948017,0.944218,0.954306,0.981586,0.987150,0.980127,0.979880,1.025501,0.993540,0.989462,0.962350,0.983697,0.965738,0.942092,0.946469,0.945500,0.944129,0.953271,0.893999,0.948790,0.963797,0.953832,0.952624,0.956900,0.947508,0.941800,0.930960,0.925176,0.912871,0.987768,0.995027,0.914699,0.910725,0.971797,0.953832,0.927579,0.895678,1.040655
2.490670,1.015611,0.947800,0.944114,0.954292,0.981623,0.987191,0.980184,0.979944,1.025629,0.993571,0.989495,0.962377,0.983715,0.965724,0.942024,0.946388,0.945421,0.944040,0.953321,0.894167,0.948657,0.963622,0.953669,0.952528,0.956752,0.947483,0.941755,0.931036,0.925285,0.912436,0.987835,0.995097,0.914750,0.911060,0.971600,0.953669,0.927397,0.895848,1.040715
2.499000,1.015510,0.947575,0.944002,0.954268,0.981649,0.987222,0.980231,0.979999,1.025749,0.993592,0.989519,0.962393,0.983723,0.965700,0.941949,0.946301,0.945337,0.943944,0.953364,0.894332,0.948517,0.963442,0.953500,0.952426,0.956597,0.947451,0.941703,0.931108,0.925391,0.911995,0.987890,0.995156,0.914796,0.911392,0.971400,0.953500,0.927209,0.896016,1.040771
2.507330,1.015403,0.947344,0.943881,0.954236,0.981666,0.987243,0.980268,0.980044,1.025861,0.993604,0.989533,0.962400,0.983722,0.965667,0.941866,0.946206,0.945244,0.943839,0.953401,0.894491,0.948373,0.963257,0.953328,0.952317,0.956435,0.947413,0.941645,0.931175,0.925492,0.911549,0.987934,0.995206,0.914836,0.911720,0.971197,0.953328,0.927014,0.896181,1.040824
2.515660,1.015291,0.947105,0.943752,0.954194,0.981673,0.987254,0.980295,0.980080,1.025965,0.993605,0.989537,0.962397,0.983711,0.965625,0.941776,0.946105,0.945145,0.943727,0.953431,0.894645,0.948222,0.963069,0.953150,0.952202,0.956266,0.947369,0.941579,0.931238,0.925589,0.911098,0.987967,0.995246,0.914870,0.912042,0.970991,0.953150,0.926813,0.896342,1.040874
2.523990,1.015173,0.946858,0.943613,0.954143,0.981670,0.987255,0.980313,0.980105,1.026061,0.993597,0.989530,0.962385,0.983690,0.965574,0.941679,0.945997,0.945038,0.943607,0.953453,0.894793,0.948067,0.962876,0.952968,0.952081,0.956089,0.947317,0.941506,0.931295,0.925681,0.910641,0.987989,0.995276,0.914897,0.912358,0.970781,0.952968,0.926606,0.896499,1.040920
2.532320,1.015050,0.946602,0.943466,0.954083,0.981657,0.987246,0.980320,0.980120,1.026149,0.993578,0.989514,0.962362,0.983659,0.965514,0.941573,0.945882,0.944923,0.943478,0.953468,0.894934,0.947906,0.962679,0.952781,0.951953,0.955904,0.947257,0.941425,0.931346,0.925767,0.910179,0.988000,0.995297,0.914917,0.912667,0.970568,0.952781,0.926391,0.896651,1.040963
2.540650,1.014922,0.946339,0.943309,0.954013,0.981634,0.987226,0.980317,0.980125,1.026229,0.993550,0.989488,0.962330,0.983619,0.965444,0.941460,0.945760,0.944800,0.943341,0.953476,0.895067,0.947739,0.962478,0.952590,0.951818,0.955710,0.947190,0.941336,0.931391,0.925847,0.909711,0.988000,0.995308,0.914929,0.912969,0.970353,0.952590,0.926169,0.896798,1.041002
2.548980,1.014788,0.946067,0.943142,0.953933,0.981601,0.987197,0.980304,0.980121,1.026301,0.993511,0.989451,0.962287,0.983569,0.965365,0.941339,0.945630,0.944670,0.943196,0.953474,0.895193,0.947567,0.962273,0.952395,0.951677,0.955508,0.947114,0.941239,0.931429,0.925920,0.909237,0.987989,0.995309,0.914934,0.913263,0.970136,0.952395,0.925939,0.896939,1.041039
2.557310,1.014649,0.945787,0.942966,0.953844,0.981557,0.987157,0.980281,0.980106,1.026365,0.993462,0.989405,0.962234,0.983508,0.965276,0.941210,0.945493,0.944531,0.943042,0.953465,0.895311,0.947390,0.962064,0.952195,0.951529,0.955298,0.947030,0.941134,0.931459,0.925986,0.908757,0.987967,0.995300,0.914931,0.913548,0.969916,0.952195,0.925701,0.897073,1.041072
2.565640,1.014504,0.945499,0.942780,0.953745,0.981504,0.987107,0.980247,0.980081,1.026421,0.993403,0.989348,0.962172,0.983438,0.965178,0.941074,0.945349,0.944384,0.942879,0.953447,0.895420,0.947208,0.961852,0.951992,0.951375,0.955078,0.946938,0.941020,0.931481,0.926044,0.908271,0.987935,0.995282,0.914920,0.913823,0.969695,0.951992,0.925455,0.897201,1.041102
2.573970,1.014355,0.945202,0.942585,0.953637,0.981441,0.987047,0.980204,0.980046,1.026469,0.993335,0.989281,0.962100,0.983359,0.965071,0.940929,0.945197,0.944229,0.942708,0.953420,0.895520,0.947020,0.961636,0.951784,0.951213,0.954850,0.946836,0.940897,0.931495,0.926094,0.907779,0.987893,0.995255,0.914900,0.914088,0.969472,0.951784,0.925201,0.897321,1.041128
2.582300,1.014201,0.944897,0.942380,0.953519,0.981368,0.986977,0.980151,0.980001,1.026509,0.993256,0.989205,0.962018,0.983269,0.964955,0.940777,0.945039,0.944066,0.942528,0.953384,0.895611,0.946828,0.961418,0.951573,0.951046,0.954613,0.946726,0.940766,0.931501,0.926135,0.907282,0.987840,0.995218,0.914872,0.914343,0.969247,0.951573,0.924939,0.897433,1.041152
2.590630,1.014042,0.944583,0.942166,0.953392,0.981285,0.986897,0.980089,0.979946,1.026542,0.993168,0.989119,0.961926,0.983170,0.964829,0.940617,0.944873,0.943895,0.942339,0.953339,0.895693,0.946630,0.961196,0.951358,0.950872,0.954367,0.946606,0.940625,0.931498,0.926167,0.906778,0.987778,0.995172,0.914836,0.914587,0.969022,0.951358,0.924667,0.897537,1.041173
2.598960,1.013879,0.944261,0.941942,0.953255,0.981192,0.986808,0.980016,0.979882,1.026566,0.993071,0.989023,0.961825,0.983062,0.964695,0.940449,0.944700,0.943716,0.942142,0.953285,0.895765,0.946429,0.960972,0.951140,0.950691,0.954112,0.946476,0.940476,0.931485,0.926190,0.906269,0.987706,0.995117,0.914792,0.914819,0.968795,0.951140,0.924388,0.897632,1.041191
2.607290,1.013711,0.943931,0.941709,0.953109,0.981091,0.986709,0.979934,0.979809,1.026583,0.992963,0.988918,0.961715,0.982944,0.964552,0.940274,0.944520,0.943529,0.941936,0.953222,0.895827,0.946222,0.960745,0.950919,0.950504,0.953848,0.946338,0.940318,0.931463,0.926204,0.905754,0.987625,0.995053,0.914738,0.915040,0.968568,0.950919,0.924100,0.897717,1.041206
2.615620,1.013540,0.943593,0.941467,0.952954,0.980980,0.986601,0.979844,0.979726,1.026593,0.992847,0.988804,0.961596,0.982818,0.964400,0.940092,0.944333,0.943334,0.941722,0.953150,0.895879,0.946012,0.960516,0.950695,0.950311,0.953575,0.946190,0.940152,0.931431,0.926207,0.905234,0.987535,0.994980,0.914677,0.915248,0.968341,0.950695,0.923803,0.897793,1.041219
2.623950,1.013364,0.943246,0.941216,0.952790,0.980860,0.986484,0.979743,0.979634,1.026595,0.992722,0.988681,0.961467,0.982682,0.964239,0.939903,0.944140,0.943131,0.941500,0.953069,0.895922,0.945797,0.960285,0.950468,0.950113,0.953294,0.946032,0.939976,0.931389,0.926200,0.904708,0.987436,0.994899,0.914607,0.915444,0.968113,0.950468,0.923497,0.897859,1.041229
2.632280,1.013185,0.942892,0.940955,0.952617,0.980731,0.986358,0.979635,0.979533,1.026591,0.992588,0.988549,0.961330,0.982538,0.964070,0.939707,0.943940,0.942921,0.941270,0.952979,0.895953,0.945579,0.960053,0.950239,0.949908,0.953004,0.945865,0.939791,0.931337,0.926183,0.904177,0.987329,0.994809,0.914529,0.915628,0.967886,0.950239,0.923184,0.897915,1.041237
2.640610,1.013002,0.942531,0.940686,0.952436,0.980593,0.986223,0.979517,0.979424,1.026579,0.992445,0.988408,0.961185,0.982385,0.963894,0.939504,0.943734,0.942703,0.941032,0.952880,0.895975,0.945357,0.959819,0.950008,0.949698,0.952705,0.945688,0.939598,0.931274,0.926155,0.903640,0.987213,0.994711,0.914442,0.915798,0.967659,0.950008,0.922861,0.897961,1.041242
2.648940,1.012816,0.942162,0.940409,0.952247,0.980448,0.986081,0.979391,0.979306,1.026561,0.992294,0.988259,0.961031,0.982225,0.963709,0.939294,0.943522,0.942478,0.940786,0.952773,0.895987,0.945131,0.959583,0.949775,0.949483,0.952398,0.945502,0.939397,0.931201,0.926116,0.903099,0.987089,0.994605,0.914348,0.915956,0.967432,0.949775,0.922531,0.897995,1.041246
2.657270,1.012628,0.941786,0.940123,0.952049,0.980294,0.985930,0.979257,0.979180,1.026536,0.992135,0.988102,0.960869,0.982056,0.963517,0.939079,0.943305,0.942247,0.940533,0.952657,0.895988,0.944902,0.959346,0.949540,0.949262,0.952082,0.945306,0.939186,0.931117,0.926066,0.902554,0.986957,0.994491,0.914245,0.916100,0.967206,0.949540,0.922192,0.898018,1.041247
2.665600,1.012437,0.941403,0.939830,0.951844,0.980132,0.985771,0.979115,0.979046,1.026505,0.991968,0.987937,0.960700,0.981879,0.963317,0.938857,0.943081,0.942008,0.940273,0.952533,0.895979,0.944671,0.959109,0.949303,0.949037,0.951759,0.945101,0.938968,0.931023,0.926005,0.902004,0.986818,0.994370,0.914135,0.916231,0.966982,0.949303,0.921845,0.898030,1.041246
2.673930,1.012243,0.941014,0.939528,0.951631,0.979963,0.985604,0.978966,0.978905,1.026468,0.991793,0.987765,0.960523,0.981695,0.963110,0.938630,0.942853,0.941763,0.940006,0.952401,0.895960,0.944437,0.958871,0.949065,0.948807,0.951427,0.944887,0.938741,0.930917,0.925932,0.901449,0.986672,0.994242,0.914018,0.916349,0.966758,0.949065,0.921490,0.898031,1.041244
2.682260,1.012048,0.940619,0.939220,0.951410,0.979786,0.985430,0.978809,0.978756,1.026425,0.991611,0.987585,0.960338,0.981504,0.962897,0.938397,0.942619,0.941512,0.939732,0.952261,0.895931,0.944200,0.958632,0.948826,0.948572,0.951089,0.944664,0.938507,0.930801,0.925848,0.900891,0.986519,0.994106,0.913893,0.916453,0.966536,0.948826,0.921128,0.898020,1.041240
2.690590,1.011851,0.940218,0.938904,0.951183,0.979602,0.985249,0.978645,0.978600,1.026376,0.991422,0.987398,0.960147,0.981306,0.962677,0.938159,0.942381,0.941255,0.939452,0.952114,0.895893,0.943961,0.958394,0.948587,0.948334,0.950743,0.944432,0.938264,0.930674,0.925753,0.900330,0.986359,0.993963,0.913761,0.916544,0.966316,0.948587,0.920758,0.897997,1.041234
2.698920,1.011652,0.939811,0.938582,0.950949,0.979412,0.985062,0.978474,0.978436,1.026322,0.991226,0.987204,0.959949,0.981102,0.962450,0.937916,0.942138,0.940992,0.939166,0.951959,0.895844,0.943720,0.958155,0.948346,0.948092,0.950390,0.944191,0.938014,0.930536,0.925646,0.899765,0.986193,0.993814,0.913623,0.916622,0.966098,0.948346,0.920382,0.897962,1.041227
2.707250,1.011453,0.939399,0.938253,0.950709,0.979215,0.984868,0.978296,0.978267,1.026262,0.991024,0.987004,0.959745,0.980891,0.962218,0.937668,0.941891,0.940723,0.938874,0.951797,0.895786,0.943477,0.957917,0.948106,0.947846,0.950030,0.943941,0.937757,0.930387,0.925528,0.899197,0.986021,0.993658,0.913477,0.916687,0.965881,0.948106,0.919998,0.897916,1.041219
2.715580,1.011252,0.938982,0.937918,0.950463,0.979012,0.984667,0.978113,0.978091,1.026198,0.990816,0.986798,0.959534,0.980674,0.961980,0.937417,0.941640,0.940450,0.938577,0.951628,0.895719,0.943233,0.957679,0.947865,0.947596,0.949664,0.943683,0.937493,0.930228,0.925398,0.898627,0.985844,0.993497,0.913326,0.916738,0.965666,0.947865,0.919608,0.897857,1.041210
2.723910,1.011051,0.938561,0.937578,0.950210,0.978803,0.984461,0.977923,0.977909,1.026128,0.990601,0.986586,0.959318,0.980451,0.961737,0.937161,0.941385,0.940172,0.938275,0.951453,0.895643,0.942988,0.957442,0.947624,0.947344,0.949292,0.943418,0.937222,0.930058,0.925258,0.898054,0.985660,0.993329,0.913169,0.916777,0.965454,0.947624,0.919212,0.897787,1.041199
2.732240,1.010850,0.938136,0.937232,0.949953,0.978589,0.984249,0.977728,0.977721,1.026054,0.990382,0.986368,0.959096,0.980223,0.961489,0.936901,0.941127,0.939889,0.937968,0.951272,0.895558,0.942742,0.957205,0.947383,0.947089,0.948914,0.943144,0.936945,0.929878,0.925106,0.897479,0.985472,0.993155,0.913006,0.916803,0.965244,0.947383,0.918810,0.897705,1.041188
2.740570,1.010649,0.937708,0.936882,0.949690,0.978369,0.984032,0.977527,0.977528,1.025976,0.990156,0.986146,0.958869,0.979990,0.961237,0.936639,0.940866,0.939602,0.937656,0.951086,0.895465,0.942495,0.956970,0.947143,0.946832,0.948531,0.942863,0.936662,0.929687,0.924943,0.896903,0.985278,0.992977,0.912838,0.916818,0.965037,0.947143,0.918403,0.897610,1.041176
2.748900,1.010448,0.937276,0.936527,0.949423,0.978144,0.983810,0.977321,0.977330,1.025893,0.989926,0.985918,0.958638,0.979752,0.960979,0.936373,0.940603,0.939311,0.937341,0.950894,0.895364,0.942247,0.956736,0.946904,0.946572,0.948143,0.942575,0.936373,0.929486,0.924769,0.896326,0.985080,0.992793,0.912665,0.916820,0.964832,0.946904,0.917990,0.897505,1.041163
2.757230,1.010252,0.936850,0.936182,0.949173,0.977935,0.983603,0.977131,0.977147,1.025817,0.989709,0.985704,0.958418,0.979528,0.960739,0.936124,0.940354,0.939033,0.937037,0.950710,0.895271,0.942012,0.956512,0.946676,0.946329,0.947759,0.942292,0.936092,0.929288,0.924594,0.895752,0.984889,0.992616,0.912496,0.916824,0.964633,0.946676,0.917577,0.897394,1.041153
2.765560,1.010048,0.936397,0.935795,0.948865,0.977673,0.983345,0.976888,0.976911,1.025711,0.989445,0.985441,0.958153,0.979254,0.960444,0.935819,0.940053,0.938705,0.936687,0.950479,0.895123,0.941734,0.956254,0.946409,0.946031,0.947347,0.941964,0.935763,0.929036,0.924369,0.895170,0.984666,0.992406,0.912293,0.916777,0.964414,0.946409,0.917139,0.897237,1.041135
2.773890,1.009850,0.935961,0.935431,0.948585,0.977435,0.983110,0.976669,0.976699,1.025618,0.989202,0.985200,0.957909,0.979004,0.960176,0.935547,0.939785,0.938407,0.936364,0.950276,0.895002,0.941488,0.956027,0.946176,0.945768,0.946949,0.941658,0.935461,0.928809,0.924166,0.894594,0.984456,0.992208,0.912110,0.916749,0.964220,0.946176,0.916717,0.897100,1.041122
2.782220,1.009655,0.935524,0.935066,0.948304,0.977196,0.982872,0.976447,0.976485,1.025522,0.988956,0.984957,0.957662,0.978752,0.959907,0.935275,0.939518,0.938108,0.936040,0.950071,0.894876,0.941245,0.955803,0.945945,0.945506,0.946550,0.941349,0.935156,0.928574,0.923955,0.894018,0.984243,0.992007,0.911924,0.916713,0.964030,0.945945,0.916292,0.896953,1.041108
2.790550,1.009462,0.935087,0.934699,0.948021,0.976954,0.982633,0.976223,0.976268,1.025423,0.988708,0.984712,0.957413,0.978497,0.959636,0.935004,0.939251,0.937808,0.935714,0.949864,0.894746,0.941004,0.955583,0.945717,0.945245,0.946148,0.941034,0.934848,0.928332,0.923736,0.893444,0.984027,0.991803,0.911737,0.916669,0.963844,0.945717,0.915864,0.896796,1.041094
2.798880,1.009271,0.934650,0.934331,0.947736,0.976709,0.982390,0.975996,0.976048,1.025322,0.988458,0.984464,0.957162,0.978240,0.959364,0.934732,0.938984,0.937508,0.935388,0.949655,0.894612,0.940764,0.955365,0.945491,0.944984,0.945743,0.940715,0.934536,0.928082,0.923507,0.892871,0.983808,0.991595,0.911548,0.916617,0.963662,0.945491,0.915434,0.896629,1.041081
2.807210,1.009085,0.934218,0.933972,0.947466,0.976477,0.982161,0.975783,0.975842,1.025226,0.988219,0.984228,0.956921,0.977996,0.959106,0.934474,0.938729,0.937217,0.935072,0.949454,0.894485,0.940534,0.955156,0.945274,0.944738,0.945342,0.940401,0.934232,0.927833,0.923276,0.892301,0.983595,0.991393,0.911362,0.916566,0.963483,0.945274,0.915004,0.896457,1.041069
2.815540,1.008895,0.933768,0.933582,0.947151,0.976205,0.981891,0.975527,0.975592,1.025106,0.987943,0.983953,0.956645,0.977713,0.958806,0.934174,0.938435,0.936890,0.934720,0.949218,0.894316,0.940273,0.954921,0.945029,0.944449,0.944923,0.940051,0.933891,0.927540,0.923004,0.891729,0.983357,0.991166,0.911153,0.916477,0.963291,0.945029,0.914558,0.896246,1.041053
2.823870,1.008712,0.933333,0.933211,0.946859,0.975952,0.981640,0.975291,0.975363,1.024997,0.987685,0.983698,0.956386,0.977449,0.958528,0.933901,0.938169,0.936586,0.934392,0.949005,0.894170,0.940038,0.954711,0.944810,0.944190,0.944515,0.939720,0.933572,0.927267,0.922751,0.891163,0.983131,0.990949,0.910960,0.916404,0.963119,0.944810,0.914125,0.896050,1.041040
2.832200,1.008532,0.932900,0.932840,0.946567,0.975698,0.981389,0.975055,0.975133,1.024886,0.987425,0.983441,0.956127,0.977184,0.958251,0.933630,0.937904,0.936284,0.934064,0.948792,0.894021,0.939805,0.954505,0.944595,0.943932,0.944107,0.939387,0.933251,0.926988,0.922490,0.890600,0.982902,0.990729,0.910767,0.916325,0.962950,0.944595,0.913691,0.895846,1.041027
2.840530,1.008355,0.932468,0.932471,0.946275,0.975444,0.981137,0.974817,0.974902,1.024774,0.987165,0.983183,0.955866,0.976919,0.957974,0.933360,0.937641,0.935982,0.933736,0.948580,0.893870,0.939575,0.954302,0.944382,0.943677,0.943699,0.939051,0.932929,0.926702,0.922222,0.890040,0.982673,0.990508,0.910574,0.916241,0.962785,0.944382,0.913258,0.895633,1.041015
2.848860,1.008182,0.932038,0.932101,0.945983,0.975189,0.980884,0.974578,0.974669,1.024659,0.986904,0.982925,0.955605,0.976653,0.957696,0.933091,0.937379,0.935681,0.933410,0.948368,0.893717,0.939348,0.954102,0.944173,0.943423,0.943291,0.938712,0.932606,0.926411,0.921947,0.889483,0.982443,0.990284,0.910382,0.916152,0.962622,0.944173,0.912825,0.895412,1.041004
2.857190,1.008013,0.931611,0.931733,0.945690,0.974933,0.980630,0.974338,0.974435,1.024543,0.986642,0.982665,0.955343,0.976387,0.957419,0.932823,0.937120,0.935381,0.933084,0.948157,0.893563,0.939123,0.953905,0.943966,0.943171,0.942884,0.938371,0.932282,0.926114,0.921665,0.888930,0.982213,0.990058,0.910190,0.916059,0.962463,0.943966,0.912393,0.895183,1.040993
2.865520,1.007847,0.931187,0.931367,0.945398,0.974677,0.980376,0.974097,0.974200,1.024426,0.986380,0.982406,0.955081,0.976121,0.957142,0.932558,0.936862,0.935082,0.932760,0.947947,0.893407,0.938900,0.953711,0.943761,0.942921,0.942478,0.938028,0.931958,0.925812,0.921378,0.888381,0.981984,0.989831,0.909999,0.915962,0.962307,0.943761,0.911963,0.894946,1.040983
2.873850,1.007685,0.930766,0.931002,0.945107,0.974421,0.980122,0.973856,0.973965,1.024308,0.986118,0.982147,0.954820,0.975855,0.956867,0.932294,0.936606,0.934785,0.932438,0.947739,0.893251,0.938681,0.953520,0.943560,0.942673,0.942073,0.937685,0.931634,0.925505,0.921085,0.887836,0.981757,0.989603,0.909809,0.915862,0.962155,0.943560,0.911534,0.894703,1.040973
2.882180,1.007527,0.930350,0.930640,0.944816,0.974166,0.979869,0.973616,0.973730,1.024188,0.985857,0.981889,0.954559,0.975590,0.956593,0.932033,0.936354,0.934490,0.932118,0.947532,0.893095,0.938465,0.953333,0.943363,0.942429,0.941671,0.937341,0.931310,0.925195,0.920787,0.887297,0.981532,0.989374,0.909622,0.915759,0.962005,0.943363,0.911108,0.894453,1.040965
2.890510,1.007374,0.929938,0.930282,0.944529,0.973913,0.979618,0.973377,0.973497,1.024069,0.985597,0.981632,0.954300,0.975327,0.956321,0.931776,0.936105,0.934199,0.931802,0.947329,0.892939,0.938252,0.953150,0.943170,0.942188,0.941272,0.936998,0.930988,0.924882,0.920486,0.886763,0.981311,0.989145,0.909437,0.915655,0.961860,0.943170,0.910686,0.894199,1.040957
2.898840,1.007226,0.929532,0.929928,0.944243,0.973662,0.979369,0.973140,0.973264,1.023950,0.985340,0.981377,0.954043,0.975066,0.956052,0.931523,0.935860,0.933911,0.931490,0.947130,0.892785,0.938045,0.952971,0.942981,0.941951,0.940877,0.936655,0.930669,0.924566,0.920182,0.886235,0.981095,0.988916,0.909255,0.915550,0.961718,0.942981,0.910267,0.893940,1.040950
2.907170,1.007083,0.929132,0.929579,0.943962,0.973414,0.979124,0.972906,0.973035,1.023831,0.985085,0.981126,0.953790,0.974808,0.955787,0.931274,0.935621,0.933628,0.931182,0.946935,0.892634,0.937842,0.952797,0.942797,0.941719,0.940487,0.936315,0.930353,0.924250,0.919876,0.885714,0.980885,0.988688,0.909077,0.915445,0.961581,0.942797,0.909854,0.893679,1.040945
2.915500,1.006945,0.928739,0.929236,0.943684,0.973170,0.978882,0.972674,0.972808,1.023713,0.984833,0.980877,0.953539,0.974554,0.955527,0.931031,0.935386,0.933350,0.930880,0.946745,0.892485,0.937644,0.952629,0.942618,0.941492,0.940101,0.935978,0.930040,0.923934,0.919570,0.885201,0.980681,0.988461,0.908903,0.915342,0.961448,0.942618,0.909446,0.893415,1.040941
2.923830,1.006813,0.928354,0.928899,0.943412,0.972930,0.978645,0.972447,0.972585,1.023596,0.984586,0.980634,0.953293,0.974304,0.955271,0.930793,0.935159,0.933078,0.930584,0.946561,0.892341,0.937453,0.952466,0.942445,0.941272,0.939721,0.935645,0.929732,0.923618,0.919263,0.884694,0.980484,0.988236,0.908734,0.915240,0.961320,0.942445,0.909044,0.893149,1.040938
2.932160,1.006687,0.927976,0.928570,0.943145,0.972696,0.978413,0.972224,0.972366,1.023480,0.984343,0.980395,0.953052,0.974059,0.955021,0.930563,0.934938,0.932812,0.930295,0.946384,0.892201,0.937268,0.952310,0.942279,0.941058,0.939348,0.935316,0.929430,0.923304,0.918958,0.884196,0.980296,0.988012,0.908571,0.915141,0.961197,0.942279,0.908649,0.892883,1.040937
2.940490,1.006566,0.927607,0.928248,0.942884,0.972467,0.978187,0.972006,0.972152,1.023366,0.984105,0.980161,0.952816,0.973820,0.954777,0.930339,0.934724,0.932554,0.930013,0.946214,0.892067,0.937091,0.952160,0.942119,0.940851,0.938982,0.934993,0.929133,0.922992,0.918654,0.883706,0.980117,0.987791,0.908414,0.915046,0.961080,0.942119,0.908261,0.892617,1.040937
2.948820,1.006452,0.927247,0.927934,0.942630,0.972244,0.977967,0.971794,0.971942,1.023255,0.983873,0.979933,0.952587,0.973586,0.954540,0.930123,0.934518,0.932303,0.929738,0.946053,0.891939,0.936920,0.952018,0.941967,0.940652,0.938623,0.934675,0.928843,0.922684,0.918352,0.883225,0.979948,0.987573,0.908264,0.914955,0.960969,0.941967,0.907881,0.892352,1.040938
2.957150,1.006344,0.926896,0.927628,0.942383,0.972028,0.977753,0.971587,0.971739,1.023145,0.983647,0.979711,0.952363,0.973359,0.954310,0.929915,0.934321,0.932060,0.929473,0.945899,0.891817,0.936758,0.951882,0.941822,0.940461,0.938272,0.934363,0.928560,0.922379,0.918054,0.882753,0.979788,0.987359,0.908121,0.914870,0.960864,0.941822,0.907509,0.892090,1.040942
2.965480,1.006242,0.926555,0.927332,0.942143,0.971818,0.977547,0.971387,0.971541,1.023038,0.983427,0.979496,0.952146,0.973139,0.954088,0.929716,0.934132,0.931826,0.929216,0.945754,0.891703,0.936603,0.951754,0.941685,0.940278,0.937929,0.934058,0.928285,0.922079,0.917760,0.882291,0.979639,0.987148,0.907985,0.914789,0.960766,0.941685,0.907146,0.891829,1.040947
2.973810,1.006147,0.926224,0.927046,0.941912,0.971616,0.977348,0.971194,0.971350,1.022934,0.983215,0.979289,0.951937,0.972926,0.953873,0.929526,0.933953,0.931600,0.928968,0.945620,0.891597,0.936457,0.951634,0.941556,0.940104,0.937595,0.933761,0.928018,0.921784,0.917471,0.881838,0.979501,0.986941,0.907858,0.914716,0.960675,0.941556,0.906792,0.891573,1.040953
2.982140,1.006058,0.925903,0.926769,0.941689,0.971422,0.977157,0.971008,0.971165,1.022832,0.983010,0.979089,0.951735,0.972721,0.953667,0.929345,0.933783,0.931385,0.928730,0.945495,0.891499,0.936320,0.951523,0.941435,0.939940,0.937270,0.933472,0.927760,0.921496,0.917188,0.881395,0.979374,0.986739,0.907740,0.914649,0.960591,0.941435,0.906448,0.891320,1.040962
2.990470,1.005976,0.925594,0.926503,0.941475,0.971236,0.976974,0.970829,0.970988,1.022734,0.982813,0.978897,0.951541,0.972524,0.953471,0.929174,0.933623,0.931179,0.928502,0.945381,0.891411,0.936193,0.951420,0.941324,0.939785,0.936955,0.933192,0.927511,0.921214,0.916911,0.880962,0.979259,0.986542,0.907630,0.914590,0.960514,0.941324,0.906114,0.891073,1.040972
2.998800,1.005901,0.925296,0.926248,0.941270,0.971059,0.976800,0.970658,0.970818,1.022639,0.982624,0.978714,0.951356,0.972336,0.953283,0.929013,0.933474,0.930984,0.928285,0.945277,0.891332,0.936075,0.951327,0.941222,0.939641,0.936650,0.932922,0.927272,0.920941,0.916642,0.880539,0.979156,0.986351,0.907531,0.914540,0.960446,0.941222,0.905790,0.890832,1.040984
3.007130,1.005832,0.925009,0.926004,0.941075,0.970891,0.976636,0.970496,0.970657,1.022547,0.982444,0.978540,0.951180,0.972157,0.953105,0.928863,0.933336,0.930799,0.928079,0.945186,0.891263,0.935967,0.951242,0.941129,0.939507,0.936356,0.932661,0.927043,0.920675,0.916381,0.880128,0.979066,0.986166,0.907441,0.914499,0.960386,0.941129,0.905478,0.890597,1.040998
3.015460,1.005770,0.924734,0.925772,0.940890,0.970732,0.976480,0.970342,0.970503,1.022460,0.982274,0.978375,0.951013,0.971987,0.952938,0.928724,0.933209,0.930626,0.927884,0.945106,0.891205,0.935870,0.951168,0.941046,0.939384,0.936072,0.932411,0.926825,0.920419,0.916128,0.879727,0.978987,0.985989,0.907362,0.914467,0.960334,0.941046,0.905177,0.890371,1.041014
3.023790,1.005715,0.924471,0.925552,0.940716,0.970584,0.976335,0.970197,0.970358,1.022376,0.982114,0.978220,0.950857,0.971828,0.952781,0.928597,0.933094,0.930465,0.927701,0.945039,0.891158,0.935783,0.951103,0.940974,0.939273,0.935800,0.932172,0.926619,0.920173,0.915886,0.879337,0.978922,0.985819,0.907294,0.914445,0.960292,0.940974,0.904888,0.890153,1.041031
3.032120,1.005667,0.924221,0.925345,0.940553,0.970445,0.976201,0.970062,0.970223,1.022297,0.981963,0.978075,0.950711,0.971679,0.952636,0.928481,0.932991,0.930316,0.927531,0.944985,0.891123,0.935708,0.951049,0.940912,0.939173,0.935539,0.931944,0.926424,0.919937,0.915654,0.878958,0.978869,0.985657,0.907238,0.914435,0.960259,0.940912,0.904611,0.889944,1.041051
3.040450,1.005626,0.923984,0.925151,0.940401,0.970317,0.976077,0.969937,0.970096,1.022222,0.981824,0.977941,0.950575,0.971542,0.952502,0.928378,0.932900,0.930180,0.927373,0.944944,0.891101,0.935644,0.951006,0.940862,0.939086,0.935291,0.931729,0.926242,0.919713,0.915434,0.878591,0.978830,0.985504,0.907194,0.914436,0.960235,0.940862,0.904346,0.889747,1.041072
3.048780,1.005592,0.923760,0.924970,0.940261,0.970200,0.975964,0.969822,0.969980,1.022152,0.981696,0.977819,0.950452,0.971415,0.952380,0.928288,0.932823,0.930056,0.927229,0.944918,0.891091,0.935593,0.950975,0.940823,0.939011,0.935055,0.931527,0.926073,0.919502,0.915226,0.878235,0.978804,0.985361,0.907162,0.914449,0.960222,0.940823,0.904095,0.889560,1.041096
3.057110,1.005565,0.923549,0.924802,0.940133,0.970095,0.975862,0.969717,0.969874,1.022087,0.981579,0.977708,0.950340,0.971301,0.952270,0.928211,0.932760,0.929947,0.927098,0.944906,0.891095,0.935553,0.950955,0.940796,0.938950,0.934831,0.931339,0.925918,0.919304,0.915031,0.877891,0.978792,0.985229,0.907143,0.914474,0.960220,0.940796,0.903856,0.889386,1.041121
3.065440,1.005545,0.923352,0.924649,0.940018,0.970001,0.975773,0.969624,0.969778,1.022027,0.981475,0.977610,0.950240,0.971200,0.952174,0.928148,0.932710,0.929851,0.926982,0.944909,0.891112,0.935527,0.950947,0.940782,0.938901,0.934621,0.931165,0.925777,0.919120,0.914851,0.877559,0.978794,0.985107,0.907137,0.914513,0.960228,0.940782,0.903632,0.889225,1.041149
3.073770,1.005532,0.923169,0.924510,0.939916,0.969920,0.975696,0.969542,0.969693,1.021972,0.981384,0.977524,0.950153,0.971111,0.952090,0.928099,0.932674,0.929770,0.926879,0.944927,0.891144,0.935514,0.950951,0.940780,0.938867,0.934424,0.931005,0.925650,0.918951,0.914685,0.877239,0.978810,0.984996,0.907145,0.914566,0.960247,0.940780,0.903421,0.889078,1.041178
3.082100,1.005526,0.923000,0.924387,0.939828,0.969851,0.975632,0.969471,0.969620,1.021923,0.981306,0.977451,0.950079,0.971035,0.952021,0.928064,0.932653,0.929704,0.926792,0.944962,0.891191,0.935514,0.950969,0.940791,0.938847,0.934240,0.930860,0.925539,0.918797,0.914535,0.876931,0.978840,0.984898,0.907167,0.914633,0.960278,0.940791,0.903224,0.888945,1.041210
3.090430,1.005528,0.922846,0.924278,0.939753,0.969795,0.975581,0.969413,0.969558,1.021880,0.981241,0.977391,0.950018,0.970974,0.951965,0.928044,0.932648,0.929653,0.926720,0.945012,0.891254,0.935529,0.950999,0.940816,0.938842,0.934071,0.930731,0.925443,0.918660,0.914402,0.876635,0.978884,0.984812,0.907204,0.914716,0.960321,0.940816,0.903042,0.888829,1.041243
3.098760,1.005536,0.922706,0.924184,0.939692,0.969752,0.975543,0.969367,0.969508,1.021843,0.981191,0.977345,0.949972,0.970926,0.951924,0.928039,0.932657,0.929617,0.926663,0.945080,0.891333,0.935557,0.951043,0.940854,0.938852,0.933916,0.930619,0.925363,0.918540,0.914286,0.876351,0.978943,0.984739,0.907256,0.914815,0.960377,0.940854,0.902874,0.888730,1.041279
3.107090,1.005551,0.922580,0.924106,0.939646,0.969723,0.975518,0.969334,0.969471,1.021812,0.981154,0.977314,0.949940,0.970893,0.951898,0.928050,0.932683,0.929597,0.926622,0.945164,0.891428,0.935601,0.951101,0.940907,0.938877,0.933775,0.930523,0.925299,0.918437,0.914189,0.876080,0.979016,0.984680,0.907323,0.914930,0.960444,0.940907,0.902721,0.888647,1.041317
3.115420,1.005574,0.922470,0.924045,0.939615,0.969708,0.975508,0.969314,0.969445,1.021787,0.981132,0.977296,0.949922,0.970874,0.951887,0.928077,0.932725,0.929594,0.926597,0.945267,0.891541,0.935659,0.951173,0.940974,0.938918,0.933649,0.930444,0.925252,0.918353,0.914110,0.875820,0.979104,0.984635,0.907407,0.915064,0.960525,0.940974,0.902584,0.888583,1.041357
3.123750,1.005604,0.922374,0.923999,0.939598,0.969706,0.975511,0.969307,0.969433,1.021769,0.981126,0.977293,0.949919,0.970871,0.951891,0.928119,0.932782,0.929607,0.926588,0.945387,0.891672,0.935733,0.951259,0.941055,0.938975,0.933538,0.930382,0.925222,0.918288,0.914050,0.875573,0.979206,0.984605,0.907506,0.915216,0.960619,0.941055,0.902461,0.888538,1.041399
3.132080,1.005640,0.922293,0.923969,0.939596,0.969719,0.975529,0.969313,0.969433,1.021758,0.981134,0.977305,0.949931,0.970882,0.951910,0.928178,0.932857,0.929637,0.926596,0.945526,0.891821,0.935822,0.951360,0.941152,0.939048,0.933442,0.930339,0.925210,0.918242,0.914010,0.875339,0.979323,0.984589,0.907622,0.915387,0.960726,0.941152,0.902354,0.888513,1.041443
3.140410,1.005684,0.922227,0.923956,0.939610,0.969746,0.975561,0.969332,0.969447,1.021753,0.981157,0.977332,0.949958,0.970909,0.951945,0.928254,0.932949,0.929684,0.926621,0.945684,0.891988,0.935927,0.951476,0.941264,0.939138,0.933361,0.930314,0.925216,0.918217,0.913992,0.875116,0.979455,0.984588,0.907755,0.915579,0.960846,0.941264,0.902262,0.888508,1.041489
3.148740,1.005734,0.922176,0.923959,0.939639,0.969787,0.975608,0.969365,0.969474,1.021755,0.981196,0.977375,0.950000,0.970952,0.951996,0.928346,0.933057,0.929749,0.926663,0.945860,0.892175,0.936048,0.951608,0.941391,0.939244,0.933295,0.930307,0.925239,0.918212,0.913994,0.874905,0.979601,0.984602,0.907906,0.915791,0.960981,0.941391,0.902186,0.888524,1.041537
3.157070,1.005791,0.922141,0.923979,0.939684,0.969843,0.975670,0.969412,0.969514,1.021765,0.981251,0.977432,0.950058,0.971011,0.952063,0.928455,0.933183,0.929830,0.926722,0.946057,0.892382,0.936185,0.951754,0.941534,0.939368,0.933244,0.930319,0.925281,0.918229,0.914019,0.874707,0.979763,0.984631,0.908073,0.916024,0.961129,0.941534,0.902125,0.888562,1.041588
3.165400,1.005855,0.922120,0.924016,0.939745,0.969914,0.975746,0.969473,0.969567,1.021781,0.981321,0.977505,0.950132,0.971085,0.952147,0.928582,0.933327,0.929929,0.926798,0.946272,0.892608,0.936338,0.951916,0.941693,0.939508,0.933208,0.930350,0.925341,0.918267,0.914066,0.874520,0.979938,0.984676,0.908259,0.916279,0.961292,0.941693,0.902080,0.888622,1.041640
3.173730,1.005925,0.922114,0.924069,0.939821,0.969999,0.975837,0.969548,0.969635,1.021805,0.981407,0.977594,0.950221,0.971175,0.952246,0.928725,0.933488,0.930046,0.926891,0.946508,0.892855,0.936508,0.952094,0.941868,0.939666,0.933188,0.930401,0.925420,0.918328,0.914136,0.874346,0.980128,0.984736,0.908463,0.916556,0.961469,0.941868,0.902050,0.888704,1.041694
3.182060,1.006002,0.922124,0.924139,0.939913,0.970099,0.975943,0.969637,0.969716,1.021836,0.981510,0.977697,0.950326,0.971281,0.952362,0.928886,0.933667,0.930181,0.927002,0.946764,0.893123,0.936694,0.952288,0.942059,0.939841,0.933183,0.930471,0.925518,0.918411,0.914229,0.874183,0.980333,0.984811,0.908684,0.916856,0.961661,0.942059,0.902036,0.888810,1.041750
3.190390,1.006086,0.922148,0.924225,0.940021,0.970215,0.976064,0.969740,0.969810,1.021875,0.981628,0.977817,0.950447,0.971404,0.952494,0.929064,0.933863,0.930334,0.927130,0.947040,0.893411,0.936898,0.952498,0.942267,0.940034,0.933194,0.930560,0.925634,0.918517,0.914346,0.874031,0.980551,0.984902,0.908924,0.917179,0.961867,0.942267,0.902037,0.888940,1.041809
3.198720,1.006170,0.922176,0.924316,0.940131,0.970332,0.976187,0.969844,0.969906,1.021914,0.981749,0.977939,0.950571,0.971529,0.952629,0.929245,0.934064,0.930491,0.927262,0.947322,0.893706,0.937105,0.952713,0.942479,0.940230,0.933209,0.930656,0.925756,0.918631,0.914473,0.873884,0.980774,0.984999,0.909171,0.917511,0.962078,0.942479,0.902045,0.889081,1.041867
3.207050,1.006272,0.922242,0.924451,0.940286,0.970489,0.976350,0.969989,0.970041,1.021975,0.981911,0.978103,0.950736,0.971696,0.952809,0.929477,0.934315,0.930697,0.927442,0.947660,0.894058,0.937361,0.952973,0.942737,0.940477,0.933262,0.930804,0.925929,0.918805,0.914660,0.873761,0.981029,0.985129,0.909465,0.917903,0.962328,0.942737,0.902090,0.889280,1.041932
3.215380,1.006373,0.922309,0.924587,0.940442,0.970649,0.976516,0.970134,0.970177,1.022036,0.982076,0.978269,0.950904,0.971867,0.952989,0.929707,0.934564,0.930903,0.927622,0.947994,0.894408,0.937613,0.953230,0.942993,0.940722,0.933317,0.930952,0.926102,0.918980,0.914849,0.873642,0.981289,0.985266,0.909757,0.918294,0.962577,0.942993,0.902136,0.889482,1.041995
3.223710,1.006481,0.922390,0.924738,0.940612,0.970822,0.976695,0.970292,0.970325,1.022103,0.982257,0.978450,0.951086,0.972052,0.953186,0.929953,0.934831,0.931126,0.927818,0.948350,0.894779,0.937883,0.953503,0.943264,0.940984,0.933387,0.931119,0.926294,0.919178,0.915062,0.873534,0.981563,0.985418,0.910069,0.918710,0.962841,0.943264,0.902197,0.889709,1.042061
3.232040,1.006594,0.922484,0.924906,0.940798,0.971010,0.976889,0.970464,0.970487,1.022178,0.982453,0.978646,0.951285,0.972253,0.953398,0.930217,0.935115,0.931366,0.928031,0.948726,0.895172,0.938169,0.953792,0.943552,0.941263,0.933471,0.931306,0.926504,0.919400,0.915299,0.873436,0.981851,0.985586,0.910399,0.919151,0.963119,0.943552,0.902272,0.889961,1.042128
3.240370,1.006712,0.922593,0.925089,0.940999,0.971212,0.977097,0.970650,0.970663,1.022261,0.982665,0.978857,0.951498,0.972470,0.953626,0.930497,0.935417,0.931624,0.928261,0.949122,0.895587,0.938472,0.954097,0.943857,0.941560,0.933569,0.931514,0.926733,0.919646,0.915562,0.873349,0.982152,0.985769,0.910748,0.919616,0.963413,0.943857,0.902362,0.890238,1.042197
3.248700,1.006837,0.922716,0.925288,0.941216,0.971429,0.977320,0.970850,0.970852,1.022351,0.982893,0.979083,0.951727,0.972702,0.953870,0.930795,0.935736,0.931900,0.928508,0.949539,0.896023,0.938791,0.954419,0.944178,0.941874,0.933682,0.931741,0.926981,0.919917,0.915851,0.873272,0.982466,0.985967,0.911116,0.920106,0.963721,0.944178,0.902467,0.890542,1.042267
3.257030,1.006966,0.922852,0.925504,0.941448,0.971660,0.977557,0.971063,0.971054,1.022448,0.983135,0.979325,0.951971,0.972950,0.954130,0.931110,0.936074,0.932194,0.928772,0.949976,0.896480,0.939128,0.954758,0.944516,0.942205,0.933810,0.931988,0.927249,0.920212,0.916165,0.873205,0.982793,0.986180,0.911502,0.920620,0.964044,0.944516,0.902586,0.890871,1.042340
3.265360,1.007102,0.923001,0.925735,0.941695,0.971906,0.977809,0.971290,0.971270,1.022554,0.983394,0.979581,0.952231,0.973213,0.954406,0.931443,0.936429,0.932505,0.929054,0.950433,0.896959,0.939482,0.955112,0.944871,0.942554,0.933952,0.932255,0.927535,0.920531,0.916504,0.873148,0.983133,0.986409,0.911906,0.921159,0.964383,0.944871,0.902720,0.891226,1.042414
3.273690,1.007242,0.923164,0.925982,0.941958,0.972165,0.978075,0.971531,0.971499,1.022666,0.983667,0.979852,0.952505,0.973492,0.954697,0.931792,0.936801,0.932834,0.929351,0.950910,0.897459,0.939852,0.955483,0.945242,0.942921,0.934108,0.932541,0.927840,0.920874,0.916869,0.873100,0.983485,0.986652,0.912328,0.921721,0.964736,0.945242,0.902867,0.891608,1.042489
3.282020,1.007387,0.923339,0.926244,0.942235,0.972438,0.978354,0.971785,0.971741,1.022786,0.983955,0.980138,0.952795,0.973786,0.955004,0.932158,0.937191,0.933179,0.929665,0.951407,0.897980,0.940240,0.955871,0.945630,0.943305,0.934278,0.932847,0.928163,0.921242,0.917259,0.873062,0.983849,0.986909,0.912769,0.922308,0.965104,0.945630,0.903028,0.892015,1.042566
3.290350,1.007537,0.923527,0.926520,0.942527,0.972725,0.978647,0.972051,0.971996,1.022913,0.984258,0.980438,0.953098,0.974094,0.955326,0.932540,0.937597,0.933542,0.929996,0.951924,0.898522,0.940643,0.956273,0.946033,0.943705,0.934461,0.933172,0.928505,0.921633,0.917674,0.873033,0.984225,0.987181,0.913227,0.922918,0.965486,0.946033,0.903202,0.892448,1.042644
3.298680,1.007691,0.923727,0.926811,0.942833,0.973025,0.978953,0.972331,0.972263,1.023047,0.984575,0.980752,0.953416,0.974417,0.955663,0.932939,0.938021,0.933921,0.930341,0.952459,0.899085,0.941062,0.956692,0.946453,0.944123,0.934656,0.933516,0.928864,0.922048,0.918114,0.873012,0.984610,0.987466,0.913702,0.923552,0.965883,0.946453,0.903389,0.892907,1.042723
3.307010,1.007850,0.923938,0.927116,0.943153,0.973337,0.979271,0.972622,0.972542,1.023187,0.984906,0.981079,0.953747,0.974754,0.956013,0.933353,0.938460,0.934316,0.930702,0.953014,0.899667,0.941497,0.957126,0.946888,0.944556,0.934865,0.933878,0.929241,0.922486,0.918578,0.872999,0.985006,0.987766,0.914194,0.924208,0.966293,0.946888,0.903588,0.893390,1.042804
3.315340,1.008013,0.924161,0.927434,0.943486,0.973662,0.979602,0.972925,0.972832,1.023334,0.985250,0.981419,0.954092,0.975104,0.956378,0.933782,0.938915,0.934726,0.931078,0.953586,0.900269,0.941947,0.957574,0.947337,0.945005,0.935085,0.934258,0.929634,0.922947,0.919066,0.872994,0.985410,0.988078,0.914703,0.924887,0.966718,0.947337,0.903799,0.893898,1.042885
3.323670,1.008179,0.924393,0.927765,0.943832,0.973998,0.979944,0.973239,0.973134,1.023488,0.985607,0.981772,0.954449,0.975467,0.956756,0.934226,0.939386,0.935152,0.931468,0.954176,0.900889,0.942412,0.958037,0.947802,0.945469,0.935316,0.934655,0.930044,0.923430,0.919577,0.872996,0.985823,0.988403,0.915227,0.925586,0.967155,0.947802,0.904021,0.894430,1.042968
3.332000,1.008349,0.924636,0.928109,0.944190,0.974345,0.980297,0.973564,0.973446,1.023647,0.985976,0.982136,0.954818,0.975842,0.957146,0.934684,0.939871,0.935592,0.931871,0.954783,0.901528,0.942891,0.958514,0.948280,0.945948,0.935559,0.935068,0.930469,0.923934,0.920110,0.873005,0.986243,0.988740,0.915767,0.926307,0.967605,0.948280,0.904254,0.894986,1.043051
3.340330,1.008522,0.924889,0.928464,0.944560,0.974703,0.980660,0.973899,0.973768,1.023812,0.986357,0.982511,0.955198,0.976229,0.957549,0.935156,0.940370,0.936046,0.932287,0.955406,0.902185,0.943384,0.959004,0.948773,0.946441,0.935812,0.935497,0.930909,0.924460,0.920666,0.873021,0.986669,0.989089,0.916322,0.927048,0.968068,0.948773,0.904498,0.895564,1.043136
3.348660,1.008698,0.925150,0.928830,0.944940,0.975070,0.981033,0.974243,0.974099,1.023982,0.986749,0.982897,0.955590,0.976628,0.957963,0.935641,0.940883,0.936513,0.932716,0.956045,0.902859,0.943890,0.959508,0.949278,0.946949,0.936075,0.935942,0.931364,0.925005,0.921243,0.873043,0.987101,0.989450,0.916892,0.927809,0.968543,0.949278,0.904751,0.896165,1.043220
3.356990,1.008875,0.925415,0.929200,0.945325,0.975441,0.981410,0.974590,0.974433,1.024155,0.987145,0.983287,0.955986,0.977031,0.958382,0.936131,0.941401,0.936986,0.933150,0.956691,0.903541,0.944402,0.960017,0.949789,0.947461,0.936342,0.936394,0.931825,0.925561,0.921831,0.873067,0.987535,0.989815,0.917468,0.928579,0.969023,0.949789,0.905009,0.896777,1.043305
3.365320,1.009059,0.925699,0.929595,0.945734,0.975834,0.981807,0.974959,0.974789,1.024340,0.987564,0.983700,0.956404,0.977457,0.958825,0.936650,0.941950,0.937488,0.933611,0.957372,0.904258,0.944944,0.960555,0.950330,0.948004,0.936630,0.936879,0.932318,0.926158,0.922463,0.873102,0.987981,0.990202,0.918075,0.929389,0.969530,0.950330,0.905287,0.897436,1.043393
3.373650,1.009242,0.925983,0.929990,0.946145,0.976228,0.982206,0.975329,0.975146,1.024525,0.987987,0.984114,0.956825,0.977886,0.959271,0.937170,0.942501,0.937991,0.934074,0.958053,0.904979,0.945486,0.961095,0.950872,0.948549,0.936919,0.937366,0.932812,0.926761,0.923100,0.873139,0.988425,0.990593,0.918683,0.930202,0.970038,0.950872,0.905567,0.898100,1.043479
3.381980,1.009427,0.926275,0.930395,0.946564,0.976629,0.982612,0.975706,0.975509,1.024714,0.988417,0.984537,0.957255,0.978323,0.959726,0.937702,0.943062,0.938506,0.934547,0.958749,0.905714,0.946040,0.961645,0.951425,0.949105,0.937217,0.937866,0.933319,0.927380,0.923755,0.873181,0.988871,0.990994,0.919305,0.931032,0.970556,0.951425,0.905854,0.898783,1.043565
3.390310,1.009614,0.926573,0.930807,0.946991,0.977037,0.983025,0.976089,0.975879,1.024906,0.988856,0.984968,0.957692,0.978769,0.960189,0.938244,0.943634,0.939031,0.935029,0.959458,0.906463,0.946605,0.962206,0.951989,0.949673,0.937521,0.938378,0.933837,0.928017,0.924428,0.873227,0.989318,0.991405,0.919938,0.931879,0.971084,0.951989,0.906149,0.899485,1.043651
3.398640,1.009802,0.926877,0.931228,0.947426,0.977451,0.983444,0.976479,0.976256,1.025103,0.989303,0.985405,0.958137,0.979223,0.960661,0.938795,0.944217,0.939566,0.935520,0.960178,0.907226,0.947180,0.962778,0.952563,0.950250,0.937832,0.938902,0.934366,0.928670,0.925119,0.873277,0.989766,0.991823,0.920582,0.932741,0.971623,0.952563,0.906450,0.900206,1.043737
3.406970,1.009991,0.927187,0.931655,0.947869,0.977871,0.983869,0.976874,0.976638,1.025303,0.989757,0.985850,0.958589,0.979684,0.961140,0.939356,0.944810,0.940110,0.936021,0.960911,0.908002,0.947765,0.963360,0.953148,0.950838,0.938150,0.939438,0.934906,0.929338,0.925825,0.873331,0.990213,0.992251,0.921237,0.933618,0.972170,0.953148,0.906758,0.900943,1.043823
3.415300,1.010181,0.927501,0.932090,0.948318,0.978297,0.984299,0.977275,0.977025,1.025505,0.990218,0.986301,0.959048,0.980153,0.961627,0.939926,0.945412,0.940664,0.936529,0.961654,0.908790,0.948359,0.963950,0.953742,0.951436,0.938474,0.939983,0.935455,0.930020,0.926548,0.873387,0.990661,0.992685,0.921903,0.934508,0.972726,0.953742,0.907072,0.901697,1.043908
3.423630,1.010372,0.927821,0.932531,0.948773,0.978728,0.984733,0.977680,0.977418,1.025711,0.990685,0.986757,0.959512,0.980627,0.962120,0.940504,0.946023,0.941226,0.937044,0.962409,0.909590,0.948962,0.964550,0.954345,0.952042,0.938804,0.940539,0.936014,0.930717,0.927285,0.873447,0.991108,0.993127,0.922578,0.935412,0.973291,0.954345,0.907392,0.902467,1.043993
3.431960,1.010563,0.928144,0.932977,0.949234,0.979163,0.985172,0.978090,0.977815,1.025919,0.991158,0.987219,0.959983,0.981107,0.962620,0.941089,0.946642,0.941795,0.937567,0.963172,0.910400,0.949573,0.965159,0.954956,0.952658,0.939138,0.941103,0.936581,0.931427,0.928035,0.873509,0.991553,0.993576,0.923262,0.936328,0.973864,0.954956,0.907717,0.903252,1.044078
3.440290,1.010755,0.928471,0.933428,0.949700,0.979603,0.985615,0.978504,0.978216,1.026130,0.991635,0.987685,0.960458,0.981593,0.963125,0.941682,0.947269,0.942372,0.938096,0.963946,0.911220,0.950192,0.965775,0.955575,0.953281,0.939477,0.941676,0.937156,0.932148,0.928799,0.873573,0.991996,0.994030,0.923954,0.937255,0.974444,0.955575,0.908046,0.904050,1.044162
3.448620,1.010946,0.928801,0.933884,0.950171,0.980045,0.986061,0.978921,0.978620,1.026342,0.992118,0.988156,0.960937,0.982083,0.963635,0.942282,0.947903,0.942955,0.938631,0.964727,0.912050,0.950819,0.966398,0.956202,0.953911,0.939820,0.942257,0.937738,0.932881,0.929574,0.873639,0.992437,0.994489,0.924654,0.938193,0.975031,0.956202,0.908379,0.904860,1.044246
3.456950,1.011138,0.929134,0.934344,0.950645,0.980491,0.986509,0.979341,0.979027,1.026556,0.992604,0.988630,0.961420,0.982577,0.964149,0.942887,0.948543,0.943544,0.939170,0.965516,0.912889,0.951451,0.967028,0.956835,0.954548,0.940167,0.942844,0.938326,0.933624,0.930360,0.873706,0.992875,0.994952,0.925362,0.939140,0.975624,0.956835,0.908715,0.905683,1.044328
3.465280,1.011328,0.929469,0.934806,0.951123,0.980939,0.986960,0.979763,0.979437,1.026771,0.993093,0.989106,0.961906,0.983075,0.964667,0.943498,0.949189,0.944138,0.939715,0.966312,0.913735,0.952090,0.967664,0.957474,0.955191,0.940516,0.943438,0.938920,0.934376,0.931155,0.873775,0.993310,0.995420,0.926076,0.940097,0.976223,0.957474,0.909055,0.906516,1.044410
3.473610,1.011518,0.929805,0.935272,0.951604,0.981388,0.987412,0.980187,0.979848,1.026987,0.993585,0.989585,0.962395,0.983575,0.965189,0.944113,0.949840,0.944737,0.940262,0.967115,0.914589,0.952734,0.968306,0.958119,0.955839,0.940867,0.944037,0.939519,0.935137,0.931960,0.873844,0.993741,0.995890,0.926795,0.941061,0.976828,0.958119,0.909397,0.907359,1.044490
3.481940,1.011707,0.930142,0.935739,0.952087,0.981839,0.987865,0.980612,0.980260,1.027204,0.994078,0.990065,0.962885,0.984077,0.965712,0.944731,0.950495,0.945339,0.940813,0.967923,0.915449,0.953382,0.968952,0.958769,0.956493,0.941221,0.944640,0.940122,0.935905,0.932773,0.873914,0.994169,0.996361,0.927520,0.942032,0.977437,0.958769,0.909741,0.908211,1.044570
3.490270,1.011895,0.930480,0.936208,0.952571,0.982290,0.988318,0.981037,0.980674,1.027421,0.994573,0.990546,0.963376,0.984580,0.966237,0.945354,0.951154,0.945945,0.941367,0.968735,0.916315,0.954035,0.969603,0.959423,0.957150,0.941575,0.945248,0.940729,0.936680,0.933593,0.873984,0.994592,0.996834,0.928249,0.943010,0.978050,0.959423,0.910087,0.909071,1.044648
3.498600,1.012081,0.930818,0.936678,0.953056,0.982741,0.988770,0.981463,0.981087,1.027638,0.995068,0.991027,0.963868,0.985084,0.966764,0.945978,0.951816,0.946553,0.941922,0.969552,0.917185,0.954690,0.970257,0.960080,0.957810,0.941932,0.945859,0.941339,0.937461,0.934420,0.874054,0.995011,0.997307,0.928983,0.943994,0.978668,0.960080,0.910434,0.909941,1.044725
3.506930,1.012266,0.931155,0.937148,0.953542,0.983191,0.989222,0.981888,0.981500,1.027854,0.995563,0.991508,0.964359,0.985587,0.967290,0.946605,0.952481,0.947164,0.942479,0.970373,0.918060,0.955349,0.970915,0.960741,0.958474,0.942288,0.946473,0.941951,0.938249,0.935254,0.874123,0.995424,0.997780,0.929719,0.944982,0.979288,0.960741,0.910782,0.910817,1.044800
3.515260,1.012448,0.931492,0.937618,0.954027,0.983640,0.989673,0.982312,0.981912,1.028070,0.996057,0.991987,0.964850,0.986090,0.967817,0.947233,0.953148,0.947776,0.943037,0.971196,0.918939,0.956010,0.971575,0.961404,0.959140,0.942646,0.947090,0.942566,0.939041,0.936094,0.874193,0.995833,0.998251,0.930459,0.945974,0.979911,0.961404,0.911131,0.911701,1.044874
3.523590,1.012629,0.931828,0.938088,0.954512,0.984088,0.990122,0.982734,0.982323,1.028285,0.996549,0.992465,0.965339,0.986592,0.968343,0.947863,0.953816,0.948389,0.943595,0.972022,0.919820,0.956673,0.972237,0.962069,0.959807,0.943003,0.947709,0.943182,0.939838,0.936939,0.874261,0.996235,0.998719,0.931201,0.946969,0.980536,0.962069,0.911480,0.912592,1.044946
3.531920,1.012808,0.932163,0.938556,0.954995,0.984534,0.990568,0.983155,0.982732,1.028499,0.997040,0.992941,0.965826,0.987092,0.968868,0.948492,0.954485,0.949002,0.944154,0.972849,0.920703,0.957337,0.972901,0.962736,0.960476,0.943360,0.948329,0.943799,0.940640,0.937788,0.874328,0.996632,0.999185,0.931944,0.947966,0.981164,0.962736,0.911829,0.913490,1.045016
3.540250,1.012984,0.932496,0.939023,0.955477,0.984977,0.991012,0.983573,0.983139,1.028711,0.997527,0.993415,0.966311,0.987590,0.969391,0.949122,0.955154,0.949616,0.944711,0.973678,0.921589,0.958002,0.973566,0.963404,0.961146,0.943717,0.948951,0.944417,0.941445,0.938643,0.874395,0.997023,0.999647,0.932689,0.948966,0.981792,0.963404,0.912178,0.914394,1.045085
3.548580,1.013158,0.932828,0.939488,0.955957,0.985417,0.991453,0.983988,0.983543,1.028921,0.998012,0.993885,0.966792,0.988085,0.969912,0.949750,0.955824,0.950229,0.945268,0.974507,0.922475,0.958667,0.974231,0.964072,0.961816,0.944073,0.949574,0.945035,0.942254,0.939501,0.874460,0.997408,1.000104,0.933434,0.949966,0.982422,0.964072,0.912526,0.915303,1.045151
3.556910,1.013330,0.933157,0.939952,0.956434,0.985854,0.991890,0.984400,0.983944,1.029129,0.998493,0.994351,0.967271,0.988576,0.970431,0.950378,0.956493,0.950841,0.945824,0.975336,0.923362,0.959332,0.974897,0.964741,0.962486,0.944429,0.950197,0.945652,0.943065,0.940362,0.874524,0.997786,1.000557,0.934179,0.950968,0.983052,0.964741,0.912874,0.916218,1.045216
3.565240,1.013499,0.933484,0.940412,0.956908,0.986287,0.992323,0.984809,0.984342,1.029335,0.998970,0.994814,0.967745,0.989064,0.970946,0.951004,0.957161,0.951453,0.946377,0.976164,0.924249,0.959997,0.975563,0.965409,0.963155,0.944783,0.950820,0.946269,0.943879,0.941227,0.874586,0.998158,1.001004,0.934925,0.951968,0.983682,0.965409,0.913222,0.917137,1.045279
3.573570,1.013665,0.933809,0.940870,0.957379,0.986716,0.992752,0.985214,0.984737,1.029539,0.999443,0.995272,0.968215,0.989548,0.971458,0.951629,0.957828,0.952062,0.946929,0.976992,0.925135,0.960660,0.976227,0.966077,0.963823,0.945136,0.951442,0.946885,0.944695,0.942094,0.874648,0.998523,1.001446,0.935669,0.952968,0.984312,0.966077,0.913568,0.918061,1.045340
3.581900,1.013828,0.934130,0.941325,0.957846,0.987141,0.993176,0.985615,0.985127,1.029740,0.999911,0.995726,0.968681,0.990027,0.971966,0.952251,0.958492,0.952670,0.947478,0.977818,0.926020,0.961322,0.976891,0.966744,0.964490,0.945488,0.952064,0.947500,0.945512,0.942963,0.874707,0.998881,1.001881,0.936412,0.953967,0.984941,0.966744,0.913913,0.918988,1.045398
3.590230,1.013988,0.934449,0.941776,0.958310,0.987562,0.993596,0.986012,0.985514,1.029938,1.000374,0.996174,0.969142,0.990502,0.972470,0.952870,0.959155,0.953275,0.948024,0.978642,0.926904,0.961983,0.977553,0.967408,0.965154,0.945838,0.952684,0.948112,0.946329,0.943833,0.874765,0.999232,1.002310,0.937154,0.954963,0.985569,0.967408,0.914257,0.919919,1.045455
3.598560,1.014146,0.934764,0.942223,0.958769,0.987977,0.994010,0.986403,0.985896,1.030134,1.000831,0.996618,0.969597,0.990971,0.972970,0.953486,0.959815,0.953877,0.948568,0.979464,0.927785,0.962640,0.978214,0.968071,0.965817,0.946186,0.953304,0.948723,0.947147,0.944704,0.874821,0.999576,1.002732,0.937894,0.955957,0.986196,0.968071,0.914599,0.920852,1.045509
3.606890,1.014300,0.935076,0.942666,0.959224,0.988388,0.994419,0.986790,0.986273,1.030326,1.001283,0.997056,0.970048,0.991435,0.973464,0.954098,0.960472,0.954476,0.949107,0.980283,0.928663,0.963296,0.978872,0.968731,0.966477,0.946531,0.953921,0.949330,0.947965,0.945574,0.874876,0.999913,1.003147,0.938631,0.956948,0.986821,0.968731,0.914940,0.921787,1.045562
3.615220,1.014451,0.935385,0.943106,0.959673,0.988793,0.994823,0.987172,0.986645,1.030515,1.001729,0.997487,0.970492,0.991893,0.973954,0.954707,0.961125,0.955072,0.949643,0.981098,0.929538,0.963948,0.979527,0.969389,0.967133,0.946875,0.954535,0.949935,0.948781,0.946445,0.874929,1.000242,1.003554,0.939365,0.957935,0.987443,0.969389,0.915278,0.922724,1.045612
3.623550,1.014600,0.935690,0.943540,0.960118,0.989192,0.995221,0.987548,0.987012,1.030700,1.002169,0.997913,0.970930,0.992345,0.974438,0.955311,0.961775,0.955664,0.950175,0.981910,0.930410,0.964596,0.980178,0.970043,0.967786,0.947216,0.955147,0.950536,0.949596,0.947314,0.874979,1.000564,1.003954,0.940096,0.958917,0.988063,0.970043,0.915614,0.923660,1.045659
3.631880,1.014744,0.935990,0.943970,0.960557,0.989586,0.995612,0.987919,0.987373,1.030882,1.002602,0.998333,0.971362,0.992791,0.974917,0.955910,0.962420,0.956251,0.950702,0.982717,0.931277,0.965241,0.980827,0.970693,0.968435,0.947555,0.955756,0.951133,0.950409,0.948181,0.875028,1.000879,1.004346,0.940823,0.959895,0.988679,0.970693,0.915949,0.924597,1.045705
3.640210,1.014886,0.936287,0.944394,0.960991,0.989973,0.995998,0.988284,0.987729,1.031060,1.003028,0.998746,0.971788,0.993230,0.975389,0.956505,0.963061,0.956834,0.951224,0.983520,0.932139,0.965881,0.981471,0.971339,0.969079,0.947890,0.956361,0.951727,0.951219,0.949046,0.875076,1.001186,1.004730,0.941546,0.960867,0.989292,0.971339,0.916280,0.925532,1.045748
3.648540,1.015024,0.936580,0.944813,0.961419,0.990354,0.996377,0.988642,0.988079,1.031234,1.003447,0.999152,0.972206,0.993663,0.975855,0.957094,0.963696,0.957412,0.951741,0.984317,0.932997,0.966516,0.982110,0.971981,0.969719,0.948223,0.956962,0.952315,0.952026,0.949908,0.875121,1.001485,1.005106,0.942265,0.961833,0.989902,0.971981,0.916609,0.926466,1.045788
3.656870,1.015159,0.936868,0.945227,0.961840,0.990729,0.996749,0.988995,0.988423,1.031404,1.003859,0.999551,0.972618,0.994088,0.976315,0.957677,0.964327,0.957984,0.952253,0.985108,0.933848,0.967147,0.982745,0.972618,0.970354,0.948552,0.957558,0.952899,0.952829,0.950765,0.875164,1.001777,1.005473,0.942978,0.962792,0.990507,0.972618,0.916935,0.927397,1.045827
3.665200,1.015291,0.937152,0.945635,0.962255,0.991097,0.997115,0.989341,0.988760,1.031569,1.004264,0.999943,0.973023,0.994507,0.976768,0.958254,0.964951,0.958551,0.952759,0.985894,0.934694,0.967772,0.983374,0.973249,0.970983,0.948878,0.958150,0.953477,0.953627,0.951619,0.875206,1.002061,1.005832,0.943686,0.963744,0.991107,0.973249,0.917259,0.928325,1.045863
3.673530,1.015419,0.937431,0.946037,0.962664,0.991458,0.997473,0.989680,0.989091,1.031731,1.004662,1.000327,0.973420,0.994918,0.977214,0.958825,0.965569,0.959111,0.953259,0.986673,0.935533,0.968391,0.983998,0.973875,0.971606,0.949201,0.958737,0.954050,0.954420,0.952467,0.875245,1.002338,1.006183,0.944389,0.964689,0.991702,0.973875,0.917579,0.929248,1.045896
3.681860,1.015544,0.937705,0.946433,0.963066,0.991812,0.997825,0.990013,0.989416,1.031888,1.005051,1.000704,0.973810,0.995321,0.977653,0.959389,0.966181,0.959666,0.953753,0.987445,0.936364,0.969003,0.984616,0.974494,0.972223,0.949519,0.959318,0.954616,0.955207,0.953309,0.875283,1.002606,1.006525,0.945086,0.965626,0.992292,0.974494,0.917896,0.930167,1.045928
3.690190,1.015665,0.937975,0.946823,0.963461,0.992160,0.998169,0.990339,0.989734,1.032041,1.005433,1.001074,0.974192,0.995717,0.978085,0.959946,0.966786,0.960214,0.954240,0.988209,0.937189,0.969609,0.985227,0.975107,0.972834,0.949834,0.959893,0.955176,0.955988,0.954144,0.875318,1.002867,1.006858,0.945776,0.966554,0.992876,0.975107,0.918209,0.931079,1.045956
3.698520,1.015783,0.938240,0.947206,0.963849,0.992500,0.998506,0.990658,0.990045,1.032189,1.005806,1.001435,0.974566,0.996105,0.978509,0.960496,0.967384,0.960755,0.954721,0.988966,0.938005,0.970209,0.985832,0.975713,0.973437,0.950144,0.960461,0.955730,0.956762,0.954972,0.875352,1.003120,1.007182,0.946460,0.967473,0.993454,0.975713,0.918519,0.931985,1.045983
3.706850,1.015898,0.938500,0.947583,0.964230,0.992832,0.998835,0.990970,0.990349,1.032332,1.006172,1.001789,0.974933,0.996485,0.978925,0.961038,0.967975,0.961289,0.955195,0.989715,0.938813,0.970801,0.986429,0.976313,0.974033,0.950451,0.961023,0.956277,0.957528,0.955792,0.875384,1.003365,1.007498,0.947136,0.968383,0.994025,0.976313,0.918825,0.932883,1.046007
3.715180,1.016009,0.938755,0.947953,0.964604,0.993157,0.999157,0.991274,0.990646,1.032470,1.006529,1.002135,0.975291,0.996856,0.979334,0.961573,0.968558,0.961815,0.955661,0.990456,0.939613,0.971385,0.987019,0.976904,0.974622,0.950753,0.961578,0.956816,0.958286,0.956603,0.875415,1.003603,1.007804,0.947806,0.969283,0.994590,0.976904,0.919128,0.933773,1.046029
3.723510,1.016116,0.939005,0.948316,0.964969,0.993475,0.999471,0.991571,0.990936,1.032604,1.006878,1.002472,0.975641,0.997220,0.979734,0.962099,0.969132,0.962334,0.956121,0.991187,0.940403,0.971961,0.987601,0.977488,0.975203,0.951050,0.962125,0.957347,0.959035,0.957406,0.875443,1.003832,1.008102,0.948467,0.970172,0.995148,0.977488,0.919426,0.934653,1.046048
3.731840,1.016221,0.939250,0.948672,0.965328,0.993785,0.999777,0.991861,0.991219,1.032733,1.007219,1.002802,0.975983,0.997575,0.980127,0.962618,0.969699,0.962845,0.956572,0.991910,0.941184,0.972530,0.988176,0.978064,0.975776,0.951343,0.962665,0.957871,0.959774,0.958198,0.875470,1.004054,1.008391,0.949121,0.971051,0.995698,0.978064,0.919721,0.935523,1.046065
3.740170,1.016322,0.939489,0.949021,0.965678,0.994087,1.000076,0.992143,0.991494,1.032857,1.007551,1.003123,0.976317,0.997922,0.980511,0.963127,0.970257,0.963347,0.957016,0.992623,0.941955,0.973090,0.988741,0.978631,0.976340,0.951631,0.963196,0.958387,0.960504,0.958979,0.875496,1.004267,1.008671,0.949767,0.971919,0.996240,0.978631,0.920011,0.936383,1.046079
3.748500,1.016419,0.939724,0.949362,0.966021,0.994381,1.000366,0.992418,0.991761,1.032976,1.007874,1.003436,0.976642,0.998260,0.980886,0.963628,0.970806,0.963841,0.957452,0.993326,0.942716,0.973641,0.989298,0.979189,0.976896,0.951914,0.963720,0.958894,0.961223,0.959749,0.875519,1.004473,1.008942,0.950404,0.972775,0.996775,0.979189,0.920297,0.937231,1.046092
3.756830,1.016513,0.939953,0.949697,0.966356,0.994667,1.000648,0.992685,0.992022,1.033090,1.008189,1.003740,0.976958,0.998589,0.981253,0.964120,0.971346,0.964327,0.957880,0.994019,0.943467,0.974183,0.989847,0.979739,0.977443,0.952192,0.964234,0.959392,0.961931,0.960508,0.875541,1.004671,1.009204,0.951033,0.973619,0.997301,0.979739,0.920579,0.938066,1.046102
3.765160,1.016604,0.940177,0.950024,0.966683,0.994945,1.000923,0.992944,0.992274,1.033199,1.008495,1.004035,0.977266,0.998910,0.981612,0.964603,0.971877,0.964804,0.958299,0.994702,0.944207,0.974716,0.990386,0.980279,0.977981,0.952465,0.964739,0.959881,0.962627,0.961254,0.875562,1.004861,1.009457,0.951652,0.974451,0.997818,0.980279,0.920856,0.938889,1.046109
3.773490,1.016692,0.940395,0.950344,0.967001,0.995215,1.001189,0.993195,0.992519,1.033302,1.008792,1.004323,0.977566,0.999222,0.981962,0.965077,0.972398,0.965272,0.958710,0.995374,0.944935,0.975239,0.990915,0.980810,0.978509,0.952732,0.965235,0.960362,0.963312,0.961987,0.875581,1.005043,1.009702,0.952262,0.975270,0.998327,0.980810,0.921129,0.939697,1.046115
3.781820,1.016777,0.940609,0.950656,0.967312,0.995478,1.001447,0.993439,0.992756,1.033401,1.009080,1.004601,0.977856,0.999525,0.982302,0.965541,0.972910,0.965730,0.959113,0.996035,0.945652,0.975753,0.991435,0.981331,0.979028,0.952994,0.965722,0.960832,0.963983,0.962706,0.875599,1.005217,1.009937,0.952863,0.976077,0.998827,0.981331,0.921397,0.940491,1.046118
3.790150,1.016858,0.940817,0.950960,0.967614,0.995732,1.001697,0.993675,0.992986,1.033494,1.009360,1.004871,0.978138,0.999820,0.982634,0.965995,0.973411,0.966180,0.959507,0.996685,0.946358,0.976256,0.991944,0.981842,0.979536,0.953251,0.966199,0.961294,0.964642,0.963411,0.875616,1.005384,1.010164,0.953455,0.976870,0.999317,0.981842,0.921661,0.941270,1.046119
3.798480,1.016936,0.941020,0.951257,0.967908,0.995977,1.001938,0.993902,0.993208,1.033583,1.009630,1.005132,0.978411,1.000105,0.982958,0.966440,0.973903,0.966619,0.959892,0.997324,0.947052,0.976750,0.992444,0.982343,0.980035,0.953502,0.966665,0.961745,0.965288,0.964102,0.875631,1.005542,1.010382,0.954036,0.977649,0.999797,0.982343,0.921920,0.942033,1.046117
3.806810,1.017011,0.941218,0.951547,0.968193,0.996215,1.002171,0.994122,0.993421,1.033666,1.009892,1.005385,0.978676,1.000381,0.983272,0.966875,0.974384,0.967049,0.960268,0.997951,0.947733,0.977233,0.992933,0.982833,0.980524,0.953748,0.967122,0.962187,0.965919,0.964778,0.875645,1.005693,1.010591,0.954607,0.978415,1.000268,0.982833,0.922174,0.942779,1.046114
3.815140,1.017083,0.941410,0.951828,0.968470,0.996444,1.002397,0.994334,0.993627,1.033744,1.010144,1.005628,0.978931,1.000649,0.983577,0.967299,0.974855,0.967470,0.960635,0.998566,0.948402,0.977706,0.993411,0.983313,0.981002,0.953988,0.967568,0.962618,0.966536,0.965438,0.875659,1.005836,1.010791,0.955169,0.979167,1.000729,0.983313,0.922423,0.943508,1.046108
3.823470,1.017152,0.941597,0.952102,0.968739,0.996666,1.002613,0.994538,0.993826,1.033816,1.010388,1.005864,0.979178,1.000907,0.983873,0.967714,0.975315,0.967880,0.960993,0.999169,0.949058,0.978168,0.993879,0.983782,0.981470,0.954222,0.968003,0.963039,0.967139,0.966083,0.875671,1.005972,1.010982,0.955719,0.979904,1.001179,0.983782,0.922668,0.944220,1.046101
3.831800,1.017218,0.941780,0.952369,0.969000,0.996879,1.002822,0.994734,0.994016,1.033884,1.010623,1.006090,0.979416,1.001157,0.984159,0.968118,0.975765,0.968281,0.961343,0.999759,0.949702,0.978619,0.994336,0.984240,0.981927,0.954450,0.968428,0.963450,0.967727,0.966712,0.875682,1.006099,1.011165,0.956259,0.980626,1.001620,0.984240,0.922908,0.944914,1.046091
3.840130,1.017281,0.941957,0.952627,0.969252,0.997084,1.003022,0.994922,0.994199,1.033946,1.010849,1.006308,0.979645,1.001398,0.984437,0.968512,0.976203,0.968671,0.961683,1.000338,0.950332,0.979059,0.994782,0.984687,0.982373,0.954673,0.968841,0.963850,0.968300,0.967324,0.875692,1.006219,1.011340,0.956789,0.981334,1.002049,0.984687,0.923143,0.945590,1.046079
3.848460,1.017342,0.942129,0.952879,0.969495,0.997280,1.003214,0.995102,0.994373,1.034004,1.011066,1.006517,0.979865,1.001629,0.984706,0.968895,0.976631,0.969051,0.962014,1.000903,0.950949,0.979489,0.995217,0.985123,0.982809,0.954890,0.969244,0.964240,0.968859,0.967920,0.875702,1.006332,1.011506,0.957308,0.982027,1.002469,0.985123,0.923373,0.946248,1.046066
3.856790,1.017399,0.942296,0.953122,0.969731,0.997469,1.003398,0.995274,0.994540,1.034056,1.011274,1.006717,0.980077,1.001852,0.984966,0.969269,0.977048,0.969422,0.962335,1.001456,0.951553,0.979907,0.995641,0.985548,0.983233,0.955102,0.969636,0.964619,0.969401,0.968500,0.875711,1.006437,1.011663,0.957816,0.982705,1.002877,0.985548,0.923599,0.946887,1.046050
3.865120,1.017454,0.942459,0.953358,0.969958,0.997649,1.003574,0.995438,0.994700,1.034103,1.011473,1.006909,0.980280,1.002066,0.985216,0.969631,0.977455,0.969782,0.962648,1.001997,0.952144,0.980315,0.996053,0.985962,0.983647,0.955308,0.970018,0.964988,0.969929,0.969063,0.875720,1.006534,1.011812,0.958313,0.983367,1.003275,0.985962,0.923820,0.947508,1.046033
3.873450,1.017507,0.942617,0.953587,0.970177,0.997822,1.003742,0.995595,0.994852,1.034146,1.011664,1.007093,0.980475,1.002271,0.985458,0.969984,0.977850,0.970133,0.962952,1.002525,0.952721,0.980712,0.996455,0.986365,0.984050,0.955508,0.970388,0.965347,0.970442,0.969610,0.875728,1.006625,1.011953,0.958799,0.984014,1.003663,0.986365,0.924037,0.948111,1.046013
3.881780,1.017557,0.942770,0.953809,0.970388,0.997987,1.003902,0.995744,0.994996,1.034183,1.011846,1.007268,0.980661,1.002468,0.985691,0.970326,0.978235,0.970473,0.963247,1.003040,0.953284,0.981097,0.996846,0.986757,0.984442,0.955703,0.970748,0.965696,0.970940,0.970140,0.875736,1.006708,1.012086,0.959274,0.984645,1.004040,0.986757,0.924249,0.948695,1.045992
3.890110,1.017604,0.942919,0.954024,0.970590,0.998144,1.004054,0.995885,0.995132,1.034216,1.012020,1.007435,0.980838,1.002656,0.985915,0.970658,0.978609,0.970804,0.963533,1.003542,0.953834,0.981472,0.997225,0.987138,0.984824,0.955893,0.971098,0.966034,0.971424,0.970655,0.875744,1.006783,1.012211,0.959738,0.985261,1.004406,0.987138,0.924457,0.949262,1.045969
3.898440,1.017650,0.943064,0.954231,0.970785,0.998293,1.004198,0.996019,0.995262,1.034244,1.012185,1.007594,0.981008,1.002836,0.986131,0.970980,0.978972,0.971125,0.963811,1.004032,0.954370,0.981836,0.997594,0.987507,0.985194,0.956078,0.971437,0.966363,0.971893,0.971154,0.875751,1.006852,1.012328,0.960191,0.985861,1.004762,0.987507,0.924662,0.949810,1.045945
3.906770,1.017693,0.943205,0.954432,0.970972,0.998434,1.004335,0.996146,0.995384,1.034267,1.012342,1.007745,0.981169,1.003007,0.986338,0.971292,0.979325,0.971436,0.964080,1.004509,0.954892,0.982190,0.997951,0.987866,0.985555,0.956258,0.971767,0.966681,0.972347,0.971637,0.875759,1.006913,1.012437,0.960633,0.986446,1.005107,0.987866,0.924862,0.950342,1.045919
3.915100,1.017734,0.943341,0.954627,0.971152,0.998569,1.004464,0.996265,0.995499,1.034285,1.012491,1.007888,0.981322,1.003170,0.986536,0.971594,0.979667,0.971738,0.964341,1.004973,0.955401,0.982532,0.998298,0.988215,0.985904,0.956433,0.972086,0.966990,0.972787,0.972105,0.875767,1.006968,1.012539,0.961064,0.987015,1.005442,0.988215,0.925059,0.950856,1.045891
3.923430,1.017773,0.943475,0.954814,0.971324,0.998695,1.004586,0.996377,0.995606,1.034300,1.012632,1.008023,0.981467,1.003325,0.986726,0.971887,0.979999,0.972031,0.964593,1.005425,0.955897,0.982865,0.998635,0.988552,0.986243,0.956604,0.972395,0.967290,0.973214,0.972558,0.875776,1.007016,1.012632,0.961484,0.987568,1.005767,0.988552,0.925252,0.951353,1.045862
3.931760,1.017810,0.943604,0.954996,0.971488,0.998815,1.004700,0.996482,0.995707,1.034309,1.012765,1.008150,0.981605,1.003472,0.986908,0.972169,0.980320,0.972315,0.964838,1.005864,0.956378,0.983187,0.998961,0.988880,0.986572,0.956770,0.972695,0.967580,0.973627,0.972997,0.875784,1.007057,1.012719,0.961893,0.988106,1.006082,0.988880,0.925441,0.951834,1.045832
3.940090,1.017846,0.943730,0.955171,0.971645,0.998927,1.004808,0.996580,0.995801,1.034315,1.012891,1.008270,0.981734,1.003611,0.987082,0.972442,0.980632,0.972589,0.965074,1.006290,0.956847,0.983498,0.999276,0.989196,0.986891,0.956931,0.972986,0.967861,0.974026,0.973420,0.875794,1.007092,1.012798,0.962291,0.988628,1.006387,0.989196,0.925628,0.952298,1.045800
3.948420,1.017879,0.943853,0.955340,0.971795,0.999033,1.004908,0.996671,0.995889,1.034316,1.013008,1.008382,0.981857,1.003743,0.987249,0.972706,0.980933,0.972855,0.965303,1.006705,0.957301,0.983800,0.999581,0.989503,0.987200,0.957089,0.973267,0.968133,0.974413,0.973830,0.875804,1.007120,1.012870,0.962679,0.989134,1.006682,0.989503,0.925811,0.952746,1.045766
3.956750,1.017911,0.943973,0.955503,0.971938,0.999131,1.005002,0.996756,0.995969,1.034313,1.013119,1.008488,0.981972,1.003867,0.987407,0.972961,0.981225,0.973112,0.965524,1.007107,0.957743,0.984092,0.999877,0.989800,0.987498,0.957242,0.973539,0.968396,0.974786,0.974225,0.875814,1.007142,1.012935,0.963056,0.989625,1.006967,0.989800,0.925992,0.953178,1.045732
3.965080,1.017942,0.944090,0.955661,0.972074,0.999223,1.005088,0.996834,0.996044,1.034306,1.013222,1.008586,0.982079,1.003984,0.987558,0.973206,0.981507,0.973360,0.965738,1.007497,0.958171,0.984374,1.000162,0.990086,0.987788,0.957391,0.973803,0.968651,0.975147,0.974607,0.875826,1.007158,1.012994,0.963422,0.990101,1.007243,0.990086,0.926169,0.953595,1.045696
3.973410,1.017971,0.944203,0.955813,0.972204,0.999309,1.005169,0.996906,0.996112,1.034296,1.013318,1.008677,0.982180,1.004093,0.987701,0.973442,0.981780,0.973600,0.965944,1.007875,0.958586,0.984647,1.000438,0.990363,0.988067,0.957537,0.974058,0.968897,0.975496,0.974975,0.875838,1.007167,1.013045,0.963777,0.990561,1.007509,0.990363,0.926344,0.953997,1.045659
3.981740,1.017998,0.944314,0.955960,0.972327,0.999387,1.005242,0.996972,0.996174,1.034281,1.013407,1.008762,0.982274,1.004195,0.987838,0.973670,0.982043,0.973832,0.966143,1.008241,0.958988,0.984910,1.000704,0.990631,0.988337,0.957679,0.974304,0.969135,0.975832,0.975331,0.875851,1.007171,1.013090,0.964123,0.991006,1.007766,0.990631,0.926516,0.954384,1.045622
3.990070,1.018025,0.944423,0.956102,0.972443,0.999460,1.005310,0.997031,0.996230,1.034263,1.013489,1.008839,0.982361,1.004291,0.987967,0.973889,0.982297,0.974056,0.966336,1.008595,0.959377,0.985164,1.000961,0.990889,0.988598,0.957817,0.974543,0.969365,0.976157,0.975673,0.875865,1.007169,1.013128,0.964458,0.991436,1.008014,0.990889,0.926686,0.954756,1.045583
3.998400,1.018050,0.944529,0.956238,0.972553,0.999527,1.005371,0.997085,0.996280,1.034242,1.013564,1.008911,0.982441,1.004380,0.988089,0.974100,0.982542,0.974272,0.966521,1.008938,0.959753,0.985408,1.001208,0.991138,0.988850,0.957952,0.974773,0.969587,0.976470,0.976003,0.875881,1.007161,1.013160,0.964782,0.991851,1.008253,0.991138,0.926854,0.955115,1.045543
4.006730,1.018074,0.944633,0.956370,0.972657,0.999587,1.005426,0.997133,0.996324,1.034216,1.013633,1.008976,0.982515,1.004462,0.988204,0.974303,0.982779,0.974480,0.966700,1.009269,0.960116,0.985644,1.001447,0.991378,0.989092,0.958084,0.974995,0.969802,0.976771,0.976321,0.875897,1.007147,1.013186,0.965097,0.992251,1.008484,0.991378,0.927019,0.955459,1.045502
4.015060,1.018096,0.944734,0.956496,0.972756,0.999642,1.005476,0.997175,0.996363,1.034188,1.013695,1.009034,0.982583,1.004538,0.988313,0.974497,0.983006,0.974681,0.966872,1.009589,0.960467,0.985872,1.001677,0.991609,0.989327,0.958212,0.975210,0.970009,0.977062,0.976626,0.875915,1.007128,1.013205,0.965402,0.992636,1.008706,0.991609,0.927182,0.955790,1.045460
4.023390,1.018118,0.944833,0.956619,0.972848,0.999691,1.005519,0.997211,0.996397,1.034157,1.013752,1.009087,0.982645,1.004607,0.988415,0.974684,0.983226,0.974874,0.967039,1.009898,0.960805,0.986091,1.001898,0.991832,0.989552,0.958337,0.975418,0.970208,0.977342,0.976920,0.875933,1.007104,1.013219,0.965696,0.993007,1.008920,0.991832,0.927343,0.956107,1.045418
4.031720,1.018138,0.944931,0.956736,0.972935,0.999735,1.005558,0.997243,0.996425,1.034122,1.013802,1.009134,0.982700,1.004671,0.988512,0.974863,0.983437,0.975060,0.967199,1.010196,0.961131,0.986301,1.002111,0.992046,0.989769,0.958460,0.975618,0.970401,0.977611,0.977203,0.875953,1.007075,1.013227,0.965981,0.993363,1.009126,0.992046,0.927503,0.956412,1.045374
4.040050,1.018158,0.945026,0.956850,0.973016,0.999773,1.005591,0.997269,0.996448,1.034084,1.013847,1.009176,0.982750,1.004729,0.988602,0.975034,0.983640,0.975240,0.967353,1.010483,0.961445,0.986504,1.002316,0.992252,0.989978,0.958579,0.975811,0.970586,0.977870,0.977474,0.875974,1.007041,1.013229,0.966257,0.993704,1.009323,0.992252,0.927660,0.956704,1.045330
4.048380,1.018177,0.945119,0.956959,0.973093,0.999807,1.005619,0.997290,0.996466,1.034044,1.013886,1.009212,0.982795,1.004781,0.988686,0.975198,0.983835,0.975412,0.967501,1.010759,0.961747,0.986699,1.002513,0.992450,0.990180,0.958695,0.975998,0.970765,0.978120,0.977735,0.875996,1.007002,1.013226,0.966523,0.994032,1.009514,0.992450,0.927816,0.956984,1.045286
4.056710,1.018195,0.945211,0.957065,0.973164,0.999835,1.005642,0.997307,0.996480,1.034001,1.013920,1.009242,0.982834,1.004827,0.988765,0.975356,0.984022,0.975578,0.967644,1.011025,0.962037,0.986886,1.002702,0.992641,0.990373,0.958809,0.976177,0.970938,0.978359,0.977985,0.876020,1.006959,1.013218,0.966780,0.994345,1.009696,0.992641,0.927970,0.957251,1.045240
4.065040,1.018212,0.945301,0.957166,0.973230,0.999859,1.005660,0.997319,0.996489,1.033956,1.013948,1.009268,0.982868,1.004868,0.988838,0.975506,0.984202,0.975738,0.967781,1.011281,0.962315,0.987066,1.002884,0.992824,0.990559,0.958921,0.976351,0.971104,0.978589,0.978224,0.876044,1.006912,1.013204,0.967027,0.994645,1.009872,0.992824,0.928123,0.957507,1.045195
4.073370,1.018228,0.945389,0.957264,0.973292,0.999878,1.005674,0.997327,0.996494,1.033908,1.013972,1.009289,0.982897,1.004905,0.988906,0.975650,0.984375,0.975892,0.967913,1.011527,0.962582,0.987238,1.003059,0.993000,0.990737,0.959029,0.976518,0.971263,0.978809,0.978454,0.876070,1.006861,1.013185,0.967266,0.994931,1.010040,0.993000,0.928275,0.957752,1.045148
4.081700,1.018244,0.945476,0.957358,0.973349,0.999893,1.005683,0.997330,0.996495,1.033858,1.013990,1.009305,0.982921,1.004936,0.988968,0.975787,0.984541,0.976039,0.968040,1.011763,0.962838,0.987404,1.003227,0.993169,0.990909,0.959136,0.976679,0.971417,0.979021,0.978674,0.876097,1.006807,1.013161,0.967495,0.995204,1.010202,0.993169,0.928425,0.957985,1.045102
4.090030,1.018258,0.945561,0.957449,0.973402,0.999904,1.005688,0.997330,0.996492,1.033806,1.014004,1.009317,0.982941,1.004962,0.989026,0.975918,0.984700,0.976180,0.968162,1.011989,0.963082,0.987563,1.003387,0.993331,0.991073,0.959240,0.976834,0.971565,0.979224,0.978885,0.876125,1.006749,1.013133,0.967716,0.995463,1.010357,0.993331,0.928573,0.958208,1.045054
4.098360,1.018273,0.945645,0.957536,0.973450,0.999910,1.005689,0.997326,0.996485,1.033752,1.014013,1.009324,0.982956,1.004984,0.989079,0.976043,0.984852,0.976316,0.968280,1.012206,0.963316,0.987715,1.003542,0.993486,0.991231,0.959341,0.976983,0.971707,0.979418,0.979086,0.876155,1.006687,1.013100,0.967929,0.995710,1.010505,0.993486,0.928721,0.958420,1.045007
4.106690,1.018286,0.945728,0.957621,0.973495,0.999913,1.005687,0.997318,0.996474,1.033696,1.014018,1.009327,0.982967,1.005002,0.989128,0.976162,0.984998,0.976447,0.968392,1.012414,0.963539,0.987861,1.003690,0.993635,0.991382,0.959441,0.977126,0.971844,0.979604,0.979278,0.876185,1.006622,1.013062,0.968133,0.995944,1.010648,0.993635,0.928867,0.958621,1.044959
4.115020,1.018299,0.945809,0.957702,0.973535,0.999913,1.005681,0.997306,0.996461,1.033639,1.014019,1.009326,0.982973,1.005015,0.989172,0.976275,0.985137,0.976572,0.968501,1.012613,0.963752,0.988001,1.003831,0.993778,0.991527,0.959538,0.977265,0.971975,0.979782,0.979462,0.876217,1.006555,1.013020,0.968329,0.996165,1.010784,0.993778,0.929012,0.958813,1.044911
4.123350,1.018312,0.945889,0.957780,0.973572,0.999908,1.005671,0.997291,0.996443,1.033580,1.014016,1.009322,0.982976,1.005025,0.989212,0.976383,0.985271,0.976692,0.968605,1.012803,0.963955,0.988135,1.003967,0.993915,0.991666,0.959633,0.977398,0.972102,0.979953,0.979637,0.876249,1.006485,1.012974,0.968517,0.996374,1.010915,0.993915,0.929156,0.958995,1.044863
4.131680,1.018323,0.945968,0.957856,0.973605,0.999901,1.005658,0.997273,0.996423,1.033519,1.014010,1.009314,0.982976,1.005030,0.989248,0.976486,0.985399,0.976807,0.968704,1.012984,0.964147,0.988263,1.004097,0.994046,0.991799,0.959727,0.977525,0.972223,0.980115,0.979804,0.876283,1.006412,1.012924,0.968697,0.996571,1.011040,0.994046,0.929299,0.959168,1.044815
4.140010,1.018335,0.946045,0.957928,0.973635,0.999890,1.005642,0.997252,0.996400,1.033457,1.013999,1.009302,0.982971,1.005032,0.989280,0.976583,0.985521,0.976917,0.968800,1.013157,0.964330,0.988386,1.004222,0.994172,0.991926,0.959818,0.977648,0.972339,0.980270,0.979962,0.876317,1.006336,1.012870,0.968870,0.996757,1.011159,0.994172,0.929441,0.959331,1.044766
4.148340,1.018345,0.946122,0.957998,0.973662,0.999877,1.005623,0.997229,0.996374,1.033394,1.013986,1.009287,0.982964,1.005031,0.989308,0.976676,0.985637,0.977022,0.968892,1.013322,0.964504,0.988503,1.004341,0.994292,0.992047,0.959907,0.977766,0.972451,0.980418,0.980113,0.876352,1.006259,1.012813,0.969035,0.996930,1.011273,0.994292,0.929582,0.959486,1.044717
4.156670,1.018356,0.946197,0.958066,0.973686,0.999860,1.005601,0.997202,0.996346,1.033330,1.013969,1.009270,0.982953,1.005026,0.989333,0.976764,0.985749,0.977123,0.968980,1.013480,0.964668,0.988615,1.004455,0.994407,0.992163,0.959994,0.977879,0.972558,0.980559,0.980257,0.876388,1.006179,1.012753,0.969193,0.997093,1.011383,0.994407,0.929722,0.959631,1.044669
4.165000,1.018365,0.946271,0.958131,0.973707,0.999841,1.005577,0.997174,0.996315,1.033266,1.013950,1.009249,0.982940,1.005019,0.989355,0.976847,0.985855,0.977220,0.969065,1.013629,0.964823,0.988723,1.004565,0.994517,0.992274,0.960080,0.977988,0.972661,0.980693,0.980392,0.876425,1.006097,1.012689,0.969344,0.997244,1.011487,0.994517,0.929861,0.959769,1.044620
4.173330,1.018374,0.946343,0.958193,0.973725,0.999820,1.005550,0.997143,0.996282,1.033200,1.013927,1.009226,0.982924,1.005008,0.989374,0.976926,0.985956,0.977312,0.969146,1.013771,0.964969,0.988825,1.004669,0.994622,0.992380,0.960163,0.978092,0.972759,0.980821,0.980521,0.876462,1.006013,1.012623,0.969488,0.997385,1.011587,0.994622,0.929999,0.959897,1.044572
4.181660,1.018383,0.946415,0.958254,0.973740,0.999797,1.005521,0.997110,0.996247,1.033134,1.013903,1.009201,0.982905,1.004995,0.989390,0.977001,0.986053,0.977401,0.969224,1.013906,0.965106,0.988923,1.004769,0.994723,0.992482,0.960245,0.978191,0.972854,0.980941,0.980643,0.876500,1.005928,1.012555,0.969625,0.997515,1.011682,0.994723,0.930135,0.960018,1.044523
4.189990,1.018391,0.946485,0.958312,0.973754,0.999771,1.005490,0.997075,0.996210,1.033067,1.013876,1.009173,0.982884,1.004980,0.989403,0.977073,0.986145,0.977485,0.969298,1.014034,0.965236,0.989017,1.004865,0.994820,0.992578,0.960325,0.978287,0.972944,0.981056,0.980758,0.876538,1.005841,1.012485,0.969756,0.997636,1.011773,0.994820,0.930271,0.960131,1.044475
4.198320,1.018399,0.946555,0.958368,0.973765,0.999744,1.005457,0.997038,0.996172,1.033000,1.013847,1.009143,0.982861,1.004963,0.989413,0.977140,0.986233,0.977566,0.969369,1.014155,0.965357,0.989106,1.004956,0.994912,0.992670,0.960403,0.978378,0.973030,0.981164,0.980866,0.876577,1.005753,1.012413,0.969880,0.997746,1.011860,0.994912,0.930406,0.960236,1.044426
4.206650,1.018407,0.946623,0.958423,0.973773,0.999714,1.005423,0.997000,0.996132,1.032933,1.013816,1.009112,0.982837,1.004943,0.989422,0.977204,0.986317,0.977643,0.969438,1.014270,0.965470,0.989192,1.005044,0.995000,0.992758,0.960479,0.978466,0.973113,0.981267,0.980967,0.876616,1.005663,1.012339,0.969999,0.997846,1.011942,0.995000,0.930540,0.960334,1.044378
4.214980,1.018413,0.946690,0.958475,0.973780,0.999684,1.005387,0.996960,0.996090,1.032865,1.013784,1.009079,0.982810,1.004922,0.989428,0.977264,0.986396,0.977717,0.969503,1.014378,0.965575,0.989273,1.005127,0.995084,0.992842,0.960554,0.978549,0.973192,0.981363,0.981063,0.876655,1.005572,1.012264,0.970111,0.997938,1.012021,0.995084,0.930673,0.960424,1.044330
4.223310,1.018420,0.946756,0.958525,0.973785,0.999652,1.005349,0.996920,0.996048,1.032798,1.013750,1.009045,0.982782,1.004899,0.989432,0.977321,0.986472,0.977787,0.969566,1.014480,0.965673,0.989351,1.005207,0.995164,0.992922,0.960627,0.978629,0.973267,0.981454,0.981152,0.876695,1.005479,1.012189,0.970218,0.998020,1.012096,0.995164,0.930805,0.960507,1.044283
4.231640,1.018426,0.946821,0.958574,0.973788,0.999618,1.005310,0.996878,0.996004,1.032730,1.013715,1.009009,0.982753,1.004875,0.989434,0.977375,0.986544,0.977854,0.969626,1.014576,0.965764,0.989425,1.005283,0.995241,0.992998,0.960698,0.978705,0.973338,0.981539,0.981235,0.876734,1.005386,1.012112,0.970320,0.998093,1.012167,0.995241,0.930935,0.960583,1.044235
4.239970,1.018431,0.946884,0.958621,0.973790,0.999583,1.005271,0.996834,0.995960,1.032663,1.013678,1.008972,0.982722,1.004849,0.989435,0.977426,0.986612,0.977918,0.969683,1.014667,0.965848,0.989496,1.005356,0.995315,0.993070,0.960767,0.978777,0.973407,0.981619,0.981311,0.876774,1.005291,1.012036,0.970416,0.998158,1.012235,0.995315,0.931065,0.960652,1.044188
4.248300,1.018436,0.946946,0.958666,0.973790,0.999547,1.005230,0.996791,0.995914,1.032596,1.013641,1.008934,0.982690,1.004823,0.989434,0.977474,0.986677,0.977979,0.969738,1.014751,0.965925,0.989563,1.005425,0.995385,0.993139,0.960835,0.978845,0.973472,0.981693,0.981382,0.876813,1.005195,1.011959,0.970506,0.998214,1.012300,0.995385,0.931193,0.960715,1.044142
4.256630,1.018440,0.947007,0.958709,0.973789,0.999511,1.005188,0.996746,0.995868,1.032530,1.013603,1.008895,0.982658,1.004795,0.989431,0.977519,0.986739,0.978037,0.969790,1.014831,0.965996,0.989627,1.005491,0.995451,0.993204,0.960901,0.978910,0.973533,0.981762,0.981448,0.876853,1.005097,1.011882,0.970592,0.998263,1.012361,0.995451,0.931321,0.960770,1.044095
4.264960,1.018444,0.947067,0.958750,0.973786,0.999473,1.005145,0.996700,0.995821,1.032463,1.013564,1.008856,0.982624,1.004766,0.989427,0.977561,0.986797,0.978092,0.969840,1.014905,0.966060,0.989688,1.005554,0.995515,0.993266,0.960966,0.978971,0.973592,0.981825,0.981507,0.876892,1.004999,1.011805,0.970673,0.998303,1.012418,0.995515,0.931446,0.960819,1.044049
4.273290,1.018448,0.947125,0.958790,0.973782,0.999434,1.005101,0.996654,0.995774,1.032398,1.013525,1.008815,0.982590,1.004736,0.989421,0.977601,0.986852,0.978144,0.969888,1.014975,0.966118,0.989745,1.005613,0.995575,0.993325,0.961028,0.979029,0.973647,0.981883,0.981561,0.876931,1.004899,1.011728,0.970749,0.998337,1.012473,0.995575,0.931571,0.960862,1.044004
4.281620,1.018450,0.947182,0.958828,0.973776,0.999395,1.005057,0.996607,0.995726,1.032333,1.013485,1.008774,0.982555,1.004706,0.989415,0.977639,0.986904,0.978193,0.969932,1.015039,0.966170,0.989800,1.005670,0.995632,0.993381,0.961089,0.979083,0.973699,0.981936,0.981609,0.876969,1.004799,1.011652,0.970821,0.998363,1.012524,0.995632,0.931694,0.960898,1.043959
4.289950,1.018453,0.947237,0.958865,0.973770,0.999354,1.005012,0.996560,0.995677,1.032268,1.013444,1.008733,0.982519,1.004675,0.989406,0.977674,0.986953,0.978239,0.969975,1.015099,0.966216,0.989852,1.005724,0.995686,0.993433,0.961148,0.979134,0.973748,0.981984,0.981651,0.877006,1.004697,1.011576,0.970889,0.998381,1.012572,0.995686,0.931816,0.960927,1.043914
4.298280,1.018454,0.947291,0.958899,0.973762,0.999313,1.004966,0.996512,0.995629,1.032205,1.013403,1.008690,0.982482,1.004643,0.989397,0.977706,0.986999,0.978283,0.970015,1.015154,0.966257,0.989900,1.005774,0.995738,0.993482,0.961205,0.979181,0.973794,0.982027,0.981688,0.877043,1.004593,1.011501,0.970952,0.998394,1.012618,0.995738,0.931937,0.960950,1.043870
4.306610,1.018455,0.947343,0.958932,0.973753,0.999272,1.004919,0.996463,0.995579,1.032142,1.013361,1.008647,0.982445,1.004610,0.989387,0.977736,0.987042,0.978324,0.970053,1.015205,0.966292,0.989946,1.005822,0.995786,0.993529,0.961260,0.979225,0.973836,0.982064,0.981720,0.877080,1.004488,1.011427,0.971011,0.998399,1.012660,0.995786,0.932056,0.960967,1.043826
4.314940,1.018455,0.947393,0.958963,0.973742,0.999229,1.004872,0.996414,0.995529,1.032079,1.013319,1.008604,0.982408,1.004577,0.989375,0.977764,0.987082,0.978362,0.970089,1.015251,0.966323,0.989989,1.005867,0.995832,0.993572,0.961313,0.979266,0.973876,0.982097,0.981745,0.877115,1.004382,1.011353,0.971066,0.998399,1.012699,0.995832,0.932173,0.960977,1.043782
4.323270,1.018455,0.947442,0.958993,0.973731,0.999186,1.004823,0.996365,0.995479,1.032018,1.013277,1.008560,0.982369,1.004543,0.989362,0.977789,0.987119,0.978397,0.970122,1.015293,0.966348,0.990030,1.005909,0.995874,0.993612,0.961364,0.979302,0.973912,0.982124,0.981766,0.877150,1.004275,1.011279,0.971117,0.998392,1.012735,0.995874,0.932288,0.960981,1.043740
4.331600,1.018454,0.947489,0.959020,0.973718,0.999142,1.004774,0.996315,0.995429,1.031957,1.013234,1.008515,0.982330,1.004508,0.989348,0.977812,0.987153,0.978430,0.970152,1.015332,0.966368,0.990067,1.005948,0.995914,0.993650,0.961413,0.979336,0.973946,0.982146,0.981780,0.877183,1.004165,1.011207,0.971165,0.998379,1.012769,0.995914,0.932402,0.960979,1.043697
4.339930,1.018452,0.947534,0.959046,0.973704,0.999097,1.004725,0.996264,0.995377,1.031897,1.013190,1.008470,0.982290,1.004473,0.989332,0.977833,0.987185,0.978460,0.970181,1.015366,0.966384,0.990102,1.005985,0.995952,0.993685,0.961461,0.979366,0.973976,0.982163,0.981789,0.877216,1.004054,1.011134,0.971209,0.998361,1.012800,0.995952,0.932514,0.960970,1.043655
4.348260,1.018449,0.947577,0.959069,0.973688,0.999051,1.004674,0.996213,0.995326,1.031838,1.013146,1.008424,0.982250,1.004437,0.989315,0.977852,0.987214,0.978487,0.970207,1.015397,0.966395,0.990134,1.006019,0.995986,0.993717,0.961506,0.979392,0.974003,0.982175,0.981793,0.877247,1.003941,1.011063,0.971250,0.998338,1.012828,0.995986,0.932625,0.960955,1.043614
4.356590,1.018446,0.947618,0.959091,0.973671,0.999004,1.004623,0.996161,0.995274,1.031780,1.013101,1.008378,0.982209,1.004400,0.989297,0.977868,0.987240,0.978512,0.970230,1.015423,0.966402,0.990164,1.006050,0.996018,0.993746,0.961549,0.979415,0.974027,0.982182,0.981791,0.877277,1.003827,1.010991,0.971287,0.998309,1.012854,0.996018,0.932733,0.960934,1.043573
4.364920,1.018441,0.947657,0.959110,0.973653,0.998957,1.004571,0.996109,0.995221,1.031723,1.013055,1.008330,0.982167,1.004362,0.989278,0.977882,0.987264,0.978534,0.970251,1.015447,0.966404,0.990191,1.006079,0.996047,0.993773,0.961590,0.979434,0.974048,0.982184,0.981783,0.877306,1.003710,1.010920,0.971322,0.998275,1.012877,0.996047,0.932839,0.960906,1.043532
4.373250,1.018436,0.947693,0.959128,0.973633,0.998908,1.004517,0.996056,0.995168,1.031666,1.013009,1.008282,0.982124,1.004323,0.989257,0.977894,0.987284,0.978554,0.970270,1.015467,0.966403,0.990215,1.006105,0.996074,0.993796,0.961629,0.979449,0.974065,0.982180,0.981770,0.877333,1.003592,1.010849,0.971353,0.998237,1.012898,0.996074,0.932944,0.960873,1.043492
4.381580,1.018430,0.947728,0.959143,0.973612,0.998859,1.004463,0.996002,0.995115,1.031611,1.012962,1.008233,0.982080,1.004283,0.989235,0.977903,0.987303,0.978570,0.970286,1.015483,0.966397,0.990237,1.006129,0.996098,0.993817,0.961665,0.979462,0.974080,0.982172,0.981752,0.877359,1.003471,1.010778,0.971381,0.998194,1.012917,0.996098,0.933046,0.960833,1.043452
4.389910,1.018423,0.947760,0.959156,0.973590,0.998808,1.004408,0.995947,0.995060,1.031556,1.012914,1.008182,0.982035,1.004242,0.989211,0.977911,0.987318,0.978584,0.970300,1.015497,0.966388,0.990257,1.006150,0.996120,0.993836,0.961700,0.979470,0.974091,0.982158,0.981728,0.877383,1.003349,1.010707,0.971407,0.998148,1.012933,0.996120,0.933147,0.960787,1.043413
4.398240,1.018415,0.947790,0.959167,0.973566,0.998756,1.004351,0.995892,0.995005,1.031502,1.012865,1.008131,0.981989,1.004200,0.989186,0.977915,0.987331,0.978596,0.970312,1.015507,0.966376,0.990274,1.006169,0.996140,0.993852,0.961732,0.979476,0.974100,0.982140,0.981699,0.877406,1.003224,1.010636,0.971430,0.998097,1.012947,0.996140,0.933245,0.960736,1.043374
4.406570,1.018406,0.947818,0.959176,0.973540,0.998703,1.004293,0.995836,0.994950,1.031449,1.012815,1.008079,0.981941,1.004156,0.989159,0.977918,0.987342,0.978605,0.970321,1.015514,0.966360,0.990288,1.006186,0.996157,0.993865,0.961763,0.979478,0.974105,0.982118,0.981666,0.877427,1.003097,1.010564,0.971450,0.998042,1.012959,0.996157,0.933342,0.960679,1.043336
4.414900,1.018396,0.947843,0.959182,0.973512,0.998649,1.004234,0.995779,0.994893,1.031397,1.012763,1.008025,0.981893,1.004111,0.989130,0.977918,0.987350,0.978611,0.970327,1.015518,0.966340,0.990300,1.006200,0.996171,0.993876,0.961791,0.979477,0.974108,0.982090,0.981627,0.877447,1.002968,1.010491,0.971468,0.997984,1.012969,0.996171,0.933436,0.960618,1.043298
4.423230,1.018385,0.947867,0.959187,0.973483,0.998594,1.004174,0.995720,0.994836,1.031345,1.012711,1.007970,0.981843,1.004065,0.989100,0.977916,0.987356,0.978615,0.970331,1.015520,0.966318,0.990310,1.006212,0.996183,0.993884,0.961818,0.979473,0.974108,0.982059,0.981584,0.877465,1.002836,1.010418,0.971484,0.997922,1.012978,0.996183,0.933529,0.960551,1.043261
4.431560,1.018374,0.947888,0.959189,0.973452,0.998537,1.004113,0.995661,0.994778,1.031295,1.012656,1.007914,0.981792,1.004018,0.989068,0.977912,0.987359,0.978617,0.970333,1.015519,0.966293,0.990317,1.006222,0.996193,0.993890,0.961842,0.979465,0.974105,0.982023,0.981537,0.877481,1.002703,1.010343,0.971498,0.997857,1.012984,0.996193,0.933619,0.960480,1.043224
4.439890,1.018361,0.947906,0.959189,0.973419,0.998479,1.004049,0.995601,0.994719,1.031245,1.012601,1.007856,0.981739,1.003968,0.989034,0.977906,0.987359,0.978615,0.970332,1.015515,0.966265,0.990322,1.006229,0.996200,0.993893,0.961865,0.979455,0.974099,0.981984,0.981486,0.877496,1.002567,1.010268,0.971509,0.997790,1.012988,0.996200,0.933708,0.960405,1.043188
4.448220,1.018347,0.947922,0.959186,0.973384,0.998419,1.003985,0.995539,0.994659,1.031196,1.012544,1.007797,0.981684,1.003917,0.988998,0.977897,0.987358,0.978612,0.970329,1.015509,0.966234,0.990325,1.006234,0.996206,0.993894,0.961886,0.979442,0.974090,0.981940,0.981430,0.877510,1.002428,1.010190,0.971518,0.997719,1.012990,0.996206,0.933794,0.960325,1.043152
4.456550,1.018332,0.947936,0.959181,0.973348,0.998358,1.003918,0.995477,0.994598,1.031148,1.012484,1.007735,0.981627,1.003864,0.988960,0.977885,0.987353,0.978605,0.970323,1.015501,0.966201,0.990325,1.006237,0.996208,0.993892,0.961905,0.979426,0.974079,0.981893,0.981371,0.877521,1.002287,1.010111,0.971526,0.997646,1.012991,0.996208,0.933879,0.960242,1.043117
4.464880,1.018316,0.947948,0.959174,0.973309,0.998295,1.003850,0.995413,0.994535,1.031100,1.012423,1.007672,0.981569,1.003809,0.988920,0.977872,0.987346,0.978597,0.970315,1.015490,0.966165,0.990323,1.006238,0.996209,0.993888,0.961923,0.979408,0.974065,0.981842,0.981308,0.877531,1.002143,1.010030,0.971531,0.997571,1.012990,0.996209,0.933962,0.960154,1.043082
4.473210,1.018299,0.947957,0.959164,0.973268,0.998230,1.003781,0.995347,0.994472,1.031053,1.012360,1.007607,0.981509,1.003752,0.988877,0.977855,0.987337,0.978586,0.970305,1.015476,0.966127,0.990318,1.006236,0.996207,0.993881,0.961938,0.979386,0.974049,0.981788,0.981241,0.877540,1.001997,1.009946,0.971535,0.997493,1.012986,0.996207,0.934043,0.960063,1.043047
4.481540,1.018281,0.947963,0.959152,0.973225,0.998163,1.003709,0.995280,0.994407,1.031006,1.012295,1.007540,0.981446,1.003693,0.988833,0.977837,0.987325,0.978572,0.970292,1.015461,0.966087,0.990311,1.006232,0.996203,0.993872,0.961952,0.979362,0.974029,0.981730,0.981170,0.877546,1.001849,1.009860,0.971537,0.997414,1.012982,0.996203,0.934122,0.959969,1.043013
4.489870,1.018262,0.947968,0.959138,0.973180,0.998095,1.003635,0.995212,0.994341,1.030961,1.012228,1.007471,0.981381,1.003631,0.988786,0.977815,0.987311,0.978555,0.970276,1.015443,0.966045,0.990302,1.006226,0.996196,0.993860,0.961964,0.979335,0.974007,0.981668,0.981095,0.877551,1.001697,1.009772,0.971538,0.997332,1.012975,0.996196,0.934200,0.959870,1.042979
4.498200,1.018242,0.947969,0.959121,0.973132,0.998024,1.003560,0.995142,0.994273,1.030915,1.012158,1.007399,0.981314,1.003567,0.988736,0.977791,0.987294,0.978536,0.970258,1.015423,0.966000,0.990290,1.006217,0.996187,0.993846,0.961975,0.979305,0.973983,0.981603,0.981018,0.877555,1.001543,1.009681,0.971537,0.997249,1.012966,0.996187,0.934275,0.959768,1.042946
4.506530,1.018221,0.947969,0.959101,0.973082,0.997952,1.003482,0.995070,0.994204,1.030871,1.012086,1.007325,0.981245,1.003501,0.988684,0.977765,0.987275,0.978515,0.970237,1.015401,0.965954,0.990275,1.006206,0.996175,0.993829,0.961983,0.979273,0.973955,0.981534,0.980936,0.877557,1.001386,1.009587,0.971534,0.997164,1.012956,0.996175,0.934349,0.959663,1.042913
4.514860,1.018199,0.947966,0.959079,0.973030,0.997877,1.003402,0.994997,0.994134,1.030826,1.012011,1.007249,0.981173,1.003432,0.988630,0.977736,0.987253,0.978491,0.970214,1.015376,0.965906,0.990258,1.006193,0.996161,0.993809,0.961990,0.979238,0.973925,0.981462,0.980851,0.877557,1.001227,1.009490,0.971530,0.997077,1.012944,0.996161,0.934420,0.959554,1.042880
4.523190,1.018176,0.947960,0.959054,0.972975,0.997801,1.003320,0.994921,0.994062,1.030782,1.011934,1.007170,0.981099,1.003361,0.988572,0.977703,0.987228,0.978464,0.970187,1.015350,0.965855,0.990238,1.006177,0.996145,0.993787,0.961996,0.979200,0.973892,0.981387,0.980762,0.877555,1.001064,1.009390,0.971525,0.996989,1.012929,0.996145,0.934490,0.959441,1.042848
4.531520,1.018151,0.947952,0.959026,0.972917,0.997722,1.003236,0.994844,0.993988,1.030739,1.011854,1.007089,0.981022,1.003287,0.988513,0.977669,0.987200,0.978434,0.970159,1.015321,0.965803,0.990216,1.006158,0.996125,0.993762,0.961999,0.979159,0.973857,0.981307,0.980669,0.877552,1.000899,1.009287,0.971517,0.996900,1.012913,0.996125,0.934558,0.959325,1.042816
4.539850,1.018125,0.947941,0.958996,0.972857,0.997641,1.003149,0.994765,0.993913,1.030696,1.011771,1.007005,0.980942,1.003210,0.988450,0.977631,0.987170,0.978401,0.970127,1.015290,0.965749,0.990191,1.006137,0.996103,0.993734,0.962001,0.979116,0.973818,0.981224,0.980573,0.877547,1.000731,1.009180,0.971509,0.996810,1.012895,0.996103,0.934624,0.959205,1.042785
4.548180,1.018098,0.947928,0.958963,0.972794,0.997557,1.003060,0.994684,0.993835,1.030653,1.011685,1.006918,0.980859,1.003130,0.988384,0.977590,0.987137,0.978366,0.970092,1.015257,0.965694,0.990163,1.006113,0.996078,0.993703,0.962001,0.979069,0.973777,0.981137,0.980472,0.877541,1.000560,1.009071,0.971499,0.996718,1.012874,0.996078,0.934688,0.959081,1.042753
4.556510,1.018070,0.947912,0.958927,0.972729,0.997471,1.002969,0.994601,0.993756,1.030610,1.011597,1.006829,0.980774,1.003047,0.988316,0.977546,0.987101,0.978328,0.970055,1.015222,0.965636,0.990132,1.006086,0.996050,0.993669,0.962000,0.979020,0.973732,0.981047,0.980368,0.877533,1.000387,1.008957,0.971487,0.996625,1.012852,0.996050,0.934750,0.958953,1.042723
4.564840,1.018041,0.947893,0.958888,0.972660,0.997383,1.002875,0.994516,0.993676,1.030568,1.011505,1.006737,0.980686,1.002961,0.988244,0.977499,0.987062,0.978286,0.970015,1.015184,0.965577,0.990098,1.006056,0.996020,0.993633,0.961996,0.978967,0.973685,0.980952,0.980259,0.877524,1.000210,1.008841,0.971474,0.996531,1.012827,0.996020,0.934810,0.958821,1.042692
4.573170,1.018011,0.947872,0.958846,0.972589,0.997292,1.002778,0.994429,0.993593,1.030526,1.011411,1.006642,0.980595,1.002873,0.988170,0.977449,0.987019,0.978242,0.969972,1.015144,0.965516,0.990061,1.006024,0.995986,0.993593,0.961991,0.978912,0.973635,0.980853,0.980146,0.877513,1.000030,1.008721,0.971459,0.996436,1.012800,0.995986,0.934868,0.958684,1.042662
4.581500,1.017979,0.947848,0.958802,0.972515,0.997199,1.002679,0.994340,0.993508,1.030484,1.011313,1.006544,0.980501,1.002781,0.988092,0.977396,0.986974,0.978195,0.969925,1.015102,0.965453,0.990021,1.005988,0.995949,0.993550,0.961983,0.978853,0.973581,0.980751,0.980029,0.877500,0.999848,1.008597,0.971443,0.996339,1.012770,0.995949,0.934924,0.958543,1.042632
4.589830,1.017946,0.947822,0.958754,0.972438,0.997103,1.002577,0.994248,0.993421,1.030441,1.011213,1.006443,0.980403,1.002686,0.988011,0.977339,0.986926,0.978144,0.969876,1.015057,0.965388,0.989977,1.005949,0.995909,0.993504,0.961974,0.978791,0.973524,0.980643,0.979907,0.877486,0.999662,1.008470,0.971425,0.996242,1.012738,0.995909,0.934978,0.958397,1.042602
4.598160,1.017912,0.947792,0.958703,0.972358,0.997004,1.002473,0.994154,0.993332,1.030399,1.011109,1.006339,0.980303,1.002588,0.987927,0.977279,0.986874,0.978090,0.969823,1.015010,0.965322,0.989931,1.005907,0.995865,0.993454,0.961963,0.978726,0.973464,0.980532,0.979780,0.877470,0.999474,1.008339,0.971406,0.996143,1.012703,0.995865,0.935030,0.958247,1.042572
4.606490,1.017876,0.947760,0.958650,0.972275,0.996903,1.002366,0.994058,0.993241,1.030357,1.011002,1.006232,0.980200,1.002487,0.987839,0.977216,0.986818,0.978033,0.969767,1.014960,0.965253,0.989881,1.005861,0.995818,0.993401,0.961950,0.978657,0.973400,0.980415,0.979649,0.877453,0.999282,1.008204,0.971384,0.996044,1.012665,0.995818,0.935080,0.958091,1.042543
4.614820,1.017839,0.947726,0.958593,0.972189,0.996799,1.002256,0.993960,0.993148,1.030315,1.010891,1.006122,0.980093,1.002382,0.987749,0.977149,0.986760,0.977972,0.969708,1.014908,0.965182,0.989827,1.005812,0.995768,0.993345,0.961935,0.978584,0.973333,0.980294,0.979512,0.877434,0.999088,1.008066,0.971361,0.995943,1.012624,0.995768,0.935127,0.957930,1.042514
4.623150,1.017801,0.947688,0.958533,0.972099,0.996692,1.002143,0.993858,0.993052,1.030273,1.010777,1.006009,0.979983,1.002274,0.987654,0.977078,0.986697,0.977908,0.969645,1.014853,0.965110,0.989770,1.005760,0.995714,0.993285,0.961918,0.978508,0.973262,0.980169,0.979370,0.877413,0.998890,1.007924,0.971336,0.995840,1.012581,0.995714,0.935172,0.957764,1.042485
4.631480,1.017762,0.947648,0.958469,0.972007,0.996583,1.002027,0.993755,0.992954,1.030230,1.010660,1.005892,0.979870,1.002162,0.987557,0.977003,0.986631,0.977840,0.969579,1.014795,0.965035,0.989709,1.005703,0.995656,0.993221,0.961898,0.978429,0.973188,0.980038,0.979223,0.877392,0.998689,1.007778,0.971309,0.995737,1.012534,0.995656,0.935215,0.957591,1.042456
4.639810,1.017721,0.947605,0.958403,0.971911,0.996470,1.001908,0.993649,0.992854,1.030187,1.010539,1.005772,0.979753,1.002047,0.987456,0.976925,0.986562,0.977769,0.969510,1.014733,0.964958,0.989644,1.005643,0.995594,0.993153,0.961876,0.978345,0.973110,0.979901,0.979070,0.877368,0.998485,1.007629,0.971280,0.995632,1.012484,0.995594,0.935256,0.957413,1.042428
4.648140,1.017679,0.947559,0.958333,0.971812,0.996355,1.001787,0.993540,0.992751,1.030144,1.010415,1.005649,0.979633,1.001929,0.987351,0.976843,0.986488,0.977694,0.969437,1.014669,0.964878,0.989575,1.005579,0.995528,0.993082,0.961852,0.978257,0.973028,0.979760,0.978911,0.877343,0.998278,1.007476,0.971248,0.995526,1.012431,0.995528,0.935295,0.957229,1.042399
4.656470,1.017635,0.947510,0.958260,0.971709,0.996236,1.001662,0.993429,0.992646,1.030100,1.010288,1.005522,0.979510,1.001807,0.987242,0.976756,0.986410,0.977615,0.969360,1.014602,0.964796,0.989502,1.005511,0.995459,0.993007,0.961826,0.978166,0.972942,0.979613,0.978747,0.877317,0.998068,1.007318,0.971215,0.995417,1.012374,0.995459,0.935331,0.957038,1.042371
4.664800,1.017590,0.947458,0.958183,0.971603,0.996115,1.001534,0.993315,0.992538,1.030056,1.010156,1.005392,0.979383,1.001681,0.987130,0.976666,0.986329,0.977532,0.969279,1.014531,0.964711,0.989425,1.005439,0.995385,0.992927,0.961798,0.978070,0.972852,0.979460,0.978576,0.877290,0.997855,1.007158,0.971178,0.995308,1.012314,0.995385,0.935364,0.956841,1.042343
4.673130,1.017544,0.947404,0.958103,0.971494,0.995990,1.001403,0.993198,0.992428,1.030012,1.010021,1.005259,0.979252,1.001552,0.987014,0.976571,0.986243,0.977445,0.969195,1.014457,0.964624,0.989344,1.005363,0.995306,0.992843,0.961767,0.977970,0.972758,0.979301,0.978399,0.877261,0.997639,1.006993,0.971140,0.995196,1.012250,0.995306,0.935395,0.956637,1.042315
4.681460,1.017496,0.947346,0.958019,0.971381,0.995862,1.001269,0.993078,0.992315,1.029967,1.009883,1.005122,0.979118,1.001419,0.986894,0.976473,0.986153,0.977354,0.969107,1.014379,0.964534,0.989258,1.005282,0.995224,0.992755,0.961733,0.977866,0.972660,0.979137,0.978216,0.877230,0.997419,1.006825,0.971098,0.995082,1.012181,0.995224,0.935424,0.956425,1.042287
4.689790,1.017447,0.947286,0.957932,0.971264,0.995731,1.001132,0.992956,0.992199,1.029921,1.009740,1.004981,0.978980,1.001282,0.986770,0.976369,0.986058,0.977258,0.969015,1.014298,0.964440,0.989168,1.005196,0.995136,0.992663,0.961697,0.977757,0.972557,0.978966,0.978026,0.877198,0.997197,1.006652,0.971054,0.994966,1.012109,0.995136,0.935450,0.956207,1.042259
4.698120,1.017396,0.947222,0.957841,0.971144,0.995597,1.000991,0.992830,0.992081,1.029874,1.009594,1.004837,0.978838,1.001141,0.986643,0.976262,0.985959,0.977159,0.968918,1.014212,0.964344,0.989073,1.005106,0.995044,0.992566,0.961658,0.977643,0.972450,0.978789,0.977829,0.877165,0.996971,1.006476,0.971007,0.994848,1.012033,0.995044,0.935473,0.955981,1.042232
4.706450,1.017344,0.947156,0.957747,0.971020,0.995460,1.000848,0.992702,0.991960,1.029827,1.009445,1.004689,0.978693,1.000997,0.986511,0.976150,0.985856,0.977055,0.968818,1.014123,0.964244,0.988974,1.005011,0.994948,0.992465,0.961617,0.977525,0.972339,0.978606,0.977626,0.877131,0.996741,1.006296,0.970957,0.994727,1.011952,0.994948,0.935494,0.955747,1.042204
4.714780,1.017291,0.947087,0.957649,0.970893,0.995319,1.000700,0.992570,0.991836,1.029780,1.009291,1.004538,0.978544,1.000848,0.986376,0.976033,0.985748,0.976947,0.968714,1.014029,0.964141,0.988870,1.004911,0.994846,0.992358,0.961573,0.977403,0.972223,0.978416,0.977415,0.877095,0.996509,1.006113,0.970903,0.994603,1.011867,0.994846,0.935512,0.955506,1.042176
4.723110,1.017236,0.947015,0.957547,0.970762,0.995175,1.000550,0.992436,0.991709,1.029731,1.009133,1.004383,0.978391,1.000696,0.986236,0.975912,0.985635,0.976834,0.968605,1.013931,0.964035,0.988760,1.004807,0.994739,0.992248,0.961526,0.977275,0.972102,0.978219,0.977197,0.877058,0.996273,1.005925,0.970847,0.994477,1.011777,0.994739,0.935528,0.955257,1.042148
4.731440,1.017180,0.946940,0.957441,0.970627,0.995027,1.000396,0.992299,0.991579,1.029681,1.008972,1.004224,0.978235,1.000540,0.986092,0.975786,0.985517,0.976716,0.968492,1.013829,0.963924,0.988646,1.004697,0.994628,0.992132,0.961477,0.977143,0.971977,0.978016,0.976972,0.877019,0.996034,1.005734,0.970786,0.994347,1.011683,0.994628,0.935541,0.954999,1.042121
4.739770,1.017122,0.946861,0.957332,0.970488,0.994877,1.000238,0.992158,0.991446,1.029631,1.008807,1.004061,0.978074,1.000380,0.985944,0.975655,0.985395,0.976594,0.968375,1.013722,0.963810,0.988527,1.004582,0.994511,0.992011,0.961424,0.977005,0.971846,0.977805,0.976739,0.876980,0.995792,1.005539,0.970722,0.994215,1.011584,0.994511,0.935551,0.954733,1.042093
4.748100,1.017063,0.946780,0.957219,0.970345,0.994722,1.000078,0.992014,0.991311,1.029579,1.008638,1.003895,0.977910,1.000215,0.985792,0.975519,0.985267,0.976468,0.968254,1.013611,0.963692,0.988403,1.004462,0.994389,0.991885,0.961369,0.976863,0.971711,0.977588,0.976498,0.876939,0.995547,1.005340,0.970655,0.994079,1.011480,0.994389,0.935558,0.954459,1.042066
4.756430,1.017002,0.946696,0.957102,0.970199,0.994565,0.999913,0.991868,0.991172,1.029527,1.008465,1.003725,0.977742,1.000047,0.985636,0.975379,0.985134,0.976336,0.968128,1.013495,0.963569,0.988273,1.004336,0.994261,0.991754,0.961311,0.976715,0.971572,0.977364,0.976251,0.876897,0.995298,1.005137,0.970583,0.993939,1.011371,0.994261,0.935563,0.954177,1.042038
4.764760,1.016940,0.946609,0.956982,0.970049,0.994403,0.999746,0.991718,0.991030,1.029473,1.008288,1.003551,0.977570,0.999875,0.985475,0.975233,0.984996,0.976200,0.967998,1.013373,0.963443,0.988138,1.004205,0.994128,0.991618,0.961251,0.976563,0.971427,0.977133,0.975995,0.876855,0.995046,1.004930,0.970507,0.993795,1.011256,0.994128,0.935565,0.953886,1.042010
4.773090,1.016877,0.946520,0.956858,0.969894,0.994239,0.999574,0.991564,0.990885,1.029419,1.008107,1.003374,0.977394,0.999699,0.985311,0.975083,0.984853,0.976059,0.967863,1.013247,0.963311,0.987998,1.004068,0.993990,0.991477,0.961187,0.976405,0.971277,0.976894,0.975732,0.876811,0.994791,1.004720,0.970427,0.993647,1.011137,0.993990,0.935565,0.953586,1.041983
4.781420,1.016813,0.946427,0.956730,0.969736,0.994071,0.999399,0.991408,0.990737,1.029363,1.007922,1.003192,0.977214,0.999519,0.985142,0.974927,0.984705,0.975913,0.967724,1.013115,0.963175,0.987852,1.003926,0.993846,0.991331,0.961121,0.976242,0.971122,0.976649,0.975461,0.876766,0.994532,1.004506,0.970343,0.993495,1.011012,0.993846,0.935561,0.953279,1.041955
4.789750,1.016747,0.946332,0.956598,0.969574,0.993899,0.999221,0.991248,0.990586,1.029306,1.007733,1.003007,0.977030,0.999335,0.984969,0.974766,0.984552,0.975762,0.967580,1.012979,0.963034,0.987701,1.003779,0.993696,0.991179,0.961051,0.976074,0.970963,0.976396,0.975183,0.876720,0.994270,1.004288,0.970254,0.993339,1.010881,0.993696,0.935555,0.952962,1.041927
4.798080,1.016679,0.946233,0.956462,0.969409,0.993724,0.999039,0.991085,0.990432,1.029248,1.007540,1.002818,0.976842,0.999146,0.984791,0.974601,0.984393,0.975606,0.967432,1.012836,0.962889,0.987544,1.003625,0.993541,0.991022,0.960979,0.975901,0.970798,0.976137,0.974897,0.876673,0.994005,1.004066,0.970161,0.993178,1.010745,0.993541,0.935547,0.952638,1.041900
4.806410,1.016611,0.946132,0.956323,0.969239,0.993545,0.998854,0.990919,0.990275,1.029189,1.007343,1.002625,0.976651,0.998954,0.984610,0.974430,0.984229,0.975446,0.967280,1.012689,0.962738,0.987382,1.003466,0.993380,0.990859,0.960904,0.975723,0.970629,0.975871,0.974604,0.876625,0.993737,1.003841,0.970063,0.993012,1.010604,0.993380,0.935536,0.952305,1.041872
4.814740,1.016541,0.946029,0.956180,0.969066,0.993363,0.998665,0.990750,0.990115,1.029129,1.007142,1.002428,0.976455,0.998758,0.984424,0.974254,0.984059,0.975280,0.967123,1.012535,0.962582,0.987214,1.003301,0.993214,0.990691,0.960826,0.975540,0.970454,0.975597,0.974303,0.876576,0.993466,1.003612,0.969960,0.992842,1.010457,0.993214,0.935522,0.951964,1.041844
4.823070,1.016470,0.945923,0.956034,0.968888,0.993177,0.998473,0.990577,0.989951,1.029067,1.006938,1.002228,0.976256,0.998558,0.984234,0.974073,0.983884,0.975110,0.966961,1.012376,0.962421,0.987041,1.003130,0.993042,0.990518,0.960746,0.975351,0.970275,0.975317,0.973995,0.876527,0.993191,1.003380,0.969852,0.992666,1.010304,0.993042,0.935506,0.951615,1.041816
4.831400,1.016398,0.945814,0.955883,0.968707,0.992988,0.998277,0.990401,0.989784,1.029004,1.006729,1.002024,0.976053,0.998353,0.984039,0.973887,0.983704,0.974935,0.966796,1.012211,0.962254,0.986862,1.002954,0.992864,0.990339,0.960663,0.975158,0.970090,0.975030,0.973680,0.876477,0.992913,1.003144,0.969739,0.992484,1.010145,0.992864,0.935487,0.951258,1.041789
4.839730,1.016324,0.945702,0.955729,0.968522,0.992796,0.998078,0.990222,0.989615,1.028940,1.006517,1.001816,0.975846,0.998145,0.983841,0.973696,0.983518,0.974754,0.966625,1.012041,0.962082,0.986678,1.002771,0.992680,0.990154,0.960577,0.974960,0.969901,0.974737,0.973357,0.876427,0.992632,1.002904,0.969621,0.992297,1.009981,0.992680,0.935466,0.950893,1.041761
4.848060,1.016250,0.945588,0.955572,0.968334,0.992600,0.997875,0.990040,0.989442,1.028874,1.006301,1.001604,0.975635,0.997933,0.983638,0.973500,0.983327,0.974569,0.966451,1.011864,0.961904,0.986488,1.002583,0.992490,0.989965,0.960488,0.974757,0.969707,0.974436,0.973027,0.876375,0.992348,1.002661,0.969498,0.992105,1.009811,0.992490,0.935443,0.950520,1.041733
4.856390,1.016174,0.945472,0.955411,0.968141,0.992400,0.997669,0.989854,0.989266,1.028807,1.006081,1.001389,0.975421,0.997717,0.983432,0.973299,0.983131,0.974379,0.966272,1.011682,0.961720,0.986292,1.002389,0.992295,0.989770,0.960397,0.974549,0.969508,0.974129,0.972690,0.876324,0.992060,1.002414,0.969370,0.991906,1.009635,0.992295,0.935417,0.950139,1.041705
4.864720,1.016098,0.945354,0.955247,0.967945,0.992198,0.997459,0.989666,0.989087,1.028739,1.005858,1.001170,0.975203,0.997497,0.983221,0.973093,0.982929,0.974185,0.966089,1.011493,0.961531,0.986091,1.002190,0.992094,0.989569,0.960304,0.974336,0.969304,0.973816,0.972346,0.876271,0.991770,1.002164,0.969236,0.991702,1.009453,0.992094,0.935389,0.949751,1.041678
4.873050,1.016020,0.945233,0.955079,0.967745,0.991991,0.997246,0.989474,0.988905,1.028670,1.005630,1.000948,0.974981,0.997274,0.983006,0.972882,0.982722,0.973985,0.965902,1.011299,0.961335,0.985884,1.001984,0.991887,0.989363,0.960207,0.974118,0.969096,0.973496,0.971995,0.876219,0.991477,1.001911,0.969096,0.991491,1.009265,0.991887,0.935359,0.949355,1.041650
4.881380,1.015942,0.945110,0.954908,0.967542,0.991782,0.997030,0.989279,0.988719,1.028599,1.005399,1.000722,0.974755,0.997047,0.982787,0.972665,0.982510,0.973781,0.965710,1.011098,0.961134,0.985672,1.001773,0.991675,0.989152,0.960109,0.973895,0.968882,0.973169,0.971638,0.876166,0.991180,1.001654,0.968951,0.991274,1.009072,0.991675,0.935327,0.948952,1.041622
4.889710,1.015862,0.944984,0.954733,0.967335,0.991569,0.996810,0.989081,0.988531,1.028527,1.005165,1.000492,0.974526,0.996815,0.982565,0.972444,0.982293,0.973572,0.965514,1.010891,0.960926,0.985454,1.001556,0.991457,0.988935,0.960007,0.973668,0.968664,0.972836,0.971273,0.876113,0.990881,1.001393,0.968801,0.991051,1.008872,0.991457,0.935292,0.948541,1.041594
4.898040,1.015782,0.944857,0.954556,0.967125,0.991353,0.996588,0.988880,0.988340,1.028453,1.004926,1.000259,0.974293,0.996581,0.982338,0.972218,0.982070,0.973359,0.965314,1.010678,0.960712,0.985231,1.001333,0.991233,0.988713,0.959904,0.973436,0.968442,0.972497,0.970902,0.876059,0.990578,1.001130,0.968645,0.990821,1.008667,0.991233,0.935256,0.948123,1.041567
4.906370,1.015701,0.944728,0.954375,0.966911,0.991134,0.996362,0.988675,0.988146,1.028379,1.004685,1.000023,0.974057,0.996342,0.982108,0.971988,0.981842,0.973141,0.965110,1.010459,0.960492,0.985003,1.001105,0.991004,0.988486,0.959798,0.973200,0.968215,0.972152,0.970524,0.876006,0.990273,1.000863,0.968483,0.990584,1.008456,0.991004,0.935217,0.947697,1.041539
4.914700,1.015619,0.944596,0.954191,0.966693,0.990911,0.996132,0.988468,0.987949,1.028303,1.004439,0.999783,0.973817,0.996101,0.981873,0.971752,0.981609,0.972918,0.964902,1.010234,0.960266,0.984769,1.000871,0.990769,0.988254,0.959690,0.972959,0.967983,0.971800,0.970140,0.875952,0.989965,1.000594,0.968315,0.990341,1.008240,0.990769,0.935177,0.947265,1.041512
4.923030,1.015536,0.944463,0.954003,0.966472,0.990686,0.995900,0.988258,0.987749,1.028225,1.004191,0.999540,0.973574,0.995855,0.981635,0.971512,0.981371,0.972691,0.964690,1.010003,0.960033,0.984530,1.000632,0.990529,0.988016,0.959579,0.972714,0.967747,0.971443,0.969749,0.875899,0.989654,1.000321,0.968142,0.990090,1.008017,0.990529,0.935135,0.946826,1.041484
4.931360,1.015453,0.944328,0.953813,0.966248,0.990457,0.995665,0.988045,0.987546,1.028146,1.003939,0.999293,0.973328,0.995606,0.981394,0.971268,0.981128,0.972459,0.964474,1.009765,0.959794,0.984286,1.000388,0.990284,0.987774,0.959467,0.972464,0.967507,0.971080,0.969352,0.875845,0.989340,1.000045,0.967963,0.989833,1.007790,0.990284,0.935091,0.946379,1.041457
4.939690,1.015369,0.944191,0.953620,0.966021,0.990226,0.995426,0.987829,0.987341,1.028066,1.003684,0.999044,0.973078,0.995354,0.981149,0.971018,0.980880,0.972224,0.964255,1.009522,0.959549,0.984037,1.000138,0.990033,0.987526,0.959352,0.972210,0.967262,0.970710,0.968949,0.875791,0.989024,0.999766,0.967778,0.989569,1.007557,0.990033,0.935045,0.945927,1.041430
4.948020,1.015285,0.944053,0.953424,0.965791,0.989991,0.995185,0.987610,0.987133,1.027985,1.003425,0.998791,0.972825,0.995099,0.980900,0.970765,0.980627,0.971984,0.964032,1.009272,0.959297,0.983783,0.999883,0.989778,0.987274,0.959235,0.971952,0.967014,0.970336,0.968539,0.875738,0.988705,0.999484,0.967588,0.989297,1.007319,0.989778,0.934998,0.945467,1.041403
4.956350,1.015200,0.943913,0.953226,0.965557,0.989754,0.994941,0.987389,0.986922,1.027903,1.003164,0.998535,0.972569,0.994840,0.980648,0.970507,0.980370,0.971740,0.963805,1.009017,0.959039,0.983524,0.999623,0.989517,0.987017,0.959116,0.971690,0.966761,0.969955,0.968124,0.875685,0.988383,0.999199,0.967392,0.989019,1.007076,0.989517,0.934949,0.945001,1.041376
4.964680,1.015114,0.943772,0.953025,0.965321,0.989514,0.994694,0.987165,0.986708,1.027819,1.002899,0.998277,0.972310,0.994579,0.980393,0.970245,0.980108,0.971492,0.963575,1.008755,0.958775,0.983261,0.999359,0.989252,0.986756,0.958996,0.971424,0.966504,0.969570,0.967703,0.875632,0.988059,0.998912,0.967191,0.988734,1.006827,0.989252,0.934899,0.944529,1.041349
4.973010,1.015029,0.943629,0.952821,0.965081,0.989271,0.994444,0.986938,0.986492,1.027734,1.002632,0.998015,0.972048,0.994314,0.980134,0.969979,0.979842,0.971240,0.963341,1.008488,0.958505,0.982993,0.999089,0.988982,0.986490,0.958873,0.971154,0.966243,0.969178,0.967276,0.875579,0.987732,0.998621,0.966983,0.988441,1.006574,0.988982,0.934847,0.944051,1.041322
4.981340,1.014943,0.943485,0.952615,0.964839,0.989025,0.994192,0.986709,0.986274,1.027648,1.002361,0.997751,0.971783,0.994046,0.979873,0.969709,0.979571,0.970984,0.963104,1.008215,0.958228,0.982721,0.998815,0.988708,0.986219,0.958749,0.970880,0.965979,0.968782,0.966844,0.875527,0.987403,0.998328,0.966771,0.988142,1.006316,0.988708,0.934794,0.943567,1.041296
4.989670,1.014856,0.943340,0.952406,0.964594,0.988777,0.993937,0.986477,0.986053,1.027561,1.002088,0.997484,0.971516,0.993776,0.979608,0.969435,0.979296,0.970724,0.962864,1.007936,0.957945,0.982444,0.998537,0.988429,0.985944,0.958623,0.970603,0.965711,0.968381,0.966407,0.875475,0.987071,0.998033,0.966552,0.987835,1.006054,0.988429,0.934740,0.943076,1.041269
4.998000,1.014770,0.943193,0.952196,0.964346,0.988526,0.993679,0.986243,0.985829,1.027473,1.001812,0.997214,0.971245,0.993502,0.979340,0.969158,0.979017,0.970461,0.962621,1.007652,0.957656,0.982163,0.998254,0.988146,0.985665,0.958496,0.970321,0.965439,0.967975,0.965964,0.875424,0.986737,0.997735,0.966329,0.987521,1.005787,0.988146,0.934684,0.942581,1.041243
5.006330,1.014683,0.943046,0.951983,0.964096,0.988273,0.993419,0.986007,0.985604,1.027383,1.001534,0.996942,0.970973,0.993226,0.979070,0.968876,0.978734,0.970195,0.962375,1.007362,0.957361,0.981879,0.997967,0.987859,0.985382,0.958367,0.970037,0.965164,0.967564,0.965516,0.875373,0.986401,0.997434,0.966100,0.987200,1.005515,0.987859,0.934627,0.942079,1.041218
5.014660,1.014596,0.942898,0.951768,0.963844,0.988018,0.993157,0.985768,0.985376,1.027293,1.001252,0.996667,0.970697,0.992948,0.978797,0.968592,0.978448,0.969925,0.962126,1.007067,0.957060,0.981590,0.997676,0.987568,0.985095,0.958236,0.969749,0.964885,0.967148,0.965063,0.875323,0.986063,0.997132,0.965866,0.986873,1.005240,0.987568,0.934570,0.941573,1.041192
5.022990,1.014509,0.942748,0.951551,0.963589,0.987760,0.992892,0.985527,0.985145,1.027201,1.000969,0.996390,0.970419,0.992667,0.978521,0.968303,0.978157,0.969652,0.961875,1.006767,0.956754,0.981297,0.997381,0.987273,0.984805,0.958104,0.969458,0.964604,0.966728,0.964606,0.875274,0.985722,0.996826,0.965627,0.986538,1.004960,0.987273,0.934511,0.941061,1.041167
5.031320,1.014422,0.942598,0.951332,0.963331,0.987500,0.992625,0.985284,0.984913,1.027109,1.000683,0.996111,0.970139,0.992383,0.978243,0.968012,0.977863,0.969376,0.961620,1.006461,0.956441,0.981001,0.997083,0.986974,0.984510,0.957971,0.969164,0.964319,0.966303,0.964144,0.875225,0.985380,0.996519,0.965382,0.986197,1.004677,0.986974,0.934451,0.940544,1.041142
5.039650,1.014335,0.942448,0.951111,0.963072,0.987238,0.992356,0.985038,0.984679,1.027015,1.000395,0.995829,0.969856,0.992097,0.977962,0.967718,0.977566,0.969097,0.961363,1.006151,0.956123,0.980702,0.996780,0.986671,0.984212,0.957836,0.968867,0.964031,0.965875,0.963677,0.875177,0.985035,0.996209,0.965133,0.985849,1.004390,0.986671,0.934391,0.940023,1.041117
5.047980,1.014248,0.942296,0.950889,0.962810,0.986973,0.992085,0.984791,0.984443,1.026921,1.000104,0.995545,0.969572,0.991809,0.977679,0.967420,0.977265,0.968815,0.961104,1.005836,0.955799,0.980399,0.996475,0.986366,0.983911,0.957701,0.968567,0.963741,0.965442,0.963206,0.875130,0.984689,0.995898,0.964879,0.985494,1.004099,0.986366,0.934330,0.939496,1.041093
5.056310,1.014162,0.942144,0.950665,0.962546,0.986707,0.991812,0.984542,0.984205,1.026826,0.999812,0.995259,0.969285,0.991519,0.977393,0.967120,0.976961,0.968531,0.960843,1.005516,0.955470,0.980093,0.996166,0.986056,0.983607,0.957564,0.968264,0.963447,0.965006,0.962731,0.875084,0.984340,0.995584,0.964620,0.985133,1.003804,0.986056,0.934268,0.938966,1.041069
5.064640,1.014075,0.941992,0.950440,0.962281,0.986439,0.991537,0.984291,0.983965,1.026730,0.999518,0.994971,0.968996,0.991227,0.977106,0.966817,0.976654,0.968243,0.960579,1.005191,0.955136,0.979783,0.995854,0.985744,0.983299,0.957427,0.967959,0.963152,0.964565,0.962252,0.875039,0.983990,0.995268,0.964357,0.984766,1.003506,0.985744,0.934206,0.938431,1.041045
5.072970,1.013989,0.941840,0.950213,0.962013,0.986169,0.991261,0.984038,0.983723,1.026633,0.999221,0.994681,0.968705,0.990933,0.976816,0.966511,0.976344,0.967954,0.960313,1.004862,0.954797,0.979471,0.995538,0.985429,0.982988,0.957288,0.967651,0.962853,0.964122,0.961770,0.874994,0.983638,0.994951,0.964089,0.984392,1.003205,0.985429,0.934143,0.937892,1.041022
5.081300,1.013903,0.941687,0.949985,0.961744,0.985898,0.990982,0.983784,0.983480,1.026535,0.998923,0.994390,0.968413,0.990637,0.976525,0.966203,0.976031,0.967662,0.960046,1.004529,0.954452,0.979156,0.995220,0.985111,0.982675,0.957149,0.967341,0.962552,0.963675,0.961284,0.874951,0.983284,0.994631,0.963817,0.984013,1.002901,0.985111,0.934080,0.937349,1.040999
5.089630,1.013818,0.941533,0.949756,0.961473,0.985625,0.990702,0.983528,0.983235,1.026437,0.998623,0.994097,0.968118,0.990339,0.976232,0.965892,0.975715,0.967368,0.959776,1.004192,0.954103,0.978839,0.994899,0.984790,0.982359,0.957008,0.967028,0.962250,0.963224,0.960794,0.874909,0.982929,0.994310,0.963541,0.983627,1.002594,0.984790,0.934016,0.936802,1.040977
5.097960,1.013733,0.941380,0.949526,0.961201,0.985350,0.990420,0.983271,0.982988,1.026338,0.998321,0.993802,0.967822,0.990039,0.975937,0.965579,0.975398,0.967071,0.959505,1.003851,0.953749,0.978519,0.994576,0.984467,0.982040,0.956868,0.966714,0.961944,0.962771,0.960301,0.874868,0.982572,0.993987,0.963261,0.983236,1.002284,0.984467,0.933952,0.936252,1.040955
5.106290,1.013648,0.941227,0.949294,0.960927,0.985073,0.990137,0.983012,0.982741,1.026238,0.998018,0.993505,0.967525,0.989738,0.975640,0.965265,0.975077,0.966773,0.959232,1.003506,0.953391,0.978197,0.994250,0.984141,0.981719,0.956726,0.966397,0.961638,0.962315,0.959806,0.874828,0.982214,0.993663,0.962977,0.982839,1.001972,0.984141,0.933888,0.935699,1.040933
5.114620,1.013564,0.941073,0.949062,0.960652,0.984796,0.989853,0.982751,0.982491,1.026138,0.997713,0.993207,0.967226,0.989436,0.975342,0.964948,0.974755,0.966473,0.958958,1.003157,0.953028,0.977872,0.993922,0.983813,0.981396,0.956584,0.966079,0.961329,0.961857,0.959307,0.874789,0.981854,0.993337,0.962690,0.982437,1.001657,0.983813,0.933823,0.935143,1.040912
5.122950,1.013480,0.940920,0.948829,0.960375,0.984517,0.989567,0.982490,0.982241,1.026037,0.997407,0.992908,0.966926,0.989132,0.975043,0.964629,0.974431,0.966171,0.958683,1.002805,0.952661,0.977545,0.993592,0.983483,0.981070,0.956442,0.965759,0.961018,0.961396,0.958806,0.874752,0.981493,0.993010,0.962399,0.982030,1.001339,0.983483,0.933759,0.934584,1.040892
5.131280,1.013397,0.940767,0.948595,0.960098,0.984237,0.989280,0.982227,0.981989,1.025935,0.997100,0.992608,0.966624,0.988827,0.974742,0.964309,0.974104,0.965868,0.958406,1.002450,0.952290,0.977217,0.993260,0.983151,0.980743,0.956299,0.965438,0.960706,0.960932,0.958303,0.874716,0.981131,0.992681,0.962104,0.981618,1.001020,0.983151,0.933694,0.934023,1.040871
5.139610,1.013314,0.940614,0.948361,0.959819,0.983955,0.988991,0.981963,0.981736,1.025833,0.996792,0.992306,0.966321,0.988520,0.974440,0.963987,0.973776,0.965563,0.958128,1.002092,0.951916,0.976887,0.992926,0.982817,0.980413,0.956156,0.965115,0.960393,0.960467,0.957797,0.874681,0.980768,0.992351,0.961807,0.981201,1.000698,0.982817,0.933630,0.933459,1.040852
5.147940,1.013232,0.940462,0.948126,0.959539,0.983673,0.988702,0.981698,0.981482,1.025731,0.996482,0.992003,0.966018,0.988213,0.974137,0.963664,0.973447,0.965257,0.957849,1.001731,0.951538,0.976555,0.992590,0.982481,0.980082,0.956012,0.964791,0.960078,0.960000,0.957290,0.874647,0.980403,0.992020,0.961506,0.980780,1.000374,0.982481,0.933566,0.932893,1.040832
5.156270,1.013151,0.940310,0.947891,0.959259,0.983390,0.988412,0.981432,0.981227,1.025628,0.996172,0.991700,0.965713,0.987904,0.973833,0.963340,0.973115,0.964950,0.957570,1.001368,0.951156,0.976222,0.992252,0.982144,0.979750,0.955869,0.964466,0.959762,0.959531,0.956781,0.874615,0.980037,0.991688,0.961203,0.980355,1.000049,0.982144,0.933501,0.932325,1.040814
5.164600,1.013070,0.940158,0.947656,0.958977,0.983106,0.988121,0.981165,0.980972,1.025525,0.995860,0.991395,0.965407,0.987595,0.973528,0.963014,0.972783,0.964642,0.957289,1.001002,0.950772,0.975887,0.991913,0.981806,0.979416,0.955726,0.964140,0.959446,0.959060,0.956270,0.874584,0.979671,0.991355,0.960898,0.979925,0.999721,0.981806,0.933437,0.931755,1.040796
5.172930,1.012991,0.940007,0.947420,0.958695,0.982821,0.987829,0.980897,0.980715,1.025422,0.995548,0.991090,0.965101,0.987285,0.973222,0.962687,0.972449,0.964333,0.957008,1.000633,0.950384,0.975551,0.991573,0.981466,0.979081,0.955582,0.963813,0.959128,0.958589,0.955758,0.874555,0.979303,0.991021,0.960589,0.979492,0.999392,0.981466,0.933374,0.931184,1.040778
5.181260,1.012912,0.939857,0.947184,0.958413,0.982535,0.987536,0.980628,0.980458,1.025318,0.995235,0.990784,0.964794,0.986974,0.972916,0.962360,0.972115,0.964023,0.956726,1.000263,0.949994,0.975214,0.991232,0.981125,0.978745,0.955439,0.963485,0.958810,0.958116,0.955244,0.874527,0.978935,0.990687,0.960279,0.979055,0.999062,0.981125,0.933311,0.930612,1.040761
5.189590,1.012834,0.939707,0.946948,0.958130,0.982249,0.987243,0.980359,0.980200,1.025214,0.994922,0.990477,0.964486,0.986663,0.972609,0.962032,0.971779,0.963713,0.956445,0.999891,0.949602,0.974876,0.990889,0.980783,0.978407,0.955296,0.963157,0.958491,0.957642,0.954730,0.874501,0.978565,0.990351,0.959967,0.978616,0.998730,0.980783,0.933248,0.930039,1.040745
5.197920,1.012756,0.939558,0.946713,0.957846,0.981962,0.986949,0.980090,0.979941,1.025110,0.994608,0.990170,0.964178,0.986351,0.972302,0.961703,0.971443,0.963402,0.956162,0.999517,0.949207,0.974538,0.990546,0.980440,0.978069,0.955153,0.962829,0.958171,0.957168,0.954215,0.874476,0.978195,0.990015,0.959653,0.978173,0.998397,0.980440,0.933186,0.929465,1.040729
5.206250,1.012680,0.939410,0.946477,0.957562,0.981675,0.986655,0.979820,0.979682,1.025005,0.994293,0.989862,0.963869,0.986039,0.971994,0.961373,0.971106,0.963091,0.955880,0.999142,0.948810,0.974198,0.990202,0.980097,0.977731,0.955010,0.962500,0.957851,0.956693,0.953700,0.874452,0.977825,0.989679,0.959337,0.977727,0.998062,0.980097,0.933124,0.928890,1.040713
5.214580,1.012605,0.939262,0.946242,0.957278,0.981387,0.986360,0.979549,0.979423,1.024901,0.993979,0.989554,0.963560,0.985726,0.971686,0.961043,0.970768,0.962779,0.955597,0.998765,0.948411,0.973859,0.989857,0.979752,0.977391,0.954868,0.962171,0.957532,0.956218,0.953185,0.874431,0.977454,0.989342,0.959020,0.977280,0.997727,0.979752,0.933063,0.928316,1.040699
5.222910,1.012530,0.939116,0.946007,0.956994,0.981099,0.986065,0.979278,0.979163,1.024796,0.993664,0.989246,0.963251,0.985414,0.971378,0.960714,0.970430,0.962468,0.955315,0.998388,0.948011,0.973519,0.989512,0.979408,0.977052,0.954726,0.961842,0.957212,0.955743,0.952669,0.874411,0.977082,0.989005,0.958701,0.976830,0.997391,0.979408,0.933003,0.927741,1.040685
5.231240,1.012457,0.938971,0.945772,0.956710,0.980811,0.985770,0.979007,0.978903,1.024692,0.993349,0.988938,0.962942,0.985101,0.971070,0.960383,0.970093,0.962156,0.955033,0.998009,0.947609,0.973178,0.989167,0.979063,0.976712,0.954585,0.961514,0.956892,0.955268,0.952154,0.874392,0.976711,0.988668,0.958382,0.976378,0.997055,0.979063,0.932943,0.927167,1.040671
5.239570,1.012384,0.938826,0.945538,0.956426,0.980523,0.985475,0.978736,0.978643,1.024587,0.993034,0.988630,0.962632,0.984788,0.970762,0.960053,0.969755,0.961845,0.954751,0.997630,0.947206,0.972838,0.988821,0.978718,0.976372,0.954445,0.961186,0.956573,0.954794,0.951639,0.874376,0.976338,0.988330,0.958062,0.975925,0.996718,0.978718,0.932884,0.926593,1.040658
5.247900,1.012313,0.938683,0.945305,0.956142,0.980235,0.985180,0.978465,0.978383,1.024483,0.992719,0.988321,0.962323,0.984476,0.970454,0.959724,0.969417,0.961534,0.954470,0.997251,0.946803,0.972498,0.988476,0.978373,0.976032,0.954306,0.960858,0.956254,0.954320,0.951124,0.874361,0.975966,0.987993,0.957741,0.975470,0.996381,0.978373,0.932827,0.926019,1.040646
5.256230,1.012243,0.938541,0.945072,0.955858,0.979948,0.984885,0.978194,0.978123,1.024379,0.992404,0.988013,0.962014,0.984163,0.970146,0.959394,0.969079,0.961224,0.954189,0.996871,0.946399,0.972158,0.988131,0.978029,0.975692,0.954167,0.960531,0.955935,0.953846,0.950611,0.874347,0.975594,0.987656,0.957420,0.975015,0.996043,0.978029,0.932770,0.925447,1.040635
5.264560,1.012174,0.938401,0.944841,0.955575,0.979660,0.984590,0.977923,0.977863,1.024275,0.992090,0.987706,0.961706,0.983851,0.969839,0.959065,0.968743,0.960914,0.953909,0.996492,0.945994,0.971818,0.987786,0.977685,0.975353,0.954029,0.960205,0.955618,0.953374,0.950099,0.874336,0.975222,0.987318,0.957099,0.974559,0.995706,0.977685,0.932714,0.924876,1.040624
5.272890,1.012106,0.938262,0.944610,0.955292,0.979373,0.984296,0.977653,0.977603,1.024171,0.991776,0.987398,0.961398,0.983540,0.969533,0.958737,0.968406,0.960605,0.953630,0.996112,0.945590,0.971480,0.987441,0.977341,0.975014,0.953892,0.959880,0.955301,0.952903,0.949588,0.874326,0.974849,0.986982,0.956778,0.974103,0.995369,0.977341,0.932660,0.924306,1.040614
5.281220,1.012039,0.938124,0.944380,0.955010,0.979086,0.984002,0.977382,0.977344,1.024067,0.991462,0.987091,0.961090,0.983229,0.969227,0.958409,0.968071,0.960297,0.953352,0.995734,0.945186,0.971142,0.987097,0.976998,0.974676,0.953757,0.959556,0.954985,0.952434,0.949079,0.874319,0.974478,0.986645,0.956457,0.973647,0.995033,0.976998,0.932607,0.923739,1.040604
5.289550,1.011973,0.937988,0.944152,0.954729,0.978799,0.983708,0.977113,0.977085,1.023964,0.991149,0.986785,0.960783,0.982918,0.968921,0.958082,0.967736,0.959990,0.953075,0.995355,0.944782,0.970804,0.986755,0.976656,0.974339,0.953623,0.959234,0.954671,0.951966,0.948571,0.874313,0.974106,0.986309,0.956137,0.973191,0.994697,0.976656,0.932555,0.923173,1.040595
5.297880,1.011909,0.937854,0.943924,0.954448,0.978514,0.983415,0.976843,0.976826,1.023861,0.990837,0.986479,0.960476,0.982609,0.968617,0.957757,0.967402,0.959684,0.952799,0.994978,0.944378,0.970468,0.986413,0.976315,0.974003,0.953490,0.958913,0.954358,0.951500,0.948066,0.874309,0.973735,0.985974,0.955817,0.972736,0.994362,0.976315,0.932504,0.922609,1.040587
5.306210,1.011846,0.937721,0.943698,0.954168,0.978229,0.983123,0.976575,0.976568,1.023759,0.990526,0.986175,0.960171,0.982300,0.968313,0.957432,0.967070,0.959379,0.952525,0.994602,0.943976,0.970133,0.986072,0.975975,0.973668,0.953358,0.958594,0.954046,0.951036,0.947563,0.874307,0.973365,0.985639,0.955499,0.972282,0.994028,0.975975,0.932455,0.922048,1.040580
5.314540,1.011784,0.937590,0.943474,0.953890,0.977945,0.982832,0.976307,0.976311,1.023657,0.990215,0.985871,0.959866,0.981992,0.968011,0.957109,0.966739,0.959076,0.952251,0.994228,0.943575,0.969800,0.985733,0.975637,0.973334,0.953228,0.958276,0.953736,0.950574,0.947062,0.874307,0.972995,0.985305,0.955181,0.971830,0.993695,0.975637,0.932408,0.921489,1.040573
5.322870,1.011723,0.937461,0.943251,0.953612,0.977661,0.982541,0.976039,0.976055,1.023556,0.989906,0.985568,0.959562,0.981685,0.967710,0.956787,0.966410,0.958775,0.951980,0.993855,0.943175,0.969468,0.985395,0.975299,0.973002,0.953099,0.957960,0.953428,0.950115,0.946564,0.874309,0.972626,0.984971,0.954865,0.971378,0.993363,0.975299,0.932362,0.920933,1.040567
5.331200,1.011664,0.937334,0.943030,0.953335,0.977379,0.982252,0.975773,0.975799,1.023455,0.989598,0.985266,0.959259,0.981379,0.967410,0.956467,0.966082,0.958475,0.951710,0.993483,0.942777,0.969137,0.985058,0.974964,0.972671,0.952972,0.957647,0.953121,0.949659,0.946069,0.874312,0.972258,0.984639,0.954550,0.970929,0.993033,0.974964,0.932318,0.920381,1.040562
5.339530,1.011607,0.937208,0.942810,0.953060,0.977098,0.981963,0.975508,0.975545,1.023355,0.989290,0.984965,0.958958,0.981075,0.967111,0.956148,0.965756,0.958177,0.951442,0.993114,0.942381,0.968809,0.984724,0.974630,0.972343,0.952847,0.957336,0.952817,0.949205,0.945577,0.874319,0.971891,0.984307,0.954237,0.970482,0.992704,0.974630,0.932275,0.919832,1.040557
5.347860,1.011550,0.937085,0.942592,0.952786,0.976818,0.981676,0.975244,0.975291,1.023255,0.988984,0.984665,0.958658,0.980771,0.966814,0.955831,0.965432,0.957881,0.951176,0.992746,0.941987,0.968482,0.984391,0.974298,0.972016,0.952724,0.957027,0.952515,0.948754,0.945088,0.874327,0.971525,0.983977,0.953926,0.970037,0.992377,0.974298,0.932235,0.919286,1.040553
5.356190,1.011495,0.936964,0.942376,0.952514,0.976539,0.981390,0.974981,0.975038,1.023157,0.988680,0.984367,0.958359,0.980470,0.966518,0.955516,0.965110,0.957587,0.950912,0.992382,0.941595,0.968157,0.984060,0.973969,0.971690,0.952602,0.956720,0.952216,0.948307,0.944603,0.874337,0.971160,0.983647,0.953617,0.969595,0.992052,0.973969,0.932196,0.918744,1.040550
5.364520,1.011441,0.936845,0.942163,0.952243,0.976262,0.981105,0.974719,0.974787,1.023059,0.988376,0.984070,0.958061,0.980169,0.966224,0.955203,0.964790,0.957296,0.950650,0.992019,0.941206,0.967835,0.983732,0.973641,0.971368,0.952483,0.956417,0.951918,0.947863,0.944122,0.874349,0.970797,0.983319,0.953310,0.969156,0.991729,0.973641,0.932159,0.918206,1.040548
5.372850,1.011389,0.936728,0.941951,0.951974,0.975986,0.980822,0.974458,0.974537,1.022961,0.988075,0.983775,0.957766,0.979871,0.965932,0.954892,0.964473,0.957006,0.950391,0.991660,0.940819,0.967514,0.983406,0.973316,0.971047,0.952365,0.956116,0.951624,0.947423,0.943644,0.874364,0.970435,0.982992,0.953006,0.968721,0.991408,0.973316,0.932125,0.917672,1.040546
5.381180,1.011339,0.936613,0.941741,0.951706,0.975711,0.980541,0.974199,0.974288,1.022865,0.987775,0.983481,0.957471,0.979574,0.965641,0.954583,0.964158,0.956720,0.950133,0.991303,0.940436,0.967197,0.983082,0.972993,0.970729,0.952250,0.955818,0.951332,0.946986,0.943170,0.874380,0.970075,0.982667,0.952704,0.968289,0.991090,0.972993,0.932092,0.917143,1.040545
5.389510,1.011289,0.936501,0.941534,0.951441,0.975438,0.980261,0.973942,0.974041,1.022769,0.987476,0.983189,0.957179,0.979278,0.965353,0.954277,0.963845,0.956435,0.949879,0.990949,0.940056,0.966881,0.982761,0.972672,0.970413,0.952137,0.955523,0.951043,0.946553,0.942701,0.874399,0.969716,0.982343,0.952405,0.967860,0.990774,0.972672,0.932061,0.916618,1.040545
5.397840,1.011241,0.936391,0.941329,0.951177,0.975167,0.979982,0.973686,0.973795,1.022675,0.987180,0.982898,0.956888,0.978985,0.965066,0.953973,0.963536,0.956154,0.949626,0.990599,0.939679,0.966569,0.982442,0.972355,0.970100,0.952026,0.955231,0.950757,0.946125,0.942236,0.874420,0.969359,0.982020,0.952109,0.967436,0.990460,0.972355,0.932033,0.916098,1.040546
5.406170,1.011195,0.936284,0.941126,0.950915,0.974898,0.979706,0.973431,0.973551,1.022581,0.986885,0.982610,0.956599,0.978694,0.964782,0.953671,0.963229,0.955875,0.949377,0.990252,0.939306,0.966259,0.982126,0.972040,0.969789,0.951918,0.954943,0.950474,0.945701,0.941776,0.874444,0.969004,0.981699,0.951816,0.967016,0.990149,0.972040,0.932007,0.915583,1.040547
5.414500,1.011150,0.936179,0.940926,0.950655,0.974631,0.979431,0.973179,0.973309,1.022489,0.986593,0.982323,0.956312,0.978404,0.964500,0.953373,0.962925,0.955599,0.949130,0.989908,0.938937,0.965952,0.981813,0.971727,0.969482,0.951812,0.954658,0.950194,0.945281,0.941320,0.874469,0.968651,0.981380,0.951526,0.966601,0.989842,0.971727,0.931983,0.915073,1.040549
5.422830,1.011107,0.936076,0.940728,0.950398,0.974365,0.979159,0.972928,0.973068,1.022397,0.986302,0.982039,0.956028,0.978117,0.964220,0.953077,0.962624,0.955327,0.948886,0.989568,0.938572,0.965648,0.981503,0.971418,0.969177,0.951708,0.954376,0.949917,0.944865,0.940870,0.874497,0.968300,0.981062,0.951240,0.966191,0.989537,0.971418,0.931962,0.914568,1.040552
5.431160,1.011066,0.935976,0.940533,0.950142,0.974102,0.978888,0.972679,0.972829,1.022307,0.986014,0.981757,0.955745,0.977832,0.963942,0.952784,0.962326,0.955057,0.948644,0.989232,0.938210,0.965347,0.981196,0.971112,0.968876,0.951607,0.954098,0.949644,0.944455,0.940424,0.874528,0.967952,0.980747,0.950958,0.965786,0.989235,0.971112,0.931943,0.914069,1.040555
5.439490,1.011025,0.935879,0.940341,0.949889,0.973841,0.978620,0.972433,0.972593,1.022218,0.985727,0.981476,0.955465,0.977549,0.963667,0.952494,0.962031,0.954790,0.948406,0.988901,0.937854,0.965050,0.980893,0.970809,0.968578,0.951509,0.953824,0.949374,0.944049,0.939984,0.874560,0.967605,0.980433,0.950679,0.965386,0.988936,0.970809,0.931927,0.913575,1.040560
5.447820,1.010987,0.935784,0.940151,0.949639,0.973582,0.978353,0.972188,0.972358,1.022130,0.985443,0.981199,0.955186,0.977269,0.963394,0.952207,0.961740,0.954527,0.948171,0.988573,0.937502,0.964755,0.980593,0.970510,0.968283,0.951413,0.953554,0.949108,0.943648,0.939549,0.874595,0.967261,0.980121,0.950403,0.964991,0.988640,0.970510,0.931913,0.913087,1.040565
5.456150,1.010950,0.935693,0.939964,0.949391,0.973325,0.978090,0.971945,0.972125,1.022043,0.985162,0.980923,0.954911,0.976991,0.963124,0.951923,0.961452,0.954267,0.947939,0.988250,0.937154,0.964464,0.980296,0.970214,0.967991,0.951320,0.953288,0.948846,0.943253,0.939119,0.874633,0.966920,0.979812,0.950132,0.964602,0.988348,0.970214,0.931902,0.912605,1.040571
5.464480,1.010915,0.935604,0.939780,0.949145,0.973071,0.977828,0.971705,0.971894,1.021957,0.984883,0.980650,0.954638,0.976715,0.962857,0.951642,0.961168,0.954011,0.947711,0.987931,0.936811,0.964177,0.980002,0.969921,0.967703,0.951230,0.953025,0.948587,0.942862,0.938695,0.874673,0.966581,0.979505,0.949865,0.964219,0.988059,0.969921,0.931894,0.912128,1.040578
5.472810,1.010881,0.935517,0.939600,0.948902,0.972819,0.977569,0.971467,0.971666,1.021873,0.984607,0.980380,0.954367,0.976443,0.962592,0.951365,0.960887,0.953758,0.947485,0.987616,0.936474,0.963893,0.979712,0.969632,0.967418,0.951143,0.952767,0.948332,0.942477,0.938277,0.874715,0.966245,0.979200,0.949602,0.963842,0.987774,0.969632,0.931888,0.911658,1.040585
5.481140,1.010849,0.935434,0.939422,0.948662,0.972570,0.977313,0.971232,0.971440,1.021790,0.984333,0.980112,0.954099,0.976173,0.962331,0.951091,0.960610,0.953509,0.947263,0.987307,0.936141,0.963613,0.979426,0.969347,0.967138,0.951058,0.952513,0.948081,0.942097,0.937864,0.874760,0.965912,0.978897,0.949344,0.963471,0.987493,0.969347,0.931886,0.911194,1.040593
5.489470,1.010818,0.935354,0.939247,0.948425,0.972323,0.977059,0.970999,0.971217,1.021709,0.984062,0.979847,0.953834,0.975905,0.962072,0.950820,0.960337,0.953264,0.947045,0.987002,0.935814,0.963336,0.979144,0.969065,0.966860,0.950977,0.952264,0.947834,0.941723,0.937457,0.874807,0.965582,0.978598,0.949089,0.963107,0.987215,0.969065,0.931885,0.910737,1.040602
5.497800,1.010789,0.935276,0.939076,0.948190,0.972079,0.976808,0.970768,0.970996,1.021628,0.983794,0.979585,0.953572,0.975641,0.961816,0.950554,0.960068,0.953022,0.946830,0.986702,0.935492,0.963063,0.978865,0.968787,0.966587,0.950899,0.952018,0.947592,0.941355,0.937057,0.874857,0.965255,0.978300,0.948840,0.962749,0.986941,0.968787,0.931888,0.910286,1.040612
5.506130,1.010762,0.935202,0.938907,0.947959,0.971838,0.976560,0.970540,0.970777,1.021550,0.983529,0.979325,0.953313,0.975380,0.961564,0.950290,0.959803,0.952784,0.946619,0.986407,0.935176,0.962795,0.978590,0.968513,0.966318,0.950824,0.951777,0.947353,0.940992,0.936662,0.874909,0.964931,0.978006,0.948595,0.962398,0.986671,0.968513,0.931894,0.909841,1.040622
5.514460,1.010736,0.935131,0.938742,0.947730,0.971600,0.976315,0.970315,0.970561,1.021473,0.983267,0.979069,0.953056,0.975122,0.961315,0.950031,0.959542,0.952550,0.946411,0.986118,0.934866,0.962530,0.978320,0.968243,0.966053,0.950752,0.951541,0.947119,0.940635,0.936274,0.874964,0.964610,0.977714,0.948354,0.962054,0.986405,0.968243,0.931903,0.909403,1.040633
5.522790,1.010713,0.935062,0.938581,0.947505,0.971365,0.976073,0.970093,0.970348,1.021397,0.983008,0.978816,0.952803,0.974867,0.961069,0.949775,0.959285,0.952321,0.946208,0.985833,0.934561,0.962269,0.978053,0.967977,0.965791,0.950683,0.951310,0.946889,0.940284,0.935892,0.875021,0.964292,0.977425,0.948119,0.961717,0.986142,0.967977,0.931915,0.908971,1.040645
5.531120,1.010690,0.934997,0.938423,0.947283,0.971133,0.975834,0.969874,0.970138,1.021323,0.982752,0.978566,0.952553,0.974615,0.960826,0.949524,0.959032,0.952095,0.946008,0.985554,0.934262,0.962013,0.977791,0.967716,0.965534,0.950617,0.951082,0.946664,0.939939,0.935516,0.875081,0.963978,0.977140,0.947888,0.961387,0.985884,0.967716,0.931930,0.908547,1.040658
5.539450,1.010670,0.934935,0.938268,0.947064,0.970904,0.975598,0.969657,0.969931,1.021250,0.982499,0.978319,0.952307,0.974367,0.960587,0.949276,0.958783,0.951874,0.945812,0.985280,0.933969,0.961760,0.977533,0.967458,0.965282,0.950555,0.950860,0.946443,0.939600,0.935146,0.875143,0.963668,0.976857,0.947662,0.961064,0.985630,0.967458,0.931948,0.908129,1.040671
5.547780,1.010651,0.934876,0.938117,0.946849,0.970678,0.975365,0.969444,0.969726,1.021179,0.982250,0.978076,0.952063,0.974122,0.960351,0.949032,0.958539,0.951656,0.945620,0.985012,0.933682,0.961512,0.977279,0.967205,0.965033,0.950496,0.950643,0.946226,0.939267,0.934784,0.875208,0.963361,0.976578,0.947441,0.960748,0.985381,0.967205,0.931969,0.907718,1.040685
5.556110,1.010634,0.934821,0.937969,0.946636,0.970455,0.975136,0.969234,0.969525,1.021110,0.982005,0.977836,0.951824,0.973880,0.960119,0.948793,0.958300,0.951443,0.945432,0.984749,0.933402,0.961269,0.977029,0.966956,0.964789,0.950440,0.950430,0.946014,0.938940,0.934427,0.875276,0.963058,0.976302,0.947226,0.960440,0.985135,0.966956,0.931993,0.907314,1.040700
5.564440,1.010618,0.934768,0.937825,0.946428,0.970236,0.974910,0.969027,0.969326,1.021043,0.981763,0.977599,0.951587,0.973642,0.959891,0.948558,0.958064,0.951235,0.945248,0.984492,0.933127,0.961029,0.976784,0.966711,0.964550,0.950388,0.950222,0.945807,0.938619,0.934077,0.875346,0.962759,0.976030,0.947015,0.960139,0.984894,0.966711,0.932020,0.906916,1.040716
5.572770,1.010604,0.934719,0.937685,0.946223,0.970021,0.974687,0.968823,0.969131,1.020977,0.981524,0.977366,0.951355,0.973408,0.959666,0.948327,0.957834,0.951031,0.945068,0.984241,0.932859,0.960795,0.976543,0.966471,0.964315,0.950340,0.950019,0.945605,0.938305,0.933734,0.875419,0.962463,0.975761,0.946810,0.959846,0.984657,0.966471,0.932051,0.906526,1.040732
5.581100,1.010592,0.934674,0.937549,0.946022,0.969809,0.974468,0.968622,0.968939,1.020913,0.981290,0.977137,0.951126,0.973178,0.959446,0.948100,0.957608,0.950831,0.944893,0.983996,0.932598,0.960564,0.976307,0.966236,0.964084,0.950294,0.949821,0.945407,0.937996,0.933397,0.875495,0.962172,0.975496,0.946610,0.959561,0.984425,0.966236,0.932085,0.906143,1.040749
5.589430,1.010582,0.934631,0.937416,0.945824,0.969600,0.974253,0.968425,0.968750,1.020851,0.981059,0.976912,0.950901,0.972951,0.959229,0.947878,0.957387,0.950636,0.944721,0.983756,0.932343,0.960339,0.976075,0.966005,0.963858,0.950253,0.949629,0.945214,0.937694,0.933067,0.875573,0.961885,0.975235,0.946415,0.959283,0.984197,0.966005,0.932123,0.905767,1.040767
5.597760,1.010574,0.934593,0.937287,0.945630,0.969395,0.974042,0.968232,0.968565,1.020790,0.980832,0.976690,0.950680,0.972729,0.959016,0.947660,0.957170,0.950446,0.944554,0.983522,0.932094,0.960118,0.975848,0.965779,0.963637,0.950215,0.949441,0.945026,0.937399,0.932744,0.875654,0.961602,0.974978,0.946226,0.959013,0.983974,0.965779,0.932163,0.905398,1.040786
5.606090,1.010567,0.934557,0.937162,0.945440,0.969194,0.973834,0.968042,0.968383,1.020732,0.980609,0.976473,0.950462,0.972510,0.958807,0.947447,0.956959,0.950260,0.944392,0.983295,0.931852,0.959901,0.975626,0.965557,0.963421,0.950180,0.949258,0.944842,0.937110,0.932427,0.875738,0.961323,0.974725,0.946042,0.958751,0.983755,0.965557,0.932207,0.905036,1.040805
5.614420,1.010562,0.934525,0.937041,0.945254,0.968997,0.973630,0.967855,0.968205,1.020675,0.980391,0.976259,0.950249,0.972296,0.958603,0.947238,0.956752,0.950079,0.944234,0.983073,0.931617,0.959690,0.975408,0.965340,0.963210,0.950149,0.949081,0.944664,0.936827,0.932117,0.875824,0.961048,0.974476,0.945863,0.958497,0.983541,0.965340,0.932255,0.904681,1.040825
5.622750,1.010558,0.934496,0.936925,0.945072,0.968804,0.973430,0.967673,0.968030,1.020621,0.980176,0.976049,0.950040,0.972085,0.958403,0.947034,0.956550,0.949902,0.944080,0.982858,0.931388,0.959483,0.975195,0.965128,0.963003,0.950122,0.948908,0.944491,0.936550,0.931814,0.875914,0.960778,0.974232,0.945690,0.958251,0.983332,0.965128,0.932306,0.904334,1.040845
5.631080,1.010557,0.934471,0.936812,0.944894,0.968614,0.973234,0.967494,0.967859,1.020568,0.979966,0.975844,0.949835,0.971879,0.958207,0.946835,0.956353,0.949731,0.943931,0.982648,0.931166,0.959281,0.974988,0.964921,0.962802,0.950099,0.948741,0.944322,0.936280,0.931518,0.876006,0.960513,0.973991,0.945522,0.958012,0.983127,0.964921,0.932360,0.903993,1.040867
5.639410,1.010557,0.934450,0.936703,0.944720,0.968429,0.973043,0.967319,0.967692,1.020517,0.979760,0.975643,0.949635,0.971678,0.958015,0.946640,0.956161,0.949564,0.943786,0.982445,0.930951,0.959084,0.974784,0.964719,0.962605,0.950079,0.948579,0.944159,0.936017,0.931228,0.876100,0.960251,0.973756,0.945360,0.957782,0.982927,0.964719,0.932418,0.903659,1.040889
5.647740,1.010559,0.934432,0.936598,0.944551,0.968248,0.972855,0.967147,0.967528,1.020468,0.979559,0.975446,0.949439,0.971481,0.957828,0.946451,0.955975,0.949402,0.943646,0.982248,0.930742,0.958892,0.974586,0.964522,0.962414,0.950063,0.948422,0.944001,0.935759,0.930945,0.876198,0.959995,0.973525,0.945204,0.957560,0.982731,0.964522,0.932479,0.903333,1.040911
5.656070,1.010563,0.934418,0.936498,0.944385,0.968070,0.972672,0.966980,0.967368,1.020421,0.979362,0.975254,0.949247,0.971288,0.957645,0.946266,0.955793,0.949245,0.943510,0.982057,0.930541,0.958705,0.974393,0.964329,0.962227,0.950051,0.948270,0.943847,0.935508,0.930669,0.876298,0.959743,0.973298,0.945053,0.957345,0.982541,0.964329,0.932544,0.903013,1.040935
5.664400,1.010568,0.934407,0.936402,0.944224,0.967898,0.972492,0.966817,0.967212,1.020376,0.979169,0.975066,0.949060,0.971100,0.957467,0.946086,0.955617,0.949093,0.943380,0.981873,0.930346,0.958524,0.974205,0.964142,0.962046,0.950042,0.948124,0.943699,0.935264,0.930399,0.876402,0.959496,0.973077,0.944908,0.957139,0.982355,0.964142,0.932612,0.902701,1.040959
5.672730,1.010576,0.934400,0.936310,0.944067,0.967729,0.972318,0.966658,0.967061,1.020334,0.978982,0.974883,0.948877,0.970916,0.957294,0.945911,0.955446,0.948946,0.943253,0.981694,0.930158,0.958347,0.974022,0.963960,0.961870,0.950037,0.947983,0.943556,0.935026,0.930137,0.876508,0.959254,0.972861,0.944768,0.956940,0.982174,0.963960,0.932684,0.902395,1.040984
5.681060,1.010585,0.934397,0.936222,0.943915,0.967565,0.972147,0.966503,0.966913,1.020293,0.978799,0.974705,0.948699,0.970738,0.957125,0.945742,0.955280,0.948804,0.943132,0.981522,0.929977,0.958175,0.973844,0.963783,0.961699,0.950037,0.947847,0.943419,0.934794,0.929880,0.876617,0.959016,0.972649,0.944634,0.956750,0.981998,0.963783,0.932760,0.902097,1.041009
5.689390,1.010596,0.934397,0.936139,0.943767,0.967405,0.971981,0.966352,0.966769,1.020254,0.978620,0.974531,0.948526,0.970564,0.956961,0.945577,0.955119,0.948667,0.943016,0.981357,0.929803,0.958009,0.973671,0.963611,0.961534,0.950040,0.947717,0.943286,0.934569,0.929631,0.876728,0.958784,0.972443,0.944505,0.956568,0.981827,0.963611,0.932839,0.901805,1.041035
5.697720,1.010609,0.934401,0.936060,0.943624,0.967250,0.971820,0.966205,0.966629,1.020218,0.978447,0.974362,0.948358,0.970395,0.956802,0.945418,0.954964,0.948535,0.942904,0.981198,0.929636,0.957847,0.973503,0.963444,0.961374,0.950047,0.947591,0.943158,0.934350,0.929388,0.876843,0.958556,0.972242,0.944382,0.956393,0.981661,0.963444,0.932921,0.901521,1.041062
5.706050,1.010623,0.934408,0.935986,0.943485,0.967099,0.971663,0.966063,0.966493,1.020183,0.978279,0.974197,0.948194,0.970231,0.956647,0.945264,0.954814,0.948409,0.942797,0.981045,0.929476,0.957691,0.973341,0.963283,0.961219,0.950057,0.947472,0.943036,0.934138,0.929152,0.876961,0.958334,0.972046,0.944265,0.956227,0.981499,0.963283,0.933008,0.901243,1.041089
5.714380,1.010640,0.934420,0.935916,0.943351,0.966952,0.971511,0.965925,0.966362,1.020151,0.978116,0.974038,0.948035,0.970071,0.956498,0.945115,0.954670,0.948287,0.942695,0.980898,0.929322,0.957541,0.973184,0.963127,0.961069,0.950072,0.947357,0.942919,0.933932,0.928922,0.877081,0.958116,0.971856,0.944154,0.956068,0.981343,0.963127,0.933097,0.900972,1.041117
5.722710,1.010658,0.934435,0.935850,0.943222,0.966811,0.971364,0.965791,0.966235,1.020121,0.977957,0.973883,0.947882,0.969917,0.956354,0.944971,0.954531,0.948171,0.942598,0.980758,0.929176,0.957395,0.973032,0.962976,0.960925,0.950091,0.947248,0.942807,0.933732,0.928699,0.877205,0.957904,0.971671,0.944048,0.955917,0.981192,0.962976,0.933191,0.900708,1.041146
5.731040,1.010678,0.934454,0.935789,0.943098,0.966674,0.971221,0.965662,0.966112,1.020093,0.977804,0.973734,0.947733,0.969768,0.956214,0.944833,0.954397,0.948060,0.942506,0.980625,0.929036,0.957255,0.972885,0.962830,0.960787,0.950113,0.947144,0.942701,0.933538,0.928482,0.877331,0.957696,0.971492,0.943947,0.955774,0.981045,0.962830,0.933288,0.900451,1.041175
5.739370,1.010700,0.934477,0.935733,0.942978,0.966541,0.971083,0.965537,0.965993,1.020067,0.977656,0.973589,0.947590,0.969625,0.956080,0.944700,0.954270,0.947954,0.942419,0.980498,0.928904,0.957121,0.972744,0.962690,0.960654,0.950140,0.947045,0.942599,0.933351,0.928272,0.877461,0.957494,0.971319,0.943853,0.955639,0.980904,0.962690,0.933389,0.900200,1.041205
5.747700,1.010724,0.934504,0.935681,0.942863,0.966414,0.970950,0.965417,0.965879,1.020043,0.977514,0.973450,0.947451,0.969486,0.955951,0.944572,0.954147,0.947854,0.942337,0.980377,0.928778,0.956992,0.972607,0.962555,0.960526,0.950170,0.946952,0.942503,0.933170,0.928068,0.877593,0.957297,0.971151,0.943763,0.955512,0.980767,0.962555,0.933493,0.899956,1.041235
5.756030,1.010749,0.934534,0.935633,0.942753,0.966291,0.970822,0.965301,0.965769,1.020022,0.977376,0.973316,0.947318,0.969352,0.955827,0.944450,0.954030,0.947758,0.942260,0.980263,0.928659,0.956868,0.972477,0.962426,0.960405,0.950205,0.946864,0.942413,0.932995,0.927871,0.877728,0.957105,0.970989,0.943680,0.955392,0.980636,0.962426,0.933602,0.899719,1.041266
5.764360,1.010777,0.934568,0.935591,0.942648,0.966173,0.970698,0.965190,0.965663,1.020003,0.977244,0.973187,0.947190,0.969224,0.955708,0.944334,0.953919,0.947668,0.942188,0.980155,0.928547,0.956750,0.972352,0.962302,0.960288,0.950243,0.946781,0.942327,0.932826,0.927680,0.877867,0.956918,0.970833,0.943602,0.955281,0.980510,0.962302,0.933713,0.899488,1.041298
5.772690,1.010806,0.934606,0.935553,0.942547,0.966060,0.970580,0.965083,0.965562,1.019986,0.977118,0.973063,0.947067,0.969102,0.955595,0.944223,0.953814,0.947584,0.942121,0.980054,0.928441,0.956637,0.972232,0.962184,0.960177,0.950286,0.946703,0.942247,0.932663,0.927496,0.878008,0.956737,0.970683,0.943530,0.955176,0.980388,0.962184,0.933829,0.899264,1.041330
5.781020,1.010837,0.934649,0.935519,0.942452,0.965952,0.970466,0.964981,0.965466,1.019971,0.976996,0.972944,0.946950,0.968984,0.955487,0.944117,0.953714,0.947504,0.942059,0.979959,0.928343,0.956530,0.972117,0.962071,0.960072,0.950332,0.946631,0.942172,0.932507,0.927317,0.878153,0.956560,0.970539,0.943463,0.955080,0.980272,0.962071,0.933948,0.899046,1.041363
5.789350,1.010870,0.934694,0.935490,0.942362,0.965848,0.970357,0.964884,0.965374,1.019958,0.976880,0.972831,0.946837,0.968872,0.955384,0.944017,0.953619,0.947431,0.942002,0.979870,0.928251,0.956428,0.972008,0.961963,0.959973,0.950383,0.946564,0.942102,0.932356,0.927145,0.878300,0.956389,0.970401,0.943402,0.954990,0.980161,0.961963,0.934071,0.898834,1.041396
5.797680,1.010905,0.934744,0.935466,0.942277,0.965750,0.970254,0.964791,0.965286,1.019948,0.976770,0.972723,0.946731,0.968765,0.955286,0.943923,0.953531,0.947362,0.941950,0.979788,0.928166,0.956332,0.971905,0.961861,0.959879,0.950437,0.946502,0.942038,0.932212,0.926980,0.878450,0.956224,0.970269,0.943346,0.954909,0.980055,0.961861,0.934197,0.898629,1.041430
5.806010,1.010942,0.934798,0.935447,0.942196,0.965656,0.970155,0.964703,0.965203,1.019939,0.976665,0.972620,0.946629,0.968664,0.955194,0.943834,0.953448,0.947299,0.941904,0.979712,0.928088,0.956241,0.971807,0.961765,0.959791,0.950496,0.946446,0.941979,0.932073,0.926820,0.878604,0.956063,0.970143,0.943296,0.954834,0.979954,0.961765,0.934328,0.898431,1.041465
5.814340,1.010980,0.934856,0.935432,0.942121,0.965567,0.970061,0.964620,0.965124,1.019933,0.976566,0.972523,0.946533,0.968569,0.955107,0.943751,0.953371,0.947241,0.941862,0.979643,0.928016,0.956156,0.971715,0.961674,0.959709,0.950558,0.946395,0.941925,0.931941,0.926667,0.878761,0.955908,0.970023,0.943252,0.954767,0.979858,0.961674,0.934462,0.898238,1.041500
5.822670,1.011021,0.934917,0.935423,0.942051,0.965484,0.969972,0.964541,0.965050,1.019929,0.976472,0.972431,0.946443,0.968478,0.955026,0.943673,0.953300,0.947189,0.941826,0.979580,0.927951,0.956077,0.971628,0.961589,0.959632,0.950624,0.946349,0.941877,0.931814,0.926519,0.878920,0.955757,0.969909,0.943212,0.954708,0.979767,0.961589,0.934599,0.898052,1.041535
5.831000,1.011063,0.934983,0.935417,0.941986,0.965405,0.969889,0.964467,0.964981,1.019927,0.976383,0.972344,0.946357,0.968394,0.954950,0.943601,0.953234,0.947142,0.941795,0.979524,0.927893,0.956003,0.971546,0.961509,0.959561,0.950695,0.946308,0.941833,0.931694,0.926378,0.879083,0.955612,0.969801,0.943179,0.954655,0.979681,0.961509,0.934740,0.897872,1.041571
5.839330,1.011108,0.935052,0.935417,0.941926,0.965331,0.969810,0.964397,0.964916,1.019927,0.976301,0.972263,0.946277,0.968314,0.954879,0.943535,0.953174,0.947100,0.941769,0.979473,0.927841,0.955935,0.971471,0.961435,0.959496,0.950769,0.946272,0.941795,0.931579,0.926243,0.879249,0.955472,0.969700,0.943150,0.954610,0.979601,0.961435,0.934885,0.897698,1.041608
5.847660,1.011154,0.935125,0.935421,0.941872,0.965262,0.969736,0.964332,0.964855,1.019930,0.976223,0.972187,0.946203,0.968241,0.954814,0.943474,0.953120,0.947064,0.941748,0.979430,0.927796,0.955873,0.971400,0.961367,0.959437,0.950848,0.946242,0.941763,0.931470,0.926113,0.879418,0.955338,0.969604,0.943128,0.954571,0.979525,0.961367,0.935034,0.897530,1.041645
5.855990,1.011202,0.935203,0.935431,0.941822,0.965198,0.969668,0.964272,0.964799,1.019934,0.976151,0.972116,0.946134,0.968172,0.954755,0.943420,0.953071,0.947033,0.941732,0.979392,0.927757,0.955816,0.971336,0.961304,0.959383,0.950930,0.946217,0.941735,0.931367,0.925990,0.879590,0.955208,0.969515,0.943110,0.954540,0.979455,0.961304,0.935186,0.897368,1.041682
5.864320,1.011252,0.935284,0.935444,0.941777,0.965139,0.969604,0.964217,0.964748,1.019941,0.976085,0.972051,0.946070,0.968110,0.954700,0.943370,0.953028,0.947008,0.941722,0.979361,0.927725,0.955765,0.971277,0.961247,0.959335,0.951017,0.946197,0.941713,0.931270,0.925873,0.879766,0.955083,0.969432,0.943098,0.954516,0.979390,0.961247,0.935342,0.897213,1.041720
5.872650,1.011303,0.935369,0.935463,0.941738,0.965085,0.969545,0.964166,0.964701,1.019950,0.976024,0.971991,0.946012,0.968052,0.954651,0.943327,0.952991,0.946988,0.941717,0.979336,0.927699,0.955719,0.971223,0.961196,0.959293,0.951107,0.946182,0.941696,0.931179,0.925761,0.879944,0.954964,0.969355,0.943091,0.954498,0.979330,0.961196,0.935501,0.897063,1.041759
5.880980,1.011357,0.935458,0.935487,0.941703,0.965035,0.969491,0.964120,0.964658,1.019961,0.975969,0.971936,0.945959,0.968000,0.954608,0.943289,0.952960,0.946974,0.941716,0.979317,0.927679,0.955679,0.971175,0.961150,0.959256,0.951201,0.946172,0.941684,0.931093,0.925655,0.880126,0.954849,0.969284,0.943090,0.954487,0.979274,0.961150,0.935664,0.896919,1.041797
5.889310,1.011413,0.935551,0.935515,0.941674,0.964991,0.969442,0.964078,0.964620,1.019973,0.975919,0.971887,0.945912,0.967954,0.954570,0.943257,0.952935,0.946964,0.941721,0.979304,0.927666,0.955645,0.971133,0.961110,0.959226,0.951300,0.946167,0.941677,0.931013,0.925556,0.880310,0.954739,0.969219,0.943093,0.954483,0.979224,0.961110,0.935831,0.896781,1.041837
5.897640,1.011470,0.935648,0.935548,0.941650,0.964951,0.969398,0.964041,0.964586,1.019988,0.975875,0.971843,0.945869,0.967913,0.954537,0.943230,0.952915,0.946961,0.941731,0.979298,0.927659,0.955617,0.971096,0.961075,0.959201,0.951402,0.946168,0.941676,0.930939,0.925462,0.880498,0.954634,0.969160,0.943102,0.954486,0.979179,0.961075,0.936001,0.896649,1.041876
5.905970,1.011529,0.935749,0.935585,0.941631,0.964917,0.969359,0.964009,0.964557,1.020005,0.975836,0.971804,0.945833,0.967877,0.954510,0.943209,0.952901,0.946962,0.941747,0.979298,0.927659,0.955594,0.971064,0.961046,0.959181,0.951508,0.946173,0.941679,0.930870,0.925373,0.880689,0.954534,0.969106,0.943116,0.954495,0.979140,0.961046,0.936175,0.896522,1.041916
5.914300,1.011590,0.935854,0.935628,0.941616,0.964887,0.969325,0.963981,0.964532,1.020024,0.975802,0.971770,0.945801,0.967847,0.954488,0.943194,0.952892,0.946969,0.941767,0.979304,0.927664,0.955576,0.971039,0.961023,0.959168,0.951619,0.946183,0.941688,0.930807,0.925291,0.880883,0.954439,0.969059,0.943136,0.954511,0.979105,0.961023,0.936353,0.896402,1.041957
5.922630,1.011653,0.935963,0.935675,0.941607,0.964861,0.969295,0.963957,0.964511,1.020044,0.975774,0.971741,0.945774,0.967822,0.954471,0.943185,0.952890,0.946981,0.941792,0.979315,0.927676,0.955564,0.971018,0.961005,0.959160,0.951733,0.946199,0.941702,0.930749,0.925214,0.881081,0.954348,0.969017,0.943160,0.954533,0.979075,0.961005,0.936534,0.896287,1.041997
5.930960,1.011718,0.936076,0.935727,0.941603,0.964841,0.969271,0.963938,0.964495,1.020067,0.975751,0.971718,0.945753,0.967802,0.954460,0.943181,0.952892,0.946999,0.941823,0.979333,0.927694,0.955558,0.971004,0.960993,0.959158,0.951851,0.946219,0.941721,0.930698,0.925143,0.881281,0.954262,0.968981,0.943190,0.954561,0.979050,0.960993,0.936719,0.896178,1.042038
5.939290,1.011785,0.936193,0.935783,0.941603,0.964825,0.969250,0.963923,0.964482,1.020091,0.975733,0.971699,0.945737,0.967788,0.954454,0.943182,0.952901,0.947022,0.941858,0.979357,0.927718,0.955557,0.970995,0.960986,0.959161,0.951973,0.946245,0.941745,0.930651,0.925078,0.881485,0.954181,0.968951,0.943224,0.954596,0.979031,0.960986,0.936907,0.896075,1.042080
5.947620,1.011853,0.936313,0.935844,0.941609,0.964813,0.969235,0.963912,0.964474,1.020118,0.975720,0.971686,0.945726,0.967779,0.954453,0.943189,0.952915,0.947050,0.941899,0.979387,0.927747,0.955562,0.970991,0.960985,0.959170,0.952098,0.946275,0.941775,0.930611,0.925018,0.881691,0.954104,0.968926,0.943264,0.954637,0.979016,0.960985,0.937098,0.895978,1.042122
5.955950,1.011924,0.936438,0.935910,0.941619,0.964807,0.969224,0.963906,0.964470,1.020146,0.975713,0.971677,0.945720,0.967774,0.954457,0.943202,0.952935,0.947084,0.941945,0.979423,0.927783,0.955573,0.970993,0.960989,0.959185,0.952228,0.946311,0.941809,0.930575,0.924964,0.881901,0.954031,0.968907,0.943309,0.954684,0.979006,0.960989,0.937294,0.895886,1.042164
5.964280,1.011996,0.936566,0.935980,0.941634,0.964804,0.969218,0.963904,0.964470,1.020175,0.975710,0.971673,0.945718,0.967775,0.954466,0.943220,0.952960,0.947122,0.941995,0.979465,0.927825,0.955589,0.971000,0.960999,0.959205,0.952361,0.946351,0.941848,0.930546,0.924916,0.882114,0.953963,0.968893,0.943358,0.954737,0.979001,0.960999,0.937492,0.895800,1.042206
5.972610,1.012070,0.936699,0.936055,0.941654,0.964806,0.969216,0.963906,0.964474,1.020207,0.975713,0.971674,0.945722,0.967781,0.954480,0.943244,0.952991,0.947166,0.942051,0.979513,0.927872,0.955610,0.971012,0.961015,0.959231,0.952499,0.946396,0.941892,0.930522,0.924873,0.882331,0.953899,0.968884,0.943413,0.954796,0.979001,0.961015,0.937694,0.895720,1.042248
5.980940,1.012146,0.936835,0.936135,0.941679,0.964813,0.969218,0.963912,0.964483,1.020240,0.975720,0.971680,0.945731,0.967792,0.954499,0.943273,0.953027,0.947215,0.942111,0.979566,0.927925,0.955637,0.971030,0.961035,0.959262,0.952640,0.946447,0.941942,0.930503,0.924836,0.882550,0.953839,0.968880,0.943472,0.954861,0.979006,0.961035,0.937900,0.895645,1.042291
5.989270,1.012224,0.936975,0.936219,0.941708,0.964824,0.969225,0.963922,0.964494,1.020275,0.975732,0.971690,0.945744,0.967807,0.954523,0.943307,0.953069,0.947269,0.942177,0.979625,0.927984,0.955669,0.971054,0.961062,0.959299,0.952785,0.946502,0.941996,0.930490,0.924804,0.882772,0.953783,0.968881,0.943536,0.954931,0.979016,0.961062,0.938109,0.895576,1.042334
5.997600,1.012303,0.937119,0.936307,0.941742,0.964839,0.969236,0.963937,0.964510,1.020311,0.975749,0.971705,0.945762,0.967827,0.954552,0.943346,0.953116,0.947328,0.942247,0.979690,0.928049,0.955707,0.971083,0.961093,0.959342,0.952933,0.946561,0.942055,0.930482,0.924778,0.882998,0.953731,0.968887,0.943605,0.955008,0.979031,0.961093,0.938322,0.895513,1.042378
6.005930,1.012384,0.937266,0.936400,0.941781,0.964858,0.969251,0.963955,0.964530,1.020349,0.975770,0.971725,0.945784,0.967852,0.954586,0.943391,0.953169,0.947393,0.942322,0.979760,0.928119,0.955750,0.971117,0.961130,0.959389,0.953085,0.946626,0.942119,0.930480,0.924758,0.883227,0.953683,0.968898,0.943679,0.955090,0.979051,0.961130,0.938537,0.895455,1.042421
6.014260,1.012467,0.937418,0.936498,0.941824,0.964881,0.969270,0.963976,0.964553,1.020388,0.975796,0.971748,0.945811,0.967882,0.954625,0.943442,0.953227,0.947462,0.942402,0.979836,0.928195,0.955798,0.971156,0.961173,0.959442,0.953241,0.946696,0.942188,0.930484,0.924744,0.883458,0.953638,0.968914,0.943757,0.955178,0.979075,0.961173,0.938757,0.895403,1.042465
6.022590,1.012552,0.937573,0.936600,0.941871,0.964908,0.969294,0.964002,0.964580,1.020429,0.975826,0.971777,0.945842,0.967916,0.954668,0.943497,0.953290,0.947536,0.942487,0.979918,0.928276,0.955852,0.971200,0.961220,0.959501,0.953401,0.946770,0.942262,0.930492,0.924735,0.883693,0.953597,0.968933,0.943840,0.955271,0.979104,0.961220,0.938979,0.895357,1.042508
6.030920,1.012639,0.937732,0.936706,0.941923,0.964939,0.969321,0.964031,0.964610,1.020471,0.975861,0.971809,0.945878,0.967954,0.954716,0.943557,0.953358,0.947616,0.942576,0.980005,0.928363,0.955910,0.971250,0.961273,0.959564,0.953564,0.946849,0.942341,0.930507,0.924731,0.883931,0.953560,0.968958,0.943927,0.955370,0.979138,0.961273,0.939205,0.895317,1.042552
6.039250,1.012727,0.937895,0.936816,0.941979,0.964974,0.969352,0.964064,0.964644,1.020514,0.975900,0.971845,0.945918,0.967997,0.954768,0.943623,0.953432,0.947700,0.942670,0.980098,0.928455,0.955974,0.971305,0.961331,0.959633,0.953731,0.946933,0.942424,0.930527,0.924734,0.884172,0.953526,0.968986,0.944020,0.955474,0.979177,0.961331,0.939434,0.895283,1.042596
6.047580,1.012817,0.938061,0.936931,0.942039,0.965013,0.969387,0.964100,0.964681,1.020559,0.975943,0.971886,0.945961,0.968044,0.954825,0.943693,0.953511,0.947789,0.942769,0.980196,0.928552,0.956043,0.971365,0.961394,0.959708,0.953902,0.947022,0.942513,0.930552,0.924742,0.884416,0.953496,0.969018,0.944116,0.955583,0.979220,0.961394,0.939667,0.895254,1.042640
6.055910,1.012908,0.938231,0.937049,0.942103,0.965055,0.969425,0.964140,0.964721,1.020605,0.975990,0.971930,0.946009,0.968095,0.954886,0.943769,0.953595,0.947883,0.942872,0.980299,0.928655,0.956117,0.971430,0.961463,0.959787,0.954076,0.947115,0.942605,0.930583,0.924755,0.884663,0.953468,0.969055,0.944217,0.955698,0.979268,0.961463,0.939902,0.895231,1.042685
6.064240,1.013002,0.938405,0.937172,0.942172,0.965101,0.969467,0.964183,0.964765,1.020652,0.976042,0.971978,0.946061,0.968150,0.954951,0.943849,0.953684,0.947981,0.942980,0.980407,0.928762,0.956197,0.971500,0.961536,0.959871,0.954254,0.947213,0.942703,0.930619,0.924775,0.884913,0.953444,0.969095,0.944323,0.955817,0.979321,0.961536,0.940141,0.895214,1.042729
6.072570,1.013097,0.938582,0.937300,0.942244,0.965151,0.969513,0.964229,0.964811,1.020701,0.976096,0.972030,0.946117,0.968209,0.955020,0.943934,0.953777,0.948085,0.943092,0.980521,0.928875,0.956281,0.971575,0.961614,0.959961,0.954435,0.947316,0.942805,0.930661,0.924800,0.885166,0.953423,0.969138,0.944433,0.955942,0.979378,0.961614,0.940383,0.895203,1.042773
6.080900,1.013193,0.938763,0.937431,0.942320,0.965204,0.969562,0.964278,0.964861,1.020750,0.976155,0.972086,0.946176,0.968272,0.955094,0.944024,0.953876,0.948193,0.943209,0.980640,0.928993,0.956370,0.971654,0.961698,0.960055,0.954619,0.947423,0.942912,0.930708,0.924830,0.885422,0.953405,0.969185,0.944547,0.956072,0.979439,0.961698,0.940628,0.895197,1.042818
6.089230,1.013292,0.938947,0.937566,0.942400,0.965260,0.969614,0.964330,0.964913,1.020801,0.976217,0.972145,0.946239,0.968339,0.955171,0.944119,0.953980,0.948305,0.943330,0.980763,0.929116,0.956464,0.971739,0.961786,0.960154,0.954807,0.947535,0.943024,0.930761,0.924867,0.885681,0.953389,0.969235,0.944665,0.956207,0.979505,0.961786,0.940876,0.895198,1.042862
6.097560,1.013392,0.939135,0.937705,0.942484,0.965319,0.969669,0.964386,0.964969,1.020852,0.976283,0.972207,0.946306,0.968409,0.955253,0.944218,0.954088,0.948422,0.943455,0.980892,0.929243,0.956562,0.971829,0.961879,0.960258,0.954998,0.947652,0.943140,0.930820,0.924909,0.885943,0.953376,0.969289,0.944788,0.956347,0.979575,0.961879,0.941128,0.895204,1.042906
6.105890,1.013493,0.939327,0.937848,0.942571,0.965382,0.969727,0.964444,0.965027,1.020904,0.976352,0.972273,0.946375,0.968483,0.955338,0.944322,0.954202,0.948544,0.943585,0.981026,0.929376,0.956666,0.971923,0.961976,0.960367,0.955193,0.947773,0.943261,0.930884,0.924957,0.886207,0.953366,0.969345,0.944915,0.956492,0.979650,0.961976,0.941382,0.895217,1.042951
6.114220,1.013596,0.939522,0.937994,0.942662,0.965447,0.969789,0.964504,0.965088,1.020957,0.976425,0.972341,0.946449,0.968560,0.955427,0.944430,0.954319,0.948670,0.943719,0.981165,0.929513,0.956774,0.972022,0.962079,0.960481,0.955391,0.947899,0.943386,0.930953,0.925011,0.886475,0.953358,0.969404,0.945045,0.956641,0.979729,0.962079,0.941640,0.895235,1.042995
6.122550,1.013701,0.939720,0.938145,0.942757,0.965516,0.969853,0.964568,0.965151,1.021011,0.976500,0.972413,0.946525,0.968640,0.955520,0.944543,0.954442,0.948801,0.943857,0.981308,0.929656,0.956886,0.972125,0.962186,0.960599,0.955592,0.948029,0.943515,0.931028,0.925071,0.886745,0.953353,0.969465,0.945180,0.956795,0.979812,0.962186,0.941900,0.895260,1.043039
6.130880,1.013807,0.939922,0.938299,0.942855,0.965587,0.969920,0.964634,0.965217,1.021066,0.976579,0.972488,0.946604,0.968723,0.955616,0.944659,0.954569,0.948936,0.943999,0.981457,0.929802,0.957004,0.972233,0.962298,0.960722,0.955797,0.948164,0.943650,0.931109,0.925136,0.887018,0.953349,0.969529,0.945319,0.956954,0.979900,0.962298,0.942163,0.895291,1.043083
6.139210,1.013914,0.940127,0.938457,0.942956,0.965661,0.969990,0.964703,0.965285,1.021121,0.976660,0.972566,0.946686,0.968810,0.955715,0.944781,0.954700,0.949075,0.944145,0.981609,0.929954,0.957125,0.972346,0.962414,0.960849,0.956005,0.948304,0.943788,0.931195,0.925208,0.887294,0.953348,0.969596,0.945462,0.957117,0.979992,0.962414,0.942430,0.895328,1.043127
6.147540,1.014023,0.940335,0.938619,0.943060,0.965737,0.970062,0.964774,0.965356,1.021177,0.976744,0.972646,0.946771,0.968899,0.955818,0.944906,0.954836,0.949218,0.944296,0.981767,0.930109,0.957251,0.972462,0.962534,0.960981,0.956216,0.948448,0.943931,0.931287,0.925285,0.887573,0.953349,0.969664,0.945609,0.957284,0.980087,0.962534,0.942699,0.895371,1.043171
6.155870,1.014134,0.940547,0.938783,0.943168,0.965817,0.970137,0.964847,0.965429,1.021234,0.976831,0.972729,0.946859,0.968992,0.955924,0.945035,0.954976,0.949366,0.944450,0.981929,0.930270,0.957382,0.972584,0.962659,0.961117,0.956429,0.948596,0.944078,0.931385,0.925368,0.887855,0.953352,0.969734,0.945759,0.957456,0.980187,0.962659,0.942971,0.895420,1.043215
6.164200,1.014246,0.940762,0.938952,0.943278,0.965898,0.970214,0.964922,0.965503,1.021291,0.976920,0.972815,0.946950,0.969087,0.956033,0.945169,0.955121,0.949518,0.944608,0.982096,0.930434,0.957516,0.972709,0.962789,0.961258,0.956647,0.948749,0.944229,0.931488,0.925458,0.888139,0.953356,0.969806,0.945914,0.957633,0.980291,0.962789,0.943245,0.895476,1.043258
6.172530,1.014359,0.940979,0.939124,0.943392,0.965982,0.970294,0.965000,0.965580,1.021349,0.977012,0.972903,0.947042,0.969184,0.956145,0.945306,0.955269,0.949673,0.944769,0.982266,0.930603,0.957655,0.972839,0.962922,0.961403,0.956867,0.948906,0.944385,0.931597,0.925553,0.888425,0.953362,0.969880,0.946072,0.957813,0.980398,0.962922,0.943523,0.895538,1.043302
6.180860,1.014474,0.941201,0.939299,0.943508,0.966068,0.970375,0.965079,0.965659,1.021407,0.977106,0.972993,0.947138,0.969285,0.956260,0.945447,0.955422,0.949833,0.944935,0.982442,0.930777,0.957798,0.972973,0.963060,0.961552,0.957090,0.949068,0.944544,0.931712,0.925654,0.888715,0.953370,0.969955,0.946233,0.957998,0.980510,0.963060,0.943803,0.895606,1.043345
6.189190,1.014590,0.941425,0.939477,0.943627,0.966156,0.970459,0.965161,0.965740,1.021465,0.977203,0.973085,0.947235,0.969387,0.956378,0.945592,0.955579,0.949996,0.945104,0.982621,0.930954,0.957945,0.973111,0.963202,0.961705,0.957316,0.949234,0.944708,0.931833,0.925762,0.889007,0.953379,0.970032,0.946399,0.958187,0.980625,0.963202,0.944086,0.895681,1.043388
6.197520,1.014707,0.941652,0.939659,0.943749,0.966247,0.970545,0.965244,0.965822,1.021524,0.977301,0.973180,0.947335,0.969492,0.956499,0.945740,0.955740,0.950164,0.945277,0.982805,0.931136,0.958096,0.973253,0.963348,0.961862,0.957544,0.949404,0.944876,0.931959,0.925875,0.889301,0.953390,0.970110,0.946568,0.958380,0.980744,0.963348,0.944372,0.895762,1.043430
6.205850,1.014826,0.941882,0.939844,0.943874,0.966339,0.970632,0.965329,0.965906,1.021583,0.977402,0.973276,0.947437,0.969599,0.956622,0.945892,0.955904,0.950335,0.945453,0.982993,0.931321,0.958251,0.973398,0.963497,0.962023,0.957776,0.949579,0.945048,0.932091,0.925994,0.889598,0.953402,0.970188,0.946740,0.958577,0.980867,0.963497,0.944660,0.895850,1.043473
6.214180,1.014946,0.942115,0.940031,0.944000,0.966433,0.970722,0.965415,0.965991,1.021642,0.977504,0.973374,0.947540,0.969708,0.956748,0.946048,0.956073,0.950510,0.945633,0.983184,0.931511,0.958410,0.973548,0.963651,0.962188,0.958011,0.949758,0.945224,0.932228,0.926120,0.889897,0.953415,0.970268,0.946916,0.958778,0.980993,0.963651,0.944950,0.895945,1.043515
6.222510,1.015067,0.942351,0.940222,0.944130,0.966529,0.970813,0.965503,0.966078,1.021702,0.977608,0.973474,0.947646,0.969819,0.956877,0.946207,0.956245,0.950689,0.945816,0.983380,0.931704,0.958573,0.973702,0.963808,0.962357,0.958248,0.949941,0.945404,0.932372,0.926252,0.890199,0.953429,0.970348,0.947095,0.958983,0.981123,0.963808,0.945244,0.896045,1.043557
6.230840,1.015190,0.942590,0.940416,0.944261,0.966626,0.970905,0.965593,0.966167,1.021761,0.977714,0.973576,0.947753,0.969932,0.957007,0.946369,0.956421,0.950871,0.946002,0.983580,0.931902,0.958739,0.973859,0.963970,0.962529,0.958488,0.950129,0.945588,0.932521,0.926390,0.890503,0.953444,0.970429,0.947277,0.959192,0.981256,0.963970,0.945539,0.896153,1.043598
6.239170,1.015313,0.942832,0.940612,0.944395,0.966725,0.971000,0.965684,0.966256,1.021821,0.977821,0.973679,0.947862,0.970046,0.957140,0.946535,0.956600,0.951056,0.946192,0.983783,0.932103,0.958909,0.974020,0.964134,0.962705,0.958730,0.950320,0.945776,0.932676,0.926534,0.890810,0.953461,0.970511,0.947463,0.959404,0.981393,0.964134,0.945837,0.896267,1.043640
6.247500,1.015438,0.943077,0.940812,0.944531,0.966826,0.971095,0.965776,0.966347,1.021880,0.977930,0.973784,0.947973,0.970163,0.957275,0.946704,0.956783,0.951245,0.946385,0.983990,0.932308,0.959082,0.974184,0.964303,0.962885,0.958976,0.950516,0.945968,0.932837,0.926684,0.891119,0.953478,0.970593,0.947652,0.959621,0.981533,0.964303,0.946138,0.896388,1.043681
6.255830,1.015564,0.943324,0.941014,0.944669,0.966928,0.971192,0.965870,0.966439,1.021940,0.978040,0.973890,0.948085,0.970281,0.957413,0.946876,0.956969,0.951438,0.946581,0.984201,0.932516,0.959259,0.974352,0.964475,0.963068,0.959224,0.950716,0.946163,0.933003,0.926841,0.891430,0.953495,0.970675,0.947844,0.959840,0.981676,0.964475,0.946441,0.896516,1.043721
6.264160,1.015691,0.943574,0.941219,0.944809,0.967031,0.971291,0.965964,0.966533,1.021999,0.978152,0.973997,0.948198,0.970400,0.957552,0.947051,0.957159,0.951634,0.946781,0.984416,0.932728,0.959439,0.974523,0.964650,0.963255,0.959474,0.950921,0.946363,0.933176,0.927004,0.891743,0.953514,0.970757,0.948039,0.960064,0.981823,0.964650,0.946746,0.896651,1.043761
6.272490,1.015819,0.943826,0.941426,0.944951,0.967136,0.971390,0.966060,0.966627,1.022059,0.978264,0.974105,0.948313,0.970521,0.957693,0.947228,0.957352,0.951833,0.946983,0.984634,0.932944,0.959622,0.974698,0.964829,0.963445,0.959727,0.951129,0.946566,0.933354,0.927173,0.892058,0.953533,0.970840,0.948237,0.960290,0.981973,0.964829,0.947053,0.896792,1.043801
6.280820,1.015947,0.944081,0.941636,0.945095,0.967242,0.971491,0.966157,0.966722,1.022118,0.978378,0.974215,0.948429,0.970643,0.957836,0.947409,0.957548,0.952035,0.947188,0.984855,0.933162,0.959809,0.974876,0.965011,0.963638,0.959982,0.951341,0.946772,0.933538,0.927348,0.892376,0.953552,0.970922,0.948438,0.960521,0.982126,0.965011,0.947363,0.896940,1.043840
6.289150,1.016077,0.944338,0.941849,0.945241,0.967349,0.971592,0.966254,0.966818,1.022177,0.978493,0.974326,0.948546,0.970766,0.957981,0.947593,0.957748,0.952241,0.947396,0.985080,0.933385,0.959999,0.975057,0.965196,0.963834,0.960239,0.951558,0.946983,0.933728,0.927530,0.892695,0.953572,0.971005,0.948642,0.960754,0.982282,0.965196,0.947674,0.897096,1.043879
6.297480,1.016208,0.944598,0.942063,0.945388,0.967457,0.971695,0.966353,0.966915,1.022236,0.978609,0.974437,0.948665,0.970891,0.958128,0.947779,0.957950,0.952450,0.947607,0.985308,0.933610,0.960192,0.975241,0.965385,0.964034,0.960499,0.951778,0.947197,0.933924,0.927718,0.893017,0.953592,0.971087,0.948849,0.960991,0.982441,0.965385,0.947988,0.897258,1.043918
6.305810,1.016340,0.944861,0.942281,0.945537,0.967566,0.971798,0.966452,0.967012,1.022295,0.978725,0.974550,0.948784,0.971017,0.958276,0.947968,0.958156,0.952661,0.947821,0.985539,0.933839,0.960388,0.975429,0.965576,0.964237,0.960762,0.952003,0.947414,0.934126,0.927913,0.893340,0.953613,0.971169,0.949059,0.961231,0.982603,0.965576,0.948304,0.897427,1.043956
6.314140,1.016473,0.945125,0.942500,0.945688,0.967676,0.971903,0.966552,0.967111,1.022353,0.978843,0.974664,0.948904,0.971144,0.958426,0.948159,0.958364,0.952876,0.948037,0.985774,0.934071,0.960587,0.975619,0.965771,0.964442,0.961026,0.952231,0.947635,0.934333,0.928113,0.893666,0.953634,0.971251,0.949271,0.961474,0.982767,0.965771,0.948622,0.897603,1.043994
6.322470,1.016607,0.945392,0.942722,0.945840,0.967787,0.972008,0.966653,0.967210,1.022412,0.978961,0.974778,0.949025,0.971272,0.958577,0.948353,0.958576,0.953093,0.948256,0.986012,0.934306,0.960789,0.975812,0.965968,0.964651,0.961293,0.952464,0.947859,0.934547,0.928320,0.893993,0.953656,0.971332,0.949487,0.961721,0.982935,0.965968,0.948942,0.897786,1.044031
6.330800,1.016741,0.945662,0.942946,0.945994,0.967899,0.972114,0.966754,0.967309,1.022469,0.979080,0.974893,0.949148,0.971400,0.958730,0.948550,0.958790,0.953314,0.948478,0.986252,0.934544,0.960994,0.976009,0.966168,0.964863,0.961561,0.952700,0.948087,0.934766,0.928534,0.894322,0.953677,0.971414,0.949704,0.961970,0.983105,0.966168,0.949264,0.897975,1.044068
6.339130,1.016876,0.945933,0.943172,0.946149,0.968012,0.972221,0.966856,0.967409,1.022527,0.979200,0.975009,0.949270,0.971530,0.958884,0.948749,0.959007,0.953537,0.948702,0.986496,0.934786,0.961202,0.976208,0.966372,0.965077,0.961832,0.952940,0.948318,0.934991,0.928753,0.894653,0.953699,0.971495,0.949925,0.962223,0.983278,0.966372,0.949587,0.898172,1.044104
6.347460,1.017012,0.946207,0.943401,0.946305,0.968125,0.972329,0.966959,0.967510,1.022584,0.979321,0.975126,0.949394,0.971661,0.959040,0.948950,0.959227,0.953763,0.948929,0.986743,0.935030,0.961412,0.976409,0.966577,0.965294,0.962105,0.953184,0.948553,0.935222,0.928979,0.894986,0.953721,0.971575,0.950148,0.962478,0.983454,0.966577,0.949913,0.898376,1.044140
6.355790,1.017149,0.946483,0.943631,0.946463,0.968239,0.972437,0.967062,0.967611,1.022641,0.979442,0.975243,0.949519,0.971792,0.959197,0.949154,0.959449,0.953991,0.949158,0.986992,0.935276,0.961625,0.976614,0.966786,0.965514,0.962380,0.953431,0.948791,0.935458,0.929212,0.895320,0.953743,0.971655,0.950373,0.962736,0.983632,0.966786,0.950240,0.898587,1.044175
6.364120,1.017287,0.946760,0.943863,0.946622,0.968354,0.972546,0.967166,0.967713,1.022697,0.979564,0.975361,0.949644,0.971924,0.959355,0.949360,0.959674,0.954223,0.949390,0.987244,0.935526,0.961840,0.976821,0.966997,0.965737,0.962657,0.953683,0.949032,0.935700,0.929450,0.895656,0.953765,0.971735,0.950601,0.962997,0.983813,0.966997,0.950569,0.898805,1.044210
6.372450,1.017425,0.947040,0.944097,0.946782,0.968469,0.972655,0.967270,0.967815,1.022753,0.979686,0.975479,0.949769,0.972057,0.959514,0.949568,0.959901,0.954457,0.949624,0.987499,0.935779,0.962058,0.977030,0.967211,0.965962,0.962936,0.953938,0.949276,0.935949,0.929695,0.895993,0.953787,0.971814,0.950831,0.963261,0.983996,0.967211,0.950900,0.899030,1.044244
6.380780,1.017564,0.947322,0.944334,0.946944,0.968585,0.972765,0.967375,0.967917,1.022809,0.979809,0.975598,0.949896,0.972191,0.959675,0.949778,0.960131,0.954693,0.949860,0.987757,0.936034,0.962279,0.977242,0.967427,0.966189,0.963216,0.954197,0.949523,0.936202,0.929946,0.896332,0.953809,0.971893,0.951063,0.963528,0.984182,0.967427,0.951232,0.899261,1.044277
6.389110,1.017703,0.947606,0.944572,0.947106,0.968702,0.972875,0.967480,0.968020,1.022864,0.979932,0.975717,0.950023,0.972325,0.959837,0.949990,0.960363,0.954932,0.950099,0.988017,0.936291,0.962502,0.977457,0.967646,0.966419,0.963499,0.954459,0.949774,0.936462,0.930204,0.896673,0.953831,0.971971,0.951298,0.963797,0.984369,0.967646,0.951566,0.899500,1.044311
6.397440,1.017843,0.947891,0.944811,0.947270,0.968819,0.972986,0.967585,0.968123,1.022918,0.980056,0.975837,0.950150,0.972460,0.960000,0.950204,0.960598,0.955173,0.950339,0.988280,0.936551,0.962727,0.977674,0.967867,0.966651,0.963783,0.954725,0.950027,0.936727,0.930467,0.897015,0.953854,0.972049,0.951535,0.964068,0.984560,0.967867,0.951902,0.899745,1.044343
6.405770,1.017984,0.948179,0.945053,0.947435,0.968937,0.973097,0.967691,0.968227,1.022972,0.980180,0.975958,0.950278,0.972596,0.960164,0.950420,0.960835,0.955417,0.950582,0.988545,0.936814,0.962955,0.977893,0.968091,0.966886,0.964069,0.954995,0.950284,0.936998,0.930737,0.897358,0.953876,0.972126,0.951774,0.964342,0.984752,0.968091,0.952239,0.899998,1.044375
6.414100,1.018125,0.948468,0.945296,0.947601,0.969055,0.973209,0.967797,0.968330,1.023026,0.980305,0.976078,0.950407,0.972732,0.960328,0.950638,0.961074,0.955662,0.950827,0.988813,0.937079,0.963184,0.978114,0.968316,0.967123,0.964356,0.955268,0.950543,0.937274,0.931012,0.897702,0.953898,0.972203,0.952015,0.964619,0.984947,0.968316,0.952577,0.900257,1.044407
6.422430,1.018267,0.948759,0.945541,0.947767,0.969173,0.973321,0.967903,0.968434,1.023079,0.980430,0.976199,0.950536,0.972869,0.960494,0.950858,0.961315,0.955911,0.951074,0.989082,0.937347,0.963416,0.978338,0.968544,0.967362,0.964646,0.955544,0.950806,0.937555,0.931294,0.898048,0.953920,0.972279,0.952259,0.964898,0.985144,0.968544,0.952917,0.900523,1.044438
6.430760,1.018409,0.949051,0.945787,0.947935,0.969292,0.973433,0.968010,0.968539,1.023132,0.980555,0.976321,0.950665,0.973006,0.960661,0.951079,0.961559,0.956161,0.951323,0.989355,0.937616,0.963650,0.978564,0.968774,0.967604,0.964936,0.955824,0.951071,0.937843,0.931582,0.898395,0.953942,0.972355,0.952504,0.965179,0.985342,0.968774,0.953258,0.900795,1.044468
6.439090,1.018551,0.949345,0.946035,0.948104,0.969412,0.973546,0.968117,0.968643,1.023184,0.980680,0.976442,0.950795,0.973144,0.960829,0.951303,0.961804,0.956413,0.951573,0.989629,0.937888,0.963886,0.978792,0.969006,0.967847,0.965229,0.956107,0.951339,0.938135,0.931875,0.898744,0.953963,0.972430,0.952751,0.965462,0.985543,0.969006,0.953601,0.901075,1.044498
6.447420,1.018694,0.949640,0.946284,0.948273,0.969531,0.973659,0.968224,0.968747,1.023235,0.980806,0.976564,0.950925,0.973282,0.960997,0.951528,0.962051,0.956668,0.951826,0.989906,0.938162,0.964124,0.979022,0.969241,0.968093,0.965522,0.956393,0.951610,0.938433,0.932175,0.899093,0.953985,0.972505,0.953000,0.965748,0.985746,0.969241,0.953944,0.901360,1.044527
6.455750,1.018838,0.949937,0.946535,0.948443,0.969651,0.973772,0.968331,0.968852,1.023286,0.980932,0.976687,0.951055,0.973420,0.961167,0.951754,0.962301,0.956924,0.952080,0.990184,0.938439,0.964364,0.979253,0.969477,0.968340,0.965817,0.956682,0.951883,0.938736,0.932480,0.899443,0.954007,0.972579,0.953251,0.966036,0.985951,0.969477,0.954289,0.901653,1.044556
6.464080,1.018981,0.950236,0.946787,0.948614,0.969772,0.973886,0.968438,0.968957,1.023336,0.981058,0.976809,0.951186,0.973559,0.961337,0.951982,0.962552,0.957183,0.952336,0.990465,0.938717,0.964606,0.979487,0.969715,0.968589,0.966114,0.956975,0.952159,0.939044,0.932791,0.899795,0.954028,0.972652,0.953504,0.966326,0.986157,0.969715,0.954636,0.901951,1.044584
6.472410,1.019125,0.950536,0.947040,0.948786,0.969892,0.974000,0.968546,0.969062,1.023386,0.981185,0.976932,0.951317,0.973698,0.961508,0.952212,0.962805,0.957443,0.952594,0.990747,0.938997,0.964850,0.979723,0.969955,0.968840,0.966411,0.957270,0.952437,0.939357,0.933107,0.900147,0.954050,0.972725,0.953758,0.966617,0.986366,0.969955,0.954983,0.902256,1.044611
6.480740,1.019270,0.950837,0.947295,0.948958,0.970013,0.974113,0.968653,0.969166,1.023435,0.981312,0.977055,0.951449,0.973838,0.961679,0.952443,0.963059,0.957706,0.952853,0.991032,0.939279,0.965096,0.979960,0.970196,0.969093,0.966710,0.957569,0.952718,0.939676,0.933429,0.900500,0.954071,0.972797,0.954014,0.966911,0.986576,0.970196,0.955331,0.902567,1.044638
6.489070,1.019414,0.951139,0.947551,0.949132,0.970134,0.974228,0.968761,0.969271,1.023484,0.981438,0.977178,0.951580,0.973978,0.961852,0.952676,0.963316,0.957970,0.953114,0.991318,0.939563,0.965343,0.980199,0.970440,0.969348,0.967011,0.957870,0.953001,0.939999,0.933756,0.900854,0.954092,0.972869,0.954272,0.967206,0.986788,0.970440,0.955680,0.902884,1.044664
6.497400,1.019559,0.951442,0.947808,0.949305,0.970256,0.974342,0.968869,0.969376,1.023532,0.981565,0.977301,0.951712,0.974118,0.962024,0.952910,0.963574,0.958235,0.953376,0.991606,0.939849,0.965591,0.980440,0.970685,0.969605,0.967312,0.958174,0.953287,0.940327,0.934089,0.901209,0.954113,0.972940,0.954531,0.967504,0.987001,0.970685,0.956030,0.903208,1.044689
6.505730,1.019704,0.951747,0.948066,0.949480,0.970377,0.974456,0.968977,0.969481,1.023580,0.981692,0.977424,0.951844,0.974258,0.962198,0.953145,0.963833,0.958503,0.953640,0.991896,0.940136,0.965842,0.980683,0.970931,0.969863,0.967614,0.958481,0.953575,0.940659,0.934426,0.901565,0.954134,0.973010,0.954792,0.967803,0.987216,0.970931,0.956381,0.903537,1.044714
6.514060,1.019849,0.952053,0.948325,0.949655,0.970499,0.974571,0.969085,0.969587,1.023627,0.981819,0.977548,0.951976,0.974399,0.962372,0.953381,0.964095,0.958772,0.953905,0.992187,0.940425,0.966094,0.980927,0.971180,0.970122,0.967917,0.958791,0.953865,0.940996,0.934769,0.901921,0.954155,0.973080,0.955054,0.968103,0.987433,0.971180,0.956733,0.903872,1.044739
6.522390,1.019994,0.952359,0.948585,0.949830,0.970621,0.974686,0.969193,0.969692,1.023673,0.981947,0.977672,0.952108,0.974540,0.962547,0.953619,0.964357,0.959042,0.954172,0.992480,0.940716,0.966347,0.981172,0.971429,0.970383,0.968222,0.959103,0.954157,0.941338,0.935117,0.902278,0.954176,0.973150,0.955318,0.968405,0.987651,0.971429,0.957085,0.904212,1.044762
6.530720,1.020139,0.952667,0.948846,0.950006,0.970743,0.974800,0.969301,0.969797,1.023719,0.982074,0.977795,0.952241,0.974681,0.962722,0.953858,0.964621,0.959314,0.954440,0.992775,0.941008,0.966602,0.981419,0.971681,0.970646,0.968527,0.959418,0.954451,0.941684,0.935469,0.902636,0.954197,0.973219,0.955583,0.968709,0.987870,0.971681,0.957439,0.904558,1.044786
6.539050,1.020284,0.952976,0.949109,0.950183,0.970865,0.974915,0.969409,0.969902,1.023764,0.982201,0.977919,0.952374,0.974822,0.962897,0.954098,0.964887,0.959588,0.954709,0.993070,0.941301,0.966858,0.981667,0.971933,0.970910,0.968833,0.959735,0.954747,0.942034,0.935827,0.902994,0.954218,0.973287,0.955849,0.969014,0.988091,0.971933,0.957793,0.904909,1.044808
6.547380,1.020429,0.953285,0.949371,0.950360,0.970987,0.975030,0.969517,0.970007,1.023808,0.982329,0.978043,0.952506,0.974964,0.963073,0.954339,0.965153,0.959862,0.954979,0.993368,0.941596,0.967116,0.981917,0.972187,0.971175,0.969140,0.960055,0.955045,0.942389,0.936188,0.903352,0.954238,0.973355,0.956117,0.969321,0.988313,0.972187,0.958147,0.905265,1.044830
6.555710,1.020575,0.953595,0.949635,0.950537,0.971109,0.975145,0.969625,0.970112,1.023852,0.982457,0.978167,0.952639,0.975105,0.963250,0.954581,0.965421,0.960139,0.955251,0.993666,0.941893,0.967375,0.982168,0.972443,0.971441,0.969448,0.960376,0.955345,0.942747,0.936554,0.903711,0.954259,0.973422,0.956385,0.969628,0.988537,0.972443,0.958502,0.905627,1.044851
6.564040,1.020720,0.953906,0.949900,0.950715,0.971232,0.975261,0.969733,0.970217,1.023896,0.982584,0.978291,0.952772,0.975247,0.963427,0.954824,0.965690,0.960416,0.955523,0.993966,0.942190,0.967635,0.982420,0.972699,0.971709,0.969756,0.960700,0.955647,0.943109,0.936925,0.904070,0.954280,0.973489,0.956655,0.969937,0.988762,0.972699,0.958858,0.905993,1.044872
6.572370,1.020865,0.954217,0.950165,0.950893,0.971355,0.975376,0.969841,0.970322,1.023939,0.982712,0.978415,0.952905,0.975389,0.963604,0.955068,0.965960,0.960695,0.955796,0.994267,0.942489,0.967896,0.982674,0.972957,0.971978,0.970065,0.961026,0.955950,0.943475,0.937299,0.904430,0.954300,0.973556,0.956926,0.970247,0.988988,0.972957,0.959214,0.906364,1.044892
6.580700,1.021010,0.954530,0.950431,0.951072,0.971477,0.975491,0.969949,0.970427,1.023981,0.982840,0.978539,0.953039,0.975532,0.963782,0.955313,0.966232,0.960974,0.956071,0.994570,0.942789,0.968158,0.982929,0.973216,0.972248,0.970374,0.961354,0.956255,0.943844,0.937678,0.904790,0.954321,0.973622,0.957198,0.970559,0.989215,0.973216,0.959570,0.906739,1.044911
6.589030,1.021155,0.954842,0.950697,0.951251,0.971600,0.975607,0.970057,0.970532,1.024023,0.982968,0.978664,0.953172,0.975674,0.963961,0.955559,0.966504,0.961255,0.956346,0.994873,0.943090,0.968421,0.983184,0.973476,0.972520,0.970684,0.961684,0.956561,0.944217,0.938060,0.905150,0.954342,0.973688,0.957471,0.970871,0.989443,0.973476,0.959927,0.907119,1.044930
6.597360,1.021299,0.955155,0.950964,0.951430,0.971723,0.975722,0.970165,0.970636,1.024064,0.983096,0.978788,0.953306,0.975817,0.964139,0.955805,0.966777,0.961537,0.956622,0.995177,0.943392,0.968686,0.983441,0.973737,0.972792,0.970995,0.962015,0.956869,0.944593,0.938445,0.905510,0.954363,0.973753,0.957745,0.971184,0.989673,0.973737,0.960284,0.907503,1.044948
6.605690,1.021444,0.955469,0.951232,0.951610,0.971846,0.975838,0.970273,0.970741,1.024105,0.983224,0.978913,0.953440,0.975959,0.964318,0.956052,0.967052,0.961820,0.956899,0.995483,0.943695,0.968951,0.983699,0.973999,0.973065,0.971306,0.962348,0.957178,0.944972,0.938835,0.905870,0.954384,0.973818,0.958020,0.971499,0.989903,0.973999,0.960641,0.907891,1.044965
6.614020,1.021588,0.955783,0.951500,0.951790,0.971969,0.975954,0.970382,0.970846,1.024145,0.983352,0.979038,0.953573,0.976102,0.964497,0.956301,0.967327,0.962103,0.957177,0.995789,0.943999,0.969217,0.983958,0.974262,0.973339,0.971617,0.962683,0.957489,0.945354,0.939227,0.906231,0.954405,0.973884,0.958295,0.971814,0.990134,0.974262,0.960998,0.908282,1.044982
6.622350,1.021732,0.956097,0.951769,0.951970,0.972093,0.976070,0.970490,0.970951,1.024185,0.983480,0.979162,0.953708,0.976245,0.964677,0.956549,0.967603,0.962388,0.957456,0.996096,0.944304,0.969485,0.984217,0.974526,0.973614,0.971929,0.963019,0.957800,0.945738,0.939622,0.906591,0.954426,0.973949,0.958572,0.972129,0.990367,0.974526,0.961356,0.908677,1.044999
6.630680,1.021876,0.956412,0.952038,0.952151,0.972216,0.976186,0.970598,0.971056,1.024224,0.983609,0.979287,0.953842,0.976389,0.964857,0.956799,0.967880,0.962673,0.957735,0.996404,0.944609,0.969753,0.984478,0.974791,0.973890,0.972241,0.963357,0.958113,0.946126,0.940021,0.906951,0.954447,0.974014,0.958849,0.972446,0.990600,0.974791,0.961713,0.909076,1.045014
6.639010,1.022019,0.956727,0.952307,0.952332,0.972340,0.976302,0.970707,0.971161,1.024263,0.983738,0.979412,0.953976,0.976532,0.965037,0.957049,0.968157,0.962959,0.958014,0.996713,0.944915,0.970021,0.984739,0.975057,0.974167,0.972553,0.963695,0.958427,0.946515,0.940422,0.907312,0.954469,0.974078,0.959126,0.972763,0.990834,0.975057,0.962071,0.909477,1.045029
6.647340,1.022163,0.957042,0.952577,0.952513,0.972464,0.976418,0.970815,0.971266,1.024301,0.983867,0.979538,0.954111,0.976676,0.965218,0.957300,0.968435,0.963246,0.958295,0.997022,0.945222,0.970291,0.985002,0.975323,0.974444,0.972865,0.964035,0.958742,0.946907,0.940825,0.907672,0.954490,0.974143,0.959405,0.973081,0.991069,0.975323,0.962429,0.909881,1.045044
6.655670,1.022305,0.957357,0.952847,0.952695,0.972587,0.976535,0.970923,0.971371,1.024339,0.983996,0.979663,0.954245,0.976820,0.965399,0.957551,0.968714,0.963533,0.958575,0.997332,0.945530,0.970561,0.985265,0.975590,0.974722,0.973178,0.964377,0.959057,0.947301,0.941231,0.908032,0.954512,0.974208,0.959684,0.973399,0.991305,0.975590,0.962786,0.910288,1.045057
6.664000,1.022448,0.957672,0.953118,0.952876,0.972711,0.976651,0.971032,0.971476,1.024376,0.984125,0.979789,0.954380,0.976964,0.965580,0.957803,0.968994,0.963821,0.958857,0.997643,0.945838,0.970832,0.985528,0.975858,0.975001,0.973490,0.964718,0.959373,0.947697,0.941639,0.908391,0.954534,0.974273,0.959963,0.973718,0.991541,0.975858,0.963143,0.910698,1.045071
6.672330,1.022590,0.957987,0.953388,0.953058,0.972835,0.976768,0.971140,0.971581,1.024413,0.984254,0.979914,0.954516,0.977109,0.965762,0.958055,0.969274,0.964110,0.959138,0.997954,0.946146,0.971103,0.985793,0.976127,0.975280,0.973802,0.965061,0.959691,0.948095,0.942048,0.908751,0.954557,0.974338,0.960243,0.974037,0.991778,0.976127,0.963501,0.911109,1.045083
6.680660,1.022731,0.958302,0.953659,0.953240,0.972960,0.976884,0.971249,0.971686,1.024450,0.984384,0.980040,0.954651,0.977253,0.965944,0.958308,0.969554,0.964399,0.959420,0.998265,0.946455,0.971375,0.986057,0.976396,0.975560,0.974115,0.965405,0.960008,0.948494,0.942460,0.909110,0.954580,0.974403,0.960524,0.974357,0.992016,0.976396,0.963857,0.911523,1.045095
6.688990,1.022872,0.958617,0.953930,0.953423,0.973084,0.977001,0.971358,0.971791,1.024486,0.984513,0.980166,0.954786,0.977398,0.966126,0.958561,0.969835,0.964688,0.959702,0.998577,0.946765,0.971648,0.986323,0.976665,0.975840,0.974427,0.965749,0.960326,0.948894,0.942873,0.909469,0.954603,0.974469,0.960805,0.974676,0.992254,0.976665,0.964214,0.911938,1.045107
6.697320,1.023013,0.958932,0.954200,0.953605,0.973209,0.977118,0.971467,0.971896,1.024522,0.984643,0.980293,0.954922,0.977543,0.966308,0.958814,0.970116,0.964978,0.959985,0.998890,0.947074,0.971921,0.986589,0.976935,0.976121,0.974739,0.966094,0.960645,0.949296,0.943287,0.909827,0.954626,0.974534,0.961086,0.974996,0.992493,0.976935,0.964570,0.912355,1.045118
6.705650,1.023153,0.959246,0.954471,0.953788,0.973333,0.977236,0.971576,0.972002,1.024557,0.984774,0.980419,0.955058,0.977688,0.966490,0.959068,0.970398,0.965267,0.960267,0.999202,0.947384,0.972194,0.986855,0.977206,0.976402,0.975051,0.966439,0.960964,0.949698,0.943702,0.910185,0.954650,0.974600,0.961367,0.975317,0.992732,0.977206,0.964926,0.912773,1.045128
6.713980,1.023292,0.959561,0.954742,0.953971,0.973458,0.977353,0.971685,0.972107,1.024593,0.984904,0.980546,0.955194,0.977834,0.966673,0.959322,0.970680,0.965557,0.960550,0.999515,0.947694,0.972467,0.987122,0.977477,0.976683,0.975363,0.966784,0.961283,0.950102,0.944118,0.910542,0.954674,0.974666,0.961649,0.975637,0.992972,0.977477,0.965282,0.913192,1.045138
6.722310,1.023431,0.959875,0.955013,0.954153,0.973583,0.977471,0.971794,0.972212,1.024627,0.985034,0.980672,0.955330,0.977979,0.966856,0.959576,0.970962,0.965848,0.960833,0.999829,0.948005,0.972741,0.987389,0.977748,0.976965,0.975674,0.967129,0.961602,0.950506,0.944535,0.910899,0.954698,0.974733,0.961931,0.975957,0.993212,0.977748,0.965637,0.913612,1.045147
6.730640,1.023570,0.960188,0.955284,0.954336,0.973708,0.977588,0.971903,0.972318,1.024662,0.985165,0.980799,0.955467,0.978125,0.967039,0.959831,0.971244,0.966138,0.961115,1.000142,0.948315,0.973016,0.987657,0.978020,0.977247,0.975985,0.967475,0.961922,0.950910,0.944952,0.911256,0.954723,0.974800,0.962213,0.976277,0.993453,0.978020,0.965992,0.914033,1.045155
6.738970,1.023707,0.960501,0.955554,0.954519,0.973833,0.977706,0.972012,0.972423,1.024696,0.985296,0.980927,0.955603,0.978271,0.967222,0.960085,0.971527,0.966428,0.961398,1.000455,0.948626,0.973290,0.987925,0.978291,0.977529,0.976295,0.967821,0.962241,0.951315,0.945370,0.911611,0.954748,0.974867,0.962496,0.976597,0.993694,0.978291,0.966346,0.914454,1.045163
6.747300,1.023845,0.960814,0.955824,0.954703,0.973958,0.977824,0.972121,0.972529,1.024730,0.985427,0.981054,0.955740,0.978417,0.967405,0.960340,0.971810,0.966719,0.961681,1.000769,0.948936,0.973565,0.988193,0.978564,0.977811,0.976606,0.968166,0.962561,0.951720,0.945788,0.911966,0.954774,0.974935,0.962778,0.976917,0.993936,0.978564,0.966699,0.914876,1.045171
6.755630,1.023981,0.961126,0.956095,0.954886,0.974084,0.977942,0.972231,0.972635,1.024763,0.985559,0.981182,0.955877,0.978563,0.967588,0.960595,0.972092,0.967009,0.961964,1.001082,0.949247,0.973839,0.988461,0.978836,0.978094,0.976915,0.968512,0.962880,0.952126,0.946206,0.912320,0.954800,0.975003,0.963060,0.977237,0.994177,0.978836,0.967052,0.915299,1.045178
6.763960,1.024117,0.961438,0.956365,0.955069,0.974209,0.978060,0.972340,0.972740,1.024797,0.985691,0.981309,0.956014,0.978710,0.967772,0.960850,0.972375,0.967300,0.962246,1.001396,0.949557,0.974114,0.988729,0.979108,0.978376,0.977225,0.968857,0.963200,0.952532,0.946625,0.912674,0.954826,0.975071,0.963343,0.977557,0.994419,0.979108,0.967404,0.915722,1.045184
6.772290,1.024252,0.961749,0.956634,0.955252,0.974335,0.978179,0.972450,0.972846,1.024830,0.985822,0.981437,0.956152,0.978857,0.967955,0.961105,0.972658,0.967590,0.962529,1.001709,0.949867,0.974389,0.988998,0.979381,0.978659,0.977534,0.969203,0.963519,0.952937,0.947044,0.913027,0.954853,0.975140,0.963625,0.977876,0.994662,0.979381,0.967756,0.916145,1.045190
6.780620,1.024387,0.962060,0.956904,0.955436,0.974461,0.978297,0.972560,0.972952,1.024862,0.985954,0.981565,0.956289,0.979004,0.968139,0.961360,0.972941,0.967880,0.962811,1.002022,0.950177,0.974664,0.989267,0.979654,0.978942,0.977843,0.969548,0.963838,0.953343,0.947463,0.913379,0.954880,0.975209,0.963907,0.978195,0.994904,0.979654,0.968107,0.916569,1.045195
6.788950,1.024521,0.962370,0.957173,0.955619,0.974586,0.978416,0.972670,0.973058,1.024895,0.986087,0.981694,0.956427,0.979151,0.968323,0.961615,0.973224,0.968170,0.963093,1.002336,0.950487,0.974940,0.989536,0.979927,0.979224,0.978151,0.969893,0.964157,0.953749,0.947882,0.913730,0.954907,0.975279,0.964190,0.978513,0.995147,0.979927,0.968458,0.916993,1.045200
6.797280,1.024654,0.962679,0.957442,0.955802,0.974712,0.978535,0.972780,0.973164,1.024927,0.986219,0.981822,0.956565,0.979298,0.968507,0.961870,0.973506,0.968460,0.963375,1.002649,0.950797,0.975215,0.989805,0.980200,0.979507,0.978459,0.970238,0.964476,0.954155,0.948302,0.914081,0.954935,0.975349,0.964472,0.978832,0.995390,0.980200,0.968808,0.917418,1.045204
6.805610,1.024786,0.962988,0.957711,0.955986,0.974838,0.978654,0.972890,0.973270,1.024960,0.986352,0.981951,0.956703,0.979445,0.968690,0.962125,0.973789,0.968750,0.963657,1.002962,0.951106,0.975490,0.990074,0.980473,0.979790,0.978766,0.970583,0.964794,0.954561,0.948721,0.914430,0.954964,0.975419,0.964754,0.979150,0.995633,0.980473,0.969158,0.917843,1.045208
6.813940,1.024918,0.963296,0.957979,0.956169,0.974965,0.978773,0.973000,0.973376,1.024992,0.986485,0.982080,0.956841,0.979593,0.968874,0.962380,0.974071,0.969040,0.963938,1.003275,0.951415,0.975765,0.990344,0.980746,0.980072,0.979073,0.970927,0.965113,0.954966,0.949140,0.914779,0.954993,0.975490,0.965036,0.979467,0.995877,0.980746,0.969506,0.918267,1.045211
6.822270,1.025049,0.963603,0.958247,0.956352,0.975091,0.978892,0.973110,0.973483,1.025023,0.986618,0.982208,0.956980,0.979740,0.969058,0.962635,0.974354,0.969329,0.964219,1.003587,0.951724,0.976040,0.990613,0.981019,0.980354,0.979379,0.971271,0.965430,0.955372,0.949558,0.915127,0.955022,0.975561,0.965317,0.979784,0.996120,0.981019,0.969854,0.918692,1.045214
6.830600,1.025179,0.963910,0.958514,0.956536,0.975217,0.979011,0.973220,0.973589,1.025055,0.986751,0.982338,0.957118,0.979888,0.969242,0.962890,0.974636,0.969618,0.964500,1.003899,0.952033,0.976315,0.990882,0.981292,0.980637,0.979685,0.971614,0.965748,0.955777,0.949977,0.915474,0.955051,0.975633,0.965599,0.980100,0.996364,0.981292,0.970202,0.919117,1.045216
6.838930,1.025309,0.964215,0.958781,0.956719,0.975343,0.979130,0.973331,0.973695,1.025087,0.986884,0.982467,0.957257,0.980036,0.969426,0.963144,0.974918,0.969907,0.964780,1.004211,0.952341,0.976590,0.991151,0.981565,0.980919,0.979991,0.971957,0.966065,0.956181,0.950395,0.915820,0.955081,0.975705,0.965880,0.980416,0.996608,0.981565,0.970549,0.919542,1.045218
6.847260,1.025438,0.964520,0.959048,0.956902,0.975470,0.979250,0.973441,0.973802,1.025118,0.987017,0.982596,0.957395,0.980184,0.969610,0.963399,0.975200,0.970195,0.965060,1.004523,0.952648,0.976865,0.991421,0.981838,0.981201,0.980296,0.972300,0.966382,0.956585,0.950812,0.916165,0.955112,0.975778,0.966161,0.980731,0.996851,0.981838,0.970895,0.919967,1.045219
6.855590,1.025566,0.964824,0.959314,0.957085,0.975596,0.979369,0.973552,0.973908,1.025149,0.987151,0.982725,0.957534,0.980332,0.969794,0.963653,0.975481,0.970483,0.965339,1.004834,0.952955,0.977140,0.991690,0.982111,0.981482,0.980600,0.972642,0.966698,0.956988,0.951229,0.916509,0.955143,0.975850,0.966442,0.981045,0.997095,0.982111,0.971240,0.920391,1.045220
6.863920,1.025693,0.965127,0.959579,0.957267,0.975723,0.979489,0.973662,0.974015,1.025180,0.987284,0.982855,0.957673,0.980480,0.969977,0.963907,0.975762,0.970770,0.965618,1.005145,0.953262,0.977414,0.991958,0.982384,0.981764,0.980904,0.972983,0.967013,0.957391,0.951645,0.916852,0.955174,0.975923,0.966722,0.981359,0.997339,0.982384,0.971585,0.920815,1.045220
6.872250,1.025819,0.965430,0.959844,0.957450,0.975849,0.979608,0.973773,0.974121,1.025212,0.987418,0.982984,0.957811,0.980627,0.970160,0.964160,0.976043,0.971057,0.965897,1.005455,0.953568,0.977688,0.992227,0.982656,0.982045,0.981207,0.973324,0.967328,0.957793,0.952060,0.917194,0.955205,0.975997,0.967002,0.981672,0.997583,0.982656,0.971928,0.921238,1.045220
6.880580,1.025944,0.965731,0.960108,0.957632,0.975975,0.979728,0.973883,0.974228,1.025242,0.987551,0.983113,0.957950,0.980775,0.970344,0.964413,0.976323,0.971344,0.966175,1.005764,0.953873,0.977961,0.992495,0.982928,0.982325,0.981509,0.973663,0.967642,0.958193,0.952474,0.917535,0.955237,0.976070,0.967281,0.981984,0.997826,0.982928,0.972271,0.921660,1.045220
6.888910,1.026069,0.966031,0.960372,0.957814,0.976101,0.979847,0.973993,0.974334,1.025273,0.987684,0.983242,0.958088,0.980923,0.970527,0.964666,0.976603,0.971629,0.966452,1.006073,0.954178,0.978234,0.992763,0.983199,0.982605,0.981811,0.974002,0.967955,0.958593,0.952887,0.917874,0.955269,0.976144,0.967560,0.982296,0.998069,0.983199,0.972613,0.922081,1.045219
6.897240,1.026193,0.966330,0.960634,0.957996,0.976227,0.979966,0.974104,0.974441,1.025304,0.987818,0.983372,0.958227,0.981070,0.970709,0.964918,0.976882,0.971914,0.966728,1.006382,0.954481,0.978507,0.993031,0.983471,0.982885,0.982112,0.974340,0.968267,0.958991,0.953299,0.918212,0.955301,0.976217,0.967838,0.982606,0.998312,0.983471,0.972954,0.922501,1.045217
6.905570,1.026316,0.966628,0.960896,0.958177,0.976353,0.980085,0.974214,0.974547,1.025334,0.987951,0.983500,0.958365,0.981217,0.970891,0.965169,0.977160,0.972198,0.967004,1.006689,0.954784,0.978779,0.993298,0.983741,0.983163,0.982411,0.974676,0.968579,0.959388,0.953709,0.918550,0.955333,0.976291,0.968116,0.982915,0.998555,0.983741,0.973294,0.922920,1.045216
6.913900,1.026438,0.966925,0.961157,0.958357,0.976479,0.980204,0.974324,0.974653,1.025365,0.988084,0.983629,0.958503,0.981364,0.971073,0.965420,0.977438,0.972482,0.967278,1.006996,0.955086,0.979050,0.993565,0.984011,0.983441,0.982710,0.975012,0.968889,0.959783,0.954118,0.918885,0.955366,0.976365,0.968393,0.983223,0.998798,0.984011,0.973632,0.923337,1.045213
6.922230,1.026559,0.967220,0.961417,0.958538,0.976604,0.980323,0.974433,0.974759,1.025395,0.988216,0.983757,0.958640,0.981511,0.971254,0.965670,0.977715,0.972764,0.967552,1.007301,0.955388,0.979321,0.993831,0.984281,0.983719,0.983008,0.975346,0.969198,0.960177,0.954524,0.919220,0.955398,0.976438,0.968670,0.983531,0.999040,0.984281,0.973970,0.923752,1.045211
6.930560,1.026679,0.967514,0.961676,0.958717,0.976729,0.980441,0.974543,0.974864,1.025425,0.988348,0.983886,0.958777,0.981657,0.971435,0.965920,0.977991,0.973045,0.967825,1.007606,0.955688,0.979591,0.994096,0.984549,0.983995,0.983305,0.975679,0.969506,0.960569,0.954929,0.919553,0.955431,0.976512,0.968945,0.983836,0.999281,0.984549,0.974306,0.924166,1.045207
6.938890,1.026798,0.967807,0.961934,0.958896,0.976854,0.980559,0.974652,0.974969,1.025454,0.988480,0.984013,0.958914,0.981802,0.971615,0.966168,0.978266,0.973326,0.968096,1.007910,0.955987,0.979860,0.994361,0.984817,0.984271,0.983601,0.976010,0.969813,0.960959,0.955332,0.919884,0.955463,0.976585,0.969220,0.984141,0.999522,0.984817,0.974641,0.924577,1.045204
6.947220,1.026916,0.968098,0.962191,0.959075,0.976978,0.980676,0.974761,0.975074,1.025484,0.988611,0.984140,0.959050,0.981947,0.971795,0.966416,0.978540,0.973605,0.968367,1.008213,0.956285,0.980128,0.994624,0.985084,0.984546,0.983896,0.976340,0.970118,0.961347,0.955732,0.920214,0.955496,0.976658,0.969494,0.984445,0.999763,0.985084,0.974975,0.924986,1.045200
6.955550,1.027032,0.968387,0.962447,0.959252,0.977102,0.980793,0.974869,0.975179,1.025513,0.988742,0.984267,0.959186,0.982092,0.971973,0.966663,0.978813,0.973883,0.968636,1.008514,0.956581,0.980396,0.994887,0.985351,0.984819,0.984189,0.976668,0.970422,0.961733,0.956131,0.920542,0.955528,0.976730,0.969767,0.984746,1.000002,0.985351,0.975308,0.925393,1.045195
6.963880,1.027148,0.968676,0.962701,0.959429,0.977225,0.980910,0.974977,0.975283,1.025543,0.988872,0.984393,0.959321,0.982236,0.972151,0.966908,0.979085,0.974159,0.968904,1.008814,0.956877,0.980662,0.995149,0.985616,0.985092,0.984481,0.976994,0.970724,0.962116,0.956526,0.920869,0.955560,0.976802,0.970038,0.985047,1.000241,0.985616,0.975638,0.925797,1.045190
6.972210,1.027263,0.968962,0.962954,0.959605,0.977347,0.981026,0.975084,0.975386,1.025572,0.989001,0.984518,0.959455,0.982379,0.972328,0.967152,0.979355,0.974435,0.969171,1.009113,0.957170,0.980927,0.995410,0.985880,0.985363,0.984772,0.977318,0.971024,0.962497,0.956919,0.921194,0.955592,0.976874,0.970309,0.985346,1.000479,0.985880,0.975968,0.926199,1.045185
6.980540,1.027377,0.969247,0.963206,0.959780,0.977469,0.981141,0.975191,0.975489,1.025600,0.989130,0.984643,0.959589,0.982521,0.972504,0.967396,0.979624,0.974708,0.969436,1.009410,0.957463,0.981190,0.995669,0.986143,0.985633,0.985061,0.977641,0.971323,0.962875,0.957309,0.921518,0.955624,0.976944,0.970579,0.985643,1.000717,0.986143,0.976295,0.926597,1.045179
6.988870,1.027489,0.969530,0.963456,0.959954,0.977590,0.981255,0.975297,0.975592,1.025629,0.989258,0.984767,0.959721,0.982662,0.972679,0.967637,0.979892,0.974980,0.969700,1.009706,0.957754,0.981452,0.995928,0.986404,0.985901,0.985348,0.977961,0.971620,0.963250,0.957696,0.921839,0.955655,0.977014,0.970847,0.985939,1.000953,0.986404,0.976621,0.926992,1.045173
6.997200,1.027601,0.969811,0.963705,0.960127,0.977710,0.981369,0.975403,0.975694,1.025657,0.989385,0.984890,0.959853,0.982803,0.972853,0.967878,0.980158,0.975251,0.969962,1.010000,0.958043,0.981713,0.996185,0.986664,0.986168,0.985634,0.978279,0.971915,0.963622,0.958080,0.922159,0.955686,0.977083,0.971114,0.986233,1.001188,0.986664,0.976946,0.927384,1.045166
7.005530,1.027711,0.970090,0.963952,0.960299,0.977829,0.981482,0.975507,0.975795,1.025684,0.989510,0.985012,0.959984,0.982942,0.973025,0.968116,0.980422,0.975519,0.970222,1.010293,0.958331,0.981973,0.996440,0.986923,0.986434,0.985918,0.978595,0.972207,0.963992,0.958461,0.922476,0.955716,0.977152,0.971380,0.986525,1.001422,0.986923,0.977268,0.927772,1.045159
7.013860,1.027820,0.970367,0.964197,0.960469,0.977948,0.981594,0.975611,0.975895,1.025712,0.989635,0.985133,0.960113,0.983080,0.973197,0.968354,0.980685,0.975786,0.970480,1.010583,0.958616,0.982230,0.996695,0.987180,0.986697,0.986200,0.978908,0.972498,0.964358,0.958838,0.922792,0.955746,0.977219,0.971644,0.986815,1.001655,0.987180,0.977588,0.928157,1.045152
7.022190,1.027928,0.970642,0.964440,0.960639,0.978065,0.981704,0.975714,0.975994,1.025738,0.989759,0.985252,0.960242,0.983217,0.973367,0.968589,0.980946,0.976051,0.970737,1.010872,0.958900,0.982486,0.996947,0.987435,0.986959,0.986481,0.979219,0.972787,0.964721,0.959211,0.923106,0.955775,0.977285,0.971906,0.987102,1.001886,0.987435,0.977907,0.928538,1.045144
7.030520,1.028034,0.970915,0.964682,0.960806,0.978181,0.981814,0.975816,0.976092,1.025765,0.989881,0.985371,0.960369,0.983352,0.973535,0.968823,0.981205,0.976314,0.970991,1.011159,0.959182,0.982740,0.997198,0.987689,0.987219,0.986759,0.979527,0.973073,0.965080,0.959581,0.923418,0.955803,0.977349,0.972167,0.987388,1.002116,0.987689,0.978223,0.928915,1.045135
7.038850,1.028139,0.971186,0.964921,0.960973,0.978296,0.981923,0.975916,0.976190,1.025791,0.990002,0.985488,0.960494,0.983486,0.973702,0.969055,0.981462,0.976575,0.971244,1.011444,0.959462,0.982993,0.997447,0.987941,0.987478,0.987035,0.979833,0.973356,0.965436,0.959947,0.923727,0.955830,0.977413,0.972426,0.987672,1.002345,0.987941,0.978537,0.929287,1.045126
7.047180,1.028243,0.971455,0.965159,0.961137,0.978410,0.982030,0.976016,0.976286,1.025817,0.990121,0.985604,0.960619,0.983619,0.973867,0.969285,0.981717,0.976833,0.971494,1.011726,0.959739,0.983243,0.997694,0.988191,0.987734,0.987310,0.980135,0.973638,0.965788,0.960309,0.924035,0.955857,0.977475,0.972684,0.987953,1.002572,0.988191,0.978849,0.929656,1.045117
7.055510,1.028345,0.971721,0.965394,0.961301,0.978522,0.982136,0.976114,0.976381,1.025842,0.990239,0.985718,0.960742,0.983750,0.974031,0.969513,0.981969,0.977090,0.971743,1.012006,0.960015,0.983491,0.997939,0.988439,0.987988,0.987582,0.980435,0.973916,0.966136,0.960667,0.924340,0.955882,0.977535,0.972939,0.988232,1.002797,0.988439,0.979159,0.930020,1.045107
7.063840,1.028446,0.971985,0.965628,0.961462,0.978633,0.982241,0.976212,0.976475,1.025866,0.990355,0.985831,0.960863,0.983879,0.974193,0.969738,0.982220,0.977344,0.971988,1.012284,0.960288,0.983737,0.998182,0.988685,0.988239,0.987851,0.980732,0.974192,0.966481,0.961021,0.924642,0.955907,0.977594,0.973193,0.988508,1.003020,0.988685,0.979466,0.930379,1.045097
7.072170,1.028546,0.972246,0.965859,0.961622,0.978742,0.982344,0.976308,0.976568,1.025890,0.990470,0.985942,0.960983,0.984007,0.974352,0.969962,0.982468,0.977595,0.972232,1.012560,0.960558,0.983981,0.998423,0.988928,0.988489,0.988119,0.981026,0.974465,0.966821,0.961371,0.924943,0.955930,0.977652,0.973445,0.988782,1.003242,0.988928,0.979771,0.930734,1.045086
7.080500,1.028644,0.972505,0.966087,0.961780,0.978850,0.982445,0.976402,0.976659,1.025914,0.990583,0.986052,0.961100,0.984133,0.974510,0.970183,0.982714,0.977844,0.972473,1.012832,0.960826,0.984222,0.998662,0.989170,0.988736,0.988384,0.981317,0.974736,0.967158,0.961716,0.925241,0.955952,0.977707,0.973694,0.989053,1.003462,0.989170,0.980074,0.931084,1.045075
7.088830,1.028741,0.972762,0.966314,0.961935,0.978957,0.982545,0.976495,0.976749,1.025937,0.990694,0.986160,0.961216,0.984257,0.974666,0.970402,0.982957,0.978090,0.972712,1.013103,0.961092,0.984461,0.998898,0.989408,0.988980,0.988646,0.981604,0.975003,0.967490,0.962057,0.925536,0.955973,0.977761,0.973941,0.989321,1.003679,0.989408,0.980374,0.931429,1.045063
7.097160,1.028837,0.973016,0.966538,0.962089,0.979061,0.982644,0.976587,0.976838,1.025959,0.990803,0.986266,0.961331,0.984379,0.974820,0.970618,0.983197,0.978334,0.972948,1.013370,0.961355,0.984698,0.999132,0.989645,0.989222,0.988906,0.981888,0.975267,0.967818,0.962393,0.925829,0.955993,0.977813,0.974187,0.989587,1.003895,0.989645,0.980671,0.931769,1.045051
7.105490,1.028931,0.973267,0.966759,0.962241,0.979164,0.982740,0.976677,0.976925,1.025981,0.990911,0.986370,0.961443,0.984499,0.974972,0.970832,0.983435,0.978575,0.973181,1.013635,0.961615,0.984931,0.999363,0.989879,0.989462,0.989163,0.982169,0.975529,0.968141,0.962724,0.926120,0.956011,0.977863,0.974429,0.989849,1.004109,0.989879,0.980966,0.932104,1.045039
7.113820,1.029023,0.973515,0.966978,0.962391,0.979266,0.982835,0.976765,0.977010,1.026002,0.991016,0.986472,0.961553,0.984617,0.975122,0.971044,0.983670,0.978813,0.973412,1.013897,0.961872,0.985163,0.999592,0.990110,0.989698,0.989418,0.982446,0.975787,0.968461,0.963051,0.926408,0.956028,0.977911,0.974670,0.990109,1.004320,0.990110,0.981258,0.932433,1.045026
7.122150,1.029114,0.973761,0.967194,0.962539,0.979365,0.982928,0.976852,0.977094,1.026022,0.991119,0.986573,0.961662,0.984733,0.975269,0.971252,0.983903,0.979048,0.973639,1.014155,0.962126,0.985391,0.999818,0.990339,0.989932,0.989670,0.982720,0.976042,0.968775,0.963373,0.926693,0.956043,0.977958,0.974907,0.990365,1.004529,0.990339,0.981547,0.932758,1.045012
7.130480,1.029203,0.974004,0.967407,0.962684,0.979462,0.983020,0.976937,0.977177,1.026041,0.991220,0.986671,0.961768,0.984847,0.975414,0.971458,0.984132,0.979281,0.973864,1.014411,0.962377,0.985617,1.000042,0.990564,0.990163,0.989919,0.982990,0.976293,0.969085,0.963690,0.926976,0.956056,0.978002,0.975143,0.990618,1.004735,0.990564,0.981833,0.933077,1.044999
7.138810,1.029291,0.974244,0.967618,0.962827,0.979558,0.983109,0.977020,0.977257,1.026060,0.991319,0.986767,0.961872,0.984958,0.975556,0.971661,0.984358,0.979510,0.974086,1.014664,0.962625,0.985839,1.000262,0.990787,0.990391,0.990165,0.983257,0.976542,0.969391,0.964002,0.927255,0.956068,0.978044,0.975375,0.990868,1.004939,0.990787,0.982116,0.933391,1.044984
7.147140,1.029377,0.974481,0.967826,0.962968,0.979651,0.983196,0.977102,0.977336,1.026078,0.991416,0.986861,0.961974,0.985068,0.975697,0.971861,0.984581,0.979736,0.974305,1.014913,0.962870,0.986059,1.000480,0.991007,0.990616,0.990409,0.983520,0.976787,0.969691,0.964309,0.927532,0.956079,0.978084,0.975605,0.991114,1.005141,0.991007,0.982397,0.933699,1.044969
7.155470,1.029462,0.974715,0.968031,0.963107,0.979743,0.983281,0.977181,0.977413,1.026096,0.991511,0.986953,0.962073,0.985175,0.975834,0.972059,0.984802,0.979959,0.974521,1.015159,0.963111,0.986276,1.000694,0.991224,0.990838,0.990650,0.983779,0.977028,0.969987,0.964611,0.927807,0.956087,0.978122,0.975832,0.991357,1.005339,0.991224,0.982674,0.934002,1.044954
7.163800,1.029545,0.974947,0.968233,0.963243,0.979832,0.983365,0.977259,0.977489,1.026112,0.991603,0.987043,0.962171,0.985279,0.975969,0.972253,0.985018,0.980178,0.974734,1.015401,0.963349,0.986489,1.000906,0.991438,0.991056,0.990887,0.984035,0.977266,0.970279,0.964908,0.928078,0.956094,0.978158,0.976056,0.991596,1.005535,0.991438,0.982949,0.934299,1.044938
7.172130,1.029627,0.975175,0.968433,0.963376,0.979920,0.983446,0.977335,0.977562,1.026128,0.991693,0.987130,0.962266,0.985381,0.976102,0.972444,0.985232,0.980395,0.974944,1.015640,0.963584,0.986699,1.001115,0.991649,0.991272,0.991122,0.984286,0.977501,0.970565,0.965199,0.928346,0.956099,0.978191,0.976278,0.991831,1.005729,0.991649,0.983220,0.934591,1.044922
7.180460,1.029707,0.975400,0.968629,0.963507,0.980005,0.983525,0.977409,0.977634,1.026143,0.991780,0.987215,0.962358,0.985481,0.976232,0.972632,0.985443,0.980608,0.975150,1.015876,0.963815,0.986906,1.001320,0.991856,0.991484,0.991353,0.984534,0.977732,0.970846,0.965486,0.928612,0.956102,0.978222,0.976496,0.992063,1.005919,0.991856,0.983489,0.934877,1.044906
7.188790,1.029785,0.975622,0.968822,0.963636,0.980088,0.983601,0.977481,0.977704,1.026157,0.991866,0.987298,0.962449,0.985578,0.976359,0.972817,0.985649,0.980818,0.975354,1.016108,0.964042,0.987110,1.001522,0.992060,0.991693,0.991582,0.984778,0.977959,0.971123,0.965767,0.928875,0.956103,0.978252,0.976711,0.992291,1.006107,0.992060,0.983754,0.935157,1.044889
7.197120,1.029862,0.975841,0.969012,0.963762,0.980169,0.983676,0.977551,0.977772,1.026170,0.991948,0.987378,0.962536,0.985673,0.976483,0.972998,0.985853,0.981024,0.975554,1.016336,0.964266,0.987311,1.001721,0.992261,0.991898,0.991807,0.985017,0.978182,0.971394,0.966043,0.929134,0.956103,0.978278,0.976923,0.992515,1.006291,0.992261,0.984016,0.935432,1.044871
7.205450,1.029937,0.976057,0.969199,0.963885,0.980247,0.983748,0.977618,0.977838,1.026183,0.992028,0.987456,0.962622,0.985765,0.976605,0.973177,0.986053,0.981227,0.975750,1.016561,0.964486,0.987508,1.001916,0.992459,0.992100,0.992029,0.985253,0.978402,0.971660,0.966313,0.929391,0.956100,0.978303,0.977132,0.992735,1.006473,0.992459,0.984275,0.935701,1.044853
7.213780,1.030010,0.976270,0.969383,0.964006,0.980324,0.983819,0.977684,0.977901,1.026194,0.992106,0.987532,0.962705,0.985855,0.976724,0.973351,0.986250,0.981426,0.975944,1.016781,0.964702,0.987701,1.002108,0.992653,0.992298,0.992248,0.985485,0.978618,0.971922,0.966579,0.929644,0.956096,0.978325,0.977338,0.992951,1.006651,0.992653,0.984531,0.935964,1.044835
7.222110,1.030082,0.976479,0.969564,0.964124,0.980398,0.983886,0.977748,0.977963,1.026205,0.992181,0.987605,0.962785,0.985942,0.976840,0.973523,0.986442,0.981622,0.976133,1.016998,0.964914,0.987891,1.002297,0.992843,0.992493,0.992464,0.985712,0.978830,0.972178,0.966838,0.929895,0.956089,0.978345,0.977540,0.993163,1.006826,0.992843,0.984784,0.936221,1.044816
7.230440,1.030152,0.976686,0.969742,0.964239,0.980469,0.983952,0.977809,0.978023,1.026215,0.992254,0.987676,0.962863,0.986026,0.976953,0.973691,0.986632,0.981814,0.976320,1.017211,0.965123,0.988077,1.002482,0.993030,0.992684,0.992677,0.985936,0.979038,0.972429,0.967093,0.930143,0.956081,0.978363,0.977739,0.993370,1.006998,0.993030,0.985033,0.936473,1.044797
7.238770,1.030221,0.976889,0.969916,0.964352,0.980538,0.984015,0.977869,0.978081,1.026224,0.992324,0.987744,0.962938,0.986108,0.977064,0.973856,0.986817,0.982002,0.976503,1.017420,0.965327,0.988260,1.002663,0.993213,0.992872,0.992886,0.986155,0.979242,0.972675,0.967342,0.930387,0.956071,0.978378,0.977934,0.993573,1.007167,0.993213,0.985280,0.936718,1.044777
7.247100,1.030288,0.977088,0.970087,0.964461,0.980605,0.984076,0.977926,0.978137,1.026232,0.992392,0.987810,0.963011,0.986187,0.977171,0.974017,0.986999,0.982187,0.976682,1.017624,0.965527,0.988439,1.002841,0.993393,0.993055,0.993093,0.986370,0.979443,0.972915,0.967585,0.930628,0.956058,0.978391,0.978126,0.993772,1.007332,0.993393,0.985522,0.936958,1.044757
7.255430,1.030353,0.977285,0.970255,0.964568,0.980670,0.984134,0.977981,0.978190,1.026239,0.992456,0.987873,0.963081,0.986263,0.977276,0.974175,0.987177,0.982368,0.976858,1.017825,0.965723,0.988614,1.003015,0.993569,0.993235,0.993296,0.986581,0.979639,0.973151,0.967823,0.930866,0.956044,0.978402,0.978315,0.993966,1.007494,0.993569,0.985762,0.937192,1.044737
7.263760,1.030416,0.977478,0.970419,0.964672,0.980732,0.984190,0.978034,0.978242,1.026245,0.992519,0.987933,0.963148,0.986337,0.977377,0.974329,0.987351,0.982545,0.977030,1.018021,0.965915,0.988786,1.003185,0.993741,0.993412,0.993495,0.986788,0.979832,0.973381,0.968055,0.931101,0.956028,0.978410,0.978500,0.994156,1.007653,0.993741,0.985998,0.937420,1.044716
7.272090,1.030478,0.977668,0.970580,0.964773,0.980792,0.984244,0.978084,0.978291,1.026251,0.992578,0.987991,0.963213,0.986408,0.977476,0.974479,0.987522,0.982718,0.977198,1.018213,0.966102,0.988953,1.003351,0.993909,0.993584,0.993691,0.986990,0.980020,0.973605,0.968282,0.931333,0.956009,0.978416,0.978681,0.994341,1.007808,0.993909,0.986231,0.937642,1.044695
7.280420,1.030539,0.977855,0.970738,0.964871,0.980849,0.984295,0.978133,0.978338,1.026255,0.992635,0.988047,0.963275,0.986476,0.977571,0.974626,0.987688,0.982888,0.977363,1.018401,0.966285,0.989117,1.003514,0.994073,0.993752,0.993884,0.987188,0.980204,0.973825,0.968503,0.931562,0.955989,0.978420,0.978858,0.994521,1.007960,0.994073,0.986461,0.937858,1.044673
7.288750,1.030597,0.978038,0.970892,0.964967,0.980903,0.984344,0.978179,0.978383,1.026259,0.992689,0.988099,0.963334,0.986541,0.977664,0.974769,0.987850,0.983053,0.977524,1.018585,0.966464,0.989277,1.003673,0.994234,0.993917,0.994074,0.987382,0.980384,0.974039,0.968718,0.931787,0.955966,0.978421,0.979032,0.994697,1.008107,0.994234,0.986687,0.938068,1.044651
7.297080,1.030654,0.978218,0.971043,0.965059,0.980956,0.984390,0.978222,0.978426,1.026261,0.992740,0.988149,0.963390,0.986603,0.977753,0.974908,0.988009,0.983215,0.977682,1.018764,0.966638,0.989433,1.003828,0.994391,0.994077,0.994260,0.987571,0.980560,0.974248,0.968928,0.932010,0.955942,0.978420,0.979201,0.994868,1.008252,0.994391,0.986910,0.938272,1.044629
7.305410,1.030709,0.978394,0.971190,0.965149,0.981005,0.984434,0.978264,0.978466,1.026263,0.992789,0.988197,0.963444,0.986663,0.977839,0.975044,0.988163,0.983373,0.977836,1.018938,0.966807,0.989585,1.003979,0.994543,0.994234,0.994443,0.987756,0.980732,0.974451,0.969132,0.932229,0.955915,0.978416,0.979367,0.995033,1.008392,0.994543,0.987130,0.938470,1.044606
7.313740,1.030763,0.978567,0.971334,0.965235,0.981052,0.984475,0.978303,0.978504,1.026263,0.992835,0.988241,0.963495,0.986719,0.977922,0.975176,0.988314,0.983527,0.977985,1.019108,0.966972,0.989733,1.004126,0.994692,0.994386,0.994622,0.987936,0.980900,0.974649,0.969330,0.932445,0.955886,0.978410,0.979529,0.995194,1.008529,0.994692,0.987346,0.938663,1.044583
7.322070,1.030815,0.978737,0.971475,0.965319,0.981097,0.984514,0.978340,0.978540,1.026263,0.992878,0.988283,0.963543,0.986773,0.978002,0.975304,0.988460,0.983677,0.978131,1.019274,0.967133,0.989877,1.004269,0.994836,0.994535,0.994798,0.988112,0.981063,0.974841,0.969523,0.932657,0.955855,0.978401,0.979687,0.995350,1.008663,0.994836,0.987558,0.938849,1.044559
7.330400,1.030865,0.978903,0.971612,0.965399,0.981139,0.984550,0.978374,0.978574,1.026261,0.992918,0.988322,0.963589,0.986824,0.978079,0.975428,0.988602,0.983822,0.978274,1.019434,0.967288,0.990017,1.004407,0.994977,0.994679,0.994971,0.988284,0.981223,0.975028,0.969710,0.932866,0.955822,0.978390,0.979841,0.995501,1.008792,0.994977,0.987768,0.939028,1.044536
7.338730,1.030914,0.979065,0.971745,0.965476,0.981178,0.984583,0.978406,0.978605,1.026259,0.992956,0.988359,0.963631,0.986872,0.978153,0.975548,0.988740,0.983964,0.978412,1.019591,0.967439,0.990152,1.004542,0.995113,0.994819,0.995140,0.988451,0.981377,0.975209,0.969891,0.933072,0.955787,0.978377,0.979991,0.995646,1.008918,0.995113,0.987974,0.939202,1.044511
7.347060,1.030961,0.979225,0.971875,0.965551,0.981215,0.984614,0.978436,0.978635,1.026256,0.992990,0.988393,0.963671,0.986917,0.978223,0.975664,0.988874,0.984102,0.978547,1.019742,0.967586,0.990284,1.004673,0.995245,0.994955,0.995306,0.988613,0.981528,0.975385,0.970066,0.933275,0.955750,0.978361,0.980137,0.995787,1.009039,0.995245,0.988176,0.939370,1.044487
7.355390,1.031007,0.979380,0.972001,0.965622,0.981249,0.984643,0.978463,0.978661,1.026251,0.993022,0.988424,0.963708,0.986959,0.978291,0.975777,0.989004,0.984235,0.978677,1.019889,0.967727,0.990411,1.004799,0.995373,0.995087,0.995468,0.988771,0.981674,0.975555,0.970235,0.933475,0.955711,0.978343,0.980278,0.995922,1.009157,0.995373,0.988375,0.939531,1.044462
7.363720,1.031050,0.979533,0.972123,0.965690,0.981281,0.984668,0.978488,0.978686,1.026246,0.993051,0.988452,0.963742,0.986998,0.978355,0.975885,0.989129,0.984364,0.978804,1.020031,0.967863,0.990534,1.004921,0.995497,0.995214,0.995627,0.988925,0.981816,0.975720,0.970398,0.933671,0.955669,0.978322,0.980416,0.996052,1.009271,0.995497,0.988571,0.939687,1.044437
7.372050,1.031092,0.979681,0.972242,0.965755,0.981310,0.984692,0.978510,0.978708,1.026240,0.993077,0.988477,0.963773,0.987034,0.978415,0.975989,0.989250,0.984490,0.978927,1.020168,0.967995,0.990653,1.005040,0.995616,0.995337,0.995782,0.989074,0.981954,0.975878,0.970556,0.933864,0.955626,0.978299,0.980549,0.996176,1.009381,0.995616,0.988763,0.939836,1.044411
7.380380,1.031133,0.979827,0.972358,0.965817,0.981336,0.984712,0.978530,0.978728,1.026232,0.993101,0.988500,0.963802,0.987067,0.978473,0.976090,0.989367,0.984611,0.979045,1.020301,0.968121,0.990768,1.005153,0.995732,0.995456,0.995934,0.989218,0.982087,0.976031,0.970707,0.934054,0.955580,0.978273,0.980678,0.996295,1.009487,0.995732,0.988952,0.939978,1.044386
7.388710,1.031172,0.979968,0.972470,0.965876,0.981360,0.984730,0.978548,0.978745,1.026224,0.993121,0.988520,0.963827,0.987097,0.978527,0.976186,0.989480,0.984728,0.979160,1.020428,0.968243,0.990879,1.005263,0.995843,0.995571,0.996082,0.989357,0.982216,0.976179,0.970852,0.934240,0.955532,0.978245,0.980803,0.996408,1.009589,0.995843,0.989137,0.940115,1.044359
7.397040,1.031209,0.980106,0.972578,0.965932,0.981381,0.984745,0.978563,0.978760,1.026214,0.993139,0.988537,0.963850,0.987125,0.978578,0.976279,0.989588,0.984840,0.979271,1.020551,0.968359,0.990985,1.005368,0.995949,0.995681,0.996227,0.989492,0.982340,0.976320,0.970992,0.934423,0.955482,0.978215,0.980923,0.996516,1.009686,0.995949,0.989319,0.940245,1.044333
7.405370,1.031244,0.980241,0.972682,0.965984,0.981399,0.984758,0.978575,0.978773,1.026204,0.993153,0.988552,0.963870,0.987149,0.978626,0.976367,0.989692,0.984948,0.979378,1.020669,0.968470,0.991087,1.005469,0.996052,0.995787,0.996368,0.989623,0.982460,0.976456,0.971125,0.934603,0.955430,0.978182,0.981039,0.996619,1.009780,0.996052,0.989497,0.940369,1.044306
7.413700,1.031278,0.980372,0.972783,0.966034,0.981415,0.984768,0.978585,0.978783,1.026192,0.993165,0.988563,0.963886,0.987170,0.978670,0.976452,0.989792,0.985053,0.979480,1.020781,0.968577,0.991184,1.005566,0.996150,0.995889,0.996506,0.989748,0.982575,0.976586,0.971252,0.934779,0.955375,0.978146,0.981151,0.996715,1.009870,0.996150,0.989672,0.940486,1.044279
7.422030,1.031310,0.980500,0.972880,0.966080,0.981428,0.984775,0.978593,0.978791,1.026180,0.993174,0.988572,0.963900,0.987188,0.978711,0.976532,0.989887,0.985152,0.979579,1.020889,0.968678,0.991277,1.005658,0.996243,0.995986,0.996640,0.989869,0.982686,0.976710,0.971373,0.934952,0.955319,0.978108,0.981258,0.996806,1.009955,0.996243,0.989843,0.940597,1.044252
7.430360,1.031341,0.980624,0.972973,0.966123,0.981438,0.984780,0.978598,0.978797,1.026166,0.993180,0.988577,0.963911,0.987203,0.978749,0.976608,0.989977,0.985248,0.979674,1.020992,0.968774,0.991366,1.005746,0.996333,0.996079,0.996771,0.989985,0.982792,0.976828,0.971488,0.935122,0.955260,0.978068,0.981361,0.996892,1.010037,0.996333,0.990011,0.940701,1.044224
7.438690,1.031370,0.980744,0.973063,0.966163,0.981445,0.984782,0.978601,0.978800,1.026152,0.993183,0.988580,0.963919,0.987215,0.978783,0.976680,0.990064,0.985339,0.979764,1.021090,0.968864,0.991450,1.005830,0.996417,0.996167,0.996898,0.990096,0.982894,0.976940,0.971596,0.935288,0.955199,0.978025,0.981459,0.996972,1.010114,0.996417,0.990175,0.940799,1.044196
7.447020,1.031397,0.980861,0.973149,0.966199,0.981450,0.984781,0.978601,0.978801,1.026136,0.993183,0.988581,0.963925,0.987225,0.978814,0.976748,0.990146,0.985426,0.979851,1.021182,0.968950,0.991530,1.005909,0.996498,0.996251,0.997022,0.990202,0.982991,0.977046,0.971698,0.935451,0.955137,0.977980,0.981553,0.997046,1.010187,0.996498,0.990336,0.940890,1.044168
7.455350,1.031423,0.980974,0.973231,0.966233,0.981452,0.984778,0.978599,0.978799,1.026120,0.993180,0.988578,0.963927,0.987231,0.978842,0.976812,0.990223,0.985509,0.979933,1.021270,0.969030,0.991606,1.005983,0.996574,0.996330,0.997142,0.990304,0.983083,0.977147,0.971794,0.935611,0.955071,0.977933,0.981642,0.997114,1.010256,0.996574,0.990493,0.940974,1.044140
7.463680,1.031447,0.981084,0.973310,0.966263,0.981452,0.984772,0.978594,0.978795,1.026102,0.993174,0.988572,0.963926,0.987234,0.978866,0.976871,0.990296,0.985587,0.980011,1.021352,0.969105,0.991677,1.006054,0.996645,0.996406,0.997258,0.990401,0.983171,0.977241,0.971883,0.935767,0.955004,0.977883,0.981727,0.997177,1.010321,0.996645,0.990647,0.941052,1.044111
7.472010,1.031470,0.981190,0.973384,0.966290,0.981448,0.984763,0.978587,0.978788,1.026083,0.993166,0.988564,0.963922,0.987234,0.978888,0.976927,0.990365,0.985661,0.980085,1.021430,0.969175,0.991744,1.006120,0.996713,0.996476,0.997371,0.990493,0.983255,0.977329,0.971967,0.935920,0.954935,0.977830,0.981808,0.997233,1.010382,0.996713,0.990797,0.941124,1.044083
7.480340,1.031491,0.981292,0.973456,0.966314,0.981442,0.984752,0.978577,0.978779,1.026063,0.993154,0.988553,0.963916,0.987231,0.978905,0.976978,0.990429,0.985730,0.980155,1.021502,0.969239,0.991806,1.006181,0.996775,0.996542,0.997480,0.990580,0.983333,0.977411,0.972043,0.936070,0.954863,0.977775,0.981884,0.997284,1.010438,0.996775,0.990944,0.941188,1.044053
7.488670,1.031510,0.981391,0.973523,0.966334,0.981433,0.984738,0.978565,0.978768,1.026043,0.993140,0.988539,0.963906,0.987225,0.978920,0.977026,0.990489,0.985796,0.980221,1.021569,0.969298,0.991864,1.006238,0.996834,0.996604,0.997586,0.990662,0.983407,0.977487,0.972114,0.936217,0.954789,0.977718,0.981955,0.997329,1.010490,0.996834,0.991087,0.941246,1.044024
7.497000,1.031528,0.981487,0.973586,0.966352,0.981422,0.984721,0.978550,0.978754,1.026021,0.993122,0.988522,0.963894,0.987215,0.978931,0.977069,0.990544,0.985856,0.980283,1.021632,0.969352,0.991918,1.006291,0.996887,0.996661,0.997688,0.990739,0.983477,0.977557,0.972177,0.936360,0.954714,0.977658,0.982022,0.997368,1.010538,0.996887,0.991226,0.941297,1.043995
7.505330,1.031544,0.981578,0.973646,0.966366,0.981408,0.984701,0.978533,0.978738,1.025998,0.993102,0.988502,0.963878,0.987203,0.978938,0.977108,0.990594,0.985913,0.980341,1.021688,0.969401,0.991967,1.006339,0.996937,0.996714,0.997786,0.990811,0.983542,0.977620,0.972235,0.936499,0.954636,0.977596,0.982084,0.997402,1.010582,0.996937,0.991362,0.941341,1.043965
7.513660,1.031559,0.981666,0.973702,0.966377,0.981391,0.984679,0.978513,0.978719,1.025974,0.993079,0.988480,0.963860,0.987188,0.978943,0.977142,0.990641,0.985965,0.980394,1.021740,0.969444,0.992011,1.006383,0.996981,0.996762,0.997881,0.990879,0.983602,0.977678,0.972286,0.936636,0.954556,0.977532,0.982142,0.997429,1.010621,0.996981,0.991494,0.941378,1.043935
7.521990,1.031572,0.981751,0.973755,0.966385,0.981371,0.984654,0.978491,0.978698,1.025949,0.993053,0.988454,0.963839,0.987170,0.978943,0.977173,0.990682,0.986013,0.980443,1.021787,0.969482,0.992052,1.006422,0.997022,0.996805,0.997972,0.990941,0.983657,0.977729,0.972330,0.936769,0.954473,0.977465,0.982195,0.997451,1.010656,0.997022,0.991623,0.941408,1.043905
7.530320,1.031583,0.981832,0.973803,0.966389,0.981349,0.984627,0.978466,0.978675,1.025923,0.993024,0.988426,0.963815,0.987149,0.978941,0.977200,0.990719,0.986056,0.980489,1.021829,0.969514,0.992087,1.006457,0.997058,0.996845,0.998060,0.990999,0.983708,0.977774,0.972368,0.936898,0.954389,0.977395,0.982243,0.997467,1.010687,0.997058,0.991748,0.941432,1.043874
7.538650,1.031593,0.981909,0.973848,0.966391,0.981324,0.984597,0.978439,0.978649,1.025896,0.992992,0.988395,0.963788,0.987124,0.978935,0.977222,0.990752,0.986095,0.980530,1.021865,0.969541,0.992118,1.006487,0.997089,0.996879,0.998144,0.991052,0.983754,0.977812,0.972399,0.937025,0.954302,0.977324,0.982287,0.997477,1.010714,0.997089,0.991870,0.941448,1.043844
7.546980,1.031601,0.981983,0.973889,0.966389,0.981296,0.984564,0.978409,0.978620,1.025868,0.992957,0.988361,0.963758,0.987097,0.978926,0.977240,0.990780,0.986129,0.980567,1.021897,0.969563,0.992145,1.006513,0.997116,0.996909,0.998224,0.991099,0.983796,0.977845,0.972424,0.937148,0.954214,0.977250,0.982327,0.997481,1.010736,0.997116,0.991988,0.941457,1.043813
7.555310,1.031608,0.982053,0.973926,0.966384,0.981266,0.984528,0.978376,0.978590,1.025839,0.992920,0.988325,0.963725,0.987067,0.978914,0.977254,0.990804,0.986160,0.980600,1.021923,0.969580,0.992168,1.006534,0.997139,0.996935,0.998301,0.991142,0.983832,0.977871,0.972442,0.937268,0.954123,0.977173,0.982362,0.997479,1.010755,0.997139,0.992103,0.941460,1.043782
7.563640,1.031613,0.982119,0.973960,0.966375,0.981232,0.984490,0.978342,0.978556,1.025809,0.992879,0.988285,0.963689,0.987034,0.978898,0.977264,0.990824,0.986185,0.980628,1.021944,0.969591,0.992186,1.006551,0.997157,0.996956,0.998374,0.991180,0.983865,0.977891,0.972453,0.937384,0.954030,0.977094,0.982392,0.997472,1.010769,0.997157,0.992213,0.941455,1.043751
7.571970,1.031617,0.982182,0.973990,0.966364,0.981197,0.984449,0.978304,0.978521,1.025778,0.992836,0.988243,0.963650,0.986997,0.978879,0.977270,0.990839,0.986207,0.980653,1.021960,0.969597,0.992199,1.006564,0.997171,0.996973,0.998443,0.991213,0.983892,0.977905,0.972458,0.937497,0.953935,0.977013,0.982418,0.997458,1.010778,0.997171,0.992321,0.941444,1.043720
7.580300,1.031619,0.982242,0.974016,0.966349,0.981158,0.984406,0.978265,0.978483,1.025746,0.992789,0.988198,0.963609,0.986958,0.978857,0.977272,0.990849,0.986224,0.980674,1.021971,0.969598,0.992208,1.006572,0.997180,0.996986,0.998509,0.991240,0.983915,0.977912,0.972456,0.937607,0.953838,0.976930,0.982439,0.997439,1.010784,0.997180,0.992424,0.941425,1.043689
7.588630,1.031620,0.982298,0.974039,0.966331,0.981117,0.984360,0.978223,0.978443,1.025713,0.992740,0.988150,0.963564,0.986916,0.978831,0.977269,0.990855,0.986237,0.980690,1.021977,0.969593,0.992213,1.006576,0.997185,0.996993,0.998571,0.991263,0.983933,0.977914,0.972448,0.937713,0.953739,0.976844,0.982456,0.997414,1.010786,0.997185,0.992525,0.941400,1.043658
7.596960,1.031619,0.982350,0.974057,0.966310,0.981073,0.984311,0.978178,0.978400,1.025679,0.992688,0.988099,0.963517,0.986871,0.978802,0.977263,0.990857,0.986245,0.980702,1.021978,0.969583,0.992214,1.006576,0.997185,0.996997,0.998630,0.991281,0.983946,0.977908,0.972433,0.937816,0.953638,0.976756,0.982469,0.997384,1.010783,0.997185,0.992621,0.941367,1.043626
7.605290,1.031617,0.982399,0.974073,0.966286,0.981027,0.984260,0.978131,0.978355,1.025644,0.992634,0.988046,0.963467,0.986822,0.978770,0.977252,0.990854,0.986249,0.980711,1.021974,0.969568,0.992210,1.006571,0.997181,0.996996,0.998685,0.991294,0.983955,0.977897,0.972411,0.937916,0.953535,0.976666,0.982477,0.997347,1.010776,0.997181,0.992714,0.941328,1.043594
7.613620,1.031613,0.982444,0.974084,0.966259,0.980977,0.984206,0.978081,0.978307,1.025608,0.992576,0.987990,0.963414,0.986771,0.978735,0.977238,0.990847,0.986249,0.980715,1.021965,0.969548,0.992201,1.006562,0.997173,0.996991,0.998736,0.991302,0.983960,0.977880,0.972383,0.938013,0.953430,0.976573,0.982480,0.997306,1.010765,0.997173,0.992804,0.941281,1.043563
7.621950,1.031608,0.982485,0.974092,0.966229,0.980926,0.984149,0.978029,0.978258,1.025571,0.992516,0.987931,0.963359,0.986717,0.978696,0.977219,0.990835,0.986245,0.980715,1.021951,0.969523,0.992189,1.006548,0.997161,0.996981,0.998784,0.991306,0.983959,0.977856,0.972348,0.938106,0.953323,0.976478,0.982479,0.997258,1.010750,0.997161,0.992890,0.941228,1.043531
7.630280,1.031601,0.982523,0.974096,0.966195,0.980871,0.984090,0.977975,0.978206,1.025533,0.992453,0.987869,0.963300,0.986661,0.978654,0.977197,0.990820,0.986236,0.980711,1.021932,0.969493,0.992172,1.006530,0.997144,0.996967,0.998828,0.991304,0.983954,0.977826,0.972307,0.938196,0.953213,0.976381,0.982474,0.997205,1.010731,0.997144,0.992972,0.941167,1.043499
7.638610,1.031593,0.982558,0.974096,0.966159,0.980814,0.984028,0.977919,0.978151,1.025494,0.992387,0.987805,0.963239,0.986601,0.978609,0.977170,0.990800,0.986223,0.980703,1.021908,0.969457,0.992151,1.006508,0.997122,0.996949,0.998869,0.991298,0.983945,0.977790,0.972259,0.938282,0.953102,0.976282,0.982464,0.997146,1.010708,0.997122,0.993051,0.941100,1.043467
7.646940,1.031584,0.982589,0.974093,0.966119,0.980755,0.983964,0.977859,0.978095,1.025454,0.992318,0.987738,0.963175,0.986538,0.978561,0.977139,0.990775,0.986206,0.980691,1.021879,0.969417,0.992125,1.006482,0.997097,0.996926,0.998906,0.991286,0.983931,0.977747,0.972204,0.938366,0.952989,0.976180,0.982450,0.997082,1.010681,0.997097,0.993126,0.941025,1.043435
7.655270,1.031573,0.982617,0.974087,0.966076,0.980693,0.983898,0.977798,0.978036,1.025413,0.992247,0.987669,0.963108,0.986473,0.978510,0.977105,0.990747,0.986185,0.980676,1.021846,0.969371,0.992096,1.006452,0.997067,0.996899,0.998939,0.991270,0.983912,0.977699,0.972144,0.938446,0.952874,0.976076,0.982432,0.997013,1.010649,0.997067,0.993198,0.940944,1.043402
7.663600,1.031560,0.982641,0.974076,0.966031,0.980628,0.983828,0.977734,0.977974,1.025372,0.992173,0.987597,0.963038,0.986405,0.978455,0.977067,0.990714,0.986159,0.980656,1.021808,0.969321,0.992062,1.006417,0.997034,0.996868,0.998969,0.991249,0.983889,0.977644,0.972076,0.938522,0.952757,0.975970,0.982410,0.996938,1.010614,0.997034,0.993266,0.940856,1.043370
7.671930,1.031547,0.982662,0.974063,0.965982,0.980561,0.983757,0.977668,0.977911,1.025329,0.992096,0.987522,0.962966,0.986333,0.978398,0.977024,0.990677,0.986130,0.980632,1.021765,0.969266,0.992024,1.006378,0.996996,0.996833,0.998995,0.991223,0.983862,0.977583,0.972003,0.938596,0.952638,0.975862,0.982383,0.996857,1.010575,0.996996,0.993331,0.940761,1.043338
7.680260,1.031531,0.982679,0.974045,0.965930,0.980492,0.983683,0.977600,0.977845,1.025286,0.992017,0.987444,0.962891,0.986260,0.978337,0.976978,0.990636,0.986096,0.980605,1.021717,0.969205,0.991982,1.006335,0.996953,0.996793,0.999018,0.991193,0.983830,0.977517,0.971923,0.938666,0.952517,0.975752,0.982352,0.996772,1.010532,0.996953,0.993392,0.940659,1.043306
7.688590,1.031515,0.982693,0.974024,0.965876,0.980419,0.983606,0.977529,0.977777,1.025241,0.991935,0.987364,0.962814,0.986183,0.978273,0.976928,0.990590,0.986058,0.980574,1.021665,0.969140,0.991936,1.006288,0.996907,0.996749,0.999038,0.991158,0.983794,0.977444,0.971836,0.938733,0.952394,0.975640,0.982317,0.996681,1.010485,0.996907,0.993450,0.940551,1.043273
7.696920,1.031497,0.982704,0.974000,0.965818,0.980345,0.983527,0.977456,0.977707,1.025196,0.991850,0.987282,0.962733,0.986104,0.978206,0.976874,0.990541,0.986017,0.980539,1.021608,0.969071,0.991886,1.006237,0.996857,0.996701,0.999054,0.991118,0.983753,0.977365,0.971744,0.938797,0.952269,0.975525,0.982278,0.996585,1.010434,0.996857,0.993505,0.940436,1.043241
7.705250,1.031478,0.982711,0.973972,0.965757,0.980268,0.983446,0.977381,0.977635,1.025150,0.991763,0.987197,0.962650,0.986021,0.978136,0.976817,0.990487,0.985971,0.980500,1.021546,0.968996,0.991832,1.006182,0.996803,0.996650,0.999066,0.991073,0.983708,0.977281,0.971645,0.938858,0.952143,0.975408,0.982235,0.996484,1.010380,0.996803,0.993556,0.940314,1.043209
7.713580,1.031457,0.982715,0.973941,0.965694,0.980188,0.983362,0.977304,0.977560,1.025103,0.991673,0.987109,0.962565,0.985937,0.978064,0.976756,0.990430,0.985921,0.980457,1.021480,0.968917,0.991774,1.006123,0.996744,0.996594,0.999075,0.991024,0.983658,0.977190,0.971540,0.938916,0.952014,0.975290,0.982188,0.996379,1.010322,0.996744,0.993604,0.940185,1.043176
7.721910,1.031435,0.982715,0.973907,0.965628,0.980107,0.983276,0.977224,0.977484,1.025056,0.991581,0.987019,0.962477,0.985849,0.977988,0.976691,0.990368,0.985867,0.980410,1.021409,0.968833,0.991712,1.006060,0.996682,0.996534,0.999081,0.990971,0.983605,0.977094,0.971428,0.938970,0.951884,0.975169,0.982137,0.996268,1.010260,0.996682,0.993648,0.940050,1.043144
7.730240,1.031412,0.982713,0.973869,0.965558,0.980022,0.983187,0.977142,0.977405,1.025007,0.991486,0.986927,0.962386,0.985759,0.977909,0.976622,0.990303,0.985810,0.980360,1.021335,0.968745,0.991646,1.005993,0.996616,0.996470,0.999083,0.990912,0.983547,0.976992,0.971311,0.939021,0.951752,0.975046,0.982082,0.996152,1.010194,0.996616,0.993689,0.939909,1.043112
7.738570,1.031388,0.982707,0.973828,0.965486,0.979936,0.983096,0.977058,0.977324,1.024958,0.991389,0.986832,0.962293,0.985667,0.977827,0.976550,0.990234,0.985748,0.980307,1.021255,0.968653,0.991576,1.005923,0.996546,0.996402,0.999082,0.990850,0.983485,0.976884,0.971188,0.939069,0.951618,0.974921,0.982023,0.996031,1.010125,0.996546,0.993727,0.939761,1.043079
7.746900,1.031362,0.982697,0.973783,0.965411,0.979847,0.983003,0.976972,0.977241,1.024908,0.991289,0.986734,0.962198,0.985571,0.977743,0.976474,0.990160,0.985683,0.980249,1.021172,0.968555,0.991502,1.005848,0.996472,0.996330,0.999078,0.990782,0.983419,0.976771,0.971059,0.939114,0.951483,0.974795,0.981960,0.995906,1.010052,0.996472,0.993761,0.939607,1.043047
7.755230,1.031335,0.982685,0.973735,0.965334,0.979756,0.982908,0.976884,0.977157,1.024857,0.991187,0.986635,0.962100,0.985474,0.977655,0.976395,0.990083,0.985614,0.980188,1.021084,0.968454,0.991425,1.005770,0.996394,0.996255,0.999070,0.990711,0.983349,0.976652,0.970924,0.939155,0.951346,0.974666,0.981894,0.995776,1.009975,0.996394,0.993792,0.939447,1.043015
7.763560,1.031307,0.982669,0.973684,0.965254,0.979662,0.982810,0.976794,0.977070,1.024806,0.991082,0.986533,0.961999,0.985373,0.977565,0.976312,0.990003,0.985541,0.980124,1.020992,0.968348,0.991344,1.005688,0.996313,0.996175,0.999059,0.990635,0.983275,0.976528,0.970783,0.939194,0.951207,0.974535,0.981824,0.995642,1.009895,0.996313,0.993820,0.939280,1.042983
7.771890,1.031277,0.982651,0.973630,0.965171,0.979567,0.982711,0.976702,0.976981,1.024753,0.990976,0.986428,0.961897,0.985270,0.977472,0.976226,0.989918,0.985465,0.980056,1.020896,0.968238,0.991259,1.005603,0.996228,0.996092,0.999045,0.990555,0.983196,0.976398,0.970636,0.939230,0.951066,0.974403,0.981750,0.995503,1.009812,0.996228,0.993845,0.939108,1.042950
7.780220,1.031247,0.982629,0.973573,0.965085,0.979469,0.982609,0.976607,0.976890,1.024700,0.990866,0.986322,0.961791,0.985165,0.977376,0.976136,0.989830,0.985384,0.979984,1.020796,0.968124,0.991171,1.005513,0.996139,0.996006,0.999027,0.990471,0.983114,0.976262,0.970484,0.939262,0.950924,0.974268,0.981673,0.995360,1.009725,0.996139,0.993866,0.938929,1.042918
7.788550,1.031215,0.982604,0.973512,0.964997,0.979369,0.982505,0.976511,0.976797,1.024647,0.990755,0.986213,0.961684,0.985057,0.977278,0.976043,0.989738,0.985301,0.979909,1.020691,0.968006,0.991079,1.005421,0.996047,0.995915,0.999007,0.990382,0.983028,0.976122,0.970326,0.939291,0.950780,0.974132,0.981592,0.995212,1.009635,0.996047,0.993884,0.938744,1.042887
7.796880,1.031182,0.982576,0.973448,0.964906,0.979267,0.982398,0.976413,0.976703,1.024592,0.990641,0.986101,0.961574,0.984947,0.977177,0.975947,0.989643,0.985213,0.979831,1.020583,0.967884,0.990983,1.005324,0.995951,0.995821,0.998983,0.990289,0.982938,0.975976,0.970163,0.939318,0.950635,0.973994,0.981507,0.995061,1.009542,0.995951,0.993900,0.938554,1.042855
7.805210,1.031147,0.982545,0.973382,0.964812,0.979162,0.982290,0.976313,0.976606,1.024538,0.990524,0.985988,0.961462,0.984835,0.977073,0.975847,0.989544,0.985123,0.979750,1.020471,0.967758,0.990884,1.005225,0.995852,0.995723,0.998956,0.990192,0.982844,0.975825,0.969994,0.939341,0.950488,0.973854,0.981420,0.994905,1.009445,0.995852,0.993912,0.938358,1.042823
7.813540,1.031112,0.982511,0.973312,0.964716,0.979056,0.982180,0.976210,0.976508,1.024482,0.990406,0.985872,0.961347,0.984720,0.976967,0.975744,0.989442,0.985028,0.979665,1.020356,0.967628,0.990782,1.005122,0.995749,0.995622,0.998927,0.990092,0.982747,0.975669,0.969820,0.939361,0.950339,0.973712,0.981328,0.994745,1.009345,0.995749,0.993921,0.938156,1.042791
7.821870,1.031076,0.982474,0.973239,0.964618,0.978948,0.982067,0.976106,0.976408,1.024426,0.990285,0.985755,0.961231,0.984603,0.976858,0.975638,0.989336,0.984931,0.979577,1.020236,0.967495,0.990676,1.005015,0.995643,0.995518,0.998894,0.989987,0.982645,0.975508,0.969640,0.939378,0.950189,0.973568,0.981234,0.994581,1.009242,0.995643,0.993927,0.937949,1.042760
7.830200,1.031038,0.982434,0.973164,0.964517,0.978837,0.981953,0.976001,0.976306,1.024369,0.990163,0.985635,0.961112,0.984484,0.976746,0.975529,0.989227,0.984830,0.979485,1.020113,0.967357,0.990567,1.004905,0.995533,0.995410,0.998858,0.989878,0.982541,0.975342,0.969456,0.939393,0.950038,0.973423,0.981136,0.994414,1.009136,0.995533,0.993930,0.937736,1.042728
7.838530,1.031000,0.982391,0.973085,0.964413,0.978725,0.981837,0.975893,0.976202,1.024312,0.990038,0.985513,0.960991,0.984362,0.976633,0.975417,0.989115,0.984726,0.979391,1.019987,0.967216,0.990454,1.004793,0.995421,0.995299,0.998819,0.989765,0.982432,0.975171,0.969266,0.939404,0.949885,0.973276,0.981036,0.994242,1.009027,0.995421,0.993930,0.937517,1.042697
7.846860,1.030960,0.982345,0.973004,0.964307,0.978610,0.981719,0.975783,0.976096,1.024254,0.989911,0.985389,0.960868,0.984238,0.976516,0.975301,0.988999,0.984618,0.979293,1.019856,0.967072,0.990339,1.004676,0.995305,0.995184,0.998777,0.989649,0.982320,0.974995,0.969071,0.939412,0.949730,0.973127,0.980932,0.994067,1.008915,0.995305,0.993927,0.937294,1.042666
7.855190,1.030919,0.982296,0.972919,0.964199,0.978494,0.981599,0.975672,0.975989,1.024195,0.989782,0.985263,0.960743,0.984112,0.976397,0.975183,0.988880,0.984507,0.979193,1.019723,0.966924,0.990220,1.004557,0.995186,0.995067,0.998732,0.989529,0.982205,0.974814,0.968871,0.939418,0.949574,0.972977,0.980825,0.993889,1.008800,0.995186,0.993922,0.937065,1.042635
7.863520,1.030877,0.982245,0.972832,0.964089,0.978376,0.981477,0.975559,0.975881,1.024136,0.989651,0.985135,0.960616,0.983984,0.976276,0.975062,0.988758,0.984393,0.979089,1.019586,0.966773,0.990098,1.004435,0.995064,0.994946,0.998685,0.989405,0.982086,0.974629,0.968667,0.939420,0.949417,0.972825,0.980715,0.993707,1.008682,0.995064,0.993913,0.936831,1.042604
7.871850,1.030835,0.982191,0.972742,0.963976,0.978256,0.981353,0.975445,0.975770,1.024077,0.989518,0.985006,0.960487,0.983854,0.976153,0.974938,0.988633,0.984277,0.978983,1.019445,0.966618,0.989974,1.004309,0.994938,0.994822,0.998635,0.989277,0.981964,0.974439,0.968458,0.939420,0.949259,0.972672,0.980602,0.993522,1.008561,0.994938,0.993902,0.936592,1.042574
7.880180,1.030791,0.982134,0.972650,0.963861,0.978134,0.981228,0.975329,0.975658,1.024017,0.989383,0.984874,0.960356,0.983722,0.976027,0.974811,0.988505,0.984157,0.978873,1.019302,0.966460,0.989846,1.004181,0.994810,0.994695,0.998582,0.989146,0.981838,0.974245,0.968244,0.939417,0.949099,0.972517,0.980486,0.993333,1.008438,0.994810,0.993888,0.936348,1.042543
7.888510,1.030746,0.982075,0.972555,0.963744,0.978010,0.981100,0.975211,0.975545,1.023957,0.989246,0.984741,0.960223,0.983588,0.975899,0.974681,0.988374,0.984034,0.978761,1.019155,0.966299,0.989715,1.004050,0.994679,0.994564,0.998526,0.989012,0.981709,0.974047,0.968025,0.939411,0.948939,0.972360,0.980368,0.993141,1.008312,0.994679,0.993871,0.936099,1.042513
7.896840,1.030700,0.982012,0.972457,0.963625,0.977885,0.980972,0.975092,0.975430,1.023896,0.989108,0.984605,0.960088,0.983452,0.975769,0.974549,0.988240,0.983908,0.978646,1.019006,0.966136,0.989582,1.003916,0.994545,0.994431,0.998467,0.988874,0.981577,0.973844,0.967802,0.939402,0.948777,0.972202,0.980247,0.992947,1.008183,0.994545,0.993852,0.935845,1.042483
7.905170,1.030654,0.981948,0.972357,0.963503,0.977758,0.980841,0.974971,0.975314,1.023835,0.988967,0.984469,0.959952,0.983314,0.975637,0.974414,0.988103,0.983779,0.978528,1.018853,0.965969,0.989445,1.003779,0.994409,0.994296,0.998406,0.988733,0.981442,0.973637,0.967574,0.939390,0.948614,0.972043,0.980123,0.992749,1.008052,0.994409,0.993830,0.935587,1.042453
7.913500,1.030606,0.981880,0.972254,0.963380,0.977630,0.980709,0.974849,0.975196,1.023774,0.988825,0.984330,0.959813,0.983175,0.975502,0.974276,0.987964,0.983648,0.978408,1.018697,0.965799,0.989306,1.003640,0.994269,0.994157,0.998342,0.988588,0.981304,0.973426,0.967343,0.939376,0.948450,0.971882,0.979997,0.992548,1.007919,0.994269,0.993805,0.935325,1.042424
7.921830,1.030558,0.981810,0.972149,0.963255,0.977500,0.980576,0.974725,0.975077,1.023712,0.988682,0.984190,0.959673,0.983033,0.975366,0.974136,0.987821,0.983513,0.978284,1.018539,0.965626,0.989165,1.003498,0.994127,0.994016,0.998276,0.988440,0.981163,0.973210,0.967107,0.939359,0.948286,0.971720,0.979868,0.992345,1.007783,0.994127,0.993778,0.935058,1.042395
7.930160,1.030509,0.981738,0.972042,0.963127,0.977368,0.980441,0.974601,0.974957,1.023650,0.988536,0.984048,0.959532,0.982890,0.975228,0.973994,0.987676,0.983377,0.978159,1.018378,0.965451,0.989020,1.003353,0.993982,0.993872,0.998207,0.988290,0.981019,0.972991,0.966867,0.939339,0.948121,0.971556,0.979737,0.992139,1.007644,0.993982,0.993749,0.934786,1.042365
7.938490,1.030458,0.981663,0.971932,0.962998,0.977236,0.980305,0.974474,0.974835,1.023588,0.988389,0.983905,0.959389,0.982745,0.975088,0.973849,0.987529,0.983237,0.978031,1.018214,0.965274,0.988873,1.003206,0.993835,0.993725,0.998136,0.988136,0.980872,0.972768,0.966622,0.939317,0.947955,0.971391,0.979603,0.991931,1.007503,0.993835,0.993717,0.934511,1.042337
7.946820,1.030407,0.981586,0.971820,0.962867,0.977101,0.980167,0.974347,0.974713,1.023525,0.988241,0.983760,0.959244,0.982599,0.974946,0.973701,0.987379,0.983095,0.977900,1.018048,0.965093,0.988724,1.003056,0.993686,0.993576,0.998063,0.987979,0.980723,0.972541,0.966374,0.939291,0.947788,0.971226,0.979468,0.991720,1.007360,0.993686,0.993682,0.934231,1.042308
7.955150,1.030356,0.981507,0.971705,0.962735,0.976966,0.980029,0.974219,0.974589,1.023463,0.988091,0.983614,0.959098,0.982451,0.974802,0.973552,0.987227,0.982951,0.977767,1.017879,0.964911,0.988573,1.002904,0.993534,0.993424,0.997987,0.987819,0.980570,0.972311,0.966122,0.939264,0.947621,0.971059,0.979330,0.991507,1.007215,0.993534,0.993645,0.933947,1.042280
7.963480,1.030303,0.981425,0.971589,0.962600,0.976829,0.979889,0.974089,0.974464,1.023400,0.987940,0.983467,0.958950,0.982302,0.974657,0.973400,0.987072,0.982804,0.977632,1.017707,0.964725,0.988419,1.002750,0.993379,0.993270,0.997909,0.987656,0.980415,0.972077,0.965867,0.939233,0.947453,0.970891,0.979190,0.991291,1.007068,0.993379,0.993606,0.933660,1.042252
7.971810,1.030250,0.981341,0.971470,0.962464,0.976691,0.979748,0.973959,0.974338,1.023337,0.987788,0.983318,0.958802,0.982151,0.974510,0.973246,0.986915,0.982655,0.977495,1.017534,0.964538,0.988262,1.002594,0.993223,0.993114,0.997828,0.987490,0.980258,0.971839,0.965607,0.939200,0.947285,0.970721,0.979048,0.991074,1.006919,0.993223,0.993564,0.933368,1.042224
7.980140,1.030196,0.981254,0.971350,0.962327,0.976552,0.979606,0.973827,0.974212,1.023274,0.987634,0.983169,0.958652,0.981999,0.974361,0.973091,0.986756,0.982503,0.977355,1.017358,0.964349,0.988104,1.002435,0.993064,0.992955,0.997745,0.987322,0.980098,0.971598,0.965344,0.939165,0.947117,0.970552,0.978904,0.990854,1.006768,0.993064,0.993521,0.933073,1.042197
7.988470,1.030141,0.981166,0.971227,0.962188,0.976412,0.979463,0.973695,0.974084,1.023211,0.987479,0.983018,0.958500,0.981846,0.974211,0.972933,0.986595,0.982350,0.977213,1.017180,0.964157,0.987944,1.002275,0.992903,0.992795,0.997660,0.987151,0.979935,0.971354,0.965078,0.939127,0.946949,0.970381,0.978758,0.990633,1.006615,0.992903,0.993475,0.932775,1.042170
7.996800,1.030085,0.981075,0.971102,0.962048,0.976271,0.979319,0.973561,0.973956,1.023147,0.987324,0.982866,0.958348,0.981692,0.974060,0.972773,0.986431,0.982194,0.977069,1.017000,0.963964,0.987781,1.002112,0.992740,0.992632,0.997573,0.986977,0.979770,0.971106,0.964808,0.939087,0.946780,0.970209,0.978610,0.990410,1.006460,0.992740,0.993427,0.932472,1.042143
8.005130,1.030029,0.980983,0.970976,0.961906,0.976129,0.979174,0.973427,0.973826,1.023084,0.987167,0.982713,0.958195,0.981536,0.973907,0.972611,0.986266,0.982036,0.976923,1.016818,0.963768,0.987617,1.001948,0.992575,0.992467,0.997484,0.986801,0.979603,0.970855,0.964535,0.939044,0.946611,0.970037,0.978460,0.990185,1.006303,0.992575,0.993376,0.932167,1.042116
8.013460,1.029972,0.980888,0.970847,0.961763,0.975987,0.979028,0.973293,0.973697,1.023021,0.987009,0.982560,0.958040,0.981379,0.973753,0.972448,0.986098,0.981876,0.976776,1.016634,0.963571,0.987450,1.001781,0.992409,0.992300,0.997393,0.986622,0.979434,0.970601,0.964259,0.938998,0.946443,0.969864,0.978309,0.989958,1.006145,0.992409,0.993324,0.931858,1.042090
8.021790,1.029915,0.980791,0.970717,0.961619,0.975843,0.978882,0.973157,0.973566,1.022958,0.986850,0.982405,0.957885,0.981222,0.973597,0.972283,0.985929,0.981715,0.976626,1.016448,0.963372,0.987282,1.001613,0.992240,0.992131,0.997300,0.986441,0.979262,0.970344,0.963980,0.938951,0.946274,0.969691,0.978156,0.989730,1.005985,0.992240,0.993270,0.931546,1.042064
8.030120,1.029857,0.980693,0.970586,0.961473,0.975699,0.978735,0.973021,0.973435,1.022895,0.986691,0.982250,0.957729,0.981063,0.973441,0.972116,0.985758,0.981551,0.976475,1.016260,0.963172,0.987112,1.001443,0.992070,0.991961,0.997206,0.986258,0.979089,0.970085,0.963697,0.938901,0.946106,0.969517,0.978002,0.989500,1.005823,0.992070,0.993214,0.931230,1.042039
8.038450,1.029798,0.980592,0.970452,0.961327,0.975554,0.978587,0.972885,0.973304,1.022832,0.986530,0.982094,0.957572,0.980904,0.973283,0.971948,0.985585,0.981386,0.976322,1.016071,0.962970,0.986941,1.001271,0.991898,0.991788,0.997109,0.986073,0.978913,0.969822,0.963412,0.938848,0.945938,0.969342,0.977846,0.989270,1.005660,0.991898,0.993155,0.930912,1.042014
8.046780,1.029739,0.980490,0.970317,0.961179,0.975409,0.978439,0.972748,0.973172,1.022769,0.986370,0.981937,0.957415,0.980744,0.973124,0.971778,0.985411,0.981219,0.976167,1.015880,0.962766,0.986767,1.001098,0.991724,0.991615,0.997010,0.985885,0.978735,0.969557,0.963124,0.938794,0.945770,0.969168,0.977689,0.989038,1.005496,0.991724,0.993095,0.930591,1.041989
8.055110,1.029679,0.980385,0.970181,0.961030,0.975263,0.978291,0.972610,0.973039,1.022707,0.986208,0.981780,0.957257,0.980583,0.972965,0.971607,0.985235,0.981050,0.976010,1.015688,0.962562,0.986593,1.000924,0.991549,0.991439,0.996910,0.985695,0.978556,0.969289,0.962833,0.938737,0.945603,0.968993,0.977531,0.988804,1.005330,0.991549,0.993033,0.930267,1.041965
8.063440,1.029619,0.980280,0.970043,0.960881,0.975116,0.978142,0.972472,0.972907,1.022644,0.986046,0.981622,0.957098,0.980422,0.972804,0.971434,0.985058,0.980880,0.975852,1.015494,0.962355,0.986416,1.000748,0.991372,0.991262,0.996808,0.985503,0.978375,0.969018,0.962539,0.938678,0.945436,0.968818,0.977371,0.988570,1.005163,0.991372,0.992970,0.929940,1.041941
8.071770,1.029558,0.980172,0.969903,0.960730,0.974969,0.977992,0.972334,0.972774,1.022582,0.985883,0.981464,0.956939,0.980260,0.972643,0.971260,0.984879,0.980708,0.975693,1.015299,0.962148,0.986239,1.000570,0.991194,0.991083,0.996704,0.985310,0.978191,0.968745,0.962243,0.938616,0.945270,0.968643,0.977210,0.988335,1.004995,0.991194,0.992904,0.929611,1.041918
8.080100,1.029497,0.980062,0.969762,0.960579,0.974822,0.977843,0.972196,0.972640,1.022520,0.985721,0.981306,0.956779,0.980097,0.972481,0.971085,0.984699,0.980535,0.975532,1.015102,0.961940,0.986060,1.000391,0.991015,0.990903,0.996599,0.985114,0.978007,0.968470,0.961945,0.938553,0.945104,0.968468,0.977048,0.988099,1.004825,0.991015,0.992837,0.929279,1.041895
8.088430,1.029436,0.979951,0.969620,0.960427,0.974674,0.977693,0.972057,0.972507,1.022458,0.985557,0.981147,0.956619,0.979934,0.972318,0.970909,0.984517,0.980360,0.975370,1.014905,0.961730,0.985880,1.000211,0.990834,0.990722,0.996492,0.984917,0.977820,0.968192,0.961644,0.938487,0.944939,0.968293,0.976885,0.987862,1.004655,0.990834,0.992768,0.928944,1.041872
8.096760,1.029373,0.979839,0.969477,0.960275,0.974527,0.977543,0.971919,0.972373,1.022397,0.985394,0.980988,0.956459,0.979771,0.972155,0.970732,0.984335,0.980184,0.975207,1.014706,0.961520,0.985698,1.000030,0.990653,0.990539,0.996383,0.984717,0.977632,0.967912,0.961340,0.938419,0.944774,0.968118,0.976721,0.987625,1.004483,0.990653,0.992697,0.928607,1.041850
8.105090,1.029311,0.979725,0.969332,0.960122,0.974379,0.977393,0.971780,0.972240,1.022336,0.985230,0.980829,0.956298,0.979607,0.971991,0.970554,0.984151,0.980007,0.975042,1.014506,0.961308,0.985516,0.999848,0.990470,0.990356,0.996273,0.984516,0.977443,0.967630,0.961035,0.938350,0.944611,0.967943,0.976556,0.987387,1.004311,0.990470,0.992625,0.928268,1.041828
8.113420,1.029248,0.979609,0.969187,0.959968,0.974231,0.977242,0.971641,0.972106,1.022275,0.985066,0.980670,0.956138,0.979444,0.971826,0.970374,0.983966,0.979828,0.974876,1.014305,0.961096,0.985332,0.999664,0.990286,0.990171,0.996162,0.984314,0.977252,0.967345,0.960727,0.938278,0.944448,0.967769,0.976390,0.987149,1.004138,0.990286,0.992552,0.927927,1.041806
8.121750,1.029185,0.979492,0.969040,0.959814,0.974083,0.977092,0.971502,0.971973,1.022215,0.984902,0.980510,0.955977,0.979279,0.971661,0.970194,0.983780,0.979649,0.974709,1.014104,0.960884,0.985147,0.999480,0.990101,0.989985,0.996049,0.984110,0.977060,0.967059,0.960418,0.938204,0.944286,0.967595,0.976224,0.986910,1.003963,0.990101,0.992476,0.927583,1.041785
8.130080,1.029121,0.979374,0.968892,0.959659,0.973935,0.976942,0.971364,0.971839,1.022155,0.984739,0.980351,0.955816,0.979115,0.971496,0.970013,0.983593,0.979468,0.974541,1.013901,0.960670,0.984962,0.999295,0.989915,0.989798,0.995935,0.983904,0.976866,0.966771,0.960106,0.938128,0.944125,0.967421,0.976057,0.986671,1.003788,0.989915,0.992400,0.927238,1.041765
8.138410,1.029057,0.979254,0.968743,0.959504,0.973786,0.976792,0.971225,0.971706,1.022096,0.984575,0.980192,0.955655,0.978951,0.971330,0.969831,0.983405,0.979286,0.974372,1.013698,0.960456,0.984775,0.999109,0.989728,0.989610,0.995819,0.983697,0.976672,0.966481,0.959792,0.938050,0.943965,0.967248,0.975889,0.986431,1.003612,0.989728,0.992321,0.926891,1.041745
8.146740,1.028992,0.979133,0.968593,0.959348,0.973639,0.976643,0.971087,0.971572,1.022037,0.984411,0.980033,0.955494,0.978787,0.971164,0.969649,0.983216,0.979104,0.974202,1.013494,0.960242,0.984588,0.998922,0.989540,0.989421,0.995703,0.983488,0.976476,0.966189,0.959477,0.937971,0.943806,0.967076,0.975720,0.986192,1.003436,0.989540,0.992242,0.926541,1.041725
8.155070,1.028928,0.979010,0.968443,0.959192,0.973491,0.976493,0.970948,0.971440,1.021978,0.984247,0.979874,0.955334,0.978623,0.970998,0.969466,0.983027,0.978920,0.974031,1.013290,0.960027,0.984400,0.998734,0.989352,0.989231,0.995585,0.983279,0.976279,0.965896,0.959160,0.937889,0.943648,0.966904,0.975551,0.985952,1.003259,0.989352,0.992161,0.926190,1.041706
8.163400,1.028863,0.978886,0.968291,0.959037,0.973343,0.976344,0.970811,0.971307,1.021920,0.984084,0.979715,0.955173,0.978459,0.970831,0.969282,0.982836,0.978736,0.973859,1.013085,0.959811,0.984211,0.998546,0.989163,0.989041,0.995466,0.983068,0.976081,0.965601,0.958841,0.937805,0.943491,0.966733,0.975382,0.985713,1.003081,0.989163,0.992079,0.925838,1.041687
8.171730,1.028798,0.978761,0.968139,0.958880,0.973196,0.976195,0.970673,0.971174,1.021862,0.983921,0.979557,0.955013,0.978295,0.970665,0.969098,0.982646,0.978551,0.973686,1.012879,0.959596,0.984022,0.998357,0.988973,0.988850,0.995345,0.982855,0.975881,0.965304,0.958521,0.937720,0.943335,0.966562,0.975212,0.985473,1.002903,0.988973,0.991995,0.925483,1.041669
8.180060,1.028732,0.978635,0.967986,0.958724,0.973049,0.976046,0.970536,0.971042,1.021805,0.983758,0.979399,0.954853,0.978131,0.970499,0.968913,0.982454,0.978365,0.973513,1.012673,0.959380,0.983832,0.998168,0.988783,0.988658,0.995224,0.982642,0.975681,0.965006,0.958199,0.937633,0.943180,0.966393,0.975042,0.985234,1.002725,0.988783,0.991910,0.925127,1.041651
8.188390,1.028667,0.978508,0.967832,0.958568,0.972902,0.975898,0.970399,0.970911,1.021749,0.983596,0.979241,0.954693,0.977968,0.970332,0.968728,0.982262,0.978178,0.973339,1.012467,0.959164,0.983642,0.997978,0.988592,0.988466,0.995101,0.982428,0.975480,0.964707,0.957875,0.937544,0.943027,0.966224,0.974871,0.984995,1.002546,0.988592,0.991824,0.924770,1.041634
8.196720,1.028601,0.978380,0.967678,0.958411,0.972756,0.975750,0.970263,0.970780,1.021693,0.983434,0.979084,0.954534,0.977805,0.970166,0.968543,0.982070,0.977991,0.973165,1.012261,0.958948,0.983451,0.997787,0.988401,0.988274,0.994978,0.982212,0.975279,0.964406,0.957551,0.937454,0.942875,0.966057,0.974701,0.984756,1.002367,0.988401,0.991737,0.924411,1.041617
8.205050,1.028535,0.978250,0.967523,0.958255,0.972610,0.975603,0.970127,0.970649,1.021637,0.983273,0.978927,0.954375,0.977642,0.969999,0.968357,0.981877,0.977804,0.972989,1.012054,0.958732,0.983260,0.997597,0.988209,0.988080,0.994854,0.981996,0.975076,0.964104,0.957225,0.937362,0.942724,0.965890,0.974530,0.984517,1.002187,0.988209,0.991649,0.924051,1.041600
8.213380,1.028468,0.978120,0.967367,0.958099,0.972464,0.975456,0.969991,0.970519,1.021583,0.983112,0.978771,0.954217,0.977480,0.969833,0.968171,0.981684,0.977615,0.972814,1.011847,0.958516,0.983068,0.997406,0.988017,0.987887,0.994728,0.981778,0.974873,0.963801,0.956898,0.937268,0.942575,0.965724,0.974359,0.984279,1.002008,0.988017,0.991559,0.923690,1.041584
8.221710,1.028402,0.977989,0.967211,0.957943,0.972319,0.975310,0.969856,0.970389,1.021528,0.982952,0.978616,0.954059,0.977319,0.969667,0.967985,0.981490,0.977427,0.972638,1.011640,0.958300,0.982876,0.997215,0.987825,0.987693,0.994602,0.981560,0.974669,0.963497,0.956569,0.937172,0.942427,0.965560,0.974188,0.984042,1.001828,0.987825,0.991469,0.923328,1.041569
8.230040,1.028335,0.977856,0.967055,0.957787,0.972175,0.975165,0.969722,0.970260,1.021475,0.982792,0.978461,0.953902,0.977157,0.969502,0.967799,0.981297,0.977238,0.972461,1.011433,0.958085,0.982684,0.997023,0.987632,0.987499,0.994475,0.981341,0.974464,0.963191,0.956240,0.937075,0.942280,0.965397,0.974016,0.983805,1.001648,0.987632,0.991377,0.922964,1.041554
8.238370,1.028269,0.977723,0.966898,0.957631,0.972031,0.975020,0.969589,0.970131,1.021422,0.982633,0.978307,0.953745,0.976997,0.969336,0.967613,0.981103,0.977049,0.972284,1.011226,0.957869,0.982492,0.996831,0.987440,0.987305,0.994347,0.981121,0.974259,0.962885,0.955910,0.936976,0.942135,0.965235,0.973845,0.983568,1.001468,0.987440,0.991284,0.922600,1.041539
8.246700,1.028202,0.977589,0.966741,0.957475,0.971888,0.974876,0.969456,0.970003,1.021369,0.982475,0.978153,0.953589,0.976837,0.969171,0.967427,0.980909,0.976859,0.972107,1.011019,0.957654,0.982299,0.996640,0.987247,0.987110,0.994218,0.980901,0.974054,0.962578,0.955578,0.936876,0.941991,0.965074,0.973674,0.983333,1.001288,0.987247,0.991191,0.922234,1.041525
8.255030,1.028135,0.977454,0.966583,0.957320,0.971745,0.974732,0.969323,0.969876,1.021317,0.982318,0.978000,0.953434,0.976678,0.969007,0.967240,0.980715,0.976669,0.971929,1.010812,0.957440,0.982107,0.996448,0.987054,0.986915,0.994089,0.980680,0.973848,0.962270,0.955246,0.936774,0.941849,0.964915,0.973503,0.983098,1.001107,0.987054,0.991096,0.921868,1.041511
8.263360,1.028068,0.977319,0.966425,0.957165,0.971604,0.974590,0.969192,0.969750,1.021266,0.982161,0.977848,0.953279,0.976519,0.968843,0.967054,0.980520,0.976479,0.971752,1.010606,0.957225,0.981915,0.996256,0.986862,0.986721,0.993958,0.980458,0.973641,0.961961,0.954913,0.936671,0.941708,0.964757,0.973333,0.982864,1.000928,0.986862,0.991001,0.921501,1.041498
8.271690,1.028001,0.977182,0.966267,0.957010,0.971463,0.974448,0.969061,0.969624,1.021216,0.982006,0.977697,0.953126,0.976361,0.968679,0.966868,0.980326,0.976289,0.971574,1.010400,0.957011,0.981722,0.996065,0.986669,0.986526,0.993827,0.980236,0.973434,0.961651,0.954580,0.936566,0.941568,0.964601,0.973162,0.982631,1.000748,0.986669,0.990904,0.921134,1.041486
8.280020,1.027934,0.977045,0.966109,0.956856,0.971322,0.974307,0.968931,0.969499,1.021166,0.981851,0.977547,0.952973,0.976204,0.968516,0.966682,0.980132,0.976099,0.971396,1.010194,0.956798,0.981530,0.995873,0.986476,0.986331,0.993696,0.980013,0.973227,0.961341,0.954245,0.936460,0.941430,0.964446,0.972992,0.982398,1.000568,0.986476,0.990807,0.920765,1.041474
8.288350,1.027867,0.976907,0.965951,0.956702,0.971183,0.974167,0.968802,0.969375,1.021117,0.981697,0.977398,0.952821,0.976048,0.968353,0.966497,0.979938,0.975909,0.971218,1.009988,0.956585,0.981338,0.995682,0.986284,0.986137,0.993564,0.979790,0.973020,0.961031,0.953910,0.936353,0.941294,0.964293,0.972822,0.982167,1.000389,0.986284,0.990709,0.920396,1.041462
8.296680,1.027800,0.976769,0.965792,0.956549,0.971044,0.974028,0.968674,0.969252,1.021069,0.981544,0.977249,0.952670,0.975893,0.968191,0.966311,0.979744,0.975718,0.971040,1.009783,0.956373,0.981146,0.995490,0.986091,0.985943,0.993431,0.979567,0.972812,0.960719,0.953575,0.936244,0.941159,0.964141,0.972652,0.981937,1.000209,0.986091,0.990610,0.920027,1.041451
8.305010,1.027732,0.976630,0.965633,0.956396,0.970906,0.973889,0.968546,0.969129,1.021021,0.981392,0.977102,0.952520,0.975738,0.968030,0.966126,0.979551,0.975528,0.970861,1.009578,0.956162,0.980954,0.995299,0.985899,0.985748,0.993298,0.979343,0.972605,0.960408,0.953239,0.936134,0.941026,0.963991,0.972483,0.981708,1.000031,0.985899,0.990511,0.919657,1.041440
8.313340,1.027665,0.976491,0.965475,0.956244,0.970769,0.973752,0.968420,0.969008,1.020974,0.981242,0.976955,0.952371,0.975585,0.967869,0.965941,0.979358,0.975338,0.970683,1.009374,0.955951,0.980762,0.995109,0.985707,0.985554,0.993164,0.979119,0.972397,0.960095,0.952903,0.936022,0.940894,0.963843,0.972314,0.981480,0.999852,0.985707,0.990411,0.919287,1.041430
8.321670,1.027598,0.976350,0.965316,0.956093,0.970633,0.973616,0.968294,0.968887,1.020928,0.981092,0.976810,0.952222,0.975432,0.967709,0.965757,0.979165,0.975148,0.970505,1.009170,0.955741,0.980571,0.994919,0.985516,0.985361,0.993030,0.978894,0.972189,0.959783,0.952566,0.935910,0.940764,0.963696,0.972146,0.981253,0.999674,0.985516,0.990310,0.918916,1.041420
8.330000,1.027531,0.976210,0.965157,0.955942,0.970498,0.973480,0.968170,0.968767,1.020882,0.980943,0.976666,0.952075,0.975281,0.967550,0.965573,0.978972,0.974958,0.970327,1.008967,0.955532,0.980380,0.994729,0.985325,0.985167,0.992895,0.978670,0.971981,0.959470,0.952230,0.935796,0.940635,0.963552,0.971978,0.981028,0.999496,0.985325,0.990208,0.918546,1.041411
8.338330,1.027464,0.976069,0.964999,0.955791,0.970364,0.973346,0.968046,0.968649,1.020837,0.980796,0.976523,0.951929,0.975130,0.967392,0.965390,0.978780,0.974769,0.970150,1.008765,0.955324,0.980190,0.994539,0.985134,0.984974,0.992760,0.978445,0.971773,0.959157,0.951893,0.935681,0.940508,0.963408,0.971811,0.980803,0.999319,0.985134,0.990106,0.918175,1.041402
8.346660,1.027397,0.975927,0.964840,0.955642,0.970231,0.973213,0.967923,0.968531,1.020793,0.980650,0.976381,0.951784,0.974981,0.967235,0.965207,0.978588,0.974579,0.969972,1.008563,0.955117,0.980000,0.994350,0.984944,0.984782,0.992624,0.978220,0.971565,0.958844,0.951556,0.935564,0.940383,0.963267,0.971644,0.980580,0.999143,0.984944,0.990003,0.917804,1.041393
8.354990,1.027331,0.975786,0.964682,0.955493,0.970099,0.973080,0.967802,0.968414,1.020749,0.980504,0.976240,0.951641,0.974833,0.967078,0.965025,0.978397,0.974390,0.969795,1.008362,0.954910,0.979811,0.994162,0.984755,0.984590,0.992489,0.977996,0.971358,0.958531,0.951218,0.935447,0.940259,0.963128,0.971478,0.980359,0.998967,0.984755,0.989900,0.917433,1.041385
8.363320,1.027264,0.975643,0.964524,0.955345,0.969968,0.972949,0.967681,0.968298,1.020707,0.980361,0.976100,0.951498,0.974686,0.966922,0.964844,0.978206,0.974202,0.969618,1.008162,0.954705,0.979622,0.993974,0.984565,0.984398,0.992352,0.977771,0.971150,0.958218,0.950881,0.935328,0.940137,0.962990,0.971313,0.980139,0.998791,0.984565,0.989796,0.917062,1.041378
8.371650,1.027197,0.975501,0.964366,0.955197,0.969837,0.972819,0.967561,0.968183,1.020665,0.980218,0.975962,0.951356,0.974540,0.966767,0.964663,0.978016,0.974014,0.969441,1.007963,0.954501,0.979433,0.993787,0.984377,0.984207,0.992216,0.977546,0.970943,0.957905,0.950544,0.935209,0.940016,0.962855,0.971148,0.979920,0.998616,0.984377,0.989691,0.916691,1.041371
8.379980,1.027131,0.975358,0.964208,0.955051,0.969708,0.972691,0.967443,0.968069,1.020623,0.980077,0.975824,0.951216,0.974395,0.966613,0.964482,0.977827,0.973826,0.969265,1.007765,0.954298,0.979246,0.993600,0.984189,0.984017,0.992079,0.977321,0.970736,0.957591,0.950207,0.935088,0.939897,0.962721,0.970984,0.979703,0.998442,0.984189,0.989587,0.916320,1.041365
8.388310,1.027064,0.975215,0.964051,0.954905,0.969581,0.972563,0.967325,0.967957,1.020583,0.979937,0.975688,0.951077,0.974251,0.966461,0.964303,0.977638,0.973639,0.969089,1.007567,0.954096,0.979059,0.993414,0.984002,0.983827,0.991942,0.977097,0.970529,0.957278,0.949870,0.934966,0.939780,0.962589,0.970821,0.979488,0.998269,0.984002,0.989481,0.915950,1.041358
8.396640,1.026998,0.975072,0.963894,0.954760,0.969454,0.972436,0.967209,0.967845,1.020543,0.979798,0.975554,0.950939,0.974109,0.966309,0.964124,0.977450,0.973452,0.968914,1.007371,0.953895,0.978873,0.993229,0.983816,0.983638,0.991805,0.976872,0.970323,0.956966,0.949533,0.934843,0.939664,0.962459,0.970659,0.979274,0.998096,0.983816,0.989376,0.915580,1.041353
8.404970,1.026932,0.974928,0.963737,0.954616,0.969328,0.972311,0.967094,0.967734,1.020504,0.979661,0.975420,0.950803,0.973968,0.966158,0.963946,0.977262,0.973266,0.968739,1.007175,0.953696,0.978687,0.993045,0.983630,0.983450,0.991668,0.976648,0.970117,0.956653,0.949197,0.934720,0.939550,0.962332,0.970497,0.979061,0.997924,0.983630,0.989270,0.915210,1.041348
8.413300,1.026866,0.974785,0.963580,0.954473,0.969204,0.972187,0.966980,0.967625,1.020465,0.979525,0.975288,0.950668,0.973828,0.966008,0.963769,0.977076,0.973080,0.968564,1.006981,0.953498,0.978503,0.992861,0.983445,0.983262,0.991531,0.976424,0.969911,0.956341,0.948861,0.934595,0.939438,0.962206,0.970337,0.978851,0.997753,0.983445,0.989163,0.914841,1.041343
8.421630,1.026801,0.974641,0.963424,0.954331,0.969080,0.972064,0.966867,0.967516,1.020427,0.979391,0.975158,0.950534,0.973690,0.965859,0.963593,0.976890,0.972895,0.968390,1.006788,0.953301,0.978319,0.992679,0.983261,0.983076,0.991393,0.976201,0.969706,0.956029,0.948526,0.934469,0.939327,0.962082,0.970177,0.978642,0.997583,0.983261,0.989056,0.914472,1.041339
8.429960,1.026735,0.974497,0.963269,0.954190,0.968958,0.971943,0.966755,0.967409,1.020390,0.979258,0.975028,0.950401,0.973553,0.965712,0.963418,0.976705,0.972711,0.968217,1.006596,0.953105,0.978136,0.992497,0.983078,0.982890,0.991256,0.975978,0.969501,0.955718,0.948190,0.934343,0.939218,0.961961,0.970019,0.978435,0.997414,0.983078,0.988949,0.914103,1.041335
8.438290,1.026670,0.974353,0.963114,0.954050,0.968837,0.971822,0.966644,0.967303,1.020354,0.979126,0.974900,0.950270,0.973417,0.965566,0.963244,0.976521,0.972527,0.968044,1.006405,0.952911,0.977954,0.992316,0.982896,0.982705,0.991118,0.975755,0.969297,0.955407,0.947856,0.934216,0.939111,0.961841,0.969861,0.978230,0.997246,0.982896,0.988842,0.913736,1.041332
8.446620,1.026605,0.974209,0.962959,0.953910,0.968718,0.971703,0.966535,0.967198,1.020319,0.978996,0.974774,0.950141,0.973283,0.965420,0.963071,0.976338,0.972344,0.967872,1.006215,0.952718,0.977773,0.992136,0.982715,0.982521,0.990981,0.975533,0.969094,0.955096,0.947522,0.934088,0.939005,0.961724,0.969704,0.978026,0.997079,0.982715,0.988735,0.913369,1.041329
8.454950,1.026541,0.974065,0.962805,0.953772,0.968599,0.971586,0.966427,0.967094,1.020284,0.978868,0.974649,0.950012,0.973150,0.965276,0.962899,0.976156,0.972162,0.967701,1.006027,0.952527,0.977593,0.991958,0.982535,0.982338,0.990843,0.975311,0.968891,0.954786,0.947189,0.933959,0.938901,0.961608,0.969549,0.977824,0.996912,0.982535,0.988627,0.913002,1.041326
8.463280,1.026476,0.973921,0.962652,0.953635,0.968482,0.971469,0.966320,0.966992,1.020250,0.978740,0.974525,0.949885,0.973018,0.965134,0.962727,0.975975,0.971981,0.967530,1.005839,0.952337,0.977414,0.991780,0.982356,0.982156,0.990706,0.975089,0.968688,0.954477,0.946856,0.933829,0.938799,0.961495,0.969394,0.977625,0.996747,0.982356,0.988519,0.912637,1.041324
8.471610,1.026412,0.973778,0.962499,0.953499,0.968366,0.971354,0.966214,0.966890,1.020216,0.978615,0.974403,0.949760,0.972888,0.964992,0.962557,0.975795,0.971801,0.967360,1.005654,0.952149,0.977236,0.991603,0.982178,0.981975,0.990568,0.974869,0.968487,0.954169,0.946524,0.933699,0.938698,0.961384,0.969241,0.977427,0.996583,0.982178,0.988411,0.912272,1.041323
8.479940,1.026348,0.973634,0.962347,0.953364,0.968252,0.971240,0.966110,0.966790,1.020184,0.978491,0.974282,0.949636,0.972760,0.964852,0.962389,0.975616,0.971622,0.967191,1.005469,0.951962,0.977059,0.991428,0.982001,0.981795,0.990431,0.974648,0.968286,0.953861,0.946194,0.933568,0.938599,0.961275,0.969089,0.977231,0.996420,0.982001,0.988303,0.911909,1.041322
8.488270,1.026285,0.973490,0.962195,0.953231,0.968138,0.971128,0.966007,0.966691,1.020152,0.978368,0.974163,0.949513,0.972632,0.964713,0.962221,0.975438,0.971443,0.967023,1.005286,0.951777,0.976883,0.991253,0.981825,0.981616,0.990294,0.974429,0.968086,0.953554,0.945864,0.933436,0.938502,0.961168,0.968938,0.977038,0.996258,0.981825,0.988195,0.911546,1.041321
8.496600,1.026222,0.973347,0.962044,0.953098,0.968026,0.971017,0.965905,0.966593,1.020120,0.978247,0.974045,0.949392,0.972507,0.964575,0.962054,0.975262,0.971266,0.966856,1.005105,0.951594,0.976709,0.991080,0.981651,0.981438,0.990157,0.974210,0.967887,0.953249,0.945535,0.933303,0.938406,0.961064,0.968788,0.976846,0.996098,0.981651,0.988087,0.911185,1.041320
8.504930,1.026159,0.973204,0.961894,0.952967,0.967916,0.970907,0.965804,0.966497,1.020090,0.978128,0.973929,0.949273,0.972383,0.964439,0.961889,0.975086,0.971089,0.966689,1.004925,0.951412,0.976535,0.990909,0.981477,0.981262,0.990020,0.973992,0.967688,0.952944,0.945207,0.933170,0.938312,0.960961,0.968639,0.976656,0.995939,0.981477,0.987979,0.910825,1.041321
8.513260,1.026097,0.973061,0.961745,0.952837,0.967806,0.970799,0.965705,0.966401,1.020060,0.978010,0.973814,0.949155,0.972260,0.964304,0.961725,0.974912,0.970914,0.966524,1.004746,0.951232,0.976363,0.990738,0.981305,0.981087,0.989884,0.973775,0.967491,0.952640,0.944880,0.933037,0.938220,0.960861,0.968492,0.976469,0.995781,0.981305,0.987871,0.910466,1.041321
8.521590,1.026034,0.972918,0.961596,0.952708,0.967698,0.970692,0.965607,0.966307,1.020031,0.977894,0.973701,0.949038,0.972139,0.964171,0.961563,0.974739,0.970739,0.966359,1.004569,0.951054,0.976193,0.990569,0.981135,0.980913,0.989748,0.973559,0.967295,0.952337,0.944554,0.932902,0.938130,0.960763,0.968346,0.976283,0.995624,0.981135,0.987763,0.910108,1.041322
8.529920,1.025973,0.972776,0.961449,0.952580,0.967592,0.970587,0.965510,0.966214,1.020002,0.977780,0.973589,0.948923,0.972020,0.964039,0.961401,0.974568,0.970566,0.966196,1.004394,0.950878,0.976023,0.990401,0.980965,0.980740,0.989612,0.973343,0.967099,0.952035,0.944230,0.932768,0.938041,0.960667,0.968202,0.976100,0.995468,0.980965,0.987655,0.909752,1.041323
8.538250,1.025911,0.972634,0.961302,0.952454,0.967487,0.970483,0.965414,0.966123,1.019975,0.977667,0.973479,0.948810,0.971902,0.963908,0.961241,0.974397,0.970394,0.966033,1.004220,0.950703,0.975855,0.990235,0.980798,0.980569,0.989476,0.973128,0.966905,0.951735,0.943907,0.932632,0.937954,0.960573,0.968058,0.975919,0.995314,0.980798,0.987547,0.909397,1.041325
8.546580,1.025850,0.972492,0.961156,0.952328,0.967383,0.970380,0.965320,0.966033,1.019948,0.977556,0.973370,0.948698,0.971785,0.963779,0.961083,0.974229,0.970223,0.965872,1.004048,0.950531,0.975689,0.990070,0.980631,0.980399,0.989341,0.972915,0.966711,0.951435,0.943585,0.932497,0.937869,0.960481,0.967917,0.975741,0.995162,0.980631,0.987439,0.909044,1.041327
8.554910,1.025790,0.972351,0.961010,0.952205,0.967280,0.970279,0.965228,0.965944,1.019921,0.977446,0.973263,0.948588,0.971671,0.963651,0.960926,0.974061,0.970054,0.965712,1.003878,0.950360,0.975524,0.989906,0.980466,0.980230,0.989206,0.972702,0.966519,0.951137,0.943265,0.932361,0.937785,0.960392,0.967776,0.975564,0.995011,0.980466,0.987332,0.908692,1.041330
8.563240,1.025730,0.972210,0.960866,0.952082,0.967180,0.970180,0.965136,0.965856,1.019896,0.977338,0.973158,0.948480,0.971558,0.963525,0.960770,0.973895,0.969885,0.965552,1.003710,0.950191,0.975360,0.989744,0.980303,0.980063,0.989072,0.972491,0.966328,0.950841,0.942946,0.932224,0.937703,0.960305,0.967637,0.975390,0.994861,0.980303,0.987225,0.908342,1.041333
8.571570,1.025670,0.972069,0.960723,0.951961,0.967080,0.970082,0.965046,0.965770,1.019871,0.977232,0.973055,0.948373,0.971446,0.963400,0.960616,0.973731,0.969718,0.965394,1.003543,0.950025,0.975198,0.989584,0.980141,0.979898,0.988938,0.972280,0.966138,0.950546,0.942628,0.932087,0.937623,0.960220,0.967500,0.975219,0.994713,0.980141,0.987118,0.907993,1.041336
8.579900,1.025611,0.971929,0.960580,0.951841,0.966982,0.969985,0.964958,0.965685,1.019847,0.977128,0.972953,0.948267,0.971336,0.963277,0.960463,0.973568,0.969552,0.965238,1.003378,0.949860,0.975037,0.989425,0.979980,0.979734,0.988804,0.972071,0.965949,0.950252,0.942313,0.931950,0.937545,0.960137,0.967364,0.975049,0.994566,0.979980,0.987011,0.907647,1.041340
8.588230,1.025553,0.971790,0.960439,0.951723,0.966885,0.969890,0.964870,0.965601,1.019823,0.977025,0.972852,0.948164,0.971228,0.963155,0.960312,0.973407,0.969388,0.965082,1.003215,0.949697,0.974878,0.989268,0.979822,0.979571,0.988671,0.971863,0.965761,0.949960,0.941998,0.931812,0.937468,0.960056,0.967230,0.974882,0.994421,0.979822,0.986904,0.907302,1.041344
8.596560,1.025494,0.971651,0.960299,0.951606,0.966790,0.969796,0.964785,0.965519,1.019800,0.976924,0.972754,0.948062,0.971122,0.963035,0.960163,0.973247,0.969225,0.964928,1.003054,0.949537,0.974721,0.989112,0.979665,0.979411,0.988539,0.971656,0.965575,0.949669,0.941686,0.931674,0.937394,0.959978,0.967097,0.974718,0.994278,0.979665,0.986798,0.906959,1.041348
8.604890,1.025437,0.971512,0.960160,0.951490,0.966697,0.969704,0.964700,0.965438,1.019778,0.976825,0.972657,0.947962,0.971017,0.962917,0.960015,0.973089,0.969064,0.964775,1.002895,0.949378,0.974565,0.988958,0.979509,0.979251,0.988407,0.971450,0.965390,0.949380,0.941375,0.931536,0.937321,0.959902,0.966966,0.974556,0.994136,0.979509,0.986692,0.906618,1.041353
8.613220,1.025380,0.971374,0.960022,0.951376,0.966605,0.969614,0.964617,0.965359,1.019757,0.976727,0.972561,0.947863,0.970914,0.962800,0.959869,0.972933,0.968904,0.964623,1.002738,0.949222,0.974411,0.988806,0.979355,0.979094,0.988275,0.971246,0.965207,0.949093,0.941067,0.931397,0.937249,0.959828,0.966837,0.974397,0.993996,0.979355,0.986587,0.906280,1.041358
8.621550,1.025323,0.971237,0.959885,0.951263,0.966514,0.969525,0.964536,0.965281,1.019736,0.976632,0.972468,0.947766,0.970813,0.962685,0.959724,0.972778,0.968745,0.964473,1.002582,0.949068,0.974259,0.988656,0.979204,0.978938,0.988144,0.971042,0.965024,0.948808,0.940760,0.931258,0.937180,0.959756,0.966709,0.974240,0.993858,0.979204,0.986482,0.905943,1.041364
8.629880,1.025267,0.971101,0.959749,0.951152,0.966425,0.969438,0.964456,0.965204,1.019716,0.976538,0.972376,0.947671,0.970713,0.962571,0.959581,0.972625,0.968588,0.964324,1.002429,0.948916,0.974109,0.988507,0.979053,0.978784,0.988014,0.970841,0.964844,0.948524,0.940455,0.931119,0.937113,0.959686,0.966583,0.974085,0.993721,0.979053,0.986377,0.905608,1.041370
8.638210,1.025211,0.970965,0.959614,0.951042,0.966338,0.969352,0.964377,0.965129,1.019697,0.976446,0.972286,0.947578,0.970616,0.962459,0.959440,0.972474,0.968432,0.964176,1.002278,0.948766,0.973960,0.988360,0.978905,0.978632,0.987885,0.970641,0.964665,0.948242,0.940152,0.930980,0.937047,0.959619,0.966459,0.973934,0.993586,0.978905,0.986273,0.905276,1.041376
8.646540,1.025156,0.970830,0.959481,0.950934,0.966252,0.969268,0.964300,0.965055,1.019678,0.976355,0.972197,0.947486,0.970520,0.962349,0.959301,0.972325,0.968279,0.964030,1.002129,0.948619,0.973813,0.988215,0.978759,0.978481,0.987756,0.970442,0.964487,0.947963,0.939852,0.930841,0.936983,0.959554,0.966336,0.973785,0.993453,0.978759,0.986170,0.904946,1.041383
8.654870,1.025102,0.970695,0.959349,0.950828,0.966167,0.969186,0.964224,0.964982,1.019660,0.976267,0.972110,0.947396,0.970426,0.962241,0.959164,0.972177,0.968126,0.963885,1.001983,0.948474,0.973668,0.988072,0.978614,0.978332,0.987628,0.970245,0.964311,0.947685,0.939553,0.930701,0.936921,0.959491,0.966216,0.973639,0.993322,0.978614,0.986066,0.904619,1.041390
8.663200,1.025048,0.970562,0.959218,0.950723,0.966085,0.969105,0.964150,0.964911,1.019643,0.976180,0.972026,0.947308,0.970333,0.962134,0.959028,0.972032,0.967976,0.963742,1.001838,0.948331,0.973525,0.987931,0.978472,0.978186,0.987501,0.970049,0.964136,0.947409,0.939257,0.930562,0.936861,0.959430,0.966097,0.973495,0.993193,0.978472,0.985964,0.904294,1.041397
8.671530,1.024995,0.970429,0.959088,0.950619,0.966004,0.969026,0.964078,0.964842,1.019626,0.976095,0.971942,0.947222,0.970243,0.962029,0.958894,0.971888,0.967827,0.963601,1.001696,0.948191,0.973384,0.987792,0.978331,0.978041,0.987375,0.969855,0.963964,0.947136,0.938963,0.930422,0.936803,0.959372,0.965980,0.973354,0.993066,0.978331,0.985862,0.903971,1.041405
8.679860,1.024942,0.970297,0.958960,0.950517,0.965924,0.968948,0.964007,0.964774,1.019610,0.976013,0.971861,0.947138,0.970154,0.961926,0.958762,0.971746,0.967680,0.963461,1.001556,0.948053,0.973245,0.987655,0.978192,0.977898,0.987249,0.969663,0.963792,0.946864,0.938672,0.930283,0.936747,0.959315,0.965865,0.973216,0.992940,0.978192,0.985761,0.903652,1.041413
8.688190,1.024890,0.970166,0.958833,0.950417,0.965846,0.968872,0.963937,0.964707,1.019595,0.975932,0.971782,0.947055,0.970067,0.961825,0.958632,0.971606,0.967535,0.963323,1.001418,0.947917,0.973108,0.987520,0.978056,0.977757,0.987124,0.969472,0.963623,0.946595,0.938383,0.930143,0.936692,0.959261,0.965752,0.973081,0.992817,0.978056,0.985660,0.903335,1.041422
8.696520,1.024839,0.970036,0.958707,0.950319,0.965770,0.968798,0.963869,0.964642,1.019580,0.975852,0.971704,0.946974,0.969982,0.961725,0.958505,0.971469,0.967391,0.963186,1.001283,0.947785,0.972973,0.987388,0.977921,0.977618,0.987000,0.969283,0.963455,0.946329,0.938096,0.930003,0.936640,0.959209,0.965641,0.972948,0.992696,0.977921,0.985560,0.903020,1.041430
8.704850,1.024788,0.969906,0.958583,0.950222,0.965696,0.968726,0.963803,0.964578,1.019566,0.975775,0.971628,0.946896,0.969899,0.961628,0.958379,0.971333,0.967250,0.963051,1.001150,0.947654,0.972840,0.987257,0.977789,0.977481,0.986877,0.969096,0.963289,0.946064,0.937812,0.929864,0.936590,0.959159,0.965532,0.972819,0.992576,0.977789,0.985460,0.902709,1.041439
8.713180,1.024738,0.969778,0.958460,0.950127,0.965623,0.968655,0.963738,0.964516,1.019553,0.975700,0.971554,0.946819,0.969818,0.961532,0.958255,0.971199,0.967110,0.962918,1.001019,0.947526,0.972709,0.987128,0.977659,0.977346,0.986755,0.968911,0.963126,0.945803,0.937531,0.929724,0.936541,0.959112,0.965425,0.972692,0.992459,0.977659,0.985362,0.902401,1.041449
8.721510,1.024689,0.969651,0.958339,0.950033,0.965552,0.968586,0.963675,0.964456,1.019541,0.975627,0.971482,0.946744,0.969739,0.961438,0.958133,0.971068,0.966972,0.962786,1.000891,0.947401,0.972580,0.987002,0.977531,0.977214,0.986634,0.968727,0.962963,0.945543,0.937252,0.929585,0.936495,0.959067,0.965320,0.972569,0.992344,0.977531,0.985264,0.902095,1.041459
8.729840,1.024640,0.969524,0.958219,0.949941,0.965483,0.968519,0.963614,0.964397,1.019529,0.975556,0.971412,0.946671,0.969662,0.961346,0.958013,0.970939,0.966837,0.962657,1.000766,0.947279,0.972453,0.986878,0.977405,0.977083,0.986514,0.968546,0.962803,0.945287,0.936976,0.929445,0.936450,0.959024,0.965218,0.972448,0.992231,0.977405,0.985167,0.901793,1.041469
8.738170,1.024592,0.969399,0.958101,0.949852,0.965415,0.968454,0.963554,0.964339,1.019518,0.975486,0.971344,0.946599,0.969587,0.961257,0.957896,0.970812,0.966703,0.962529,1.000643,0.947159,0.972329,0.986756,0.977281,0.976955,0.986395,0.968366,0.962645,0.945033,0.936704,0.929306,0.936408,0.958983,0.965117,0.972331,0.992121,0.977281,0.985070,0.901494,1.041479
8.746500,1.024545,0.969275,0.957985,0.949763,0.965349,0.968391,0.963496,0.964284,1.019508,0.975419,0.971278,0.946530,0.969513,0.961169,0.957780,0.970687,0.966571,0.962403,1.000522,0.947042,0.972207,0.986636,0.977160,0.976829,0.986277,0.968189,0.962489,0.944781,0.936434,0.929167,0.936368,0.958945,0.965018,0.972216,0.992012,0.977160,0.984975,0.901198,1.041490
8.754830,1.024499,0.969152,0.957870,0.949677,0.965285,0.968329,0.963439,0.964230,1.019498,0.975354,0.971214,0.946463,0.969442,0.961083,0.957667,0.970564,0.966441,0.962279,1.000404,0.946928,0.972087,0.986519,0.977041,0.976706,0.986160,0.968014,0.962335,0.944533,0.936167,0.929028,0.936330,0.958908,0.964922,0.972105,0.991906,0.977041,0.984880,0.900905,1.041501
8.763160,1.024453,0.969030,0.957756,0.949593,0.965223,0.968269,0.963384,0.964177,1.019489,0.975290,0.971152,0.946398,0.969373,0.960999,0.957556,0.970444,0.966314,0.962156,1.000289,0.946816,0.971970,0.986404,0.976925,0.976584,0.986044,0.967840,0.962183,0.944287,0.935903,0.928890,0.936294,0.958875,0.964828,0.971997,0.991802,0.976925,0.984786,0.900616,1.041513
8.771490,1.024408,0.968909,0.957644,0.949510,0.965163,0.968211,0.963331,0.964126,1.019481,0.975229,0.971091,0.946335,0.969306,0.960917,0.957447,0.970326,0.966188,0.962036,1.000176,0.946707,0.971855,0.986292,0.976811,0.976465,0.985930,0.967669,0.962033,0.944045,0.935643,0.928751,0.936260,0.958843,0.964737,0.971891,0.991701,0.976811,0.984694,0.900330,1.041524
8.779820,1.024364,0.968789,0.957534,0.949430,0.965105,0.968155,0.963280,0.964077,1.019473,0.975170,0.971033,0.946273,0.969241,0.960837,0.957341,0.970210,0.966065,0.961918,1.000067,0.946601,0.971743,0.986182,0.976699,0.976348,0.985816,0.967501,0.961886,0.943805,0.935385,0.928613,0.936229,0.958814,0.964647,0.971790,0.991602,0.976699,0.984602,0.900048,1.041536
8.788150,1.024320,0.968671,0.957426,0.949351,0.965048,0.968101,0.963230,0.964029,1.019467,0.975113,0.970977,0.946214,0.969178,0.960759,0.957237,0.970097,0.965944,0.961802,0.999960,0.946499,0.971633,0.986074,0.976590,0.976234,0.985704,0.967334,0.961740,0.943569,0.935131,0.928475,0.936199,0.958786,0.964560,0.971691,0.991505,0.976590,0.984511,0.899770,1.041549
8.796480,1.024278,0.968553,0.957319,0.949274,0.964993,0.968049,0.963183,0.963984,1.019461,0.975058,0.970923,0.946157,0.969117,0.960684,0.957135,0.969987,0.965825,0.961688,0.999855,0.946399,0.971525,0.985969,0.976483,0.976123,0.985593,0.967170,0.961597,0.943335,0.934881,0.928338,0.936172,0.958762,0.964475,0.971596,0.991411,0.976483,0.984421,0.899495,1.041561
8.804810,1.024236,0.968438,0.957214,0.949199,0.964941,0.967999,0.963137,0.963940,1.019456,0.975006,0.970871,0.946103,0.969059,0.960610,0.957036,0.969879,0.965709,0.961576,0.999754,0.946301,0.971420,0.985867,0.976379,0.976013,0.985483,0.967008,0.961456,0.943105,0.934633,0.928200,0.936147,0.958739,0.964393,0.971504,0.991319,0.976379,0.984332,0.899225,1.041574
8.813140,1.024195,0.968323,0.957111,0.949127,0.964890,0.967951,0.963092,0.963897,1.019451,0.974955,0.970821,0.946050,0.969002,0.960539,0.956939,0.969773,0.965595,0.961466,0.999655,0.946207,0.971317,0.985767,0.976278,0.975907,0.985375,0.966849,0.961318,0.942878,0.934390,0.928064,0.936124,0.958719,0.964313,0.971415,0.991230,0.976278,0.984244,0.898958,1.041588
8.821470,1.024154,0.968210,0.957010,0.949056,0.964841,0.967905,0.963050,0.963857,1.019447,0.974907,0.970773,0.945999,0.968948,0.960470,0.956844,0.969670,0.965483,0.961358,0.999560,0.946116,0.971217,0.985670,0.976179,0.975802,0.985268,0.966692,0.961182,0.942655,0.934150,0.927927,0.936104,0.958702,0.964236,0.971329,0.991143,0.976179,0.984157,0.898695,1.041601
8.829800,1.024115,0.968098,0.956911,0.948987,0.964795,0.967861,0.963010,0.963818,1.019444,0.974861,0.970727,0.945951,0.968896,0.960403,0.956752,0.969570,0.965374,0.961252,0.999467,0.946029,0.971120,0.985576,0.976083,0.975701,0.985162,0.966537,0.961048,0.942434,0.933914,0.927791,0.936086,0.958686,0.964161,0.971248,0.991059,0.976083,0.984071,0.898436,1.041615
8.838130,1.024077,0.967987,0.956813,0.948920,0.964750,0.967819,0.962971,0.963781,1.019442,0.974817,0.970684,0.945905,0.968846,0.960339,0.956663,0.969472,0.965267,0.961149,0.999377,0.945944,0.971025,0.985484,0.975990,0.975602,0.985058,0.966385,0.960917,0.942218,0.933681,0.927656,0.936070,0.958673,0.964089,0.971169,0.990977,0.975990,0.983987,0.898181,1.041629
8.846460,1.024039,0.967878,0.956718,0.948856,0.964707,0.967779,0.962934,0.963746,1.019441,0.974776,0.970643,0.945861,0.968799,0.960277,0.956576,0.969377,0.965163,0.961048,0.999290,0.945862,0.970934,0.985395,0.975899,0.975506,0.984955,0.966236,0.960789,0.942005,0.933452,0.927520,0.936057,0.958663,0.964019,0.971094,0.990898,0.975899,0.983903,0.897931,1.041644
8.854790,1.024002,0.967770,0.956624,0.948794,0.964667,0.967741,0.962900,0.963712,1.019440,0.974736,0.970604,0.945819,0.968753,0.960217,0.956492,0.969284,0.965061,0.960949,0.999207,0.945784,0.970844,0.985309,0.975811,0.975412,0.984853,0.966089,0.960663,0.941795,0.933228,0.927386,0.936046,0.958655,0.963952,0.971023,0.990822,0.975811,0.983821,0.897684,1.041659
8.863120,1.023966,0.967664,0.956533,0.948733,0.964628,0.967705,0.962867,0.963681,1.019440,0.974699,0.970567,0.945780,0.968711,0.960159,0.956410,0.969195,0.964962,0.960853,0.999126,0.945708,0.970758,0.985226,0.975726,0.975322,0.984753,0.965946,0.960540,0.941590,0.933007,0.927252,0.936037,0.958649,0.963888,0.970955,0.990749,0.975726,0.983740,0.897443,1.041674
8.871450,1.023931,0.967560,0.956443,0.948675,0.964592,0.967672,0.962836,0.963652,1.019441,0.974665,0.970533,0.945743,0.968670,0.960104,0.956331,0.969108,0.964865,0.960759,0.999049,0.945636,0.970674,0.985145,0.975644,0.975234,0.984654,0.965804,0.960419,0.941388,0.932790,0.927118,0.936031,0.958646,0.963826,0.970890,0.990678,0.975644,0.983660,0.897205,1.041689
8.879780,1.023897,0.967457,0.956356,0.948620,0.964557,0.967640,0.962807,0.963624,1.019443,0.974633,0.970500,0.945708,0.968632,0.960052,0.956255,0.969024,0.964771,0.960668,0.998975,0.945568,0.970594,0.985067,0.975564,0.975149,0.984557,0.965666,0.960301,0.941190,0.932578,0.926985,0.936028,0.958645,0.963767,0.970829,0.990610,0.975564,0.983582,0.896972,1.041705
8.888110,1.023864,0.967355,0.956270,0.948566,0.964525,0.967611,0.962780,0.963598,1.019446,0.974603,0.970471,0.945676,0.968596,0.960001,0.956182,0.968943,0.964680,0.960579,0.998903,0.945502,0.970516,0.984993,0.975488,0.975067,0.984462,0.965531,0.960186,0.940996,0.932369,0.926853,0.936027,0.958647,0.963710,0.970772,0.990545,0.975488,0.983504,0.896744,1.041721
8.896440,1.023832,0.967255,0.956187,0.948515,0.964495,0.967584,0.962756,0.963574,1.019449,0.974575,0.970443,0.945646,0.968563,0.959954,0.956111,0.968864,0.964591,0.960492,0.998836,0.945440,0.970441,0.984921,0.975415,0.974987,0.984368,0.965398,0.960074,0.940805,0.932165,0.926721,0.936028,0.958651,0.963657,0.970719,0.990483,0.975415,0.983428,0.896521,1.041737
8.904770,1.023800,0.967157,0.956106,0.948466,0.964468,0.967559,0.962733,0.963553,1.019453,0.974550,0.970418,0.945618,0.968532,0.959908,0.956043,0.968789,0.964505,0.960408,0.998771,0.945381,0.970369,0.984852,0.975344,0.974911,0.984276,0.965269,0.959964,0.940619,0.931966,0.926590,0.936032,0.958658,0.963606,0.970669,0.990424,0.975344,0.983354,0.896302,1.041753
8.913100,1.023770,0.967060,0.956027,0.948419,0.964442,0.967537,0.962712,0.963533,1.019458,0.974528,0.970396,0.945593,0.968504,0.959865,0.955978,0.968717,0.964422,0.960326,0.998710,0.945326,0.970300,0.984787,0.975277,0.974838,0.984186,0.965142,0.959858,0.940437,0.931771,0.926459,0.936039,0.958667,0.963558,0.970623,0.990367,0.975277,0.983281,0.896089,1.041770
8.921430,1.023741,0.966965,0.955950,0.948375,0.964419,0.967517,0.962694,0.963515,1.019464,0.974508,0.970375,0.945570,0.968478,0.959825,0.955916,0.968647,0.964342,0.960247,0.998652,0.945274,0.970234,0.984724,0.975212,0.974767,0.984097,0.965019,0.959754,0.940259,0.931580,0.926329,0.936048,0.958679,0.963513,0.970581,0.990314,0.975212,0.983209,0.895880,1.041787
8.929760,1.023712,0.966872,0.955876,0.948333,0.964398,0.967499,0.962678,0.963500,1.019471,0.974490,0.970358,0.945550,0.968455,0.959788,0.955857,0.968581,0.964264,0.960171,0.998597,0.945226,0.970171,0.984665,0.975151,0.974700,0.984010,0.964898,0.959654,0.940086,0.931394,0.926200,0.936060,0.958694,0.963471,0.970543,0.990263,0.975151,0.983138,0.895676,1.041805
8.938090,1.023685,0.966781,0.955804,0.948294,0.964380,0.967484,0.962663,0.963486,1.019479,0.974475,0.970342,0.945533,0.968434,0.959753,0.955800,0.968518,0.964190,0.960097,0.998546,0.945181,0.970112,0.984608,0.975093,0.974636,0.983924,0.964781,0.959556,0.939917,0.931213,0.926072,0.936075,0.958711,0.963432,0.970508,0.990216,0.975093,0.983069,0.895477,1.041822
8.946420,1.023658,0.966691,0.955734,0.948257,0.964364,0.967471,0.962651,0.963475,1.019487,0.974463,0.970330,0.945518,0.968416,0.959720,0.955747,0.968457,0.964118,0.960027,0.998499,0.945140,0.970055,0.984555,0.975038,0.974575,0.983841,0.964667,0.959461,0.939752,0.931036,0.925944,0.936092,0.958731,0.963395,0.970477,0.990171,0.975038,0.983002,0.895284,1.041840
8.954750,1.023633,0.966603,0.955666,0.948222,0.964350,0.967460,0.962642,0.963465,1.019497,0.974453,0.970319,0.945505,0.968400,0.959691,0.955697,0.968400,0.964050,0.959958,0.998454,0.945102,0.970001,0.984505,0.974986,0.974517,0.983759,0.964556,0.959370,0.939591,0.930864,0.925817,0.936112,0.958754,0.963362,0.970450,0.990130,0.974986,0.982936,0.895096,1.041858
8.963080,1.023608,0.966517,0.955601,0.948190,0.964339,0.967452,0.962634,0.963458,1.019507,0.974446,0.970312,0.945495,0.968387,0.959664,0.955650,0.968347,0.963984,0.959893,0.998414,0.945068,0.969951,0.984458,0.974938,0.974462,0.983679,0.964448,0.959282,0.939435,0.930697,0.925691,0.936134,0.958779,0.963331,0.970427,0.990092,0.974938,0.982871,0.894913,1.041877
8.971410,1.023585,0.966433,0.955538,0.948161,0.964330,0.967446,0.962629,0.963453,1.019518,0.974442,0.970307,0.945488,0.968377,0.959639,0.955605,0.968296,0.963921,0.959830,0.998376,0.945038,0.969904,0.984415,0.974893,0.974410,0.983601,0.964344,0.959196,0.939284,0.930535,0.925566,0.936160,0.958807,0.963304,0.970408,0.990057,0.974893,0.982808,0.894735,1.041895
8.979740,1.023563,0.966351,0.955478,0.948134,0.964323,0.967443,0.962626,0.963450,1.019530,0.974440,0.970304,0.945483,0.968370,0.959618,0.955564,0.968249,0.963862,0.959770,0.998343,0.945011,0.969860,0.984375,0.974851,0.974362,0.983525,0.964243,0.959114,0.939137,0.930378,0.925441,0.936188,0.958838,0.963280,0.970393,0.990025,0.974851,0.982747,0.894563,1.041914
8.988070,1.023541,0.966270,0.955420,0.948110,0.964319,0.967442,0.962625,0.963449,1.019543,0.974441,0.970305,0.945482,0.968365,0.959599,0.955526,0.968204,0.963805,0.959713,0.998313,0.944988,0.969820,0.984338,0.974812,0.974317,0.983450,0.964146,0.959036,0.938995,0.930226,0.925318,0.936219,0.958872,0.963259,0.970382,0.989996,0.974812,0.982687,0.894397,1.041933
8.996400,1.023521,0.966192,0.955364,0.948088,0.964317,0.967444,0.962627,0.963451,1.019557,0.974445,0.970308,0.945482,0.968363,0.959583,0.955492,0.968163,0.963752,0.959659,0.998286,0.944968,0.969783,0.984304,0.974777,0.974275,0.983378,0.964052,0.958960,0.938858,0.930079,0.925195,0.936253,0.958908,0.963240,0.970375,0.989971,0.974777,0.982629,0.894236,1.041953
9.004730,1.023502,0.966115,0.955312,0.948069,0.964318,0.967449,0.962631,0.963455,1.019572,0.974451,0.970313,0.945486,0.968364,0.959570,0.955460,0.968126,0.963702,0.959608,0.998263,0.944952,0.969749,0.984274,0.974745,0.974237,0.983308,0.963961,0.958888,0.938726,0.929937,0.925073,0.936289,0.958947,0.963225,0.970372,0.989948,0.974745,0.982573,0.894081,1.041972
9.013060,1.023484,0.966041,0.955261,0.948052,0.964322,0.967456,0.962637,0.963461,1.019588,0.974461,0.970321,0.945492,0.968367,0.959560,0.955432,0.968092,0.963655,0.959560,0.998244,0.944940,0.969718,0.984247,0.974717,0.974201,0.983239,0.963874,0.958820,0.938598,0.929801,0.924952,0.936329,0.958989,0.963214,0.970373,0.989929,0.974717,0.982518,0.893931,1.041992
9.021390,1.023466,0.965968,0.955213,0.948039,0.964328,0.967465,0.962646,0.963469,1.019605,0.974473,0.970332,0.945501,0.968374,0.959552,0.955406,0.968061,0.963611,0.959514,0.998229,0.944932,0.969691,0.984224,0.974691,0.974170,0.983173,0.963791,0.958754,0.938475,0.929669,0.924832,0.936371,0.959034,0.963205,0.970378,0.989914,0.974691,0.982464,0.893787,1.042013
9.029720,1.023450,0.965898,0.955168,0.948028,0.964337,0.967477,0.962657,0.963480,1.019623,0.974488,0.970346,0.945513,0.968383,0.959548,0.955385,0.968034,0.963571,0.959472,0.998217,0.944928,0.969668,0.984204,0.974670,0.974142,0.983109,0.963711,0.958692,0.938358,0.929543,0.924713,0.936417,0.959082,0.963199,0.970387,0.989901,0.974670,0.982413,0.893649,1.042033
9.038050,1.023436,0.965829,0.955126,0.948019,0.964348,0.967492,0.962671,0.963493,1.019641,0.974505,0.970363,0.945528,0.968395,0.959547,0.955366,0.968010,0.963533,0.959433,0.998209,0.944927,0.969647,0.984188,0.974652,0.974117,0.983046,0.963635,0.958634,0.938245,0.929423,0.924595,0.936465,0.959133,0.963197,0.970401,0.989892,0.974652,0.982363,0.893518,1.042054
9.046380,1.023422,0.965763,0.955086,0.948014,0.964362,0.967509,0.962686,0.963508,1.019661,0.974526,0.970382,0.945545,0.968410,0.959548,0.955351,0.967989,0.963499,0.959396,0.998205,0.944930,0.969631,0.984175,0.974637,0.974095,0.982986,0.963563,0.958579,0.938138,0.929308,0.924478,0.936516,0.959187,0.963198,0.970418,0.989886,0.974637,0.982315,0.893392,1.042075
9.054710,1.023409,0.965698,0.955048,0.948011,0.964378,0.967530,0.962705,0.963526,1.019682,0.974549,0.970405,0.945566,0.968428,0.959553,0.955339,0.967972,0.963469,0.959363,0.998204,0.944937,0.969617,0.984166,0.974626,0.974078,0.982928,0.963494,0.958528,0.938035,0.929199,0.924362,0.936570,0.959243,0.963202,0.970440,0.989884,0.974626,0.982269,0.893272,1.042096
9.063040,1.023397,0.965636,0.955014,0.948011,0.964397,0.967552,0.962726,0.963546,1.019703,0.974576,0.970430,0.945589,0.968449,0.959560,0.955330,0.967959,0.963442,0.959333,0.998208,0.944948,0.969608,0.984160,0.974619,0.974063,0.982872,0.963429,0.958480,0.937938,0.929095,0.924247,0.936627,0.959303,0.963210,0.970465,0.989885,0.974619,0.982225,0.893158,1.042117
9.071370,1.023387,0.965576,0.954982,0.948014,0.964419,0.967578,0.962749,0.963569,1.019726,0.974605,0.970458,0.945615,0.968473,0.959570,0.955325,0.967949,0.963418,0.959306,0.998215,0.944963,0.969601,0.984158,0.974615,0.974052,0.982818,0.963368,0.958436,0.937846,0.928997,0.924133,0.936687,0.959366,0.963220,0.970495,0.989890,0.974615,0.982182,0.893050,1.042139
9.079700,1.023377,0.965518,0.954953,0.948020,0.964444,0.967606,0.962775,0.963593,1.019749,0.974638,0.970488,0.945644,0.968500,0.959584,0.955323,0.967942,0.963397,0.959283,0.998226,0.944982,0.969599,0.984159,0.974614,0.974045,0.982767,0.963311,0.958395,0.937759,0.928904,0.924020,0.936750,0.959431,0.963234,0.970529,0.989898,0.974614,0.982141,0.892949,1.042161
9.088030,1.023369,0.965463,0.954926,0.948028,0.964471,0.967637,0.962804,0.963621,1.019774,0.974673,0.970522,0.945676,0.968530,0.959601,0.955325,0.967939,0.963380,0.959262,0.998241,0.945004,0.969600,0.984164,0.974618,0.974041,0.982717,0.963257,0.958358,0.937678,0.928817,0.923908,0.936816,0.959500,0.963252,0.970567,0.989909,0.974618,0.982102,0.892853,1.042183
9.096360,1.023362,0.965409,0.954903,0.948040,0.964501,0.967671,0.962835,0.963650,1.019799,0.974711,0.970559,0.945711,0.968563,0.959620,0.955330,0.967940,0.963367,0.959244,0.998259,0.945031,0.969604,0.984173,0.974625,0.974041,0.982670,0.963208,0.958325,0.937602,0.928736,0.923797,0.936885,0.959572,0.963272,0.970609,0.989924,0.974625,0.982065,0.892764,1.042205
9.104690,1.023356,0.965358,0.954882,0.948054,0.964533,0.967707,0.962868,0.963683,1.019826,0.974752,0.970598,0.945749,0.968599,0.959643,0.955339,0.967944,0.963356,0.959230,0.998282,0.945061,0.969612,0.984185,0.974635,0.974045,0.982625,0.963162,0.958295,0.937531,0.928661,0.923688,0.936957,0.959646,0.963296,0.970656,0.989942,0.974635,0.982030,0.892681,1.042227
9.113020,1.023351,0.965309,0.954864,0.948071,0.964569,0.967747,0.962904,0.963717,1.019854,0.974797,0.970641,0.945790,0.968637,0.959669,0.955351,0.967952,0.963350,0.959219,0.998309,0.945096,0.969624,0.984201,0.974649,0.974052,0.982582,0.963120,0.958269,0.937466,0.928591,0.923579,0.937032,0.959724,0.963324,0.970707,0.989964,0.974649,0.981997,0.892605,1.042250
9.121350,1.023347,0.965262,0.954848,0.948092,0.964607,0.967789,0.962943,0.963754,1.019882,0.974844,0.970686,0.945834,0.968679,0.959698,0.955366,0.967964,0.963346,0.959211,0.998339,0.945134,0.969640,0.984220,0.974667,0.974063,0.982542,0.963082,0.958247,0.937406,0.928528,0.923472,0.937110,0.959805,0.963354,0.970761,0.989989,0.974667,0.981965,0.892535,1.042273
9.129680,1.023344,0.965217,0.954836,0.948115,0.964648,0.967833,0.962984,0.963794,1.019912,0.974894,0.970735,0.945881,0.968724,0.959730,0.955386,0.967979,0.963347,0.959207,0.998373,0.945177,0.969659,0.984244,0.974689,0.974078,0.982504,0.963048,0.958228,0.937351,0.928470,0.923366,0.937191,0.959889,0.963388,0.970821,0.990018,0.974689,0.981936,0.892471,1.042296
9.138010,1.023343,0.965175,0.954826,0.948141,0.964692,0.967881,0.963028,0.963836,1.019942,0.974948,0.970786,0.945931,0.968773,0.959765,0.955408,0.967998,0.963351,0.959205,0.998411,0.945223,0.969682,0.984271,0.974714,0.974096,0.982468,0.963018,0.958214,0.937303,0.928418,0.923260,0.937275,0.959976,0.963426,0.970884,0.990051,0.974714,0.981908,0.892414,1.042319
9.146340,1.023342,0.965135,0.954820,0.948170,0.964738,0.967932,0.963074,0.963881,1.019974,0.975004,0.970840,0.945984,0.968824,0.959803,0.955434,0.968021,0.963358,0.959207,0.998454,0.945273,0.969708,0.984301,0.974743,0.974118,0.982434,0.962993,0.958203,0.937259,0.928372,0.923156,0.937362,0.960066,0.963466,0.970951,0.990087,0.974743,0.981883,0.892364,1.042343
9.154670,1.023343,0.965097,0.954816,0.948202,0.964788,0.967985,0.963123,0.963928,1.020007,0.975064,0.970898,0.946040,0.968878,0.959845,0.955464,0.968047,0.963369,0.959213,0.998500,0.945327,0.969738,0.984336,0.974776,0.974143,0.982403,0.962971,0.958196,0.937221,0.928332,0.923054,0.937452,0.960160,0.963510,0.971023,0.990126,0.974776,0.981859,0.892319,1.042366
9.163000,1.023345,0.965062,0.954815,0.948237,0.964840,0.968041,0.963175,0.963977,1.020040,0.975127,0.970958,0.946099,0.968935,0.959890,0.955497,0.968077,0.963383,0.959221,0.998550,0.945386,0.969772,0.984374,0.974812,0.974172,0.982374,0.962953,0.958192,0.937189,0.928298,0.922952,0.937545,0.960256,0.963558,0.971099,0.990169,0.974812,0.981837,0.892282,1.042390
9.171330,1.023348,0.965029,0.954817,0.948274,0.964895,0.968100,0.963229,0.964029,1.020075,0.975192,0.971021,0.946161,0.968996,0.959938,0.955534,0.968110,0.963401,0.959233,0.998604,0.945448,0.969809,0.984416,0.974853,0.974205,0.982347,0.962939,0.958193,0.937163,0.928270,0.922852,0.937641,0.960356,0.963609,0.971179,0.990216,0.974853,0.981818,0.892251,1.042414
9.179660,1.023352,0.964998,0.954821,0.948315,0.964952,0.968162,0.963286,0.964084,1.020111,0.975261,0.971087,0.946226,0.969059,0.959989,0.955574,0.968148,0.963423,0.959248,0.998662,0.945514,0.969850,0.984461,0.974896,0.974242,0.982323,0.962929,0.958197,0.937142,0.928248,0.922753,0.937740,0.960458,0.963663,0.971263,0.990266,0.974896,0.981800,0.892226,1.042439
9.187990,1.023357,0.964969,0.954829,0.948359,0.965013,0.968226,0.963345,0.964141,1.020147,0.975333,0.971157,0.946294,0.969126,0.960043,0.955618,0.968189,0.963448,0.959267,0.998723,0.945584,0.969895,0.984510,0.974944,0.974282,0.982301,0.962924,0.958205,0.937126,0.928232,0.922655,0.937842,0.960564,0.963721,0.971352,0.990319,0.974944,0.981784,0.892208,1.042463
9.196320,1.023364,0.964943,0.954840,0.948406,0.965076,0.968294,0.963407,0.964201,1.020185,0.975408,0.971229,0.946365,0.969196,0.960100,0.955666,0.968233,0.963477,0.959289,0.998789,0.945658,0.969944,0.984563,0.974995,0.974327,0.982282,0.962922,0.958217,0.937116,0.928223,0.922558,0.937947,0.960673,0.963781,0.971444,0.990377,0.974995,0.981770,0.892197,1.042487
9.204650,1.023371,0.964919,0.954853,0.948456,0.965142,0.968364,0.963472,0.964263,1.020224,0.975486,0.971304,0.946439,0.969269,0.960161,0.955717,0.968282,0.963509,0.959314,0.998859,0.945736,0.969996,0.984620,0.975051,0.974374,0.982264,0.962925,0.958233,0.937112,0.928219,0.922462,0.938055,0.960785,0.963846,0.971541,0.990437,0.975051,0.981759,0.892192,1.042512
9.212980,1.023380,0.964898,0.954870,0.948509,0.965211,0.968437,0.963539,0.964327,1.020264,0.975567,0.971382,0.946516,0.969345,0.960225,0.955771,0.968334,0.963545,0.959342,0.998932,0.945818,0.970052,0.984681,0.975109,0.974426,0.982250,0.962932,0.958253,0.937114,0.928221,0.922368,0.938165,0.960900,0.963913,0.971642,0.990502,0.975109,0.981749,0.892194,1.042537
9.221310,1.023389,0.964879,0.954889,0.948564,0.965283,0.968513,0.963609,0.964394,1.020304,0.975651,0.971464,0.946597,0.969424,0.960291,0.955830,0.968390,0.963584,0.959374,0.999010,0.945903,0.970112,0.984745,0.975172,0.974481,0.982237,0.962942,0.958276,0.937121,0.928230,0.922275,0.938279,0.961018,0.963984,0.971747,0.990570,0.975172,0.981741,0.892202,1.042562
9.229640,1.023400,0.964862,0.954911,0.948623,0.965357,0.968592,0.963681,0.964464,1.020346,0.975738,0.971548,0.946680,0.969506,0.960362,0.955891,0.968449,0.963627,0.959409,0.999091,0.945993,0.970175,0.984813,0.975238,0.974540,0.982227,0.962957,0.958304,0.937134,0.928244,0.922183,0.938396,0.961139,0.964059,0.971856,0.990641,0.975238,0.981736,0.892217,1.042587
9.237970,1.023412,0.964847,0.954936,0.948685,0.965434,0.968673,0.963756,0.964536,1.020389,0.975828,0.971635,0.946766,0.969591,0.960435,0.955957,0.968512,0.963674,0.959448,0.999176,0.946087,0.970242,0.984884,0.975308,0.974603,0.982219,0.962976,0.958335,0.937152,0.928264,0.922093,0.938515,0.961263,0.964136,0.971969,0.990716,0.975308,0.981732,0.892239,1.042612
9.246300,1.023425,0.964835,0.954964,0.948749,0.965514,0.968757,0.963834,0.964611,1.020432,0.975921,0.971725,0.946855,0.969679,0.960511,0.956025,0.968579,0.963724,0.959489,0.999265,0.946184,0.970313,0.984959,0.975382,0.974669,0.982214,0.962999,0.958370,0.937176,0.928291,0.922004,0.938638,0.961390,0.964217,0.972086,0.990794,0.975382,0.981730,0.892267,1.042637
9.254630,1.023439,0.964825,0.954995,0.948817,0.965597,0.968844,0.963914,0.964687,1.020477,0.976017,0.971818,0.946948,0.969770,0.960591,0.956098,0.968650,0.963778,0.959534,0.999358,0.946285,0.970387,0.985038,0.975459,0.974739,0.982211,0.963026,0.958409,0.937206,0.928324,0.921916,0.938763,0.961520,0.964302,0.972207,0.990876,0.975459,0.981731,0.892302,1.042663
9.262960,1.023455,0.964818,0.955029,0.948887,0.965682,0.968934,0.963997,0.964767,1.020522,0.976116,0.971914,0.947043,0.969865,0.960673,0.956173,0.968724,0.963835,0.959582,0.999455,0.946390,0.970465,0.985121,0.975540,0.974813,0.982210,0.963057,0.958451,0.937242,0.928362,0.921829,0.938891,0.961654,0.964389,0.972332,0.990962,0.975540,0.981733,0.892343,1.042688
9.271290,1.023471,0.964813,0.955066,0.948961,0.965770,0.969027,0.964082,0.964849,1.020569,0.976218,0.972013,0.947141,0.969962,0.960759,0.956253,0.968802,0.963896,0.959634,0.999556,0.946499,0.970547,0.985207,0.975625,0.974890,0.982212,0.963092,0.958498,0.937282,0.928407,0.921744,0.939022,0.961790,0.964480,0.972461,0.991051,0.975625,0.981738,0.892391,1.042714
9.279620,1.023488,0.964810,0.955105,0.949037,0.965861,0.969122,0.964169,0.964933,1.020616,0.976323,0.972114,0.947242,0.970062,0.960848,0.956336,0.968883,0.963960,0.959689,0.999660,0.946612,0.970632,0.985297,0.975713,0.974971,0.982216,0.963131,0.958548,0.937329,0.928457,0.921659,0.939156,0.961929,0.964574,0.972594,0.991143,0.975713,0.981744,0.892445,1.042740
9.287950,1.023507,0.964809,0.955147,0.949117,0.965954,0.969220,0.964260,0.965019,1.020665,0.976431,0.972219,0.947346,0.970165,0.960940,0.956422,0.968968,0.964027,0.959747,0.999768,0.946728,0.970721,0.985390,0.975805,0.975056,0.982222,0.963175,0.958602,0.937381,0.928514,0.921576,0.939293,0.962071,0.964671,0.972731,0.991239,0.975805,0.981753,0.892505,1.042766
9.296280,1.023526,0.964811,0.955193,0.949199,0.966050,0.969320,0.964352,0.965108,1.020714,0.976542,0.972326,0.947453,0.970272,0.961035,0.956511,0.969056,0.964099,0.959808,0.999880,0.946849,0.970813,0.985488,0.975901,0.975144,0.982231,0.963222,0.958659,0.937439,0.928576,0.921495,0.939432,0.962216,0.964772,0.972871,0.991338,0.975901,0.981763,0.892573,1.042792
9.304610,1.023547,0.964815,0.955241,0.949284,0.966149,0.969423,0.964447,0.965200,1.020764,0.976656,0.972436,0.947562,0.970381,0.961132,0.956605,0.969148,0.964173,0.959872,0.999995,0.946972,0.970909,0.985588,0.976000,0.975236,0.982242,0.963273,0.958721,0.937502,0.928645,0.921414,0.939574,0.962363,0.964876,0.973016,0.991441,0.976000,0.981775,0.892646,1.042817
9.312940,1.023568,0.964821,0.955291,0.949371,0.966251,0.969529,0.964545,0.965293,1.020816,0.976773,0.972549,0.947675,0.970493,0.961233,0.956701,0.969244,0.964251,0.959940,1.000115,0.947100,0.971009,0.985692,0.976103,0.975331,0.982255,0.963328,0.958786,0.937570,0.928719,0.921335,0.939718,0.962514,0.964982,0.973164,0.991547,0.976103,0.981790,0.892726,1.042843
9.321270,1.023591,0.964830,0.955345,0.949462,0.966354,0.969637,0.964644,0.965389,1.020868,0.976892,0.972665,0.947790,0.970607,0.961337,0.956801,0.969343,0.964333,0.960011,1.000238,0.947231,0.971112,0.985800,0.976209,0.975430,0.982270,0.963387,0.958855,0.937645,0.928799,0.921257,0.939866,0.962667,0.965092,0.973316,0.991656,0.976209,0.981806,0.892812,1.042870
9.329600,1.023614,0.964840,0.955401,0.949555,0.966461,0.969748,0.964747,0.965488,1.020920,0.977014,0.972783,0.947908,0.970725,0.961444,0.956904,0.969445,0.964417,0.960085,1.000364,0.947366,0.971218,0.985911,0.976319,0.975532,0.982288,0.963450,0.958927,0.937724,0.928885,0.921180,0.940015,0.962823,0.965205,0.973472,0.991769,0.976319,0.981824,0.892905,1.042896
9.337930,1.023639,0.964853,0.955460,0.949651,0.966570,0.969862,0.964851,0.965588,1.020974,0.977139,0.972904,0.948029,0.970845,0.961554,0.957010,0.969551,0.964505,0.960162,1.000494,0.947504,0.971328,0.986026,0.976432,0.975638,0.982308,0.963517,0.959003,0.937809,0.928977,0.921105,0.940168,0.962981,0.965322,0.973632,0.991885,0.976432,0.981845,0.893004,1.042922
9.346260,1.023665,0.964868,0.955522,0.949750,0.966681,0.969978,0.964958,0.965691,1.021029,0.977267,0.973028,0.948152,0.970969,0.961666,0.957120,0.969661,0.964597,0.960242,1.000628,0.947646,0.971441,0.986144,0.976548,0.975747,0.982331,0.963588,0.959083,0.937899,0.929074,0.921031,0.940322,0.963142,0.965441,0.973795,0.992005,0.976548,0.981867,0.893109,1.042948
9.354590,1.023691,0.964886,0.955586,0.949852,0.966795,0.970096,0.965067,0.965796,1.021084,0.977397,0.973154,0.948278,0.971095,0.961782,0.957233,0.969774,0.964692,0.960325,1.000765,0.947791,0.971558,0.986266,0.976669,0.975859,0.982355,0.963662,0.959166,0.937994,0.929177,0.920958,0.940480,0.963306,0.965563,0.973962,0.992127,0.976669,0.981891,0.893220,1.042974
9.362920,1.023718,0.964905,0.955653,0.949956,0.966911,0.970217,0.965178,0.965903,1.021140,0.977530,0.973283,0.948407,0.971223,0.961900,0.957349,0.969890,0.964790,0.960411,1.000906,0.947940,0.971678,0.986390,0.976792,0.975975,0.982382,0.963740,0.959253,0.938095,0.929285,0.920886,0.940639,0.963472,0.965688,0.974132,0.992253,0.976792,0.981917,0.893337,1.043000
9.371250,1.023747,0.964927,0.955723,0.950063,0.967030,0.970340,0.965292,0.966012,1.021197,0.977666,0.973414,0.948538,0.971354,0.962021,0.957469,0.970009,0.964891,0.960500,1.001050,0.948092,0.971801,0.986519,0.976919,0.976095,0.982411,0.963822,0.959343,0.938201,0.929400,0.920815,0.940801,0.963641,0.965816,0.974305,0.992382,0.976919,0.981945,0.893461,1.043026
9.379580,1.023776,0.964951,0.955795,0.950172,0.967151,0.970466,0.965408,0.966123,1.021254,0.977804,0.973548,0.948672,0.971488,0.962144,0.957591,0.970132,0.964995,0.960592,1.001197,0.948248,0.971927,0.986650,0.977049,0.976217,0.982442,0.963908,0.959437,0.938312,0.929519,0.920746,0.940966,0.963812,0.965947,0.974483,0.992514,0.977049,0.981974,0.893590,1.043052
9.387910,1.023806,0.964976,0.955870,0.950284,0.967274,0.970594,0.965525,0.966236,1.021313,0.977944,0.973684,0.948808,0.971624,0.962271,0.957717,0.970257,0.965102,0.960687,1.001348,0.948407,0.972057,0.986785,0.977182,0.976343,0.982475,0.963997,0.959534,0.938428,0.929644,0.920677,0.941132,0.963986,0.966081,0.974663,0.992649,0.977182,0.982006,0.893725,1.043079
9.396240,1.023837,0.965004,0.955947,0.950398,0.967400,0.970724,0.965645,0.966352,1.021372,0.978087,0.973823,0.948947,0.971763,0.962400,0.957845,0.970386,0.965213,0.960785,1.001502,0.948569,0.972190,0.986923,0.977319,0.976472,0.982510,0.964090,0.959634,0.938549,0.929775,0.920610,0.941301,0.964162,0.966217,0.974847,0.992787,0.977319,0.982039,0.893866,1.043105
9.404570,1.023869,0.965034,0.956027,0.950515,0.967528,0.970856,0.965767,0.966469,1.021432,0.978233,0.973964,0.949088,0.971905,0.962531,0.957977,0.970519,0.965327,0.960886,1.001659,0.948734,0.972326,0.987064,0.977458,0.976604,0.982547,0.964187,0.959738,0.938675,0.929910,0.920544,0.941472,0.964340,0.966357,0.975034,0.992929,0.977458,0.982074,0.894013,1.043131
9.412900,1.023902,0.965066,0.956109,0.950634,0.967658,0.970991,0.965891,0.966588,1.021492,0.978381,0.974107,0.949231,0.972048,0.962665,0.958112,0.970654,0.965443,0.960989,1.001819,0.948903,0.972465,0.987208,0.977601,0.976740,0.982586,0.964287,0.959845,0.938806,0.930051,0.920480,0.941645,0.964520,0.966499,0.975224,0.993073,0.977601,0.982111,0.894165,1.043157
9.421230,1.023935,0.965100,0.956194,0.950756,0.967790,0.971127,0.966017,0.966709,1.021553,0.978531,0.974252,0.949377,0.972194,0.962802,0.958249,0.970792,0.965563,0.961096,1.001983,0.949074,0.972608,0.987355,0.977747,0.976878,0.982628,0.964390,0.959955,0.938942,0.930198,0.920416,0.941820,0.964702,0.966644,0.975418,0.993220,0.977747,0.982150,0.894323,1.043182
9.429560,1.023969,0.965136,0.956281,0.950880,0.967924,0.971266,0.966145,0.966832,1.021615,0.978683,0.974400,0.949525,0.972343,0.962941,0.958389,0.970933,0.965685,0.961204,1.002150,0.949249,0.972753,0.987506,0.977896,0.977019,0.982671,0.964497,0.960069,0.939082,0.930349,0.920353,0.941998,0.964886,0.966791,0.975614,0.993371,0.977896,0.982190,0.894487,1.043208
9.437890,1.024004,0.965173,0.956370,0.951006,0.968060,0.971407,0.966275,0.966957,1.021677,0.978837,0.974550,0.949675,0.972493,0.963082,0.958532,0.971078,0.965810,0.961316,1.002319,0.949426,0.972901,0.987659,0.978048,0.977164,0.982716,0.964607,0.960185,0.939228,0.930505,0.920292,0.942177,0.965073,0.966941,0.975814,0.993524,0.978048,0.982232,0.894656,1.043234
9.446220,1.024040,0.965213,0.956462,0.951135,0.968198,0.971549,0.966406,0.967083,1.021740,0.978994,0.974702,0.949827,0.972646,0.963226,0.958678,0.971225,0.965938,0.961430,1.002492,0.949607,0.973052,0.987815,0.978203,0.977311,0.982763,0.964721,0.960305,0.939377,0.930666,0.920231,0.942358,0.965261,0.967094,0.976017,0.993679,0.978203,0.982276,0.894830,1.043259
9.454550,1.024077,0.965254,0.956555,0.951265,0.968338,0.971694,0.966539,0.967211,1.021803,0.979153,0.974856,0.949982,0.972801,0.963372,0.958827,0.971374,0.966069,0.961547,1.002668,0.949791,0.973206,0.987974,0.978361,0.977461,0.982812,0.964837,0.960427,0.939532,0.930832,0.920172,0.942541,0.965451,0.967249,0.976222,0.993838,0.978361,0.982321,0.895010,1.043285
9.462880,1.024114,0.965297,0.956651,0.951398,0.968480,0.971840,0.966674,0.967341,1.021867,0.979313,0.975011,0.950138,0.972958,0.963520,0.958978,0.971527,0.966203,0.961666,1.002846,0.949977,0.973363,0.988136,0.978522,0.977614,0.982863,0.964957,0.960553,0.939690,0.931003,0.920114,0.942725,0.965643,0.967407,0.976430,0.993999,0.978522,0.982368,0.895195,1.043310
9.471210,1.024152,0.965342,0.956749,0.951533,0.968624,0.971989,0.966811,0.967472,1.021932,0.979476,0.975169,0.950296,0.973117,0.963670,0.959132,0.971682,0.966339,0.961788,1.003027,0.950166,0.973522,0.988301,0.978685,0.977770,0.982915,0.965080,0.960681,0.939853,0.931178,0.920056,0.942912,0.965836,0.967567,0.976641,0.994163,0.978685,0.982416,0.895384,1.043335
9.479540,1.024190,0.965389,0.956850,0.951670,0.968769,0.972139,0.966949,0.967605,1.021997,0.979641,0.975329,0.950457,0.973278,0.963823,0.959288,0.971841,0.966478,0.961912,1.003211,0.950358,0.973684,0.988469,0.978851,0.977928,0.982969,0.965206,0.960812,0.940021,0.931358,0.920000,0.943100,0.966031,0.967729,0.976855,0.994330,0.978851,0.982466,0.895579,1.043360
9.487870,1.024229,0.965437,0.956952,0.951808,0.968916,0.972290,0.967089,0.967740,1.022062,0.979807,0.975490,0.950619,0.973440,0.963978,0.959447,0.972001,0.966619,0.962038,1.003398,0.950552,0.973849,0.988639,0.979020,0.978089,0.983025,0.965335,0.960946,0.940192,0.931543,0.919944,0.943289,0.966228,0.967894,0.977072,0.994499,0.979020,0.982518,0.895779,1.043385
9.496200,1.024269,0.965487,0.957056,0.951949,0.969065,0.972444,0.967230,0.967876,1.022128,0.979975,0.975653,0.950782,0.973605,0.964134,0.959608,0.972164,0.966763,0.962167,1.003587,0.950749,0.974016,0.988811,0.979191,0.978253,0.983083,0.965467,0.961083,0.940368,0.931731,0.919890,0.943481,0.966426,0.968060,0.977291,0.994671,0.979191,0.982570,0.895983,1.043410
9.504530,1.024309,0.965539,0.957162,0.952092,0.969215,0.972599,0.967373,0.968013,1.022194,0.980145,0.975818,0.950948,0.973771,0.964292,0.959771,0.972330,0.966909,0.962298,1.003779,0.950948,0.974186,0.988987,0.979365,0.978419,0.983142,0.965602,0.961222,0.940548,0.931925,0.919837,0.943673,0.966626,0.968230,0.977512,0.994845,0.979365,0.982625,0.896193,1.043435
9.512860,1.024350,0.965592,0.957270,0.952236,0.969367,0.972755,0.967517,0.968152,1.022260,0.980316,0.975984,0.951115,0.973939,0.964453,0.959937,0.972498,0.967057,0.962431,1.003973,0.951150,0.974358,0.989165,0.979542,0.978588,0.983203,0.965739,0.961364,0.940731,0.932122,0.919784,0.943867,0.966826,0.968401,0.977736,0.995022,0.979542,0.982680,0.896406,1.043459
9.521190,1.024392,0.965646,0.957380,0.952382,0.969521,0.972913,0.967663,0.968292,1.022327,0.980489,0.976152,0.951284,0.974109,0.964615,0.960105,0.972668,0.967208,0.962566,1.004170,0.951355,0.974533,0.989345,0.979721,0.978759,0.983266,0.965879,0.961508,0.940919,0.932323,0.919732,0.944063,0.967028,0.968574,0.977963,0.995201,0.979721,0.982737,0.896624,1.043483
9.529520,1.024434,0.965702,0.957491,0.952530,0.969676,0.973072,0.967810,0.968433,1.022394,0.980663,0.976321,0.951454,0.974280,0.964779,0.960275,0.972841,0.967361,0.962703,1.004369,0.951561,0.974710,0.989527,0.979902,0.978932,0.983329,0.966022,0.961655,0.941110,0.932529,0.919681,0.944259,0.967231,0.968749,0.978191,0.995382,0.979902,0.982796,0.896847,1.043507
9.537850,1.024476,0.965760,0.957604,0.952679,0.969832,0.973233,0.967958,0.968575,1.022461,0.980839,0.976492,0.951625,0.974453,0.964944,0.960448,0.973016,0.967516,0.962842,1.004571,0.951770,0.974889,0.989712,0.980085,0.979108,0.983395,0.966167,0.961804,0.941305,0.932738,0.919631,0.944457,0.967436,0.968926,0.978422,0.995565,0.980085,0.982855,0.897073,1.043531
9.546180,1.024519,0.965818,0.957719,0.952830,0.969989,0.973395,0.968107,0.968719,1.022529,0.981016,0.976664,0.951798,0.974627,0.965111,0.960622,0.973193,0.967673,0.962983,1.004774,0.951981,0.975070,0.989899,0.980271,0.979286,0.983461,0.966315,0.961956,0.941503,0.932951,0.919582,0.944656,0.967641,0.969106,0.978655,0.995751,0.980271,0.982916,0.897304,1.043554
9.554510,1.024562,0.965878,0.957835,0.952982,0.970148,0.973558,0.968257,0.968863,1.022596,0.981195,0.976837,0.951973,0.974802,0.965280,0.960798,0.973372,0.967832,0.963126,1.004980,0.952194,0.975254,0.990088,0.980459,0.979465,0.983529,0.966466,0.962109,0.941705,0.933167,0.919533,0.944857,0.967847,0.969287,0.978890,0.995939,0.980459,0.982978,0.897539,1.043577
9.562840,1.024606,0.965940,0.957953,0.953136,0.970308,0.973722,0.968409,0.969009,1.022664,0.981374,0.977012,0.952148,0.974979,0.965450,0.960976,0.973553,0.967994,0.963270,1.005188,0.952409,0.975439,0.990280,0.980649,0.979647,0.983599,0.966618,0.962265,0.941910,0.933388,0.919486,0.945058,0.968054,0.969469,0.979127,0.996129,0.980649,0.983041,0.897777,1.043600
9.571170,1.024650,0.966002,0.958073,0.953291,0.970468,0.973887,0.968561,0.969155,1.022733,0.981555,0.977187,0.952325,0.975157,0.965621,0.961156,0.973736,0.968157,0.963417,1.005397,0.952626,0.975627,0.990473,0.980841,0.979831,0.983669,0.966773,0.962423,0.942118,0.933611,0.919439,0.945260,0.968261,0.969654,0.979366,0.996320,0.980841,0.983106,0.898020,1.043623
9.579500,1.024694,0.966066,0.958194,0.953447,0.970630,0.974054,0.968714,0.969302,1.022801,0.981737,0.977364,0.952502,0.975336,0.965794,0.961337,0.973921,0.968321,0.963565,1.005609,0.952845,0.975816,0.990668,0.981035,0.980017,0.983741,0.966930,0.962583,0.942329,0.933838,0.919392,0.945463,0.968469,0.969840,0.979607,0.996514,0.981035,0.983171,0.898266,1.043645
9.587830,1.024739,0.966131,0.958316,0.953605,0.970793,0.974221,0.968868,0.969451,1.022869,0.981920,0.977541,0.952681,0.975516,0.965968,0.961521,0.974108,0.968488,0.963714,1.005823,0.953066,0.976007,0.990866,0.981231,0.980205,0.983814,0.967089,0.962745,0.942544,0.934069,0.919347,0.945667,0.968678,0.970028,0.979850,0.996710,0.981231,0.983237,0.898516,1.043668
9.596160,1.024784,0.966197,0.958439,0.953764,0.970957,0.974389,0.969023,0.969600,1.022937,0.982104,0.977720,0.952861,0.975697,0.966143,0.961706,0.974296,0.968656,0.963866,1.006038,0.953289,0.976200,0.991065,0.981429,0.980395,0.983888,0.967250,0.962909,0.942761,0.934302,0.919302,0.945871,0.968888,0.970217,0.980094,0.996907,0.981429,0.983305,0.898769,1.043689
9.604490,1.024829,0.966264,0.958564,0.953924,0.971122,0.974558,0.969179,0.969749,1.023006,0.982288,0.977899,0.953042,0.975879,0.966320,0.961892,0.974486,0.968826,0.964018,1.006255,0.953513,0.976395,0.991266,0.981628,0.980586,0.983964,0.967414,0.963074,0.942982,0.934539,0.919257,0.946077,0.969097,0.970408,0.980340,0.997107,0.981628,0.983373,0.899026,1.043711
9.612820,1.024875,0.966332,0.958690,0.954085,0.971287,0.974728,0.969335,0.969900,1.023074,0.982473,0.978079,0.953223,0.976062,0.966497,0.962080,0.974678,0.968998,0.964172,1.006474,0.953739,0.976592,0.991468,0.981830,0.980779,0.984040,0.967579,0.963242,0.943205,0.934779,0.919213,0.946283,0.969307,0.970600,0.980588,0.997308,0.981830,0.983443,0.899287,1.043732
9.621150,1.024920,0.966401,0.958817,0.954246,0.971453,0.974899,0.969493,0.970051,1.023143,0.982660,0.978260,0.953405,0.976246,0.966675,0.962269,0.974872,0.969171,0.964328,1.006694,0.953966,0.976790,0.991673,0.982033,0.980973,0.984117,0.967746,0.963411,0.943431,0.935022,0.919170,0.946489,0.969518,0.970794,0.980837,0.997510,0.982033,0.983513,0.899550,1.043753
9.629480,1.024966,0.966471,0.958945,0.954409,0.971620,0.975070,0.969650,0.970202,1.023211,0.982846,0.978442,0.953588,0.976431,0.966855,0.962460,0.975066,0.969345,0.964485,1.006916,0.954195,0.976989,0.991879,0.982237,0.981170,0.984196,0.967915,0.963581,0.943660,0.935268,0.919128,0.946696,0.969728,0.970988,0.981087,0.997715,0.982237,0.983584,0.899817,1.043773
9.637810,1.025012,0.966542,0.959074,0.954573,0.971788,0.975242,0.969808,0.970354,1.023279,0.983034,0.978624,0.953772,0.976616,0.967035,0.962652,0.975263,0.969521,0.964643,1.007139,0.954426,0.977191,0.992086,0.982443,0.981367,0.984275,0.968085,0.963754,0.943892,0.935516,0.919085,0.946904,0.969939,0.971185,0.981339,0.997921,0.982443,0.983656,0.900088,1.043794
9.646140,1.025059,0.966613,0.959204,0.954737,0.971956,0.975414,0.969967,0.970507,1.023347,0.983221,0.978807,0.953956,0.976801,0.967216,0.962845,0.975460,0.969698,0.964802,1.007364,0.954657,0.977393,0.992295,0.982651,0.981566,0.984355,0.968258,0.963927,0.944126,0.935768,0.919044,0.947112,0.970149,0.971382,0.981592,0.998128,0.982651,0.983729,0.900361,1.043813
9.654470,1.025105,0.966686,0.959335,0.954903,0.972124,0.975587,0.970126,0.970659,1.023415,0.983410,0.978990,0.954140,0.976988,0.967398,0.963040,0.975659,0.969877,0.964962,1.007590,0.954890,0.977597,0.992506,0.982860,0.981766,0.984436,0.968432,0.964103,0.944362,0.936022,0.919003,0.947320,0.970360,0.971581,0.981846,0.998337,0.982860,0.983803,0.900638,1.043833
9.662800,1.025151,0.966759,0.959467,0.955069,0.972293,0.975760,0.970286,0.970813,1.023483,0.983598,0.979173,0.954325,0.977174,0.967580,0.963235,0.975859,0.970056,0.965124,1.007817,0.955124,0.977802,0.992718,0.983070,0.981968,0.984518,0.968608,0.964279,0.944601,0.936279,0.918962,0.947528,0.970571,0.971780,0.982102,0.998547,0.983070,0.983877,0.900917,1.043852
9.671130,1.025198,0.966833,0.959600,0.955235,0.972463,0.975933,0.970445,0.970966,1.023551,0.983787,0.979357,0.954511,0.977362,0.967763,0.963431,0.976061,0.970237,0.965286,1.008046,0.955360,0.978009,0.992931,0.983282,0.982171,0.984601,0.968785,0.964458,0.944843,0.936538,0.918921,0.947737,0.970781,0.971981,0.982358,0.998758,0.983282,0.983952,0.901200,1.043871
9.679460,1.025244,0.966907,0.959733,0.955402,0.972633,0.976107,0.970605,0.971120,1.023619,0.983977,0.979541,0.954696,0.977549,0.967947,0.963629,0.976263,0.970419,0.965449,1.008275,0.955596,0.978216,0.993145,0.983495,0.982375,0.984684,0.968963,0.964637,0.945086,0.936800,0.918882,0.947946,0.970991,0.972183,0.982616,0.998971,0.983495,0.984028,0.901485,1.043889
9.687790,1.025291,0.966982,0.959868,0.955570,0.972803,0.976281,0.970766,0.971274,1.023686,0.984166,0.979725,0.954882,0.977737,0.968131,0.963827,0.976467,0.970602,0.965614,1.008506,0.955834,0.978425,0.993361,0.983709,0.982580,0.984769,0.969143,0.964817,0.945332,0.937065,0.918842,0.948155,0.971201,0.972385,0.982874,0.999185,0.983709,0.984104,0.901773,1.043907
9.696120,1.025337,0.967058,0.960002,0.955738,0.972973,0.976456,0.970926,0.971428,1.023753,0.984356,0.979910,0.955068,0.977925,0.968316,0.964027,0.976671,0.970786,0.965779,1.008738,0.956072,0.978635,0.993577,0.983924,0.982786,0.984854,0.969325,0.964999,0.945580,0.937331,0.918803,0.948364,0.971410,0.972589,0.983133,0.999401,0.983924,0.984181,0.902064,1.043925
9.704450,1.025384,0.967134,0.960138,0.955906,0.973143,0.976630,0.971087,0.971582,1.023820,0.984546,0.980095,0.955255,0.978113,0.968501,0.964227,0.976877,0.970970,0.965945,1.008971,0.956312,0.978846,0.993795,0.984141,0.982994,0.984939,0.969508,0.965182,0.945830,0.937600,0.918764,0.948573,0.971619,0.972793,0.983393,0.999617,0.984141,0.984259,0.902357,1.043942
9.712780,1.025430,0.967211,0.960274,0.956075,0.973314,0.976804,0.971247,0.971737,1.023887,0.984735,0.980279,0.955441,0.978302,0.968686,0.964427,0.977083,0.971156,0.966111,1.009204,0.956552,0.979057,0.994014,0.984358,0.983202,0.985025,0.969691,0.965366,0.946082,0.937871,0.918725,0.948782,0.971828,0.972998,0.983654,0.999834,0.984358,0.984337,0.902653,1.043958
9.721110,1.025477,0.967288,0.960410,0.956244,0.973484,0.976979,0.971408,0.971891,1.023953,0.984925,0.980464,0.955628,0.978490,0.968872,0.964629,0.977290,0.971342,0.966279,1.009438,0.956793,0.979270,0.994234,0.984576,0.983411,0.985112,0.969876,0.965550,0.946336,0.938144,0.918687,0.948990,0.972035,0.973204,0.983915,1.000053,0.984576,0.984416,0.902952,1.043975
9.729440,1.025523,0.967366,0.960547,0.956414,0.973655,0.977154,0.971568,0.972045,1.024019,0.985115,0.980648,0.955814,0.978678,0.969057,0.964831,0.977498,0.971529,0.966446,1.009673,0.957034,0.979483,0.994454,0.984795,0.983620,0.985199,0.970063,0.965736,0.946592,0.938419,0.918649,0.949199,0.972243,0.973410,0.984178,1.000272,0.984795,0.984495,0.903252,1.043991
9.737770,1.025569,0.967443,0.960684,0.956583,0.973825,0.977328,0.971729,0.972199,1.024084,0.985304,0.980833,0.956000,0.978867,0.969243,0.965033,0.977706,0.971717,0.966615,1.009909,0.957277,0.979697,0.994676,0.985015,0.983831,0.985287,0.970250,0.965923,0.946849,0.938696,0.918611,0.949407,0.972449,0.973618,0.984440,1.000492,0.985015,0.984575,0.903555,1.044006
9.746100,1.025615,0.967522,0.960822,0.956753,0.973996,0.977502,0.971889,0.972353,1.024150,0.985493,0.981017,0.956186,0.979055,0.969429,0.965236,0.977915,0.971905,0.966784,1.010145,0.957519,0.979912,0.994898,0.985235,0.984042,0.985375,0.970438,0.966110,0.947108,0.938975,0.918573,0.949616,0.972655,0.973825,0.984703,1.000713,0.985235,0.984654,0.903860,1.044021
9.754430,1.025661,0.967600,0.960960,0.956922,0.974166,0.977676,0.972049,0.972507,1.024215,0.985682,0.981201,0.956372,0.979243,0.969615,0.965439,0.978125,0.972094,0.966953,1.010382,0.957763,0.980128,0.995121,0.985457,0.984254,0.985463,0.970627,0.966298,0.947369,0.939255,0.918536,0.949823,0.972860,0.974033,0.984966,1.000935,0.985457,0.984735,0.904167,1.044036
9.762760,1.025707,0.967679,0.961098,0.957092,0.974336,0.977850,0.972209,0.972661,1.024279,0.985871,0.981385,0.956558,0.979431,0.969801,0.965643,0.978335,0.972283,0.967123,1.010620,0.958006,0.980344,0.995344,0.985678,0.984466,0.985552,0.970817,0.966487,0.947631,0.939537,0.918498,0.950031,0.973064,0.974242,0.985230,1.001157,0.985678,0.984815,0.904476,1.044050
9.771090,1.025752,0.967757,0.961236,0.957262,0.974506,0.978024,0.972369,0.972814,1.024343,0.986060,0.981568,0.956743,0.979618,0.969987,0.965847,0.978546,0.972473,0.967293,1.010857,0.958250,0.980560,0.995568,0.985901,0.984678,0.985641,0.971007,0.966676,0.947894,0.939821,0.918461,0.950238,0.973268,0.974451,0.985494,1.001381,0.985901,0.984896,0.904787,1.044064
9.779420,1.025797,0.967836,0.961375,0.957431,0.974676,0.978197,0.972528,0.972967,1.024407,0.986247,0.981752,0.956928,0.979805,0.970173,0.966051,0.978757,0.972663,0.967463,1.011095,0.958495,0.980777,0.995793,0.986124,0.984891,0.985730,0.971198,0.966866,0.948159,0.940106,0.918424,0.950445,0.973470,0.974660,0.985758,1.001604,0.986124,0.984977,0.905100,1.044077
9.787750,1.025842,0.967915,0.961513,0.957600,0.974845,0.978370,0.972687,0.973120,1.024470,0.986435,0.981934,0.957113,0.979992,0.970358,0.966256,0.978968,0.972853,0.967634,1.011334,0.958739,0.980994,0.996018,0.986347,0.985105,0.985820,0.971390,0.967056,0.948425,0.940392,0.918386,0.950651,0.973671,0.974869,0.986022,1.001829,0.986347,0.985058,0.905414,1.044090
9.796080,1.025887,0.967994,0.961651,0.957770,0.975014,0.978543,0.972846,0.973272,1.024532,0.986622,0.982116,0.957297,0.980178,0.970544,0.966460,0.979179,0.973044,0.967804,1.011572,0.958984,0.981212,0.996243,0.986571,0.985319,0.985910,0.971583,0.967247,0.948692,0.940680,0.918349,0.950856,0.973872,0.975079,0.986286,1.002054,0.986571,0.985140,0.905730,1.044102
9.804410,1.025931,0.968074,0.961790,0.957939,0.975182,0.978715,0.973004,0.973424,1.024594,0.986808,0.982298,0.957481,0.980364,0.970729,0.966665,0.979391,0.973235,0.967975,1.011811,0.959229,0.981429,0.996469,0.986795,0.985532,0.985999,0.971776,0.967438,0.948960,0.940969,0.918312,0.951061,0.974071,0.975289,0.986550,1.002279,0.986795,0.985221,0.906048,1.044114
9.812740,1.025975,0.968153,0.961928,0.958107,0.975350,0.978887,0.973162,0.973576,1.024656,0.986994,0.982479,0.957664,0.980550,0.970913,0.966869,0.979602,0.973426,0.968146,1.012050,0.959474,0.981647,0.996695,0.987019,0.985746,0.986089,0.971969,0.967629,0.949229,0.941259,0.918274,0.951266,0.974269,0.975499,0.986815,1.002504,0.987019,0.985303,0.906366,1.044125
9.821070,1.026019,0.968231,0.962066,0.958276,0.975518,0.979058,0.973319,0.973726,1.024717,0.987179,0.982660,0.957847,0.980734,0.971098,0.967074,0.979814,0.973616,0.968317,1.012288,0.959719,0.981866,0.996921,0.987243,0.985961,0.986179,0.972163,0.967820,0.949499,0.941550,0.918237,0.951469,0.974466,0.975709,0.987078,1.002730,0.987243,0.985384,0.906686,1.044136
9.829400,1.026063,0.968310,0.962204,0.958444,0.975685,0.979228,0.973476,0.973877,1.024778,0.987364,0.982839,0.958028,0.980919,0.971282,0.967278,0.980025,0.973807,0.968487,1.012527,0.959963,0.982084,0.997147,0.987468,0.986175,0.986269,0.972357,0.968012,0.949770,0.941842,0.918200,0.951673,0.974662,0.975919,0.987342,1.002956,0.987468,0.985466,0.907008,1.044146
9.837730,1.026106,0.968389,0.962342,0.958611,0.975851,0.979398,0.973632,0.974027,1.024838,0.987547,0.983019,0.958210,0.981102,0.971465,0.967482,0.980237,0.973998,0.968658,1.012766,0.960208,0.982302,0.997374,0.987692,0.986389,0.986359,0.972551,0.968204,0.950042,0.942134,0.918162,0.951875,0.974856,0.976128,0.987605,1.003183,0.987692,0.985547,0.907330,1.044156
9.846060,1.026148,0.968467,0.962480,0.958778,0.976017,0.979567,0.973787,0.974176,1.024897,0.987730,0.983197,0.958390,0.981285,0.971648,0.967686,0.980449,0.974189,0.968828,1.013004,0.960452,0.982520,0.997600,0.987917,0.986603,0.986448,0.972745,0.968396,0.950314,0.942428,0.918124,0.952076,0.975050,0.976338,0.987868,1.003409,0.987917,0.985628,0.907653,1.044166
9.854390,1.026190,0.968546,0.962617,0.958945,0.976182,0.979736,0.973942,0.974324,1.024956,0.987912,0.983375,0.958570,0.981467,0.971830,0.967890,0.980660,0.974380,0.968999,1.013242,0.960697,0.982738,0.997826,0.988141,0.986817,0.986538,0.972940,0.968588,0.950587,0.942722,0.918086,0.952277,0.975241,0.976548,0.988131,1.003636,0.988141,0.985709,0.907978,1.044175
9.862720,1.026232,0.968624,0.962754,0.959111,0.976346,0.979904,0.974096,0.974472,1.025014,0.988094,0.983552,0.958749,0.981648,0.972012,0.968093,0.980871,0.974570,0.969169,1.013480,0.960940,0.982956,0.998053,0.988366,0.987031,0.986627,0.973135,0.968779,0.950860,0.943017,0.918048,0.952477,0.975432,0.976757,0.988393,1.003863,0.988366,0.985791,0.908303,1.044184
9.871050,1.026274,0.968701,0.962891,0.959276,0.976510,0.980071,0.974249,0.974619,1.025072,0.988274,0.983728,0.958927,0.981829,0.972193,0.968296,0.981082,0.974760,0.969338,1.013718,0.961184,0.983173,0.998279,0.988590,0.987244,0.986716,0.973330,0.968971,0.951134,0.943312,0.918009,0.952676,0.975621,0.976967,0.988654,1.004089,0.988590,0.985871,0.908629,1.044192
9.879380,1.026315,0.968779,0.963027,0.959441,0.976673,0.980237,0.974402,0.974766,1.025129,0.988454,0.983903,0.959105,0.982008,0.972373,0.968498,0.981292,0.974950,0.969507,1.013955,0.961427,0.983391,0.998505,0.988814,0.987458,0.986805,0.973524,0.969163,0.951408,0.943608,0.917971,0.952874,0.975809,0.977175,0.988915,1.004316,0.988814,0.985952,0.908956,1.044199
9.887710,1.026355,0.968855,0.963162,0.959605,0.976835,0.980403,0.974554,0.974911,1.025186,0.988632,0.984077,0.959281,0.982187,0.972553,0.968700,0.981502,0.975139,0.969676,1.014192,0.961669,0.983608,0.998731,0.989038,0.987670,0.986894,0.973719,0.969354,0.951682,0.943905,0.917932,0.953072,0.975996,0.977384,0.989175,1.004542,0.989038,0.986032,0.909283,1.044206
9.896040,1.026395,0.968932,0.963297,0.959769,0.976997,0.980567,0.974705,0.975056,1.025242,0.988810,0.984250,0.959457,0.982365,0.972732,0.968902,0.981712,0.975328,0.969845,1.014428,0.961911,0.983825,0.998956,0.989261,0.987883,0.986982,0.973914,0.969545,0.951957,0.944201,0.917892,0.953268,0.976181,0.977592,0.989435,1.004769,0.989261,0.986112,0.909611,1.044213
9.904370,1.026434,0.969008,0.963432,0.959932,0.977157,0.980731,0.974855,0.975200,1.025297,0.988986,0.984423,0.959631,0.982542,0.972910,0.969103,0.981921,0.975517,0.970013,1.014664,0.962152,0.984041,0.999181,0.989485,0.988095,0.987070,0.974108,0.969736,0.952232,0.944498,0.917853,0.953463,0.976364,0.977800,0.989694,1.004995,0.989485,0.986192,0.909939,1.044219
9.912700,1.026473,0.969084,0.963566,0.960093,0.977317,0.980894,0.975005,0.975344,1.025352,0.989162,0.984594,0.959805,0.982718,0.973087,0.969303,0.982129,0.975705,0.970180,1.014898,0.962392,0.984257,0.999406,0.989707,0.988306,0.987157,0.974302,0.969926,0.952507,0.944795,0.917813,0.953658,0.976547,0.978007,0.989951,1.005221,0.989707,0.986271,0.910268,1.044225
9.921030,1.026512,0.969159,0.963699,0.960255,0.977476,0.981056,0.975153,0.975486,1.025406,0.989336,0.984765,0.959977,0.982893,0.973264,0.969502,0.982337,0.975892,0.970347,1.015133,0.962632,0.984472,0.999630,0.989929,0.988517,0.987245,0.974496,0.970116,0.952782,0.945093,0.917772,0.953851,0.976727,0.978213,0.990208,1.005446,0.989929,0.986350,0.910597,1.044230
9.929360,1.026549,0.969233,0.963832,0.960415,0.977634,0.981217,0.975301,0.975628,1.025459,0.989510,0.984934,0.960149,0.983067,0.973439,0.969701,0.982545,0.976079,0.970513,1.015366,0.962871,0.984687,0.999854,0.990151,0.988728,0.987331,0.974690,0.970306,0.953057,0.945390,0.917731,0.954043,0.976906,0.978419,0.990464,1.005672,0.990151,0.986428,0.910926,1.044235
9.937690,1.026587,0.969307,0.963964,0.960575,0.977790,0.981377,0.975448,0.975768,1.025512,0.989682,0.985102,0.960320,0.983240,0.973614,0.969899,0.982751,0.976266,0.970679,1.015599,0.963109,0.984901,1.000078,0.990372,0.988937,0.987417,0.974883,0.970495,0.953332,0.945687,0.917690,0.954235,0.977084,0.978625,0.990719,1.005897,0.990372,0.986506,0.911256,1.044239
9.946020,1.026624,0.969381,0.964096,0.960733,0.977946,0.981536,0.975593,0.975908,1.025564,0.989853,0.985269,0.960489,0.983411,0.973787,0.970097,0.982957,0.976451,0.970844,1.015831,0.963346,0.985114,1.000300,0.990593,0.989146,0.987503,0.975076,0.970684,0.953607,0.945985,0.917648,0.954425,0.977260,0.978829,0.990972,1.006121,0.990593,0.986583,0.911585,1.044243
9.954350,1.026660,0.969453,0.964226,0.960891,0.978101,0.981694,0.975738,0.976047,1.025615,0.990023,0.985435,0.960657,0.983582,0.973960,0.970293,0.983162,0.976636,0.971008,1.016062,0.963582,0.985327,1.000522,0.990813,0.989355,0.987588,0.975268,0.970872,0.953882,0.946282,0.917606,0.954614,0.977435,0.979033,0.991225,1.006345,0.990813,0.986660,0.911915,1.044246
9.962680,1.026695,0.969526,0.964356,0.961048,0.978255,0.981851,0.975882,0.976185,1.025666,0.990192,0.985600,0.960825,0.983752,0.974131,0.970489,0.983367,0.976820,0.971171,1.016292,0.963818,0.985539,1.000744,0.991032,0.989562,0.987672,0.975460,0.971059,0.954157,0.946579,0.917564,0.954802,0.977608,0.979236,0.991476,1.006568,0.991032,0.986737,0.912244,1.044249
9.971010,1.026730,0.969597,0.964485,0.961204,0.978408,0.982007,0.976025,0.976322,1.025716,0.990360,0.985764,0.960991,0.983920,0.974302,0.970684,0.983570,0.977004,0.971334,1.016521,0.964052,0.985750,1.000964,0.991250,0.989769,0.987756,0.975651,0.971246,0.954431,0.946876,0.917520,0.954989,0.977779,0.979439,0.991726,1.006791,0.991250,0.986812,0.912574,1.044251
9.979340,1.026765,0.969668,0.964613,0.961358,0.978560,0.982162,0.976167,0.976458,1.025765,0.990526,0.985927,0.961156,0.984087,0.974472,0.970877,0.983773,0.977186,0.971495,1.016749,0.964285,0.985960,1.001184,0.991468,0.989975,0.987839,0.975842,0.971432,0.954705,0.947172,0.917477,0.955175,0.977949,0.979640,0.991975,1.007013,0.991468,0.986888,0.912903,1.044253
9.987670,1.026798,0.969738,0.964740,0.961512,0.978711,0.982316,0.976308,0.976592,1.025814,0.990692,0.986088,0.961319,0.984253,0.974640,0.971070,0.983974,0.977368,0.971656,1.016976,0.964517,0.986170,1.001403,0.991685,0.990180,0.987922,0.976032,0.971617,0.954978,0.947468,0.917433,0.955360,0.978117,0.979841,0.992222,1.007235,0.991685,0.986962,0.913233,1.044255
9.996000,1.026832,0.969807,0.964867,0.961665,0.978861,0.982469,0.976447,0.976726,1.025862,0.990855,0.986249,0.961482,0.984418,0.974807,0.971262,0.984175,0.977549,0.971816,1.017202,0.964747,0.986378,1.001621,0.991900,0.990384,0.988004,0.976222,0.971802,0.955252,0.947764,0.917388,0.955543,0.978284,0.980040,0.992468,1.007456,0.991900,0.987036,0.913562,1.044256
10.000000,1.026847,0.969840,0.964927,0.961738,0.978932,0.982542,0.976514,0.976790,1.025885,0.990934,0.986325,0.961559,0.984497,0.974887,0.971354,0.984271,0.977635,0.971893,1.017309,0.964857,0.986478,1.001726,0.992004,0.990481,0.988043,0.976312,0.971890,0.955382,0.947906,0.917366,0.955631,0.978363,0.980136,0.992585,1.007562,0.992004,0.987071,0.913719,1.044256
10.000000,1.026847,0.969840,0.964927,0.961738,0.978932,0.982542,0.976514,0.976790,1.025885,0.990934,0.986325,0.961559,0.984497,0.974887,0.971354,0.984271,0.977635,0.971893,1.017309,0.964857,0.986478,1.001726,0.992004,0.990481,0.988043,0.976312,0.971890,0.955382,0.947906,0.917366,0.955631,0.978363,0.980136,0.992585,1.007562,0.992004,0.987071,0.913719,1.044256
