Results,B01,B02,B03,B04,B05,B06,B07,B08,B09,B10,B11,B12,B13,B14,B15,B16,B17,B18,B19,B20,B21,B22,B23,B24,B25,B26,B27,B28,B29,B30,B31,B32,B33,B34,B35,B36,B37,B38,B39
Time in s,u. Magnitude in p.u.,u. Magnitude in p.u.,u. Magnitude in p.u.,u. Magnitude in p.u.,u. Magnitude in p.u.,u. Magnitude in p.u.,u. Magnitude in p.u.,u. Magnitude in p.u.,u. Magnitude in p.u.,u. Magnitude in p.u.,u. Magnitude in p.u.,u. Magnitude in p.u.,u. Magnitude in p.u.,u. Magnitude in p.u.,u. Magnitude in p.u.,u. Magnitude in p.u.,u. Magnitude in p.u.,u. Magnitude in p.u.,u. Magnitude in p.u.,u. Magnitude in p.u.,u. Magnitude in p.u.,u. Magnitude in p.u.,u. Magnitude in p.u.,u. Magnitude in p.u.,u. Magnitude in p.u.,u. Magnitude in p.u.,u. Magnitude in p.u.,u. Magnitude in p.u.,u. Magnitude in p.u.,u. Magnitude in p.u.,u. Magnitude in p.u.,u. Magnitude in p.u.,u. Magnitude in p.u.,u. Magnitude in p.u.,u. Magnitude in p.u.,u. Magnitude in p.u.,u. Magnitude in p.u.,u. Magnitude in p.u.,u. Magnitude in p.u.
0.000000,1.048349,1.039204,1.029904,1.024578,1.041073,1.045324,1.036151,1.035650,1.050008,1.050025,1.047120,1.029964,1.043585,1.032016,1.017768,1.028939,1.031861,1.029912,1.050038,0.994022,1.026536,1.043667,1.035694,1.032923,1.050021,1.050050,1.038754,1.044693,1.040416,1.012039,1.037725,1.025561,1.001833,1.013653,1.050000,1.050000,1.026850,1.006528,1.039647
0.008330,1.048349,1.039204,1.029904,1.024578,1.041073,1.045324,1.036151,1.035650,1.050008,1.050025,1.047120,1.029964,1.043585,1.032016,1.017768,1.028939,1.031861,1.029912,1.050038,0.994022,1.026536,1.043667,1.035694,1.032923,1.050021,1.050050,1.038754,1.044693,1.040416,1.012039,1.037725,1.025561,1.001833,1.013653,1.050000,1.050000,1.026850,1.006528,1.039647
0.016660,1.048349,1.039204,1.029904,1.024578,1.041073,1.045324,1.036151,1.035650,1.050008,1.050025,1.047120,1.029964,1.043585,1.032016,1.017768,1.028939,1.031861,1.029912,1.050038,0.994022,1.026536,1.043667,1.035694,1.032923,1.050021,1.050050,1.038754,1.044693,1.040416,1.012039,1.037725,1.025561,1.001833,1.013653,1.050000,1.050000,1.026850,1.006528,1.039647
0.024990,1.048349,1.039204,1.029904,1.024578,1.041073,1.045324,1.036151,1.035650,1.050008,1.050025,1.047120,1.029964,1.043585,1.032016,1.017768,1.028939,1.031861,1.029912,1.050038,0.994022,1.026536,1.043667,1.035694,1.032923,1.050021,1.050050,1.038754,1.044693,1.040416,1.012039,1.037725,1.025561,1.001833,1.013653,1.050000,1.050000,1.026850,1.006528,1.039647
0.033320,1.048349,1.039204,1.029904,1.024578,1.041073,1.045324,1.036151,1.035650,1.050008,1.050025,1.047120,1.029964,1.043585,1.032016,1.017768,1.028939,1.031861,1.029912,1.050038,0.994022,1.026536,1.043667,1.035694,1.032923,1.050021,1.050050,1.038754,1.044693,1.040416,1.012039,1.037725,1.025561,1.001833,1.013653,1.050000,1.050000,1.026850,1.006528,1.039647
0.041650,1.048349,1.039204,1.029904,1.024578,1.041073,1.045324,1.036151,1.035650,1.050008,1.050025,1.047120,1.029964,1.043585,1.032016,1.017768,1.028939,1.031861,1.029912,1.050038,0.994022,1.026536,1.043667,1.035694,1.032923,1.050021,1.050050,1.038754,1.044693,1.040416,1.012039,1.037725,1.025561,1.001833,1.013653,1.050000,1.050000,1.026850,1.006528,1.039647
0.049980,1.048349,1.039204,1.029904,1.024578,1.041073,1.045324,1.036151,1.035650,1.050008,1.050025,1.047120,1.029964,1.043585,1.032016,1.017768,1.028939,1.031861,1.029912,1.050038,0.994022,1.026536,1.043667,1.035694,1.032923,1.050021,1.050050,1.038754,1.044693,1.040416,1.012039,1.037725,1.025561,1.001833,1.013653,1.050000,1.050000,1.026850,1.006528,1.039647
0.058310,1.048349,1.039204,1.029904,1.024578,1.041073,1.045324,1.036151,1.035650,1.050008,1.050025,1.047120,1.029964,1.043585,1.032016,1.017768,1.028939,1.031861,1.029912,1.050038,0.994022,1.026536,1.043667,1.035694,1.032923,1.050021,1.050050,1.038754,1.044693,1.040416,1.012039,1.037725,1.025561,1.001833,1.013653,1.050000,1.050000,1.026850,1.006528,1.039647
0.066640,1.048349,1.039204,1.029904,1.024578,1.041073,1.045324,1.036151,1.035650,1.050008,1.050025,1.047120,1.029964,1.043585,1.032016,1.017768,1.028939,1.031861,1.029912,1.050038,0.994022,1.026536,1.043667,1.035694,1.032923,1.050021,1.050050,1.038754,1.044693,1.040416,1.012039,1.037725,1.025561,1.001833,1.013653,1.050000,1.050000,1.026850,1.006528,1.039647
0.074970,1.048349,1.039204,1.029904,1.024578,1.041073,1.045324,1.036151,1.035650,1.050008,1.050025,1.047120,1.029964,1.043585,1.032016,1.017768,1.028939,1.031861,1.029912,1.050038,0.994022,1.026536,1.043667,1.035694,1.032923,1.050021,1.050050,1.038754,1.044693,1.040416,1.012039,1.037725,1.025561,1.001833,1.013653,1.050000,1.050000,1.026850,1.006528,1.039647
0.083300,1.048349,1.039204,1.029904,1.024578,1.041073,1.045324,1.036151,1.035650,1.050008,1.050025,1.047120,1.029964,1.043585,1.032016,1.017768,1.028939,1.031861,1.029912,1.050038,0.994022,1.026536,1.043667,1.035694,1.032923,1.050021,1.050050,1.038754,1.044693,1.040416,1.012039,1.037725,1.025561,1.001833,1.013653,1.050000,1.050000,1.026850,1.006528,1.039647
0.091630,1.048349,1.039204,1.029904,1.024578,1.041073,1.045324,1.036151,1.035650,1.050008,1.050025,1.047120,1.029964,1.043585,1.032016,1.017768,1.028939,1.031861,1.029912,1.050038,0.994022,1.026536,1.043667,1.035694,1.032923,1.050021,1.050050,1.038754,1.044693,1.040416,1.012039,1.037725,1.025561,1.001833,1.013653,1.050000,1.050000,1.026850,1.006528,1.039647
0.099960,1.048349,1.039204,1.029904,1.024578,1.041073,1.045324,1.036151,1.035650,1.050008,1.050025,1.047120,1.029964,1.043585,1.032016,1.017768,1.028939,1.031861,1.029912,1.050038,0.994022,1.026536,1.043667,1.035694,1.032923,1.050021,1.050050,1.038754,1.044693,1.040416,1.012039,1.037725,1.025561,1.001833,1.013653,1.050000,1.050000,1.026850,1.006528,1.039647
0.108290,1.048349,1.039204,1.029904,1.024578,1.041073,1.045324,1.036151,1.035650,1.050008,1.050025,1.047120,1.029964,1.043585,1.032016,1.017768,1.028939,1.031861,1.029912,1.050038,0.994022,1.026536,1.043667,1.035694,1.032923,1.050021,1.050050,1.038754,1.044693,1.040416,1.012039,1.037725,1.025561,1.001833,1.013653,1.050000,1.050000,1.026850,1.006528,1.039647
0.116620,0.919850,0.870290,0.758514,0.530892,0.282998,0.292014,0.088773,0.026667,0.574936,0.475607,0.414382,0.445300,0.498613,0.565270,0.766059,0.850906,0.835369,0.805228,0.944423,0.920741,0.884939,0.936402,0.929867,0.874422,0.897089,0.897936,0.866810,0.930402,0.933410,0.921093,0.556408,0.635138,0.929519,0.961341,0.977833,0.985883,0.920968,0.922209,0.940295
0.124950,0.908282,0.850118,0.731257,0.496333,0.267064,0.276749,0.084133,0.024271,0.570362,0.452502,0.393876,0.423221,0.473576,0.534978,0.732380,0.818992,0.805790,0.776530,0.912727,0.892507,0.855206,0.908630,0.900581,0.841392,0.876576,0.873860,0.840279,0.907873,0.912395,0.908337,0.534795,0.610058,0.899157,0.935425,0.955273,0.956161,0.901448,0.904308,0.934317
0.133280,0.900066,0.836380,0.713538,0.474990,0.256985,0.266964,0.081159,0.022881,0.567059,0.437495,0.380606,0.409002,0.457445,0.515750,0.710604,0.798045,0.786332,0.757728,0.892052,0.873304,0.835406,0.889840,0.881144,0.819623,0.862513,0.857628,0.822611,0.892507,0.897978,0.899165,0.520116,0.592917,0.880198,0.917481,0.939133,0.937244,0.887431,0.891859,0.929769
0.141610,0.893921,0.826339,0.701051,0.460505,0.250045,0.260173,0.079095,0.021958,0.564577,0.427016,0.371357,0.399122,0.446231,0.502492,0.695486,0.783374,0.772626,0.744477,0.877769,0.859794,0.821378,0.876378,0.867463,0.804368,0.852230,0.845958,0.810037,0.881387,0.887495,0.892142,0.509581,0.580642,0.867481,0.904821,0.927064,0.924502,0.876865,0.882720,0.926269
0.149940,0.889118,0.818492,0.691505,0.449627,0.244822,0.255063,0.077541,0.021246,0.562666,0.419137,0.364401,0.391696,0.437797,0.492522,0.684164,0.772368,0.762261,0.734414,0.867305,0.849867,0.810776,0.866145,0.857213,0.792938,0.844229,0.837003,0.800458,0.872828,0.879401,0.886466,0.501661,0.571427,0.858387,0.895571,0.917626,0.915371,0.868516,0.875626,0.923574
0.158270,0.885222,0.811997,0.683664,0.440676,0.240565,0.250925,0.076283,0.020623,0.561173,0.412791,0.358790,0.385696,0.430978,0.484405,0.675055,0.763544,0.753884,0.726232,0.859153,0.842182,0.802249,0.857908,0.849045,0.783788,0.837650,0.829706,0.792685,0.865851,0.872794,0.881674,0.495459,0.564185,0.851446,0.888493,0.909922,0.908386,0.861628,0.869823,0.921514
0.166600,0.881971,0.806382,0.676868,0.432796,0.236880,0.247378,0.075205,0.020042,0.560007,0.407393,0.354007,0.380570,0.425144,0.477386,0.667292,0.756075,0.746745,0.719215,0.852450,0.835916,0.795030,0.850956,0.842193,0.776049,0.832003,0.823468,0.786050,0.859888,0.867146,0.877499,0.490435,0.558251,0.845850,0.882798,0.903397,0.902732,0.855738,0.864866,0.919969
0.174930,0.879197,0.801377,0.670765,0.425567,0.233569,0.244222,0.074246,0.019500,0.559114,0.402617,0.349769,0.376015,0.419951,0.471068,0.660398,0.749487,0.740420,0.712967,0.846682,0.830560,0.788678,0.844867,0.836209,0.769222,0.827001,0.817944,0.780174,0.854609,0.862149,0.873779,0.486249,0.553212,0.841119,0.877991,0.897702,0.897936,0.850558,0.860488,0.918848
0.183260,0.876796,0.796827,0.665167,0.418795,0.230537,0.241356,0.073375,0.019023,0.558462,0.398289,0.345925,0.371870,0.415217,0.465250,0.654108,0.743511,0.734669,0.707270,0.841538,0.825797,0.782932,0.839389,0.830829,0.763020,0.822477,0.812934,0.774838,0.849820,0.857621,0.870417,0.482685,0.548813,0.836957,0.873765,0.892613,0.893717,0.845906,0.856532,0.918084
0.191590,0.874693,0.792641,0.659977,0.412402,0.227745,0.238732,0.072577,0.018650,0.558034,0.394312,0.342396,0.368052,0.410846,0.459832,0.648280,0.737993,0.729358,0.702001,0.836836,0.821438,0.777644,0.834370,0.825898,0.757280,0.818332,0.808325,0.769920,0.845411,0.853459,0.867350,0.479604,0.544893,0.833193,0.869931,0.887988,0.889913,0.841668,0.852905,0.917624
0.199920,0.964249,0.907445,0.847253,0.763200,0.774834,0.786175,0.779817,0.735509,0.895235,0.807236,0.798888,0.784506,0.801098,0.790888,0.819404,0.855168,0.860944,0.854444,0.902119,0.864955,0.867905,0.899924,0.890441,0.860219,0.921724,0.909872,0.884971,0.920233,0.923214,0.928080,0.825321,0.824284,0.876153,0.899530,0.929575,0.926196,0.910553,0.907019,0.988037
0.208250,0.977807,0.927119,0.876526,0.808243,0.822727,0.832627,0.825890,0.791810,0.924386,0.849721,0.842690,0.827536,0.843265,0.832123,0.851401,0.882106,0.887538,0.882060,0.925382,0.884119,0.891303,0.920069,0.911642,0.886640,0.940742,0.930807,0.908431,0.938137,0.939851,0.939293,0.863359,0.859113,0.897364,0.916135,0.944310,0.946071,0.926165,0.920672,0.997734
0.216580,0.987171,0.940056,0.895304,0.836755,0.853362,0.862464,0.855482,0.827692,0.943473,0.877211,0.870950,0.855281,0.870447,0.858472,0.871940,0.899597,0.904774,0.899879,0.940771,0.897352,0.906642,0.933498,0.925630,0.903859,0.953424,0.944581,0.923746,0.950001,0.950898,0.946928,0.888813,0.882529,0.911197,0.927997,0.954653,0.959200,0.937009,0.929814,1.004912
0.224910,0.994051,0.949201,0.908285,0.856159,0.874270,0.882899,0.875749,0.851986,0.956830,0.896148,0.890373,0.874344,0.889131,0.876500,0.885977,0.911629,0.916676,0.912188,0.951404,0.906633,0.917282,0.942930,0.935330,0.915684,0.962460,0.954233,0.934395,0.958325,0.958673,0.952522,0.906824,0.899087,0.920682,0.936424,0.962248,0.968186,0.944975,0.936293,1.010526
0.233240,0.999443,0.956187,0.918064,0.870674,0.889883,0.898171,0.890894,0.870117,0.967064,0.910298,0.904886,0.888579,0.903083,0.889945,0.896308,0.920473,0.925506,0.921378,0.959087,0.913309,0.925141,0.949945,0.942450,0.924324,0.969385,0.961491,0.942349,0.964564,0.964519,0.956929,0.920433,0.911549,0.927452,0.942507,0.968088,0.974612,0.951171,0.941187,1.015156
0.241570,1.003826,0.961797,0.925868,0.882267,0.902202,0.910213,0.902836,0.884400,0.975291,0.921439,0.916316,0.899789,0.914076,0.900573,0.904354,0.927323,0.932418,0.928626,0.964888,0.918271,0.931248,0.955413,0.947942,0.930979,0.974958,0.967240,0.948611,0.969485,0.969141,0.960558,0.931134,0.921312,0.932510,0.947012,0.972739,0.979436,0.956178,0.945066,1.019076
0.249900,1.007415,0.966381,0.932223,0.891730,0.911975,0.919769,0.912311,0.895552,0.981873,0.930305,0.925403,0.908716,0.922850,0.909126,0.910784,0.932777,0.937961,0.934472,0.969393,0.922069,0.936125,0.959792,0.952305,0.936265,0.979535,0.971906,0.953664,0.973479,0.972896,0.963591,0.939608,0.929036,0.936392,0.950456,0.976521,0.983176,0.960298,0.948222,1.022397
0.258230,1.010345,0.970152,0.937435,0.899482,0.919632,0.927270,0.919751,0.903975,0.987031,0.937332,0.932581,0.915793,0.929835,0.916025,0.916000,0.937202,0.942475,0.939243,0.972991,0.925086,0.940098,0.963373,0.955857,0.940565,0.983331,0.975750,0.957803,0.976783,0.976003,0.966142,0.946289,0.935139,0.939463,0.953196,0.979649,0.986166,0.963727,0.950839,1.025197
0.266560,1.012756,0.973301,0.941776,0.905915,0.925677,0.933210,0.925641,0.910296,0.991084,0.942964,0.938311,0.921467,0.935465,0.921668,0.920321,0.940879,0.946226,0.943209,0.975960,0.927588,0.943413,0.966372,0.958822,0.944156,0.986531,0.978980,0.961262,0.979578,0.978632,0.968317,0.951607,0.940013,0.941971,0.955481,0.982289,0.988625,0.966630,0.953059,1.027569
0.274890,1.014786,0.976003,0.945503,0.911433,0.930681,0.938132,0.930523,0.915312,0.994425,0.947665,0.943084,0.926209,0.940186,0.926456,0.924025,0.944037,0.949443,0.946608,0.978507,0.929769,0.946263,0.968953,0.961368,0.947257,0.989303,0.981775,0.964242,0.982011,0.980918,0.970213,0.955993,0.944043,0.944096,0.957486,0.984566,0.990707,0.969150,0.954991,1.029617
0.283220,1.016552,0.978399,0.948823,0.916375,0.935135,0.942504,0.934859,0.919742,0.997400,0.951827,0.947316,0.930414,0.944374,0.930719,0.927320,0.946841,0.952299,0.949627,0.980774,0.931753,0.948785,0.971228,0.963609,0.950023,0.991776,0.984266,0.966893,0.984185,0.982959,0.971906,0.959810,0.947548,0.945966,0.959324,0.986570,0.992515,0.971395,0.956715,1.031432
0.291550,1.018133,0.980573,0.951862,0.920961,0.939357,0.946629,0.938950,0.924058,1.000234,0.955704,0.951276,0.934339,0.948270,0.934667,0.930336,0.949389,0.954895,0.952378,0.982844,0.933608,0.951058,0.973262,0.965611,0.952542,0.994031,0.986533,0.969304,0.986162,0.984808,0.973447,0.963303,0.950742,0.947657,0.961057,0.988352,0.994107,0.973434,0.958272,1.033081
0.299880,1.019574,0.982570,0.954679,0.925290,0.943487,0.950642,0.942930,0.928467,1.003026,0.959415,0.955090,0.938103,0.951988,0.938398,0.933129,0.951726,0.957280,0.954913,0.984753,0.935360,0.953115,0.975083,0.967400,0.954854,0.996107,0.988611,0.971517,0.987965,0.986489,0.974859,0.966601,0.953742,0.949210,0.962706,0.989938,0.995511,0.975306,0.959676,1.034602
0.308210,1.020892,0.984400,0.957290,0.929384,0.947545,0.954568,0.946823,0.932990,1.005788,0.962988,0.958782,0.941729,0.955552,0.941933,0.935715,0.953861,0.959466,0.957245,0.986511,0.937009,0.954965,0.976698,0.968983,0.956965,0.998017,0.990508,0.973540,0.989599,0.988003,0.976149,0.969752,0.956590,0.950638,0.964271,0.991337,0.996733,0.977025,0.960930,1.036012
0.316540,1.022093,0.986068,0.959690,0.933225,0.951492,0.958372,0.950596,0.937555,1.008493,0.966404,0.962329,0.945198,0.958946,0.945259,0.938087,0.955793,0.961450,0.959371,0.988113,0.938542,0.956607,0.978108,0.970359,0.958871,0.999762,0.992225,0.975374,0.991062,0.989348,0.977322,0.972761,0.959293,0.951945,0.965740,0.992557,0.997776,0.978601,0.962030,1.037319
0.324870,1.023180,0.987573,0.961876,0.936794,0.955275,0.962010,0.954203,0.942066,1.011105,0.969634,0.965697,0.948480,0.962143,0.948355,0.940242,0.957518,0.963231,0.961291,0.989556,0.939945,0.958042,0.979319,0.971532,0.960570,1.001345,0.993761,0.977018,0.992352,0.990525,0.978378,0.975618,0.961843,0.953127,0.967099,0.993603,0.998642,0.980038,0.962976,1.038527
0.333200,1.024164,0.988926,0.963854,0.940082,0.958856,0.965447,0.957611,0.946444,1.013601,0.972659,0.968859,0.951551,0.965124,0.951212,0.942180,0.959044,0.964816,0.963011,0.990837,0.941210,0.959282,0.980342,0.972514,0.962065,1.002772,0.995124,0.978478,0.993479,0.991543,0.979326,0.978312,0.964233,0.954185,0.968337,0.994489,0.999343,0.981349,0.963779,1.039654
0.341530,1.025032,0.990132,0.965633,0.943093,0.962208,0.968660,0.960796,0.950622,1.015941,0.975467,0.971802,0.954402,0.967882,0.953830,0.943911,0.960379,0.966213,0.964540,0.991958,0.942329,0.960337,0.981191,0.973319,0.963367,1.004050,0.996321,0.979763,0.994449,0.992409,0.980173,0.980839,0.966463,0.955119,0.969443,0.995229,0.999884,0.982539,0.964444,1.040673
0.349860,1.025800,0.991209,0.967233,0.945845,0.965325,0.971647,0.963758,0.954569,1.018127,0.978063,0.974528,0.957036,0.970423,0.956223,0.945450,0.961541,0.967441,0.965896,0.992930,0.943305,0.961230,0.981889,0.973969,0.964493,1.005197,0.997373,0.980892,0.995283,0.993144,0.980929,0.983203,0.968536,0.955933,0.970417,0.995842,1.000285,0.983625,0.964992,1.041607
0.358190,1.026476,0.992172,0.968675,0.948365,0.968213,0.974413,0.966500,0.958268,1.020156,0.980458,0.977045,0.959463,0.972762,0.958409,0.946819,0.962551,0.968520,0.967100,0.993763,0.944145,0.961983,0.982458,0.974488,0.965463,1.006227,0.998296,0.981884,0.995998,0.993765,0.981606,0.985408,0.970464,0.956636,0.971262,0.996347,1.000567,0.984621,0.965440,1.042459
0.366520,1.027071,0.993037,0.969980,0.950680,0.970881,0.976969,0.969034,0.961711,1.022032,0.982666,0.979367,0.961700,0.974913,0.960409,0.948038,0.963427,0.969470,0.968172,0.994472,0.944860,0.962617,0.982921,0.974897,0.966300,1.007158,0.999110,0.982757,0.996614,0.994291,0.982214,0.987466,0.972255,0.957238,0.971989,0.996762,1.000747,0.985541,0.965805,1.043236
0.374850,1.027585,0.993814,0.971162,0.952812,0.973341,0.979326,0.971370,0.964895,1.023752,0.984700,0.981506,0.963758,0.976891,0.962241,0.949123,0.964186,0.970303,0.969127,0.995069,0.945462,0.963147,0.983290,0.975212,0.967019,1.007999,0.999827,0.983525,0.997141,0.994735,0.982762,0.989385,0.973923,0.957747,0.972606,0.997101,1.000836,0.986390,0.966097,1.043935
0.383180,1.028046,0.994524,0.972244,0.954786,0.975609,0.981501,0.973527,0.967834,1.025342,0.986578,0.983481,0.965657,0.978715,0.963927,0.950098,0.964854,0.971047,0.969987,0.995577,0.945973,0.963602,0.983598,0.975466,0.967648,1.008770,1.000470,0.984213,0.997607,0.995121,0.983261,0.991175,0.975475,0.958181,0.973136,0.997387,1.000875,0.987191,0.966344,1.044588
0.391510,1.028436,0.995162,0.973227,0.956611,0.977691,0.983499,0.975508,0.970521,1.026783,0.988307,0.985296,0.967403,0.980392,0.965472,0.950966,0.965429,0.971698,0.970752,0.995996,0.946395,0.963979,0.983836,0.975649,0.968188,1.009470,1.001038,0.984817,0.998005,0.995444,0.983712,0.992844,0.976923,0.958539,0.973579,0.997615,1.000838,0.987933,0.966534,1.045165
0.399840,1.028781,0.995745,0.974128,0.958306,0.979603,0.985338,0.977330,0.972975,1.028100,0.989902,0.986969,0.969012,0.981938,0.966894,0.951747,0.965934,0.972277,0.971441,0.996348,0.946752,0.964300,0.984030,0.975790,0.968661,1.010113,1.001548,0.985357,0.998357,0.995724,0.984124,0.994400,0.978272,0.958837,0.973957,0.997805,1.000767,0.988633,0.966691,1.045696
0.408170,1.029079,0.996276,0.974952,0.959878,0.981358,0.987028,0.979006,0.975207,1.029297,0.991374,0.988510,0.970494,0.983362,0.968203,0.952448,0.966373,0.972790,0.972060,0.996637,0.947051,0.964569,0.984180,0.975889,0.969074,1.010703,1.002004,0.985838,0.998665,0.995964,0.984500,0.995853,0.979533,0.959081,0.974276,0.997958,1.000656,0.989293,0.966814,1.046178
0.416500,1.029340,0.996762,0.975707,0.961340,0.982971,0.988583,0.980547,0.977237,1.030383,0.992735,0.989932,0.971863,0.984679,0.969410,0.953078,0.966757,0.973244,0.972616,0.996874,0.947301,0.964792,0.984294,0.975952,0.969434,1.011246,1.002412,0.986266,0.998934,0.996168,0.984844,0.997212,0.980714,0.959279,0.974546,0.998078,1.000512,0.989916,0.966908,1.046614
0.424830,1.029568,0.997209,0.976402,0.962701,0.984458,0.990021,0.981972,0.979088,1.031371,0.993998,0.991250,0.973131,0.985900,0.970527,0.953648,0.967091,0.973648,0.973118,0.997066,0.947510,0.964978,0.984376,0.975985,0.969749,1.011747,1.002780,0.986649,0.999169,0.996340,0.985161,0.998488,0.981824,0.959436,0.974773,0.998169,1.000339,0.990505,0.966976,1.047010
0.433160,1.029772,0.997625,0.977045,0.963973,0.985838,0.991358,0.983297,0.980787,1.032275,0.995179,0.992479,0.974316,0.987040,0.971567,0.954167,0.967386,0.974010,0.973575,0.997220,0.947685,0.965131,0.984431,0.975993,0.970027,1.012212,1.003112,0.986994,0.999375,0.996487,0.985455,0.999693,0.982874,0.959558,0.974963,0.998235,1.000144,0.991065,0.967024,1.047372
0.441490,1.029958,0.998015,0.977647,0.965168,0.987129,0.992611,0.984540,0.982359,1.033108,0.996292,0.993634,0.975429,0.988113,0.972543,0.954645,0.967648,0.974339,0.973996,0.997343,0.947831,0.965258,0.984464,0.975981,0.970275,1.012647,1.003415,0.987308,0.999558,0.996612,0.985731,1.000838,0.983874,0.959651,0.975119,0.998280,0.999929,0.991601,0.967054,1.047702
0.449820,1.030131,0.998388,0.978216,0.966298,0.988348,0.993796,0.985715,0.983830,1.033883,0.997349,0.994731,0.976487,0.989131,0.973467,0.955091,0.967885,0.974642,0.974389,0.997440,0.947951,0.965367,0.984482,0.975956,0.970499,1.013060,1.003697,0.987598,0.999723,0.996722,0.985993,1.001934,0.984832,0.959720,0.975244,0.998308,0.999700,0.992117,0.967071,1.048007
0.458150,1.030297,0.998749,0.978761,0.967375,0.989510,0.994929,0.986837,0.985221,1.034611,0.998363,0.995781,0.977500,0.990108,0.974350,0.955515,0.968106,0.974928,0.974762,0.997519,0.948050,0.965464,0.984489,0.975921,0.970707,1.013455,1.003964,0.987873,0.999876,0.996821,0.986247,1.002991,0.985759,0.959771,0.975343,0.998324,0.999464,0.992618,0.967082,1.048291
0.466480,1.030462,0.999105,0.979290,0.968407,0.990628,0.996019,0.987918,0.986551,1.035302,0.999344,0.996796,0.978479,0.991053,0.975202,0.955924,0.968318,0.975204,0.975125,0.997584,0.948132,0.965556,0.984493,0.975885,0.970906,1.013838,1.004221,0.988138,1.000022,0.996916,0.986496,1.004016,0.986660,0.959807,0.975417,0.998333,0.999224,0.993107,0.967090,1.048556
0.474810,1.030628,0.999461,0.979811,0.969405,0.991711,0.997077,0.988967,0.987830,1.035962,1.000300,0.997783,0.979433,0.991974,0.976032,0.956326,0.968526,0.975477,0.975483,0.997640,0.948200,0.965649,0.984499,0.975853,0.971100,1.014215,1.004475,0.988400,1.000167,0.997012,0.986743,1.005016,0.987543,0.959834,0.975470,0.998339,0.998987,0.993590,0.967100,1.048805
0.483140,1.030800,0.999821,0.980328,0.970374,0.992765,0.998109,0.989990,0.989070,1.036598,1.001237,0.998749,0.980367,0.992876,0.976846,0.956727,0.968738,0.975752,0.975842,0.997693,0.948256,0.965748,0.984512,0.975831,0.971297,1.014591,1.004732,0.988664,1.000316,0.997113,0.986992,1.005995,0.988410,0.959855,0.975505,0.998348,0.998758,0.994068,0.967119,1.049042
0.491470,1.030979,1.000189,0.980847,0.971321,0.993796,0.999120,0.990991,0.990274,1.037212,1.002160,0.999698,0.981286,0.993766,0.977649,0.957131,0.968957,0.976035,0.976207,0.997747,0.948304,0.965860,0.984538,0.975823,0.971501,1.014968,1.004994,0.988935,1.000473,0.997225,0.987246,1.006957,0.989266,0.959874,0.975525,0.998364,0.998542,0.994546,0.967148,1.049268
0.499800,1.031169,1.000567,0.981372,0.972250,0.994807,1.000111,0.991975,0.991447,1.037808,1.003071,1.000633,0.982194,0.994645,0.978445,0.957544,0.969188,0.976329,0.976582,0.997805,0.948348,0.965987,0.984582,0.975834,0.971717,1.015349,1.005267,0.989216,1.000643,0.997351,0.987506,1.007904,0.990112,0.959894,0.975532,0.998391,0.998343,0.995026,0.967194,1.049485
0.508130,1.031371,1.000957,0.981903,0.973165,0.995800,1.001087,0.992942,0.992590,1.038387,1.003972,1.001557,0.983091,0.995516,0.979237,0.957967,0.969435,0.976638,0.976969,0.997871,0.948390,0.966135,0.984646,0.975868,0.971948,1.015739,1.005553,0.989512,1.000828,0.997495,0.987774,1.008837,0.990950,0.959917,0.975530,0.998433,0.998164,0.995508,0.967257,1.049694
0.516460,1.031585,1.001362,0.982445,0.974070,0.996776,1.002047,0.993893,0.993702,1.038951,1.004866,1.002470,0.983980,0.996381,0.980027,0.958404,0.969700,0.976963,0.977371,0.997948,0.948434,0.966305,0.984733,0.975928,0.972197,1.016137,1.005854,0.989823,1.001032,0.997658,0.988052,1.009757,0.991781,0.959948,0.975523,0.998491,0.998010,0.995995,0.967342,1.049896
0.524790,1.031814,1.001781,0.982997,0.974965,0.997736,1.002993,0.994831,0.994786,1.039500,1.005752,1.003374,0.984862,0.997241,0.980815,0.958857,0.969986,0.977307,0.977790,0.998038,0.948482,0.966500,0.984846,0.976017,0.972466,1.016546,1.006172,0.990152,1.001256,0.997844,0.988340,1.010665,0.992604,0.959987,0.975513,0.998570,0.997881,0.996487,0.967450,1.050093
0.533120,1.032058,1.002215,0.983562,0.975853,0.998681,1.003926,0.995756,0.995841,1.040036,1.006631,1.004269,0.985737,0.998096,0.981605,0.959327,0.970294,0.977672,0.978226,0.998144,0.948537,0.966721,0.984987,0.976135,0.972759,1.016966,1.006509,0.990500,1.001502,0.998054,0.988638,1.011561,0.993420,0.960036,0.975502,0.998669,0.997780,0.996985,0.967582,1.050285
0.541450,1.032318,1.002666,0.984139,0.976735,0.999612,1.004847,0.996669,0.996869,1.040559,1.007505,1.005156,0.986607,0.998947,0.982396,0.959815,0.970625,0.978058,0.978682,0.998267,0.948602,0.966970,0.985157,0.976283,0.973075,1.017399,1.006866,0.990869,1.001771,0.998288,0.988948,1.012445,0.994229,0.960099,0.975495,0.998791,0.997707,0.997490,0.967739,1.050473
0.549780,1.032595,1.003133,0.984729,0.977614,1.000531,1.005757,0.997570,0.997870,1.041071,1.008374,1.006037,0.987472,0.999797,0.983189,0.960322,0.970981,0.978466,0.979156,0.998410,0.948678,0.967249,0.985357,0.976464,0.973417,1.017845,1.007243,0.991259,1.002064,0.998548,0.989270,1.013317,0.995032,0.960175,0.975492,0.998936,0.997664,0.998001,0.967923,1.050657
0.558110,1.032889,1.003617,0.985334,0.978489,1.001439,1.006657,0.998462,0.998848,1.041572,1.009240,1.006912,0.988334,1.000645,0.983987,0.960851,0.971363,0.978898,0.979652,0.998574,0.948768,0.967556,0.985587,0.976677,0.973785,1.018304,1.007642,0.991671,1.002382,0.998834,0.989603,1.014179,0.995827,0.960267,0.975497,0.999106,0.997651,0.998518,0.968133,1.050839
0.566440,1.033201,1.004118,0.985954,0.979363,1.002339,1.007549,0.999347,0.999805,1.042066,1.010103,1.007783,0.989194,1.001493,0.984790,0.961401,0.971772,0.979354,0.980169,0.998761,0.948874,0.967895,0.985848,0.976923,0.974181,1.018777,1.008062,0.992106,1.002725,0.999146,0.989948,1.015031,0.996617,0.960377,0.975511,0.999301,0.997669,0.999043,0.968370,1.051019
0.574770,1.033531,1.004637,0.986590,0.980237,1.003232,1.008436,1.000226,1.000743,1.042552,1.010966,1.008652,0.990053,1.002342,0.985600,0.961975,0.972209,0.979837,0.980709,0.998972,0.948998,0.968265,0.986142,0.977203,0.974607,1.019266,1.008506,0.992566,1.003095,0.999486,0.990305,1.015874,0.997402,0.960505,0.975537,0.999522,0.997717,0.999576,0.968635,1.051198
0.583100,1.033881,1.005175,0.987243,0.981112,1.004120,1.009319,1.001101,1.001667,1.043034,1.011830,1.009520,0.990914,1.003195,0.986418,0.962573,0.972676,0.980346,0.981273,0.999209,0.949141,0.968668,0.986468,0.977517,0.975062,1.019770,1.008973,0.993050,1.003491,0.999854,0.990675,1.016709,0.998183,0.960653,0.975575,0.999770,0.997795,1.000116,0.968927,1.051376
0.591430,1.034250,1.005731,0.987914,0.981992,1.005006,1.010200,1.001974,1.002580,1.043511,1.012696,1.010389,0.991778,1.004052,0.987246,0.963198,0.973174,0.980882,0.981861,0.999474,0.949304,0.969104,0.986828,0.977865,0.975548,1.020289,1.009464,0.993560,1.003914,1.000251,0.991058,1.017536,0.998960,0.960823,0.975627,1.000045,0.997906,1.000665,0.969248,1.051553
0.599760,1.034638,1.006307,0.988604,0.982876,1.005891,1.011080,1.002847,1.003483,1.043987,1.013565,1.011261,0.992646,1.004915,0.988085,0.963849,0.973703,0.981448,0.982475,0.999768,0.949490,0.969574,0.987222,0.978249,0.976067,1.020826,1.009980,0.994097,1.004365,1.000676,0.991454,1.018358,0.999735,0.961015,0.975694,1.000349,0.998047,1.001222,0.969598,1.051731
0.608090,1.035047,1.006902,0.989313,0.983767,1.006778,1.011963,1.003721,1.004380,1.044462,1.014439,1.012137,0.993520,1.005785,0.988937,0.964528,0.974264,0.982043,0.983116,1.000092,0.949699,0.970080,0.987651,0.978669,0.976618,1.021379,1.010522,0.994661,1.004844,1.001130,0.991862,1.019174,1.000508,0.961231,0.975779,1.000683,0.998221,1.001789,0.969978,1.051909
0.616420,1.035474,1.007517,0.990043,0.984665,1.007667,1.012848,1.004598,1.005273,1.044937,1.015320,1.013018,0.994400,1.006663,0.989802,0.965236,0.974859,0.982669,0.983784,1.000446,0.949932,0.970621,0.988115,0.979124,0.977203,1.021949,1.011089,0.995253,1.005352,1.001614,0.992284,1.019986,1.001279,0.961471,0.975882,1.001046,0.998426,1.002365,0.970386,1.052088
0.624750,1.035922,1.008152,0.990794,0.985573,1.008560,1.013737,1.005479,1.006164,1.045413,1.016207,1.013905,0.995288,1.007550,0.990682,0.965973,0.975488,0.983325,0.984480,1.000833,0.950191,0.971198,0.988616,0.979616,0.977821,1.022536,1.011683,0.995873,1.005888,1.002128,0.992718,1.020794,1.002051,0.961738,0.976004,1.001440,0.998663,1.002951,0.970824,1.052268
0.633080,1.036388,1.008807,0.991566,0.986490,1.009457,1.014630,1.006365,1.007053,1.045891,1.017101,1.014799,0.996184,1.008447,0.991577,0.966740,0.976150,0.984013,0.985204,1.001252,0.950475,0.971812,0.989152,0.980145,0.978474,1.023141,1.012303,0.996521,1.006453,1.002671,0.993166,1.021599,1.002822,0.962031,0.976147,1.001866,0.998932,1.003546,0.971291,1.052449
0.641410,1.036873,1.009482,0.992359,0.987417,1.010361,1.015529,1.007256,1.007943,1.046371,1.018003,1.015699,0.997089,1.009354,0.992487,0.967537,0.976848,0.984732,0.985956,1.001704,0.950787,0.972463,0.989725,0.980710,0.979162,1.023763,1.012949,0.997198,1.007047,1.003243,0.993628,1.022401,1.003595,0.962351,0.976310,1.002323,0.999233,1.004152,0.971787,1.052631
0.649740,1.037377,1.010177,0.993173,0.988355,1.011269,1.016434,1.008152,1.008833,1.046853,1.018914,1.016608,0.998002,1.010271,0.993412,0.968364,0.977579,0.985482,0.986735,1.002190,0.951126,0.973149,0.990334,0.981312,0.979885,1.024403,1.013621,0.997903,1.007669,1.003845,0.994103,1.023200,1.004367,0.962697,0.976496,1.002811,0.999565,1.004767,0.972311,1.052814
0.658070,1.037899,1.010892,0.994008,0.989305,1.012185,1.017344,1.009055,1.009724,1.047339,1.019832,1.017524,0.998925,1.011199,0.994353,0.969220,0.978345,0.986262,0.987543,1.002709,0.951493,0.973872,0.990980,0.981949,0.980642,1.025060,1.014319,0.998636,1.008319,1.004475,0.994593,1.023997,1.005141,0.963071,0.976705,1.003332,0.999928,1.005393,0.972864,1.052999
0.666400,1.038439,1.011627,0.994864,0.990265,1.013106,1.018261,1.009964,1.010617,1.047827,1.020759,1.018447,0.999857,1.012136,0.995309,0.970106,0.979145,0.987074,0.988378,1.003262,0.951888,0.974631,0.991660,0.982621,0.981432,1.025734,1.015042,0.999397,1.008996,1.005133,0.995097,1.024792,1.005916,0.963472,0.976937,1.003884,1.000321,1.006029,0.973444,1.053184
0.674730,1.038995,1.012380,0.995740,0.991237,1.014034,1.019184,1.010878,1.011512,1.048317,1.021693,1.019378,1.000797,1.013084,0.996281,0.971020,0.979977,0.987915,0.989240,1.003848,0.952311,0.975425,0.992375,0.983328,0.982257,1.026424,1.015789,1.000185,1.009700,1.005818,0.995616,1.025585,1.006692,0.963901,0.977193,1.004467,1.000743,1.006674,0.974050,1.053371
0.683060,1.039567,1.013153,0.996636,0.992219,1.014968,1.020114,1.011799,1.012409,1.048811,1.022636,1.020317,1.001747,1.014042,0.997267,0.971962,0.980842,0.988785,0.990127,1.004467,0.952762,0.976252,0.993125,0.984068,0.983114,1.027130,1.016561,1.000998,1.010429,1.006529,0.996150,1.026375,1.007470,0.964356,0.977473,1.005081,1.001193,1.007329,0.974682,1.053558
0.691390,1.040155,1.013943,0.997551,0.993213,1.015909,1.021049,1.012726,1.013308,1.049307,1.023586,1.021263,1.002704,1.015009,0.998267,0.972931,0.981738,0.989683,0.991040,1.005118,0.953243,0.977113,0.993907,0.984841,0.984002,1.027852,1.017355,1.001837,1.011183,1.007265,0.996698,1.027164,1.008248,0.964839,0.977777,1.005724,1.001670,1.007993,0.975338,1.053746
0.699720,1.040757,1.014750,0.998483,0.994216,1.016855,1.021990,1.013658,1.014209,1.049805,1.024544,1.022216,1.003670,1.015985,0.999281,0.973926,0.982665,0.990609,0.991977,1.005801,0.953751,0.978007,0.994721,0.985645,0.984922,1.028587,1.018170,1.002700,1.011959,1.008024,0.997261,1.027951,1.009028,0.965348,0.978106,1.006397,1.002173,1.008666,0.976016,1.053934
0.708050,1.041372,1.015574,0.999432,0.995229,1.017808,1.022936,1.014596,1.015112,1.050305,1.025508,1.023176,1.004643,1.016970,1.000308,0.974946,0.983620,0.991560,0.992937,1.006516,0.954287,0.978931,0.995567,0.986479,0.985871,1.029336,1.019006,1.003586,1.012758,1.008805,0.997837,1.028735,1.009810,0.965882,0.978460,1.007099,1.002702,1.009348,0.976716,1.054122
0.716380,1.042000,1.016413,1.000398,0.996251,1.018765,1.023888,1.015539,1.016018,1.050806,1.026479,1.024141,1.005624,1.017963,1.001347,0.975990,0.984604,0.992537,0.993920,1.007260,0.954850,0.979884,0.996442,0.987342,0.986849,1.030098,1.019862,1.004494,1.013577,1.009607,0.998427,1.029517,1.010592,0.966442,0.978837,1.007829,1.003256,1.010037,0.977436,1.054309
0.724710,1.042639,1.017267,1.001379,0.997282,1.019728,1.024844,1.016487,1.016925,1.051309,1.027455,1.025113,1.006611,1.018963,1.002398,0.977057,0.985615,0.993537,0.994923,1.008034,0.955440,0.980867,0.997346,0.988233,0.987854,1.030871,1.020735,1.005422,1.014415,1.010427,0.999030,1.030297,1.011375,0.967025,0.979239,1.008585,1.003834,1.010733,0.978173,1.054496
0.733040,1.043288,1.018135,1.002374,0.998321,1.020694,1.025804,1.017438,1.017833,1.051813,1.028437,1.026089,1.007604,1.019970,1.003459,0.978145,0.986652,0.994560,0.995946,1.008836,0.956056,0.981877,0.998278,0.989151,0.988886,1.031655,1.021626,1.006370,1.015270,1.011266,0.999645,1.031073,1.012159,0.967633,0.979664,1.009368,1.004438,1.011437,0.978928,1.054682
0.741370,1.043946,1.019015,1.003382,0.999366,1.021665,1.026768,1.018394,1.018743,1.052316,1.029424,1.027070,1.008602,1.020983,1.004530,0.979254,0.987713,0.995603,0.996987,1.009666,0.956698,0.982913,0.999236,0.990095,0.989942,1.032448,1.022532,1.007336,1.016142,1.012120,1.000272,1.031847,1.012943,0.968263,0.980113,1.010177,1.005065,1.012146,0.979698,1.054866
0.749700,1.044613,1.019908,1.004402,1.000418,1.022639,1.027735,1.019352,1.019653,1.052819,1.030414,1.028054,1.009605,1.022002,1.005610,0.980382,0.988798,0.996667,0.998046,1.010521,0.957365,0.983974,1.000221,0.991064,0.991022,1.033250,1.023452,1.008318,1.017028,1.012989,1.000909,1.032618,1.013728,0.968915,0.980585,1.011010,1.005717,1.012861,0.980482,1.055049
0.758030,1.045286,1.020811,1.005433,1.001475,1.023616,1.028704,1.020312,1.020564,1.053321,1.031408,1.029042,1.010611,1.023025,1.006697,0.981527,0.989904,0.997750,0.999120,1.011402,0.958055,0.985059,1.001230,0.992058,0.992125,1.034060,1.024385,1.009317,1.017928,1.013872,1.001558,1.033385,1.014513,0.969589,0.981079,1.011867,1.006393,1.013582,0.981279,1.055229
0.766360,1.045964,1.021724,1.006473,1.002537,1.024594,1.029675,1.021274,1.021474,1.053821,1.032404,1.030033,1.011621,1.024051,1.007792,0.982689,0.991031,0.998850,1.000210,1.012308,0.958769,0.986166,1.002262,0.993074,0.993249,1.034876,1.025330,1.010329,1.018841,1.014768,1.002216,1.034148,1.015297,0.970282,0.981595,1.012746,1.007093,1.014307,0.982089,1.055406
0.774690,1.046648,1.022645,1.007523,1.003603,1.025574,1.030647,1.022237,1.022382,1.054318,1.033402,1.031024,1.012633,1.025081,1.008892,0.983867,0.992177,0.999966,1.001313,1.013236,0.959506,0.987294,1.003316,0.994111,0.994393,1.035698,1.026287,1.011356,1.019766,1.015676,1.002883,1.034907,1.016080,0.970995,0.982132,1.013648,1.007816,1.015036,0.982912,1.055581
0.783020,1.047334,1.023575,1.008579,1.004672,1.026554,1.031618,1.023200,1.023289,1.054812,1.034401,1.032017,1.013647,1.026112,1.009997,0.985058,0.993340,1.001097,1.002428,1.014185,0.960264,0.988442,1.004392,0.995170,0.995555,1.036524,1.027253,1.012394,1.020703,1.016595,1.003558,1.035661,1.016863,0.971726,0.982689,1.014570,1.008561,1.015770,0.983746,1.055751
0.791350,1.048022,1.024511,1.009643,1.005742,1.027533,1.032590,1.024163,1.024193,1.055302,1.035400,1.033010,1.014660,1.027145,1.011106,0.986262,0.994521,1.002241,1.003554,1.015156,0.961042,0.989609,1.005487,0.996247,0.996734,1.037355,1.028229,1.013444,1.021651,1.017526,1.004241,1.036410,1.017643,0.972474,0.983267,1.015511,1.009327,1.016507,0.984593,1.055917
0.799680,1.048712,1.025453,1.010711,1.006814,1.028510,1.033559,1.025123,1.025093,1.055787,1.036398,1.034001,1.015674,1.028178,1.012217,0.987476,0.995716,1.003397,1.004691,1.016145,0.961840,0.990792,1.006601,0.997343,0.997930,1.038189,1.029214,1.014504,1.022608,1.018468,1.004930,1.037153,1.018422,0.973239,0.983863,1.016471,1.010114,1.017247,0.985451,1.056079
0.808010,1.049401,1.026399,1.011783,1.007885,1.029486,1.034526,1.026082,1.025989,1.056267,1.037395,1.034991,1.016686,1.029209,1.013330,0.988701,0.996925,1.004565,1.005835,1.017152,0.962656,0.991990,1.007731,0.998455,0.999139,1.039025,1.030206,1.015573,1.023576,1.019420,1.005626,1.037890,1.019198,0.974019,0.984478,1.017447,1.010921,1.017990,0.986322,1.056236
0.816340,1.050088,1.027350,1.012858,1.008956,1.030458,1.035490,1.027036,1.026880,1.056739,1.038388,1.035978,1.017695,1.030239,1.014444,0.989934,0.998146,1.005741,1.006986,1.018176,0.963490,0.993203,1.008876,0.999582,1.000361,1.039863,1.031204,1.016649,1.024553,1.020383,1.006327,1.038621,1.019971,0.974814,0.985110,1.018439,1.011746,1.018735,0.987204,1.056387
0.824670,1.050773,1.028303,1.013935,1.010024,1.031425,1.036449,1.027987,1.027764,1.057204,1.039378,1.036961,1.018702,1.031266,1.015557,0.991173,0.999377,1.006926,1.008143,1.019215,0.964340,0.994427,1.010035,1.000722,1.001595,1.040702,1.032208,1.017733,1.025538,1.021354,1.007032,1.039344,1.020740,0.975622,0.985758,1.019445,1.012587,1.019482,0.988098,1.056532
0.833000,1.051455,1.029257,1.015012,1.011089,1.032388,1.037402,1.028932,1.028641,1.057661,1.040364,1.037939,1.019704,1.032289,1.016667,0.992417,1.000617,1.008117,1.009305,1.020267,0.965205,0.995662,1.011206,1.001875,1.002838,1.041540,1.033217,1.018821,1.026531,1.022334,1.007741,1.040059,1.021504,0.976442,0.986422,1.020463,1.013444,1.020231,0.989002,1.056671
0.841330,1.052131,1.030212,1.016088,1.012149,1.033344,1.038350,1.029871,1.029510,1.058108,1.041343,1.038911,1.020700,1.033307,1.017775,0.993666,1.001864,1.009314,1.010469,1.021331,0.966083,0.996906,1.012387,1.003037,1.004089,1.042376,1.034229,1.019914,1.027530,1.023322,1.008453,1.040766,1.022264,0.977273,0.987099,1.021492,1.014314,1.020980,0.989917,1.056802
0.849660,1.052802,1.031166,1.017163,1.013204,1.034292,1.039290,1.030802,1.030369,1.058545,1.042316,1.039877,1.021690,1.034319,1.018878,0.994916,1.003117,1.010514,1.011634,1.022407,0.966974,0.998158,1.013578,1.004209,1.005347,1.043211,1.035243,1.021010,1.028536,1.024316,1.009167,1.041464,1.023017,0.978115,0.987790,1.022532,1.015197,1.021729,0.990841,1.056927
0.857990,1.053465,1.032119,1.018233,1.014253,1.035232,1.040221,1.031725,1.031219,1.058971,1.043281,1.040835,1.022672,1.035324,1.019975,0.996167,1.004375,1.011715,1.012800,1.023491,0.967877,0.999415,1.014775,1.005388,1.006610,1.044042,1.036259,1.022108,1.029546,1.025317,1.009882,1.042153,1.023764,0.978966,0.988494,1.023579,1.016091,1.022478,0.991774,1.057043
0.866320,1.054121,1.033069,1.019299,1.015293,1.036163,1.041143,1.032639,1.032056,1.059386,1.044237,1.041783,1.023645,1.036320,1.021066,0.997418,1.005635,1.012918,1.013964,1.024584,0.968790,1.000677,1.015979,1.006574,1.007877,1.044870,1.037274,1.023205,1.030559,1.026321,1.010598,1.042831,1.024504,0.979826,0.989210,1.024634,1.016995,1.023227,0.992714,1.057152
0.874650,1.054767,1.034016,1.020360,1.016325,1.037083,1.042055,1.033542,1.032882,1.059788,1.045184,1.042722,1.024609,1.037307,1.022148,0.998666,1.006896,1.014120,1.015126,1.025684,0.969714,1.001941,1.017188,1.007764,1.009145,1.045692,1.038289,1.024302,1.031575,1.027329,1.011314,1.043499,1.025236,0.980694,0.989937,1.025696,1.017908,1.023973,0.993660,1.057252
0.882980,1.055404,1.034957,1.021414,1.017347,1.037992,1.042955,1.034434,1.033695,1.060176,1.046120,1.043650,1.025563,1.038283,1.023222,0.999911,1.008157,1.015320,1.016283,1.026791,0.970646,1.003208,1.018401,1.008958,1.010415,1.046509,1.039301,1.025397,1.032592,1.028340,1.012029,1.044156,1.025959,0.981569,0.990677,1.026763,1.018828,1.024718,0.994612,1.057342
0.891310,1.056030,1.035894,1.022460,1.018359,1.038888,1.043844,1.035315,1.034493,1.060550,1.047044,1.044566,1.026505,1.039249,1.024286,1.001152,1.009417,1.016517,1.017436,1.027903,0.971588,1.004475,1.019616,1.010156,1.011685,1.047319,1.040310,1.026489,1.033609,1.029351,1.012742,1.044800,1.026673,0.982451,0.991430,1.027836,1.019755,1.025460,0.995567,1.057424
0.899640,1.056644,1.036823,1.023497,1.019359,1.039772,1.044719,1.036182,1.035277,1.060910,1.047956,1.045470,1.027434,1.040202,1.025338,1.002387,1.010675,1.017710,1.018583,1.029019,0.972539,1.005741,1.020833,1.011355,1.012953,1.048122,1.041315,1.027576,1.034626,1.030363,1.013454,1.045433,1.027377,0.983339,0.992196,1.028912,1.020688,1.026200,0.996526,1.057496
0.907970,1.057246,1.037746,1.024525,1.020347,1.040641,1.045580,1.037035,1.036045,1.061254,1.048854,1.046360,1.028350,1.041143,1.026379,1.003616,1.011930,1.018897,1.019722,1.030140,0.973498,1.007007,1.022052,1.012556,1.014219,1.048917,1.042315,1.028659,1.035640,1.031374,1.014163,1.046053,1.028070,0.984233,0.992976,1.029992,1.021626,1.026936,0.997486,1.057559
0.916300,1.057835,1.038660,1.025542,1.021321,1.041496,1.046427,1.037875,1.036797,1.061582,1.049739,1.047236,1.029253,1.042070,1.027408,1.004837,1.013181,1.020079,1.020854,1.031265,0.974466,1.008270,1.023270,1.013757,1.015482,1.049703,1.043310,1.029735,1.036653,1.032383,1.014869,1.046659,1.028753,0.985133,0.993771,1.031075,1.022569,1.027668,0.998448,1.057611
0.924630,1.058410,1.039567,1.026549,1.022282,1.042335,1.047259,1.038699,1.037531,1.061894,1.050609,1.048097,1.030141,1.042982,1.028423,1.006050,1.014427,1.021253,1.021978,1.032393,0.975444,1.009530,1.024488,1.014958,1.016741,1.050481,1.044298,1.030805,1.037662,1.033391,1.015571,1.047252,1.029423,0.986039,0.994582,1.032159,1.023518,1.028395,0.999411,1.057653
0.932960,1.058971,1.040463,1.027543,1.023228,1.043159,1.048074,1.039507,1.038248,1.062188,1.051464,1.048943,1.031013,1.043880,1.029423,1.007254,1.015666,1.022420,1.023091,1.033524,0.976429,1.010787,1.025705,1.016158,1.017996,1.051250,1.045279,1.031868,1.038668,1.034395,1.016270,1.047832,1.030081,0.986950,0.995409,1.033245,1.024470,1.029118,1.000373,1.057685
0.941290,1.059517,1.041351,1.028526,1.024159,1.043965,1.048874,1.040299,1.038947,1.062466,1.052303,1.049773,1.031870,1.044762,1.030410,1.008448,1.016900,1.023579,1.024195,1.034658,0.977424,1.012039,1.026920,1.017357,1.019245,1.052009,1.046253,1.032922,1.039669,1.035396,1.016964,1.048396,1.030727,0.987866,0.996253,1.034331,1.025427,1.029836,1.001335,1.057705
0.949620,1.060047,1.042228,1.029496,1.025074,1.044755,1.049656,1.041074,1.039627,1.062726,1.053125,1.050587,1.032711,1.045628,1.031381,1.009632,1.018127,1.024729,1.025288,1.035794,0.978428,1.013286,1.028132,1.018555,1.020488,1.052758,1.047218,1.033969,1.040665,1.036393,1.017654,1.048947,1.031360,0.988786,0.997116,1.035417,1.026388,1.030549,1.002296,1.057716
0.957950,1.060563,1.043094,1.030452,1.025974,1.045528,1.050422,1.041833,1.040288,1.062968,1.053932,1.051384,1.033535,1.046478,1.032336,1.010805,1.019346,1.025869,1.026370,1.036932,0.979441,1.014527,1.029341,1.019750,1.021724,1.053497,1.048176,1.035006,1.041657,1.037386,1.018339,1.049483,1.031980,0.989712,0.997997,1.036503,1.027354,1.031257,1.003255,1.057715
0.966280,1.061062,1.043950,1.031396,1.026857,1.046283,1.051170,1.042574,1.040930,1.063192,1.054722,1.052164,1.034342,1.047312,1.033276,1.011967,1.020557,1.026999,1.027441,1.038072,0.980463,1.015763,1.030548,1.020943,1.022954,1.054226,1.049125,1.036035,1.042642,1.038374,1.019020,1.050004,1.032587,0.990641,0.998898,1.037588,1.028325,1.031959,1.004212,1.057704
0.974610,1.061545,1.044794,1.032326,1.027725,1.047020,1.051901,1.043299,1.041553,1.063398,1.055496,1.052927,1.035133,1.048130,1.034201,1.013118,1.021760,1.028120,1.028500,1.039214,0.981494,1.016992,1.031750,1.022134,1.024176,1.054944,1.050066,1.037054,1.043622,1.039358,1.019695,1.050510,1.033181,0.991575,0.999817,1.038671,1.029301,1.032654,1.005167,1.057682
0.982940,1.062012,1.045627,1.033242,1.028576,1.047740,1.052614,1.044006,1.042156,1.063586,1.056253,1.053674,1.035908,1.048931,1.035109,1.014256,1.022954,1.029229,1.029546,1.040356,0.982533,1.018214,1.032948,1.023322,1.025391,1.055652,1.050998,1.038064,1.044597,1.040336,1.020364,1.051001,1.033764,0.992513,1.000756,1.039752,1.030282,1.033344,1.006120,1.057649
0.991270,1.062462,1.046447,1.034143,1.029411,1.048442,1.053310,1.044695,1.042740,1.063756,1.056994,1.054404,1.036666,1.049716,1.036001,1.015383,1.024139,1.030328,1.030581,1.041500,0.983581,1.019428,1.034141,1.024507,1.026597,1.056349,1.051921,1.039063,1.045565,1.041310,1.021027,1.051478,1.034334,0.993455,1.001713,1.040830,1.031268,1.034027,1.007070,1.057605
0.999600,1.062896,1.047255,1.035031,1.030229,1.049126,1.053989,1.045368,1.043305,1.063909,1.057719,1.055117,1.037407,1.050484,1.036877,1.016497,1.025314,1.031415,1.031602,1.042644,0.984637,1.020635,1.035330,1.025688,1.027795,1.057036,1.052834,1.040052,1.046527,1.042278,1.021682,1.051940,1.034894,0.994400,1.002689,1.041905,1.032261,1.034704,1.008017,1.057551
1.007930,1.063313,1.048050,1.035903,1.031030,1.049793,1.054650,1.046023,1.043851,1.064044,1.058428,1.055813,1.038132,1.051237,1.037737,1.017599,1.026479,1.032491,1.032610,1.043787,0.985700,1.021834,1.036513,1.026866,1.028984,1.057712,1.053738,1.041031,1.047482,1.043240,1.022330,1.052388,1.035442,0.995347,1.003681,1.042977,1.033260,1.035373,1.008962,1.057486
1.016260,1.063712,1.048831,1.036761,1.031815,1.050442,1.055294,1.046661,1.044377,1.064162,1.059121,1.056494,1.038841,1.051974,1.038581,1.018688,1.027634,1.033555,1.033605,1.044930,0.986769,1.023024,1.037690,1.028040,1.030164,1.058376,1.054632,1.041999,1.048431,1.044197,1.022969,1.052821,1.035980,0.996297,1.004691,1.044044,1.034265,1.036035,1.009903,1.057411
1.024590,1.064095,1.049598,1.037604,1.032583,1.051074,1.055921,1.047283,1.044885,1.064263,1.059798,1.057158,1.039533,1.052694,1.039409,1.019763,1.028779,1.034606,1.034586,1.046072,0.987844,1.024205,1.038862,1.029210,1.031334,1.059029,1.055516,1.042956,1.049373,1.045148,1.023598,1.053239,1.036508,0.997249,1.005716,1.045108,1.035278,1.036689,1.010842,1.057326
1.032920,1.064460,1.050351,1.038431,1.033335,1.051689,1.056531,1.047887,1.045374,1.064347,1.060460,1.057806,1.040210,1.053399,1.040221,1.020826,1.029913,1.035645,1.035554,1.047211,0.988924,1.025377,1.040027,1.030376,1.032494,1.059671,1.056390,1.043902,1.050308,1.046093,1.024217,1.053644,1.037026,0.998203,1.006755,1.046166,1.036299,1.037335,1.011777,1.057231
1.041250,1.064808,1.051089,1.039243,1.034071,1.052286,1.057125,1.048476,1.045846,1.064415,1.061107,1.058439,1.040871,1.054089,1.041017,1.021875,1.031035,1.036672,1.036507,1.048349,0.990009,1.026539,1.041185,1.031537,1.033644,1.060301,1.057254,1.044837,1.051237,1.047033,1.024825,1.054036,1.037534,0.999158,1.007808,1.047219,1.037327,1.037973,1.012709,1.057126
1.049580,1.065140,1.051813,1.040040,1.034790,1.052868,1.057702,1.049048,1.046299,1.064467,1.061739,1.059056,1.041518,1.054764,1.041798,1.022911,1.032146,1.037686,1.037447,1.049484,0.991098,1.027692,1.042337,1.032694,1.034784,1.060920,1.058109,1.045760,1.052159,1.047967,1.025422,1.054415,1.038034,1.000113,1.008874,1.048267,1.038363,1.038602,1.013639,1.057012
1.057910,1.065454,1.052521,1.040822,1.035495,1.053433,1.058265,1.049605,1.046736,1.064504,1.062358,1.059659,1.042150,1.055425,1.042563,1.023933,1.033246,1.038687,1.038372,1.050615,0.992190,1.028835,1.043482,1.033847,1.035913,1.061528,1.058954,1.046673,1.053075,1.048895,1.026006,1.054783,1.038525,1.001069,1.009952,1.049309,1.039406,1.039223,1.014566,1.056888
1.066240,1.065752,1.053215,1.041590,1.036184,1.053984,1.058812,1.050148,1.047157,1.064527,1.062963,1.060248,1.042768,1.056072,1.043314,1.024942,1.034335,1.039675,1.039284,1.051743,0.993285,1.029967,1.044619,1.034994,1.037031,1.062125,1.059789,1.047574,1.053984,1.049819,1.026579,1.055140,1.039008,1.002025,1.011041,1.050345,1.040457,1.039835,1.015490,1.056756
1.074570,1.066034,1.053894,1.042343,1.036859,1.054520,1.059346,1.050678,1.047562,1.064536,1.063555,1.060825,1.043373,1.056706,1.044051,1.025939,1.035412,1.040651,1.040182,1.052867,0.994382,1.031090,1.045748,1.036136,1.038139,1.062711,1.060615,1.048465,1.054888,1.050738,1.027140,1.055488,1.039484,1.002981,1.012139,1.051375,1.041515,1.040439,1.016412,1.056615
1.082900,1.066301,1.054559,1.043081,1.037519,1.055043,1.059867,1.051194,1.047952,1.064533,1.064136,1.061388,1.043966,1.057328,1.044775,1.026922,1.036477,1.041614,1.041067,1.053987,0.995480,1.032202,1.046870,1.037272,1.039236,1.063288,1.061432,1.049345,1.055786,1.051651,1.027688,1.055828,1.039954,1.003936,1.013247,1.052398,1.042579,1.041035,1.017332,1.056466
1.091230,1.066552,1.055209,1.043807,1.038167,1.055553,1.060376,1.051698,1.048329,1.064518,1.064706,1.061941,1.044547,1.057938,1.045486,1.027893,1.037532,1.042565,1.041939,1.055103,0.996580,1.033303,1.047984,1.038403,1.040322,1.063854,1.062240,1.050215,1.056678,1.052561,1.028224,1.056162,1.040417,1.004890,1.014363,1.053414,1.043650,1.041622,1.018250,1.056309
1.099560,1.066788,1.055845,1.044519,1.038802,1.056051,1.060873,1.052191,1.048693,1.064491,1.065265,1.062482,1.045117,1.058537,1.046184,1.028851,1.038574,1.043504,1.042798,1.056214,0.997680,1.034394,1.049089,1.039528,1.041398,1.064411,1.063040,1.051074,1.057564,1.053465,1.028748,1.056489,1.040875,1.005843,1.015487,1.054423,1.044726,1.042201,1.019165,1.056145
1.107890,1.067010,1.056467,1.045218,1.039425,1.056538,1.061360,1.052673,1.049045,1.064455,1.065815,1.063014,1.045677,1.059126,1.046871,1.029798,1.039606,1.044431,1.043644,1.057320,0.998780,1.035475,1.050186,1.040646,1.042462,1.064960,1.063831,1.051924,1.058445,1.054365,1.029259,1.056812,1.041329,1.006795,1.016617,1.055424,1.045808,1.042771,1.020078,1.055975
1.116220,1.067218,1.057076,1.045905,1.040037,1.057015,1.061837,1.053146,1.049386,1.064409,1.066356,1.063536,1.046228,1.059705,1.047546,1.030732,1.040626,1.045347,1.044478,1.058421,0.999880,1.036545,1.051275,1.041759,1.043516,1.065499,1.064614,1.052764,1.059321,1.055261,1.029759,1.057131,1.041778,1.007746,1.017754,1.056418,1.046894,1.043334,1.020989,1.055798
1.124550,1.067413,1.057672,1.046580,1.040638,1.057482,1.062305,1.053610,1.049718,1.064354,1.066889,1.064050,1.046769,1.060276,1.048211,1.031655,1.041635,1.046251,1.045301,1.059516,1.000979,1.037604,1.052355,1.042865,1.044560,1.066030,1.065390,1.053595,1.060192,1.056153,1.030246,1.057447,1.042224,1.008694,1.018896,1.057405,1.047986,1.043889,1.021898,1.055615
1.132880,1.067595,1.058256,1.047244,1.041229,1.057941,1.062765,1.054066,1.050040,1.064293,1.067415,1.064556,1.047303,1.060838,1.048867,1.032567,1.042634,1.047144,1.046112,1.060607,1.002078,1.038653,1.053427,1.043964,1.045593,1.066554,1.066158,1.054416,1.061059,1.057041,1.030723,1.057761,1.042666,1.009641,1.020042,1.058384,1.049081,1.044437,1.022804,1.055426
1.141210,1.067765,1.058827,1.047897,1.041811,1.058391,1.063217,1.054515,1.050353,1.064224,1.067934,1.065055,1.047830,1.061393,1.049513,1.033468,1.043621,1.048026,1.046911,1.061691,1.003175,1.039691,1.054490,1.045057,1.046616,1.067070,1.066919,1.055229,1.061920,1.057925,1.031187,1.058074,1.043107,1.010586,1.021194,1.059355,1.050181,1.044977,1.023708,1.055233
1.149540,1.067923,1.059386,1.048540,1.042384,1.058835,1.063663,1.054957,1.050660,1.064151,1.068447,1.065548,1.048351,1.061942,1.050150,1.034358,1.044599,1.048898,1.047701,1.062770,1.004270,1.040720,1.055545,1.046144,1.047628,1.067580,1.067674,1.056034,1.062778,1.058805,1.031641,1.058386,1.043545,1.011529,1.022348,1.060319,1.051283,1.045511,1.024611,1.055035
1.157870,1.068071,1.059934,1.049174,1.042950,1.059272,1.064104,1.055393,1.050960,1.064072,1.068955,1.066035,1.048865,1.062485,1.050780,1.035239,1.045566,1.049759,1.048480,1.063844,1.005364,1.041737,1.056590,1.047223,1.048631,1.068084,1.068422,1.056830,1.063631,1.059682,1.032084,1.058698,1.043982,1.012470,1.023506,1.061274,1.052389,1.046037,1.025511,1.054834
1.166200,1.068209,1.060472,1.049799,1.043508,1.059704,1.064539,1.055825,1.051255,1.063990,1.069459,1.066518,1.049375,1.063022,1.051403,1.036109,1.046523,1.050611,1.049249,1.064911,1.006455,1.042745,1.057628,1.048296,1.049623,1.068582,1.069165,1.057620,1.064481,1.060556,1.032517,1.059011,1.044418,1.013408,1.024667,1.062223,1.053498,1.046558,1.026410,1.054628
1.174530,1.068337,1.060999,1.050415,1.044060,1.060132,1.064970,1.056253,1.051545,1.063905,1.069959,1.066997,1.049880,1.063555,1.052018,1.036970,1.047470,1.051454,1.050010,1.065973,1.007544,1.043743,1.058656,1.049362,1.050606,1.069074,1.069902,1.058402,1.065327,1.061427,1.032939,1.059326,1.044854,1.014344,1.025829,1.063163,1.054609,1.047072,1.027307,1.054420
1.182860,1.068456,1.061516,1.051023,1.044606,1.060555,1.065398,1.056677,1.051831,1.063819,1.070456,1.067473,1.050382,1.064084,1.052628,1.037822,1.048408,1.052288,1.050761,1.067030,1.008631,1.044732,1.059677,1.050421,1.051580,1.069563,1.070634,1.059177,1.066170,1.062296,1.033352,1.059642,1.045290,1.015277,1.026993,1.064096,1.055722,1.047581,1.028204,1.054209
1.191190,1.068566,1.062025,1.051625,1.045147,1.060975,1.065823,1.057098,1.052115,1.063731,1.070950,1.067946,1.050881,1.064609,1.053233,1.038666,1.049337,1.053113,1.051504,1.068080,1.009715,1.045711,1.060688,1.051474,1.052545,1.070047,1.071361,1.059946,1.067011,1.063162,1.033756,1.059960,1.045727,1.016208,1.028159,1.065022,1.056837,1.048085,1.029099,1.053996
1.199520,1.068669,1.062525,1.052220,1.045683,1.061393,1.066246,1.057517,1.052397,1.063644,1.071443,1.068417,1.051377,1.065132,1.053833,1.039502,1.050257,1.053930,1.052240,1.069125,1.010795,1.046680,1.061692,1.052520,1.053500,1.070528,1.072085,1.060709,1.067849,1.064028,1.034152,1.060282,1.046165,1.017136,1.029325,1.065940,1.057953,1.048583,1.029994,1.053782
1.207850,1.068766,1.063018,1.052809,1.046216,1.061809,1.066668,1.057935,1.052678,1.063557,1.071935,1.068886,1.051872,1.065653,1.054428,1.040330,1.051169,1.054740,1.052968,1.070164,1.011873,1.047641,1.062688,1.053559,1.054447,1.071006,1.072805,1.061467,1.068686,1.064892,1.034540,1.060607,1.046604,1.018062,1.030491,1.066851,1.059070,1.049078,1.030889,1.053566
1.216180,1.068856,1.063505,1.053393,1.046745,1.062224,1.067089,1.058353,1.052959,1.063472,1.072426,1.069356,1.052366,1.066173,1.055020,1.041150,1.052073,1.055542,1.053691,1.071198,1.012947,1.048593,1.063676,1.054591,1.055386,1.071483,1.073523,1.062220,1.069521,1.065755,1.034922,1.060937,1.047045,1.018985,1.031658,1.067756,1.060189,1.049569,1.031784,1.053350
1.224510,1.068942,1.063985,1.053974,1.047273,1.062639,1.067511,1.058771,1.053241,1.063390,1.072918,1.069825,1.052860,1.066692,1.055610,1.041965,1.052969,1.056339,1.054407,1.072226,1.014018,1.049537,1.064656,1.055617,1.056317,1.071958,1.074238,1.062970,1.070357,1.066619,1.035298,1.061270,1.047489,1.019905,1.032824,1.068653,1.061308,1.050058,1.032680,1.053133
1.232840,1.069022,1.064462,1.054551,1.047798,1.063055,1.067933,1.059190,1.053524,1.063311,1.073411,1.070296,1.053354,1.067212,1.056197,1.042773,1.053858,1.057129,1.055118,1.073250,1.015086,1.050473,1.065630,1.056637,1.057241,1.072434,1.074952,1.063716,1.071192,1.067483,1.035671,1.061609,1.047935,1.020823,1.033989,1.069545,1.062428,1.050543,1.033578,1.052917
1.241170,1.069100,1.064934,1.055125,1.048323,1.063472,1.068357,1.059610,1.053810,1.063236,1.073905,1.070767,1.053849,1.067732,1.056783,1.043575,1.054741,1.057915,1.055825,1.074268,1.016151,1.051401,1.066596,1.057651,1.058158,1.072909,1.075666,1.064460,1.072028,1.068349,1.036040,1.061954,1.048385,1.021738,1.035153,1.070430,1.063549,1.051028,1.034478,1.052701
1.249500,1.069174,1.065404,1.055698,1.048848,1.063891,1.068784,1.060033,1.054099,1.063167,1.074401,1.071241,1.054346,1.068253,1.057369,1.044373,1.055618,1.058695,1.056529,1.075282,1.017212,1.052323,1.067556,1.058659,1.059069,1.073387,1.076379,1.065201,1.072866,1.069217,1.036408,1.062304,1.048838,1.022651,1.036317,1.071310,1.064670,1.051511,1.035380,1.052487
1.257830,1.069246,1.065872,1.056270,1.049374,1.064313,1.069213,1.060459,1.054391,1.063103,1.074900,1.071718,1.054845,1.068776,1.057954,1.045166,1.056488,1.059472,1.057229,1.076291,1.018270,1.053237,1.068509,1.059662,1.059973,1.073866,1.077093,1.065941,1.073705,1.070087,1.036775,1.062660,1.049294,1.023562,1.037478,1.072184,1.065791,1.051994,1.036286,1.052274
1.266160,1.069317,1.066339,1.056842,1.049900,1.064738,1.069646,1.060888,1.054689,1.063046,1.075402,1.072198,1.055347,1.069302,1.058539,1.045955,1.057354,1.060246,1.057927,1.077295,1.019324,1.054146,1.069456,1.060659,1.060871,1.074348,1.077809,1.066681,1.074547,1.070960,1.037142,1.063023,1.049755,1.024471,1.038639,1.073053,1.066911,1.052478,1.037196,1.052063
1.274490,1.069387,1.066806,1.057415,1.050428,1.065167,1.070083,1.061321,1.054992,1.062996,1.075908,1.072681,1.055853,1.069830,1.059125,1.046741,1.058215,1.061016,1.058624,1.078295,1.020375,1.055048,1.070397,1.061651,1.061764,1.074833,1.078526,1.067420,1.075393,1.071836,1.037510,1.063393,1.050220,1.025377,1.039797,1.073917,1.068032,1.052962,1.038109,1.051854
1.282820,1.069456,1.067273,1.057988,1.050959,1.065600,1.070524,1.061759,1.055301,1.062954,1.076418,1.073169,1.056362,1.070362,1.059713,1.047523,1.059071,1.061784,1.059318,1.079292,1.021423,1.055945,1.071333,1.062637,1.062653,1.075323,1.079245,1.068159,1.076241,1.072717,1.037881,1.063770,1.050690,1.026282,1.040953,1.074777,1.069151,1.053448,1.039028,1.051648
1.291150,1.069526,1.067741,1.058563,1.051492,1.066038,1.070971,1.062201,1.055616,1.062920,1.076932,1.073661,1.056875,1.070897,1.060302,1.048303,1.059924,1.062550,1.060012,1.080284,1.022467,1.056836,1.072264,1.063619,1.063536,1.075816,1.079967,1.068898,1.077094,1.073602,1.038254,1.064155,1.051164,1.027184,1.042107,1.075632,1.070270,1.053936,1.039951,1.051445
1.299480,1.069597,1.068211,1.059140,1.052028,1.066481,1.071422,1.062649,1.055938,1.062894,1.077451,1.074158,1.057392,1.071437,1.060894,1.049080,1.060772,1.063314,1.060706,1.081273,1.023507,1.057723,1.073189,1.064595,1.064415,1.076315,1.080692,1.069639,1.077951,1.074492,1.038630,1.064547,1.051643,1.028084,1.043259,1.076483,1.071387,1.054426,1.040881,1.051245
1.307810,1.069669,1.068684,1.059719,1.052567,1.066930,1.071880,1.063103,1.056268,1.062878,1.077975,1.074660,1.057914,1.071980,1.061487,1.049855,1.061617,1.064077,1.061399,1.082257,1.024545,1.058604,1.074109,1.065566,1.065290,1.076818,1.081420,1.070380,1.078812,1.075387,1.039010,1.064947,1.052127,1.028982,1.044407,1.077330,1.072503,1.054918,1.041815,1.051048
1.316140,1.069742,1.069159,1.060301,1.053111,1.067385,1.072343,1.063562,1.056605,1.062871,1.078504,1.075167,1.058441,1.072528,1.062084,1.050628,1.062458,1.064839,1.062093,1.083238,1.025578,1.059481,1.075024,1.066533,1.066160,1.077327,1.082152,1.071124,1.079679,1.076287,1.039394,1.065355,1.052616,1.029878,1.045553,1.078174,1.073616,1.055414,1.042756,1.050855
1.324470,1.069818,1.069637,1.060886,1.053658,1.067846,1.072812,1.064027,1.056950,1.062874,1.079038,1.075680,1.058973,1.073080,1.062683,1.051399,1.063297,1.065599,1.062787,1.084216,1.026608,1.060353,1.075935,1.067495,1.067027,1.077841,1.082888,1.071869,1.080550,1.077193,1.039783,1.065771,1.053109,1.030772,1.046696,1.079014,1.074728,1.055913,1.043703,1.050666
1.332800,1.069895,1.070118,1.061474,1.054209,1.068313,1.073288,1.064499,1.057303,1.062886,1.079577,1.076198,1.059509,1.073637,1.063285,1.052169,1.064133,1.066359,1.063481,1.085190,1.027635,1.061222,1.076841,1.068452,1.067891,1.078361,1.083628,1.072615,1.081427,1.078105,1.040177,1.066196,1.053607,1.031664,1.047835,1.079851,1.075836,1.056415,1.044657,1.050480
1.341130,1.069975,1.070602,1.062065,1.054764,1.068786,1.073770,1.064977,1.057664,1.062909,1.080121,1.076722,1.060051,1.074199,1.063890,1.052937,1.064965,1.067119,1.064177,1.086160,1.028657,1.062086,1.077743,1.069404,1.068750,1.078887,1.084371,1.073364,1.082309,1.079022,1.040575,1.066628,1.054110,1.032554,1.048971,1.080684,1.076942,1.056921,1.045617,1.050299
1.349460,1.070058,1.071091,1.062660,1.055324,1.069265,1.074258,1.065461,1.058034,1.062942,1.080671,1.077251,1.060598,1.074765,1.064499,1.053705,1.065796,1.067878,1.064873,1.087127,1.029676,1.062946,1.078640,1.070352,1.069607,1.079418,1.085119,1.074115,1.083196,1.079945,1.040979,1.067068,1.054617,1.033441,1.050103,1.081515,1.078045,1.057431,1.046583,1.050122
1.357790,1.070144,1.071583,1.063258,1.055888,1.069751,1.074753,1.065951,1.058412,1.062985,1.081226,1.077786,1.061150,1.075336,1.065110,1.054470,1.066623,1.068637,1.065570,1.088090,1.030690,1.063802,1.079534,1.071294,1.070460,1.079955,1.085871,1.074868,1.084088,1.080873,1.041387,1.067515,1.055128,1.034325,1.051231,1.082343,1.079145,1.057945,1.047555,1.049949
1.366120,1.070232,1.072078,1.063860,1.056456,1.070243,1.075254,1.066448,1.058798,1.063038,1.081786,1.078326,1.061707,1.075911,1.065724,1.055235,1.067448,1.069395,1.066268,1.089049,1.031700,1.064654,1.080422,1.072232,1.071309,1.080497,1.086626,1.075622,1.084985,1.081806,1.041801,1.067971,1.055643,1.035207,1.052354,1.083167,1.080240,1.058462,1.048533,1.049780
1.374450,1.070323,1.072578,1.064464,1.057028,1.070741,1.075761,1.066950,1.059192,1.063101,1.082351,1.078871,1.062269,1.076490,1.066341,1.055998,1.068270,1.070152,1.066967,1.090005,1.032706,1.065502,1.081307,1.073165,1.072155,1.081045,1.087385,1.076378,1.085886,1.082745,1.042220,1.068434,1.056163,1.036085,1.053473,1.083989,1.081331,1.058983,1.049516,1.049616
1.382780,1.070417,1.073081,1.065072,1.057604,1.071245,1.076274,1.067459,1.059594,1.063174,1.082920,1.079421,1.062835,1.077074,1.066961,1.056760,1.069089,1.070909,1.067666,1.090955,1.033707,1.066346,1.082186,1.074092,1.072998,1.081598,1.088147,1.077136,1.086791,1.083687,1.042643,1.068904,1.056685,1.036960,1.054586,1.084808,1.082418,1.059508,1.050504,1.049456
1.391110,1.070514,1.073588,1.065683,1.058184,1.071755,1.076792,1.067973,1.060004,1.063257,1.083493,1.079976,1.063406,1.077661,1.067584,1.057520,1.069905,1.071665,1.068366,1.091902,1.034703,1.067185,1.083062,1.075015,1.073836,1.082155,1.088912,1.077895,1.087700,1.084633,1.043071,1.069381,1.057211,1.037831,1.055695,1.085624,1.083499,1.060037,1.051496,1.049300
1.399440,1.070614,1.074098,1.066296,1.058767,1.072270,1.077316,1.068492,1.060421,1.063349,1.084071,1.080536,1.063980,1.078252,1.068208,1.058278,1.070718,1.072419,1.069066,1.092844,1.035693,1.068021,1.083932,1.075931,1.074671,1.082717,1.089680,1.078654,1.088611,1.085583,1.043504,1.069865,1.057740,1.038698,1.056797,1.086436,1.084576,1.060569,1.052492,1.049148
1.407770,1.070716,1.074611,1.066912,1.059354,1.072789,1.077845,1.069016,1.060845,1.063450,1.084651,1.081099,1.064558,1.078845,1.068835,1.059034,1.071527,1.073173,1.069766,1.093780,1.036678,1.068851,1.084797,1.076841,1.075501,1.083282,1.090449,1.079414,1.089526,1.086535,1.043941,1.070355,1.058271,1.039561,1.057894,1.087244,1.085646,1.061104,1.053491,1.049000
1.416100,1.070820,1.075126,1.067529,1.059942,1.073314,1.078378,1.069544,1.061276,1.063560,1.085235,1.081665,1.065138,1.079441,1.069463,1.059788,1.072332,1.073924,1.070465,1.094711,1.037657,1.069677,1.085656,1.077745,1.076327,1.083852,1.091220,1.080174,1.090442,1.087488,1.044382,1.070850,1.058803,1.040418,1.058984,1.088048,1.086710,1.061641,1.054492,1.048856
1.424430,1.070927,1.075644,1.068148,1.060533,1.073842,1.078914,1.070076,1.061712,1.063678,1.085820,1.082234,1.065721,1.080039,1.070091,1.060538,1.073134,1.074673,1.071163,1.095637,1.038629,1.070497,1.086510,1.078642,1.077148,1.084423,1.091992,1.080933,1.091358,1.088443,1.044826,1.071351,1.059336,1.041271,1.060066,1.088847,1.087766,1.062181,1.055494,1.048716
1.432760,1.071035,1.076163,1.068767,1.061125,1.074373,1.079454,1.070611,1.062154,1.063803,1.086407,1.082805,1.066305,1.080638,1.070719,1.061285,1.073930,1.075419,1.071859,1.096555,1.039594,1.071311,1.087356,1.079532,1.077964,1.084998,1.092763,1.081691,1.092276,1.089399,1.045274,1.071857,1.059867,1.042117,1.061140,1.089641,1.088815,1.062724,1.056497,1.048580
1.441090,1.071145,1.076684,1.069386,1.061718,1.074907,1.079996,1.071149,1.062600,1.063936,1.086994,1.083376,1.066890,1.081236,1.071347,1.062028,1.074721,1.076162,1.072554,1.097466,1.040551,1.072119,1.088196,1.080414,1.078773,1.085574,1.093534,1.082447,1.093193,1.090354,1.045724,1.072366,1.060398,1.042956,1.062204,1.090429,1.089856,1.063267,1.057500,1.048446
1.449420,1.071256,1.077205,1.070005,1.062311,1.075442,1.080540,1.071688,1.063050,1.064076,1.087581,1.083948,1.067474,1.081834,1.071974,1.062766,1.075506,1.076901,1.073245,1.098369,1.041498,1.072920,1.089028,1.081287,1.079576,1.086150,1.094304,1.083201,1.094108,1.091308,1.046176,1.072879,1.060925,1.043788,1.063258,1.091211,1.090889,1.063812,1.058502,1.048316
1.457750,1.071367,1.077727,1.070622,1.062904,1.075978,1.081085,1.072227,1.063503,1.064221,1.088166,1.084519,1.068058,1.082430,1.072598,1.063499,1.076284,1.077634,1.073933,1.099263,1.042435,1.073713,1.089852,1.082151,1.080372,1.086728,1.095072,1.083951,1.095022,1.092259,1.046630,1.073394,1.061449,1.044612,1.064299,1.091985,1.091912,1.064358,1.059501,1.048189
1.466080,1.071479,1.078248,1.071238,1.063494,1.076514,1.081629,1.072767,1.063958,1.064371,1.088749,1.085089,1.068639,1.083024,1.073219,1.064226,1.077056,1.078363,1.074617,1.100147,1.043361,1.074498,1.090668,1.083006,1.081160,1.087304,1.095837,1.084697,1.095932,1.093207,1.047085,1.073911,1.061968,1.045427,1.065326,1.092752,1.092924,1.064903,1.060498,1.048065
1.474410,1.071591,1.078768,1.071850,1.064083,1.077050,1.082172,1.073305,1.064415,1.064527,1.089329,1.085656,1.069218,1.083615,1.073837,1.064946,1.077819,1.079085,1.075296,1.101020,1.044275,1.075274,1.091473,1.083851,1.081939,1.087880,1.096599,1.085439,1.096839,1.094152,1.047541,1.074430,1.062482,1.046232,1.066338,1.093511,1.093926,1.065448,1.061490,1.047943
1.482740,1.071702,1.079286,1.072460,1.064668,1.077583,1.082714,1.073842,1.064872,1.064686,1.089905,1.086220,1.069793,1.084202,1.074450,1.065659,1.078573,1.079801,1.075970,1.101882,1.045175,1.076040,1.092269,1.084684,1.082710,1.088454,1.097356,1.086175,1.097740,1.095091,1.047997,1.074949,1.062989,1.047027,1.067333,1.094260,1.094916,1.065992,1.062478,1.047823
1.491070,1.071813,1.079802,1.073064,1.065250,1.078115,1.083254,1.074377,1.065328,1.064848,1.090476,1.086780,1.070363,1.084783,1.075057,1.066363,1.079318,1.080509,1.076637,1.102731,1.046061,1.076796,1.093053,1.085505,1.083470,1.089025,1.098107,1.086904,1.098636,1.096025,1.048452,1.075467,1.063489,1.047810,1.068311,1.094999,1.095892,1.066534,1.063461,1.047705
1.499400,1.071922,1.080314,1.073664,1.065826,1.078643,1.083789,1.074908,1.065783,1.065012,1.091041,1.087335,1.070928,1.085359,1.075659,1.067058,1.080053,1.081208,1.077296,1.103567,1.046931,1.077541,1.093824,1.086312,1.084219,1.089593,1.098853,1.087626,1.099525,1.096952,1.048907,1.075985,1.063980,1.048580,1.069269,1.095726,1.096851,1.067074,1.064436,1.047588
1.507730,1.072028,1.080822,1.074257,1.066397,1.079166,1.084320,1.075434,1.066236,1.065179,1.091600,1.087884,1.071487,1.085927,1.076253,1.067743,1.080776,1.081897,1.077947,1.104387,1.047785,1.078273,1.094582,1.087105,1.084956,1.090156,1.099591,1.088340,1.100407,1.097870,1.049359,1.076499,1.064463,1.049337,1.070205,1.096442,1.097792,1.067610,1.065403,1.047473
1.516060,1.072132,1.081324,1.074843,1.066961,1.079684,1.084846,1.075954,1.066685,1.065345,1.092150,1.088426,1.072038,1.086488,1.076838,1.068416,1.081486,1.082576,1.078589,1.105191,1.048620,1.078991,1.095325,1.087881,1.085680,1.090714,1.100320,1.089044,1.101279,1.098780,1.049809,1.077010,1.064936,1.050080,1.071119,1.097143,1.098712,1.068142,1.066362,1.047359
1.524390,1.072233,1.081821,1.075419,1.067517,1.080195,1.085364,1.076468,1.067130,1.065512,1.092691,1.088959,1.072580,1.087039,1.077414,1.069077,1.082182,1.083243,1.079220,1.105978,1.049435,1.079694,1.096052,1.088638,1.086389,1.091266,1.101040,1.089738,1.102141,1.099679,1.050255,1.077515,1.065397,1.050808,1.072009,1.097830,1.099608,1.068669,1.067310,1.047245
1.532720,1.072330,1.082309,1.075986,1.068063,1.080697,1.085873,1.076973,1.067568,1.065678,1.093222,1.089482,1.073111,1.087580,1.077979,1.069724,1.082863,1.083896,1.079839,1.106747,1.050230,1.080380,1.096760,1.089376,1.087083,1.091809,1.101748,1.090419,1.102992,1.100566,1.050695,1.078013,1.065847,1.051519,1.072874,1.098500,1.100476,1.069190,1.068247,1.047132
1.541050,1.072421,1.082788,1.076542,1.068598,1.081190,1.086373,1.077468,1.067999,1.065841,1.093741,1.089994,1.073632,1.088108,1.078532,1.070356,1.083527,1.084535,1.080444,1.107495,1.051003,1.081048,1.097449,1.090092,1.087759,1.092343,1.102444,1.091086,1.103830,1.101440,1.051127,1.078502,1.066284,1.052212,1.073712,1.099153,1.101314,1.069703,1.069171,1.047018
1.549380,1.072507,1.083256,1.077084,1.069122,1.081672,1.086861,1.077952,1.068421,1.066001,1.094246,1.090494,1.074139,1.088624,1.079071,1.070971,1.084173,1.085158,1.081034,1.108222,1.051753,1.081697,1.098116,1.090785,1.088416,1.092867,1.103127,1.091739,1.104653,1.102300,1.051551,1.078980,1.066707,1.052886,1.074521,1.099786,1.102120,1.070207,1.070080,1.046904
1.557710,1.072586,1.083712,1.077612,1.069631,1.082141,1.087337,1.078423,1.068834,1.066157,1.094738,1.090979,1.074632,1.089125,1.079595,1.071568,1.084800,1.085763,1.081608,1.108926,1.052478,1.082325,1.098761,1.091453,1.089054,1.093378,1.103793,1.092376,1.105460,1.103143,1.051964,1.079446,1.067116,1.053541,1.075301,1.100399,1.102890,1.070702,1.070975,1.046789
1.566040,1.072658,1.084155,1.078125,1.070126,1.082597,1.087798,1.078880,1.069235,1.066309,1.095213,1.091450,1.075110,1.089610,1.080103,1.072147,1.085406,1.086349,1.082165,1.109607,1.053178,1.082931,1.099382,1.092095,1.089671,1.093876,1.104444,1.092995,1.106251,1.103969,1.052365,1.079897,1.067509,1.054175,1.076050,1.100991,1.103624,1.071186,1.071852,1.046673
1.574370,1.072722,1.084582,1.078620,1.070605,1.083038,1.088245,1.079322,1.069623,1.066454,1.095672,1.091904,1.075572,1.090078,1.080594,1.072705,1.085991,1.086916,1.082703,1.110263,1.053850,1.083514,1.099979,1.092710,1.090265,1.094360,1.105076,1.093595,1.107023,1.104776,1.052753,1.080333,1.067885,1.054787,1.076767,1.101560,1.104318,1.071657,1.072710,1.046555
1.582700,1.072777,1.084994,1.079097,1.071067,1.083462,1.088675,1.079748,1.069998,1.066593,1.096113,1.092341,1.076016,1.090528,1.081066,1.073242,1.086553,1.087462,1.083221,1.110893,1.054495,1.084073,1.100549,1.093295,1.090836,1.094827,1.105689,1.094175,1.107774,1.105563,1.053126,1.080752,1.068245,1.055376,1.077451,1.102106,1.104971,1.072116,1.073549,1.046435
1.591030,1.072823,1.085389,1.079555,1.071510,1.083870,1.089087,1.080157,1.070358,1.066724,1.096535,1.092760,1.076441,1.090959,1.081519,1.073757,1.087090,1.087985,1.083718,1.111496,1.055111,1.084606,1.101091,1.093851,1.091382,1.095279,1.106281,1.094734,1.108504,1.106328,1.053483,1.081153,1.068586,1.055941,1.078101,1.102627,1.105582,1.072560,1.074365,1.046313
1.599360,1.072860,1.085765,1.079993,1.071935,1.084259,1.089481,1.080547,1.070703,1.066847,1.096938,1.093159,1.076846,1.091371,1.081952,1.074248,1.087603,1.088485,1.084192,1.112071,1.055697,1.085114,1.101606,1.094375,1.091903,1.095712,1.106852,1.095271,1.109211,1.107069,1.053824,1.081536,1.068910,1.056482,1.078716,1.103123,1.106150,1.072989,1.075159,1.046189
1.607690,1.072886,1.086122,1.080409,1.072339,1.084629,1.089856,1.080918,1.071031,1.066961,1.097320,1.093539,1.077232,1.091761,1.082363,1.074715,1.088090,1.088961,1.084644,1.112617,1.056253,1.085594,1.102092,1.094869,1.092397,1.096126,1.107400,1.095784,1.109894,1.107786,1.054146,1.081898,1.069214,1.056998,1.079296,1.103593,1.106674,1.073402,1.075928,1.046062
1.616020,1.072901,1.086460,1.080804,1.072723,1.084980,1.090210,1.081269,1.071342,1.067066,1.097681,1.093897,1.077596,1.092131,1.082752,1.075157,1.088550,1.089412,1.085072,1.113133,1.056777,1.086047,1.102548,1.095330,1.092864,1.096521,1.107924,1.096273,1.110552,1.108476,1.054450,1.082240,1.069499,1.057488,1.079839,1.104037,1.107154,1.073798,1.076671,1.045932
1.624350,1.072905,1.086776,1.081175,1.073085,1.085310,1.090544,1.081600,1.071635,1.067162,1.098020,1.094234,1.077938,1.092477,1.083119,1.075574,1.088984,1.089838,1.085476,1.113620,1.057269,1.086471,1.102975,1.095759,1.093304,1.096895,1.108423,1.096737,1.111182,1.109140,1.054734,1.082560,1.069764,1.057951,1.080345,1.104454,1.107590,1.074176,1.077386,1.045799
1.632680,1.072898,1.087071,1.081523,1.073424,1.085618,1.090856,1.081909,1.071910,1.067246,1.098336,1.094549,1.078258,1.092802,1.083462,1.075964,1.089389,1.090237,1.085854,1.114075,1.057729,1.086866,1.103371,1.096154,1.093715,1.097249,1.108896,1.097175,1.111786,1.109774,1.054998,1.082858,1.070010,1.058387,1.080813,1.104843,1.107981,1.074535,1.078073,1.045662
1.641010,1.072879,1.087344,1.081846,1.073741,1.085905,1.091146,1.082196,1.072165,1.067320,1.098629,1.094841,1.078555,1.093103,1.083781,1.076327,1.089766,1.090609,1.086206,1.114499,1.058156,1.087233,1.103736,1.096517,1.094097,1.097580,1.109343,1.097586,1.112360,1.110380,1.055241,1.083134,1.070234,1.058795,1.081244,1.105205,1.108329,1.074876,1.078729,1.045523
1.649340,1.072849,1.087594,1.082145,1.074034,1.086170,1.091414,1.082461,1.072401,1.067383,1.098899,1.095110,1.078829,1.093380,1.084076,1.076663,1.090114,1.090954,1.086532,1.114891,1.058549,1.087569,1.104070,1.096846,1.094450,1.097889,1.109763,1.097970,1.112904,1.110954,1.055464,1.083387,1.070438,1.059175,1.081636,1.105538,1.108632,1.075196,1.079354,1.045380
1.657670,1.072806,1.087821,1.082419,1.074303,1.086412,1.091658,1.082703,1.072616,1.067434,1.099145,1.095355,1.079078,1.093633,1.084345,1.076971,1.090433,1.091271,1.086831,1.115251,1.058909,1.087875,1.104373,1.097141,1.094774,1.098176,1.110155,1.098326,1.113418,1.111497,1.055664,1.083616,1.070621,1.059527,1.081990,1.105844,1.108891,1.075497,1.079948,1.045233
1.666000,1.072751,1.088025,1.082666,1.074548,1.086631,1.091879,1.082922,1.072811,1.067474,1.099367,1.095577,1.079304,1.093861,1.084590,1.077250,1.090722,1.091559,1.087103,1.115578,1.059235,1.088151,1.104644,1.097403,1.095067,1.098439,1.110519,1.098654,1.113901,1.112008,1.055843,1.083822,1.070783,1.059850,1.082305,1.106121,1.109108,1.075776,1.080508,1.045082
1.674330,1.072684,1.088205,1.082888,1.074768,1.086827,1.092077,1.083117,1.072985,1.067501,1.099564,1.095774,1.079505,1.094065,1.084808,1.077501,1.090981,1.091819,1.087347,1.115872,1.059526,1.088397,1.104884,1.097631,1.095329,1.098679,1.110854,1.098953,1.114351,1.112485,1.056000,1.084004,1.070923,1.060144,1.082582,1.106369,1.109283,1.076034,1.081033,1.044928
1.682660,1.072605,1.088361,1.083084,1.074963,1.086999,1.092250,1.083288,1.073138,1.067516,1.099736,1.095947,1.079681,1.094243,1.085001,1.077724,1.091210,1.092049,1.087563,1.116133,1.059783,1.088612,1.105092,1.097825,1.095561,1.098895,1.111159,1.099223,1.114769,1.112929,1.056135,1.084161,1.071043,1.060408,1.082819,1.106589,1.109416,1.076271,1.081524,1.044771
1.690990,1.072513,1.088492,1.083253,1.075134,1.087147,1.092399,1.083436,1.073270,1.067519,1.099884,1.096095,1.079833,1.094396,1.085168,1.077917,1.091408,1.092250,1.087751,1.116361,1.060006,1.088796,1.105269,1.097986,1.095763,1.099088,1.111435,1.099464,1.115153,1.113338,1.056247,1.084295,1.071140,1.060643,1.083018,1.106780,1.109508,1.076486,1.081979,1.044609
1.699320,1.072409,1.088600,1.083396,1.075279,1.087271,1.092524,1.083560,1.073380,1.067510,1.100006,1.096218,1.079959,1.094524,1.085308,1.078081,1.091576,1.092422,1.087910,1.116556,1.060194,1.088949,1.105413,1.098113,1.095933,1.099256,1.111681,1.099674,1.115503,1.113711,1.056337,1.084404,1.071217,1.060848,1.083179,1.106943,1.109561,1.076679,1.082398,1.044444
1.707650,1.072293,1.088682,1.083512,1.075398,1.087371,1.092625,1.083659,1.073469,1.067488,1.100104,1.096317,1.080060,1.094626,1.085422,1.078216,1.091713,1.092564,1.088041,1.116717,1.060347,1.089071,1.105526,1.098207,1.096072,1.099399,1.111896,1.099856,1.115819,1.114049,1.056405,1.084488,1.071271,1.061024,1.083300,1.107076,1.109573,1.076850,1.082779,1.044275
1.715980,1.072165,1.088741,1.083601,1.075492,1.087447,1.092701,1.083734,1.073536,1.067453,1.100176,1.096391,1.080136,1.094703,1.085510,1.078321,1.091819,1.092677,1.088144,1.116844,1.060465,1.089162,1.105608,1.098268,1.096180,1.099519,1.112081,1.100007,1.116100,1.114351,1.056450,1.084549,1.071305,1.061169,1.083383,1.107181,1.109547,1.076998,1.083123,1.044103
1.724310,1.072025,1.088775,1.083663,1.075560,1.087498,1.092753,1.083785,1.073581,1.067406,1.100223,1.096439,1.080187,1.094754,1.085571,1.078396,1.091895,1.092760,1.088217,1.116937,1.060549,1.089221,1.105657,1.098295,1.096257,1.099614,1.112235,1.100127,1.116345,1.114616,1.056473,1.084585,1.071317,1.061284,1.083428,1.107258,1.109483,1.077124,1.083429,1.043927
1.732640,1.071874,1.088785,1.083698,1.075602,1.087526,1.092780,1.083812,1.073604,1.067347,1.100245,1.096463,1.080213,1.094780,1.085605,1.078442,1.091939,1.092812,1.088263,1.116997,1.060598,1.089250,1.105676,1.098289,1.096303,1.099685,1.112359,1.100218,1.116556,1.114845,1.056475,1.084597,1.071307,1.061369,1.083435,1.107305,1.109381,1.077227,1.083696,1.043748
1.740970,1.071711,1.088770,1.083707,1.075620,1.087529,1.092783,1.083814,1.073606,1.067275,1.100242,1.096462,1.080213,1.094780,1.085613,1.078458,1.091953,1.092835,1.088279,1.117024,1.060613,1.089247,1.105662,1.098251,1.096317,1.099732,1.112452,1.100278,1.116731,1.115036,1.056455,1.084585,1.071276,1.061425,1.083403,1.107324,1.109242,1.077307,1.083924,1.043566
1.749300,1.071537,1.088732,1.083689,1.075611,1.087509,1.092761,1.083792,1.073587,1.067191,1.100213,1.096436,1.080189,1.094755,1.085595,1.078445,1.091935,1.092829,1.088267,1.117016,1.060594,1.089214,1.105617,1.098179,1.096300,1.099754,1.112513,1.100308,1.116870,1.115190,1.056413,1.084549,1.071225,1.061450,1.083334,1.107314,1.109067,1.077365,1.084114,1.043381
1.757630,1.071353,1.088669,1.083644,1.075577,1.087464,1.092715,1.083747,1.073546,1.067095,1.100160,1.096386,1.080139,1.094704,1.085550,1.078402,1.091887,1.092792,1.088226,1.116976,1.060540,1.089149,1.105541,1.098075,1.096252,1.099753,1.112545,1.100308,1.116973,1.115307,1.056350,1.084490,1.071152,1.061445,1.083228,1.107276,1.108856,1.077400,1.084264,1.043193
1.765960,1.071158,1.088583,1.083574,1.075518,1.087396,1.092646,1.083677,1.073483,1.066986,1.100083,1.096311,1.080065,1.094629,1.085479,1.078329,1.091808,1.092726,1.088157,1.116901,1.060452,1.089054,1.105434,1.097939,1.096173,1.099727,1.112545,1.100278,1.117040,1.115387,1.056266,1.084407,1.071058,1.061411,1.083084,1.107209,1.108610,1.077412,1.084375,1.043002
1.774290,1.070952,1.088474,1.083477,1.075434,1.087304,1.092552,1.083585,1.073400,1.066866,1.099980,1.096212,1.079966,1.094528,1.085382,1.078228,1.091698,1.092630,1.088060,1.116794,1.060330,1.088927,1.105295,1.097770,1.096063,1.099678,1.112515,1.100217,1.117072,1.115429,1.056162,1.084302,1.070944,1.061346,1.082903,1.107114,1.108328,1.077402,1.084446,1.042808
1.782620,1.070737,1.088342,1.083354,1.075324,1.087189,1.092435,1.083468,1.073296,1.066735,1.099854,1.096089,1.079842,1.094403,1.085258,1.078096,1.091558,1.092504,1.087935,1.116653,1.060174,1.088770,1.105125,1.097569,1.095922,1.099606,1.112454,1.100127,1.117068,1.115433,1.056037,1.084173,1.070809,1.061252,1.082686,1.106990,1.108012,1.077370,1.084478,1.042612
1.790950,1.070512,1.088186,1.083206,1.075190,1.087051,1.092295,1.083329,1.073171,1.066592,1.099703,1.095941,1.079695,1.094252,1.085110,1.077936,1.091387,1.092350,1.087781,1.116480,1.059985,1.088582,1.104924,1.097336,1.095749,1.099511,1.112363,1.100007,1.117028,1.115401,1.055893,1.084022,1.070654,1.061129,1.082432,1.106838,1.107662,1.077316,1.084471,1.042413
1.799280,1.070278,1.088009,1.083032,1.075032,1.086890,1.092132,1.083167,1.073026,1.066438,1.099528,1.095771,1.079523,1.094078,1.084935,1.077746,1.091186,1.092166,1.087600,1.116274,1.059762,1.088363,1.104692,1.097070,1.095547,1.099392,1.112242,1.099858,1.116952,1.115331,1.055729,1.083849,1.070478,1.060976,1.082143,1.106658,1.107277,1.077239,1.084424,1.042212
1.807610,1.070035,1.087809,1.082833,1.074849,1.086707,1.091945,1.082982,1.072861,1.066273,1.099330,1.095577,1.079328,1.093879,1.084735,1.077528,1.090955,1.091953,1.087392,1.116035,1.059506,1.088114,1.104430,1.096773,1.095313,1.099251,1.112090,1.099679,1.116841,1.115224,1.055546,1.083654,1.070283,1.060793,1.081817,1.106449,1.106858,1.077142,1.084339,1.042010
1.815940,1.069783,1.087588,1.082609,1.074643,1.086501,1.091737,1.082775,1.072676,1.066097,1.099109,1.095360,1.079109,1.093657,1.084511,1.077281,1.090694,1.091712,1.087156,1.115763,1.059217,1.087835,1.104137,1.096444,1.095050,1.099088,1.111910,1.099471,1.116695,1.115081,1.055345,1.083438,1.070068,1.060582,1.081456,1.106212,1.106406,1.077022,1.084214,1.041806
1.824270,1.069524,1.087346,1.082361,1.074412,1.086274,1.091506,1.082545,1.072471,1.065911,1.098864,1.095120,1.078867,1.093411,1.084261,1.077006,1.090402,1.091442,1.086893,1.115460,1.058896,1.087525,1.103813,1.096084,1.094756,1.098903,1.111699,1.099234,1.116514,1.114901,1.055125,1.083201,1.069834,1.060342,1.081060,1.105947,1.105920,1.076882,1.084051,1.041600
1.832600,1.069257,1.087082,1.082089,1.074159,1.086025,1.091253,1.082295,1.072248,1.065715,1.098597,1.094858,1.078603,1.093142,1.083987,1.076702,1.090082,1.091144,1.086604,1.115124,1.058542,1.087186,1.103458,1.095692,1.094432,1.098696,1.111460,1.098968,1.116298,1.114685,1.054887,1.082943,1.069580,1.060073,1.080630,1.105654,1.105400,1.076720,1.083849,1.041393
1.840930,1.068982,1.086799,1.081793,1.073882,1.085754,1.090979,1.082022,1.072005,1.065509,1.098308,1.094573,1.078315,1.092850,1.083689,1.076371,1.089732,1.090818,1.086289,1.114757,1.058156,1.086816,1.103074,1.095269,1.094078,1.098467,1.111192,1.098674,1.116048,1.114432,1.054632,1.082664,1.069308,1.059775,1.080164,1.105333,1.104848,1.076538,1.083610,1.041184
1.849260,1.068700,1.086495,1.081473,1.073582,1.085463,1.090683,1.081729,1.071744,1.065293,1.097996,1.094267,1.078006,1.092536,1.083367,1.076011,1.089353,1.090464,1.085947,1.114358,1.057738,1.086417,1.102659,1.094814,1.093694,1.098218,1.110895,1.098353,1.115764,1.114145,1.054360,1.082366,1.069016,1.059450,1.079665,1.104984,1.104262,1.076336,1.083332,1.040975
1.857590,1.068412,1.086172,1.081131,1.073261,1.085151,1.090367,1.081416,1.071465,1.065068,1.097663,1.093940,1.077675,1.092199,1.083021,1.075625,1.088945,1.090083,1.085579,1.113927,1.057288,1.085988,1.102214,1.094329,1.093282,1.097947,1.110571,1.098003,1.115447,1.113822,1.054071,1.082049,1.068706,1.059096,1.079132,1.104608,1.103644,1.076114,1.083018,1.040765
1.865920,1.068118,1.085829,1.080766,1.072917,1.084819,1.090030,1.081081,1.071168,1.064834,1.097308,1.093591,1.077322,1.091840,1.082653,1.075211,1.088508,1.089675,1.085187,1.113466,1.056807,1.085531,1.101740,1.093813,1.092840,1.097657,1.110218,1.097626,1.115096,1.113465,1.053766,1.081713,1.068378,1.058714,1.078565,1.104204,1.102993,1.075872,1.082667,1.040555
1.874250,1.067817,1.085468,1.080379,1.072551,1.084467,1.089673,1.080728,1.070854,1.064592,1.096932,1.093222,1.076948,1.091460,1.082261,1.074770,1.088043,1.089240,1.084769,1.112975,1.056294,1.085044,1.101236,1.093267,1.092369,1.097346,1.109839,1.097223,1.114713,1.113073,1.053445,1.081358,1.068033,1.058305,1.077965,1.103773,1.102310,1.075611,1.082279,1.040344
1.882580,1.067511,1.085088,1.079970,1.072164,1.084096,1.089297,1.080354,1.070522,1.064341,1.096536,1.092832,1.076554,1.091058,1.081847,1.074303,1.087550,1.088779,1.084326,1.112452,1.055751,1.084529,1.100703,1.092690,1.091870,1.097016,1.109432,1.096792,1.114297,1.112648,1.053108,1.080984,1.067669,1.057868,1.077333,1.103315,1.101595,1.075331,1.081856,1.040132
1.890910,1.067200,1.084691,1.079539,1.071757,1.083705,1.088901,1.079962,1.070174,1.064082,1.096120,1.092422,1.076139,1.090636,1.081411,1.073810,1.087030,1.088292,1.083860,1.111900,1.055178,1.083985,1.100141,1.092083,1.091343,1.096667,1.108999,1.096336,1.113850,1.112189,1.052756,1.080594,1.067288,1.057404,1.076667,1.102829,1.100847,1.075033,1.081397,1.039921
1.899240,1.066884,1.084276,1.079088,1.071329,1.083296,1.088486,1.079550,1.069809,1.063815,1.095683,1.091993,1.075704,1.090194,1.080953,1.073291,1.086482,1.087779,1.083369,1.111318,1.054575,1.083413,1.099550,1.091447,1.090788,1.096298,1.108540,1.095854,1.113371,1.111698,1.052390,1.080185,1.066890,1.056914,1.075970,1.102317,1.100068,1.074716,1.080904,1.039710
1.907570,1.066563,1.083844,1.078616,1.070880,1.082868,1.088053,1.079120,1.069428,1.063541,1.095227,1.091545,1.075249,1.089731,1.080474,1.072747,1.085908,1.087241,1.082855,1.110707,1.053941,1.082814,1.098930,1.090782,1.090205,1.095911,1.108055,1.095346,1.112861,1.111174,1.052008,1.079760,1.066475,1.056397,1.075242,1.101779,1.099258,1.074382,1.080376,1.039499
1.915900,1.066238,1.083395,1.078124,1.070412,1.082423,1.087601,1.078673,1.069032,1.063259,1.094752,1.091077,1.074775,1.089248,1.079973,1.072177,1.085307,1.086678,1.082318,1.110067,1.053279,1.082187,1.098283,1.090087,1.089596,1.095506,1.107545,1.094814,1.112321,1.110619,1.051613,1.079318,1.066044,1.055854,1.074482,1.101214,1.098417,1.074030,1.079815,1.039289
1.924230,1.065909,1.082931,1.077612,1.069925,1.081960,1.087132,1.078207,1.068621,1.062970,1.094258,1.090591,1.074282,1.088747,1.079453,1.071583,1.084679,1.086091,1.081758,1.109399,1.052588,1.081534,1.097608,1.089364,1.088960,1.095083,1.107010,1.094256,1.111752,1.110032,1.051204,1.078861,1.065596,1.055286,1.073692,1.100623,1.097545,1.073661,1.079221,1.039079
1.932560,1.065576,1.082450,1.077081,1.069418,1.081480,1.086645,1.077725,1.068194,1.062675,1.093746,1.090088,1.073771,1.088226,1.078912,1.070965,1.084026,1.085479,1.081176,1.108702,1.051868,1.080854,1.096906,1.088613,1.088297,1.094642,1.106451,1.093675,1.111153,1.109415,1.050781,1.078387,1.065133,1.054692,1.072871,1.100007,1.096643,1.073276,1.078594,1.038870
1.940890,1.065239,1.081955,1.076531,1.068894,1.080983,1.086142,1.077225,1.067753,1.062373,1.093216,1.089566,1.073241,1.087688,1.078351,1.070323,1.083348,1.084845,1.080572,1.107978,1.051121,1.080148,1.096176,1.087834,1.087609,1.094185,1.105868,1.093071,1.110525,1.108769,1.050345,1.077898,1.064654,1.054073,1.072021,1.099366,1.095711,1.072875,1.077937,1.038662
1.949220,1.064899,1.081444,1.075963,1.068351,1.080470,1.085621,1.076710,1.067298,1.062065,1.092668,1.089027,1.072694,1.087131,1.077771,1.069658,1.082646,1.084187,1.079947,1.107227,1.050346,1.079416,1.095421,1.087028,1.086896,1.093710,1.105262,1.092443,1.109870,1.108093,1.049896,1.077395,1.064159,1.053430,1.071142,1.098700,1.094750,1.072458,1.077248,1.038455
1.957550,1.064557,1.080919,1.075376,1.067790,1.079941,1.085085,1.076178,1.066830,1.061751,1.092104,1.088472,1.072130,1.086556,1.077173,1.068971,1.081919,1.083507,1.079302,1.106450,1.049544,1.078659,1.094639,1.086196,1.086158,1.093219,1.104633,1.091793,1.109187,1.107388,1.049434,1.076877,1.063650,1.052764,1.070234,1.098009,1.093761,1.072025,1.076529,1.038249
1.965880,1.064211,1.080380,1.074773,1.067213,1.079396,1.084533,1.075631,1.066348,1.061431,1.091523,1.087900,1.071549,1.085965,1.076556,1.068261,1.081169,1.082805,1.078636,1.105646,1.048716,1.077878,1.093833,1.085337,1.085395,1.092712,1.103982,1.091121,1.108478,1.106656,1.048960,1.076344,1.063126,1.052073,1.069298,1.097294,1.092744,1.071578,1.075781,1.038045
1.974210,1.063862,1.079827,1.074152,1.066618,1.078836,1.083965,1.075068,1.065852,1.061106,1.090925,1.087312,1.070952,1.085356,1.075921,1.067529,1.080395,1.082081,1.077950,1.104817,1.047863,1.077073,1.093001,1.084453,1.084610,1.092190,1.103309,1.090427,1.107743,1.105897,1.048473,1.075798,1.062588,1.051360,1.068335,1.096556,1.091699,1.071116,1.075004,1.037842
1.982540,1.063511,1.079261,1.073515,1.066007,1.078262,1.083383,1.074491,1.065345,1.060776,1.090312,1.086709,1.070338,1.084732,1.075269,1.066777,1.079599,1.081337,1.077245,1.103964,1.046984,1.076245,1.092146,1.083544,1.083801,1.091652,1.102615,1.089713,1.106982,1.105111,1.047975,1.075239,1.062036,1.050624,1.067345,1.095795,1.090628,1.070640,1.074199,1.037640
1.990870,1.063158,1.078682,1.072861,1.065381,1.077673,1.082786,1.073899,1.064825,1.060440,1.089683,1.086091,1.069710,1.084091,1.074600,1.066004,1.078781,1.080572,1.076521,1.103086,1.046080,1.075394,1.091266,1.082611,1.082969,1.091099,1.101901,1.088978,1.106197,1.104300,1.047464,1.074667,1.061470,1.049867,1.066329,1.095012,1.089531,1.070150,1.073368,1.037440
1.999200,1.062803,1.078090,1.072192,1.064739,1.077071,1.082175,1.073293,1.064293,1.060100,1.089040,1.085457,1.069066,1.083435,1.073914,1.065211,1.077942,1.079788,1.075779,1.102185,1.045153,1.074521,1.090364,1.081655,1.082116,1.090531,1.101166,1.088223,1.105387,1.103463,1.046942,1.074082,1.060891,1.049088,1.065288,1.094207,1.088410,1.069647,1.072510,1.037241
2.007530,1.062445,1.077487,1.071508,1.064082,1.076454,1.081550,1.072674,1.063749,1.059756,1.088381,1.084810,1.068407,1.082765,1.073213,1.064398,1.077082,1.078984,1.075020,1.101261,1.044203,1.073626,1.089440,1.080676,1.081242,1.089950,1.100412,1.087449,1.104555,1.102603,1.046409,1.073485,1.060299,1.048289,1.064222,1.093380,1.087264,1.069131,1.071626,1.037045
2.015860,1.062086,1.076871,1.070809,1.063410,1.075825,1.080912,1.072042,1.063195,1.059407,1.087709,1.084149,1.067735,1.082080,1.072496,1.063567,1.076202,1.078162,1.074243,1.100315,1.043230,1.072711,1.088494,1.079675,1.080347,1.089354,1.099640,1.086657,1.103700,1.101719,1.045865,1.072876,1.059695,1.047470,1.063133,1.092532,1.086095,1.068603,1.070719,1.036850
2.024190,1.061725,1.076245,1.070097,1.062725,1.075183,1.080262,1.071397,1.062629,1.059054,1.087024,1.083474,1.067048,1.081381,1.071764,1.062718,1.075303,1.077322,1.073450,1.099348,1.042235,1.071776,1.087527,1.078652,1.079432,1.088746,1.098849,1.085847,1.102824,1.100813,1.045311,1.072255,1.059078,1.046631,1.062021,1.091665,1.084904,1.068063,1.069787,1.036657
2.032520,1.061363,1.075609,1.069371,1.062026,1.074530,1.079599,1.070739,1.062053,1.058698,1.086325,1.082787,1.066349,1.080668,1.071018,1.061852,1.074386,1.076465,1.072642,1.098360,1.041220,1.070821,1.086541,1.077610,1.078499,1.088125,1.098042,1.085019,1.101927,1.099886,1.044748,1.071623,1.058450,1.045773,1.060887,1.090778,1.083692,1.067513,1.068834,1.036466
2.040850,1.061000,1.074963,1.068632,1.061314,1.073864,1.078924,1.070071,1.061468,1.058338,1.085614,1.082087,1.065637,1.079943,1.070258,1.060968,1.073450,1.075592,1.071819,1.097352,1.040184,1.069848,1.085535,1.076548,1.077547,1.087493,1.097218,1.084176,1.101010,1.098938,1.044177,1.070981,1.057812,1.044898,1.059731,1.089873,1.082459,1.066951,1.067859,1.036277
2.049180,1.060636,1.074309,1.067883,1.060591,1.073188,1.078238,1.069391,1.060873,1.057975,1.084892,1.081377,1.064914,1.079206,1.069485,1.060070,1.072498,1.074704,1.070981,1.096326,1.039130,1.068858,1.084511,1.075467,1.076578,1.086850,1.096379,1.083317,1.100075,1.097971,1.043600,1.070328,1.057163,1.044005,1.058556,1.088949,1.081208,1.066381,1.066864,1.036091
2.057510,1.060272,1.073647,1.067122,1.059856,1.072502,1.077542,1.068701,1.060270,1.057610,1.084159,1.080655,1.064180,1.078458,1.068701,1.059156,1.071531,1.073801,1.070131,1.095282,1.038057,1.067851,1.083470,1.074369,1.075592,1.086198,1.095525,1.082444,1.099122,1.096986,1.043018,1.069667,1.056505,1.043097,1.057361,1.088009,1.079938,1.065801,1.065849,1.035907
2.065840,1.059908,1.072979,1.066352,1.059111,1.071806,1.076837,1.068002,1.059659,1.057242,1.083416,1.079924,1.063435,1.077700,1.067906,1.058229,1.070548,1.072885,1.069269,1.094221,1.036967,1.066829,1.082413,1.073255,1.074592,1.085536,1.094658,1.081558,1.098154,1.095984,1.042430,1.068997,1.055838,1.042172,1.056149,1.087052,1.078653,1.065213,1.064817,1.035725
2.074170,1.059545,1.072305,1.065572,1.058357,1.071102,1.076123,1.067295,1.059040,1.056872,1.082663,1.079184,1.062682,1.076932,1.067100,1.057289,1.069552,1.071956,1.068396,1.093144,1.035861,1.065793,1.081340,1.072126,1.073577,1.084866,1.093779,1.080659,1.097169,1.094966,1.041840,1.068320,1.055164,1.041233,1.054919,1.086081,1.077352,1.064618,1.063769,1.035547
2.082500,1.059182,1.071626,1.064785,1.057594,1.070391,1.075402,1.066580,1.058416,1.056501,1.081903,1.078436,1.061920,1.076156,1.066285,1.056337,1.068543,1.071017,1.067513,1.092053,1.034739,1.064743,1.080254,1.070983,1.072549,1.084188,1.092889,1.079750,1.096171,1.093934,1.041247,1.067638,1.054482,1.040281,1.053674,1.085095,1.076037,1.064016,1.062704,1.035371
2.090830,1.058819,1.070942,1.063991,1.056823,1.069673,1.074674,1.065858,1.057786,1.056129,1.081136,1.077681,1.061151,1.075373,1.065462,1.055374,1.067522,1.070067,1.066621,1.090948,1.033604,1.063681,1.079155,1.069827,1.071509,1.083504,1.091988,1.078830,1.095160,1.092888,1.040652,1.066951,1.053794,1.039316,1.052414,1.084096,1.074709,1.063408,1.061626,1.035197
2.099160,1.058458,1.070255,1.063190,1.056046,1.068949,1.073940,1.065132,1.057151,1.055756,1.080363,1.076920,1.060376,1.074583,1.064631,1.054401,1.066491,1.069107,1.065721,1.089831,1.032455,1.062608,1.078044,1.068659,1.070457,1.082814,1.091078,1.077900,1.094137,1.091830,1.040056,1.066261,1.053101,1.038339,1.051141,1.083085,1.073371,1.062796,1.060535,1.035027
2.107490,1.058099,1.069566,1.062384,1.055263,1.068222,1.073203,1.064400,1.056513,1.055384,1.079584,1.076155,1.059596,1.073787,1.063795,1.053420,1.065451,1.068140,1.064813,1.088702,1.031295,1.061525,1.076922,1.067481,1.069396,1.082120,1.090159,1.076963,1.093103,1.090760,1.039460,1.065570,1.052403,1.037351,1.049856,1.082062,1.072022,1.062178,1.059432,1.034860
2.115820,1.057741,1.068874,1.061574,1.054475,1.067490,1.072461,1.063666,1.055871,1.055011,1.078801,1.075385,1.058811,1.072988,1.062953,1.052432,1.064402,1.067165,1.063900,1.087563,1.030124,1.060433,1.075791,1.066293,1.068327,1.081421,1.089234,1.076018,1.092060,1.089681,1.038865,1.064879,1.051701,1.036354,1.048559,1.081030,1.070665,1.061557,1.058318,1.034697
2.124150,1.057385,1.068181,1.060760,1.053683,1.066756,1.071718,1.062929,1.055228,1.054640,1.078015,1.074612,1.058023,1.072184,1.062107,1.051437,1.063346,1.066184,1.062981,1.086415,1.028944,1.059334,1.074652,1.065098,1.067249,1.080718,1.088302,1.075067,1.091009,1.088593,1.038271,1.064189,1.050997,1.035347,1.047253,1.079989,1.069301,1.060932,1.057195,1.034536
2.132480,1.057032,1.067488,1.059944,1.052889,1.066020,1.070972,1.062190,1.054583,1.054270,1.077227,1.073837,1.057233,1.071378,1.061258,1.050436,1.062283,1.065198,1.062059,1.085259,1.027755,1.058228,1.073506,1.063896,1.066165,1.080013,1.087364,1.074111,1.089950,1.087498,1.037678,1.063501,1.050290,1.034333,1.045939,1.078940,1.067931,1.060305,1.056064,1.034380
2.140810,1.056680,1.066794,1.059125,1.052092,1.065283,1.070226,1.061450,1.053937,1.053902,1.076437,1.073061,1.056441,1.070571,1.060406,1.049431,1.061216,1.064208,1.061132,1.084096,1.026559,1.057117,1.072354,1.062689,1.065076,1.079305,1.086423,1.073151,1.088885,1.086396,1.037088,1.062816,1.049582,1.033313,1.044617,1.077885,1.066557,1.059676,1.054925,1.034226
2.149140,1.056331,1.066101,1.058306,1.051294,1.064546,1.069480,1.060711,1.053292,1.053535,1.075647,1.072285,1.055649,1.069762,1.059553,1.048422,1.060145,1.063215,1.060204,1.082928,1.025356,1.056001,1.071197,1.061477,1.063982,1.078597,1.085477,1.072187,1.087814,1.085288,1.036501,1.062134,1.048874,1.032286,1.043289,1.076824,1.065180,1.059046,1.053781,1.034077
2.157470,1.055985,1.065409,1.057486,1.050495,1.063810,1.068734,1.059972,1.052647,1.053171,1.074857,1.071509,1.054856,1.068953,1.058699,1.047411,1.059070,1.062219,1.059274,1.081755,1.024149,1.054882,1.070037,1.060262,1.062884,1.077887,1.084530,1.071220,1.086740,1.084176,1.035917,1.061458,1.048166,1.031254,1.041956,1.075758,1.063802,1.058414,1.052633,1.033931
2.165800,1.055642,1.064718,1.056666,1.049696,1.063075,1.067990,1.059235,1.052003,1.052810,1.074067,1.070733,1.054065,1.068145,1.057845,1.046398,1.057993,1.061222,1.058343,1.080578,1.022938,1.053761,1.068875,1.059045,1.061784,1.077177,1.083580,1.070253,1.085662,1.083062,1.035337,1.060787,1.047458,1.030219,1.040620,1.074689,1.062423,1.057783,1.051481,1.033789
2.174130,1.055302,1.064029,1.055846,1.048899,1.062342,1.067249,1.058500,1.051362,1.052452,1.073279,1.069960,1.053275,1.067338,1.056991,1.045385,1.056916,1.060224,1.057412,1.079399,1.021723,1.052639,1.067711,1.057828,1.060683,1.076468,1.082630,1.069284,1.084582,1.081944,1.034760,1.060123,1.046752,1.029181,1.039281,1.073617,1.061045,1.057151,1.050326,1.033651
2.182460,1.054964,1.063343,1.055029,1.048103,1.061611,1.066510,1.057768,1.050723,1.052098,1.072494,1.069189,1.052487,1.066534,1.056140,1.044372,1.055838,1.059227,1.056482,1.078219,1.020507,1.051517,1.066546,1.056610,1.059582,1.075760,1.081679,1.068316,1.083501,1.080826,1.034188,1.059465,1.046049,1.028140,1.037941,1.072545,1.059669,1.056520,1.049170,1.033516
2.190790,1.054630,1.062660,1.054213,1.047309,1.060884,1.065775,1.057039,1.050087,1.051747,1.071711,1.068422,1.051702,1.065732,1.055290,1.043359,1.054761,1.058231,1.055553,1.077038,1.019290,1.050395,1.065383,1.055394,1.058481,1.075053,1.080729,1.067348,1.082420,1.079708,1.033621,1.058815,1.045347,1.027099,1.036600,1.071471,1.058297,1.055890,1.048013,1.033386
2.199120,1.054300,1.061979,1.053401,1.046518,1.060161,1.065044,1.056315,1.049454,1.051400,1.070932,1.067658,1.050921,1.064933,1.054444,1.042349,1.053685,1.057236,1.054627,1.075857,1.018073,1.049276,1.064221,1.054180,1.057381,1.074348,1.079781,1.066382,1.081340,1.078590,1.033059,1.058173,1.044650,1.026057,1.035261,1.070399,1.056930,1.055261,1.046858,1.033260
2.207450,1.053973,1.061303,1.052591,1.045730,1.059442,1.064318,1.055595,1.048826,1.051058,1.070158,1.066898,1.050144,1.064139,1.053601,1.041341,1.052612,1.056245,1.053704,1.074678,1.016857,1.048159,1.063062,1.052970,1.056284,1.073646,1.078835,1.065419,1.080261,1.077474,1.032501,1.057539,1.043956,1.025016,1.033924,1.069328,1.055569,1.054635,1.045704,1.033138
2.215780,1.053649,1.060631,1.051786,1.044947,1.058728,1.063597,1.054881,1.048203,1.050720,1.069388,1.066144,1.049372,1.063349,1.052762,1.040337,1.051543,1.055257,1.052784,1.073502,1.015644,1.047046,1.061907,1.051764,1.055190,1.072948,1.077892,1.064459,1.079185,1.076361,1.031950,1.056915,1.043267,1.023977,1.032590,1.068259,1.054215,1.054010,1.044552,1.033020
2.224110,1.053329,1.059963,1.050985,1.044168,1.058020,1.062882,1.054173,1.047584,1.050387,1.068624,1.065395,1.048606,1.062565,1.051929,1.039337,1.050478,1.054273,1.051869,1.072329,1.014434,1.045937,1.060757,1.050564,1.054100,1.072252,1.076953,1.063502,1.078112,1.075251,1.031404,1.056300,1.042583,1.022940,1.031261,1.067195,1.052868,1.053388,1.043405,1.032906
2.232440,1.053013,1.059300,1.050189,1.043395,1.057318,1.062173,1.053471,1.046972,1.050060,1.067866,1.064653,1.047845,1.061787,1.051101,1.038342,1.049417,1.053294,1.050958,1.071161,1.013228,1.044834,1.059612,1.049370,1.053015,1.071561,1.076018,1.062551,1.077044,1.074146,1.030864,1.055695,1.041904,1.021906,1.029937,1.066134,1.051532,1.052770,1.042262,1.032796
2.240770,1.052700,1.058642,1.049398,1.042627,1.056623,1.061472,1.052775,1.046365,1.049738,1.067114,1.063917,1.047091,1.061015,1.050279,1.037353,1.048363,1.052322,1.050054,1.069998,1.012027,1.043737,1.058475,1.048184,1.051936,1.070875,1.075088,1.061605,1.075980,1.073046,1.030330,1.055100,1.041232,1.020877,1.028619,1.065079,1.050206,1.052154,1.041124,1.032691
2.249100,1.052392,1.057989,1.048614,1.041866,1.055934,1.060778,1.052088,1.045766,1.049421,1.066370,1.063188,1.046344,1.060250,1.049464,1.036370,1.047315,1.051355,1.049156,1.068841,1.010832,1.042647,1.057344,1.047006,1.050863,1.070193,1.074165,1.060665,1.074923,1.071953,1.029803,1.054515,1.040566,1.019852,1.027309,1.064030,1.048891,1.051543,1.039993,1.032589
2.257430,1.052087,1.057342,1.047835,1.041112,1.055254,1.060092,1.051408,1.045173,1.049111,1.065633,1.062468,1.045605,1.059493,1.048656,1.035394,1.046275,1.050396,1.048264,1.067691,1.009644,1.041565,1.056222,1.045837,1.049798,1.069517,1.073247,1.059732,1.073872,1.070866,1.029282,1.053942,1.039908,1.018833,1.026007,1.062989,1.047589,1.050936,1.038869,1.032493
2.265760,1.051787,1.056702,1.047064,1.040365,1.054582,1.059414,1.050737,1.044588,1.048807,1.064904,1.061755,1.044874,1.058744,1.047856,1.034427,1.045243,1.049444,1.047380,1.066549,1.008464,1.040492,1.055110,1.044678,1.048740,1.068847,1.072337,1.058806,1.072828,1.069787,1.028768,1.053380,1.039258,1.017821,1.024715,1.061955,1.046300,1.050333,1.037754,1.032400
2.274090,1.051491,1.056067,1.046301,1.039626,1.053918,1.058746,1.050074,1.044010,1.048509,1.064185,1.061052,1.044152,1.058004,1.047065,1.033468,1.044219,1.048501,1.046504,1.065416,1.007293,1.039429,1.054007,1.043531,1.047692,1.068184,1.071435,1.057888,1.071793,1.068717,1.028261,1.052830,1.038616,1.016816,1.023434,1.060930,1.045027,1.049735,1.036647,1.032312
2.282420,1.051198,1.055440,1.045545,1.038895,1.053263,1.058086,1.049421,1.043441,1.048218,1.063474,1.060358,1.043439,1.057272,1.046282,1.032517,1.043206,1.047566,1.045637,1.064293,1.006131,1.038375,1.052915,1.042395,1.046653,1.067527,1.070541,1.056979,1.070766,1.067656,1.027761,1.052291,1.037983,1.015820,1.022163,1.059914,1.043768,1.049142,1.035550,1.032228
2.290750,1.050911,1.054819,1.044797,1.038173,1.052618,1.057437,1.048777,1.042881,1.047934,1.062774,1.059673,1.042736,1.056551,1.045509,1.031577,1.042202,1.046641,1.044779,1.063180,1.004979,1.037333,1.051835,1.041272,1.045625,1.066877,1.069656,1.056079,1.069749,1.066605,1.027269,1.051765,1.037360,1.014832,1.020905,1.058909,1.042526,1.048555,1.034463,1.032148
2.299080,1.050627,1.054205,1.044058,1.037460,1.051982,1.056798,1.048144,1.042329,1.047657,1.062083,1.058999,1.042043,1.055839,1.044746,1.030647,1.041209,1.045727,1.043930,1.062078,1.003839,1.036302,1.050767,1.040162,1.044607,1.066235,1.068780,1.055188,1.068743,1.065565,1.026784,1.051251,1.036746,1.013853,1.019660,1.057915,1.041301,1.047973,1.033387,1.032073
2.307410,1.050348,1.053599,1.043328,1.036757,1.051357,1.056169,1.047521,1.041787,1.047387,1.061403,1.058335,1.041361,1.055139,1.043993,1.029728,1.040228,1.044823,1.043091,1.060987,1.002711,1.035284,1.049713,1.039066,1.043601,1.065601,1.067914,1.054308,1.067747,1.064536,1.026306,1.050749,1.036142,1.012885,1.018429,1.056932,1.040095,1.047398,1.032323,1.032002
2.315740,1.050073,1.053001,1.042608,1.036065,1.050742,1.055551,1.046909,1.041255,1.047124,1.060734,1.057682,1.040689,1.054449,1.043251,1.028821,1.039258,1.043930,1.042263,1.059909,1.001595,1.034278,1.048672,1.037985,1.042608,1.064976,1.067059,1.053439,1.066762,1.063519,1.025837,1.050260,1.035549,1.011927,1.017212,1.055962,1.038908,1.046828,1.031272,1.031935
2.324070,1.049803,1.052411,1.041897,1.035382,1.050138,1.054945,1.046308,1.040732,1.046869,1.060076,1.057041,1.040029,1.053770,1.042520,1.027925,1.038301,1.043049,1.041446,1.058844,1.000492,1.033286,1.047645,1.036920,1.041626,1.064359,1.066215,1.052581,1.065790,1.062514,1.025376,1.049784,1.034967,1.010981,1.016011,1.055005,1.037740,1.046266,1.030233,1.031873
2.332400,1.049538,1.051829,1.041197,1.034710,1.049546,1.054350,1.045718,1.040220,1.046621,1.059430,1.056411,1.039380,1.053103,1.041801,1.027042,1.037357,1.042180,1.040641,1.057793,0.999403,1.032308,1.046634,1.035871,1.040658,1.063750,1.065382,1.051734,1.064830,1.061523,1.024922,1.049321,1.034397,1.010047,1.014826,1.054062,1.036592,1.045710,1.029208,1.031815
2.340730,1.049277,1.051255,1.040507,1.034050,1.048965,1.053766,1.045140,1.039719,1.046382,1.058796,1.055793,1.038743,1.052448,1.041094,1.026171,1.036427,1.041323,1.039847,1.056756,0.998329,1.031344,1.045638,1.034838,1.039704,1.063152,1.064561,1.050900,1.063883,1.060545,1.024478,1.048872,1.033837,1.009126,1.013658,1.053132,1.035466,1.045161,1.028197,1.031762
2.349060,1.049020,1.050690,1.039828,1.033401,1.048395,1.053195,1.044574,1.039228,1.046150,1.058175,1.055187,1.038119,1.051805,1.040399,1.025314,1.035510,1.040480,1.039065,1.055734,0.997270,1.030395,1.044657,1.033822,1.038764,1.062562,1.063752,1.050078,1.062949,1.059581,1.024041,1.048435,1.033290,1.008217,1.012508,1.052217,1.034362,1.044620,1.027201,1.031713
2.357390,1.048769,1.050134,1.039160,1.032763,1.047838,1.052636,1.044020,1.038748,1.045926,1.057565,1.054594,1.037506,1.051174,1.039716,1.024470,1.034608,1.039649,1.038295,1.054728,0.996227,1.029462,1.043694,1.032825,1.037838,1.061983,1.062956,1.049269,1.062029,1.058631,1.023614,1.048011,1.032755,1.007322,1.011376,1.051317,1.033280,1.044086,1.026220,1.031668
2.365720,1.048522,1.049587,1.038504,1.032137,1.047292,1.052090,1.043479,1.038279,1.045711,1.056969,1.054013,1.036907,1.050557,1.039046,1.023640,1.033720,1.038833,1.037539,1.053737,0.995200,1.028544,1.042747,1.031845,1.036928,1.061413,1.062172,1.048473,1.061124,1.057697,1.023195,1.047601,1.032231,1.006441,1.010262,1.050432,1.032220,1.043560,1.025254,1.031627
2.374050,1.048279,1.049049,1.037858,1.031524,1.046759,1.051556,1.042950,1.037821,1.045503,1.056385,1.053445,1.036320,1.049952,1.038389,1.022824,1.032848,1.038030,1.036795,1.052762,0.994189,1.027642,1.041817,1.030883,1.036032,1.060854,1.061402,1.047691,1.060233,1.056777,1.022784,1.047205,1.031721,1.005575,1.009168,1.049563,1.031185,1.043041,1.024304,1.031590
2.382380,1.048042,1.048520,1.037225,1.030922,1.046238,1.051035,1.042434,1.037375,1.045304,1.055814,1.052890,1.035747,1.049360,1.037746,1.022023,1.031990,1.037241,1.036064,1.051803,0.993195,1.026757,1.040904,1.029941,1.035153,1.060305,1.060645,1.046922,1.059357,1.055873,1.022383,1.046821,1.031223,1.004723,1.008093,1.048710,1.030173,1.042531,1.023370,1.031558
2.390710,1.047809,1.048001,1.036603,1.030334,1.045730,1.050527,1.041930,1.036940,1.045112,1.055257,1.052349,1.035187,1.048782,1.037115,1.021237,1.031149,1.036467,1.035347,1.050862,0.992219,1.025888,1.040010,1.029017,1.034289,1.059767,1.059902,1.046168,1.058496,1.054985,1.021991,1.046451,1.030737,1.003887,1.007039,1.047873,1.029185,1.042029,1.022453,1.031530
2.399040,1.047581,1.047491,1.035994,1.029757,1.045235,1.050031,1.041439,1.036517,1.044929,1.054713,1.051820,1.034640,1.048217,1.036498,1.020465,1.030323,1.035707,1.034644,1.049938,0.991261,1.025036,1.039133,1.028113,1.033441,1.059240,1.059173,1.045427,1.057651,1.054113,1.021609,1.046094,1.030264,1.003065,1.006005,1.047052,1.028222,1.041536,1.021552,1.031506
2.407370,1.047357,1.046991,1.035397,1.029194,1.044752,1.049549,1.040961,1.036106,1.044755,1.054182,1.051305,1.034106,1.047665,1.035895,1.019709,1.029513,1.034962,1.033954,1.049031,0.990321,1.024202,1.038275,1.027228,1.032610,1.058724,1.058458,1.044701,1.056821,1.053257,1.021235,1.045751,1.029805,1.002260,1.004992,1.046247,1.027283,1.041051,1.020668,1.031486
2.415700,1.047138,1.046501,1.034812,1.028644,1.044282,1.049080,1.040497,1.035706,1.044588,1.053665,1.050803,1.033586,1.047127,1.035306,1.018968,1.028719,1.034232,1.033278,1.048142,0.989399,1.023384,1.037435,1.026364,1.031795,1.058219,1.057758,1.043989,1.056007,1.052418,1.020871,1.045421,1.029358,1.001471,1.004001,1.045460,1.026370,1.040574,1.019801,1.031470
2.424030,1.046924,1.046021,1.034240,1.028106,1.043825,1.048624,1.040045,1.035318,1.044429,1.053162,1.050315,1.033079,1.046603,1.034730,1.018242,1.027942,1.033517,1.032617,1.047271,0.988496,1.022584,1.036613,1.025519,1.030997,1.057725,1.057072,1.043292,1.055210,1.051595,1.020517,1.045103,1.028924,1.000698,1.003030,1.044689,1.025483,1.040107,1.018951,1.031458
2.432360,1.046715,1.045551,1.033680,1.027582,1.043381,1.048181,1.039606,1.034942,1.044279,1.052672,1.049840,1.032586,1.046093,1.034168,1.017532,1.027181,1.032817,1.031969,1.046419,0.987612,1.021801,1.035810,1.024695,1.030216,1.057242,1.056400,1.042610,1.054428,1.050789,1.020172,1.044799,1.028503,0.999941,1.002082,1.043935,1.024621,1.039648,1.018119,1.031449
2.440690,1.046510,1.045091,1.033134,1.027070,1.042949,1.047752,1.039180,1.034577,1.044136,1.052196,1.049378,1.032107,1.045596,1.033621,1.016838,1.026437,1.032132,1.031336,1.045584,0.986747,1.021036,1.035026,1.023890,1.029452,1.056771,1.055743,1.041943,1.053663,1.050000,1.019837,1.044508,1.028096,0.999200,1.001156,1.043198,1.023785,1.039198,1.017304,1.031445
2.449020,1.046310,1.044641,1.032600,1.026572,1.042531,1.047335,1.038768,1.034224,1.044001,1.051733,1.048931,1.031642,1.045113,1.033087,1.016159,1.025709,1.031463,1.030717,1.044768,0.985901,1.020289,1.034261,1.023106,1.028705,1.056311,1.055101,1.041291,1.052914,1.049228,1.019512,1.044229,1.027701,0.998477,1.000251,1.042479,1.022974,1.038758,1.016507,1.031444
2.457350,1.046114,1.044201,1.032078,1.026087,1.042125,1.046932,1.038368,1.033883,1.043875,1.051284,1.048496,1.031190,1.044644,1.032567,1.015496,1.024998,1.030809,1.030113,1.043970,0.985075,1.019559,1.033515,1.022343,1.027975,1.055863,1.054474,1.040654,1.052182,1.048473,1.019197,1.043963,1.027319,0.997770,0.999370,1.041776,1.022190,1.038327,1.015727,1.031447
2.465680,1.045923,1.043772,1.031570,1.025615,1.041732,1.046541,1.037981,1.033553,1.043755,1.050849,1.048075,1.030751,1.044188,1.032061,1.014848,1.024303,1.030171,1.029523,1.043191,0.984268,1.018847,1.032787,1.021600,1.027262,1.055427,1.053861,1.040032,1.051465,1.047734,1.018892,1.043709,1.026951,0.997080,0.998510,1.041091,1.021432,1.037904,1.014964,1.031454
2.474010,1.045737,1.043353,1.031075,1.025156,1.041352,1.046164,1.037607,1.033235,1.043644,1.050427,1.047668,1.030326,1.043746,1.031569,1.014217,1.023626,1.029548,1.028947,1.042431,0.983481,1.018153,1.032079,1.020877,1.026566,1.055002,1.053264,1.039424,1.050766,1.047013,1.018597,1.043468,1.026595,0.996407,0.997673,1.040422,1.020700,1.037492,1.014219,1.031463
2.482340,1.045555,1.042945,1.030592,1.024710,1.040985,1.045799,1.037246,1.032928,1.043540,1.050019,1.047273,1.029915,1.043318,1.031091,1.013601,1.022964,1.028940,1.028386,1.041689,0.982713,1.017476,1.031389,1.020175,1.025887,1.054589,1.052681,1.038832,1.050083,1.046309,1.018312,1.043238,1.026252,0.995751,0.996859,1.039771,1.019995,1.037088,1.013491,1.031477
2.490670,1.045378,1.042547,1.030122,1.024277,1.040630,1.045447,1.036897,1.032633,1.043444,1.049624,1.046892,1.029517,1.042904,1.030627,1.013000,1.022320,1.028348,1.027839,1.040966,0.981965,1.016817,1.030718,1.019493,1.025225,1.054188,1.052113,1.038255,1.049416,1.045621,1.018037,1.043021,1.025922,0.995111,0.996067,1.039137,1.019315,1.036694,1.012781,1.031494
2.499000,1.045205,1.042159,1.029666,1.023857,1.040287,1.045108,1.036561,1.032348,1.043354,1.049243,1.046524,1.029132,1.042502,1.030177,1.012416,1.021692,1.027771,1.027306,1.040261,0.981236,1.016175,1.030065,1.018831,1.024581,1.053798,1.051560,1.037693,1.048765,1.044951,1.017772,1.042815,1.025604,0.994488,0.995297,1.038519,1.018661,1.036309,1.012088,1.031513
2.507330,1.045036,1.041782,1.029221,1.023450,1.039956,1.044781,1.036237,1.032075,1.043272,1.048874,1.046169,1.028760,1.042114,1.029740,1.011846,1.021080,1.027209,1.026787,1.039574,0.980527,1.015550,1.029431,1.018189,1.023953,1.053419,1.051021,1.037145,1.048131,1.044297,1.017518,1.042621,1.025300,0.993882,0.994550,1.037919,1.018033,1.035934,1.011412,1.031536
2.515660,1.044872,1.041414,1.028790,1.023056,1.039637,1.044466,1.035925,1.031812,1.043196,1.048519,1.045826,1.028401,1.041739,1.029317,1.011292,1.020485,1.026662,1.026283,1.038906,0.979837,1.014943,1.028816,1.017567,1.023342,1.053052,1.050496,1.036612,1.047512,1.043659,1.017272,1.042437,1.025007,0.993293,0.993825,1.037335,1.017430,1.035567,1.010752,1.031562
2.523990,1.044711,1.041057,1.028370,1.022674,1.039330,1.044163,1.035624,1.031560,1.043127,1.048176,1.045496,1.028055,1.041377,1.028906,1.010753,1.019905,1.026129,1.025792,1.038256,0.979167,1.014352,1.028218,1.016964,1.022747,1.052696,1.049986,1.036094,1.046909,1.043037,1.017036,1.042265,1.024727,0.992720,0.993122,1.036767,1.016852,1.035210,1.010109,1.031591
2.532320,1.044555,1.040709,1.027963,1.022304,1.039035,1.043872,1.035336,1.031318,1.043065,1.047846,1.045178,1.027721,1.041028,1.028509,1.010228,1.019341,1.025611,1.025314,1.037623,0.978515,1.013778,1.027638,1.016381,1.022168,1.052350,1.049490,1.035589,1.046321,1.042431,1.016809,1.042103,1.024459,0.992163,0.992441,1.036216,1.016300,1.034862,1.009482,1.031623
2.540650,1.044402,1.040370,1.027568,1.021946,1.038751,1.043592,1.035058,1.031086,1.043009,1.047528,1.044872,1.027399,1.040690,1.028124,1.009719,1.018793,1.025107,1.024850,1.037008,0.977882,1.013220,1.027075,1.015817,1.021605,1.052015,1.049007,1.035098,1.045749,1.041841,1.016590,1.041951,1.024202,0.991622,0.991782,1.035681,1.015772,1.034522,1.008871,1.031657
2.548980,1.044253,1.040041,1.027184,1.021599,1.038477,1.043323,1.034792,1.030864,1.042958,1.047221,1.044578,1.027089,1.040365,1.027752,1.009223,1.018260,1.024617,1.024399,1.036410,0.977268,1.012679,1.026530,1.015272,1.021058,1.051690,1.048537,1.034621,1.045191,1.041265,1.016379,1.041809,1.023957,0.991097,0.991144,1.035162,1.015268,1.034191,1.008276,1.031694
2.557310,1.044107,1.039720,1.026811,1.021264,1.038214,1.043065,1.034536,1.030650,1.042913,1.046927,1.044294,1.026791,1.040052,1.027391,1.008741,1.017741,1.024140,1.023960,1.035830,0.976671,1.012153,1.026002,1.014744,1.020526,1.051375,1.048081,1.034157,1.044647,1.040705,1.016175,1.041676,1.023723,0.990587,0.990527,1.034658,1.014789,1.033868,1.007695,1.031734
2.565640,1.043964,1.039407,1.026448,1.020940,1.037961,1.042816,1.034290,1.030446,1.042874,1.046643,1.044022,1.026503,1.039749,1.027043,1.008273,1.017237,1.023676,1.023533,1.035265,0.976093,1.011642,1.025490,1.014235,1.020009,1.051069,1.047636,1.033705,1.044118,1.040159,1.015978,1.041551,1.023501,0.990092,0.989930,1.034169,1.014332,1.033553,1.007129,1.031775
2.573970,1.043825,1.039102,1.026096,1.020626,1.037717,1.042577,1.034053,1.030250,1.042839,1.046370,1.043760,1.026226,1.039458,1.026705,1.007817,1.016746,1.023225,1.023118,1.034717,0.975532,1.011146,1.024994,1.013743,1.019506,1.050772,1.047204,1.033266,1.043602,1.039626,1.015787,1.041434,1.023288,0.989612,0.989354,1.033695,1.013899,1.033246,1.006578,1.031819
2.582300,1.043688,1.038805,1.025754,1.020322,1.037482,1.042348,1.033826,1.030062,1.042809,1.046107,1.043507,1.025959,1.039177,1.026378,1.007375,1.016269,1.022786,1.022713,1.034184,0.974987,1.010664,1.024513,1.013268,1.019018,1.050483,1.046783,1.032838,1.043099,1.039107,1.015602,1.041323,1.023086,0.989146,0.988797,1.033236,1.013487,1.032946,1.006040,1.031865
2.590630,1.043553,1.038514,1.025421,1.020027,1.037256,1.042126,1.033606,1.029881,1.042783,1.045854,1.043264,1.025701,1.038905,1.026061,1.006944,1.015805,1.022358,1.022320,1.033667,0.974460,1.010196,1.024048,1.012809,1.018543,1.050203,1.046374,1.032422,1.042608,1.038601,1.015422,1.041218,1.022894,0.988694,0.988260,1.032790,1.013098,1.032653,1.005515,1.031912
2.598960,1.043421,1.038230,1.025097,1.019741,1.037037,1.041912,1.033394,1.029706,1.042761,1.045609,1.043029,1.025453,1.038642,1.025753,1.006525,1.015354,1.021942,1.021937,1.033164,0.973948,1.009741,1.023597,1.012366,1.018080,1.049930,1.045974,1.032016,1.042130,1.038108,1.015246,1.041117,1.022710,0.988255,0.987741,1.032359,1.012730,1.032367,1.005004,1.031961
2.607290,1.043291,1.037952,1.024781,1.019463,1.036824,1.041705,1.033188,1.029538,1.042743,1.045373,1.042801,1.025212,1.038388,1.025454,1.006117,1.014914,1.021536,1.021563,1.032675,0.973452,1.009299,1.023161,1.011939,1.017631,1.049664,1.045585,1.031621,1.041663,1.037626,1.015074,1.041019,1.022535,0.987829,0.987241,1.031940,1.012382,1.032087,1.004504,1.032012
2.615620,1.043163,1.037679,1.024473,1.019192,1.036618,1.041504,1.032989,1.029375,1.042727,1.045144,1.042581,1.024978,1.038141,1.025163,1.005719,1.014486,1.021140,1.021198,1.032200,0.972972,1.008870,1.022737,1.011526,1.017193,1.049405,1.045206,1.031235,1.041207,1.037155,1.014904,1.040924,1.022369,0.987415,0.986758,1.031534,1.012054,1.031814,1.004016,1.032064
2.623950,1.043037,1.037412,1.024172,1.018929,1.036418,1.041308,1.032795,1.029217,1.042714,1.044922,1.042367,1.024752,1.037902,1.024880,1.005331,1.014068,1.020754,1.020842,1.031737,0.972505,1.008452,1.022327,1.011128,1.016766,1.049151,1.044835,1.030859,1.040761,1.036695,1.014738,1.040830,1.022210,0.987013,0.986292,1.031141,1.011745,1.031545,1.003539,1.032117
2.632280,1.042912,1.037149,1.023878,1.018671,1.036222,1.041117,1.032606,1.029063,1.042704,1.044707,1.042159,1.024531,1.037669,1.024604,1.004952,1.013661,1.020376,1.020494,1.031288,0.972053,1.008045,1.021929,1.010743,1.016350,1.048904,1.044473,1.030491,1.040325,1.036246,1.014573,1.040735,1.022058,0.986622,0.985843,1.030760,1.011454,1.031282,1.003072,1.032171
2.640610,1.042788,1.036890,1.023590,1.018420,1.036030,1.040930,1.032421,1.028913,1.042695,1.044497,1.041957,1.024317,1.037442,1.024335,1.004582,1.013263,1.020007,1.020153,1.030850,0.971614,1.007649,1.021544,1.010371,1.015945,1.048661,1.044118,1.030131,1.039899,1.035806,1.014410,1.040640,1.021913,0.986242,0.985409,1.030390,1.011181,1.031024,1.002616,1.032227
2.648940,1.042665,1.036635,1.023307,1.018174,1.035843,1.040747,1.032239,1.028766,1.042688,1.044293,1.041759,1.024107,1.037221,1.024071,1.004221,1.012875,1.019646,1.019820,1.030423,0.971188,1.007263,1.021169,1.010011,1.015549,1.048423,1.043771,1.029779,1.039481,1.035375,1.014248,1.040544,1.021775,0.985872,0.984991,1.030031,1.010926,1.030771,1.002169,1.032283
2.657270,1.042544,1.036383,1.023029,1.017932,1.035658,1.040567,1.032061,1.028622,1.042682,1.044094,1.041565,1.023902,1.037005,1.023813,1.003867,1.012495,1.019292,1.019492,1.030007,0.970774,1.006886,1.020805,1.009663,1.015162,1.048189,1.043431,1.029433,1.039072,1.034952,1.014086,1.040445,1.021642,0.985512,0.984587,1.029682,1.010687,1.030521,1.001731,1.032339
2.665600,1.042423,1.036135,1.022757,1.017695,1.035476,1.040389,1.031885,1.028480,1.042677,1.043899,1.041375,1.023701,1.036793,1.023560,1.003520,1.012123,1.018945,1.019171,1.029602,0.970372,1.006518,1.020452,1.009327,1.014785,1.047959,1.043097,1.029095,1.038671,1.034538,1.013924,1.040343,1.021514,0.985161,0.984198,1.029344,1.010463,1.030276,1.001302,1.032397
2.673930,1.042303,1.035889,1.022488,1.017462,1.035297,1.040214,1.031711,1.028340,1.042673,1.043707,1.041188,1.023504,1.036585,1.023311,1.003180,1.011759,1.018604,1.018856,1.029206,0.969981,1.006159,1.020108,1.009001,1.014415,1.047732,1.042770,1.028763,1.038277,1.034132,1.013763,1.040238,1.021392,0.984819,0.983821,1.029015,1.010254,1.030034,1.000881,1.032455
2.682260,1.042183,1.035645,1.022224,1.017232,1.035119,1.040040,1.031539,1.028202,1.042670,1.043519,1.041004,1.023310,1.036381,1.023067,1.002847,1.011403,1.018270,1.018545,1.028819,0.969601,1.005808,1.019774,1.008685,1.014053,1.047509,1.042448,1.028436,1.037890,1.033733,1.013600,1.040129,1.021275,0.984485,0.983458,1.028696,1.010060,1.029796,1.000467,1.032513
2.690590,1.042064,1.035404,1.021963,1.017005,1.034943,1.039868,1.031368,1.028064,1.042666,1.043335,1.040823,1.023119,1.036180,1.022826,1.002519,1.011053,1.017941,1.018240,1.028441,0.969232,1.005465,1.019448,1.008379,1.013699,1.047288,1.042131,1.028115,1.037509,1.033340,1.013437,1.040016,1.021162,0.984159,0.983106,1.028384,1.009879,1.029560,1.000060,1.032571
2.698920,1.041946,1.035164,1.021706,1.016781,1.034768,1.039696,1.031198,1.027928,1.042663,1.043153,1.040644,1.022930,1.035982,1.022589,1.002197,1.010709,1.017617,1.017938,1.028071,0.968871,1.005128,1.019130,1.008082,1.013351,1.047070,1.041819,1.027799,1.037135,1.032954,1.013273,1.039898,1.021053,0.983840,0.982766,1.028081,1.009710,1.029328,0.999661,1.032630
2.707250,1.041827,1.034926,1.021451,1.016560,1.034595,1.039526,1.031029,1.027792,1.042660,1.042973,1.040466,1.022744,1.035787,1.022354,1.001880,1.010371,1.017298,1.017641,1.027709,0.968520,1.004798,1.018820,1.007793,1.013009,1.046854,1.041512,1.027487,1.036766,1.032574,1.013107,1.039776,1.020948,0.983527,0.982437,1.027785,1.009554,1.029098,0.999267,1.032689
2.715580,1.041710,1.034690,1.021199,1.016340,1.034421,1.039355,1.030860,1.027657,1.042656,1.042796,1.040290,1.022559,1.035594,1.022123,1.001568,1.010039,1.016984,1.017348,1.027354,0.968177,1.004475,1.018517,1.007511,1.012674,1.046640,1.041208,1.027180,1.036403,1.032199,1.012941,1.039648,1.020847,0.983221,0.982118,1.027497,1.009409,1.028871,0.998879,1.032749
2.723910,1.041592,1.034454,1.020949,1.016122,1.034248,1.039185,1.030691,1.027522,1.042652,1.042620,1.040116,1.022377,1.035402,1.021894,1.001260,1.009712,1.016673,1.017058,1.027006,0.967843,1.004156,1.018220,1.007237,1.012344,1.046428,1.040909,1.026877,1.036044,1.031830,1.012772,1.039516,1.020749,0.982921,0.981809,1.027214,1.009274,1.028645,0.998497,1.032808
2.732240,1.041475,1.034220,1.020702,1.015906,1.034075,1.039015,1.030522,1.027387,1.042648,1.042446,1.039942,1.022195,1.035213,1.021666,1.000956,1.009389,1.016367,1.016771,1.026664,0.967516,1.003843,1.017930,1.006970,1.012019,1.046217,1.040613,1.026577,1.035691,1.031465,1.012602,1.039378,1.020654,0.982625,0.981509,1.026938,1.009150,1.028422,0.998120,1.032867
2.740570,1.041359,1.033987,1.020456,1.015692,1.033903,1.038844,1.030353,1.027251,1.042643,1.042274,1.039769,1.022015,1.035025,1.021441,1.000656,1.009071,1.016063,1.016486,1.026327,0.967196,1.003535,1.017645,1.006709,1.011699,1.046007,1.040320,1.026280,1.035341,1.031105,1.012431,1.039234,1.020561,0.982335,0.981217,1.026667,1.009034,1.028201,0.997748,1.032927
2.748900,1.041243,1.033755,1.020212,1.015478,1.033729,1.038673,1.030183,1.027115,1.042637,1.042102,1.039597,1.021835,1.034838,1.021217,1.000359,1.008757,1.015763,1.016205,1.025996,0.966882,1.003232,1.017365,1.006454,1.011383,1.045799,1.040029,1.025987,1.034995,1.030749,1.012257,1.039086,1.020472,0.982049,0.980934,1.026401,1.008927,1.027982,0.997380,1.032986
2.757230,1.041127,1.033523,1.019970,1.015265,1.033556,1.038501,1.030013,1.026978,1.042630,1.041931,1.039425,1.021656,1.034652,1.020995,1.000065,1.008446,1.015466,1.015925,1.025670,0.966575,1.002932,1.017090,1.006204,1.011072,1.045591,1.039742,1.025696,1.034654,1.030397,1.012082,1.038931,1.020384,0.981768,0.980657,1.026140,1.008828,1.027764,0.997017,1.033046
2.765560,1.041012,1.033293,1.019728,1.015053,1.033381,1.038328,1.029841,1.026841,1.042623,1.041761,1.039253,1.021478,1.034467,1.020774,0.999774,1.008139,1.015172,1.015648,1.025349,0.966273,1.002636,1.016819,1.005959,1.010764,1.045384,1.039457,1.025408,1.034315,1.030048,1.011905,1.038771,1.020298,0.981490,0.980388,1.025883,1.008736,1.027547,0.996657,1.033105
2.773890,1.040897,1.033062,1.019488,1.014841,1.033206,1.038154,1.029669,1.026702,1.042614,1.041591,1.039080,1.021299,1.034282,1.020553,0.999485,1.007835,1.014879,1.015373,1.025031,0.965977,1.002344,1.016553,1.005718,1.010459,1.045178,1.039174,1.025122,1.033980,1.029702,1.011727,1.038605,1.020213,0.981215,0.980124,1.025629,1.008650,1.027332,0.996301,1.033165
2.782220,1.040783,1.032833,1.019248,1.014629,1.033030,1.037979,1.029495,1.026563,1.042605,1.041420,1.038907,1.021120,1.034097,1.020333,0.999198,1.007533,1.014589,1.015099,1.024718,0.965685,1.002055,1.016289,1.005481,1.010157,1.044972,1.038893,1.024837,1.033647,1.029360,1.011547,1.038434,1.020130,0.980943,0.979867,1.025379,1.008570,1.027118,0.995948,1.033224
2.790550,1.040670,1.032603,1.019010,1.014417,1.032852,1.037802,1.029320,1.026422,1.042594,1.041250,1.038734,1.020941,1.033913,1.020113,0.998914,1.007234,1.014301,1.014826,1.024408,0.965398,1.001768,1.016029,1.005247,1.009858,1.044767,1.038613,1.024555,1.033317,1.029020,1.011365,1.038256,1.020046,0.980673,0.979614,1.025132,1.008496,1.026905,0.995598,1.033284
2.798880,1.040557,1.032374,1.018771,1.014205,1.032673,1.037623,1.029143,1.026280,1.042582,1.041078,1.038559,1.020761,1.033727,1.019893,0.998631,1.006937,1.014014,1.014555,1.024101,0.965114,1.001483,1.015771,1.005017,1.009562,1.044562,1.038335,1.024274,1.032989,1.028683,1.011182,1.038073,1.019963,0.980406,0.979367,1.024887,1.008425,1.026692,0.995251,1.033344
2.807210,1.040446,1.032146,1.018533,1.013993,1.032492,1.037443,1.028964,1.026136,1.042569,1.040906,1.038383,1.020580,1.033541,1.019673,0.998349,1.006642,1.013729,1.014285,1.023796,0.964835,1.001201,1.015516,1.004789,1.009268,1.044356,1.038058,1.023995,1.032664,1.028348,1.010997,1.037884,1.019879,0.980141,0.979123,1.024645,1.008359,1.026481,0.994906,1.033403
2.815540,1.040334,1.031917,1.018295,1.013779,1.032310,1.037260,1.028783,1.025991,1.042554,1.040733,1.038205,1.020397,1.033353,1.019453,0.998068,1.006349,1.013445,1.014015,1.023494,0.964558,1.000921,1.015263,1.004564,1.008975,1.044151,1.037783,1.023716,1.032340,1.028015,1.010812,1.037689,1.019794,0.979877,0.978883,1.024404,1.008296,1.026270,0.994564,1.033463
2.823870,1.040224,1.031689,1.018057,1.013565,1.032125,1.037075,1.028599,1.025843,1.042539,1.040557,1.038026,1.020213,1.033165,1.019231,0.997788,1.006057,1.013162,1.013746,1.023194,0.964284,1.000642,1.015011,1.004340,1.008685,1.043946,1.037508,1.023439,1.032018,1.027684,1.010624,1.037488,1.019707,0.979615,0.978647,1.024164,1.008236,1.026060,0.994224,1.033522
2.832200,1.040115,1.031461,1.017819,1.013350,1.031938,1.036888,1.028413,1.025694,1.042521,1.040380,1.037844,1.020027,1.032974,1.019009,0.997509,1.005766,1.012880,1.013478,1.022896,0.964012,1.000364,1.014761,1.004118,1.008395,1.043740,1.037234,1.023162,1.031697,1.027354,1.010436,1.037282,1.019617,0.979353,0.978413,1.023926,1.008178,1.025851,0.993885,1.033582
2.840530,1.040007,1.031234,1.017581,1.013133,1.031749,1.036697,1.028225,1.025542,1.042503,1.040201,1.037660,1.019839,1.032782,1.018785,0.997231,1.005476,1.012598,1.013209,1.022599,0.963743,1.000087,1.014512,1.003897,1.008107,1.043535,1.036961,1.022886,1.031378,1.027026,1.010247,1.037069,1.019525,0.979093,0.978182,1.023689,1.008122,1.025641,0.993548,1.033641
2.848860,1.039900,1.031006,1.017342,1.012915,1.031557,1.036505,1.028033,1.025389,1.042483,1.040019,1.037474,1.019649,1.032587,1.018560,0.996952,1.005187,1.012317,1.012941,1.022303,0.963475,0.999812,1.014264,1.003677,1.007820,1.043328,1.036688,1.022610,1.031060,1.026699,1.010057,1.036851,1.019430,0.978832,0.977952,1.023452,1.008067,1.025432,0.993213,1.033701
2.857190,1.039794,1.030779,1.017103,1.012695,1.031363,1.036309,1.027839,1.025233,1.042462,1.039834,1.037284,1.019455,1.032390,1.018334,0.996673,1.004898,1.012036,1.012673,1.022009,0.963209,0.999537,1.014017,1.003458,1.007533,1.043122,1.036415,1.022335,1.030743,1.026373,1.009866,1.036626,1.019330,0.978572,0.977725,1.023215,1.008013,1.025224,0.992879,1.033760
2.865520,1.039689,1.030551,1.016863,1.012473,1.031166,1.036110,1.027642,1.025074,1.042439,1.039646,1.037092,1.019259,1.032190,1.018105,0.996395,1.004610,1.011755,1.012405,1.021715,0.962945,0.999262,1.013769,1.003239,1.007247,1.042915,1.036142,1.022059,1.030427,1.026048,1.009674,1.036396,1.019227,0.978312,0.977498,1.022979,1.007959,1.025015,0.992546,1.033820
2.873850,1.039586,1.030324,1.016623,1.012250,1.030966,1.035908,1.027442,1.024914,1.042415,1.039456,1.036896,1.019061,1.031988,1.017875,0.996116,1.004322,1.011475,1.012137,1.021422,0.962681,0.998988,1.013522,1.003020,1.006962,1.042708,1.035870,1.021784,1.030111,1.025724,1.009482,1.036160,1.019119,0.978052,0.977273,1.022742,1.007905,1.024806,0.992214,1.033880
2.882180,1.039484,1.030097,1.016382,1.012024,1.030763,1.035702,1.027238,1.024750,1.042389,1.039262,1.036698,1.018859,1.031783,1.017642,0.995837,1.004035,1.011194,1.011869,1.021129,0.962418,0.998713,1.013276,1.002801,1.006676,1.042500,1.035598,1.021509,1.029796,1.025400,1.009289,1.035919,1.019007,0.977792,0.977048,1.022506,1.007851,1.024598,0.991884,1.033940
2.890510,1.039384,1.029870,1.016140,1.011797,1.030558,1.035494,1.027032,1.024585,1.042362,1.039065,1.036496,1.018654,1.031574,1.017408,0.995557,1.003747,1.010914,1.011601,1.020837,0.962155,0.998439,1.013029,1.002583,1.006392,1.042291,1.035326,1.021234,1.029482,1.025078,1.009096,1.035672,1.018890,0.977531,0.976824,1.022268,1.007796,1.024389,0.991554,1.034000
2.898840,1.039285,1.029644,1.015898,1.011568,1.030350,1.035282,1.026822,1.024417,1.042334,1.038864,1.036291,1.018446,1.031363,1.017172,0.995277,1.003460,1.010633,1.011332,1.020545,0.961893,0.998166,1.012781,1.002364,1.006107,1.042082,1.035053,1.020959,1.029168,1.024755,1.008902,1.035419,1.018767,0.977270,0.976600,1.022031,1.007740,1.024181,0.991224,1.034060
2.907170,1.039189,1.029417,1.015654,1.011337,1.030138,1.035068,1.026609,1.024247,1.042305,1.038660,1.036082,1.018234,1.031149,1.016933,0.994997,1.003172,1.010353,1.011063,1.020253,0.961632,0.997892,1.012534,1.002144,1.005823,1.041873,1.034781,1.020684,1.028855,1.024434,1.008709,1.035162,1.018640,0.977008,0.976376,1.021792,1.007682,1.023972,0.990896,1.034121
2.915500,1.039093,1.029191,1.015410,1.011103,1.029925,1.034850,1.026393,1.024074,1.042274,1.038453,1.035871,1.018020,1.030932,1.016692,0.994716,1.002885,1.010073,1.010794,1.019961,0.961370,0.997618,1.012286,1.001924,1.005538,1.041663,1.034509,1.020409,1.028542,1.024112,1.008515,1.034899,1.018507,0.976746,0.976151,1.021553,1.007623,1.023763,0.990568,1.034182
2.923830,1.039000,1.028966,1.015166,1.010868,1.029708,1.034629,1.026174,1.023900,1.042243,1.038242,1.035656,1.017802,1.030712,1.016450,0.994434,1.002598,1.009792,1.010524,1.019669,0.961109,0.997344,1.012038,1.001704,1.005254,1.041452,1.034236,1.020134,1.028229,1.023792,1.008321,1.034631,1.018369,0.976483,0.975927,1.021314,1.007562,1.023555,0.990240,1.034243
2.932160,1.038909,1.028740,1.014920,1.010631,1.029489,1.034405,1.025953,1.023723,1.042210,1.038028,1.035438,1.017582,1.030489,1.016205,0.994152,1.002311,1.009512,1.010255,1.019378,0.960847,0.997070,1.011790,1.001483,1.004970,1.041242,1.033963,1.019859,1.027917,1.023471,1.008127,1.034358,1.018225,0.976219,0.975702,1.021073,1.007500,1.023346,0.989913,1.034304
2.940490,1.038820,1.028516,1.014675,1.010392,1.029267,1.034179,1.025728,1.023544,1.042176,1.037811,1.035216,1.017358,1.030263,1.015958,0.993870,1.002024,1.009232,1.009985,1.019086,0.960586,0.996797,1.011541,1.001261,1.004687,1.041030,1.033691,1.019584,1.027606,1.023151,1.007934,1.034080,1.018076,0.975955,0.975476,1.020832,1.007435,1.023136,0.989587,1.034366
2.948820,1.038733,1.028291,1.014428,1.010151,1.029043,1.033949,1.025501,1.023363,1.042142,1.037591,1.034992,1.017131,1.030034,1.015709,0.993587,1.001737,1.008952,1.009716,1.018794,0.960325,0.996523,1.011292,1.001039,1.004403,1.040819,1.033418,1.019309,1.027294,1.022832,1.007740,1.033798,1.017922,0.975690,0.975250,1.020590,1.007368,1.022927,0.989262,1.034428
2.957150,1.038648,1.028068,1.014181,1.009909,1.028817,1.033717,1.025271,1.023181,1.042107,1.037367,1.034765,1.016902,1.029802,1.015459,0.993305,1.001451,1.008672,1.009446,1.018503,0.960063,0.996250,1.011043,1.000817,1.004120,1.040607,1.033146,1.019034,1.026983,1.022513,1.007547,1.033511,1.017763,0.975424,0.975023,1.020347,1.007299,1.022718,0.988936,1.034490
2.965480,1.038566,1.027845,1.013934,1.009665,1.028588,1.033483,1.025038,1.022996,1.042071,1.037141,1.034535,1.016670,1.029568,1.015207,0.993022,1.001165,1.008392,1.009177,1.018211,0.959802,0.995977,1.010794,1.000594,1.003837,1.040395,1.032873,1.018760,1.026673,1.022194,1.007354,1.033220,1.017599,0.975158,0.974796,1.020104,1.007228,1.022508,0.988612,1.034553
2.973810,1.038486,1.027622,1.013687,1.009419,1.028357,1.033246,1.024803,1.022810,1.042034,1.036911,1.034302,1.016435,1.029331,1.014953,0.992739,1.000879,1.008114,1.008908,1.017920,0.959541,0.995704,1.010544,1.000370,1.003555,1.040182,1.032601,1.018485,1.026363,1.021876,1.007162,1.032925,1.017429,0.974891,0.974568,1.019860,1.007154,1.022299,0.988288,1.034617
2.982140,1.038409,1.027401,1.013439,1.009173,1.028125,1.033007,1.024566,1.022623,1.041997,1.036679,1.034067,1.016198,1.029092,1.014698,0.992456,1.000594,1.007835,1.008639,1.017629,0.959279,0.995432,1.010295,1.000147,1.003274,1.039970,1.032329,1.018212,1.026053,1.021559,1.006969,1.032626,1.017255,0.974625,0.974339,1.019616,1.007078,1.022089,0.987965,1.034681
2.990470,1.038334,1.027180,1.013191,1.008925,1.027890,1.032765,1.024327,1.022434,1.041959,1.036444,1.033829,1.015958,1.028850,1.014441,0.992173,1.000310,1.007558,1.008371,1.017339,0.959018,0.995160,1.010046,0.999923,1.002993,1.039757,1.032058,1.017938,1.025744,1.021242,1.006778,1.032323,1.017076,0.974358,0.974110,1.019371,1.007000,1.021879,0.987642,1.034745
2.998800,1.038261,1.026960,1.012944,1.008676,1.027654,1.032522,1.024086,1.022245,1.041921,1.036207,1.033589,1.015716,1.028607,1.014184,0.991891,1.000027,1.007281,1.008103,1.017050,0.958758,0.994890,1.009797,0.999700,1.002713,1.039545,1.031787,1.017665,1.025436,1.020926,1.006586,1.032017,1.016892,0.974091,0.973880,1.019126,1.006920,1.021670,0.987321,1.034810
3.007130,1.038192,1.026741,1.012696,1.008426,1.027416,1.032277,1.023843,1.022054,1.041883,1.035967,1.033347,1.015473,1.028362,1.013925,0.991609,0.999744,1.007005,1.007837,1.016761,0.958498,0.994621,1.009549,0.999477,1.002435,1.039332,1.031516,1.017393,1.025129,1.020611,1.006395,1.031707,1.016704,0.973824,0.973650,1.018881,1.006838,1.021460,0.987000,1.034875
3.015460,1.038125,1.026524,1.012449,1.008175,1.027178,1.032031,1.023599,1.021862,1.041845,1.035725,1.033103,1.015227,1.028114,1.013666,0.991329,0.999463,1.006730,1.007571,1.016473,0.958238,0.994352,1.009302,0.999254,1.002157,1.039120,1.031246,1.017122,1.024823,1.020297,1.006204,1.031395,1.016512,0.973557,0.973420,1.018637,1.006755,1.021251,0.986680,1.034941
3.023790,1.038061,1.026307,1.012202,1.007924,1.026938,1.031783,1.023353,1.021670,1.041806,1.035482,1.032857,1.014980,1.027866,1.013406,0.991049,0.999184,1.006457,1.007306,1.016187,0.957980,0.994086,1.009055,0.999032,1.001882,1.038908,1.030977,1.016853,1.024518,1.019984,1.006014,1.031080,1.016315,0.973291,0.973191,1.018392,1.006669,1.021042,0.986361,1.035008
3.032120,1.038000,1.026092,1.011957,1.007672,1.026697,1.031535,1.023107,1.021477,1.041768,1.035237,1.032610,1.014731,1.027616,1.013146,0.990770,0.998906,1.006186,1.007043,1.015902,0.957722,0.993821,1.008810,0.998810,1.001608,1.038697,1.030709,1.016584,1.024214,1.019672,1.005825,1.030763,1.016115,0.973026,0.972961,1.018149,1.006583,1.020833,0.986044,1.035075
3.040450,1.037942,1.025879,1.011712,1.007421,1.026457,1.031285,1.022860,1.021284,1.041730,1.034990,1.032363,1.014482,1.027366,1.012886,0.990493,0.998631,1.005916,1.006781,1.015619,0.957466,0.993558,1.008567,0.998590,1.001336,1.038486,1.030443,1.016317,1.023911,1.019361,1.005636,1.030444,1.015912,0.972761,0.972732,1.017906,1.006495,1.020625,0.985728,1.035143
3.048780,1.037887,1.025667,1.011468,1.007170,1.026216,1.031036,1.022613,1.021092,1.041692,1.034743,1.032114,1.014232,1.027115,1.012626,0.990218,0.998357,1.005649,1.006522,1.015338,0.957211,0.993297,1.008325,0.998372,1.001066,1.038276,1.030177,1.016051,1.023610,1.019052,1.005447,1.030125,1.015705,0.972498,0.972504,1.017665,1.006407,1.020417,0.985414,1.035212
3.057110,1.037835,1.025456,1.011226,1.006919,1.025975,1.030787,1.022366,1.020899,1.041655,1.034496,1.031865,1.013982,1.026863,1.012367,0.989945,0.998087,1.005383,1.006264,1.015059,0.956958,0.993039,1.008085,0.998155,1.000799,1.038066,1.029914,1.015788,1.023311,1.018745,1.005260,1.029805,1.015495,0.972236,0.972276,1.017425,1.006318,1.020209,0.985101,1.035281
3.065440,1.037786,1.025248,1.010985,1.006670,1.025735,1.030538,1.022119,1.020708,1.041618,1.034248,1.031617,1.013732,1.026612,1.012109,0.989674,0.997819,1.005121,1.006009,1.014782,0.956707,0.992784,1.007848,0.997941,1.000535,1.037858,1.029652,1.015527,1.023013,1.018440,1.005073,1.029486,1.015283,0.971976,0.972050,1.017187,1.006228,1.020003,0.984790,1.035351
3.073770,1.037741,1.025042,1.010746,1.006422,1.025497,1.030290,1.021873,1.020518,1.041582,1.034000,1.031368,1.013483,1.026361,1.011852,0.989406,0.997554,1.004861,1.005756,1.014509,0.956458,0.992532,1.007613,0.997729,1.000274,1.037651,1.029392,1.015268,1.022718,1.018137,1.004887,1.029168,1.015068,0.971719,0.971826,1.016950,1.006139,1.019797,0.984481,1.035422
3.082100,1.037699,1.024838,1.010510,1.006175,1.025259,1.030043,1.021629,1.020329,1.041547,1.033753,1.031121,1.013234,1.026112,1.011597,0.989141,0.997293,1.004605,1.005506,1.014239,0.956213,0.992284,1.007382,0.997519,1.000016,1.037445,1.029134,1.015012,1.022425,1.017836,1.004701,1.028851,1.014851,0.971463,0.971604,1.016717,1.006051,1.019593,0.984175,1.035493
3.090430,1.037660,1.024637,1.010275,1.005930,1.025024,1.029799,1.021386,1.020141,1.041513,1.033506,1.030875,1.012987,1.025863,1.011344,0.988880,0.997035,1.004352,1.005260,1.013972,0.955970,0.992039,1.007154,0.997313,0.999762,1.037242,1.028879,1.014758,1.022134,1.017538,1.004517,1.028538,1.014633,0.971210,0.971384,1.016486,1.005964,1.019390,0.983871,1.035565
3.098760,1.037625,1.024438,1.010044,1.005688,1.024790,1.029556,1.021146,1.019956,1.041480,1.033261,1.030631,1.012741,1.025616,1.011093,0.988622,0.996782,1.004103,1.005017,1.013710,0.955730,0.991799,1.006930,0.997111,0.999513,1.037039,1.028627,1.014509,1.021847,1.017243,1.004334,1.028227,1.014414,0.970961,0.971167,1.016258,1.005877,1.019188,0.983570,1.035639
3.107090,1.037594,1.024243,1.009816,1.005449,1.024560,1.029316,1.020908,1.019774,1.041449,1.033018,1.030388,1.012497,1.025372,1.010846,0.988369,0.996533,1.003858,1.004778,1.013452,0.955494,0.991564,1.006711,0.996913,0.999268,1.036839,1.028377,1.014262,1.021563,1.016951,1.004152,1.027921,1.014194,0.970715,0.970953,1.016034,1.005793,1.018988,0.983271,1.035712
3.115420,1.037566,1.024050,1.009591,1.005213,1.024333,1.029080,1.020674,1.019594,1.041419,1.032778,1.030149,1.012256,1.025130,1.010602,0.988120,0.996290,1.003618,1.004543,1.013198,0.955263,0.991333,1.006496,0.996719,0.999028,1.036642,1.028132,1.014020,1.021282,1.016662,1.003972,1.027619,1.013973,0.970472,0.970742,1.015813,1.005711,1.018790,0.982977,1.035787
3.123750,1.037542,1.023861,1.009370,1.004980,1.024109,1.028847,1.020443,1.019417,1.041391,1.032540,1.029912,1.012019,1.024891,1.010361,0.987876,0.996051,1.003383,1.004313,1.012950,0.955036,0.991108,1.006286,0.996529,0.998793,1.036446,1.027889,1.013782,1.021004,1.016377,1.003793,1.027323,1.013752,0.970234,0.970536,1.015597,1.005632,1.018593,0.982685,1.035863
3.132080,1.037522,1.023676,1.009154,1.004751,1.023890,1.028618,1.020216,1.019244,1.041365,1.032305,1.029679,1.011784,1.024655,1.010125,0.987637,0.995819,1.003153,1.004088,1.012707,0.954814,0.990889,1.006081,0.996346,0.998565,1.036254,1.027651,1.013548,1.020731,1.016096,1.003616,1.027034,1.013532,0.970000,0.970334,1.015385,1.005556,1.018399,0.982398,1.035940
3.140410,1.037506,1.023494,1.008941,1.004527,1.023674,1.028394,1.019994,1.019075,1.041341,1.032073,1.029450,1.011554,1.024423,1.009893,0.987404,0.995592,1.002929,1.003868,1.012470,0.954597,0.990676,1.005882,0.996167,0.998342,1.036065,1.027417,1.013319,1.020462,1.015819,1.003440,1.026751,1.013312,0.969771,0.970137,1.015179,1.005484,1.018208,0.982114,1.036017
3.148740,1.037494,1.023316,1.008734,1.004308,1.023464,1.028174,1.019777,1.018910,1.041319,1.031846,1.029225,1.011327,1.024196,1.009666,0.987178,0.995372,1.002710,1.003653,1.012240,0.954386,0.990470,1.005690,0.995996,0.998126,1.035879,1.027188,1.013096,1.020198,1.015547,1.003267,1.026477,1.013093,0.969548,0.969945,1.014978,1.005416,1.018019,0.981835,1.036095
3.157070,1.037486,1.023143,1.008531,1.004093,1.023259,1.027960,1.019565,1.018749,1.041299,1.031622,1.029005,1.011106,1.023973,1.009445,0.986957,0.995159,1.002498,1.003445,1.012016,0.954181,0.990271,1.005504,0.995830,0.997916,1.035696,1.026963,1.012878,1.019938,1.015280,1.003096,1.026210,1.012875,0.969330,0.969759,1.014782,1.005353,1.017833,0.981560,1.036175
3.165400,1.037482,1.022975,1.008334,1.003885,1.023060,1.027752,1.019358,1.018594,1.041282,1.031404,1.028790,1.010889,1.023755,1.009229,0.986744,0.994953,1.002293,1.003243,1.011800,0.953983,0.990079,1.005326,0.995672,0.997714,1.035517,1.026744,1.012666,1.019684,1.015018,1.002927,1.025952,1.012659,0.969118,0.969579,1.014593,1.005295,1.017651,0.981291,1.036255
3.173730,1.037482,1.022811,1.008143,1.003682,1.022866,1.027550,1.019158,1.018443,1.041267,1.031191,1.028581,1.010678,1.023543,1.009019,0.986538,0.994755,1.002095,1.003047,1.011591,0.953792,0.989895,1.005155,0.995521,0.997520,1.035343,1.026530,1.012460,1.019435,1.014761,1.002761,1.025703,1.012445,0.968913,0.969407,1.014411,1.005243,1.017472,0.981027,1.036336
3.182060,1.037487,1.022652,1.007958,1.003485,1.022679,1.027354,1.018964,1.018298,1.041255,1.030983,1.028377,1.010473,1.023336,1.008816,0.986340,0.994565,1.001904,1.002859,1.011390,0.953608,0.989719,1.004992,0.995378,0.997333,1.035172,1.026323,1.012260,1.019192,1.014510,1.002598,1.025464,1.012234,0.968714,0.969241,1.014236,1.005197,1.017296,0.980768,1.036418
3.190390,1.037495,1.022499,1.007779,1.003295,1.022498,1.027166,1.018777,1.018158,1.041246,1.030781,1.028180,1.010274,1.023136,1.008620,0.986149,0.994383,1.001721,1.002678,1.011198,0.953432,0.989552,1.004838,0.995243,0.997156,1.035007,1.026121,1.012068,1.018955,1.014266,1.002438,1.025235,1.012025,0.968523,0.969083,1.014068,1.005158,1.017125,0.980515,1.036502
3.198720,1.037509,1.022352,1.007608,1.003112,1.022325,1.026984,1.018597,1.018024,1.041239,1.030586,1.027989,1.010082,1.022942,1.008431,0.985968,0.994210,1.001546,1.002504,1.011015,0.953265,0.989393,1.004692,0.995118,0.996987,1.034846,1.025926,1.011883,1.018724,1.014027,1.002281,1.025016,1.011820,0.968339,0.968933,1.013908,1.005126,1.016957,0.980268,1.036586
3.207050,1.037526,1.022211,1.007443,1.002936,1.022159,1.026810,1.018425,1.017897,1.041236,1.030397,1.027806,1.009897,1.022755,1.008250,0.985795,0.994046,1.001379,1.002339,1.010841,0.953106,0.989245,1.004556,0.995001,0.996827,1.034690,1.025738,1.011705,1.018501,1.013796,1.002128,1.024808,1.011620,0.968164,0.968792,1.013756,1.005103,1.016795,0.980028,1.036671
3.215380,1.037548,1.022076,1.007286,1.002768,1.022001,1.026644,1.018261,1.017776,1.041236,1.030216,1.027630,1.009719,1.022577,1.008077,0.985631,0.993892,1.001222,1.002182,1.010676,0.952956,0.989106,1.004429,0.994895,0.996677,1.034541,1.025557,1.011535,1.018285,1.013572,1.001980,1.024610,1.011424,0.967996,0.968660,1.013613,1.005087,1.016637,0.979795,1.036757
3.223710,1.037575,1.021947,1.007137,1.002608,1.021850,1.026487,1.018105,1.017662,1.041239,1.030043,1.027463,1.009550,1.022406,1.007913,0.985478,0.993748,1.001073,1.002034,1.010522,0.952817,0.988977,1.004312,0.994798,0.996537,1.034397,1.025383,1.011374,1.018076,1.013356,1.001835,1.024424,1.011234,0.967838,0.968538,1.013480,1.005081,1.016484,0.979569,1.036844
3.232040,1.037607,1.021826,1.006997,1.002457,1.021709,1.026338,1.017957,1.017556,1.041245,1.029878,1.027303,1.009389,1.022244,1.007757,0.985334,0.993614,1.000935,1.001896,1.010379,0.952687,0.988859,1.004206,0.994712,0.996407,1.034259,1.025218,1.011222,1.017875,1.013147,1.001696,1.024249,1.011050,0.967689,0.968426,1.013355,1.005085,1.016337,0.979350,1.036932
3.240370,1.037643,1.021712,1.006865,1.002315,1.021576,1.026199,1.017819,1.017457,1.041255,1.029722,1.027153,1.009237,1.022091,1.007612,0.985201,0.993491,1.000807,1.001767,1.010246,0.952568,0.988753,1.004112,0.994638,0.996289,1.034128,1.025061,1.011078,1.017682,1.012947,1.001561,1.024086,1.010873,0.967549,0.968325,1.013241,1.005098,1.016195,0.979140,1.037021
3.248700,1.037684,1.021606,1.006742,1.002182,1.021453,1.026069,1.017690,1.017365,1.041269,1.029575,1.027013,1.009095,1.021947,1.007476,0.985079,0.993380,1.000689,1.001648,1.010126,0.952459,0.988658,1.004028,0.994575,0.996182,1.034003,1.024913,1.010944,1.017499,1.012755,1.001432,1.023935,1.010704,0.967420,0.968234,1.013137,1.005123,1.016059,0.978937,1.037111
3.257030,1.037730,1.021507,1.006629,1.002060,1.021339,1.025949,1.017572,1.017282,1.041286,1.029439,1.026882,1.008963,1.021814,1.007351,0.984969,0.993280,1.000582,1.001540,1.010017,0.952363,0.988574,1.003957,0.994524,0.996087,1.033886,1.024773,1.010821,1.017324,1.012573,1.001309,1.023797,1.010543,0.967301,0.968156,1.013044,1.005158,1.015930,0.978744,1.037202
3.265360,1.037781,1.021417,1.006526,1.001947,1.021236,1.025839,1.017463,1.017207,1.041307,1.029312,1.026762,1.008841,1.021691,1.007237,0.984871,0.993193,1.000487,1.001442,1.009921,0.952278,0.988504,1.003898,0.994485,0.996004,1.033777,1.024644,1.010707,1.017159,1.012400,1.001192,1.023671,1.010390,0.967193,0.968090,1.012962,1.005206,1.015808,0.978559,1.037294
3.273690,1.037837,1.021336,1.006433,1.001845,1.021143,1.025741,1.017365,1.017141,1.041333,1.029197,1.026652,1.008730,1.021579,1.007134,0.984785,0.993118,1.000403,1.001356,1.009837,0.952206,0.988446,1.003852,0.994460,0.995934,1.033675,1.024524,1.010604,1.017003,1.012237,1.001082,1.023557,1.010248,0.967096,0.968036,1.012892,1.005265,1.015692,0.978384,1.037387
3.282020,1.037898,1.021264,1.006351,1.001754,1.021060,1.025653,1.017279,1.017084,1.041362,1.029093,1.026554,1.008631,1.021478,1.007042,0.984711,0.993057,1.000331,1.001282,1.009767,0.952146,0.988401,1.003819,0.994448,0.995877,1.033582,1.024415,1.010512,1.016858,1.012084,1.000978,1.023456,1.010116,0.967011,0.967995,1.012833,1.005338,1.015584,0.978219,1.037481
3.290350,1.037965,1.021201,1.006280,1.001675,1.020989,1.025577,1.017203,1.017037,1.041396,1.029000,1.026468,1.008543,1.021390,1.006963,0.984651,0.993008,1.000272,1.001219,1.009711,0.952100,0.988370,1.003799,0.994450,0.995833,1.033498,1.024316,1.010432,1.016724,1.011942,1.000882,1.023369,1.009994,0.966938,0.967968,1.012787,1.005423,1.015484,0.978063,1.037576
3.298680,1.038036,1.021148,1.006220,1.001607,1.020929,1.025512,1.017139,1.016998,1.041434,1.028919,1.026393,1.008467,1.021313,1.006897,0.984605,0.992974,1.000226,1.001169,1.009669,0.952067,0.988354,1.003794,0.994466,0.995803,1.033422,1.024229,1.010364,1.016601,1.011810,1.000794,1.023294,1.009884,0.966877,0.967956,1.012754,1.005523,1.015392,0.977919,1.037672
3.307010,1.038113,1.021105,1.006173,1.001551,1.020881,1.025459,1.017087,1.016970,1.041477,1.028851,1.026330,1.008404,1.021249,1.006843,0.984572,0.992953,1.000193,1.001132,1.009641,0.952049,0.988351,1.003803,0.994497,0.995788,1.033356,1.024152,1.010308,1.016488,1.011691,1.000714,1.023233,1.009785,0.966829,0.967957,1.012734,1.005637,1.015308,0.977785,1.037770
3.315340,1.038196,1.021072,1.006137,1.001508,1.020844,1.025419,1.017047,1.016951,1.041524,1.028796,1.026280,1.008353,1.021198,1.006802,0.984554,0.992947,1.000174,1.001107,1.009628,0.952045,0.988363,1.003826,0.994543,0.995787,1.033299,1.024088,1.010264,1.016388,1.011582,1.000643,1.023185,1.009698,0.966794,0.967974,1.012728,1.005765,1.015232,0.977662,1.037868
3.323670,1.038284,1.021050,1.006113,1.001477,1.020820,1.025390,1.017019,1.016942,1.041575,1.028753,1.026243,1.008315,1.021160,1.006775,0.984550,0.992956,1.000168,1.001096,1.009631,0.952055,0.988390,1.003865,0.994605,0.995801,1.033252,1.024035,1.010233,1.016300,1.011486,1.000581,1.023150,1.009623,0.966772,0.968005,1.012735,1.005909,1.015165,0.977551,1.037967
3.332000,1.038377,1.021039,1.006103,1.001459,1.020807,1.025375,1.017003,1.016944,1.041632,1.028724,1.026219,1.008291,1.021135,1.006761,0.984561,0.992980,1.000177,1.001099,1.009649,0.952081,0.988433,1.003920,0.994682,0.995830,1.033216,1.023995,1.010215,1.016224,1.011403,1.000528,1.023129,1.009561,0.966764,0.968053,1.012756,1.006068,1.015108,0.977451,1.038067
3.340330,1.038475,1.021038,1.006105,1.001454,1.020808,1.025372,1.017001,1.016956,1.041693,1.028708,1.026208,1.008280,1.021124,1.006761,0.984587,0.993019,1.000200,1.001116,1.009683,0.952122,0.988491,1.003990,0.994775,0.995875,1.033190,1.023968,1.010211,1.016161,1.011332,1.000485,1.023122,1.009512,0.966770,0.968116,1.012792,1.006243,1.015060,0.977364,1.038168
3.348660,1.038580,1.021050,1.006121,1.001463,1.020820,1.025382,1.017011,1.016979,1.041759,1.028706,1.026211,1.008282,1.021127,1.006776,0.984629,0.993075,1.000237,1.001147,1.009733,0.952180,0.988566,1.004076,0.994885,0.995935,1.033174,1.023953,1.010220,1.016111,1.011274,1.000452,1.023128,1.009476,0.966790,0.968196,1.012842,1.006435,1.015022,0.977290,1.038270
3.356990,1.038690,1.021073,1.006150,1.001485,1.020846,1.025405,1.017034,1.017013,1.041830,1.028718,1.026227,1.008299,1.021143,1.006805,0.984686,0.993146,1.000290,1.001192,1.009799,0.952253,0.988656,1.004178,0.995011,0.996012,1.033170,1.023952,1.010244,1.016074,1.011230,1.000430,1.023148,1.009453,0.966824,0.968293,1.012907,1.006643,1.014993,0.977228,1.038373
3.365320,1.038805,1.021108,1.006193,1.001521,1.020885,1.025442,1.017070,1.017057,1.041905,1.028744,1.026258,1.008329,1.021175,1.006848,0.984759,0.993233,1.000358,1.001252,1.009883,0.952343,0.988763,1.004297,0.995155,0.996105,1.033177,1.023965,1.010282,1.016051,1.011199,1.000419,1.023181,1.009444,0.966874,0.968407,1.012988,1.006869,1.014975,0.977179,1.038477
3.373650,1.038926,1.021156,1.006250,1.001570,1.020936,1.025492,1.017120,1.017112,1.041986,1.028784,1.026302,1.008374,1.021220,1.006907,0.984849,0.993337,1.000442,1.001327,1.009983,0.952449,0.988887,1.004433,0.995316,0.996215,1.033196,1.023991,1.010334,1.016042,1.011182,1.000419,1.023228,1.009448,0.966938,0.968538,1.013084,1.007111,1.014967,0.977144,1.038582
3.381980,1.039053,1.021215,1.006321,1.001634,1.021001,1.025555,1.017183,1.017178,1.042072,1.028839,1.026360,1.008433,1.021280,1.006980,0.984954,0.993458,1.000542,1.001418,1.010101,0.952572,0.989028,1.004586,0.995494,0.996341,1.033226,1.024031,1.010401,1.016047,1.011179,1.000431,1.023289,1.009466,0.967017,0.968687,1.013195,1.007372,1.014970,0.977122,1.038688
3.390310,1.039185,1.021288,1.006407,1.001712,1.021080,1.025632,1.017259,1.017256,1.042162,1.028908,1.026433,1.008507,1.021355,1.007068,0.985077,0.993595,1.000657,1.001523,1.010237,0.952713,0.989186,1.004756,0.995690,0.996485,1.033269,1.024086,1.010484,1.016066,1.011191,1.000455,1.023363,1.009498,0.967112,0.968854,1.013323,1.007650,1.014984,0.977114,1.038794
3.398640,1.039323,1.021373,1.006507,1.001805,1.021171,1.025723,1.017349,1.017345,1.042258,1.028992,1.026519,1.008595,1.021445,1.007172,0.985216,0.993750,1.000788,1.001645,1.010390,0.952871,0.989361,1.004944,0.995904,0.996646,1.033323,1.024155,1.010581,1.016100,1.011218,1.000491,1.023451,1.009543,0.967223,0.969038,1.013466,1.007947,1.015008,0.977121,1.038902
3.406970,1.039467,1.021471,1.006622,1.001912,1.021276,1.025828,1.017453,1.017445,1.042359,1.029091,1.026621,1.008698,1.021550,1.007291,0.985372,0.993922,1.000936,1.001782,1.010561,0.953046,0.989554,1.005149,0.996136,0.996825,1.033390,1.024239,1.010694,1.016149,1.011259,1.000539,1.023553,1.009603,0.967349,0.969242,1.013626,1.008262,1.015044,0.977141,1.039010
3.415300,1.039616,1.021583,1.006751,1.002033,1.021395,1.025946,1.017570,1.017556,1.042465,1.029204,1.026737,1.008815,1.021669,1.007426,0.985545,0.994111,1.001100,1.001934,1.010750,0.953240,0.989764,1.005372,0.996387,0.997020,1.033470,1.024337,1.010822,1.016214,1.011316,1.000600,1.023668,1.009677,0.967491,0.969464,1.013802,1.008595,1.015091,0.977177,1.039119
3.423630,1.039770,1.021707,1.006896,1.002169,1.021527,1.026078,1.017701,1.017679,1.042576,1.029333,1.026867,1.008948,1.021804,1.007576,0.985735,0.994318,1.001281,1.002103,1.010957,0.953451,0.989992,1.005613,0.996656,0.997234,1.033562,1.024451,1.010966,1.016293,1.011388,1.000674,1.023796,1.009765,0.967650,0.969704,1.013995,1.008947,1.015150,0.977227,1.039229
3.431960,1.039931,1.021845,1.007055,1.002320,1.021673,1.026224,1.017846,1.017813,1.042692,1.029476,1.027012,1.009095,1.021954,1.007741,0.985943,0.994543,1.001478,1.002288,1.011183,0.953681,0.990238,1.005872,0.996943,0.997466,1.033667,1.024579,1.011125,1.016388,1.011475,1.000761,1.023938,1.009867,0.967824,0.969964,1.014204,1.009318,1.015220,0.977292,1.039340
3.440290,1.040096,1.021996,1.007230,1.002486,1.021832,1.026384,1.018004,1.017959,1.042813,1.029634,1.027171,1.009257,1.022119,1.007923,0.986167,0.994785,1.001692,1.002489,1.011427,0.953928,0.990502,1.006150,0.997249,0.997715,1.033785,1.024723,1.011301,1.016498,1.011578,1.000861,1.024093,1.009983,0.968014,0.970242,1.014430,1.009708,1.015302,0.977371,1.039451
3.448620,1.040268,1.022160,1.007420,1.002666,1.022004,1.026557,1.018176,1.018116,1.042940,1.029807,1.027345,1.009434,1.022299,1.008120,0.986409,0.995045,1.001923,1.002706,1.011689,0.954194,0.990784,1.006445,0.997573,0.997982,1.033915,1.024882,1.011492,1.016624,1.011697,1.000975,1.024261,1.010114,0.968221,0.970540,1.014673,1.010118,1.015395,0.977467,1.039563
3.456950,1.040444,1.022338,1.007624,1.002861,1.022191,1.026745,1.018362,1.018284,1.043071,1.029995,1.027534,1.009626,1.022494,1.008332,0.986669,0.995322,1.002170,1.002939,1.011970,0.954478,0.991084,1.006758,0.997917,0.998267,1.034058,1.025057,1.011699,1.016766,1.011831,1.001101,1.024443,1.010258,0.968444,0.970857,1.014932,1.010546,1.015500,0.977577,1.039676
3.465280,1.040626,1.022529,1.007844,1.003070,1.022390,1.026946,1.018561,1.018463,1.043207,1.030198,1.027737,1.009832,1.022705,1.008560,0.986945,0.995618,1.002434,1.003188,1.012270,0.954781,0.991402,1.007090,0.998279,0.998571,1.034215,1.025246,1.011922,1.016923,1.011981,1.001241,1.024637,1.010416,0.968684,0.971192,1.015208,1.010993,1.015617,0.977703,1.039789
3.473610,1.040813,1.022733,1.008079,1.003295,1.022603,1.027160,1.018774,1.018654,1.043349,1.030415,1.027954,1.010053,1.022930,1.008803,0.987239,0.995931,1.002715,1.003453,1.012588,0.955102,0.991738,1.007440,0.998659,0.998892,1.034384,1.025452,1.012161,1.017097,1.012147,1.001394,1.024844,1.010588,0.968939,0.971548,1.015501,1.011459,1.015745,0.977844,1.039903
3.481940,1.041005,1.022950,1.008328,1.003534,1.022830,1.027388,1.019000,1.018856,1.043495,1.030648,1.028185,1.010289,1.023170,1.009062,0.987550,0.996261,1.003013,1.003734,1.012925,0.955441,0.992092,1.007808,0.999058,0.999231,1.034566,1.025672,1.012416,1.017286,1.012329,1.001560,1.025064,1.010774,0.969211,0.971922,1.015811,1.011945,1.015885,0.978000,1.040017
3.490270,1.041202,1.023181,1.008593,1.003787,1.023069,1.027630,1.019240,1.019069,1.043646,1.030895,1.028431,1.010539,1.023425,1.009337,0.987878,0.996610,1.003327,1.004032,1.013280,0.955799,0.992464,1.008194,0.999476,0.999587,1.034761,1.025908,1.012687,1.017491,1.012527,1.001739,1.025296,1.010974,0.969499,0.972316,1.016138,1.012450,1.016037,0.978172,1.040132
3.498600,1.041404,1.023424,1.008872,1.004055,1.023322,1.027885,1.019492,1.019293,1.043802,1.031156,1.028691,1.010804,1.023695,1.009626,0.988224,0.996976,1.003657,1.004345,1.013653,0.956175,0.992854,1.008598,0.999912,0.999962,1.034968,1.026159,1.012973,1.017712,1.012741,1.001932,1.025540,1.011187,0.969804,0.972728,1.016481,1.012973,1.016200,0.978360,1.040247
3.506930,1.041611,1.023680,1.009166,1.004337,1.023587,1.028153,1.019758,1.019529,1.043963,1.031432,1.028965,1.011083,1.023979,1.009931,0.988586,0.997359,1.004004,1.004673,1.014045,0.956569,0.993261,1.009020,1.000367,1.000354,1.035189,1.026425,1.013275,1.017948,1.012971,1.002138,1.025797,1.011413,0.970124,0.973160,1.016841,1.013515,1.016375,0.978563,1.040363
3.515260,1.041823,1.023950,1.009475,1.004633,1.023866,1.028434,1.020037,1.019775,1.044128,1.031721,1.029252,1.011376,1.024278,1.010250,0.988965,0.997760,1.004368,1.005018,1.014455,0.956981,0.993685,1.009460,1.000839,1.000764,1.035422,1.026706,1.013593,1.018200,1.013217,1.002356,1.026066,1.011653,0.970461,0.973611,1.017217,1.014076,1.016562,0.978781,1.040478
3.523590,1.042039,1.024231,1.009798,1.004943,1.024157,1.028728,1.020328,1.020031,1.044298,1.032025,1.029554,1.011683,1.024591,1.010585,0.989360,0.998177,1.004747,1.005378,1.014883,0.957411,0.994128,1.009917,1.001330,1.001191,1.035667,1.027002,1.013926,1.018468,1.013478,1.002588,1.026346,1.011906,0.970813,0.974080,1.017609,1.014656,1.016759,0.979015,1.040595
3.531920,1.042259,1.024526,1.010134,1.005267,1.024460,1.029035,1.020632,1.020298,1.044473,1.032343,1.029868,1.012004,1.024918,1.010934,0.989772,0.998612,1.005142,1.005753,1.015328,0.957859,0.994587,1.010391,1.001839,1.001635,1.035925,1.027313,1.014275,1.018752,1.013755,1.002833,1.026638,1.012172,0.971181,0.974569,1.018018,1.015253,1.016968,0.979264,1.040711
3.540250,1.042485,1.024833,1.010485,1.005604,1.024776,1.029354,1.020949,1.020576,1.044652,1.032674,1.030196,1.012338,1.025258,1.011297,0.990201,0.999063,1.005553,1.006143,1.015792,0.958325,0.995063,1.010883,1.002365,1.002097,1.036195,1.027639,1.014639,1.019051,1.014047,1.003090,1.026942,1.012450,0.971565,0.975075,1.018442,1.015869,1.017188,0.979528,1.040827
3.548580,1.042714,1.025151,1.010850,1.005955,1.025104,1.029685,1.021277,1.020863,1.044835,1.033019,1.030537,1.012686,1.025613,1.011674,0.990645,0.999531,1.005980,1.006548,1.016273,0.958808,0.995556,1.011392,1.002908,1.002575,1.036478,1.027979,1.015017,1.019365,1.014355,1.003360,1.027256,1.012741,0.971964,0.975601,1.018883,1.016503,1.017419,0.979807,1.040944
3.556910,1.042947,1.025482,1.011228,1.006319,1.025443,1.030028,1.021617,1.021161,1.045022,1.033377,1.030891,1.013046,1.025980,1.012066,0.991105,1.000015,1.006422,1.006968,1.016771,0.959309,0.996065,1.011917,1.003469,1.003069,1.036772,1.028333,1.015410,1.019694,1.014678,1.003642,1.027580,1.013044,0.972378,0.976144,1.019339,1.017154,1.017661,0.980102,1.041060
3.565240,1.043184,1.025825,1.011620,1.006695,1.025794,1.030383,1.021969,1.021468,1.045214,1.033747,1.031256,1.013419,1.026361,1.012470,0.991581,1.000515,1.006879,1.007402,1.017286,0.959826,0.996591,1.012459,1.004047,1.003580,1.037077,1.028702,1.015818,1.020038,1.015016,1.003936,1.027914,1.013359,0.972807,0.976705,1.019810,1.017822,1.017913,0.980410,1.041177
3.573570,1.043426,1.026178,1.012024,1.007084,1.026156,1.030748,1.022331,1.021785,1.045409,1.034130,1.031634,1.013805,1.026754,1.012889,0.992071,1.001031,1.007350,1.007850,1.017817,0.960360,0.997133,1.013017,1.004640,1.004107,1.037395,1.029084,1.016240,1.020397,1.015369,1.004242,1.028258,1.013686,0.973251,0.977283,1.020297,1.018507,1.018176,0.980734,1.041293
3.581900,1.043670,1.026543,1.012441,1.007486,1.026528,1.031125,1.022705,1.022110,1.045608,1.034525,1.032023,1.014202,1.027160,1.013319,0.992577,1.001562,1.007836,1.008312,1.018365,0.960911,0.997690,1.013591,1.005251,1.004649,1.037723,1.029480,1.016676,1.020770,1.015737,1.004560,1.028611,1.014023,0.973710,0.977879,1.020798,1.019209,1.018449,0.981072,1.041409
3.590230,1.043918,1.026919,1.012870,1.007899,1.026911,1.031512,1.023088,1.022445,1.045811,1.034931,1.032424,1.014611,1.027577,1.013763,0.993097,1.002108,1.008337,1.008787,1.018929,0.961477,0.998262,1.014180,1.005876,1.005207,1.038063,1.029890,1.017125,1.021158,1.016119,1.004890,1.028972,1.014372,0.974182,0.978492,1.021313,1.019927,1.018732,0.981423,1.041525
3.598560,1.044170,1.027306,1.013312,1.008323,1.027304,1.031909,1.023482,1.022787,1.046017,1.035349,1.032836,1.015031,1.028006,1.014218,0.993631,1.002669,1.008850,1.009276,1.019509,0.962060,0.998849,1.014784,1.006518,1.005779,1.038413,1.030312,1.017588,1.021559,1.016515,1.005231,1.029341,1.014732,0.974668,0.979121,1.021843,1.020661,1.019024,0.981789,1.041640
3.606890,1.044425,1.027703,1.013765,1.008758,1.027707,1.032316,1.023885,1.023138,1.046227,1.035778,1.033258,1.015462,1.028446,1.014685,0.994178,1.003244,1.009378,1.009777,1.020104,0.962658,0.999451,1.015403,1.007174,1.006366,1.038774,1.030747,1.018063,1.021974,1.016924,1.005584,1.029717,1.015101,0.975168,0.979767,1.022387,1.021409,1.019326,0.982169,1.041755
3.615220,1.044682,1.028110,1.014229,1.009204,1.028119,1.032732,1.024298,1.023497,1.046439,1.036217,1.033690,1.015904,1.028897,1.015164,0.994739,1.003832,1.009918,1.010290,1.020714,0.963271,1.000066,1.016036,1.007845,1.006968,1.039145,1.031194,1.018552,1.022402,1.017347,1.005947,1.030100,1.015481,0.975681,0.980428,1.022944,1.022173,1.019638,0.982561,1.041870
3.623550,1.044943,1.028527,1.014704,1.009661,1.028539,1.033157,1.024719,1.023863,1.046654,1.036666,1.034131,1.016355,1.029358,1.015653,0.995313,1.004435,1.010470,1.010815,1.021338,0.963899,1.000696,1.016683,1.008529,1.007582,1.039526,1.031654,1.019052,1.022844,1.017783,1.006321,1.030489,1.015870,0.976207,0.981105,1.023514,1.022951,1.019958,0.982967,1.041984
3.631880,1.045206,1.028953,1.015189,1.010127,1.028968,1.033591,1.025149,1.024237,1.046872,1.037125,1.034582,1.016816,1.029829,1.016153,0.995899,1.005050,1.011035,1.011352,1.021976,0.964541,1.001338,1.017344,1.009228,1.008210,1.039916,1.032125,1.019564,1.023297,1.018232,1.006705,1.030884,1.016269,0.976745,0.981797,1.024097,1.023743,1.020287,0.983385,1.042097
3.640210,1.045472,1.029388,1.015685,1.010603,1.029405,1.034032,1.025586,1.024617,1.047092,1.037593,1.035042,1.017286,1.030310,1.016663,0.996497,1.005677,1.011612,1.011900,1.022628,0.965197,1.001993,1.018017,1.009940,1.008851,1.040315,1.032607,1.020088,1.023764,1.018694,1.007099,1.031284,1.016676,0.977296,0.982503,1.024692,1.024549,1.020624,0.983816,1.042210
3.648540,1.045739,1.029831,1.016190,1.011087,1.029849,1.034481,1.026031,1.025003,1.047314,1.038070,1.035510,1.017764,1.030799,1.017182,0.997106,1.006317,1.012200,1.012458,1.023293,0.965866,1.002661,1.018703,1.010664,1.009505,1.040724,1.033100,1.020623,1.024242,1.019167,1.007502,1.031689,1.017092,0.977858,0.983224,1.025299,1.025367,1.020970,0.984259,1.042322
3.656870,1.046009,1.030283,1.016704,1.011580,1.030301,1.034937,1.026483,1.025396,1.047539,1.038554,1.035985,1.018251,1.031296,1.017711,0.997727,1.006968,1.012798,1.013027,1.023971,0.966548,1.003340,1.019400,1.011400,1.010170,1.041141,1.033603,1.021168,1.024731,1.019652,1.007914,1.032097,1.017515,0.978431,0.983958,1.025917,1.026197,1.021323,0.984713,1.042432
3.665200,1.046281,1.030742,1.017226,1.012081,1.030759,1.035399,1.026941,1.025794,1.047765,1.039047,1.036468,1.018745,1.031802,1.018247,0.998357,1.007631,1.013407,1.013605,1.024661,0.967243,1.004030,1.020110,1.012148,1.010846,1.041565,1.034116,1.021723,1.025231,1.020148,1.008335,1.032509,1.017947,0.979016,0.984706,1.026547,1.027039,1.021683,0.985178,1.042542
3.673530,1.046554,1.031208,1.017757,1.012589,1.031223,1.035867,1.027405,1.026197,1.047993,1.039547,1.036958,1.019247,1.032315,1.018792,0.998998,1.008303,1.014026,1.014192,1.025362,0.967950,1.004731,1.020830,1.012907,1.011533,1.041998,1.034639,1.022288,1.025742,1.020655,1.008764,1.032923,1.018385,0.979610,0.985466,1.027186,1.027892,1.022050,0.985654,1.042651
3.681860,1.046828,1.031682,1.018295,1.013105,1.031692,1.036341,1.027875,1.026604,1.048222,1.040053,1.037454,1.019755,1.032835,1.019344,0.999648,1.008986,1.014653,1.014788,1.026075,0.968668,1.005442,1.021560,1.013677,1.012230,1.042437,1.035171,1.022862,1.026263,1.021171,1.009200,1.033340,1.018830,0.980214,0.986238,1.027836,1.028756,1.022423,0.986140,1.042759
3.690190,1.047104,1.032161,1.018840,1.013626,1.032167,1.036819,1.028349,1.027016,1.048452,1.040565,1.037956,1.020268,1.033361,1.019903,1.000306,1.009677,1.015290,1.015392,1.026797,0.969397,1.006162,1.022300,1.014456,1.012937,1.042883,1.035711,1.023444,1.026793,1.021698,1.009643,1.033757,1.019281,0.980828,0.987021,1.028495,1.029629,1.022803,0.986636,1.042865
3.698520,1.047380,1.032645,1.019392,1.014154,1.032645,1.037302,1.028828,1.027432,1.048683,1.041083,1.038463,1.020788,1.033893,1.020469,1.000973,1.010378,1.015934,1.016003,1.027530,0.970136,1.006892,1.023049,1.015244,1.013653,1.043335,1.036258,1.024034,1.027332,1.022233,1.010092,1.034176,1.019737,0.981451,0.987815,1.029164,1.030512,1.023188,0.987141,1.042970
3.706850,1.047657,1.033135,1.019949,1.014686,1.033128,1.037789,1.029310,1.027851,1.048915,1.041606,1.038974,1.021312,1.034430,1.021040,1.001647,1.011086,1.016585,1.016621,1.028272,0.970885,1.007629,1.023807,1.016041,1.014377,1.043792,1.036813,1.024631,1.027880,1.022777,1.010547,1.034595,1.020198,0.982082,0.988620,1.029840,1.031403,1.023578,0.987655,1.043074
3.715180,1.047934,1.033629,1.020512,1.015223,1.033614,1.038279,1.029795,1.028272,1.049146,1.042133,1.039489,1.021839,1.034971,1.021615,1.002328,1.011802,1.017244,1.017245,1.029023,0.971643,1.008374,1.024572,1.016846,1.015109,1.044255,1.037375,1.025235,1.028435,1.023329,1.011006,1.035014,1.020664,0.982721,0.989435,1.030524,1.032302,1.023973,0.988177,1.043175
3.723510,1.048212,1.034128,1.021079,1.015765,1.034103,1.038771,1.030283,1.028696,1.049378,1.042663,1.040007,1.022371,1.035515,1.022195,1.003015,1.012525,1.017908,1.017874,1.029781,0.972410,1.009126,1.025345,1.017658,1.015848,1.044721,1.037942,1.025844,1.028998,1.023889,1.011470,1.035431,1.021132,0.983367,0.990258,1.031216,1.033208,1.024372,0.988706,1.043276
3.731840,1.048488,1.034629,1.021649,1.016309,1.034593,1.039265,1.030773,1.029121,1.049610,1.043196,1.040527,1.022905,1.036063,1.022779,1.003707,1.013253,1.018578,1.018508,1.030547,0.973184,1.009885,1.026124,1.018476,1.016593,1.045192,1.038515,1.026460,1.029567,1.024455,1.011937,1.035847,1.021603,0.984020,0.991090,1.031914,1.034121,1.024775,0.989243,1.043374
3.740170,1.048765,1.035133,1.022223,1.016856,1.035085,1.039760,1.031264,1.029548,1.049840,1.043730,1.041049,1.023441,1.036613,1.023365,1.004404,1.013987,1.019252,1.019146,1.031319,0.973966,1.010649,1.026909,1.019301,1.017343,1.045666,1.039093,1.027080,1.030142,1.025027,1.012407,1.036260,1.022076,0.984679,0.991930,1.032619,1.035039,1.025181,0.989786,1.043471
3.748500,1.049040,1.035638,1.022800,1.017405,1.035578,1.040256,1.031755,1.029975,1.050070,1.044266,1.041572,1.023978,1.037164,1.023954,1.005105,1.014726,1.019930,1.019788,1.032098,0.974754,1.011418,1.027700,1.020130,1.018099,1.046142,1.039675,1.027704,1.030722,1.025604,1.012879,1.036671,1.022550,0.985343,0.992777,1.033328,1.035962,1.025589,0.990335,1.043566
3.756830,1.049314,1.036145,1.023378,1.017955,1.036070,1.040751,1.032246,1.030401,1.050299,1.044802,1.042095,1.024515,1.037716,1.024543,1.005810,1.015468,1.020612,1.020432,1.032882,0.975548,1.012191,1.028495,1.020964,1.018859,1.046620,1.040260,1.028331,1.031307,1.026187,1.013352,1.037078,1.023023,0.986013,0.993630,1.034043,1.036890,1.026000,0.990889,1.043658
3.765160,1.049587,1.036653,1.023957,1.018505,1.036562,1.041246,1.032736,1.030828,1.050525,1.045338,1.042618,1.025053,1.038268,1.025134,1.006516,1.016214,1.021296,1.021079,1.033670,0.976348,1.012967,1.029293,1.021801,1.019622,1.047100,1.040848,1.028961,1.031895,1.026773,1.013825,1.037481,1.023495,0.986687,0.994489,1.034762,1.037821,1.026412,0.991447,1.043748
3.773490,1.049858,1.037161,1.024537,1.019056,1.037053,1.041739,1.033225,1.031253,1.050751,1.045873,1.043139,1.025589,1.038819,1.025724,1.007225,1.016962,1.021983,1.021727,1.034462,0.977152,1.013746,1.030095,1.022641,1.020388,1.047581,1.041438,1.029593,1.032488,1.027363,1.014298,1.037878,1.023966,0.987364,0.995353,1.035484,1.038755,1.026825,0.992009,1.043836
3.781820,1.050127,1.037668,1.025117,1.019605,1.037541,1.042230,1.033711,1.031676,1.050973,1.046406,1.043658,1.026123,1.039368,1.026314,1.007934,1.017712,1.022670,1.022375,1.035257,0.977959,1.014527,1.030899,1.023484,1.021157,1.048061,1.042030,1.030226,1.033082,1.027956,1.014770,1.038271,1.024434,0.988045,0.996222,1.036210,1.039690,1.027239,0.992575,1.043922
3.790150,1.050394,1.038174,1.025695,1.020153,1.038027,1.042717,1.034195,1.032097,1.051194,1.046936,1.044175,1.026655,1.039915,1.026902,1.008644,1.018463,1.023358,1.023023,1.036055,0.978771,1.015310,1.031704,1.024328,1.021926,1.048541,1.042622,1.030860,1.033679,1.028551,1.015240,1.038657,1.024898,0.988729,0.997094,1.036938,1.040627,1.027652,0.993144,1.044005
3.798480,1.050658,1.038677,1.026272,1.020699,1.038510,1.043202,1.034675,1.032515,1.051412,1.047463,1.044688,1.027183,1.040459,1.027487,1.009354,1.019214,1.024045,1.023670,1.036854,0.979584,1.016093,1.032511,1.025172,1.022696,1.049020,1.043214,1.031494,1.034277,1.029148,1.015707,1.039037,1.025358,0.989414,0.997969,1.037667,1.041565,1.028065,0.993714,1.044086
3.806810,1.050920,1.039179,1.026847,1.021242,1.038989,1.043682,1.035151,1.032929,1.051626,1.047985,1.045197,1.027708,1.040999,1.028070,1.010062,1.019964,1.024732,1.024316,1.037655,0.980400,1.016875,1.033318,1.026017,1.023466,1.049498,1.043806,1.032127,1.034876,1.029745,1.016171,1.039410,1.025813,0.990101,0.998847,1.038398,1.042502,1.028477,0.994286,1.044163
3.815140,1.051178,1.039677,1.027418,1.021782,1.039464,1.044158,1.035622,1.033340,1.051838,1.048504,1.045702,1.028228,1.041535,1.028649,1.010769,1.020714,1.025417,1.024960,1.038456,0.981216,1.017657,1.034124,1.026861,1.024235,1.049973,1.044397,1.032759,1.035475,1.030343,1.016631,1.039776,1.026262,0.990789,0.999726,1.039129,1.043439,1.028888,0.994858,1.044239
3.823470,1.051432,1.040171,1.027986,1.022317,1.039934,1.044628,1.036088,1.033747,1.052045,1.049017,1.046201,1.028743,1.042066,1.029224,1.011473,1.021462,1.026100,1.025601,1.039257,0.982034,1.018438,1.034930,1.027704,1.025002,1.050445,1.044985,1.033388,1.036073,1.030940,1.017086,1.040134,1.026705,0.991476,1.000606,1.039860,1.044374,1.029296,0.995431,1.044311
3.831800,1.051683,1.040661,1.028550,1.022848,1.040398,1.045093,1.036549,1.034149,1.052250,1.049524,1.046695,1.029253,1.042591,1.029795,1.012174,1.022207,1.026780,1.026239,1.040056,0.982851,1.019216,1.035734,1.028544,1.025768,1.050913,1.045572,1.034015,1.036669,1.031536,1.017535,1.040484,1.027142,0.992164,1.001487,1.040591,1.045307,1.029701,0.996003,1.044380
3.840130,1.051931,1.041146,1.029110,1.023374,1.040857,1.045552,1.037004,1.034545,1.052450,1.050025,1.047182,1.029757,1.043111,1.030360,1.012872,1.022950,1.027456,1.026873,1.040855,0.983668,1.019992,1.036535,1.029382,1.026531,1.051378,1.046155,1.034639,1.037264,1.032130,1.017978,1.040825,1.027571,0.992851,1.002368,1.041320,1.046236,1.030104,0.996574,1.044446
3.848460,1.052174,1.041626,1.029664,1.023895,1.041310,1.046004,1.037452,1.034937,1.052646,1.050519,1.047663,1.030254,1.043624,1.030919,1.013565,1.023688,1.028129,1.027502,1.041651,0.984483,1.020765,1.037333,1.030217,1.027290,1.051839,1.046735,1.035259,1.037857,1.032722,1.018414,1.041158,1.027993,0.993536,1.003247,1.042048,1.047163,1.030503,0.997144,1.044509
3.856790,1.052413,1.042100,1.030213,1.024409,1.041756,1.046450,1.037894,1.035322,1.052837,1.051007,1.048137,1.030744,1.044130,1.031472,1.014253,1.024423,1.028797,1.028127,1.042444,0.985296,1.021533,1.038128,1.031048,1.028045,1.052294,1.047310,1.035875,1.038446,1.033312,1.018843,1.041482,1.028406,0.994219,1.004125,1.042773,1.048084,1.030898,0.997711,1.044569
3.865120,1.052647,1.042567,1.030755,1.024917,1.042195,1.046888,1.038328,1.035701,1.053025,1.051486,1.048604,1.031227,1.044630,1.032019,1.014937,1.025153,1.029459,1.028746,1.043234,0.986108,1.022297,1.038919,1.031874,1.028796,1.052744,1.047881,1.036486,1.039032,1.033897,1.019265,1.041796,1.028812,0.994900,1.005001,1.043495,1.049002,1.031289,0.998276,1.044626
3.873450,1.052877,1.043028,1.031291,1.025418,1.042627,1.047319,1.038755,1.036074,1.053207,1.051958,1.049063,1.031702,1.045121,1.032558,1.015614,1.025877,1.030117,1.029358,1.044020,0.986916,1.023056,1.039705,1.032695,1.029542,1.053188,1.048447,1.037091,1.039614,1.034479,1.019677,1.042101,1.029208,0.995578,1.005874,1.044215,1.049913,1.031676,0.998838,1.044680
3.881780,1.053102,1.043482,1.031820,1.025912,1.043051,1.047742,1.039174,1.036440,1.053385,1.052422,1.049513,1.032169,1.045604,1.033090,1.016285,1.026596,1.030768,1.029965,1.044802,0.987720,1.023809,1.040486,1.033511,1.030282,1.053627,1.049007,1.037691,1.040191,1.035057,1.020081,1.042397,1.029596,0.996253,1.006745,1.044930,1.050819,1.032057,0.999396,1.044731
3.890110,1.053322,1.043929,1.032341,1.026399,1.043467,1.048156,1.039585,1.036800,1.053558,1.052877,1.049956,1.032628,1.046079,1.033614,1.016949,1.027309,1.031412,1.030564,1.045579,0.988521,1.024557,1.041262,1.034320,1.031016,1.054058,1.049561,1.038285,1.040763,1.035630,1.020476,1.042682,1.029974,0.996924,1.007611,1.045641,1.051718,1.032433,0.999949,1.044778
3.898440,1.053537,1.044368,1.032855,1.026878,1.043876,1.048563,1.039988,1.037152,1.053725,1.053323,1.050389,1.033078,1.046546,1.034130,1.017607,1.028014,1.032050,1.031156,1.046351,0.989317,1.025297,1.042031,1.035123,1.031744,1.054483,1.050109,1.038872,1.041329,1.036197,1.020862,1.042958,1.030343,0.997591,1.008473,1.046347,1.052610,1.032804,1.000498,1.044822
3.906770,1.053748,1.044799,1.033361,1.027348,1.044276,1.048961,1.040382,1.037496,1.053888,1.053761,1.050814,1.033519,1.047003,1.034638,1.018256,1.028713,1.032680,1.031741,1.047116,0.990108,1.026031,1.042793,1.035919,1.032464,1.054901,1.050650,1.039451,1.041890,1.036759,1.021238,1.043225,1.030703,0.998254,1.009330,1.047048,1.053494,1.033169,1.001042,1.044862
3.915100,1.053952,1.045222,1.033858,1.027811,1.044667,1.049350,1.040767,1.037833,1.054045,1.054188,1.051230,1.033952,1.047452,1.035137,1.018898,1.029404,1.033303,1.032318,1.047876,0.990893,1.026758,1.043549,1.036707,1.033177,1.055311,1.051184,1.040024,1.042444,1.037314,1.021604,1.043481,1.031053,0.998911,1.010182,1.047744,1.054371,1.033527,1.001580,1.044900
3.923430,1.054152,1.045636,1.034347,1.028264,1.045049,1.049729,1.041144,1.038162,1.054197,1.054607,1.051636,1.034374,1.047891,1.035626,1.019531,1.030087,1.033917,1.032886,1.048628,0.991673,1.027476,1.044297,1.037487,1.033882,1.055714,1.051710,1.040589,1.042992,1.037863,1.021959,1.043726,1.031392,0.999563,1.011028,1.048434,1.055238,1.033879,1.002113,1.044934
3.931760,1.054346,1.046041,1.034827,1.028709,1.045423,1.050100,1.041511,1.038484,1.054344,1.055016,1.052033,1.034787,1.048320,1.036107,1.020156,1.030762,1.034523,1.033445,1.049374,0.992446,1.028187,1.045037,1.038259,1.034579,1.056108,1.052229,1.041145,1.043532,1.038404,1.022304,1.043962,1.031722,1.000209,1.011868,1.049117,1.056097,1.034225,1.002639,1.044964
3.940090,1.054535,1.046438,1.035298,1.029144,1.045788,1.050461,1.041869,1.038797,1.054485,1.055414,1.052420,1.035191,1.048740,1.036578,1.020771,1.031428,1.035120,1.033996,1.050111,0.993212,1.028888,1.045768,1.039022,1.035268,1.056495,1.052739,1.041693,1.044065,1.038939,1.022638,1.044187,1.032042,1.000849,1.012701,1.049793,1.056946,1.034563,1.003158,1.044991
3.948420,1.054718,1.046825,1.035759,1.029570,1.046143,1.050813,1.042218,1.039102,1.054620,1.055803,1.052797,1.035584,1.049149,1.037039,1.021378,1.032084,1.035708,1.034538,1.050841,0.993971,1.029581,1.046491,1.039775,1.035947,1.056873,1.053241,1.042233,1.044590,1.039465,1.022962,1.044403,1.032351,1.001482,1.013527,1.050463,1.057785,1.034895,1.003670,1.045015
3.956750,1.054896,1.047203,1.036211,1.029987,1.046489,1.051155,1.042557,1.039398,1.054750,1.056181,1.053164,1.035968,1.049549,1.037491,1.021975,1.032732,1.036287,1.035070,1.051563,0.994723,1.030265,1.047205,1.040519,1.036617,1.057242,1.053734,1.042763,1.045107,1.039984,1.023274,1.044607,1.032650,1.002109,1.014345,1.051125,1.058614,1.035220,1.004175,1.045036
3.965080,1.055068,1.047572,1.036653,1.030394,1.046825,1.051488,1.042886,1.039686,1.054875,1.056550,1.053521,1.036341,1.049938,1.037932,1.022562,1.033370,1.036856,1.035592,1.052276,0.995467,1.030939,1.047910,1.041254,1.037278,1.057603,1.054218,1.043284,1.045616,1.040494,1.023575,1.044802,1.032939,1.002729,1.015155,1.051779,1.059432,1.035537,1.004672,1.045053
3.973410,1.055234,1.047931,1.037085,1.030791,1.047151,1.051810,1.043206,1.039966,1.054993,1.056907,1.053868,1.036704,1.050317,1.038363,1.023138,1.033998,1.037415,1.036104,1.052980,0.996202,1.031603,1.048605,1.041978,1.037928,1.057954,1.054693,1.043796,1.046116,1.040995,1.023865,1.044986,1.033217,1.003342,1.015957,1.052425,1.060240,1.035847,1.005161,1.045067
3.981740,1.055394,1.048280,1.037507,1.031178,1.047468,1.052123,1.043515,1.040236,1.055106,1.057254,1.054204,1.037056,1.050685,1.038784,1.023705,1.034616,1.037964,1.036606,1.053675,0.996929,1.032257,1.049290,1.042691,1.038569,1.058297,1.055158,1.044298,1.046606,1.041488,1.024144,1.045159,1.033485,1.003946,1.016751,1.053063,1.061035,1.036148,1.005642,1.045078
3.990070,1.055549,1.048620,1.037918,1.031555,1.047775,1.052425,1.043815,1.040498,1.055213,1.057591,1.054530,1.037398,1.051043,1.039194,1.024261,1.035223,1.038503,1.037098,1.054360,0.997647,1.032901,1.049965,1.043394,1.039199,1.058630,1.055614,1.044790,1.047088,1.041971,1.024411,1.045323,1.033742,1.004543,1.017535,1.053693,1.061819,1.036443,1.006114,1.045086
3.998400,1.055698,1.048949,1.038319,1.031922,1.048072,1.052717,1.044105,1.040751,1.055315,1.057917,1.054846,1.037730,1.051390,1.039593,1.024806,1.035820,1.039031,1.037579,1.055036,0.998355,1.033534,1.050629,1.044085,1.039818,1.058954,1.056060,1.045272,1.047559,1.042445,1.024667,1.045476,1.033989,1.005132,1.018310,1.054313,1.062592,1.036729,1.006577,1.045090
4.006730,1.055842,1.049268,1.038710,1.032278,1.048359,1.052999,1.044384,1.040995,1.055411,1.058232,1.055151,1.038050,1.051726,1.039982,1.025341,1.036406,1.039549,1.038050,1.055701,0.999054,1.034156,1.051283,1.044765,1.040427,1.059268,1.056495,1.045743,1.048021,1.042909,1.024910,1.045618,1.034225,1.005713,1.019075,1.054925,1.063351,1.037007,1.007031,1.045091
4.015060,1.055979,1.049577,1.039090,1.032624,1.048636,1.053271,1.044654,1.041231,1.055500,1.058536,1.055445,1.038360,1.052051,1.040359,1.025864,1.036981,1.040055,1.038510,1.056356,0.999744,1.034767,1.051926,1.045434,1.041024,1.059573,1.056921,1.046204,1.048473,1.043363,1.025143,1.045750,1.034451,1.006285,1.019830,1.055527,1.064098,1.037277,1.007476,1.045089
4.023390,1.056111,1.049876,1.039459,1.032960,1.048903,1.053533,1.044913,1.041457,1.055585,1.058829,1.055728,1.038659,1.052366,1.040726,1.026376,1.037544,1.040551,1.038959,1.057000,1.000423,1.035367,1.052557,1.046091,1.041610,1.059868,1.057336,1.046655,1.048915,1.043807,1.025363,1.045872,1.034666,1.006848,1.020575,1.056120,1.064833,1.037539,1.007911,1.045084
4.031720,1.056237,1.050165,1.039818,1.033285,1.049160,1.053784,1.045162,1.041674,1.055663,1.059111,1.056001,1.038947,1.052669,1.041082,1.026877,1.038097,1.041035,1.039397,1.057634,1.001092,1.035955,1.053177,1.046736,1.042185,1.060153,1.057741,1.047095,1.049347,1.044241,1.025572,1.045984,1.034871,1.007402,1.021310,1.056703,1.065554,1.037792,1.008336,1.045075
4.040050,1.056357,1.050443,1.040166,1.033599,1.049406,1.054025,1.045400,1.041882,1.055736,1.059383,1.056263,1.039225,1.052961,1.041427,1.027366,1.038637,1.041509,1.039823,1.058257,1.001750,1.036532,1.053786,1.047368,1.042748,1.060429,1.058135,1.047523,1.049768,1.044664,1.025768,1.046085,1.035065,1.007947,1.022033,1.057276,1.066262,1.038037,1.008751,1.045064
4.048380,1.056471,1.050711,1.040502,1.033902,1.049642,1.054255,1.045629,1.042081,1.055802,1.059643,1.056514,1.039491,1.053243,1.041760,1.027844,1.039166,1.041970,1.040239,1.058868,1.002398,1.037097,1.054382,1.047989,1.043299,1.060694,1.058518,1.047941,1.050178,1.045076,1.025953,1.046176,1.035248,1.008483,1.022746,1.057839,1.066957,1.038274,1.009156,1.045049
4.056710,1.056580,1.050969,1.040828,1.034195,1.049868,1.054475,1.045847,1.042271,1.055864,1.059892,1.056755,1.039747,1.053513,1.042083,1.028309,1.039683,1.042421,1.040643,1.059469,1.003035,1.037650,1.054968,1.048597,1.043839,1.060950,1.058891,1.048348,1.050578,1.045478,1.026127,1.046256,1.035421,1.009010,1.023447,1.058391,1.067637,1.038502,1.009551,1.045032
4.065040,1.056683,1.051216,1.041143,1.034477,1.050084,1.054685,1.046055,1.042452,1.055919,1.060131,1.056985,1.039991,1.053772,1.042394,1.028764,1.040189,1.042859,1.041036,1.060058,1.003661,1.038191,1.055541,1.049192,1.044366,1.061195,1.059252,1.048743,1.050966,1.045869,1.026288,1.046327,1.035584,1.009527,1.024136,1.058934,1.068305,1.038722,1.009935,1.045011
4.073370,1.056780,1.051452,1.041446,1.034749,1.050290,1.054884,1.046252,1.042623,1.055969,1.060358,1.057203,1.040225,1.054021,1.042694,1.029206,1.040682,1.043286,1.041417,1.060635,1.004276,1.038720,1.056102,1.049775,1.044881,1.061430,1.059602,1.049127,1.051344,1.046249,1.026438,1.046388,1.035736,1.010034,1.024814,1.059466,1.068958,1.038933,1.010309,1.044988
4.081700,1.056871,1.051678,1.041739,1.035009,1.050485,1.055073,1.046439,1.042786,1.056013,1.060574,1.057412,1.040448,1.054258,1.042983,1.029636,1.041163,1.043702,1.041787,1.061201,1.004879,1.039237,1.056650,1.050345,1.045385,1.061656,1.059942,1.049500,1.051710,1.046617,1.026575,1.046438,1.035878,1.010531,1.025481,1.059987,1.069597,1.039135,1.010672,1.044962
4.090030,1.056956,1.051894,1.042020,1.035259,1.050671,1.055252,1.046617,1.042940,1.056052,1.060780,1.057609,1.040660,1.054484,1.043260,1.030055,1.041632,1.044105,1.042145,1.061755,1.005471,1.039742,1.057187,1.050902,1.045875,1.061871,1.060270,1.049862,1.052066,1.046975,1.026701,1.046479,1.036010,1.011019,1.026135,1.060498,1.070222,1.039329,1.011024,1.044932
4.098360,1.057035,1.052099,1.042290,1.035498,1.050846,1.055421,1.046784,1.043084,1.056085,1.060975,1.057796,1.040861,1.054700,1.043527,1.030462,1.042089,1.044497,1.042492,1.062297,1.006051,1.040234,1.057711,1.051446,1.046354,1.062076,1.060587,1.050212,1.052410,1.047321,1.026815,1.046510,1.036131,1.011497,1.026777,1.060999,1.070833,1.039514,1.011365,1.044900
4.106690,1.057109,1.052293,1.042550,1.035727,1.051011,1.055579,1.046940,1.043220,1.056112,1.061159,1.057973,1.041052,1.054904,1.043782,1.030856,1.042534,1.044877,1.042827,1.062827,1.006620,1.040714,1.058223,1.051977,1.046821,1.062271,1.060893,1.050550,1.052742,1.047656,1.026918,1.046532,1.036243,1.011964,1.027407,1.061488,1.071430,1.039690,1.011696,1.044866
4.115020,1.057177,1.052478,1.042798,1.035945,1.051166,1.055728,1.047087,1.043347,1.056134,1.061332,1.058139,1.041232,1.055098,1.044027,1.031239,1.042967,1.045245,1.043151,1.063346,1.007177,1.041182,1.058723,1.052495,1.047275,1.062456,1.061188,1.050878,1.053064,1.047979,1.027008,1.046544,1.036344,1.012422,1.028024,1.061967,1.072012,1.039858,1.012015,1.044828
4.123350,1.057240,1.052651,1.043035,1.036152,1.051312,1.055866,1.047225,1.043465,1.056151,1.061495,1.058294,1.041401,1.055281,1.044260,1.031610,1.043388,1.045602,1.043463,1.063852,1.007722,1.041638,1.059211,1.053000,1.047716,1.062631,1.061472,1.051194,1.053374,1.048291,1.027087,1.046547,1.036435,1.012870,1.028629,1.062435,1.072581,1.040016,1.012323,1.044788
4.131680,1.057297,1.052815,1.043262,1.036349,1.051447,1.055995,1.047352,1.043574,1.056163,1.061647,1.058440,1.041560,1.055453,1.044482,1.031969,1.043796,1.045947,1.043764,1.064347,1.008255,1.042081,1.059686,1.053492,1.048146,1.062796,1.061744,1.051498,1.053672,1.048592,1.027155,1.046541,1.036517,1.013307,1.029222,1.062892,1.073134,1.040167,1.012621,1.044746
4.140010,1.057348,1.052967,1.043477,1.036536,1.051574,1.056113,1.047470,1.043675,1.056169,1.061789,1.058575,1.041709,1.055615,1.044694,1.032317,1.044193,1.046280,1.044053,1.064829,1.008776,1.042512,1.060148,1.053972,1.048563,1.062951,1.062006,1.051791,1.053959,1.048881,1.027210,1.046526,1.036589,1.013735,1.029802,1.063338,1.073674,1.040308,1.012907,1.044701
4.148340,1.057394,1.053110,1.043682,1.036712,1.051690,1.056223,1.047578,1.043767,1.056170,1.061921,1.058700,1.041848,1.055767,1.044895,1.032653,1.044577,1.046601,1.044331,1.065300,1.009286,1.042931,1.060599,1.054438,1.048968,1.063096,1.062256,1.052073,1.054235,1.049159,1.027255,1.046503,1.036651,1.014152,1.030370,1.063773,1.074200,1.040441,1.013182,1.044653
4.156670,1.057434,1.053243,1.043876,1.036878,1.051798,1.056323,1.047677,1.043851,1.056167,1.062043,1.058816,1.041977,1.055909,1.045086,1.032977,1.044950,1.046911,1.044598,1.065758,1.009784,1.043338,1.061037,1.054892,1.049361,1.063231,1.062496,1.052344,1.054500,1.049425,1.027287,1.046471,1.036704,1.014560,1.030925,1.064198,1.074711,1.040566,1.013447,1.044603
4.165000,1.057469,1.053365,1.044060,1.037035,1.051896,1.056414,1.047767,1.043927,1.056158,1.062156,1.058922,1.042096,1.056041,1.045266,1.033290,1.045311,1.047210,1.044854,1.066205,1.010270,1.043733,1.061463,1.055333,1.049742,1.063357,1.062724,1.052604,1.054753,1.049681,1.027309,1.046432,1.036749,1.014957,1.031467,1.064612,1.075208,1.040681,1.013700,1.044551
4.173330,1.057498,1.053478,1.044233,1.037181,1.051985,1.056496,1.047849,1.043996,1.056145,1.062259,1.059019,1.042206,1.056163,1.045437,1.033591,1.045660,1.047497,1.045099,1.066640,1.010744,1.044116,1.061878,1.055761,1.050112,1.063473,1.062942,1.052853,1.054996,1.049925,1.027319,1.046385,1.036785,1.015344,1.031997,1.065015,1.075691,1.040789,1.013943,1.044496
4.181660,1.057523,1.053580,1.044396,1.037318,1.052066,1.056569,1.047921,1.044056,1.056127,1.062353,1.059107,1.042306,1.056276,1.045597,1.033882,1.045998,1.047774,1.045334,1.067064,1.011206,1.044487,1.062280,1.056177,1.050469,1.063579,1.063149,1.053091,1.055227,1.050158,1.027318,1.046331,1.036812,1.015722,1.032515,1.065408,1.076161,1.040888,1.014175,1.044440
4.189990,1.057542,1.053673,1.044549,1.037446,1.052139,1.056634,1.047986,1.044109,1.056105,1.062437,1.059186,1.042398,1.056380,1.045748,1.034162,1.046324,1.048039,1.045557,1.067476,1.011657,1.044847,1.062670,1.056581,1.050815,1.063676,1.063346,1.053318,1.055447,1.050380,1.027306,1.046269,1.036832,1.016090,1.033020,1.065791,1.076617,1.040979,1.014396,1.044381
4.198320,1.057556,1.053756,1.044692,1.037565,1.052203,1.056691,1.048042,1.044155,1.056079,1.062514,1.059257,1.042481,1.056475,1.045890,1.034430,1.046639,1.048294,1.045770,1.067876,1.012096,1.045195,1.063049,1.056972,1.051149,1.063764,1.063532,1.053535,1.055657,1.050591,1.027284,1.046202,1.036845,1.016448,1.033513,1.066163,1.077059,1.041061,1.014606,1.044320
4.206650,1.057565,1.053830,1.044826,1.037675,1.052260,1.056741,1.048091,1.044193,1.056049,1.062582,1.059319,1.042556,1.056562,1.046022,1.034689,1.046943,1.048538,1.045973,1.068266,1.012524,1.045532,1.063417,1.057351,1.051472,1.063843,1.063708,1.053741,1.055856,1.050792,1.027250,1.046127,1.036850,1.016796,1.033993,1.066525,1.077488,1.041136,1.014806,1.044257
4.214980,1.057569,1.053895,1.044950,1.037777,1.052309,1.056782,1.048132,1.044225,1.056014,1.062642,1.059374,1.042623,1.056640,1.046146,1.034937,1.047236,1.048771,1.046166,1.068644,1.012941,1.045858,1.063773,1.057719,1.051784,1.063913,1.063874,1.053937,1.056045,1.050982,1.027207,1.046047,1.036849,1.017135,1.034462,1.066876,1.077903,1.041203,1.014996,1.044192
4.223310,1.057568,1.053950,1.045065,1.037870,1.052351,1.056817,1.048166,1.044251,1.055976,1.062695,1.059422,1.042682,1.056711,1.046261,1.035175,1.047519,1.048995,1.046349,1.069011,1.013346,1.046173,1.064119,1.058075,1.052086,1.063974,1.064030,1.054124,1.056223,1.051162,1.027154,1.045961,1.036842,1.017465,1.034918,1.067219,1.078306,1.041262,1.015176,1.044126
4.231640,1.057562,1.053997,1.045172,1.037955,1.052386,1.056844,1.048194,1.044270,1.055934,1.062741,1.059462,1.042734,1.056774,1.046368,1.035403,1.047791,1.049208,1.046523,1.069368,1.013741,1.046478,1.064453,1.058420,1.052376,1.064027,1.064177,1.054301,1.056391,1.051332,1.027091,1.045871,1.036828,1.017786,1.035363,1.067551,1.078696,1.041313,1.015346,1.044058
4.239970,1.057553,1.054036,1.045269,1.038033,1.052414,1.056865,1.048215,1.044284,1.055889,1.062780,1.059496,1.042779,1.056830,1.046468,1.035622,1.048053,1.049412,1.046687,1.069714,1.014125,1.046772,1.064777,1.058753,1.052657,1.064072,1.064315,1.054468,1.056550,1.051492,1.027018,1.045775,1.036810,1.018098,1.035796,1.067874,1.079074,1.041357,1.015507,1.043988
4.248300,1.057538,1.054067,1.045359,1.038104,1.052436,1.056880,1.048230,1.044292,1.055841,1.062812,1.059524,1.042818,1.056880,1.046560,1.035832,1.048306,1.049607,1.046843,1.070050,1.014498,1.047056,1.065091,1.059076,1.052927,1.064109,1.064443,1.054626,1.056699,1.051642,1.026937,1.045675,1.036787,1.018401,1.036218,1.068187,1.079439,1.041395,1.015657,1.043917
4.256630,1.057520,1.054089,1.045440,1.038167,1.052453,1.056890,1.048239,1.044294,1.055790,1.062839,1.059545,1.042850,1.056923,1.046644,1.036033,1.048548,1.049792,1.046989,1.070375,1.014861,1.047331,1.065395,1.059388,1.053187,1.064139,1.064563,1.054775,1.056838,1.051783,1.026847,1.045570,1.036760,1.018696,1.036629,1.068492,1.079792,1.041425,1.015799,1.043845
4.264960,1.057498,1.054104,1.045514,1.038224,1.052463,1.056893,1.048242,1.044292,1.055736,1.062859,1.059561,1.042877,1.056960,1.046722,1.036225,1.048782,1.049969,1.047128,1.070691,1.015214,1.047595,1.065688,1.059690,1.053438,1.064161,1.064674,1.054916,1.056969,1.051915,1.026749,1.045462,1.036729,1.018982,1.037028,1.068787,1.080134,1.041448,1.015932,1.043771
4.273290,1.057472,1.054112,1.045580,1.038274,1.052469,1.056892,1.048241,1.044285,1.055679,1.062875,1.059572,1.042898,1.056992,1.046794,1.036409,1.049007,1.050137,1.047258,1.070998,1.015556,1.047851,1.065973,1.059982,1.053680,1.064176,1.064777,1.055049,1.057091,1.052038,1.026643,1.045351,1.036694,1.019260,1.037417,1.069074,1.080464,1.041465,1.016056,1.043696
4.281620,1.057442,1.054113,1.045640,1.038319,1.052470,1.056886,1.048235,1.044273,1.055620,1.062886,1.059578,1.042914,1.057018,1.046859,1.036585,1.049223,1.050298,1.047381,1.071295,1.015890,1.048098,1.066248,1.060264,1.053913,1.064185,1.064872,1.055173,1.057204,1.052152,1.026530,1.045237,1.036657,1.019530,1.037795,1.069353,1.080783,1.041476,1.016171,1.043619
4.289950,1.057408,1.054107,1.045692,1.038358,1.052466,1.056875,1.048224,1.044258,1.055559,1.062892,1.059579,1.042926,1.057040,1.046919,1.036753,1.049430,1.050450,1.047496,1.071583,1.016213,1.048335,1.066514,1.060536,1.054137,1.064187,1.064960,1.055290,1.057309,1.052258,1.026410,1.045120,1.036617,1.019793,1.038163,1.069623,1.081091,1.041481,1.016278,1.043542
4.298280,1.057371,1.054095,1.045739,1.038391,1.052457,1.056860,1.048210,1.044238,1.055496,1.062894,1.059576,1.042933,1.057057,1.046973,1.036914,1.049630,1.050594,1.047604,1.071862,1.016528,1.048565,1.066771,1.060800,1.054352,1.064183,1.065040,1.055399,1.057406,1.052356,1.026283,1.045001,1.036574,1.020048,1.038521,1.069886,1.081389,1.041480,1.016377,1.043464
4.306610,1.057331,1.054077,1.045779,1.038420,1.052445,1.056842,1.048191,1.044215,1.055431,1.062893,1.059570,1.042936,1.057070,1.047022,1.037068,1.049821,1.050731,1.047705,1.072133,1.016833,1.048786,1.067019,1.061054,1.054560,1.064173,1.065113,1.055501,1.057495,1.052446,1.026150,1.044879,1.036531,1.020296,1.038869,1.070140,1.081676,1.041473,1.016469,1.043385
4.314940,1.057288,1.054053,1.045813,1.038444,1.052429,1.056820,1.048169,1.044189,1.055364,1.062887,1.059560,1.042936,1.057079,1.047066,1.037215,1.050005,1.050862,1.047799,1.072395,1.017130,1.048999,1.067260,1.061300,1.054759,1.064158,1.065179,1.055596,1.057577,1.052528,1.026011,1.044756,1.036485,1.020536,1.039207,1.070387,1.081953,1.041461,1.016552,1.043306
4.323270,1.057241,1.054024,1.045842,1.038463,1.052410,1.056795,1.048144,1.044160,1.055296,1.062879,1.059546,1.042932,1.057084,1.047106,1.037355,1.050182,1.050985,1.047887,1.072650,1.017418,1.049205,1.067492,1.061537,1.054951,1.064137,1.065239,1.055685,1.057652,1.052604,1.025867,1.044632,1.036439,1.020770,1.039536,1.070627,1.082221,1.041444,1.016629,1.043225
4.331600,1.057192,1.053990,1.045865,1.038478,1.052388,1.056767,1.048117,1.044128,1.055227,1.062868,1.059530,1.042925,1.057087,1.047141,1.037490,1.050352,1.051102,1.047969,1.072896,1.017698,1.049403,1.067717,1.061766,1.055136,1.064111,1.065292,1.055767,1.057719,1.052672,1.025718,1.044507,1.036392,1.020997,1.039856,1.070860,1.082479,1.041422,1.016699,1.043144
4.339930,1.057141,1.053950,1.045884,1.038489,1.052363,1.056736,1.048086,1.044094,1.055156,1.062855,1.059512,1.042916,1.057086,1.047173,1.037618,1.050515,1.051213,1.048045,1.073136,1.017970,1.049595,1.067935,1.061988,1.055314,1.064081,1.065340,1.055843,1.057780,1.052733,1.025564,1.044381,1.036345,1.021218,1.040167,1.071086,1.082728,1.041396,1.016761,1.043063
4.348260,1.057087,1.053906,1.045897,1.038497,1.052336,1.056703,1.048054,1.044057,1.055085,1.062839,1.059491,1.042904,1.057083,1.047201,1.037740,1.050672,1.051317,1.048116,1.073367,1.018234,1.049779,1.068145,1.062201,1.055485,1.064046,1.065382,1.055914,1.057835,1.052788,1.025406,1.044254,1.036298,1.021433,1.040469,1.071306,1.082969,1.041365,1.016818,1.042981
4.356590,1.057030,1.053858,1.045907,1.038501,1.052306,1.056668,1.048019,1.044019,1.055013,1.062821,1.059468,1.042890,1.057077,1.047226,1.037858,1.050822,1.051416,1.048182,1.073592,1.018490,1.049957,1.068348,1.062408,1.055649,1.064007,1.065418,1.055979,1.057883,1.052837,1.025244,1.044128,1.036251,1.021641,1.040763,1.071519,1.083200,1.041329,1.016868,1.042899
4.364920,1.056971,1.053805,1.045912,1.038503,1.052275,1.056632,1.047983,1.043978,1.054940,1.062802,1.059443,1.042873,1.057069,1.047247,1.037970,1.050967,1.051510,1.048243,1.073810,1.018739,1.050129,1.068545,1.062607,1.055807,1.063964,1.065449,1.056038,1.057926,1.052880,1.025078,1.044001,1.036204,1.021844,1.041048,1.071726,1.083424,1.041290,1.016912,1.042817
4.373250,1.056910,1.053749,1.045913,1.038501,1.052241,1.056593,1.047945,1.043937,1.054866,1.062781,1.059417,1.042856,1.057060,1.047266,1.038077,1.051105,1.051599,1.048298,1.074022,1.018981,1.050294,1.068735,1.062800,1.055959,1.063917,1.065476,1.056093,1.057963,1.052917,1.024908,1.043874,1.036158,1.022041,1.041326,1.071927,1.083639,1.041247,1.016950,1.042735
4.381580,1.056847,1.053689,1.045911,1.038497,1.052206,1.056553,1.047905,1.043893,1.054793,1.062759,1.059390,1.042836,1.057049,1.047282,1.038179,1.051239,1.051682,1.048350,1.074227,1.019216,1.050454,1.068919,1.062986,1.056106,1.063866,1.065497,1.056142,1.057994,1.052948,1.024736,1.043748,1.036114,1.022233,1.041596,1.072122,1.083847,1.041200,1.016982,1.042652
4.389910,1.056783,1.053625,1.045905,1.038490,1.052170,1.056512,1.047864,1.043849,1.054719,1.062736,1.059361,1.042816,1.057036,1.047295,1.038277,1.051366,1.051761,1.048397,1.074426,1.019444,1.050608,1.069097,1.063166,1.056247,1.063812,1.065514,1.056187,1.058021,1.052975,1.024561,1.043622,1.036070,1.022419,1.041858,1.072311,1.084047,1.041150,1.017009,1.042570
4.398240,1.056716,1.053558,1.045895,1.038481,1.052132,1.056470,1.047823,1.043804,1.054645,1.062712,1.059332,1.042794,1.057022,1.047306,1.038370,1.051489,1.051835,1.048440,1.074619,1.019666,1.050757,1.069270,1.063340,1.056382,1.063755,1.065526,1.056228,1.058042,1.052995,1.024383,1.043497,1.036027,1.022601,1.042113,1.072496,1.084240,1.041096,1.017031,1.042487
4.406570,1.056648,1.053488,1.045883,1.038470,1.052094,1.056428,1.047780,1.043757,1.054570,1.062687,1.059301,1.042771,1.057007,1.047315,1.038459,1.051607,1.051904,1.048479,1.074806,1.019881,1.050900,1.069436,1.063507,1.056512,1.063695,1.065535,1.056264,1.058058,1.053011,1.024202,1.043373,1.035986,1.022778,1.042362,1.072675,1.084426,1.041039,1.017048,1.042405
4.414900,1.056578,1.053415,1.045867,1.038457,1.052054,1.056384,1.047737,1.043710,1.054496,1.062662,1.059270,1.042748,1.056991,1.047323,1.038544,1.051720,1.051970,1.048514,1.074987,1.020091,1.051038,1.069598,1.063669,1.056637,1.063633,1.065539,1.056297,1.058070,1.053023,1.024020,1.043250,1.035946,1.022949,1.042603,1.072849,1.084605,1.040980,1.017059,1.042323
4.423230,1.056506,1.053340,1.045849,1.038443,1.052014,1.056340,1.047693,1.043663,1.054423,1.062636,1.059239,1.042724,1.056974,1.047328,1.038626,1.051829,1.052031,1.048546,1.075164,1.020294,1.051172,1.069754,1.063826,1.056758,1.063567,1.065540,1.056325,1.058077,1.053029,1.023835,1.043128,1.035908,1.023117,1.042837,1.073018,1.084777,1.040917,1.017066,1.042241
4.431560,1.056433,1.053261,1.045828,1.038426,1.051973,1.056295,1.047649,1.043615,1.054349,1.062610,1.059207,1.042699,1.056956,1.047331,1.038704,1.051933,1.052089,1.048574,1.075335,1.020491,1.051300,1.069905,1.063977,1.056873,1.063499,1.065537,1.056349,1.058080,1.053031,1.023649,1.043008,1.035872,1.023280,1.043065,1.073183,1.084943,1.040851,1.017069,1.042159
4.439890,1.056359,1.053180,1.045804,1.038408,1.051931,1.056250,1.047604,1.043566,1.054276,1.062583,1.059174,1.042674,1.056938,1.047333,1.038778,1.052033,1.052142,1.048598,1.075500,1.020683,1.051424,1.070051,1.064123,1.056984,1.063429,1.065530,1.056370,1.058078,1.053029,1.023461,1.042888,1.035837,1.023438,1.043287,1.073343,1.085103,1.040783,1.017067,1.042078
4.448220,1.056283,1.053097,1.045778,1.038389,1.051889,1.056205,1.047559,1.043517,1.054203,1.062557,1.059142,1.042648,1.056919,1.047334,1.038848,1.052128,1.052192,1.048620,1.075661,1.020870,1.051543,1.070192,1.064263,1.057091,1.063356,1.065520,1.056388,1.058072,1.053022,1.023271,1.042770,1.035803,1.023593,1.043503,1.073498,1.085257,1.040712,1.017061,1.041997
4.456550,1.056207,1.053012,1.045749,1.038367,1.051845,1.056158,1.047513,1.043468,1.054130,1.062529,1.059108,1.042621,1.056898,1.047332,1.038916,1.052221,1.052239,1.048639,1.075818,1.021052,1.051659,1.070330,1.064400,1.057194,1.063281,1.065507,1.056402,1.058064,1.053013,1.023080,1.042652,1.035770,1.023744,1.043714,1.073651,1.085407,1.040639,1.017051,1.041916
4.464880,1.056128,1.052923,1.045718,1.038345,1.051802,1.056112,1.047468,1.043418,1.054058,1.062502,1.059075,1.042594,1.056878,1.047329,1.038980,1.052308,1.052281,1.048653,1.075969,1.021227,1.051769,1.070461,1.064531,1.057292,1.063204,1.065490,1.056412,1.058050,1.052998,1.022886,1.042536,1.035739,1.023890,1.043916,1.073797,1.085548,1.040563,1.017036,1.041835
4.473210,1.056048,1.052832,1.045684,1.038321,1.051759,1.056066,1.047422,1.043369,1.053986,1.062474,1.059041,1.042567,1.056857,1.047325,1.039040,1.052392,1.052321,1.048665,1.076115,1.021398,1.051876,1.070588,1.064657,1.057386,1.063124,1.065470,1.056419,1.058032,1.052979,1.022691,1.042422,1.035710,1.024032,1.044115,1.073940,1.085685,1.040485,1.017017,1.041755
4.481540,1.055967,1.052740,1.045649,1.038296,1.051715,1.056019,1.047375,1.043319,1.053915,1.062446,1.059007,1.042539,1.056835,1.047320,1.039098,1.052471,1.052357,1.048674,1.076257,1.021563,1.051978,1.070711,1.064779,1.057475,1.063043,1.065447,1.056423,1.058011,1.052957,1.022495,1.042309,1.035682,1.024171,1.044307,1.074079,1.085817,1.040404,1.016995,1.041676
4.489870,1.055886,1.052644,1.045611,1.038269,1.051670,1.055972,1.047329,1.043269,1.053845,1.062418,1.058973,1.042511,1.056813,1.047313,1.039152,1.052547,1.052389,1.048680,1.076394,1.021724,1.052076,1.070830,1.064895,1.057561,1.062959,1.065420,1.056424,1.057986,1.052931,1.022297,1.042197,1.035655,1.024306,1.044494,1.074214,1.085943,1.040321,1.016968,1.041597
4.498200,1.055803,1.052547,1.045570,1.038241,1.051624,1.055923,1.047281,1.043217,1.053774,1.062389,1.058937,1.042481,1.056790,1.047303,1.039203,1.052620,1.052418,1.048684,1.076528,1.021880,1.052171,1.070945,1.065009,1.057643,1.062874,1.065391,1.056422,1.057958,1.052901,1.022098,1.042085,1.035628,1.024438,1.044677,1.074346,1.086065,1.040237,1.016938,1.041518
4.506530,1.055718,1.052447,1.045527,1.038212,1.051579,1.055876,1.047234,1.043167,1.053705,1.062360,1.058903,1.042452,1.056766,1.047294,1.039251,1.052688,1.052444,1.048684,1.076656,1.022031,1.052261,1.071055,1.065117,1.057721,1.062786,1.065359,1.056416,1.057926,1.052868,1.021897,1.041976,1.035603,1.024565,1.044852,1.074473,1.086180,1.040149,1.016904,1.041440
4.514860,1.055632,1.052345,1.045482,1.038181,1.051533,1.055828,1.047186,1.043116,1.053636,1.062330,1.058867,1.042422,1.056742,1.047282,1.039295,1.052752,1.052466,1.048681,1.076780,1.022177,1.052347,1.071161,1.065220,1.057794,1.062696,1.065323,1.056407,1.057890,1.052830,1.021695,1.041867,1.035579,1.024688,1.045023,1.074596,1.086291,1.040059,1.016866,1.041362
4.523190,1.055545,1.052241,1.045435,1.038148,1.051486,1.055779,1.047137,1.043065,1.053568,1.062300,1.058830,1.042391,1.056716,1.047268,1.039337,1.052813,1.052485,1.048675,1.076900,1.022318,1.052429,1.071262,1.065319,1.057864,1.062604,1.065284,1.056394,1.057851,1.052789,1.021490,1.041759,1.035555,1.024808,1.045188,1.074715,1.086396,1.039966,1.016823,1.041285
4.531520,1.055457,1.052134,1.045384,1.038114,1.051438,1.055729,1.047088,1.043013,1.053500,1.062269,1.058793,1.042359,1.056689,1.047253,1.039374,1.052869,1.052500,1.048665,1.077014,1.022454,1.052506,1.071360,1.065413,1.057929,1.062510,1.065242,1.056379,1.057807,1.052743,1.021284,1.041652,1.035532,1.024925,1.045348,1.074831,1.086497,1.039872,1.016777,1.041209
4.539850,1.055368,1.052024,1.045332,1.038078,1.051389,1.055678,1.047038,1.042961,1.053433,1.062237,1.058755,1.042326,1.056661,1.047236,1.039409,1.052922,1.052512,1.048653,1.077125,1.022585,1.052580,1.071453,1.065503,1.057991,1.062414,1.065197,1.056360,1.057760,1.052694,1.021075,1.041546,1.035508,1.025037,1.045503,1.074942,1.086592,1.039774,1.016727,1.041133
4.548180,1.055278,1.051912,1.045276,1.038041,1.051339,1.055627,1.046987,1.042908,1.053366,1.062203,1.058716,1.042292,1.056632,1.047217,1.039440,1.052971,1.052520,1.048637,1.077231,1.022712,1.052649,1.071541,1.065589,1.058048,1.062315,1.065149,1.056337,1.057709,1.052642,1.020865,1.041440,1.035484,1.025146,1.045652,1.075050,1.086682,1.039675,1.016673,1.041057
4.556510,1.055186,1.051797,1.045218,1.038001,1.051288,1.055574,1.046934,1.042854,1.053299,1.062169,1.058675,1.042256,1.056601,1.047195,1.039467,1.053015,1.052525,1.048618,1.077332,1.022834,1.052714,1.071625,1.065669,1.058101,1.062214,1.065097,1.056311,1.057655,1.052585,1.020652,1.041334,1.035460,1.025251,1.045796,1.075154,1.086768,1.039573,1.016616,1.040982
4.564840,1.055093,1.051680,1.045158,1.037959,1.051235,1.055520,1.046881,1.042799,1.053232,1.062132,1.058633,1.042219,1.056568,1.047172,1.039491,1.053057,1.052526,1.048596,1.077430,1.022952,1.052776,1.071707,1.065747,1.058150,1.062111,1.065042,1.056282,1.057597,1.052525,1.020438,1.041227,1.035435,1.025354,1.045937,1.075255,1.086850,1.039469,1.016555,1.040908
4.573170,1.054997,1.051560,1.045094,1.037916,1.051182,1.055465,1.046827,1.042744,1.053166,1.062095,1.058590,1.042180,1.056534,1.047146,1.039512,1.053093,1.052523,1.048570,1.077522,1.023064,1.052833,1.071782,1.065819,1.058195,1.062005,1.064984,1.056250,1.057535,1.052461,1.020220,1.041122,1.035409,1.025451,1.046070,1.075351,1.086925,1.039362,1.016489,1.040833
4.581500,1.054901,1.051437,1.045028,1.037870,1.051127,1.055409,1.046770,1.042687,1.053100,1.062056,1.058545,1.042139,1.056498,1.047118,1.039528,1.053126,1.052516,1.048541,1.077610,1.023171,1.052885,1.071853,1.065886,1.058235,1.061896,1.064922,1.056213,1.057469,1.052392,1.020000,1.041016,1.035382,1.025545,1.046199,1.075443,1.086996,1.039252,1.016420,1.040760
4.589830,1.054804,1.051310,1.044957,1.037821,1.051070,1.055350,1.046712,1.042629,1.053034,1.062014,1.058497,1.042096,1.056459,1.047086,1.039540,1.053153,1.052505,1.048507,1.077692,1.023274,1.052932,1.071920,1.065948,1.058271,1.061784,1.064856,1.056173,1.057399,1.052320,1.019777,1.040910,1.035353,1.025635,1.046322,1.075531,1.087062,1.039139,1.016346,1.040687
4.598160,1.054704,1.051180,1.044884,1.037770,1.051011,1.055290,1.046652,1.042570,1.052968,1.061970,1.058448,1.042051,1.056417,1.047052,1.039549,1.053176,1.052490,1.048470,1.077770,1.023371,1.052975,1.071981,1.066006,1.058302,1.061670,1.064786,1.056128,1.057324,1.052243,1.019550,1.040802,1.035322,1.025721,1.046440,1.075615,1.087123,1.039023,1.016267,1.040614
4.606490,1.054604,1.051047,1.044807,1.037715,1.050949,1.055227,1.046590,1.042508,1.052901,1.061923,1.058396,1.042003,1.056373,1.047014,1.039552,1.053195,1.052471,1.048429,1.077843,1.023463,1.053013,1.072038,1.066058,1.058328,1.061552,1.064713,1.056080,1.057245,1.052161,1.019321,1.040694,1.035289,1.025803,1.046553,1.075694,1.087178,1.038904,1.016185,1.040542
4.614820,1.054501,1.050910,1.044726,1.037658,1.050886,1.055162,1.046526,1.042445,1.052835,1.061874,1.058341,1.041952,1.056326,1.046973,1.039552,1.053209,1.052447,1.048383,1.077911,1.023550,1.053046,1.072090,1.066106,1.058349,1.061432,1.064635,1.056027,1.057162,1.052075,1.019088,1.040584,1.035253,1.025881,1.046660,1.075770,1.087229,1.038783,1.016098,1.040470
4.623150,1.054397,1.050770,1.044643,1.037598,1.050819,1.055094,1.046459,1.042380,1.052768,1.061822,1.058284,1.041899,1.056276,1.046929,1.039547,1.053219,1.052419,1.048335,1.077975,1.023633,1.053076,1.072139,1.066150,1.058366,1.061309,1.064555,1.055971,1.057076,1.051986,1.018853,1.040473,1.035215,1.025955,1.046764,1.075842,1.087276,1.038659,1.016008,1.040398
4.631480,1.054290,1.050626,1.044555,1.037534,1.050751,1.055024,1.046389,1.042314,1.052701,1.061766,1.058224,1.041842,1.056223,1.046882,1.039538,1.053222,1.052386,1.048281,1.078032,1.023710,1.053099,1.072181,1.066187,1.058378,1.061182,1.064469,1.055909,1.056984,1.051891,1.018612,1.040361,1.035174,1.026024,1.046859,1.075908,1.087315,1.038531,1.015912,1.040326
4.639810,1.054182,1.050478,1.044462,1.037467,1.050679,1.054951,1.046317,1.042245,1.052634,1.061707,1.058160,1.041782,1.056166,1.046830,1.039523,1.053221,1.052348,1.048222,1.078084,1.023781,1.053117,1.072218,1.066219,1.058384,1.061051,1.064379,1.055843,1.056887,1.051792,1.018368,1.040246,1.035129,1.026089,1.046950,1.075971,1.087350,1.038399,1.015811,1.040255
4.648140,1.054073,1.050327,1.044367,1.037397,1.050604,1.054875,1.046242,1.042174,1.052565,1.061646,1.058093,1.041718,1.056106,1.046775,1.039505,1.053216,1.052307,1.048160,1.078133,1.023848,1.053131,1.072251,1.066247,1.058386,1.060918,1.064285,1.055774,1.056787,1.051689,1.018122,1.040130,1.035081,1.026150,1.047037,1.076030,1.087382,1.038266,1.015707,1.040184
4.656470,1.053961,1.050170,1.044266,1.037322,1.050526,1.054796,1.046163,1.042100,1.052497,1.061579,1.058022,1.041650,1.056041,1.046714,1.039480,1.053204,1.052258,1.048091,1.078173,1.023908,1.053137,1.072277,1.066267,1.058380,1.060780,1.064186,1.055698,1.056680,1.051579,1.017869,1.040011,1.035029,1.026205,1.047114,1.076082,1.087405,1.038127,1.015597,1.040113
4.664800,1.053847,1.050009,1.044160,1.037243,1.050444,1.054712,1.046080,1.042023,1.052427,1.061508,1.057947,1.041578,1.055972,1.046649,1.039450,1.053186,1.052205,1.048018,1.078208,1.023962,1.053139,1.072298,1.066282,1.058370,1.060638,1.064082,1.055618,1.056569,1.051465,1.017612,1.039889,1.034972,1.026256,1.047188,1.076130,1.087423,1.037985,1.015481,1.040043
4.673130,1.053731,1.049845,1.044051,1.037160,1.050359,1.054626,1.045994,1.041943,1.052357,1.061434,1.057869,1.041503,1.055899,1.046581,1.039415,1.053165,1.052148,1.047941,1.078240,1.024013,1.053136,1.072315,1.066294,1.058355,1.060494,1.063975,1.055534,1.056454,1.051347,1.017353,1.039764,1.034911,1.026304,1.047258,1.076174,1.087438,1.037840,1.015363,1.039973
4.681460,1.053612,1.049675,1.043935,1.037072,1.050269,1.054534,1.045904,1.041860,1.052285,1.061354,1.057785,1.041422,1.055820,1.046506,1.039373,1.053135,1.052083,1.047857,1.078262,1.024054,1.053125,1.072323,1.066296,1.058332,1.060343,1.063860,1.055443,1.056331,1.051222,1.017086,1.039636,1.034845,1.026343,1.047317,1.076211,1.087443,1.037690,1.015237,1.039903
4.689790,1.053492,1.049500,1.043815,1.036979,1.050175,1.054439,1.045809,1.041773,1.052213,1.061269,1.057696,1.041336,1.055737,1.046426,1.039326,1.053100,1.052013,1.047768,1.078279,1.024091,1.053109,1.072326,1.066293,1.058304,1.060189,1.063741,1.055346,1.056204,1.051091,1.016815,1.039505,1.034773,1.026379,1.047372,1.076243,1.087444,1.037537,1.015106,1.039833
4.698120,1.053370,1.049322,1.043691,1.036883,1.050078,1.054340,1.045711,1.041684,1.052140,1.061181,1.057605,1.041246,1.055650,1.046343,1.039275,1.053060,1.051939,1.047674,1.078293,1.024124,1.053088,1.072325,1.066286,1.058271,1.060032,1.063618,1.055246,1.056073,1.050957,1.016541,1.039371,1.034698,1.026412,1.047423,1.076273,1.087441,1.037380,1.014971,1.039763
4.706450,1.053244,1.049136,1.043560,1.036780,1.049974,1.054235,1.045607,1.041590,1.052064,1.061085,1.057505,1.041150,1.055555,1.046252,1.039214,1.053011,1.051856,1.047573,1.078295,1.024146,1.053058,1.072314,1.066269,1.058229,1.059868,1.063488,1.055138,1.055934,1.050815,1.016259,1.039231,1.034614,1.026435,1.047463,1.076293,1.087427,1.037218,1.014829,1.039693
4.714780,1.053117,1.048946,1.043424,1.036672,1.049867,1.054125,1.045498,1.041493,1.051988,1.060984,1.057402,1.041048,1.055456,1.046156,1.039149,1.052957,1.051768,1.047466,1.078294,1.024164,1.053022,1.072299,1.066247,1.058181,1.059700,1.063352,1.055025,1.055789,1.050667,1.015973,1.039088,1.034525,1.026455,1.047498,1.076309,1.087409,1.037052,1.014681,1.039624
4.723110,1.052987,1.048751,1.043282,1.036558,1.049754,1.054010,1.045384,1.041391,1.051911,1.060877,1.057292,1.040941,1.055350,1.046053,1.039077,1.052896,1.051673,1.047353,1.078285,1.024175,1.052980,1.072277,1.066219,1.058127,1.059527,1.063211,1.054905,1.055639,1.050514,1.015680,1.038939,1.034430,1.026469,1.047526,1.076320,1.087385,1.036881,1.014528,1.039554
4.731440,1.052856,1.048553,1.043136,1.036441,1.049638,1.053892,1.045267,1.041286,1.051832,1.060767,1.057179,1.040830,1.055241,1.045947,1.039000,1.052831,1.051575,1.047236,1.078272,1.024182,1.052934,1.072251,1.066186,1.058068,1.059351,1.063066,1.054782,1.055485,1.050357,1.015385,1.038788,1.034331,1.026479,1.047551,1.076326,1.087356,1.036708,1.014371,1.039485
4.739770,1.052720,1.048346,1.042981,1.036315,1.049514,1.053766,1.045142,1.041175,1.051751,1.060647,1.057057,1.040709,1.055122,1.045832,1.038913,1.052754,1.051466,1.047110,1.078247,1.024177,1.052876,1.072213,1.066141,1.057998,1.059168,1.062912,1.054649,1.055321,1.050190,1.015081,1.038631,1.034221,1.026479,1.047563,1.076323,1.087316,1.036527,1.014204,1.039415
4.748100,1.052582,1.048134,1.042822,1.036184,1.049385,1.053635,1.045012,1.041061,1.051668,1.060522,1.056930,1.040584,1.054999,1.045711,1.038820,1.052673,1.051352,1.046978,1.078217,1.024168,1.052813,1.072171,1.066092,1.057923,1.058980,1.062753,1.054512,1.055153,1.050018,1.014772,1.038468,1.034106,1.026476,1.047570,1.076316,1.087271,1.036343,1.014033,1.039346
4.756430,1.052444,1.047919,1.042658,1.036050,1.049253,1.053501,1.044879,1.040944,1.051584,1.060393,1.056799,1.040455,1.054871,1.045586,1.038724,1.052587,1.051234,1.046842,1.078184,1.024155,1.052746,1.072124,1.066038,1.057843,1.058789,1.062591,1.054370,1.054981,1.049842,1.014460,1.038302,1.033987,1.026469,1.047574,1.076305,1.087223,1.036156,1.013858,1.039277
4.764760,1.052300,1.047695,1.042485,1.035906,1.049112,1.053357,1.044736,1.040818,1.051498,1.060254,1.056658,1.040315,1.054733,1.045451,1.038615,1.052488,1.051104,1.046695,1.078137,1.024128,1.052666,1.072065,1.065971,1.057751,1.058590,1.062418,1.054217,1.054798,1.049656,1.014139,1.038128,1.033857,1.026450,1.047564,1.076282,1.087161,1.035962,1.013673,1.039207
4.773090,1.052155,1.047467,1.042307,1.035757,1.048966,1.053208,1.044589,1.040690,1.051410,1.060109,1.056513,1.040171,1.054589,1.045310,1.038501,1.052385,1.050969,1.046544,1.078085,1.024098,1.052582,1.072002,1.065900,1.057654,1.058387,1.062240,1.054060,1.054610,1.049465,1.013813,1.037949,1.033721,1.026428,1.047549,1.076256,1.087095,1.035763,1.013484,1.039137
4.781420,1.052009,1.047235,1.042125,1.035604,1.048817,1.053057,1.044439,1.040558,1.051321,1.059961,1.056363,1.040023,1.054442,1.045166,1.038383,1.052278,1.050830,1.046388,1.078030,1.024063,1.052493,1.071934,1.065825,1.057553,1.058181,1.062059,1.053899,1.054419,1.049271,1.013483,1.037767,1.033581,1.026402,1.047531,1.076226,1.087025,1.035562,1.013290,1.039068
4.789750,1.051857,1.046994,1.041932,1.035441,1.048658,1.052894,1.044278,1.040418,1.051228,1.059801,1.056202,1.039863,1.054283,1.045010,1.038252,1.052157,1.050679,1.046220,1.077960,1.024014,1.052391,1.071852,1.065735,1.057438,1.057965,1.061867,1.053726,1.054216,1.049064,1.013145,1.037576,1.033429,1.026364,1.047497,1.076184,1.086942,1.035353,1.013086,1.038998
4.798080,1.051705,1.046748,1.041735,1.035272,1.048494,1.052727,1.044112,1.040274,1.051134,1.059636,1.056036,1.039698,1.054119,1.044849,1.038116,1.052031,1.050523,1.046048,1.077886,1.023961,1.052284,1.071767,1.065642,1.057318,1.057746,1.061670,1.053549,1.054009,1.048854,1.012801,1.037379,1.033271,1.026322,1.047460,1.076138,1.086854,1.035140,1.012877,1.038928
4.806410,1.051549,1.046496,1.041531,1.035097,1.048324,1.052554,1.043940,1.040125,1.051038,1.059464,1.055863,1.039526,1.053948,1.044680,1.037972,1.051897,1.050359,1.045869,1.077803,1.023900,1.052169,1.071673,1.065540,1.057190,1.057520,1.061467,1.053365,1.053795,1.048636,1.012451,1.037176,1.033105,1.026274,1.047415,1.076085,1.086758,1.034922,1.012662,1.038859
4.814740,1.051391,1.046238,1.041320,1.034915,1.048147,1.052374,1.043762,1.039971,1.050940,1.059284,1.055683,1.039347,1.053769,1.044504,1.037820,1.051756,1.050188,1.045682,1.077713,1.023832,1.052046,1.071572,1.065430,1.057055,1.057290,1.061257,1.053174,1.053574,1.048412,1.012095,1.036967,1.032932,1.026218,1.047361,1.076025,1.086654,1.034699,1.012440,1.038789
4.823070,1.051230,1.045974,1.041102,1.034727,1.047964,1.052187,1.043577,1.039811,1.050839,1.059097,1.055496,1.039160,1.053583,1.044321,1.037661,1.051606,1.050010,1.045488,1.077615,1.023755,1.051915,1.071462,1.065312,1.056911,1.057053,1.061040,1.052975,1.053346,1.048180,1.011733,1.036750,1.032751,1.026156,1.047299,1.075959,1.086543,1.034471,1.012211,1.038720
4.831400,1.051067,1.045704,1.040878,1.034531,1.047775,1.051993,1.043385,1.039646,1.050736,1.058902,1.055302,1.038967,1.053390,1.044131,1.037494,1.051449,1.049824,1.045287,1.077509,1.023670,1.051777,1.071345,1.065186,1.056760,1.056811,1.060817,1.052770,1.053111,1.047942,1.011366,1.036528,1.032562,1.026086,1.047229,1.075885,1.086423,1.034237,1.011975,1.038650
4.839730,1.050901,1.045428,1.040647,1.034329,1.047578,1.051793,1.043186,1.039475,1.050631,1.058701,1.055101,1.038766,1.053189,1.043933,1.037318,1.051284,1.049631,1.045078,1.077394,1.023578,1.051630,1.071220,1.065052,1.056600,1.056563,1.060586,1.052557,1.052869,1.047697,1.010992,1.036298,1.032365,1.026009,1.047151,1.075804,1.086296,1.033999,1.011733,1.038580
4.848060,1.050732,1.045147,1.040409,1.034119,1.047376,1.051586,1.042981,1.039299,1.050524,1.058492,1.054892,1.038558,1.052981,1.043727,1.037135,1.051110,1.049429,1.044863,1.077271,1.023477,1.051475,1.071087,1.064910,1.056432,1.056309,1.060349,1.052337,1.052621,1.047445,1.010613,1.036062,1.032161,1.025926,1.047064,1.075716,1.086160,1.033756,1.011484,1.038510
4.856390,1.050561,1.044859,1.040164,1.033903,1.047166,1.051372,1.042769,1.039117,1.050414,1.058275,1.054677,1.038342,1.052765,1.043515,1.036944,1.050929,1.049221,1.044640,1.077140,1.023369,1.051312,1.070946,1.064760,1.056257,1.056050,1.060106,1.052110,1.052365,1.047185,1.010228,1.035819,1.031949,1.025835,1.046969,1.075620,1.086017,1.033507,1.011229,1.038441
4.864720,1.050388,1.044565,1.039913,1.033679,1.046950,1.051152,1.042551,1.038930,1.050303,1.058051,1.054454,1.038119,1.052543,1.043294,1.036745,1.050740,1.049005,1.044409,1.077001,1.023252,1.051141,1.070797,1.064602,1.056073,1.055785,1.059855,1.051876,1.052102,1.046919,1.009837,1.035569,1.031729,1.025737,1.046865,1.075518,1.085865,1.033253,1.010966,1.038371
4.873050,1.050212,1.044266,1.039654,1.033449,1.046727,1.050925,1.042325,1.038737,1.050188,1.057820,1.054224,1.037889,1.052312,1.043067,1.036539,1.050542,1.048781,1.044172,1.076854,1.023127,1.050962,1.070640,1.064435,1.055881,1.055515,1.059598,1.051635,1.051833,1.046646,1.009441,1.035313,1.031502,1.025632,1.046753,1.075408,1.085706,1.032994,1.010697,1.038301
4.881380,1.050033,1.043961,1.039390,1.033212,1.046498,1.050691,1.042093,1.038538,1.050072,1.057581,1.053987,1.037652,1.052075,1.042832,1.036324,1.050337,1.048550,1.043927,1.076698,1.022994,1.050775,1.070476,1.064260,1.055681,1.055239,1.059333,1.051387,1.051556,1.046366,1.009040,1.035049,1.031267,1.025520,1.046633,1.075292,1.085538,1.032731,1.010422,1.038231
4.889710,1.049852,1.043650,1.039118,1.032967,1.046262,1.050450,1.041855,1.038334,1.049953,1.057335,1.053742,1.037407,1.051830,1.042589,1.036101,1.050124,1.048311,1.043675,1.076534,1.022853,1.050581,1.070303,1.064078,1.055473,1.054958,1.059063,1.051132,1.051273,1.046080,1.008633,1.034779,1.031025,1.025400,1.046504,1.075168,1.085362,1.032462,1.010140,1.038161
4.898040,1.049669,1.043333,1.038840,1.032716,1.046020,1.050202,1.041609,1.038125,1.049832,1.057082,1.053491,1.037156,1.051577,1.042340,1.035871,1.049903,1.048065,1.043416,1.076363,1.022704,1.050378,1.070122,1.063887,1.055257,1.054671,1.058786,1.050870,1.050983,1.045786,1.008221,1.034502,1.030775,1.025274,1.046367,1.075036,1.085179,1.032189,1.009851,1.038091
4.906370,1.049483,1.043011,1.038555,1.032459,1.045771,1.049948,1.041358,1.037910,1.049709,1.056822,1.053232,1.036897,1.051318,1.042083,1.035633,1.049674,1.047812,1.043150,1.076182,1.022546,1.050167,1.069934,1.063688,1.055033,1.054379,1.058502,1.050602,1.050686,1.045486,1.007804,1.034217,1.030518,1.025140,1.046222,1.074898,1.084987,1.031910,1.009555,1.038021
4.914700,1.049295,1.042684,1.038264,1.032194,1.045516,1.049687,1.041099,1.037689,1.049583,1.056554,1.052967,1.036631,1.051051,1.041819,1.035387,1.049437,1.047551,1.042877,1.075994,1.022381,1.049949,1.069737,1.063481,1.054801,1.054081,1.058211,1.050326,1.050383,1.045179,1.007382,1.033927,1.030254,1.025000,1.046068,1.074753,1.084787,1.031627,1.009254,1.037952
4.923030,1.049105,1.042351,1.037967,1.031923,1.045254,1.049420,1.040834,1.037463,1.049455,1.056279,1.052695,1.036358,1.050778,1.041547,1.035134,1.049192,1.047283,1.042597,1.075798,1.022208,1.049722,1.069533,1.063266,1.054561,1.053778,1.057915,1.050043,1.050073,1.044865,1.006955,1.033629,1.029982,1.024852,1.045905,1.074600,1.084579,1.031339,1.008946,1.037882
4.931360,1.048913,1.042013,1.037663,1.031645,1.044986,1.049146,1.040563,1.037232,1.049326,1.055998,1.052416,1.036078,1.050497,1.041269,1.034873,1.048940,1.047008,1.042310,1.075594,1.022027,1.049488,1.069321,1.063043,1.054314,1.053470,1.057611,1.049754,1.049756,1.044545,1.006523,1.033325,1.029704,1.024697,1.045735,1.074440,1.084363,1.031046,1.008631,1.037813
4.939690,1.048719,1.041670,1.037353,1.031360,1.044712,1.048866,1.040285,1.036996,1.049194,1.055709,1.052130,1.035792,1.050209,1.040984,1.034605,1.048681,1.046726,1.042017,1.075382,1.021837,1.049246,1.069101,1.062812,1.054059,1.053157,1.057302,1.049458,1.049433,1.044218,1.006087,1.033014,1.029418,1.024535,1.045556,1.074274,1.084139,1.030749,1.008310,1.037743
4.948020,1.048523,1.041322,1.037037,1.031069,1.044432,1.048580,1.040001,1.036754,1.049059,1.055414,1.051838,1.035499,1.049915,1.040692,1.034329,1.048413,1.046437,1.041717,1.075162,1.021640,1.048997,1.068874,1.062574,1.053796,1.052839,1.056986,1.049156,1.049103,1.043885,1.005647,1.032697,1.029126,1.024366,1.045368,1.074100,1.083908,1.030447,1.007983,1.037674
4.956350,1.048325,1.040968,1.036715,1.030772,1.044145,1.048287,1.039711,1.036507,1.048923,1.055112,1.051539,1.035199,1.049614,1.040393,1.034046,1.048139,1.046141,1.041410,1.074934,1.021435,1.048740,1.068639,1.062327,1.053526,1.052516,1.056665,1.048847,1.048767,1.043546,1.005202,1.032373,1.028827,1.024190,1.045173,1.073919,1.083668,1.030140,1.007650,1.037605
4.964680,1.048125,1.040610,1.036387,1.030468,1.043853,1.047988,1.039415,1.036255,1.048785,1.054804,1.051233,1.034892,1.049306,1.040087,1.033755,1.047857,1.045838,1.041097,1.074698,1.021222,1.048476,1.068397,1.062074,1.053248,1.052188,1.056337,1.048532,1.048425,1.043200,1.004754,1.032043,1.028522,1.024008,1.044969,1.073732,1.083421,1.029830,1.007311,1.037536
4.973010,1.047923,1.040248,1.036053,1.030159,1.043555,1.047684,1.039113,1.035999,1.048645,1.054489,1.050922,1.034580,1.048992,1.039775,1.033458,1.047568,1.045528,1.040777,1.074455,1.021002,1.048205,1.068148,1.061812,1.052963,1.051855,1.056003,1.048211,1.048077,1.042848,1.004301,1.031707,1.028211,1.023818,1.044757,1.073538,1.083166,1.029514,1.006966,1.037468
4.981340,1.047720,1.039880,1.035714,1.029843,1.043251,1.047373,1.038805,1.035737,1.048503,1.054168,1.050605,1.034261,1.048672,1.039457,1.033154,1.047271,1.045212,1.040451,1.074204,1.020774,1.047926,1.067891,1.061543,1.052671,1.051518,1.055664,1.047883,1.047722,1.042490,1.003845,1.031364,1.027893,1.023622,1.044537,1.073337,1.082903,1.029195,1.006615,1.037399
4.989670,1.047515,1.039509,1.035369,1.029522,1.042942,1.047057,1.038492,1.035471,1.048359,1.053841,1.050281,1.033937,1.048346,1.039133,1.032843,1.046968,1.044890,1.040120,1.073946,1.020539,1.047640,1.067627,1.061267,1.052372,1.051177,1.055319,1.047550,1.047362,1.042127,1.003385,1.031016,1.027570,1.023420,1.044309,1.073129,1.082634,1.028872,1.006258,1.037331
4.998000,1.047309,1.039133,1.035019,1.029195,1.042627,1.046735,1.038173,1.035201,1.048214,1.053509,1.049952,1.033606,1.048014,1.038802,1.032525,1.046659,1.044562,1.039782,1.073681,1.020296,1.047348,1.067356,1.060984,1.052066,1.050831,1.054968,1.047211,1.046996,1.041757,1.002922,1.030662,1.027242,1.023211,1.044074,1.072915,1.082356,1.028545,1.005896,1.037264
5.006330,1.047101,1.038753,1.034664,1.028862,1.042307,1.046409,1.037849,1.034925,1.048066,1.053171,1.049618,1.033270,1.047676,1.038466,1.032201,1.046342,1.044227,1.039439,1.073408,1.020046,1.047049,1.067079,1.060694,1.051753,1.050481,1.054612,1.046866,1.046625,1.041382,1.002456,1.030303,1.026908,1.022995,1.043831,1.072695,1.082072,1.028213,1.005528,1.037196
5.014660,1.046892,1.038369,1.034304,1.028524,1.041983,1.046077,1.037520,1.034646,1.047918,1.052827,1.049278,1.032929,1.047333,1.038124,1.031871,1.046019,1.043887,1.039090,1.073129,1.019789,1.046743,1.066795,1.060397,1.051434,1.050127,1.054251,1.046516,1.046248,1.041001,1.001987,1.029939,1.026569,1.022774,1.043580,1.072469,1.081780,1.027878,1.005155,1.037130
5.022990,1.046681,1.037981,1.033939,1.028181,1.041653,1.045740,1.037186,1.034363,1.047768,1.052478,1.048933,1.032582,1.046985,1.037777,1.031535,1.045690,1.043540,1.038735,1.072842,1.019525,1.046431,1.066504,1.060094,1.051108,1.049769,1.053885,1.046160,1.045865,1.040616,1.001515,1.029569,1.026225,1.022546,1.043322,1.072236,1.081482,1.027540,1.004777,1.037063
5.031320,1.046470,1.037590,1.033569,1.027834,1.041319,1.045398,1.036848,1.034076,1.047616,1.052125,1.048583,1.032231,1.046631,1.037424,1.031192,1.045355,1.043189,1.038376,1.072550,1.019254,1.046113,1.066207,1.059784,1.050776,1.049407,1.053514,1.045799,1.045478,1.040225,1.001040,1.029194,1.025877,1.022313,1.043056,1.071998,1.081177,1.027198,1.004394,1.036998
5.039650,1.046257,1.037195,1.033195,1.027481,1.040980,1.045052,1.036505,1.033785,1.047463,1.051766,1.048229,1.031875,1.046273,1.037067,1.030844,1.045014,1.042832,1.038012,1.072250,1.018976,1.045788,1.065904,1.059467,1.050438,1.049042,1.053139,1.045434,1.045086,1.039829,1.000563,1.028815,1.025525,1.022073,1.042784,1.071754,1.080865,1.026853,1.004006,1.036932
5.047980,1.046044,1.036798,1.032817,1.027124,1.040638,1.044702,1.036158,1.033490,1.047309,1.051403,1.047870,1.031514,1.045910,1.036705,1.030491,1.044668,1.042470,1.037642,1.071945,1.018693,1.045458,1.065595,1.059145,1.050094,1.048674,1.052758,1.045063,1.044688,1.039428,1.000084,1.028432,1.025168,1.021828,1.042504,1.071504,1.080547,1.026504,1.003614,1.036868
5.056310,1.045830,1.036397,1.032435,1.026762,1.040291,1.044348,1.035806,1.033192,1.047154,1.051036,1.047507,1.031149,1.045543,1.036338,1.030132,1.044316,1.042103,1.037268,1.071633,1.018402,1.045123,1.065280,1.058817,1.049745,1.048302,1.052374,1.044688,1.044287,1.039023,0.999603,1.028044,1.024809,1.021578,1.042218,1.071249,1.080223,1.026153,1.003217,1.036804
5.064640,1.045615,1.035993,1.032048,1.026397,1.039940,1.043989,1.035451,1.032891,1.046998,1.050665,1.047140,1.030780,1.045172,1.035967,1.029769,1.043958,1.041731,1.036890,1.071315,1.018106,1.044782,1.064960,1.058483,1.049390,1.047927,1.051985,1.044309,1.043880,1.038613,0.999120,1.027652,1.024446,1.021322,1.041925,1.070988,1.079893,1.025798,1.002815,1.036740
5.072970,1.045399,1.035587,1.031659,1.026027,1.039586,1.043628,1.035093,1.032587,1.046841,1.050290,1.046770,1.030408,1.044797,1.035592,1.029400,1.043596,1.041354,1.036508,1.070992,1.017804,1.044436,1.064634,1.058143,1.049030,1.047549,1.051593,1.043925,1.043470,1.038199,0.998635,1.027256,1.024079,1.021061,1.041626,1.070723,1.079557,1.025441,1.002410,1.036678
5.081300,1.045183,1.035178,1.031265,1.025654,1.039229,1.043262,1.034731,1.032281,1.046683,1.049912,1.046396,1.030031,1.044419,1.035213,1.029027,1.043229,1.040974,1.036121,1.070663,1.017496,1.044084,1.064303,1.057799,1.048665,1.047169,1.051197,1.043537,1.043056,1.037781,0.998149,1.026858,1.023711,1.020795,1.041321,1.070452,1.079216,1.025081,1.002000,1.036616
5.089630,1.044967,1.034767,1.030869,1.025278,1.038869,1.042894,1.034366,1.031971,1.046525,1.049531,1.046019,1.029652,1.044037,1.034830,1.028650,1.042857,1.040589,1.035731,1.070329,1.017182,1.043729,1.063968,1.057449,1.048296,1.046786,1.050797,1.043146,1.042637,1.037359,0.997662,1.026455,1.023339,1.020525,1.041010,1.070177,1.078869,1.024719,1.001587,1.036555
5.097960,1.044750,1.034354,1.030470,1.024898,1.038505,1.042523,1.033998,1.031659,1.046366,1.049147,1.045639,1.029270,1.043652,1.034444,1.028268,1.042481,1.040200,1.035338,1.069990,1.016864,1.043368,1.063627,1.057094,1.047921,1.046401,1.050394,1.042751,1.042215,1.036933,0.997174,1.026050,1.022966,1.020249,1.040693,1.069897,1.078517,1.024355,1.001170,1.036494
5.106290,1.044533,1.033939,1.030068,1.024516,1.038139,1.042149,1.033628,1.031345,1.046206,1.048760,1.045256,1.028885,1.043265,1.034055,1.027883,1.042100,1.039808,1.034941,1.069646,1.016540,1.043003,1.063283,1.056735,1.047543,1.046014,1.049987,1.042353,1.041790,1.036504,0.996686,1.025643,1.022591,1.019970,1.040371,1.069614,1.078161,1.023988,1.000750,1.036435
5.114620,1.044316,1.033522,1.029663,1.024130,1.037771,1.041773,1.033255,1.031030,1.046047,1.048370,1.044871,1.028497,1.042875,1.033663,1.027493,1.041716,1.039413,1.034541,1.069298,1.016211,1.042635,1.062934,1.056372,1.047161,1.045624,1.049578,1.041951,1.041362,1.036072,0.996196,1.025233,1.022214,1.019686,1.040043,1.069326,1.077799,1.023620,1.000327,1.036377
5.122950,1.044099,1.033104,1.029256,1.023743,1.037401,1.041395,1.032880,1.030712,1.045887,1.047979,1.044484,1.028108,1.042482,1.033269,1.027101,1.041328,1.039014,1.034138,1.068945,1.015878,1.042262,1.062581,1.056004,1.046774,1.045233,1.049167,1.041547,1.040930,1.035637,0.995707,1.024821,1.021836,1.019398,1.039710,1.069034,1.077434,1.023249,0.999901,1.036319
5.131280,1.043882,1.032684,1.028847,1.023353,1.037029,1.041015,1.032503,1.030393,1.045727,1.047586,1.044095,1.027716,1.042088,1.032872,1.026705,1.040937,1.038612,1.033732,1.068588,1.015540,1.041886,1.062224,1.055633,1.046384,1.044841,1.048752,1.041140,1.040496,1.035199,0.995217,1.024407,1.021458,1.019107,1.039372,1.068738,1.077064,1.022878,0.999472,1.036263
5.139610,1.043666,1.032264,1.028436,1.022961,1.036655,1.040633,1.032125,1.030072,1.045566,1.047191,1.043704,1.027323,1.041692,1.032474,1.026307,1.040543,1.038208,1.033325,1.068227,1.015198,1.041507,1.061864,1.055258,1.045991,1.044447,1.048336,1.040730,1.040059,1.034759,0.994727,1.023992,1.021078,1.018812,1.039030,1.068439,1.076690,1.022504,0.999040,1.036207
5.147940,1.043449,1.031843,1.028024,1.022567,1.036280,1.040250,1.031745,1.029750,1.045406,1.046795,1.043313,1.026928,1.041295,1.032073,1.025906,1.040145,1.037801,1.032915,1.067863,1.014852,1.041125,1.061500,1.054880,1.045595,1.044052,1.047917,1.040319,1.039620,1.034316,0.994238,1.023575,1.020699,1.018514,1.038684,1.068137,1.076313,1.022130,0.998606,1.036153
5.156270,1.043234,1.031421,1.027610,1.022172,1.035904,1.039866,1.031365,1.029428,1.045247,1.046398,1.042920,1.026533,1.040896,1.031671,1.025502,1.039746,1.037392,1.032503,1.067495,1.014502,1.040739,1.061134,1.054499,1.045196,1.043656,1.047497,1.039905,1.039179,1.033871,0.993749,1.023158,1.020319,1.018212,1.038333,1.067832,1.075933,1.021754,0.998170,1.036100
5.164600,1.043019,1.030998,1.027195,1.021776,1.035527,1.039481,1.030983,1.029105,1.045087,1.046000,1.042526,1.026136,1.040497,1.031268,1.025096,1.039343,1.036981,1.032089,1.067124,1.014149,1.040352,1.060765,1.054115,1.044794,1.043259,1.047075,1.039489,1.038735,1.033424,0.993261,1.022740,1.019940,1.017908,1.037979,1.067524,1.075549,1.021377,0.997732,1.036048
5.172930,1.042804,1.030576,1.026779,1.021379,1.035149,1.039096,1.030601,1.028781,1.044928,1.045602,1.042132,1.025739,1.040097,1.030863,1.024689,1.038939,1.036568,1.031675,1.066750,1.013793,1.039962,1.060393,1.053728,1.044391,1.042862,1.046651,1.039072,1.038291,1.032975,0.992774,1.022322,1.019561,1.017600,1.037621,1.067213,1.075163,1.021000,0.997293,1.035997
5.181260,1.042590,1.030153,1.026363,1.020981,1.034771,1.038710,1.030219,1.028457,1.044770,1.045204,1.041738,1.025342,1.039696,1.030458,1.024279,1.038532,1.036154,1.031259,1.066373,1.013434,1.039569,1.060019,1.053339,1.043985,1.042464,1.046227,1.038654,1.037844,1.032525,0.992287,1.021904,1.019184,1.017291,1.037259,1.066900,1.074774,1.020622,0.996852,1.035947
5.189590,1.042377,1.029731,1.025946,1.020582,1.034393,1.038324,1.029836,1.028133,1.044613,1.044806,1.041344,1.024944,1.039296,1.030053,1.023869,1.038124,1.035739,1.030842,1.065995,1.013072,1.039176,1.059643,1.052948,1.043577,1.042066,1.045802,1.038235,1.037397,1.032074,0.991803,1.021486,1.018807,1.016979,1.036895,1.066585,1.074383,1.020244,0.996409,1.035899
5.197920,1.042166,1.029309,1.025529,1.020184,1.034015,1.037939,1.029454,1.027810,1.044456,1.044408,1.040950,1.024547,1.038896,1.029647,1.023457,1.037715,1.035323,1.030424,1.065614,1.012707,1.038780,1.059266,1.052556,1.043168,1.041669,1.045376,1.037815,1.036949,1.031622,0.991319,1.021069,1.018432,1.016665,1.036528,1.066269,1.073990,1.019865,0.995966,1.035852
5.206250,1.041955,1.028887,1.025111,1.019785,1.033638,1.037554,1.029072,1.027486,1.044300,1.044011,1.040556,1.024151,1.038496,1.029242,1.023045,1.037305,1.034905,1.030006,1.065231,1.012341,1.038384,1.058886,1.052162,1.042757,1.041271,1.044949,1.037394,1.036500,1.031169,0.990838,1.020652,1.018059,1.016350,1.036158,1.065950,1.073596,1.019487,0.995522,1.035806
5.214580,1.041745,1.028466,1.024695,1.019387,1.033261,1.037169,1.028692,1.027164,1.044145,1.043615,1.040164,1.023755,1.038097,1.028836,1.022632,1.036893,1.034488,1.029588,1.064846,1.011972,1.037986,1.058506,1.051766,1.042346,1.040874,1.044522,1.036973,1.036050,1.030716,0.990358,1.020237,1.017688,1.016032,1.035786,1.065631,1.073200,1.019109,0.995078,1.035762
5.222910,1.041537,1.028047,1.024278,1.018990,1.032885,1.036786,1.028312,1.026842,1.043991,1.043220,1.039773,1.023361,1.037699,1.028432,1.022219,1.036482,1.034071,1.029170,1.064462,1.011603,1.037588,1.058126,1.051371,1.041935,1.040478,1.044096,1.036553,1.035601,1.030263,0.989880,1.019823,1.017318,1.015715,1.035414,1.065310,1.072803,1.018731,0.994633,1.035718
5.231240,1.041329,1.027627,1.023861,1.018591,1.032508,1.036402,1.027931,1.026520,1.043837,1.042825,1.039381,1.022966,1.037301,1.028026,1.021804,1.036067,1.033651,1.028750,1.064072,1.011229,1.037187,1.057741,1.050971,1.041519,1.040081,1.043668,1.036130,1.035149,1.029807,0.989404,1.019410,1.016950,1.015393,1.035036,1.064987,1.072403,1.018352,0.994186,1.035676
5.239570,1.041124,1.027210,1.023446,1.018195,1.032135,1.036021,1.027554,1.026200,1.043686,1.042432,1.038992,1.022574,1.036905,1.027623,1.021390,1.035655,1.033233,1.028333,1.063685,1.010856,1.036788,1.057359,1.050574,1.041106,1.039686,1.043242,1.035709,1.034699,1.029353,0.988931,1.019000,1.016586,1.015073,1.034659,1.064664,1.072005,1.017975,0.993741,1.035636
5.247900,1.040920,1.026794,1.023033,1.017800,1.031763,1.035642,1.027178,1.025881,1.043536,1.042042,1.038605,1.022183,1.036512,1.027221,1.020977,1.035243,1.032816,1.027916,1.063296,1.010482,1.036388,1.056977,1.050177,1.040693,1.039293,1.042817,1.035289,1.034250,1.028900,0.988461,1.018592,1.016225,1.014751,1.034281,1.064341,1.071606,1.017599,0.993296,1.035598
5.256230,1.040717,1.026380,1.022620,1.017407,1.031392,1.035265,1.026804,1.025565,1.043387,1.041654,1.038220,1.021795,1.036120,1.026821,1.020565,1.034831,1.032400,1.027500,1.062908,1.010108,1.035990,1.056594,1.049779,1.040281,1.038901,1.042392,1.034870,1.033801,1.028448,0.987992,1.018186,1.015866,1.014430,1.033902,1.064018,1.071208,1.017224,0.992852,1.035560
5.264560,1.040516,1.025968,1.022209,1.017014,1.031023,1.034889,1.026431,1.025249,1.043240,1.041267,1.037837,1.021408,1.035729,1.026422,1.020153,1.034418,1.031984,1.027085,1.062518,1.009731,1.035590,1.056211,1.049381,1.039867,1.038509,1.041968,1.034451,1.033352,1.027995,0.987528,1.017783,1.015511,1.014107,1.033521,1.063694,1.070808,1.016849,0.992408,1.035524
5.272890,1.040318,1.025559,1.021800,1.016625,1.030657,1.034516,1.026062,1.024936,1.043095,1.040884,1.037457,1.021024,1.035342,1.026025,1.019742,1.034008,1.031569,1.026672,1.062129,1.009356,1.035192,1.055829,1.048984,1.039456,1.038121,1.041546,1.034034,1.032905,1.027544,0.987067,1.017384,1.015161,1.013785,1.033141,1.063371,1.070410,1.016477,0.991965,1.035490
5.281220,1.040121,1.025151,1.021393,1.016237,1.030293,1.034145,1.025694,1.024625,1.042951,1.040503,1.037079,1.020643,1.034957,1.025630,1.019333,1.033598,1.031156,1.026260,1.061741,1.008980,1.034795,1.055448,1.048588,1.039045,1.037734,1.041125,1.033618,1.032460,1.027095,0.986609,1.016987,1.014812,1.013463,1.032761,1.063048,1.070012,1.016106,0.991524,1.035457
5.289550,1.039926,1.024746,1.020988,1.015851,1.029932,1.033777,1.025330,1.024316,1.042810,1.040125,1.036705,1.020264,1.034575,1.025238,1.018925,1.033189,1.030744,1.025850,1.061352,1.008604,1.034398,1.055067,1.048193,1.038635,1.037349,1.040706,1.033204,1.032015,1.026646,0.986155,1.016594,1.014469,1.013140,1.032379,1.062725,1.069615,1.015736,0.991083,1.035426
5.297880,1.039734,1.024344,1.020586,1.015469,1.029574,1.033413,1.024969,1.024011,1.042671,1.039751,1.036334,1.019890,1.034196,1.024849,1.018520,1.032783,1.030335,1.025442,1.060966,1.008230,1.034004,1.054688,1.047799,1.038227,1.036967,1.040290,1.032792,1.031573,1.026200,0.985705,1.016206,1.014130,1.012820,1.031999,1.062404,1.069221,1.015369,0.990645,1.035397
5.306210,1.039544,1.023946,1.020187,1.015089,1.029220,1.033052,1.024611,1.023708,1.042534,1.039381,1.035966,1.019518,1.033822,1.024463,1.018117,1.032378,1.029928,1.025037,1.060580,1.007856,1.033611,1.054311,1.047407,1.037821,1.036588,1.039875,1.032383,1.031133,1.025757,0.985260,1.015822,1.013796,1.012499,1.031620,1.062084,1.068827,1.015004,0.990209,1.035370
5.314540,1.039356,1.023550,1.019791,1.014713,1.028869,1.032695,1.024257,1.023408,1.042399,1.039015,1.035603,1.019151,1.033450,1.024080,1.017716,1.031975,1.029523,1.024635,1.060196,1.007483,1.033220,1.053935,1.047017,1.037416,1.036212,1.039464,1.031976,1.030696,1.025315,0.984819,1.015442,1.013467,1.012180,1.031242,1.061766,1.068436,1.014642,0.989775,1.035345
5.322870,1.039171,1.023158,1.019398,1.014340,1.028521,1.032342,1.023907,1.023112,1.042267,1.038652,1.035243,1.018787,1.033083,1.023701,1.017317,1.031575,1.029121,1.024235,1.059813,1.007111,1.032832,1.053562,1.046629,1.037014,1.035838,1.039055,1.031571,1.030261,1.024876,0.984382,1.015068,1.013143,1.011862,1.030864,1.061448,1.068047,1.014281,0.989343,1.035321
5.331200,1.038988,1.022770,1.019008,1.013970,1.028177,1.031992,1.023561,1.022819,1.042137,1.038294,1.034887,1.018428,1.032719,1.023325,1.016922,1.031177,1.028721,1.023838,1.059432,1.006741,1.032445,1.053190,1.046244,1.036615,1.035468,1.038648,1.031170,1.029828,1.024440,0.983950,1.014698,1.012824,1.011546,1.030488,1.061133,1.067660,1.013924,0.988914,1.035299
5.339530,1.038808,1.022385,1.018622,1.013604,1.027838,1.031647,1.023218,1.022529,1.042009,1.037940,1.034536,1.018072,1.032360,1.022953,1.016529,1.030782,1.028325,1.023445,1.059053,1.006372,1.032062,1.052821,1.045860,1.036217,1.035101,1.038245,1.030771,1.029398,1.024006,0.983523,1.014333,1.012510,1.011231,1.030114,1.060819,1.067276,1.013569,0.988487,1.035279
5.347860,1.038631,1.022004,1.018239,1.013242,1.027502,1.031306,1.022880,1.022243,1.041884,1.037590,1.034189,1.017721,1.032005,1.022585,1.016140,1.030389,1.027931,1.023055,1.058676,1.006005,1.031681,1.052455,1.045480,1.035823,1.034737,1.037845,1.030375,1.028972,1.023575,0.983101,1.013973,1.012201,1.010918,1.029741,1.060508,1.066894,1.013217,0.988064,1.035260
5.356190,1.038456,1.021627,1.017860,1.012883,1.027170,1.030969,1.022546,1.021961,1.041761,1.037245,1.033846,1.017374,1.031654,1.022221,1.015753,1.030000,1.027541,1.022668,1.058302,1.005640,1.031303,1.052091,1.045102,1.035432,1.034377,1.037449,1.029983,1.028549,1.023148,0.982683,1.013619,1.011898,1.010606,1.029370,1.060199,1.066516,1.012868,0.987643,1.035244
5.364520,1.038285,1.021255,1.017486,1.012529,1.026843,1.030637,1.022217,1.021682,1.041642,1.036905,1.033508,1.017032,1.031308,1.021861,1.015371,1.029614,1.027155,1.022285,1.057930,1.005278,1.030928,1.051730,1.044728,1.035043,1.034021,1.037056,1.029595,1.028129,1.022724,0.982271,1.013271,1.011600,1.010297,1.029002,1.059892,1.066141,1.012522,0.987226,1.035229
5.372850,1.038116,1.020886,1.017115,1.012179,1.026521,1.030309,1.021893,1.021408,1.041525,1.036570,1.033175,1.016695,1.030967,1.021505,1.014992,1.029232,1.026772,1.021906,1.057561,1.004918,1.030556,1.051373,1.044357,1.034659,1.033669,1.036666,1.029210,1.027712,1.022304,0.981865,1.012928,1.011308,1.009990,1.028636,1.059588,1.065769,1.012180,0.986812,1.035216
5.381180,1.037950,1.020523,1.016749,1.011834,1.026203,1.029987,1.021573,1.021137,1.041410,1.036240,1.032847,1.016363,1.030631,1.021155,1.014617,1.028853,1.026393,1.021531,1.057195,1.004560,1.030188,1.051019,1.043989,1.034277,1.033320,1.036281,1.028829,1.027300,1.021888,0.981464,1.012592,1.011022,1.009686,1.028273,1.059287,1.065401,1.011841,0.986402,1.035205
5.389510,1.037787,1.020163,1.016387,1.011493,1.025890,1.029669,1.021258,1.020871,1.041299,1.035915,1.032525,1.016036,1.030300,1.020809,1.014246,1.028478,1.026018,1.021160,1.056832,1.004206,1.029823,1.050668,1.043625,1.033900,1.032976,1.035900,1.028452,1.026892,1.021475,0.981068,1.012261,1.010741,1.009384,1.027912,1.058989,1.065037,1.011505,0.985995,1.035196
5.397840,1.037627,1.019809,1.016030,1.011158,1.025582,1.029357,1.020948,1.020609,1.041190,1.035596,1.032207,1.015714,1.029974,1.020467,1.013879,1.028107,1.025647,1.020793,1.056473,1.003854,1.029463,1.050321,1.043265,1.033526,1.032636,1.035523,1.028079,1.026487,1.021067,0.980679,1.011937,1.010467,1.009085,1.027555,1.058694,1.064677,1.011174,0.985593,1.035188
5.406170,1.037470,1.019459,1.015678,1.010827,1.025279,1.029049,1.020644,1.020352,1.041084,1.035282,1.031895,1.015398,1.029654,1.020131,1.013517,1.027740,1.025281,1.020431,1.056117,1.003506,1.029106,1.049978,1.042909,1.033157,1.032301,1.035151,1.027711,1.026087,1.020663,0.980295,1.011619,1.010199,1.008789,1.027200,1.058402,1.064321,1.010846,0.985194,1.035183
5.414500,1.037316,1.019115,1.015331,1.010501,1.024981,1.028748,1.020345,1.020100,1.040981,1.034974,1.031589,1.015087,1.029338,1.019800,1.013159,1.027377,1.024919,1.020074,1.055765,1.003160,1.028754,1.049639,1.042557,1.032791,1.031970,1.034783,1.027347,1.025692,1.020264,0.979918,1.011308,1.009936,1.008496,1.026849,1.058114,1.063970,1.010522,0.984800,1.035179
5.422830,1.037165,1.018775,1.014988,1.010180,1.024689,1.028451,1.020051,1.019852,1.040882,1.034671,1.031288,1.014782,1.029029,1.019475,1.012806,1.027019,1.024562,1.019722,1.055416,1.002819,1.028406,1.049304,1.042210,1.032430,1.031644,1.034419,1.026987,1.025301,1.019869,0.979546,1.011003,1.009680,1.008206,1.026502,1.057829,1.063623,1.010203,0.984411,1.035177
5.431160,1.037018,1.018441,1.014651,1.009864,1.024402,1.028161,1.019763,1.019608,1.040785,1.034374,1.030992,1.014482,1.028725,1.019154,1.012457,1.026666,1.024209,1.019374,1.055072,1.002481,1.028062,1.048974,1.041867,1.032074,1.031323,1.034061,1.026633,1.024915,1.019479,0.979181,1.010705,1.009430,1.007919,1.026158,1.057548,1.063280,1.009887,0.984026,1.035177
5.439490,1.036874,1.018112,1.014320,1.009554,1.024120,1.027876,1.019481,1.019370,1.040691,1.034083,1.030703,1.014188,1.028427,1.018839,1.012114,1.026317,1.023862,1.019032,1.054732,1.002147,1.027723,1.048647,1.041528,1.031722,1.031007,1.033707,1.026284,1.024534,1.019094,0.978823,1.010414,1.009187,1.007636,1.025818,1.057271,1.062943,1.009576,0.983646,1.035178
5.447820,1.036733,1.017788,1.013993,1.009250,1.023845,1.027596,1.019204,1.019136,1.040601,1.033798,1.030419,1.013900,1.028135,1.018530,1.011775,1.025973,1.023519,1.018694,1.054396,1.001817,1.027389,1.048326,1.041195,1.031375,1.030696,1.033359,1.025939,1.024158,1.018714,0.978470,1.010130,1.008949,1.007357,1.025482,1.056997,1.062611,1.009269,0.983270,1.035182
5.456150,1.036596,1.017470,1.013672,1.008951,1.023574,1.027323,1.018933,1.018908,1.040513,1.033519,1.030142,1.013618,1.027849,1.018227,1.011442,1.025634,1.023182,1.018362,1.054064,1.001491,1.027059,1.048009,1.040866,1.031033,1.030390,1.033016,1.025600,1.023787,1.018339,0.978125,1.009852,1.008718,1.007081,1.025151,1.056728,1.062283,1.008967,0.982900,1.035187
5.464480,1.036462,1.017158,1.013357,1.008657,1.023310,1.027056,1.018668,1.018685,1.040429,1.033246,1.029870,1.013342,1.027568,1.017929,1.011114,1.025300,1.022850,1.018036,1.053737,1.001169,1.026735,1.047697,1.040543,1.030697,1.030089,1.032678,1.025266,1.023421,1.017970,0.977786,1.009582,1.008494,1.006809,1.024823,1.056463,1.061961,1.008670,0.982534,1.035194
5.472810,1.036332,1.016852,1.013047,1.008370,1.023051,1.026794,1.018409,1.018466,1.040347,1.032979,1.029605,1.013072,1.027294,1.017637,1.010792,1.024972,1.022523,1.017715,1.053415,1.000851,1.026416,1.047390,1.040224,1.030365,1.029793,1.032346,1.024937,1.023061,1.017606,0.977454,1.009319,1.008276,1.006540,1.024500,1.056203,1.061645,1.008377,0.982174,1.035203
5.481140,1.036205,1.016551,1.012743,1.008088,1.022798,1.026539,1.018156,1.018253,1.040269,1.032719,1.029346,1.012809,1.027026,1.017351,1.010474,1.024648,1.022202,1.017399,1.053097,1.000538,1.026101,1.047088,1.039911,1.030038,1.029503,1.032019,1.024614,1.022707,1.017248,0.977129,1.009063,1.008064,1.006276,1.024181,1.055946,1.061334,1.008089,0.981820,1.035214
5.489470,1.036081,1.016256,1.012446,1.007812,1.022552,1.026289,1.017909,1.018045,1.040194,1.032464,1.029093,1.012551,1.026764,1.017071,1.010163,1.024330,1.021886,1.017089,1.052785,1.000230,1.025793,1.046792,1.039603,1.029717,1.029218,1.031698,1.024297,1.022358,1.016895,0.976811,1.008814,1.007859,1.006016,1.023867,1.055695,1.061028,1.007805,0.981471,1.035226
5.497800,1.035961,1.015967,1.012154,1.007542,1.022311,1.026046,1.017668,1.017842,1.040123,1.032216,1.028846,1.012300,1.026509,1.016797,1.009857,1.024018,1.021576,1.016785,1.052477,0.999926,1.025489,1.046500,1.039301,1.029402,1.028939,1.031382,1.023985,1.022015,1.016548,0.976500,1.008572,1.007660,1.005760,1.023558,1.055448,1.060729,1.007527,0.981127,1.035240
5.506130,1.035844,1.015685,1.011868,1.007278,1.022076,1.025809,1.017433,1.017645,1.040054,1.031975,1.028606,1.012055,1.026259,1.016529,1.009557,1.023711,1.021272,1.016487,1.052174,0.999626,1.025191,1.046214,1.039004,1.029092,1.028666,1.031073,1.023679,1.021678,1.016207,0.976196,1.008338,1.007468,1.005508,1.023253,1.055205,1.060435,1.007254,0.980789,1.035256
5.514460,1.035732,1.015408,1.011588,1.007020,1.021847,1.025579,1.017204,1.017453,1.039989,1.031740,1.028371,1.011816,1.026016,1.016268,1.009263,1.023410,1.020974,1.016195,1.051877,0.999332,1.024899,1.045933,1.038713,1.028788,1.028398,1.030769,1.023379,1.021347,1.015872,0.975899,1.008111,1.007282,1.005260,1.022954,1.054968,1.060147,1.006986,0.980457,1.035274
5.522790,1.035622,1.015138,1.011314,1.006768,1.021625,1.025354,1.016982,1.017266,1.039927,1.031511,1.028144,1.011584,1.025780,1.016012,1.008975,1.023115,1.020682,1.015909,1.051585,0.999043,1.024612,1.045658,1.038428,1.028489,1.028136,1.030471,1.023085,1.021022,1.015544,0.975610,1.007891,1.007102,1.005017,1.022659,1.054735,1.059865,1.006723,0.980131,1.035293
5.531120,1.035516,1.014874,1.011047,1.006523,1.021408,1.025136,1.016766,1.017085,1.039868,1.031288,1.027922,1.011358,1.025550,1.015763,1.008693,1.022826,1.020395,1.015629,1.051298,0.998759,1.024331,1.045389,1.038148,1.028197,1.027880,1.030180,1.022797,1.020703,1.015221,0.975328,1.007678,1.006929,1.004778,1.022370,1.054507,1.059589,1.006465,0.979811,1.035315
5.539450,1.035414,1.014616,1.010786,1.006284,1.021198,1.024924,1.016556,1.016909,1.039812,1.031072,1.027707,1.011139,1.025326,1.015521,1.008417,1.022543,1.020115,1.015355,1.051016,0.998479,1.024056,1.045125,1.037875,1.027910,1.027630,1.029894,1.022515,1.020390,1.014905,0.975053,1.007472,1.006763,1.004544,1.022086,1.054284,1.059319,1.006213,0.979497,1.035337
5.547780,1.035316,1.014364,1.010531,1.006051,1.020994,1.024719,1.016352,1.016738,1.039759,1.030863,1.027499,1.010925,1.025108,1.015284,1.008147,1.022265,1.019841,1.015088,1.050740,0.998205,1.023787,1.044867,1.037607,1.027629,1.027386,1.029615,1.022239,1.020084,1.014595,0.974785,1.007274,1.006603,1.004315,1.021807,1.054066,1.059055,1.005966,0.979190,1.035362
5.556110,1.035221,1.014119,1.010282,1.005824,1.020795,1.024519,1.016155,1.016573,1.039710,1.030660,1.027297,1.010719,1.024898,1.015054,1.007883,1.021994,1.019573,1.014826,1.050470,0.997937,1.023523,1.044615,1.037346,1.027355,1.027147,1.029342,1.021969,1.019784,1.014291,0.974525,1.007083,1.006449,1.004090,1.021533,1.053853,1.058798,1.005724,0.978888,1.035388
5.564440,1.035130,1.013881,1.010040,1.005603,1.020604,1.024326,1.015963,1.016413,1.039664,1.030463,1.027101,1.010519,1.024693,1.014830,1.007625,1.021729,1.019311,1.014571,1.050205,0.997673,1.023266,1.044368,1.037090,1.027086,1.026915,1.029075,1.021706,1.019491,1.013994,0.974273,1.006898,1.006302,1.003869,1.021264,1.053646,1.058547,1.005488,0.978593,1.035416
5.572770,1.035042,1.013649,1.009805,1.005389,1.020418,1.024140,1.015778,1.016259,1.039621,1.030273,1.026912,1.010325,1.024495,1.014613,1.007374,1.021470,1.019056,1.014322,1.049946,0.997415,1.023015,1.044128,1.036841,1.026824,1.026689,1.028815,1.021448,1.019204,1.013704,0.974028,1.006721,1.006160,1.003654,1.021001,1.053443,1.058302,1.005257,0.978304,1.035445
5.581100,1.034958,1.013423,1.009575,1.005181,1.020238,1.023959,1.015600,1.016110,1.039581,1.030090,1.026729,1.010137,1.024303,1.014402,1.007129,1.021217,1.018807,1.014080,1.049692,0.997162,1.022770,1.043893,1.036597,1.026568,1.026469,1.028561,1.021198,1.018924,1.013420,0.973790,1.006551,1.006026,1.003443,1.020744,1.053246,1.058063,1.005032,0.978022,1.035476
5.589430,1.034878,1.013204,1.009353,1.004979,1.020065,1.023785,1.015427,1.015966,1.039544,1.029913,1.026552,1.009956,1.024118,1.014198,1.006890,1.020971,1.018564,1.013844,1.049445,0.996915,1.022531,1.043665,1.036360,1.026318,1.026255,1.028313,1.020953,1.018650,1.013143,0.973560,1.006387,1.005897,1.003237,1.020492,1.053054,1.057831,1.004812,0.977746,1.035508
5.597760,1.034801,1.012991,1.009136,1.004784,1.019897,1.023618,1.015261,1.015828,1.039510,1.029742,1.026382,1.009782,1.023939,1.014000,1.006657,1.020731,1.018328,1.013615,1.049203,0.996673,1.022298,1.043442,1.036129,1.026074,1.026047,1.028072,1.020715,1.018384,1.012873,0.973338,1.006231,1.005775,1.003036,1.020245,1.052867,1.057605,1.004598,0.977477,1.035542
5.606090,1.034728,1.012785,1.008927,1.004595,1.019736,1.023456,1.015101,1.015695,1.039479,1.029577,1.026218,1.009613,1.023767,1.013808,1.006431,1.020497,1.018098,1.013392,1.048967,0.996437,1.022071,1.043226,1.035905,1.025837,1.025845,1.027838,1.020484,1.018123,1.012609,0.973123,1.006081,1.005658,1.002839,1.020004,1.052686,1.057385,1.004390,0.977214,1.035577
5.614420,1.034659,1.012585,1.008723,1.004413,1.019581,1.023300,1.014947,1.015567,1.039451,1.029419,1.026060,1.009452,1.023601,1.013623,1.006211,1.020269,1.017874,1.013175,1.048736,0.996206,1.021850,1.043015,1.035686,1.025606,1.025649,1.027610,1.020259,1.017870,1.012353,0.972916,1.005938,1.005548,1.002648,1.019769,1.052510,1.057172,1.004187,0.976958,1.035614
5.622750,1.034593,1.012392,1.008527,1.004236,1.019432,1.023151,1.014799,1.015445,1.039427,1.029267,1.025909,1.009296,1.023441,1.013444,1.005998,1.020048,1.017657,1.012965,1.048512,0.995981,1.021636,1.042811,1.035474,1.025381,1.025459,1.027388,1.020040,1.017623,1.012103,0.972716,1.005802,1.005444,1.002461,1.019539,1.052339,1.056965,1.003989,0.976708,1.035652
5.631080,1.034531,1.012206,1.008336,1.004066,1.019289,1.023008,1.014657,1.015328,1.039405,1.029122,1.025764,1.009147,1.023288,1.013272,1.005791,1.019833,1.017446,1.012761,1.048294,0.995761,1.021428,1.042613,1.035269,1.025163,1.025276,1.027173,1.019828,1.017384,1.011860,0.972524,1.005671,1.005346,1.002279,1.019315,1.052174,1.056765,1.003798,0.976465,1.035692
5.639410,1.034472,1.012026,1.008153,1.003902,1.019151,1.022871,1.014521,1.015216,1.039386,1.028983,1.025625,1.009003,1.023141,1.013106,1.005591,1.019625,1.017242,1.012564,1.048081,0.995547,1.021226,1.042420,1.035069,1.024951,1.025099,1.026965,1.019622,1.017151,1.011623,0.972339,1.005548,1.005254,1.002102,1.019096,1.052014,1.056571,1.003612,0.976229,1.035733
5.647740,1.034417,1.011852,1.007975,1.003744,1.019020,1.022740,1.014391,1.015109,1.039370,1.028850,1.025492,1.008866,1.023000,1.012946,1.005396,1.019423,1.017045,1.012373,1.047874,0.995339,1.021031,1.042234,1.034876,1.024746,1.024928,1.026763,1.019423,1.016924,1.011394,0.972162,1.005430,1.005167,1.001930,1.018883,1.051859,1.056383,1.003431,0.976000,1.035776
5.656070,1.034366,1.011685,1.007805,1.003593,1.018895,1.022614,1.014267,1.015008,1.039357,1.028723,1.025366,1.008736,1.022865,1.012792,1.005209,1.019227,1.016853,1.012189,1.047673,0.995136,1.020841,1.042054,1.034689,1.024547,1.024763,1.026568,1.019230,1.016705,1.011172,0.971992,1.005319,1.005087,1.001763,1.018675,1.051710,1.056202,1.003256,0.975777,1.035819
5.664400,1.034318,1.011525,1.007640,1.003448,1.018775,1.022495,1.014149,1.014911,1.039347,1.028602,1.025245,1.008611,1.022736,1.012645,1.005027,1.019037,1.016668,1.012011,1.047478,0.994939,1.020658,1.041880,1.034508,1.024354,1.024604,1.026379,1.019044,1.016493,1.010956,0.971830,1.005214,1.005012,1.001601,1.018474,1.051566,1.056026,1.003087,0.975562,1.035864
5.672730,1.034273,1.011371,1.007482,1.003308,1.018661,1.022382,1.014036,1.014820,1.039339,1.028487,1.025130,1.008492,1.022614,1.012504,1.004852,1.018854,1.016490,1.011840,1.047289,0.994747,1.020481,1.041712,1.034334,1.024168,1.024451,1.026197,1.018864,1.016287,1.010748,0.971675,1.005115,1.004943,1.001444,1.018277,1.051427,1.055858,1.002923,0.975352,1.035910
5.681060,1.034233,1.011223,1.007331,1.003175,1.018553,1.022274,1.013930,1.014733,1.039334,1.028378,1.025022,1.008379,1.022497,1.012369,1.004684,1.018678,1.016318,1.011675,1.047106,0.994561,1.020311,1.041551,1.034166,1.023988,1.024304,1.026022,1.018691,1.016088,1.010546,0.971527,1.005022,1.004880,1.001292,1.018087,1.051294,1.055695,1.002765,0.975150,1.035958
5.689390,1.034195,1.011082,1.007185,1.003048,1.018450,1.022172,1.013829,1.014652,1.039332,1.028276,1.024919,1.008273,1.022387,1.012240,1.004521,1.018507,1.016153,1.011517,1.046929,0.994381,1.020146,1.041395,1.034004,1.023814,1.024163,1.025852,1.018524,1.015897,1.010351,0.971387,1.004934,1.004822,1.001144,1.017902,1.051166,1.055538,1.002613,0.974955,1.036007
5.697720,1.034161,1.010948,1.007047,1.002927,1.018354,1.022076,1.013733,1.014575,1.039333,1.028179,1.024822,1.008172,1.022283,1.012117,1.004365,1.018343,1.015993,1.011364,1.046758,0.994206,1.019988,1.041245,1.033848,1.023647,1.024029,1.025690,1.018364,1.015712,1.010164,0.971254,1.004852,1.004769,1.001002,1.017722,1.051043,1.055388,1.002466,0.974766,1.036056
5.706050,1.034131,1.010819,1.006914,1.002812,1.018262,1.021985,1.013644,1.014503,1.039336,1.028087,1.024730,1.008077,1.022184,1.012000,1.004215,1.018186,1.015841,1.011219,1.046592,0.994037,1.019836,1.041102,1.033699,1.023486,1.023900,1.025534,1.018210,1.015533,1.009983,0.971128,1.004775,1.004722,1.000864,1.017548,1.050926,1.055244,1.002325,0.974584,1.036107
5.714380,1.034104,1.010697,1.006788,1.002702,1.018176,1.021900,1.013559,1.014436,1.039342,1.028002,1.024645,1.007987,1.022091,1.011890,1.004072,1.018034,1.015694,1.011079,1.046433,0.993873,1.019690,1.040964,1.033555,1.023331,1.023777,1.025384,1.018062,1.015362,1.009809,0.971010,1.004704,1.004681,1.000731,1.017379,1.050814,1.055106,1.002189,0.974409,1.036159
5.722710,1.034080,1.010581,1.006668,1.002599,1.018096,1.021821,1.013480,1.014374,1.039350,1.027922,1.024565,1.007904,1.022004,1.011785,1.003934,1.017889,1.015554,1.010946,1.046279,0.993715,1.019550,1.040832,1.033418,1.023183,1.023660,1.025241,1.017921,1.015198,1.009641,0.970898,1.004638,1.004644,1.000603,1.017216,1.050707,1.054974,1.002059,0.974240,1.036213
5.731040,1.034060,1.010472,1.006554,1.002501,1.018020,1.021746,1.013407,1.014316,1.039361,1.027848,1.024490,1.007826,1.021923,1.011686,1.003803,1.017750,1.015420,1.010819,1.046131,0.993562,1.019417,1.040706,1.033287,1.023041,1.023549,1.025104,1.017786,1.015040,1.009481,0.970794,1.004577,1.004613,1.000480,1.017059,1.050605,1.054847,1.001934,0.974078,1.036267
5.739370,1.034043,1.010369,1.006446,1.002409,1.017951,1.021677,1.013338,1.014263,1.039374,1.027780,1.024421,1.007753,1.021847,1.011593,1.003678,1.017617,1.015293,1.010698,1.045989,0.993415,1.019289,1.040587,1.033162,1.022905,1.023444,1.024973,1.017657,1.014889,1.009328,0.970696,1.004521,1.004587,1.000362,1.016907,1.050509,1.054727,1.001815,0.973923,1.036322
5.747700,1.034029,1.010271,1.006344,1.002323,1.017886,1.021614,1.013275,1.014214,1.039389,1.027717,1.024358,1.007686,1.021777,1.011506,1.003559,1.017491,1.015171,1.010584,1.045852,0.993273,1.019168,1.040473,1.033043,1.022775,1.023345,1.024849,1.017535,1.014745,1.009181,0.970606,1.004470,1.004566,1.000248,1.016760,1.050418,1.054613,1.001701,0.973775,1.036378
5.756030,1.034019,1.010180,1.006248,1.002242,1.017826,1.021555,1.013217,1.014170,1.039407,1.027659,1.024299,1.007625,1.021712,1.011424,1.003447,1.017370,1.015056,1.010475,1.045721,0.993137,1.019052,1.040364,1.032930,1.022651,1.023251,1.024731,1.017418,1.014607,1.009041,0.970522,1.004424,1.004550,1.000139,1.016618,1.050332,1.054504,1.001592,0.973633,1.036435
5.764360,1.034011,1.010095,1.006159,1.002167,1.017772,1.021502,1.013164,1.014131,1.039428,1.027607,1.024246,1.007569,1.021653,1.011348,1.003340,1.017256,1.014947,1.010373,1.045596,0.993006,1.018943,1.040262,1.032822,1.022534,1.023163,1.024620,1.017308,1.014476,1.008908,0.970445,1.004382,1.004539,1.000035,1.016482,1.050251,1.054401,1.001489,0.973498,1.036493
5.772690,1.034007,1.010016,1.006075,1.002097,1.017722,1.021453,1.013116,1.014095,1.039450,1.027560,1.024198,1.007518,1.021599,1.011278,1.003239,1.017148,1.014844,1.010277,1.045477,0.992881,1.018839,1.040165,1.032721,1.022423,1.023081,1.024514,1.017204,1.014352,1.008781,0.970375,1.004345,1.004533,0.999936,1.016351,1.050175,1.054303,1.001391,0.973370,1.036552
5.781020,1.034007,1.009943,1.005997,1.002033,1.017677,1.021410,1.013073,1.014064,1.039475,1.027518,1.024156,1.007472,1.021550,1.011213,1.003144,1.017045,1.014747,1.010187,1.045363,0.992760,1.018742,1.040074,1.032626,1.022317,1.023004,1.024415,1.017107,1.014234,1.008661,0.970311,1.004312,1.004531,0.999841,1.016226,1.050104,1.054212,1.001299,0.973248,1.036611
5.789350,1.034009,1.009876,1.005925,1.001974,1.017638,1.021371,1.013035,1.014038,1.039501,1.027481,1.024118,1.007431,1.021507,1.011154,1.003055,1.016949,1.014656,1.010102,1.045255,0.992645,1.018650,1.039989,1.032536,1.022218,1.022933,1.024322,1.017015,1.014123,1.008548,0.970254,1.004284,1.004535,0.999750,1.016105,1.050038,1.054125,1.001211,0.973132,1.036672
5.797680,1.034014,1.009815,1.005858,1.001920,1.017603,1.021337,1.013001,1.014015,1.039530,1.027450,1.024086,1.007396,1.021469,1.011100,1.002972,1.016859,1.014571,1.010024,1.045152,0.992536,1.018564,1.039910,1.032452,1.022125,1.022868,1.024235,1.016929,1.014018,1.008441,0.970204,1.004260,1.004543,0.999665,1.015990,1.049977,1.054045,1.001129,0.973023,1.036733
5.806010,1.034023,1.009759,1.005798,1.001872,1.017572,1.021308,1.012973,1.013997,1.039561,1.027423,1.024058,1.007366,1.021436,1.011051,1.002895,1.016774,1.014491,1.009951,1.045055,0.992431,1.018483,1.039836,1.032374,1.022037,1.022807,1.024154,1.016849,1.013920,1.008341,0.970159,1.004239,1.004555,0.999584,1.015879,1.049921,1.053969,1.001052,0.972921,1.036794
5.814340,1.034034,1.009709,1.005742,1.001829,1.017547,1.021284,1.012948,1.013982,1.039594,1.027401,1.024035,1.007340,1.021408,1.011008,1.002824,1.016695,1.014418,1.009884,1.044963,0.992332,1.018409,1.039767,1.032301,1.021956,1.022753,1.024078,1.016775,1.013828,1.008248,0.970121,1.004223,1.004572,0.999507,1.015774,1.049870,1.053899,1.000980,0.972825,1.036857
5.822670,1.034049,1.009665,1.005693,1.001791,1.017525,1.021264,1.012929,1.013972,1.039629,1.027385,1.024017,1.007319,1.021385,1.010970,1.002758,1.016622,1.014351,1.009823,1.044877,0.992238,1.018340,1.039704,1.032234,1.021880,1.022703,1.024009,1.016707,1.013743,1.008160,0.970090,1.004210,1.004593,0.999435,1.015674,1.049824,1.053834,1.000913,0.972735,1.036920
5.831000,1.034066,1.009626,1.005649,1.001758,1.017509,1.021249,1.012914,1.013965,1.039666,1.027373,1.024004,1.007304,1.021367,1.010937,1.002698,1.016555,1.014289,1.009768,1.044796,0.992149,1.018277,1.039647,1.032173,1.021810,1.022659,1.023946,1.016645,1.013664,1.008080,0.970064,1.004201,1.004619,0.999367,1.015579,1.049782,1.053775,1.000851,0.972652,1.036984
5.839330,1.034087,1.009593,1.005611,1.001730,1.017497,1.021238,1.012903,1.013962,1.039705,1.027365,1.023995,1.007293,1.021354,1.010910,1.002643,1.016494,1.014233,1.009718,1.044720,0.992065,1.018219,1.039595,1.032117,1.021746,1.022620,1.023888,1.016588,1.013591,1.008005,0.970045,1.004196,1.004649,0.999304,1.015489,1.049745,1.053720,1.000794,0.972575,1.037049
5.847660,1.034110,1.009565,1.005578,1.001707,1.017489,1.021231,1.012896,1.013963,1.039745,1.027363,1.023991,1.007286,1.021345,1.010887,1.002594,1.016438,1.014183,1.009674,1.044650,0.991986,1.018167,1.039548,1.032067,1.021688,1.022586,1.023837,1.016537,1.013524,1.007937,0.970031,1.004195,1.004684,0.999245,1.015403,1.049713,1.053671,1.000742,0.972504,1.037114
5.855990,1.034136,1.009543,1.005550,1.001689,1.017485,1.021229,1.012894,1.013968,1.039788,1.027365,1.023991,1.007284,1.021341,1.010869,1.002551,1.016388,1.014138,1.009636,1.044585,0.991912,1.018121,1.039507,1.032021,1.021635,1.022557,1.023791,1.016492,1.013464,1.007875,0.970024,1.004197,1.004722,0.999191,1.015322,1.049686,1.053626,1.000694,0.972439,1.037179
5.864320,1.034165,1.009527,1.005528,1.001675,1.017486,1.021231,1.012896,1.013977,1.039832,1.027371,1.023996,1.007287,1.021342,1.010857,1.002513,1.016343,1.014099,1.009603,1.044525,0.991843,1.018080,1.039470,1.031982,1.021588,1.022534,1.023750,1.016452,1.013410,1.007819,0.970022,1.004202,1.004765,0.999140,1.015247,1.049663,1.053587,1.000652,0.972381,1.037245
5.872650,1.034197,1.009515,1.005511,1.001667,1.017491,1.021237,1.012902,1.013989,1.039878,1.027382,1.024005,1.007294,1.021348,1.010849,1.002480,1.016304,1.014065,1.009575,1.044471,0.991779,1.018044,1.039439,1.031947,1.021546,1.022515,1.023716,1.016418,1.013362,1.007770,0.970026,1.004210,1.004811,0.999094,1.015176,1.049645,1.053552,1.000614,0.972329,1.037312
5.880980,1.034231,1.009509,1.005499,1.001663,1.017500,1.021247,1.012913,1.014005,1.039925,1.027398,1.024019,1.007306,1.021358,1.010846,1.002453,1.016270,1.014037,1.009553,1.044421,0.991720,1.018014,1.039414,1.031918,1.021510,1.022501,1.023686,1.016389,1.013319,1.007727,0.970036,1.004222,1.004862,0.999053,1.015109,1.049631,1.053522,1.000582,0.972282,1.037379
5.889310,1.034268,1.009508,1.005492,1.001663,1.017513,1.021262,1.012927,1.014024,1.039974,1.027417,1.024037,1.007322,1.021372,1.010848,1.002431,1.016242,1.014014,1.009536,1.044377,0.991665,1.017989,1.039393,1.031894,1.021479,1.022492,1.023663,1.016366,1.013283,1.007689,0.970051,1.004237,1.004916,0.999015,1.015047,1.049622,1.053497,1.000553,0.972242,1.037446
5.897640,1.034308,1.009512,1.005490,1.001669,1.017530,1.021280,1.012945,1.014046,1.040025,1.027441,1.024058,1.007342,1.021391,1.010854,1.002414,1.016219,1.013996,1.009524,1.044337,0.991615,1.017969,1.039377,1.031875,1.021454,1.022488,1.023644,1.016348,1.013253,1.007658,0.970072,1.004255,1.004974,0.998982,1.014990,1.049617,1.053476,1.000530,0.972208,1.037514
5.905970,1.034351,1.009521,1.005493,1.001679,1.017551,1.021302,1.012967,1.014072,1.040077,1.027470,1.024085,1.007367,1.021414,1.010865,1.002403,1.016201,1.013984,1.009517,1.044303,0.991570,1.017954,1.039367,1.031861,1.021434,1.022489,1.023632,1.016336,1.013229,1.007633,0.970099,1.004276,1.005036,0.998953,1.014938,1.049617,1.053460,1.000511,0.972179,1.037582
5.914300,1.034396,1.009535,1.005502,1.001693,1.017576,1.021329,1.012993,1.014102,1.040131,1.027502,1.024115,1.007396,1.021442,1.010881,1.002396,1.016189,1.013977,1.009516,1.044273,0.991530,1.017945,1.039361,1.031853,1.021419,1.022495,1.023624,1.016329,1.013210,1.007613,0.970130,1.004299,1.005102,0.998928,1.014889,1.049621,1.053449,1.000496,0.972157,1.037650
5.922630,1.034443,1.009554,1.005515,1.001712,1.017605,1.021358,1.013023,1.014134,1.040186,1.027538,1.024149,1.007429,1.021473,1.010901,1.002395,1.016182,1.013976,1.009520,1.044249,0.991494,1.017941,1.039361,1.031849,1.021410,1.022505,1.023622,1.016327,1.013197,1.007600,0.970167,1.004326,1.005171,0.998907,1.014846,1.049630,1.053442,1.000487,0.972140,1.037719
5.930960,1.034494,1.009578,1.005533,1.001735,1.017637,1.021392,1.013056,1.014170,1.040243,1.027579,1.024187,1.007466,1.021509,1.010926,1.002399,1.016180,1.013979,1.009529,1.044229,0.991463,1.017941,1.039365,1.031850,1.021405,1.022520,1.023625,1.016330,1.013190,1.007592,0.970209,1.004356,1.005244,0.998890,1.014807,1.049643,1.053440,1.000481,0.972129,1.037788
5.939290,1.034546,1.009607,1.005555,1.001762,1.017674,1.021430,1.013093,1.014210,1.040301,1.027624,1.024229,1.007506,1.021549,1.010955,1.002408,1.016183,1.013988,1.009543,1.044214,0.991437,1.017947,1.039374,1.031856,1.021406,1.022539,1.023633,1.016338,1.013189,1.007590,0.970257,1.004388,1.005320,0.998876,1.014772,1.049660,1.053442,1.000480,0.972124,1.037857
5.947620,1.034601,1.009641,1.005583,1.001794,1.017714,1.021471,1.013134,1.014252,1.040361,1.027672,1.024275,1.007551,1.021593,1.010988,1.002421,1.016191,1.014001,1.009561,1.044204,0.991415,1.017958,1.039388,1.031867,1.021412,1.022563,1.023647,1.016352,1.013193,1.007593,0.970309,1.004423,1.005400,0.998867,1.014741,1.049681,1.053448,1.000483,0.972124,1.037927
5.955950,1.034659,1.009679,1.005615,1.001829,1.017757,1.021515,1.013178,1.014297,1.040421,1.027724,1.024324,1.007600,1.021641,1.011026,1.002440,1.016204,1.014020,1.009585,1.044199,0.991397,1.017974,1.039406,1.031882,1.021423,1.022591,1.023665,1.016370,1.013203,1.007603,0.970367,1.004461,1.005483,0.998862,1.014715,1.049706,1.053458,1.000491,0.972131,1.037996
5.964280,1.034719,1.009723,1.005652,1.001869,1.017804,1.021564,1.013226,1.014346,1.040483,1.027781,1.024378,1.007653,1.021693,1.011068,1.002464,1.016222,1.014043,1.009614,1.044198,0.991384,1.017994,1.039429,1.031903,1.021440,1.022624,1.023688,1.016394,1.013219,1.007618,0.970429,1.004501,1.005570,0.998861,1.014693,1.049736,1.053473,1.000503,0.972142,1.038066
5.972610,1.034781,1.009770,1.005694,1.001914,1.017855,1.021615,1.013278,1.014397,1.040547,1.027840,1.024435,1.007709,1.021749,1.011114,1.002492,1.016245,1.014072,1.009647,1.044202,0.991376,1.018020,1.039457,1.031928,1.021461,1.022661,1.023717,1.016422,1.013239,1.007638,0.970496,1.004544,1.005660,0.998864,1.014675,1.049770,1.053491,1.000519,0.972159,1.038136
5.980940,1.034846,1.009823,1.005740,1.001962,1.017909,1.021671,1.013332,1.014452,1.040611,1.027904,1.024496,1.007769,1.021809,1.011165,1.002525,1.016273,1.014105,1.009685,1.044211,0.991371,1.018050,1.039490,1.031957,1.021487,1.022702,1.023750,1.016455,1.013266,1.007664,0.970568,1.004590,1.005753,0.998870,1.014662,1.049807,1.053514,1.000540,0.972182,1.038206
5.989270,1.034913,1.009880,1.005790,1.002014,1.017967,1.021729,1.013391,1.014509,1.040677,1.027971,1.024560,1.007833,1.021873,1.011219,1.002563,1.016306,1.014143,1.009728,1.044224,0.991371,1.018085,1.039527,1.031992,1.021518,1.022748,1.023789,1.016493,1.013297,1.007695,0.970645,1.004638,1.005849,0.998880,1.014652,1.049849,1.053541,1.000564,0.972210,1.038276
5.997600,1.034982,1.009941,1.005845,1.002070,1.018028,1.021791,1.013452,1.014570,1.040744,1.028042,1.024628,1.007901,1.021940,1.011278,1.002605,1.016344,1.014186,1.009775,1.044242,0.991376,1.018124,1.039568,1.032031,1.021553,1.022798,1.023832,1.016536,1.013334,1.007732,0.970727,1.004689,1.005948,0.998894,1.014647,1.049895,1.053572,1.000593,0.972244,1.038346
6.005930,1.035054,1.010007,1.005904,1.002130,1.018092,1.021857,1.013517,1.014633,1.040812,1.028117,1.024699,1.007972,1.022011,1.011340,1.002652,1.016386,1.014233,1.009828,1.044264,0.991384,1.018169,1.039614,1.032074,1.021594,1.022852,1.023880,1.016584,1.013377,1.007774,0.970813,1.004742,1.006051,0.998912,1.014646,1.049945,1.053607,1.000626,0.972282,1.038417
6.014260,1.035127,1.010077,1.005968,1.002194,1.018160,1.021926,1.013585,1.014699,1.040881,1.028195,1.024774,1.008047,1.022086,1.011407,1.002704,1.016433,1.014286,1.009884,1.044291,0.991397,1.018218,1.039665,1.032122,1.021639,1.022910,1.023932,1.016636,1.013424,1.007822,0.970903,1.004798,1.006156,0.998934,1.014649,1.049998,1.053646,1.000663,0.972327,1.038487
6.022590,1.035203,1.010152,1.006036,1.002262,1.018231,1.021997,1.013656,1.014768,1.040951,1.028277,1.024853,1.008125,1.022164,1.011478,1.002760,1.016485,1.014343,1.009945,1.044322,0.991414,1.018271,1.039720,1.032174,1.021689,1.022972,1.023990,1.016693,1.013477,1.007875,0.970999,1.004856,1.006264,0.998959,1.014656,1.050056,1.053688,1.000704,0.972376,1.038557
6.030920,1.035281,1.010231,1.006108,1.002333,1.018305,1.022073,1.013731,1.014839,1.041022,1.028362,1.024934,1.008207,1.022246,1.011552,1.002821,1.016541,1.014404,1.010011,1.044357,0.991435,1.018329,1.039779,1.032230,1.021744,1.023038,1.024052,1.016755,1.013535,1.007933,0.971098,1.004917,1.006375,0.998988,1.014667,1.050117,1.053735,1.000749,0.972431,1.038627
6.039250,1.035361,1.010314,1.006185,1.002408,1.018382,1.022151,1.013809,1.014914,1.041094,1.028450,1.025019,1.008292,1.022331,1.011630,1.002886,1.016602,1.014470,1.010081,1.044397,0.991460,1.018392,1.039843,1.032291,1.021803,1.023109,1.024119,1.016821,1.013597,1.007996,0.971203,1.004980,1.006489,0.999020,1.014681,1.050183,1.053785,1.000798,0.972490,1.038698
6.047580,1.035443,1.010401,1.006265,1.002487,1.018463,1.022233,1.013890,1.014991,1.041167,1.028542,1.025108,1.008381,1.022420,1.011712,1.002956,1.016667,1.014540,1.010156,1.044442,0.991490,1.018459,1.039910,1.032357,1.021867,1.023183,1.024190,1.016891,1.013665,1.008064,0.971311,1.005046,1.006606,0.999056,1.014700,1.050252,1.053839,1.000850,0.972555,1.038768
6.055910,1.035527,1.010493,1.006350,1.002570,1.018547,1.022317,1.013974,1.015070,1.041242,1.028637,1.025199,1.008473,1.022513,1.011798,1.003029,1.016737,1.014615,1.010235,1.044490,0.991523,1.018530,1.039982,1.032426,1.021935,1.023261,1.024266,1.016967,1.013738,1.008138,0.971424,1.005114,1.006726,0.999096,1.014723,1.050325,1.053897,1.000907,0.972625,1.038838
6.064240,1.035613,1.010588,1.006439,1.002656,1.018633,1.022405,1.014061,1.015153,1.041317,1.028736,1.025294,1.008568,1.022609,1.011888,1.003108,1.016811,1.014695,1.010318,1.044543,0.991561,1.018606,1.040059,1.032500,1.022008,1.023343,1.024346,1.017046,1.013816,1.008216,0.971541,1.005185,1.006848,0.999139,1.014749,1.050401,1.053958,1.000967,0.972700,1.038907
6.072570,1.035701,1.010688,1.006532,1.002746,1.018723,1.022496,1.014151,1.015238,1.041393,1.028837,1.025392,1.008666,1.022708,1.011981,1.003190,1.016890,1.014778,1.010405,1.044600,0.991602,1.018686,1.040139,1.032577,1.022085,1.023429,1.024431,1.017130,1.013899,1.008299,0.971662,1.005258,1.006973,0.999186,1.014779,1.050481,1.054023,1.001032,0.972780,1.038977
6.080900,1.035791,1.010792,1.006629,1.002840,1.018816,1.022590,1.014244,1.015325,1.041470,1.028942,1.025493,1.008768,1.022810,1.012078,1.003277,1.016973,1.014866,1.010497,1.044661,0.991647,1.018770,1.040224,1.032659,1.022167,1.023518,1.024520,1.017218,1.013987,1.008388,0.971788,1.005334,1.007100,0.999236,1.014813,1.050565,1.054091,1.001100,0.972865,1.039047
6.089230,1.035883,1.010900,1.006730,1.002937,1.018913,1.022687,1.014340,1.015415,1.041547,1.029050,1.025598,1.008873,1.022916,1.012179,1.003368,1.017060,1.014959,1.010593,1.044726,0.991697,1.018859,1.040312,1.032746,1.022253,1.023612,1.024613,1.017311,1.014080,1.008481,0.971918,1.005412,1.007230,0.999289,1.014851,1.050653,1.054163,1.001171,0.972955,1.039116
6.097560,1.035976,1.011012,1.006835,1.003037,1.019012,1.022787,1.014440,1.015508,1.041626,1.029162,1.025705,1.008982,1.023025,1.012283,1.003463,1.017152,1.015055,1.010693,1.044795,0.991750,1.018951,1.040405,1.032836,1.022343,1.023709,1.024711,1.017408,1.014177,1.008579,0.972052,1.005493,1.007363,0.999347,1.014892,1.050744,1.054239,1.001247,0.973050,1.039185
6.105890,1.036072,1.011127,1.006943,1.003141,1.019114,1.022890,1.014542,1.015603,1.041705,1.029276,1.025816,1.009093,1.023138,1.012391,1.003562,1.017248,1.015156,1.010797,1.044869,0.991807,1.019048,1.040502,1.032930,1.022437,1.023810,1.024813,1.017509,1.014279,1.008682,0.972190,1.005576,1.007498,0.999407,1.014938,1.050839,1.054318,1.001326,0.973149,1.039254
6.114220,1.036169,1.011247,1.007056,1.003249,1.019219,1.022996,1.014647,1.015700,1.041786,1.029394,1.025930,1.009208,1.023253,1.012502,1.003665,1.017348,1.015261,1.010905,1.044946,0.991868,1.019149,1.040602,1.033028,1.022536,1.023914,1.024919,1.017614,1.014386,1.008790,0.972332,1.005662,1.007635,0.999471,1.014987,1.050937,1.054400,1.001409,0.973254,1.039323
6.122550,1.036268,1.011370,1.007173,1.003360,1.019327,1.023105,1.014755,1.015800,1.041867,1.029514,1.026046,1.009326,1.023372,1.012617,1.003773,1.017452,1.015370,1.011018,1.045028,0.991933,1.019254,1.040707,1.033130,1.022639,1.024023,1.025030,1.017724,1.014497,1.008903,0.972478,1.005750,1.007775,0.999538,1.015039,1.051039,1.054486,1.001495,0.973363,1.039391
6.130880,1.036369,1.011498,1.007293,1.003474,1.019438,1.023217,1.014866,1.015903,1.041948,1.029638,1.026166,1.009446,1.023494,1.012735,1.003884,1.017560,1.015483,1.011134,1.045113,0.992001,1.019364,1.040815,1.033236,1.022747,1.024134,1.025145,1.017838,1.014614,1.009020,0.972628,1.005841,1.007917,0.999609,1.015095,1.051144,1.054576,1.001585,0.973477,1.039459
6.139210,1.036471,1.011629,1.007417,1.003592,1.019552,1.023332,1.014979,1.016008,1.042031,1.029765,1.026289,1.009570,1.023619,1.012857,1.003999,1.017673,1.015601,1.011254,1.045203,0.992073,1.019477,1.040928,1.033346,1.022858,1.024250,1.025264,1.017955,1.014734,1.009142,0.972781,1.005935,1.008062,0.999683,1.015155,1.051253,1.054668,1.001679,0.973595,1.039527
6.147540,1.036575,1.011764,1.007545,1.003713,1.019668,1.023450,1.015096,1.016115,1.042114,1.029894,1.026414,1.009697,1.023748,1.012982,1.004118,1.017789,1.015722,1.011378,1.045296,0.992149,1.019594,1.041044,1.033460,1.022973,1.024369,1.025387,1.018077,1.014860,1.009269,0.972939,1.006031,1.008209,0.999760,1.015218,1.051365,1.054764,1.001776,0.973719,1.039595
6.155870,1.036681,1.011902,1.007676,1.003837,1.019788,1.023570,1.015216,1.016225,1.042198,1.030027,1.026543,1.009827,1.023879,1.013111,1.004242,1.017910,1.015847,1.011506,1.045393,0.992229,1.019715,1.041164,1.033577,1.023093,1.024491,1.025514,1.018203,1.014990,1.009400,0.973101,1.006130,1.008358,0.999841,1.015285,1.051481,1.054864,1.001876,0.973847,1.039662
6.164200,1.036788,1.012044,1.007811,1.003964,1.019910,1.023694,1.015338,1.016337,1.042283,1.030162,1.026675,1.009960,1.024013,1.013242,1.004369,1.018035,1.015976,1.011638,1.045495,0.992312,1.019840,1.041288,1.033698,1.023216,1.024617,1.025645,1.018333,1.015124,1.009536,0.973266,1.006232,1.008510,0.999925,1.015356,1.051600,1.054966,1.001980,0.973979,1.039729
6.172530,1.036897,1.012190,1.007950,1.004095,1.020035,1.023820,1.015463,1.016451,1.042368,1.030301,1.026809,1.010096,1.024151,1.013378,1.004499,1.018163,1.016110,1.011774,1.045600,0.992399,1.019969,1.041415,1.033824,1.023344,1.024746,1.025780,1.018466,1.015263,1.009676,0.973436,1.006336,1.008663,1.000012,1.015430,1.051722,1.055072,1.002088,0.974116,1.039795
6.180860,1.037007,1.012340,1.008092,1.004229,1.020163,1.023949,1.015591,1.016568,1.042454,1.030442,1.026946,1.010234,1.024291,1.013516,1.004634,1.018295,1.016247,1.011914,1.045708,0.992490,1.020102,1.041546,1.033952,1.023475,1.024879,1.025919,1.018604,1.015406,1.009821,0.973609,1.006443,1.008819,1.000102,1.015507,1.051848,1.055181,1.002199,0.974257,1.039861
6.189190,1.037119,1.012493,1.008238,1.004366,1.020294,1.024081,1.015722,1.016686,1.042541,1.030586,1.027086,1.010376,1.024435,1.013658,1.004772,1.018432,1.016387,1.012057,1.045821,0.992584,1.020238,1.041681,1.034085,1.023611,1.025015,1.026062,1.018745,1.015553,1.009970,0.973786,1.006553,1.008977,1.000196,1.015588,1.051977,1.055294,1.002313,0.974403,1.039927
6.197520,1.037232,1.012649,1.008388,1.004507,1.020428,1.024215,1.015855,1.016808,1.042628,1.030733,1.027229,1.010521,1.024581,1.013802,1.004914,1.018572,1.016532,1.012204,1.045937,0.992682,1.020379,1.041820,1.034221,1.023750,1.025154,1.026209,1.018891,1.015705,1.010124,0.973966,1.006665,1.009138,1.000292,1.015673,1.052109,1.055409,1.002431,0.974554,1.039992
6.205850,1.037347,1.012809,1.008540,1.004650,1.020564,1.024353,1.015991,1.016931,1.042716,1.030883,1.027375,1.010668,1.024730,1.013950,1.005060,1.018716,1.016681,1.012354,1.046057,0.992783,1.020523,1.041962,1.034360,1.023893,1.025297,1.026360,1.019040,1.015862,1.010282,0.974150,1.006780,1.009300,1.000392,1.015760,1.052244,1.055528,1.002551,0.974708,1.040057
6.214180,1.037463,1.012973,1.008697,1.004797,1.020703,1.024493,1.016130,1.017057,1.042804,1.031035,1.027523,1.010818,1.024882,1.014102,1.005210,1.018863,1.016833,1.012509,1.046181,0.992888,1.020670,1.042107,1.034504,1.024040,1.025443,1.026514,1.019193,1.016022,1.010444,0.974338,1.006898,1.009464,1.000495,1.015851,1.052383,1.055649,1.002676,0.974868,1.040121
6.222510,1.037580,1.013140,1.008857,1.004946,1.020845,1.024636,1.016272,1.017185,1.042893,1.031191,1.027675,1.010972,1.025037,1.014256,1.005363,1.019014,1.016988,1.012667,1.046308,0.992996,1.020822,1.042256,1.034650,1.024190,1.025592,1.026673,1.019350,1.016187,1.010611,0.974530,1.007019,1.009631,1.000601,1.015946,1.052525,1.055774,1.002803,0.975031,1.040185
6.230840,1.037699,1.013310,1.009020,1.005099,1.020989,1.024781,1.016416,1.017315,1.042982,1.031349,1.027829,1.011127,1.025195,1.014414,1.005519,1.019170,1.017148,1.012828,1.046439,0.993108,1.020977,1.042409,1.034801,1.024345,1.025744,1.026835,1.019510,1.016356,1.010782,0.974725,1.007143,1.009799,1.000710,1.016044,1.052670,1.055902,1.002934,0.975199,1.040249
6.239170,1.037819,1.013483,1.009186,1.005255,1.021136,1.024930,1.016563,1.017447,1.043073,1.031510,1.027985,1.011286,1.025356,1.014574,1.005680,1.019328,1.017311,1.012993,1.046573,0.993223,1.021135,1.042565,1.034954,1.024503,1.025900,1.027001,1.019674,1.016529,1.010957,0.974923,1.007269,1.009970,1.000822,1.016145,1.052818,1.056033,1.003068,0.975371,1.040312
6.247500,1.037940,1.013660,1.009356,1.005413,1.021286,1.025081,1.016713,1.017581,1.043163,1.031673,1.028145,1.011447,1.025519,1.014738,1.005843,1.019490,1.017478,1.013161,1.046711,0.993341,1.021297,1.042725,1.035112,1.024664,1.026058,1.027170,1.019841,1.016706,1.011136,0.975126,1.007398,1.010142,1.000937,1.016249,1.052969,1.056166,1.003205,0.975547,1.040374
6.255830,1.038063,1.013840,1.009529,1.005575,1.021439,1.025234,1.016865,1.017718,1.043254,1.031839,1.028307,1.011612,1.025686,1.014904,1.006010,1.019656,1.017648,1.013333,1.046852,0.993463,1.021463,1.042887,1.035272,1.024830,1.026220,1.027343,1.020013,1.016887,1.011320,0.975331,1.007530,1.010317,1.001055,1.016357,1.053123,1.056303,1.003345,0.975727,1.040436
6.264160,1.038186,1.014024,1.009705,1.005740,1.021594,1.025391,1.017020,1.017856,1.043346,1.032008,1.028472,1.011778,1.025855,1.015074,1.006181,1.019826,1.017822,1.013509,1.046997,0.993588,1.021632,1.043054,1.035436,1.024998,1.026385,1.027520,1.020187,1.017072,1.011507,0.975540,1.007665,1.010493,1.001177,1.016468,1.053281,1.056443,1.003488,0.975911,1.040498
6.272490,1.038311,1.014210,1.009885,1.005907,1.021751,1.025550,1.017178,1.017997,1.043438,1.032180,1.028639,1.011948,1.026026,1.015247,1.006355,1.019998,1.017999,1.013687,1.047146,0.993716,1.021804,1.043223,1.035603,1.025171,1.026553,1.027700,1.020365,1.017261,1.011699,0.975753,1.007803,1.010672,1.001301,1.016582,1.053441,1.056586,1.003634,0.976100,1.040559
6.280820,1.038437,1.014400,1.010068,1.006078,1.021911,1.025711,1.017338,1.018140,1.043530,1.032354,1.028809,1.012120,1.026201,1.015422,1.006532,1.020175,1.018179,1.013869,1.047297,0.993848,1.021980,1.043396,1.035773,1.025346,1.026724,1.027884,1.020547,1.017454,1.011894,0.975969,1.007943,1.010852,1.001427,1.016699,1.053604,1.056731,1.003783,0.976292,1.040619
6.289150,1.038564,1.014593,1.010253,1.006251,1.022074,1.025875,1.017500,1.018285,1.043623,1.032530,1.028981,1.012295,1.026378,1.015600,1.006713,1.020354,1.018363,1.014055,1.047452,0.993983,1.022159,1.043572,1.035947,1.025526,1.026898,1.028071,1.020732,1.017651,1.012094,0.976188,1.008087,1.011034,1.001557,1.016820,1.053770,1.056879,1.003936,0.976489,1.040679
6.297480,1.038692,1.014789,1.010442,1.006427,1.022239,1.026042,1.017666,1.018432,1.043716,1.032709,1.029157,1.012472,1.026558,1.015782,1.006896,1.020537,1.018551,1.014243,1.047611,0.994121,1.022341,1.043751,1.036124,1.025708,1.027075,1.028262,1.020921,1.017852,1.012297,0.976411,1.008233,1.011219,1.001690,1.016943,1.053939,1.057030,1.004091,0.976690,1.040738
6.305810,1.038821,1.014988,1.010634,1.006606,1.022407,1.026211,1.017833,1.018580,1.043810,1.032891,1.029334,1.012652,1.026740,1.015966,1.007083,1.020724,1.018741,1.014435,1.047772,0.994262,1.022527,1.043933,1.036304,1.025894,1.027255,1.028456,1.021112,1.018057,1.012505,0.976637,1.008382,1.011405,1.001825,1.017069,1.054111,1.057184,1.004249,0.976894,1.040796
6.314140,1.038951,1.015190,1.010829,1.006788,1.022577,1.026383,1.018003,1.018731,1.043904,1.033075,1.029514,1.012835,1.026925,1.016153,1.007274,1.020913,1.018935,1.014630,1.047937,0.994406,1.022716,1.044118,1.036487,1.026083,1.027437,1.028654,1.021307,1.018265,1.012716,0.976866,1.008534,1.011593,1.001964,1.017199,1.054285,1.057341,1.004410,0.977102,1.040854
6.322470,1.039082,1.015394,1.011027,1.006972,1.022749,1.026557,1.018176,1.018884,1.043999,1.033262,1.029697,1.013020,1.027112,1.016342,1.007467,1.021106,1.019132,1.014828,1.048105,0.994554,1.022908,1.044307,1.036673,1.026276,1.027623,1.028855,1.021506,1.018478,1.012931,0.977098,1.008689,1.011782,1.002105,1.017331,1.054463,1.057500,1.004574,0.977314,1.040912
6.330800,1.039214,1.015602,1.011228,1.007159,1.022924,1.026733,1.018351,1.019039,1.044094,1.033451,1.029882,1.013207,1.027302,1.016535,1.007663,1.021302,1.019332,1.015029,1.048277,0.994704,1.023103,1.044498,1.036862,1.026471,1.027811,1.029059,1.021707,1.018693,1.013150,0.977333,1.008846,1.011974,1.002248,1.017467,1.054643,1.057662,1.004741,0.977530,1.040968
6.339130,1.039346,1.015812,1.011432,1.007349,1.023102,1.026912,1.018529,1.019195,1.044189,1.033643,1.030070,1.013397,1.027495,1.016730,1.007863,1.021501,1.019535,1.015233,1.048451,0.994857,1.023301,1.044692,1.037054,1.026670,1.028002,1.029266,1.021912,1.018913,1.013372,0.977572,1.009007,1.012167,1.002395,1.017605,1.054826,1.057826,1.004910,0.977750,1.041024
6.347460,1.039480,1.016026,1.011638,1.007541,1.023281,1.027094,1.018708,1.019354,1.044284,1.033836,1.030259,1.013590,1.027690,1.016928,1.008065,1.021703,1.019741,1.015440,1.048628,0.995013,1.023502,1.044890,1.037249,1.026872,1.028196,1.029476,1.022120,1.019136,1.013598,0.977814,1.009170,1.012362,1.002544,1.017746,1.055011,1.057993,1.005082,0.977973,1.041080
6.355790,1.039614,1.016242,1.011848,1.007736,1.023463,1.027278,1.018891,1.019514,1.044380,1.034033,1.030452,1.013784,1.027887,1.017128,1.008271,1.021908,1.019950,1.015650,1.048808,0.995172,1.023706,1.045090,1.037447,1.027077,1.028392,1.029690,1.022330,1.019362,1.013828,0.978058,1.009336,1.012559,1.002695,1.017890,1.055199,1.058163,1.005257,0.978200,1.041135
6.364120,1.039749,1.016460,1.012060,1.007934,1.023648,1.027464,1.019075,1.019676,1.044476,1.034231,1.030646,1.013981,1.028087,1.017331,1.008479,1.022117,1.020163,1.015863,1.048992,0.995334,1.023913,1.045293,1.037647,1.027285,1.028591,1.029906,1.022544,1.019592,1.014061,0.978306,1.009505,1.012758,1.002849,1.018037,1.055390,1.058335,1.005434,0.978430,1.041189
6.372450,1.039885,1.016682,1.012274,1.008133,1.023834,1.027652,1.019262,1.019840,1.044573,1.034432,1.030843,1.014181,1.028289,1.017536,1.008690,1.022328,1.020378,1.016079,1.049178,0.995499,1.024123,1.045498,1.037851,1.027495,1.028793,1.030126,1.022761,1.019825,1.014298,0.978556,1.009676,1.012958,1.003006,1.018187,1.055583,1.058509,1.005614,0.978664,1.041242
6.380780,1.040021,1.016905,1.012492,1.008336,1.024023,1.027843,1.019451,1.020006,1.044670,1.034635,1.031042,1.014383,1.028494,1.017744,1.008904,1.022541,1.020596,1.016297,1.049367,0.995667,1.024335,1.045706,1.038057,1.027709,1.028997,1.030348,1.022980,1.020062,1.014538,0.978810,1.009851,1.013160,1.003165,1.018339,1.055778,1.058686,1.005797,0.978902,1.041295
6.389110,1.040158,1.017132,1.012712,1.008541,1.024214,1.028036,1.019642,1.020173,1.044766,1.034840,1.031244,1.014587,1.028700,1.017955,1.009121,1.022758,1.020816,1.016518,1.049559,0.995837,1.024550,1.045917,1.038265,1.027926,1.029203,1.030574,1.023203,1.020302,1.014781,0.979066,1.010028,1.013364,1.003327,1.018494,1.055976,1.058865,1.005982,0.979142,1.041347
6.397440,1.040295,1.017360,1.012934,1.008748,1.024407,1.028231,1.019836,1.020343,1.044864,1.035048,1.031447,1.014793,1.028909,1.018167,1.009340,1.022977,1.021039,1.016742,1.049753,0.996009,1.024768,1.046131,1.038477,1.028145,1.029412,1.030802,1.023428,1.020545,1.015028,0.979325,1.010207,1.013570,1.003490,1.018651,1.056176,1.059046,1.006169,0.979386,1.041398
6.405770,1.040433,1.017592,1.013159,1.008957,1.024602,1.028428,1.020031,1.020513,1.044961,1.035257,1.031653,1.015001,1.029120,1.018382,1.009562,1.023199,1.021265,1.016968,1.049950,0.996185,1.024989,1.046347,1.038690,1.028367,1.029624,1.031033,1.023656,1.020791,1.015278,0.979586,1.010389,1.013777,1.003657,1.018811,1.056379,1.059230,1.006359,0.979634,1.041448
6.414100,1.040572,1.017825,1.013386,1.009169,1.024799,1.028627,1.020229,1.020686,1.045058,1.035469,1.031860,1.015212,1.029334,1.018600,1.009786,1.023424,1.021494,1.017197,1.050150,0.996363,1.025212,1.046565,1.038906,1.028591,1.029837,1.031267,1.023886,1.021041,1.015531,0.979850,1.010574,1.013985,1.003825,1.018974,1.056584,1.059416,1.006551,0.979884,1.041498
6.422430,1.040711,1.018061,1.013616,1.009383,1.024998,1.028829,1.020428,1.020859,1.045156,1.035683,1.032070,1.015424,1.029549,1.018819,1.010013,1.023651,1.021725,1.017429,1.050352,0.996543,1.025437,1.046786,1.039125,1.028818,1.030053,1.031503,1.024119,1.021293,1.015787,0.980117,1.010761,1.014195,1.003996,1.019139,1.056791,1.059603,1.006746,0.980138,1.041547
6.430760,1.040850,1.018299,1.013848,1.009599,1.025199,1.029032,1.020630,1.021035,1.045254,1.035898,1.032282,1.015639,1.029766,1.019041,1.010242,1.023881,1.021959,1.017662,1.050557,0.996726,1.025665,1.047009,1.039346,1.029048,1.030271,1.031742,1.024355,1.021548,1.016046,0.980386,1.010950,1.014407,1.004169,1.019306,1.057000,1.059793,1.006943,0.980395,1.041595
6.439090,1.040990,1.018539,1.014082,1.009817,1.025402,1.029237,1.020833,1.021212,1.045352,1.036116,1.032495,1.015855,1.029986,1.019265,1.010474,1.024113,1.022195,1.017898,1.050764,0.996911,1.025895,1.047234,1.039569,1.029280,1.030491,1.031983,1.024593,1.021807,1.016308,0.980658,1.011142,1.014620,1.004344,1.019475,1.057211,1.059985,1.007142,0.980655,1.041643
6.447420,1.041130,1.018781,1.014318,1.010037,1.025607,1.029445,1.021039,1.021390,1.045450,1.036335,1.032711,1.016074,1.030207,1.019491,1.010708,1.024347,1.022433,1.018137,1.050974,0.997098,1.026128,1.047462,1.039794,1.029514,1.030714,1.032227,1.024834,1.022068,1.016573,0.980932,1.011337,1.014835,1.004521,1.019647,1.057424,1.060178,1.007343,0.980917,1.041689
6.455750,1.041270,1.019025,1.014557,1.010259,1.025814,1.029654,1.021246,1.021570,1.045548,1.036557,1.032928,1.016294,1.030430,1.019719,1.010944,1.024584,1.022673,1.018377,1.051186,0.997288,1.026362,1.047692,1.040021,1.029751,1.030938,1.032474,1.025076,1.022332,1.016841,0.981208,1.011533,1.015051,1.004700,1.019821,1.057639,1.060373,1.007546,0.981183,1.041735
6.464080,1.041411,1.019271,1.014797,1.010483,1.026022,1.029864,1.021455,1.021751,1.045646,1.036780,1.033148,1.016516,1.030656,1.019949,1.011183,1.024823,1.022916,1.018620,1.051400,0.997479,1.026599,1.047923,1.040251,1.029990,1.031164,1.032722,1.025321,1.022598,1.017112,0.981487,1.011732,1.015269,1.004881,1.019997,1.057856,1.060570,1.007751,0.981451,1.041780
6.472410,1.041552,1.019519,1.015039,1.010709,1.026232,1.030077,1.021666,1.021933,1.045744,1.037005,1.033369,1.016740,1.030882,1.020180,1.011423,1.025064,1.023161,1.018864,1.051616,0.997673,1.026838,1.048157,1.040482,1.030231,1.031392,1.032973,1.025569,1.022867,1.017385,0.981767,1.011933,1.015487,1.005064,1.020175,1.058075,1.060769,1.007958,0.981722,1.041825
6.480740,1.041693,1.019768,1.015283,1.010937,1.026444,1.030291,1.021878,1.022117,1.045842,1.037231,1.033591,1.016965,1.031111,1.020414,1.011665,1.025307,1.023407,1.019111,1.051834,0.997869,1.027079,1.048392,1.040715,1.030474,1.031622,1.033226,1.025818,1.023139,1.017661,0.982050,1.012136,1.015708,1.005249,1.020355,1.058296,1.060969,1.008166,0.981996,1.041868
6.489070,1.041834,1.020020,1.015529,1.011167,1.026657,1.030507,1.022092,1.022301,1.045940,1.037459,1.033815,1.017192,1.031341,1.020649,1.011910,1.025552,1.023656,1.019359,1.052054,0.998067,1.027321,1.048630,1.040950,1.030719,1.031854,1.033482,1.026069,1.023413,1.017939,0.982335,1.012342,1.015929,1.005435,1.020537,1.058518,1.061171,1.008377,0.982272,1.041911
6.497400,1.041975,1.020273,1.015777,1.011398,1.026871,1.030725,1.022307,1.022487,1.046038,1.037689,1.034041,1.017421,1.031573,1.020886,1.012156,1.025798,1.023907,1.019610,1.052276,0.998266,1.027566,1.048869,1.041187,1.030966,1.032087,1.033739,1.026322,1.023689,1.018219,0.982622,1.012549,1.016152,1.005623,1.020721,1.058742,1.061375,1.008590,0.982551,1.041952
6.505730,1.042116,1.020527,1.016027,1.011630,1.027088,1.030943,1.022524,1.022674,1.046136,1.037920,1.034268,1.017651,1.031806,1.021125,1.012404,1.026047,1.024159,1.019862,1.052500,0.998468,1.027812,1.049109,1.041425,1.031215,1.032322,1.033998,1.026577,1.023968,1.018502,0.982910,1.012758,1.016376,1.005813,1.020906,1.058967,1.061579,1.008804,0.982832,1.041993
6.514060,1.042257,1.020784,1.016277,1.011865,1.027305,1.031164,1.022743,1.022862,1.046233,1.038152,1.034497,1.017883,1.032041,1.021365,1.012654,1.026297,1.024413,1.020115,1.052726,0.998671,1.028060,1.049352,1.041665,1.031465,1.032559,1.034259,1.026834,1.024248,1.018788,0.983200,1.012968,1.016600,1.006005,1.021093,1.059194,1.061785,1.009019,0.983116,1.042033
6.522390,1.042399,1.021041,1.016530,1.012100,1.027524,1.031385,1.022962,1.023051,1.046331,1.038386,1.034727,1.018116,1.032277,1.021607,1.012905,1.026549,1.024669,1.020371,1.052953,0.998875,1.028309,1.049595,1.041906,1.031717,1.032797,1.034522,1.027093,1.024531,1.019075,0.983492,1.013181,1.016826,1.006197,1.021282,1.059422,1.061992,1.009237,0.983401,1.042072
6.530720,1.042540,1.021300,1.016784,1.012337,1.027744,1.031608,1.023183,1.023241,1.046428,1.038621,1.034958,1.018350,1.032514,1.021850,1.013158,1.026802,1.024926,1.020627,1.053182,0.999082,1.028560,1.049841,1.042149,1.031971,1.033037,1.034786,1.027353,1.024816,1.019364,0.983786,1.013395,1.017054,1.006392,1.021472,1.059652,1.062200,1.009456,0.983689,1.042111
6.539050,1.042680,1.021560,1.017039,1.012575,1.027965,1.031832,1.023405,1.023432,1.046526,1.038858,1.035191,1.018586,1.032753,1.022094,1.013412,1.027057,1.025185,1.020886,1.053413,0.999289,1.028812,1.050087,1.042393,1.032226,1.033277,1.035052,1.027615,1.025103,1.019656,0.984081,1.013611,1.017281,1.006587,1.021664,1.059882,1.062409,1.009676,0.983979,1.042148
6.547380,1.042821,1.021821,1.017295,1.012815,1.028187,1.032057,1.023629,1.023623,1.046623,1.039095,1.035424,1.018823,1.032993,1.022339,1.013667,1.027314,1.025445,1.021145,1.053644,0.999498,1.029065,1.050335,1.042638,1.032482,1.033519,1.035320,1.027878,1.025392,1.019949,0.984377,1.013828,1.017510,1.006784,1.021856,1.060114,1.062619,1.009897,0.984271,1.042184
6.555710,1.042962,1.022083,1.017553,1.013056,1.028410,1.032284,1.023853,1.023815,1.046720,1.039334,1.035659,1.019060,1.033234,1.022586,1.013924,1.027571,1.025706,1.021406,1.053877,0.999709,1.029320,1.050583,1.042884,1.032740,1.033763,1.035589,1.028142,1.025682,1.020244,0.984674,1.014046,1.017740,1.006982,1.022051,1.060347,1.062830,1.010120,0.984564,1.042220
6.564040,1.043102,1.022346,1.017811,1.013297,1.028634,1.032511,1.024078,1.024008,1.046816,1.039573,1.035894,1.019299,1.033475,1.022833,1.014182,1.027830,1.025968,1.021667,1.054112,0.999920,1.029576,1.050833,1.043132,1.032999,1.034007,1.035859,1.028408,1.025974,1.020541,0.984973,1.014266,1.017971,1.007181,1.022246,1.060581,1.063042,1.010344,0.984860,1.042255
6.572370,1.043241,1.022610,1.018071,1.013540,1.028859,1.032739,1.024304,1.024202,1.046912,1.039813,1.036131,1.019538,1.033718,1.023082,1.014441,1.028089,1.026232,1.021930,1.054347,1.000133,1.029832,1.051084,1.043380,1.033258,1.034252,1.036130,1.028675,1.026267,1.020839,0.985273,1.014487,1.018202,1.007381,1.022442,1.060816,1.063254,1.010569,0.985157,1.042288
6.580700,1.043381,1.022875,1.018331,1.013783,1.029085,1.032968,1.024531,1.024396,1.047008,1.040055,1.036368,1.019779,1.033962,1.023332,1.014701,1.028350,1.026496,1.022194,1.054584,1.000346,1.030090,1.051335,1.043628,1.033519,1.034498,1.036403,1.028943,1.026562,1.021139,0.985574,1.014709,1.018433,1.007582,1.022639,1.061052,1.063467,1.010795,0.985455,1.042321
6.589030,1.043520,1.023141,1.018593,1.014028,1.029311,1.033197,1.024758,1.024590,1.047104,1.040296,1.036606,1.020020,1.034206,1.023582,1.014962,1.028611,1.026761,1.022458,1.054821,1.000561,1.030348,1.051588,1.043878,1.033781,1.034745,1.036677,1.029212,1.026858,1.021440,0.985876,1.014932,1.018666,1.007784,1.022838,1.061288,1.063680,1.011022,0.985755,1.042353
6.597360,1.043658,1.023407,1.018855,1.014273,1.029538,1.033427,1.024986,1.024785,1.047199,1.040539,1.036845,1.020262,1.034451,1.023833,1.015223,1.028874,1.027027,1.022724,1.055059,1.000776,1.030607,1.051841,1.044128,1.034044,1.034993,1.036951,1.029481,1.027156,1.021743,0.986179,1.015156,1.018898,1.007987,1.023036,1.061525,1.063894,1.011250,0.986057,1.042384
6.605690,1.043797,1.023674,1.019117,1.014518,1.029766,1.033658,1.025215,1.024980,1.047293,1.040782,1.037084,1.020504,1.034696,1.024084,1.015485,1.029137,1.027294,1.022990,1.055298,1.000992,1.030867,1.052094,1.044379,1.034307,1.035242,1.037227,1.029752,1.027455,1.022046,0.986482,1.015381,1.019132,1.008190,1.023236,1.061763,1.064107,1.011479,0.986359,1.042414
6.614020,1.043934,1.023941,1.019380,1.014765,1.029994,1.033889,1.025444,1.025175,1.047387,1.041025,1.037323,1.020747,1.034942,1.024336,1.015748,1.029400,1.027561,1.023256,1.055537,1.001209,1.031127,1.052348,1.044630,1.034571,1.035491,1.037503,1.030023,1.027754,1.022351,0.986786,1.015606,1.019365,1.008394,1.023436,1.062001,1.064321,1.011709,0.986663,1.042443
6.622350,1.044071,1.024208,1.019644,1.015011,1.030222,1.034121,1.025674,1.025370,1.047481,1.041269,1.037563,1.020990,1.035189,1.024589,1.016011,1.029664,1.027829,1.023523,1.055777,1.001426,1.031388,1.052602,1.044881,1.034835,1.035740,1.037780,1.030295,1.028055,1.022656,0.987091,1.015832,1.019599,1.008599,1.023637,1.062239,1.064535,1.011939,0.986968,1.042471
6.630680,1.044207,1.024476,1.019908,1.015258,1.030450,1.034352,1.025903,1.025566,1.047574,1.041513,1.037804,1.021233,1.035435,1.024841,1.016275,1.029928,1.028097,1.023790,1.056018,1.001644,1.031648,1.052856,1.045133,1.035100,1.035990,1.038058,1.030567,1.028356,1.022963,0.987396,1.016059,1.019833,1.008804,1.023838,1.062477,1.064749,1.012170,0.987274,1.042498
6.639010,1.044343,1.024744,1.020172,1.015505,1.030679,1.034584,1.026133,1.025762,1.047666,1.041758,1.038044,1.021477,1.035682,1.025094,1.016539,1.030193,1.028366,1.024058,1.056258,1.001862,1.031909,1.053111,1.045384,1.035364,1.036241,1.038336,1.030840,1.028658,1.023270,0.987701,1.016285,1.020067,1.009009,1.024039,1.062716,1.064963,1.012401,0.987580,1.042524
6.647340,1.044477,1.025012,1.020436,1.015752,1.030908,1.034816,1.026363,1.025957,1.047758,1.042002,1.038284,1.021720,1.035929,1.025348,1.016803,1.030457,1.028634,1.024325,1.056499,1.002080,1.032170,1.053366,1.045636,1.035629,1.036491,1.038614,1.031112,1.028961,1.023578,0.988007,1.016513,1.020301,1.009214,1.024240,1.062955,1.065176,1.012633,0.987887,1.042549
6.655670,1.044611,1.025280,1.020700,1.016000,1.031136,1.035048,1.026593,1.026152,1.047850,1.042246,1.038525,1.021964,1.036176,1.025601,1.017067,1.030722,1.028903,1.024593,1.056740,1.002298,1.032431,1.053620,1.045887,1.035895,1.036742,1.038893,1.031385,1.029264,1.023886,0.988312,1.016740,1.020534,1.009420,1.024442,1.063194,1.065389,1.012865,0.988195,1.042573
6.664000,1.044745,1.025548,1.020964,1.016247,1.031365,1.035280,1.026823,1.026347,1.047940,1.042490,1.038765,1.022207,1.036423,1.025854,1.017331,1.030987,1.029172,1.024861,1.056981,1.002516,1.032692,1.053874,1.046138,1.036159,1.036993,1.039171,1.031659,1.029567,1.024195,0.988618,1.016967,1.020768,1.009626,1.024643,1.063432,1.065602,1.013097,0.988504,1.042596
6.672330,1.044877,1.025816,1.021228,1.016494,1.031593,1.035512,1.027053,1.026542,1.048030,1.042734,1.039005,1.022451,1.036669,1.026106,1.017594,1.031251,1.029440,1.025128,1.057222,1.002735,1.032953,1.054128,1.046389,1.036424,1.037243,1.039450,1.031932,1.029871,1.024504,0.988923,1.017194,1.021001,1.009831,1.024844,1.063671,1.065813,1.013330,0.988813,1.042618
6.680660,1.045008,1.026083,1.021492,1.016741,1.031821,1.035743,1.027282,1.026736,1.048119,1.042978,1.039245,1.022694,1.036915,1.026359,1.017858,1.031515,1.029708,1.025395,1.057463,1.002953,1.033213,1.054382,1.046639,1.036689,1.037494,1.039729,1.032204,1.030175,1.024813,0.989229,1.017421,1.021234,1.010037,1.025045,1.063909,1.066024,1.013562,0.989122,1.042640
6.688990,1.045139,1.026350,1.021755,1.016987,1.032048,1.035974,1.027511,1.026930,1.048207,1.043221,1.039484,1.022936,1.037161,1.026611,1.018121,1.031779,1.029976,1.025662,1.057703,1.003170,1.033473,1.054635,1.046889,1.036953,1.037744,1.040007,1.032477,1.030479,1.025123,0.989534,1.017648,1.021466,1.010242,1.025246,1.064147,1.066235,1.013795,0.989431,1.042660
6.697320,1.045268,1.026616,1.022018,1.017233,1.032275,1.036205,1.027739,1.027124,1.048295,1.043464,1.039723,1.023178,1.037406,1.026862,1.018383,1.032042,1.030243,1.025928,1.057943,1.003388,1.033732,1.054887,1.047138,1.037216,1.037994,1.040286,1.032749,1.030783,1.025432,0.989838,1.017874,1.021698,1.010447,1.025446,1.064384,1.066444,1.014027,0.989740,1.042679
6.705650,1.045397,1.026882,1.022280,1.017479,1.032502,1.036434,1.027967,1.027316,1.048381,1.043706,1.039961,1.023419,1.037651,1.027113,1.018645,1.032304,1.030510,1.026194,1.058182,1.003604,1.033990,1.055139,1.047386,1.037479,1.038244,1.040564,1.033021,1.031086,1.025741,0.990142,1.018100,1.021929,1.010651,1.025646,1.064621,1.066652,1.014259,0.990049,1.042697
6.713980,1.045524,1.027147,1.022541,1.017723,1.032727,1.036663,1.028194,1.027508,1.048467,1.043947,1.040198,1.023660,1.037894,1.027363,1.018907,1.032566,1.030775,1.026459,1.058421,1.003820,1.034248,1.055390,1.047633,1.037741,1.038493,1.040841,1.033292,1.031390,1.026050,0.990446,1.018325,1.022159,1.010855,1.025844,1.064856,1.066859,1.014491,0.990359,1.042714
6.722310,1.045650,1.027411,1.022802,1.017967,1.032952,1.036892,1.028420,1.027699,1.048552,1.044187,1.040435,1.023900,1.038137,1.027613,1.019167,1.032827,1.031040,1.026723,1.058658,1.004036,1.034504,1.055639,1.047879,1.038002,1.038741,1.041118,1.033562,1.031693,1.026358,0.990748,1.018550,1.022388,1.011058,1.026042,1.065091,1.067065,1.014723,0.990667,1.042729
6.730640,1.045775,1.027674,1.023062,1.018210,1.033176,1.037119,1.028645,1.027890,1.048636,1.044426,1.040670,1.024138,1.038379,1.027861,1.019426,1.033087,1.031305,1.026986,1.058895,1.004250,1.034760,1.055888,1.048124,1.038263,1.038989,1.041394,1.033832,1.031995,1.026666,0.991050,1.018773,1.022616,1.011261,1.026239,1.065325,1.067269,1.014954,0.990976,1.042744
6.738970,1.045899,1.027936,1.023320,1.018452,1.033399,1.037345,1.028870,1.028079,1.048719,1.044665,1.040905,1.024376,1.038620,1.028108,1.019684,1.033346,1.031568,1.027248,1.059131,1.004464,1.035014,1.056135,1.048367,1.038522,1.039236,1.041669,1.034101,1.032297,1.026973,0.991351,1.018996,1.022843,1.011463,1.026435,1.065558,1.067472,1.015185,0.991284,1.042758
6.747300,1.046021,1.028198,1.023578,1.018693,1.033621,1.037570,1.029093,1.028267,1.048800,1.044902,1.041138,1.024612,1.038860,1.028355,1.019942,1.033603,1.031829,1.027509,1.059366,1.004676,1.035267,1.056381,1.048609,1.038780,1.039482,1.041943,1.034368,1.032598,1.027280,0.991651,1.019217,1.023069,1.011663,1.026630,1.065790,1.067673,1.015415,0.991591,1.042771
6.755630,1.046143,1.028458,1.023834,1.018933,1.033841,1.037794,1.029314,1.028454,1.048881,1.045137,1.041370,1.024848,1.039098,1.028599,1.020197,1.033859,1.032090,1.027769,1.059599,1.004888,1.035519,1.056626,1.048850,1.039036,1.039727,1.042217,1.034635,1.032898,1.027585,0.991950,1.019437,1.023293,1.011863,1.026823,1.066021,1.067872,1.015644,0.991897,1.042783
6.763960,1.046262,1.028716,1.024089,1.019172,1.034060,1.038016,1.029535,1.028640,1.048960,1.045372,1.041600,1.025081,1.039335,1.028843,1.020452,1.034114,1.032349,1.028027,1.059831,1.005097,1.035769,1.056869,1.049089,1.039291,1.039971,1.042489,1.034900,1.033197,1.027890,0.992247,1.019656,1.023516,1.012062,1.027016,1.066250,1.068070,1.015873,0.992203,1.042793
6.772290,1.046381,1.028973,1.024343,1.019409,1.034278,1.038237,1.029754,1.028824,1.049039,1.045605,1.041829,1.025314,1.039571,1.029085,1.020704,1.034367,1.032607,1.028284,1.060061,1.005306,1.036018,1.057111,1.049326,1.039545,1.040214,1.042760,1.035164,1.033495,1.028194,0.992543,1.019874,1.023737,1.012259,1.027206,1.066478,1.068265,1.016101,0.992507,1.042803
6.780620,1.046498,1.029230,1.024595,1.019645,1.034495,1.038457,1.029972,1.029007,1.049116,1.045836,1.042057,1.025545,1.039805,1.029325,1.020956,1.034619,1.032863,1.028539,1.060291,1.005514,1.036265,1.057351,1.049562,1.039797,1.040456,1.043029,1.035427,1.033792,1.028496,0.992838,1.020090,1.023957,1.012456,1.027396,1.066705,1.068459,1.016328,0.992811,1.042812
6.788950,1.046614,1.029484,1.024846,1.019879,1.034709,1.038675,1.030188,1.029189,1.049193,1.046066,1.042283,1.025774,1.040037,1.029564,1.021205,1.034869,1.033118,1.028793,1.060518,1.005719,1.036510,1.057589,1.049796,1.040047,1.040697,1.043298,1.035688,1.034087,1.028798,0.993131,1.020305,1.024175,1.012651,1.027583,1.066930,1.068650,1.016554,0.993114,1.042819
6.797280,1.046728,1.029737,1.025095,1.020111,1.034922,1.038892,1.030402,1.029369,1.049268,1.046294,1.042507,1.026001,1.040268,1.029801,1.021453,1.035116,1.033370,1.029045,1.060744,1.005923,1.036753,1.057825,1.050027,1.040295,1.040936,1.043564,1.035947,1.034381,1.029097,0.993423,1.020517,1.024391,1.012844,1.027769,1.067153,1.068839,1.016779,0.993415,1.042826
6.805610,1.046841,1.029987,1.025341,1.020341,1.035133,1.039106,1.030615,1.029548,1.049341,1.046519,1.042729,1.026226,1.040496,1.030036,1.021698,1.035362,1.033621,1.029294,1.060967,1.006125,1.036994,1.058059,1.050256,1.040541,1.041173,1.043829,1.036204,1.034674,1.029396,0.993712,1.020728,1.024605,1.013036,1.027952,1.067374,1.069026,1.017002,0.993715,1.042831
6.813940,1.046951,1.030236,1.025586,1.020570,1.035343,1.039318,1.030825,1.029724,1.049413,1.046743,1.042949,1.026449,1.040722,1.030269,1.021942,1.035606,1.033870,1.029542,1.061189,1.006325,1.037233,1.058290,1.050483,1.040785,1.041409,1.044092,1.036460,1.034965,1.029692,0.994000,1.020937,1.024817,1.013226,1.028134,1.067594,1.069210,1.017224,0.994013,1.042835
6.822270,1.047061,1.030484,1.025830,1.020797,1.035550,1.039529,1.031034,1.029900,1.049484,1.046965,1.043168,1.026671,1.040947,1.030500,1.022184,1.035848,1.034117,1.029789,1.061409,1.006523,1.037470,1.058520,1.050709,1.041028,1.041643,1.044354,1.036714,1.035254,1.029987,0.994287,1.021145,1.025028,1.013415,1.028314,1.067812,1.069392,1.017446,0.994310,1.042839
6.830600,1.047169,1.030729,1.026071,1.021021,1.035756,1.039738,1.031241,1.030073,1.049554,1.047184,1.043384,1.026890,1.041169,1.030729,1.022423,1.036087,1.034361,1.030032,1.061626,1.006719,1.037704,1.058747,1.050930,1.041267,1.041876,1.044613,1.036965,1.035541,1.030280,0.994571,1.021349,1.025235,1.013601,1.028491,1.068027,1.069571,1.017665,0.994605,1.042841
6.838930,1.047275,1.030971,1.026309,1.021243,1.035958,1.039943,1.031445,1.030244,1.049622,1.047401,1.043597,1.027106,1.041389,1.030954,1.022659,1.036323,1.034602,1.030273,1.061841,1.006912,1.037935,1.058971,1.051149,1.041504,1.042106,1.044870,1.037214,1.035826,1.030571,0.994852,1.021551,1.025440,1.013785,1.028666,1.068239,1.069746,1.017883,0.994897,1.042842
6.847260,1.047380,1.031213,1.026546,1.021464,1.036160,1.040148,1.031648,1.030414,1.049689,1.047617,1.043809,1.027321,1.041607,1.031179,1.022894,1.036558,1.034843,1.030513,1.062054,1.007105,1.038165,1.059194,1.051367,1.041739,1.042335,1.045126,1.037462,1.036110,1.030860,0.995133,1.021753,1.025643,1.013969,1.028840,1.068451,1.069921,1.018100,0.995189,1.042843
6.855590,1.047482,1.031451,1.026779,1.021681,1.036358,1.040349,1.031847,1.030580,1.049754,1.047828,1.044017,1.027533,1.041821,1.031400,1.023125,1.036789,1.035079,1.030748,1.062263,1.007293,1.038391,1.059412,1.051580,1.041970,1.042561,1.045378,1.037706,1.036390,1.031147,0.995410,1.021950,1.025843,1.014148,1.029009,1.068659,1.070089,1.018315,0.995477,1.042842
6.863920,1.047583,1.031687,1.027011,1.021896,1.036554,1.040548,1.032044,1.030745,1.049818,1.048037,1.044223,1.027742,1.042033,1.031618,1.023353,1.037018,1.035313,1.030982,1.062470,1.007479,1.038614,1.059629,1.051791,1.042199,1.042786,1.045629,1.037948,1.036669,1.031431,0.995685,1.022145,1.026040,1.014326,1.029176,1.068864,1.070256,1.018528,0.995764,1.042839
6.872250,1.047683,1.031921,1.027240,1.022110,1.036748,1.040745,1.032239,1.030908,1.049881,1.048245,1.044428,1.027949,1.042243,1.031835,1.023580,1.037245,1.035546,1.031214,1.062676,1.007664,1.038836,1.059843,1.052000,1.042427,1.043009,1.045878,1.038189,1.036946,1.031714,0.995958,1.022339,1.026236,1.014503,1.029342,1.069069,1.070421,1.018740,0.996049,1.042837
6.880580,1.047780,1.032152,1.027466,1.022319,1.036938,1.040938,1.032430,1.031068,1.049941,1.048448,1.044628,1.028152,1.042449,1.032047,1.023802,1.037467,1.035773,1.031441,1.062876,1.007844,1.039053,1.060052,1.052203,1.042649,1.043228,1.046122,1.038425,1.037219,1.031993,0.996228,1.022528,1.026426,1.014675,1.029502,1.069268,1.070580,1.018949,0.996331,1.042832
6.888910,1.047875,1.032380,1.027689,1.022526,1.037126,1.041129,1.032619,1.031226,1.050000,1.048649,1.044825,1.028352,1.042652,1.032257,1.024022,1.037687,1.035999,1.031667,1.063075,1.008022,1.039267,1.060260,1.052405,1.042869,1.043446,1.046365,1.038659,1.037490,1.032269,0.996495,1.022715,1.026615,1.014846,1.029661,1.069466,1.070737,1.019156,0.996610,1.042827
6.897240,1.047969,1.032607,1.027910,1.022731,1.037313,1.041318,1.032807,1.031382,1.050058,1.048848,1.045021,1.028551,1.042854,1.032466,1.024240,1.037905,1.036223,1.031890,1.063272,1.008198,1.039480,1.060465,1.052604,1.043087,1.043662,1.046606,1.038891,1.037760,1.032545,0.996761,1.022901,1.026801,1.015016,1.029818,1.069662,1.070892,1.019363,0.996888,1.042821
6.905570,1.048060,1.032829,1.028127,1.022931,1.037494,1.041502,1.032990,1.031534,1.050114,1.049042,1.045212,1.028745,1.043051,1.032669,1.024453,1.038117,1.036441,1.032108,1.063463,1.008369,1.039686,1.060664,1.052798,1.043300,1.043874,1.046843,1.039118,1.038024,1.032815,0.997022,1.023082,1.026983,1.015180,1.029969,1.069853,1.071039,1.019566,0.997162,1.042814
6.913900,1.048150,1.033049,1.028341,1.023129,1.037674,1.041684,1.033170,1.031685,1.050168,1.049233,1.045400,1.028936,1.043245,1.032870,1.024663,1.038327,1.036658,1.032324,1.063652,1.008538,1.039891,1.060861,1.052989,1.043510,1.044084,1.047077,1.039344,1.038287,1.033083,0.997281,1.023260,1.027162,1.015343,1.030119,1.070041,1.071185,1.019767,0.997433,1.042805
6.922230,1.048238,1.033268,1.028554,1.023326,1.037851,1.041864,1.033349,1.031833,1.050221,1.049423,1.045587,1.029126,1.043437,1.033069,1.024871,1.038535,1.036872,1.032539,1.063840,1.008705,1.040093,1.061057,1.053178,1.043718,1.044293,1.047309,1.039567,1.038548,1.033350,0.997538,1.023437,1.027339,1.015504,1.030266,1.070229,1.071329,1.019967,0.997703,1.042796
6.930560,1.048323,1.033481,1.028761,1.023517,1.038024,1.042039,1.033522,1.031977,1.050271,1.049607,1.045768,1.029310,1.043624,1.033261,1.025073,1.038737,1.037080,1.032747,1.064020,1.008866,1.040289,1.061245,1.053360,1.043920,1.044497,1.047536,1.039785,1.038803,1.033611,0.997791,1.023608,1.027510,1.015660,1.030407,1.070410,1.071465,1.020163,0.997968,1.042785
6.938890,1.048407,1.033692,1.028966,1.023705,1.038194,1.042212,1.033693,1.032119,1.050320,1.049788,1.045947,1.029491,1.043808,1.033452,1.025273,1.038936,1.037286,1.032953,1.064199,1.009025,1.040483,1.061432,1.053540,1.044119,1.044699,1.047761,1.040000,1.039056,1.033870,0.998041,1.023777,1.027678,1.015814,1.030546,1.070589,1.071599,1.020357,0.998231,1.042774
6.947220,1.048489,1.033902,1.029169,1.023892,1.038362,1.042383,1.033862,1.032260,1.050368,1.049968,1.046124,1.029670,1.043990,1.033641,1.025471,1.039134,1.037490,1.033157,1.064376,1.009182,1.040675,1.061616,1.053717,1.044317,1.044899,1.047985,1.040214,1.039308,1.034128,0.998289,1.023944,1.027845,1.015967,1.030683,1.070766,1.071731,1.020550,0.998491,1.042761
6.955550,1.048568,1.034105,1.029366,1.024073,1.038525,1.042547,1.034026,1.032395,1.050413,1.050141,1.046294,1.029844,1.044166,1.033823,1.025661,1.039324,1.037687,1.033354,1.064546,1.009332,1.040859,1.061793,1.053887,1.044507,1.045094,1.048202,1.040421,1.039553,1.034379,0.998532,1.024106,1.028005,1.016113,1.030812,1.070937,1.071854,1.020738,0.998747,1.042747
6.963880,1.048645,1.034307,1.029560,1.024251,1.038685,1.042710,1.034187,1.032529,1.050457,1.050312,1.046462,1.030014,1.044339,1.034003,1.025850,1.039512,1.037882,1.033550,1.064713,1.009480,1.041041,1.061968,1.054055,1.044695,1.045288,1.048417,1.040626,1.039797,1.034628,0.998773,1.024264,1.028162,1.016258,1.030940,1.071106,1.071976,1.020925,0.998999,1.042733
6.972210,1.048721,1.034507,1.029753,1.024427,1.038844,1.042871,1.034346,1.032661,1.050500,1.050480,1.046628,1.030183,1.044511,1.034181,1.026037,1.039698,1.038076,1.033743,1.064879,1.009626,1.041222,1.062141,1.054221,1.044881,1.045479,1.048630,1.040829,1.040038,1.034875,0.999011,1.024422,1.028318,1.016400,1.031066,1.071273,1.072095,1.021111,0.999251,1.042717
6.980540,1.048794,1.034701,1.029939,1.024597,1.038996,1.043025,1.034499,1.032787,1.050539,1.050642,1.046788,1.030345,1.044675,1.034352,1.026215,1.039876,1.038261,1.033929,1.065037,1.009765,1.041394,1.062305,1.054378,1.045059,1.045665,1.048836,1.041026,1.040273,1.035115,0.999245,1.024573,1.028466,1.016537,1.031184,1.071433,1.072205,1.021291,0.999495,1.042700
6.988870,1.048865,1.034892,1.030123,1.024765,1.039146,1.043177,1.034649,1.032911,1.050577,1.050802,1.046945,1.030505,1.044837,1.034520,1.026392,1.040052,1.038445,1.034113,1.065193,1.009902,1.041564,1.062468,1.054534,1.045235,1.045849,1.049041,1.041220,1.040505,1.035353,0.999475,1.024721,1.028612,1.016671,1.031300,1.071590,1.072314,1.021470,0.999738,1.042682
6.997200,1.048935,1.035082,1.030305,1.024931,1.039294,1.043327,1.034798,1.033034,1.050615,1.050959,1.047100,1.030662,1.044997,1.034687,1.026566,1.040226,1.038626,1.034295,1.065347,1.010037,1.041732,1.062628,1.054687,1.045409,1.046032,1.049243,1.041412,1.040736,1.035590,0.999704,1.024868,1.028756,1.016804,1.031414,1.071746,1.072419,1.021648,0.999978,1.042664
7.005530,1.049001,1.035265,1.030479,1.025089,1.039435,1.043470,1.034940,1.033151,1.050649,1.051109,1.047248,1.030813,1.045150,1.034846,1.026733,1.040392,1.038800,1.034469,1.065492,1.010163,1.041891,1.062780,1.054831,1.045575,1.046208,1.049439,1.041597,1.040959,1.035819,0.999926,1.025008,1.028892,1.016930,1.031520,1.071894,1.072516,1.021820,1.000212,1.042644
7.013860,1.049065,1.035447,1.030652,1.025245,1.039574,1.043611,1.035080,1.033265,1.050681,1.051256,1.047393,1.030960,1.045300,1.035002,1.026897,1.040555,1.038971,1.034642,1.065636,1.010288,1.042048,1.062930,1.054973,1.045738,1.046382,1.049632,1.041779,1.041180,1.036045,1.000146,1.025146,1.029026,1.017054,1.031623,1.072041,1.072611,1.021990,1.000444,1.042623
7.022190,1.049127,1.035624,1.030820,1.025398,1.039709,1.043748,1.035215,1.033377,1.050712,1.051400,1.047534,1.031104,1.045446,1.035155,1.027057,1.040714,1.039138,1.034809,1.065775,1.010409,1.042201,1.063075,1.055110,1.045897,1.046553,1.049821,1.041957,1.041397,1.036268,1.000362,1.025280,1.029155,1.017174,1.031722,1.072183,1.072700,1.022158,1.000671,1.042602
7.030520,1.049187,1.035798,1.030985,1.025546,1.039841,1.043881,1.035347,1.033485,1.050741,1.051539,1.047672,1.031244,1.045588,1.035303,1.027212,1.040869,1.039301,1.034973,1.065909,1.010525,1.042349,1.063216,1.055243,1.046051,1.046721,1.050007,1.042132,1.041610,1.036487,1.000575,1.025410,1.029281,1.017291,1.031817,1.072321,1.072785,1.022322,1.000895,1.042579
7.038850,1.049245,1.035967,1.031145,1.025690,1.039968,1.044010,1.035475,1.033590,1.050768,1.051674,1.047805,1.031379,1.045725,1.035447,1.027363,1.041019,1.039459,1.035133,1.066040,1.010637,1.042493,1.063352,1.055371,1.046200,1.046885,1.050188,1.042302,1.041819,1.036701,1.000784,1.025537,1.029401,1.017403,1.031907,1.072455,1.072865,1.022484,1.001114,1.042555
7.047180,1.049300,1.036134,1.031301,1.025830,1.040092,1.044136,1.035600,1.033692,1.050793,1.051805,1.047934,1.031510,1.045859,1.035586,1.027509,1.041164,1.039613,1.035288,1.066165,1.010744,1.042631,1.063483,1.055494,1.046345,1.047045,1.050365,1.042468,1.042024,1.036912,1.000989,1.025660,1.029518,1.017512,1.031993,1.072584,1.072940,1.022642,1.001330,1.042531
7.055510,1.049353,1.036296,1.031454,1.025967,1.040212,1.044257,1.035720,1.033790,1.050816,1.051931,1.048059,1.031637,1.045988,1.035722,1.027651,1.041305,1.039762,1.035439,1.066286,1.010847,1.042766,1.063610,1.055612,1.046486,1.047202,1.050538,1.042629,1.042224,1.037118,1.001190,1.025778,1.029630,1.017617,1.032074,1.072710,1.073010,1.022797,1.001541,1.042505
7.063840,1.049404,1.036454,1.031602,1.026099,1.040328,1.044374,1.035836,1.033884,1.050838,1.052053,1.048180,1.031760,1.046112,1.035853,1.027788,1.041441,1.039907,1.035585,1.066403,1.010946,1.042895,1.063732,1.055726,1.046621,1.047355,1.050707,1.042787,1.042421,1.037319,1.001387,1.025894,1.029738,1.017718,1.032150,1.072831,1.073075,1.022950,1.001748,1.042479
7.072170,1.049453,1.036609,1.031745,1.026226,1.040440,1.044488,1.035949,1.033976,1.050857,1.052171,1.048296,1.031879,1.046233,1.035979,1.027920,1.041572,1.040048,1.035727,1.066514,1.011040,1.043020,1.063849,1.055834,1.046752,1.047505,1.050871,1.042940,1.042612,1.037517,1.001581,1.026005,1.029841,1.017815,1.032222,1.072948,1.073135,1.023099,1.001951,1.042451
7.080500,1.049500,1.036760,1.031885,1.026350,1.040548,1.044597,1.036057,1.034064,1.050874,1.052285,1.048409,1.031993,1.046349,1.036102,1.028048,1.041699,1.040184,1.035865,1.066622,1.011129,1.043140,1.063962,1.055938,1.046878,1.047651,1.051032,1.043088,1.042800,1.037710,1.001770,1.026113,1.029940,1.017908,1.032290,1.073060,1.073190,1.023244,1.002150,1.042423
7.088830,1.049544,1.036906,1.032021,1.026470,1.040652,1.044703,1.036161,1.034148,1.050890,1.052394,1.048517,1.032103,1.046461,1.036220,1.028171,1.041820,1.040315,1.035998,1.066724,1.011214,1.043255,1.064070,1.056037,1.047000,1.047793,1.051188,1.043233,1.042983,1.037898,1.001956,1.026217,1.030035,1.017997,1.032352,1.073168,1.073240,1.023387,1.002344,1.042394
7.097160,1.049586,1.037049,1.032152,1.026585,1.040753,1.044804,1.036262,1.034229,1.050904,1.052499,1.048621,1.032209,1.046569,1.036333,1.028290,1.041938,1.040442,1.036127,1.066822,1.011295,1.043366,1.064173,1.056130,1.047116,1.047932,1.051340,1.043373,1.043162,1.038082,1.002138,1.026317,1.030126,1.018082,1.032410,1.073272,1.073285,1.023526,1.002534,1.042364
7.105490,1.049626,1.037189,1.032279,1.026696,1.040849,1.044902,1.036359,1.034307,1.050916,1.052600,1.048721,1.032310,1.046672,1.036442,1.028404,1.042050,1.040564,1.036251,1.066915,1.011371,1.043471,1.064271,1.056219,1.047228,1.048067,1.051488,1.043508,1.043336,1.038262,1.002316,1.026413,1.030212,1.018163,1.032463,1.073372,1.073325,1.023662,1.002720,1.042334
7.113820,1.049664,1.037324,1.032402,1.026804,1.040941,1.044995,1.036451,1.034381,1.050926,1.052697,1.048816,1.032408,1.046771,1.036547,1.028513,1.042158,1.040682,1.036371,1.067003,1.011442,1.043572,1.064364,1.056303,1.047335,1.048199,1.051632,1.043640,1.043506,1.038437,1.002490,1.026506,1.030294,1.018240,1.032512,1.073467,1.073360,1.023795,1.002902,1.042302
7.122150,1.049699,1.037455,1.032520,1.026906,1.041030,1.045085,1.036540,1.034452,1.050934,1.052789,1.048908,1.032501,1.046865,1.036648,1.028618,1.042261,1.040795,1.036486,1.067087,1.011508,1.043668,1.064453,1.056383,1.047437,1.048326,1.051771,1.043766,1.043672,1.038608,1.002660,1.026595,1.030371,1.018312,1.032556,1.073557,1.073390,1.023925,1.003079,1.042270
7.130480,1.049732,1.037582,1.032635,1.027005,1.041115,1.045170,1.036625,1.034520,1.050941,1.052877,1.048995,1.032589,1.046956,1.036744,1.028717,1.042359,1.040904,1.036597,1.067166,1.011570,1.043760,1.064536,1.056457,1.047535,1.048451,1.051906,1.043889,1.043833,1.038775,1.002826,1.026681,1.030444,1.018381,1.032595,1.073643,1.073415,1.024051,1.003252,1.042237
7.138810,1.049764,1.037706,1.032745,1.027100,1.041195,1.045252,1.036706,1.034584,1.050946,1.052961,1.049078,1.032674,1.047042,1.036835,1.028812,1.042452,1.041008,1.036704,1.067240,1.011628,1.043846,1.064615,1.056526,1.047627,1.048571,1.052037,1.044007,1.043989,1.038936,1.002988,1.026762,1.030513,1.018446,1.032629,1.073725,1.073435,1.024174,1.003420,1.042203
7.147140,1.049792,1.037825,1.032851,1.027190,1.041272,1.045330,1.036783,1.034645,1.050949,1.053040,1.049157,1.032754,1.047123,1.036923,1.028903,1.042541,1.041107,1.036806,1.067309,1.011681,1.043927,1.064689,1.056590,1.047715,1.048688,1.052163,1.044120,1.044141,1.039094,1.003147,1.026841,1.030578,1.018506,1.032658,1.073802,1.073450,1.024294,1.003584,1.042169
7.155470,1.049819,1.037941,1.032953,1.027277,1.041345,1.045403,1.036856,1.034702,1.050950,1.053115,1.049232,1.032831,1.047201,1.037006,1.028988,1.042624,1.041202,1.036903,1.067374,1.011729,1.044004,1.064758,1.056649,1.047797,1.048801,1.052285,1.044229,1.044289,1.039246,1.003301,1.026915,1.030638,1.018562,1.032683,1.073875,1.073460,1.024410,1.003743,1.042134
7.163800,1.049844,1.038052,1.033050,1.027359,1.041414,1.045473,1.036925,1.034757,1.050950,1.053186,1.049302,1.032902,1.047274,1.037084,1.029069,1.042703,1.041292,1.036996,1.067433,1.011772,1.044076,1.064822,1.056703,1.047875,1.048910,1.052403,1.044334,1.044432,1.039394,1.003451,1.026986,1.030694,1.018614,1.032703,1.073943,1.073465,1.024523,1.003898,1.042098
7.172130,1.049866,1.038160,1.033143,1.027437,1.041480,1.045539,1.036990,1.034807,1.050947,1.053253,1.049369,1.032970,1.047343,1.037158,1.029145,1.042777,1.041377,1.037085,1.067488,1.011811,1.044143,1.064881,1.056752,1.047948,1.049016,1.052516,1.044434,1.044570,1.039538,1.003598,1.027054,1.030746,1.018663,1.032718,1.074007,1.073465,1.024633,1.004048,1.042061
7.180460,1.049887,1.038264,1.033232,1.027510,1.041541,1.045601,1.037052,1.034855,1.050944,1.053315,1.049431,1.033034,1.047407,1.037228,1.029217,1.042846,1.041458,1.037169,1.067538,1.011845,1.044204,1.064936,1.056796,1.048016,1.049118,1.052625,1.044530,1.044704,1.039676,1.003740,1.027118,1.030794,1.018706,1.032729,1.074067,1.073460,1.024740,1.004194,1.042024
7.188790,1.049905,1.038364,1.033317,1.027580,1.041599,1.045660,1.037110,1.034899,1.050938,1.053374,1.049490,1.033093,1.047468,1.037294,1.029283,1.042911,1.041534,1.037249,1.067583,1.011874,1.044262,1.064985,1.056835,1.048079,1.049217,1.052729,1.044621,1.044833,1.039811,1.003879,1.027179,1.030837,1.018746,1.032734,1.074121,1.073450,1.024843,1.004335,1.041986
7.197120,1.049921,1.038460,1.033397,1.027646,1.041653,1.045714,1.037164,1.034940,1.050931,1.053428,1.049544,1.033149,1.047524,1.037355,1.029345,1.042970,1.041606,1.037324,1.067624,1.011898,1.044314,1.065029,1.056869,1.048137,1.049311,1.052830,1.044708,1.044957,1.039940,1.004014,1.027236,1.030877,1.018782,1.032735,1.074172,1.073434,1.024943,1.004472,1.041948
7.205450,1.049936,1.038552,1.033474,1.027707,1.041703,1.045765,1.037214,1.034978,1.050922,1.053478,1.049594,1.033200,1.047576,1.037412,1.029403,1.043025,1.041673,1.037394,1.067659,1.011918,1.044361,1.065069,1.056898,1.048191,1.049402,1.052926,1.044790,1.045077,1.040065,1.004145,1.027290,1.030912,1.018813,1.032731,1.074217,1.073414,1.025039,1.004604,1.041909
7.213780,1.049948,1.038640,1.033546,1.027765,1.041750,1.045811,1.037260,1.035013,1.050911,1.053524,1.049641,1.033247,1.047624,1.037464,1.029455,1.043075,1.041735,1.037460,1.067690,1.011933,1.044403,1.065104,1.056923,1.048239,1.049490,1.053017,1.044868,1.045193,1.040185,1.004272,1.027340,1.030944,1.018840,1.032722,1.074259,1.073389,1.025133,1.004731,1.041869
7.222110,1.049958,1.038724,1.033614,1.027818,1.041792,1.045855,1.037303,1.035044,1.050899,1.053566,1.049683,1.033290,1.047668,1.037513,1.029503,1.043120,1.041793,1.037522,1.067716,1.011944,1.044441,1.065133,1.056942,1.048283,1.049573,1.053104,1.044941,1.045303,1.040301,1.004395,1.027388,1.030971,1.018863,1.032708,1.074295,1.073359,1.025223,1.004854,1.041829
7.230440,1.049966,1.038805,1.033678,1.027868,1.041831,1.045894,1.037342,1.035072,1.050886,1.053604,1.049722,1.033329,1.047708,1.037557,1.029546,1.043160,1.041846,1.037579,1.067737,1.011950,1.044474,1.065158,1.056956,1.048322,1.049654,1.053187,1.045010,1.045409,1.040412,1.004515,1.027432,1.030994,1.018882,1.032690,1.074328,1.073324,1.025309,1.004972,1.041789
7.238770,1.049972,1.038882,1.033738,1.027913,1.041867,1.045930,1.037377,1.035097,1.050871,1.053638,1.049756,1.033365,1.047744,1.037597,1.029585,1.043196,1.041894,1.037632,1.067753,1.011951,1.044502,1.065179,1.056965,1.048356,1.049730,1.053266,1.045075,1.045511,1.040518,1.004631,1.027473,1.031014,1.018897,1.032667,1.074355,1.073283,1.025393,1.005086,1.041748
7.247100,1.049977,1.038954,1.033793,1.027955,1.041899,1.045962,1.037409,1.035119,1.050854,1.053668,1.049787,1.033396,1.047775,1.037633,1.029619,1.043227,1.041938,1.037681,1.067765,1.011947,1.044525,1.065194,1.056969,1.048385,1.049803,1.053340,1.045135,1.045608,1.040620,1.004743,1.027511,1.031030,1.018908,1.032639,1.074379,1.073238,1.025473,1.005195,1.041706
7.255430,1.049979,1.039024,1.033845,1.027992,1.041927,1.045991,1.037438,1.035138,1.050836,1.053694,1.049814,1.033423,1.047803,1.037664,1.029649,1.043253,1.041978,1.037725,1.067771,1.011939,1.044543,1.065204,1.056969,1.048409,1.049872,1.053410,1.045191,1.045700,1.040717,1.004851,1.027545,1.031042,1.018914,1.032606,1.074398,1.073189,1.025550,1.005300,1.041664
7.263760,1.049979,1.039089,1.033893,1.028026,1.041952,1.046016,1.037463,1.035154,1.050817,1.053716,1.049838,1.033447,1.047827,1.037692,1.029674,1.043274,1.042013,1.037765,1.067774,1.011927,1.044557,1.065210,1.056963,1.048429,1.049938,1.053476,1.045243,1.045788,1.040809,1.004955,1.027577,1.031050,1.018917,1.032569,1.074412,1.073134,1.025624,1.005400,1.041622
7.272090,1.049978,1.039151,1.033936,1.028056,1.041974,1.046037,1.037484,1.035168,1.050796,1.053735,1.049857,1.033467,1.047847,1.037716,1.029694,1.043291,1.042044,1.037801,1.067771,1.011909,1.044566,1.065211,1.056953,1.048444,1.050001,1.053538,1.045290,1.045872,1.040897,1.005056,1.027606,1.031054,1.018915,1.032527,1.074422,1.073075,1.025694,1.005496,1.041579
7.280420,1.049975,1.039209,1.033976,1.028082,1.041992,1.046056,1.037502,1.035178,1.050774,1.053750,1.049873,1.033483,1.047864,1.037736,1.029710,1.043304,1.042070,1.037832,1.067764,1.011888,1.044570,1.065208,1.056938,1.048454,1.050060,1.053595,1.045333,1.045951,1.040981,1.005154,1.027632,1.031055,1.018910,1.032480,1.074428,1.073010,1.025762,1.005587,1.041536
7.288750,1.049970,1.039264,1.034012,1.028105,1.042006,1.046070,1.037517,1.035185,1.050750,1.053761,1.049886,1.033496,1.047876,1.037752,1.029722,1.043311,1.042092,1.037859,1.067752,1.011861,1.044570,1.065199,1.056919,1.048460,1.050115,1.053649,1.045372,1.046025,1.041060,1.005247,1.027656,1.031053,1.018900,1.032429,1.074429,1.072942,1.025826,1.005674,1.041492
7.297080,1.049963,1.039315,1.034044,1.028124,1.042018,1.046082,1.037528,1.035189,1.050725,1.053769,1.049895,1.033505,1.047885,1.037764,1.029729,1.043314,1.042110,1.037882,1.067736,1.011830,1.044565,1.065186,1.056894,1.048461,1.050167,1.053698,1.045406,1.046095,1.041134,1.005338,1.027676,1.031047,1.018887,1.032373,1.074426,1.072868,1.025887,1.005756,1.041448
7.305410,1.049954,1.039362,1.034072,1.028139,1.042026,1.046090,1.037536,1.035191,1.050699,1.053773,1.049900,1.033510,1.047890,1.037772,1.029732,1.043313,1.042123,1.037901,1.067715,1.011795,1.044555,1.065169,1.056865,1.048458,1.050216,1.053743,1.045437,1.046161,1.041204,1.005424,1.027694,1.031037,1.018869,1.032313,1.074419,1.072790,1.025945,1.005833,1.041404
7.313740,1.049944,1.039406,1.034097,1.028151,1.042031,1.046095,1.037541,1.035190,1.050672,1.053773,1.049902,1.033512,1.047892,1.037776,1.029730,1.043307,1.042132,1.037916,1.067689,1.011755,1.044541,1.065147,1.056831,1.048450,1.050261,1.053784,1.045463,1.046222,1.041269,1.005508,1.027709,1.031024,1.018847,1.032248,1.074408,1.072707,1.026000,1.005907,1.041359
7.322070,1.049932,1.039447,1.034117,1.028159,1.042033,1.046097,1.037543,1.035186,1.050643,1.053770,1.049901,1.033510,1.047890,1.037777,1.029725,1.043297,1.042137,1.037927,1.067659,1.011711,1.044522,1.065120,1.056793,1.048437,1.050303,1.053821,1.045485,1.046279,1.041330,1.005587,1.027722,1.031008,1.018822,1.032179,1.074392,1.072620,1.026052,1.005976,1.041315
7.330400,1.049918,1.039484,1.034134,1.028163,1.042032,1.046096,1.037542,1.035180,1.050613,1.053764,1.049896,1.033505,1.047885,1.037774,1.029715,1.043283,1.042138,1.037934,1.067625,1.011663,1.044499,1.065089,1.056750,1.048420,1.050342,1.053855,1.045504,1.046332,1.041387,1.005664,1.027732,1.030989,1.018793,1.032105,1.074372,1.072528,1.026101,1.006040,1.041270
7.338730,1.049903,1.039518,1.034148,1.028164,1.042027,1.046091,1.037537,1.035171,1.050583,1.053754,1.049888,1.033497,1.047876,1.037767,1.029701,1.043264,1.042134,1.037937,1.067586,1.011610,1.044472,1.065053,1.056703,1.048399,1.050378,1.053884,1.045518,1.046380,1.041439,1.005737,1.027739,1.030967,1.018760,1.032027,1.074348,1.072432,1.026147,1.006100,1.041225
7.347060,1.049886,1.039548,1.034158,1.028162,1.042020,1.046084,1.037530,1.035159,1.050551,1.053741,1.049877,1.033485,1.047864,1.037757,1.029682,1.043241,1.042127,1.037936,1.067542,1.011553,1.044440,1.065013,1.056651,1.048373,1.050410,1.053909,1.045528,1.046424,1.041487,1.005807,1.027745,1.030941,1.018723,1.031945,1.074319,1.072331,1.026190,1.006156,1.041179
7.355390,1.049868,1.039575,1.034164,1.028157,1.042010,1.046074,1.037520,1.035145,1.050517,1.053725,1.049863,1.033471,1.047848,1.037743,1.029660,1.043213,1.042115,1.037931,1.067495,1.011492,1.044404,1.064969,1.056594,1.048343,1.050440,1.053930,1.045534,1.046464,1.041531,1.005874,1.027748,1.030912,1.018682,1.031858,1.074287,1.072226,1.026230,1.006208,1.041134
7.363720,1.049848,1.039599,1.034167,1.028148,1.041997,1.046061,1.037507,1.035129,1.050483,1.053705,1.049846,1.033453,1.047830,1.037726,1.029634,1.043182,1.042100,1.037922,1.067443,1.011426,1.044364,1.064920,1.056534,1.048309,1.050466,1.053948,1.045537,1.046500,1.041570,1.005937,1.027748,1.030881,1.018638,1.031767,1.074251,1.072117,1.026267,1.006255,1.041088
7.372050,1.049826,1.039620,1.034166,1.028136,1.041981,1.046045,1.037491,1.035110,1.050448,1.053683,1.049825,1.033432,1.047808,1.037706,1.029604,1.043146,1.042081,1.037910,1.067387,1.011356,1.044319,1.064867,1.056469,1.048270,1.050489,1.053962,1.045535,1.046531,1.041606,1.005997,1.027747,1.030846,1.018590,1.031672,1.074210,1.072004,1.026301,1.006298,1.041042
7.380380,1.049803,1.039637,1.034162,1.028120,1.041962,1.046026,1.037472,1.035089,1.050412,1.053657,1.049802,1.033407,1.047783,1.037682,1.029570,1.043106,1.042057,1.037894,1.067327,1.011283,1.044271,1.064810,1.056400,1.048228,1.050509,1.053972,1.045530,1.046558,1.041637,1.006055,1.027743,1.030809,1.018538,1.031573,1.074166,1.071886,1.026333,1.006337,1.040996
7.388710,1.049779,1.039652,1.034154,1.028102,1.041941,1.046004,1.037451,1.035065,1.050375,1.053629,1.049776,1.033380,1.047755,1.037655,1.029532,1.043062,1.042030,1.037874,1.067262,1.011205,1.044218,1.064749,1.056326,1.048181,1.050526,1.053978,1.045521,1.046582,1.041664,1.006109,1.027737,1.030769,1.018482,1.031469,1.074118,1.071765,1.026361,1.006372,1.040950
7.397040,1.049753,1.039663,1.034144,1.028080,1.041916,1.045980,1.037427,1.035040,1.050337,1.053597,1.049747,1.033350,1.047723,1.037624,1.029490,1.043014,1.041999,1.037851,1.067194,1.011123,1.044161,1.064684,1.056249,1.048130,1.050540,1.053981,1.045509,1.046601,1.041687,1.006160,1.027730,1.030726,1.018423,1.031362,1.074066,1.071639,1.026387,1.006402,1.040904
7.405370,1.049726,1.039671,1.034130,1.028056,1.041890,1.045953,1.037400,1.035012,1.050298,1.053563,1.049715,1.033317,1.047689,1.037591,1.029444,1.042963,1.041965,1.037824,1.067121,1.011037,1.044100,1.064614,1.056167,1.048075,1.050551,1.053981,1.045492,1.046617,1.041705,1.006208,1.027720,1.030681,1.018361,1.031250,1.074010,1.071510,1.026411,1.006429,1.040858
7.413700,1.049697,1.039677,1.034112,1.028029,1.041860,1.045924,1.037371,1.034981,1.050259,1.053526,1.049680,1.033282,1.047652,1.037554,1.029395,1.042907,1.041926,1.037793,1.067044,1.010948,1.044035,1.064541,1.056082,1.048016,1.050560,1.053976,1.045472,1.046628,1.041720,1.006254,1.027708,1.030633,1.018295,1.031135,1.073950,1.071376,1.026431,1.006452,1.040811
7.422030,1.049667,1.039679,1.034092,1.027998,1.041829,1.045892,1.037340,1.034949,1.050218,1.053486,1.049643,1.033243,1.047613,1.037514,1.029342,1.042848,1.041884,1.037759,1.066964,1.010854,1.043967,1.064463,1.055992,1.047954,1.050566,1.053968,1.045449,1.046636,1.041731,1.006296,1.027695,1.030583,1.018225,1.031016,1.073886,1.071239,1.026449,1.006470,1.040765
7.430360,1.049636,1.039679,1.034069,1.027965,1.041794,1.045858,1.037306,1.034915,1.050177,1.053443,1.049603,1.033202,1.047570,1.037472,1.029286,1.042784,1.041839,1.037722,1.066879,1.010757,1.043894,1.064382,1.055898,1.047887,1.050568,1.053957,1.045422,1.046639,1.041738,1.006336,1.027680,1.030530,1.018152,1.030892,1.073819,1.071098,1.026465,1.006485,1.040719
7.438690,1.049604,1.039676,1.034042,1.027929,1.041758,1.045821,1.037269,1.034878,1.050135,1.053398,1.049561,1.033158,1.047525,1.037426,1.029226,1.042718,1.041790,1.037681,1.066791,1.010656,1.043818,1.064297,1.055801,1.047817,1.050569,1.053943,1.045392,1.046640,1.041741,1.006374,1.027662,1.030474,1.018076,1.030766,1.073748,1.070953,1.026478,1.006496,1.040673
7.447020,1.049570,1.039670,1.034013,1.027890,1.041719,1.045782,1.037230,1.034840,1.050092,1.053350,1.049516,1.033112,1.047477,1.037377,1.029162,1.042647,1.041737,1.037638,1.066699,1.010551,1.043737,1.064208,1.055700,1.047743,1.050566,1.053925,1.045358,1.046636,1.041741,1.006408,1.027644,1.030417,1.017996,1.030635,1.073673,1.070804,1.026488,1.006503,1.040627
7.455350,1.049535,1.039661,1.033981,1.027849,1.041678,1.045740,1.037190,1.034800,1.050049,1.053300,1.049469,1.033063,1.047426,1.037326,1.029095,1.042573,1.041681,1.037590,1.066603,1.010442,1.043654,1.064115,1.055595,1.047665,1.050561,1.053903,1.045321,1.046628,1.041736,1.006440,1.027623,1.030357,1.017913,1.030500,1.073595,1.070652,1.026496,1.006506,1.040581
7.463680,1.049500,1.039651,1.033947,1.027806,1.041635,1.045698,1.037147,1.034759,1.050005,1.053248,1.049420,1.033013,1.047374,1.037273,1.029027,1.042497,1.041624,1.037542,1.066506,1.010332,1.043568,1.064021,1.055487,1.047586,1.050555,1.053880,1.045282,1.046619,1.041730,1.006471,1.027602,1.030296,1.017829,1.030364,1.073515,1.070498,1.026503,1.006507,1.040535
7.472010,1.049462,1.039636,1.033908,1.027758,1.041589,1.045651,1.037101,1.034714,1.049960,1.053192,1.049367,1.032958,1.047318,1.037215,1.028951,1.042414,1.041560,1.037487,1.066401,1.010214,1.043475,1.063919,1.055373,1.047499,1.050544,1.053851,1.045238,1.046603,1.041717,1.006497,1.027578,1.030231,1.017738,1.030221,1.073429,1.070337,1.026505,1.006502,1.040488
7.480340,1.049424,1.039620,1.033867,1.027709,1.041541,1.045603,1.037054,1.034668,1.049915,1.053135,1.049313,1.032902,1.047260,1.037156,1.028875,1.042330,1.041494,1.037431,1.066294,1.010095,1.043381,1.063816,1.055258,1.047411,1.050531,1.053821,1.045191,1.046585,1.041702,1.006522,1.027553,1.030165,1.017645,1.030076,1.073341,1.070175,1.026506,1.006494,1.040443
7.488670,1.049386,1.039603,1.033825,1.027659,1.041492,1.045554,1.037005,1.034622,1.049869,1.053076,1.049257,1.032844,1.047201,1.037095,1.028796,1.042243,1.041427,1.037373,1.066186,1.009975,1.043285,1.063710,1.055140,1.047321,1.050517,1.053788,1.045143,1.046565,1.041684,1.006545,1.027527,1.030098,1.017551,1.029929,1.073250,1.070011,1.026506,1.006484,1.040397
7.497000,1.049345,1.039581,1.033778,1.027604,1.041439,1.045501,1.036953,1.034572,1.049822,1.053013,1.049198,1.032783,1.047137,1.037029,1.028712,1.042151,1.041353,1.037309,1.066071,1.009847,1.043182,1.063599,1.055016,1.047224,1.050499,1.053751,1.045089,1.046539,1.041661,1.006564,1.027498,1.030027,1.017451,1.029776,1.073154,1.069840,1.026501,1.006468,1.040351
7.505330,1.049304,1.039557,1.033730,1.027548,1.041385,1.045448,1.036899,1.034521,1.049775,1.052949,1.049137,1.032720,1.047072,1.036962,1.028626,1.042056,1.041279,1.037244,1.065954,1.009718,1.043078,1.063485,1.054890,1.047126,1.050480,1.053711,1.045033,1.046511,1.041635,1.006582,1.027469,1.029956,1.017350,1.029621,1.073056,1.069669,1.026496,1.006450,1.040306
7.513660,1.049262,1.039532,1.033680,1.027490,1.041331,1.045393,1.036845,1.034469,1.049728,1.052884,1.049075,1.032656,1.047006,1.036894,1.028538,1.041960,1.041202,1.037177,1.065836,1.009588,1.042971,1.063370,1.054762,1.047026,1.050459,1.053670,1.044976,1.046481,1.041608,1.006599,1.027439,1.029883,1.017247,1.029465,1.072956,1.069495,1.026489,1.006430,1.040261
7.521990,1.049219,1.039503,1.033626,1.027428,1.041272,1.045334,1.036787,1.034415,1.049680,1.052815,1.049009,1.032588,1.046936,1.036821,1.028445,1.041858,1.041120,1.037105,1.065711,1.009451,1.042859,1.063248,1.054628,1.046919,1.050434,1.053623,1.044913,1.046445,1.041574,1.006612,1.027406,1.029806,1.017138,1.029302,1.072850,1.069315,1.026478,1.006404,1.040216
7.530320,1.049175,1.039473,1.033570,1.027365,1.041213,1.045275,1.036728,1.034359,1.049632,1.052744,1.048942,1.032519,1.046864,1.036747,1.028350,1.041755,1.041036,1.037032,1.065584,1.009312,1.042745,1.063125,1.054492,1.046812,1.050408,1.053575,1.044849,1.046407,1.041539,1.006623,1.027373,1.029729,1.017028,1.029137,1.072743,1.069134,1.026466,1.006375,1.040171
7.538650,1.049131,1.039442,1.033513,1.027301,1.041152,1.045214,1.036668,1.034303,1.049583,1.052673,1.048875,1.032449,1.046792,1.036671,1.028254,1.041649,1.040951,1.036957,1.065456,1.009172,1.042629,1.063000,1.054355,1.046702,1.050381,1.053525,1.044783,1.046368,1.041501,1.006633,1.027339,1.029651,1.016917,1.028971,1.072634,1.068951,1.026453,1.006345,1.040127
7.546980,1.049085,1.039406,1.033451,1.027233,1.041088,1.045150,1.036604,1.034244,1.049534,1.052598,1.048803,1.032375,1.046716,1.036591,1.028152,1.041538,1.040860,1.036877,1.065322,1.009025,1.042508,1.062869,1.054211,1.046586,1.050350,1.053470,1.044712,1.046322,1.041458,1.006640,1.027302,1.029570,1.016799,1.028799,1.072519,1.068763,1.026436,1.006309,1.040082
7.555310,1.049038,1.039369,1.033388,1.027164,1.041023,1.045085,1.036540,1.034184,1.049485,1.052522,1.048731,1.032300,1.046638,1.036510,1.028049,1.041426,1.040768,1.036796,1.065186,1.008878,1.042384,1.062736,1.054066,1.046469,1.050317,1.053414,1.044640,1.046275,1.041413,1.006646,1.027266,1.029487,1.016681,1.028625,1.072402,1.068573,1.026418,1.006271,1.040038
7.563640,1.048991,1.039332,1.033324,1.027093,1.040958,1.045020,1.036475,1.034124,1.049435,1.052445,1.048657,1.032224,1.046560,1.036428,1.027944,1.041311,1.040674,1.036713,1.065048,1.008728,1.042259,1.062601,1.053919,1.046351,1.050284,1.053356,1.044566,1.046226,1.041366,1.006650,1.027228,1.029404,1.016561,1.028450,1.072284,1.068381,1.026399,1.006231,1.039995
7.571970,1.048943,1.039290,1.033256,1.027019,1.040889,1.044951,1.036407,1.034060,1.049384,1.052364,1.048580,1.032145,1.046477,1.036342,1.027834,1.041192,1.040575,1.036625,1.064905,1.008573,1.042129,1.062461,1.053767,1.046226,1.050247,1.053293,1.044487,1.046172,1.041314,1.006651,1.027188,1.029318,1.016436,1.028269,1.072160,1.068185,1.026376,1.006185,1.039951
7.580300,1.048894,1.039247,1.033186,1.026943,1.040819,1.044881,1.036337,1.033997,1.049334,1.052282,1.048503,1.032064,1.046394,1.036255,1.027723,1.041070,1.040475,1.036537,1.064760,1.008417,1.041997,1.062320,1.053613,1.046101,1.050208,1.053229,1.044406,1.046116,1.041260,1.006651,1.027148,1.029231,1.016309,1.028087,1.072035,1.067987,1.026353,1.006138,1.039908
7.588630,1.048845,1.039203,1.033115,1.026867,1.040748,1.044810,1.036267,1.033932,1.049283,1.052200,1.048424,1.031983,1.046310,1.036166,1.027610,1.040948,1.040374,1.036446,1.064614,1.008259,1.041863,1.062176,1.053457,1.045973,1.050169,1.053164,1.044325,1.046058,1.041204,1.006650,1.027107,1.029143,1.016182,1.027903,1.071908,1.067787,1.026328,1.006088,1.039865
7.596960,1.048795,1.039156,1.033041,1.026787,1.040675,1.044737,1.036194,1.033865,1.049232,1.052114,1.048342,1.031898,1.046223,1.036074,1.027493,1.040820,1.040267,1.036352,1.064462,1.008095,1.041725,1.062028,1.053297,1.045841,1.050126,1.053094,1.044238,1.045995,1.041143,1.006646,1.027064,1.029053,1.016049,1.027714,1.071776,1.067583,1.026300,1.006034,1.039823
7.605290,1.048744,1.039108,1.032965,1.026706,1.040600,1.044662,1.036121,1.033797,1.049181,1.052027,1.048260,1.031813,1.046134,1.035981,1.027374,1.040691,1.040160,1.036256,1.064309,1.007931,1.041584,1.061878,1.053135,1.045707,1.050082,1.053022,1.044151,1.045931,1.041080,1.006641,1.027021,1.028962,1.015915,1.027524,1.071642,1.067377,1.026271,1.005978,1.039781
7.613620,1.048693,1.039059,1.032888,1.026624,1.040525,1.044587,1.036046,1.033729,1.049130,1.051940,1.048176,1.031726,1.046045,1.035886,1.027254,1.040560,1.040051,1.036159,1.064154,1.007765,1.041443,1.061727,1.052971,1.045571,1.050037,1.052949,1.044061,1.045865,1.041015,1.006635,1.026977,1.028870,1.015779,1.027332,1.071507,1.067171,1.026241,1.005920,1.039739
7.621950,1.048641,1.039006,1.032808,1.026538,1.040447,1.044509,1.035969,1.033659,1.049078,1.051849,1.048089,1.031637,1.045952,1.035789,1.027129,1.040425,1.039937,1.036058,1.063994,1.007594,1.041296,1.061570,1.052802,1.045431,1.049989,1.052873,1.043968,1.045794,1.040946,1.006626,1.026931,1.028775,1.015640,1.027136,1.071368,1.066959,1.026208,1.005857,1.039697
7.630280,1.048589,1.038953,1.032727,1.026452,1.040369,1.044430,1.035891,1.033587,1.049026,1.051758,1.048002,1.031546,1.045859,1.035690,1.027004,1.040289,1.039823,1.035955,1.063833,1.007421,1.041148,1.061412,1.052632,1.045289,1.049940,1.052794,1.043874,1.045722,1.040875,1.006616,1.026885,1.028680,1.015499,1.026938,1.071227,1.066747,1.026174,1.005792,1.039657
7.638610,1.048536,1.038898,1.032644,1.026365,1.040289,1.044351,1.035812,1.033516,1.048974,1.051666,1.047914,1.031455,1.045764,1.035590,1.026877,1.040150,1.039707,1.035852,1.063670,1.007248,1.040999,1.061253,1.052461,1.045146,1.049890,1.052715,1.043778,1.045648,1.040803,1.006605,1.026838,1.028584,1.015356,1.026739,1.071084,1.066533,1.026139,1.005726,1.039616
7.646940,1.048482,1.038841,1.032558,1.026275,1.040207,1.044269,1.035731,1.033442,1.048922,1.051571,1.047823,1.031361,1.045667,1.035487,1.026745,1.040008,1.039587,1.035744,1.063503,1.007069,1.040845,1.061089,1.052285,1.044999,1.049838,1.052631,1.043678,1.045569,1.040726,1.006592,1.026789,1.028486,1.015209,1.026535,1.070937,1.066315,1.026101,1.005655,1.039576
7.655270,1.048428,1.038782,1.032472,1.026184,1.040125,1.044186,1.035649,1.033368,1.048869,1.051475,1.047732,1.031266,1.045569,1.035383,1.026613,1.039865,1.039466,1.035636,1.063334,1.006890,1.040690,1.060924,1.052108,1.044850,1.049784,1.052547,1.043577,1.045490,1.040647,1.006578,1.026740,1.028387,1.015062,1.026330,1.070789,1.066097,1.026063,1.005583,1.039536
7.663600,1.048374,1.038723,1.032384,1.026092,1.040041,1.044103,1.035566,1.033293,1.048817,1.051378,1.047639,1.031171,1.045470,1.035278,1.026479,1.039720,1.039343,1.035526,1.063165,1.006709,1.040534,1.060758,1.051929,1.044700,1.049729,1.052461,1.043475,1.045408,1.040567,1.006564,1.026690,1.028288,1.014913,1.026124,1.070639,1.065877,1.026023,1.005509,1.039497
7.671930,1.048319,1.038661,1.032293,1.025997,1.039956,1.044017,1.035482,1.033216,1.048764,1.051279,1.047545,1.031072,1.045368,1.035170,1.026342,1.039571,1.039217,1.035413,1.062990,1.006524,1.040373,1.060587,1.051747,1.044546,1.049672,1.052372,1.043369,1.045323,1.040483,1.006547,1.026639,1.028186,1.014760,1.025914,1.070485,1.065653,1.025981,1.005431,1.039458
7.680260,1.048264,1.038599,1.032202,1.025902,1.039870,1.043932,1.035397,1.033139,1.048712,1.051180,1.047450,1.030974,1.045267,1.035062,1.026204,1.039421,1.039090,1.035299,1.062816,1.006339,1.040212,1.060416,1.051564,1.044391,1.049615,1.052282,1.043262,1.045237,1.040398,1.006529,1.026588,1.028085,1.014607,1.025704,1.070331,1.065429,1.025939,1.005352,1.039419
7.688590,1.048208,1.038535,1.032108,1.025804,1.039782,1.043844,1.035309,1.033061,1.048659,1.051078,1.047352,1.030873,1.045162,1.034951,1.026063,1.039268,1.038960,1.035183,1.062637,1.006150,1.040047,1.060241,1.051377,1.044232,1.049555,1.052189,1.043153,1.045147,1.040309,1.006510,1.026535,1.027981,1.014450,1.025490,1.070172,1.065202,1.025894,1.005269,1.039381
7.696920,1.048152,1.038469,1.032013,1.025706,1.039693,1.043755,1.035221,1.032982,1.048606,1.050976,1.047255,1.030772,1.045057,1.034839,1.025921,1.039114,1.038829,1.035065,1.062457,1.005959,1.039881,1.060065,1.051189,1.044073,1.049494,1.052094,1.043042,1.045056,1.040219,1.006490,1.026482,1.027877,1.014292,1.025275,1.070013,1.064974,1.025848,1.005184,1.039343
7.705250,1.048096,1.038403,1.031917,1.025607,1.039604,1.043666,1.035133,1.032902,1.048553,1.050873,1.047156,1.030670,1.044951,1.034727,1.025777,1.038959,1.038697,1.034946,1.062276,1.005768,1.039714,1.059887,1.050999,1.043912,1.049433,1.051999,1.042930,1.044964,1.040127,1.006469,1.026428,1.027772,1.014132,1.025058,1.069852,1.064745,1.025802,1.005098,1.039306
7.713580,1.048039,1.038335,1.031819,1.025505,1.039512,1.043574,1.035042,1.032821,1.048500,1.050767,1.047055,1.030565,1.044843,1.034612,1.025630,1.038800,1.038561,1.034824,1.062091,1.005573,1.039543,1.059706,1.050806,1.043747,1.049369,1.051900,1.042815,1.044868,1.040032,1.006447,1.026373,1.027665,1.013970,1.024839,1.069687,1.064513,1.025753,1.005009,1.039269
7.721910,1.047982,1.038266,1.031720,1.025402,1.039420,1.043483,1.034951,1.032740,1.048447,1.050661,1.046954,1.030460,1.044734,1.034495,1.025483,1.038639,1.038425,1.034701,1.061906,1.005377,1.039371,1.059523,1.050612,1.043581,1.049304,1.051801,1.042699,1.044770,1.039935,1.006424,1.026317,1.027558,1.013806,1.024618,1.069522,1.064280,1.025704,1.004918,1.039234
7.730240,1.047925,1.038196,1.031620,1.025299,1.039328,1.043390,1.034860,1.032658,1.048395,1.050554,1.046851,1.030354,1.044625,1.034379,1.025334,1.038478,1.038287,1.034578,1.061718,1.005179,1.039198,1.059340,1.050417,1.043415,1.049239,1.051700,1.042582,1.044672,1.039837,1.006400,1.026261,1.027450,1.013642,1.024396,1.069355,1.064046,1.025654,1.004825,1.039198
7.738570,1.047867,1.038124,1.031518,1.025194,1.039234,1.043296,1.034766,1.032574,1.048341,1.050446,1.046747,1.030246,1.044513,1.034259,1.025182,1.038314,1.038147,1.034451,1.061528,1.004979,1.039021,1.059153,1.050219,1.043244,1.049172,1.051597,1.042462,1.044570,1.039736,1.006375,1.026204,1.027340,1.013474,1.024171,1.069185,1.063809,1.025602,1.004729,1.039162
7.746900,1.047810,1.038051,1.031414,1.025088,1.039139,1.043201,1.034672,1.032490,1.048289,1.050336,1.046643,1.030138,1.044401,1.034139,1.025029,1.038148,1.038005,1.034324,1.061336,1.004777,1.038843,1.058965,1.050020,1.043073,1.049104,1.051492,1.042341,1.044467,1.039633,1.006349,1.026146,1.027230,1.013305,1.023946,1.069013,1.063572,1.025549,1.004632,1.039128
7.755230,1.047752,1.037978,1.031311,1.024981,1.039043,1.043105,1.034578,1.032406,1.048236,1.050226,1.046537,1.030029,1.044288,1.034019,1.024875,1.037982,1.037863,1.034196,1.061144,1.004575,1.038665,1.058776,1.049819,1.042901,1.049035,1.051387,1.042219,1.044362,1.039530,1.006323,1.026088,1.027120,1.013135,1.023719,1.068841,1.063334,1.025496,1.004534,1.039094
7.763560,1.047694,1.037903,1.031205,1.024872,1.038946,1.043008,1.034481,1.032320,1.048183,1.050114,1.046430,1.029918,1.044173,1.033896,1.024719,1.037812,1.037717,1.034065,1.060948,1.004369,1.038483,1.058583,1.049616,1.042726,1.048965,1.051279,1.042094,1.044255,1.039423,1.006295,1.026029,1.027008,1.012962,1.023489,1.068665,1.063093,1.025441,1.004432,1.039060
7.771890,1.047636,1.037828,1.031098,1.024763,1.038848,1.042911,1.034384,1.032234,1.048130,1.050002,1.046322,1.029806,1.044057,1.033772,1.024561,1.037642,1.037571,1.033933,1.060751,1.004163,1.038301,1.058390,1.049411,1.042549,1.048894,1.051170,1.041969,1.044147,1.039315,1.006267,1.025969,1.026895,1.012789,1.023259,1.068489,1.062852,1.025385,1.004329,1.039027
7.780220,1.047578,1.037752,1.030991,1.024652,1.038750,1.042812,1.034287,1.032148,1.048077,1.049889,1.046214,1.029694,1.043941,1.033648,1.024403,1.037471,1.037425,1.033801,1.060553,1.003955,1.038117,1.058196,1.049206,1.042372,1.048822,1.051061,1.041843,1.044037,1.039205,1.006239,1.025909,1.026782,1.012614,1.023028,1.068311,1.062611,1.025328,1.004225,1.038994
7.788550,1.047519,1.037674,1.030881,1.024540,1.038650,1.042713,1.034188,1.032060,1.048025,1.049774,1.046104,1.029580,1.043823,1.033522,1.024242,1.037297,1.037275,1.033666,1.060352,1.003745,1.037930,1.057999,1.048998,1.042192,1.048749,1.050949,1.041714,1.043925,1.039093,1.006209,1.025847,1.026667,1.012437,1.022795,1.068130,1.062367,1.025270,1.004118,1.038962
7.796880,1.047461,1.037596,1.030771,1.024428,1.038550,1.042613,1.034089,1.031972,1.047972,1.049659,1.045994,1.029465,1.043705,1.033395,1.024080,1.037122,1.037125,1.033531,1.060151,1.003534,1.037743,1.057802,1.048789,1.042012,1.048676,1.050836,1.041584,1.043812,1.038980,1.006179,1.025785,1.026553,1.012259,1.022561,1.067949,1.062122,1.025212,1.004010,1.038931
7.805210,1.047402,1.037517,1.030661,1.024315,1.038450,1.042512,1.033989,1.031884,1.047920,1.049544,1.045883,1.029351,1.043586,1.033267,1.023918,1.036947,1.036974,1.033395,1.059949,1.003323,1.037555,1.057603,1.048580,1.041830,1.048602,1.050723,1.041454,1.043698,1.038867,1.006149,1.025723,1.026437,1.012080,1.022326,1.067767,1.061877,1.025153,1.003901,1.038899
7.813540,1.047343,1.037437,1.030549,1.024200,1.038348,1.042410,1.033888,1.031794,1.047867,1.049426,1.045771,1.029234,1.043465,1.033138,1.023753,1.036768,1.036821,1.033257,1.059744,1.003109,1.037365,1.057402,1.048368,1.041646,1.048526,1.050607,1.041322,1.043581,1.038750,1.006118,1.025660,1.026321,1.011899,1.022089,1.067582,1.061630,1.025092,1.003789,1.038869
7.821870,1.047285,1.037357,1.030436,1.024085,1.038245,1.042308,1.033787,1.031705,1.047815,1.049309,1.045658,1.029117,1.043344,1.033008,1.023587,1.036590,1.036667,1.033118,1.059538,1.002894,1.037173,1.057200,1.048155,1.041461,1.048450,1.050491,1.041189,1.043464,1.038632,1.006087,1.025597,1.026204,1.011717,1.021851,1.067396,1.061383,1.025031,1.003677,1.038839
7.830200,1.047227,1.037277,1.030323,1.023969,1.038143,1.042205,1.033685,1.031615,1.047763,1.049191,1.045545,1.029000,1.043222,1.032878,1.023421,1.036410,1.036513,1.032979,1.059332,1.002679,1.036981,1.056997,1.047942,1.041275,1.048374,1.050374,1.041055,1.043345,1.038514,1.006056,1.025533,1.026086,1.011535,1.021613,1.067209,1.061136,1.024970,1.003563,1.038810
7.838530,1.047168,1.037195,1.030208,1.023852,1.038039,1.042101,1.033582,1.031524,1.047711,1.049071,1.045430,1.028881,1.043099,1.032746,1.023253,1.036228,1.036356,1.032837,1.059123,1.002461,1.036787,1.056792,1.047726,1.041087,1.048296,1.050255,1.040919,1.043225,1.038393,1.006024,1.025468,1.025968,1.011350,1.021373,1.067020,1.060886,1.024907,1.003447,1.038781
7.846860,1.047110,1.037113,1.030093,1.023734,1.037934,1.041997,1.033479,1.031433,1.047660,1.048951,1.045316,1.028762,1.042976,1.032614,1.023084,1.036046,1.036199,1.032696,1.058914,1.002243,1.036592,1.056586,1.047510,1.040899,1.048218,1.050136,1.040783,1.043103,1.038272,1.005992,1.025403,1.025849,1.011164,1.021132,1.066830,1.060637,1.024844,1.003330,1.038753
7.855190,1.047052,1.037030,1.029978,1.023616,1.037830,1.041892,1.033375,1.031342,1.047608,1.048831,1.045200,1.028642,1.042852,1.032481,1.022915,1.035863,1.036042,1.032554,1.058704,1.002024,1.036396,1.056380,1.047293,1.040710,1.048140,1.050016,1.040647,1.042981,1.038150,1.005960,1.025338,1.025730,1.010978,1.020891,1.066640,1.060387,1.024781,1.003212,1.038725
7.863520,1.046993,1.036947,1.029861,1.023497,1.037724,1.041786,1.033270,1.031250,1.047556,1.048709,1.045084,1.028522,1.042727,1.032347,1.022743,1.035678,1.035882,1.032410,1.058491,1.001804,1.036199,1.056171,1.047075,1.040518,1.048061,1.049894,1.040508,1.042857,1.038025,1.005928,1.025272,1.025610,1.010790,1.020648,1.066447,1.060136,1.024716,1.003092,1.038697
7.871850,1.046935,1.036863,1.029744,1.023377,1.037618,1.041680,1.033165,1.031158,1.047505,1.048588,1.044967,1.028401,1.042602,1.032212,1.022572,1.035493,1.035722,1.032266,1.058279,1.001583,1.036000,1.055962,1.046856,1.040327,1.047982,1.049772,1.040369,1.042732,1.037900,1.005895,1.025206,1.025490,1.010602,1.020406,1.066254,1.059885,1.024651,1.002972,1.038671
7.880180,1.046878,1.036780,1.029627,1.023257,1.037512,1.041574,1.033060,1.031066,1.047454,1.048466,1.044850,1.028279,1.042476,1.032077,1.022400,1.035307,1.035562,1.032121,1.058066,1.001361,1.035802,1.055753,1.046636,1.040135,1.047902,1.049650,1.040230,1.042607,1.037775,1.005863,1.025139,1.025369,1.010413,1.020162,1.066060,1.059634,1.024586,1.002850,1.038645
7.888510,1.046820,1.036695,1.029508,1.023136,1.037405,1.041467,1.032953,1.030972,1.047403,1.048343,1.044732,1.028157,1.042349,1.031941,1.022226,1.035119,1.035400,1.031975,1.057850,1.001138,1.035601,1.055542,1.046415,1.039941,1.047821,1.049525,1.040089,1.042479,1.037647,1.005830,1.025072,1.025248,1.010222,1.019918,1.065864,1.059381,1.024520,1.002727,1.038620
7.896840,1.046762,1.036611,1.029389,1.023015,1.037298,1.041359,1.032847,1.030879,1.047353,1.048219,1.044614,1.028034,1.042222,1.031805,1.022052,1.034932,1.035238,1.031829,1.057635,1.000915,1.035400,1.055330,1.046193,1.039746,1.047741,1.049401,1.039948,1.042352,1.037519,1.005798,1.025005,1.025127,1.010030,1.019673,1.065667,1.059129,1.024454,1.002603,1.038595
7.905170,1.046705,1.036526,1.029270,1.022893,1.037190,1.041252,1.032740,1.030786,1.047303,1.048096,1.044496,1.027912,1.042095,1.031668,1.021877,1.034743,1.035076,1.031683,1.057419,1.000691,1.035199,1.055118,1.045971,1.039552,1.047660,1.049277,1.039807,1.042224,1.037391,1.005766,1.024937,1.025005,1.009839,1.019428,1.065470,1.058876,1.024388,1.002479,1.038571
7.913500,1.046648,1.036441,1.029150,1.022771,1.037082,1.041143,1.032633,1.030692,1.047252,1.047971,1.044376,1.027788,1.041967,1.031530,1.021701,1.034553,1.034912,1.031535,1.057202,1.000466,1.034996,1.054904,1.045748,1.039355,1.047578,1.049151,1.039664,1.042094,1.037260,1.005733,1.024869,1.024882,1.009645,1.019182,1.065272,1.058623,1.024320,1.002352,1.038547
7.921830,1.046592,1.036356,1.029031,1.022648,1.036974,1.041035,1.032526,1.030599,1.047203,1.047847,1.044257,1.027664,1.041839,1.031392,1.021525,1.034363,1.034748,1.031387,1.056984,1.000241,1.034793,1.054690,1.045524,1.039159,1.047497,1.049025,1.039521,1.041964,1.037130,1.005701,1.024801,1.024760,1.009452,1.018936,1.065073,1.058370,1.024253,1.002225,1.038525
7.930160,1.046535,1.036271,1.028911,1.022525,1.036865,1.040926,1.032418,1.030505,1.047154,1.047722,1.044138,1.027540,1.041710,1.031254,1.021348,1.034173,1.034584,1.031239,1.056766,1.000015,1.034590,1.054476,1.045301,1.038962,1.047415,1.048898,1.039378,1.041833,1.036999,1.005669,1.024732,1.024637,1.009258,1.018689,1.064873,1.058117,1.024186,1.002098,1.038502
7.938490,1.046479,1.036185,1.028790,1.022401,1.036756,1.040817,1.032310,1.030411,1.047104,1.047597,1.044017,1.027415,1.041581,1.031115,1.021171,1.033981,1.034418,1.031090,1.056547,0.999788,1.034385,1.054260,1.045076,1.038764,1.047333,1.048771,1.039233,1.041701,1.036866,1.005637,1.024663,1.024514,1.009063,1.018442,1.064672,1.057863,1.024118,1.001969,1.038480
7.946820,1.046424,1.036100,1.028669,1.022278,1.036647,1.040708,1.032202,1.030317,1.047056,1.047472,1.043897,1.027291,1.041452,1.030976,1.020993,1.033790,1.034253,1.030941,1.056328,0.999561,1.034180,1.054045,1.044851,1.038565,1.047252,1.048644,1.039089,1.041569,1.036733,1.005606,1.024595,1.024391,1.008868,1.018195,1.064471,1.057610,1.024050,1.001841,1.038459
7.955150,1.046368,1.036015,1.028548,1.022154,1.036538,1.040599,1.032093,1.030223,1.047007,1.047346,1.043777,1.027166,1.041323,1.030837,1.020815,1.033598,1.034087,1.030792,1.056108,0.999335,1.033975,1.053829,1.044626,1.038367,1.047170,1.048516,1.038945,1.041437,1.036600,1.005575,1.024526,1.024268,1.008672,1.017948,1.064269,1.057357,1.023982,1.001711,1.038439
7.963480,1.046313,1.035930,1.028427,1.022030,1.036429,1.040489,1.031985,1.030128,1.046959,1.047220,1.043656,1.027041,1.041193,1.030697,1.020636,1.033405,1.033921,1.030642,1.055887,0.999107,1.033769,1.053611,1.044400,1.038167,1.047087,1.048388,1.038799,1.041303,1.036466,1.005545,1.024456,1.024145,1.008475,1.017700,1.064066,1.057103,1.023913,1.001580,1.038418
7.971810,1.046259,1.035845,1.028306,1.021906,1.036319,1.040380,1.031876,1.030034,1.046911,1.047095,1.043536,1.026916,1.041063,1.030558,1.020457,1.033212,1.033755,1.030493,1.055667,0.998879,1.033563,1.053395,1.044174,1.037968,1.047005,1.048259,1.038654,1.041170,1.036332,1.005515,1.024388,1.024021,1.008278,1.017453,1.063863,1.056850,1.023845,1.001450,1.038399
7.980140,1.046205,1.035760,1.028185,1.021781,1.036210,1.040271,1.031768,1.029940,1.046864,1.046969,1.043415,1.026790,1.040933,1.030418,1.020278,1.033019,1.033588,1.030343,1.055446,0.998651,1.033357,1.053177,1.043948,1.037769,1.046924,1.048131,1.038509,1.041036,1.036197,1.005485,1.024319,1.023898,1.008082,1.017206,1.063660,1.056598,1.023777,1.001319,1.038381
7.988470,1.046151,1.035675,1.028064,1.021657,1.036100,1.040161,1.031659,1.029845,1.046817,1.046843,1.043294,1.026665,1.040803,1.030278,1.020099,1.032825,1.033421,1.030193,1.055225,0.998423,1.033150,1.052959,1.043721,1.037568,1.046841,1.048002,1.038363,1.040901,1.036062,1.005456,1.024249,1.023775,1.007884,1.016958,1.063456,1.056345,1.023708,1.001187,1.038362
7.996800,1.046098,1.035591,1.027943,1.021533,1.035991,1.040051,1.031551,1.029752,1.046770,1.046717,1.043174,1.026540,1.040673,1.030138,1.019920,1.032632,1.033255,1.030043,1.055003,0.998195,1.032944,1.052742,1.043495,1.037368,1.046760,1.047873,1.038218,1.040767,1.035927,1.005428,1.024180,1.023651,1.007686,1.016711,1.063251,1.056093,1.023640,1.001055,1.038345
8.005130,1.046045,1.035507,1.027822,1.021408,1.035882,1.039942,1.031442,1.029658,1.046724,1.046591,1.043053,1.026415,1.040544,1.029998,1.019740,1.032439,1.033088,1.029893,1.054782,0.997967,1.032737,1.052524,1.043269,1.037168,1.046678,1.047745,1.038072,1.040632,1.035791,1.005400,1.024111,1.023528,1.007488,1.016465,1.063047,1.055841,1.023572,1.000922,1.038328
8.013460,1.045993,1.035423,1.027701,1.021284,1.035773,1.039833,1.031334,1.029564,1.046678,1.046465,1.042933,1.026289,1.040414,1.029858,1.019560,1.032245,1.032921,1.029743,1.054560,0.997739,1.032530,1.052306,1.043042,1.036968,1.046597,1.047616,1.037926,1.040497,1.035655,1.005372,1.024042,1.023405,1.007290,1.016218,1.062841,1.055589,1.023504,1.000789,1.038312
8.021790,1.045942,1.035339,1.027581,1.021160,1.035664,1.039724,1.031226,1.029471,1.046633,1.046340,1.042813,1.026165,1.040284,1.029718,1.019381,1.032051,1.032754,1.029594,1.054339,0.997511,1.032323,1.052088,1.042816,1.036767,1.046516,1.047487,1.037781,1.040362,1.035519,1.005346,1.023974,1.023283,1.007092,1.015971,1.062636,1.055339,1.023436,1.000657,1.038297
8.030120,1.045891,1.035256,1.027461,1.021036,1.035555,1.039615,1.031118,1.029378,1.046588,1.046215,1.042693,1.026040,1.040155,1.029579,1.019202,1.031858,1.032588,1.029444,1.054117,0.997283,1.032116,1.051870,1.042590,1.036567,1.046435,1.047359,1.037635,1.040227,1.035383,1.005320,1.023906,1.023160,1.006893,1.015725,1.062431,1.055088,1.023368,1.000524,1.038282
8.038450,1.045841,1.035174,1.027341,1.020912,1.035447,1.039506,1.031010,1.029285,1.046544,1.046090,1.042573,1.025916,1.040026,1.029440,1.019022,1.031664,1.032421,1.029295,1.053896,0.997055,1.031909,1.051652,1.042364,1.036367,1.046355,1.047230,1.037490,1.040092,1.035247,1.005296,1.023837,1.023038,1.006695,1.015479,1.062225,1.054838,1.023301,1.000390,1.038268
8.046780,1.045791,1.035092,1.027221,1.020789,1.035339,1.039398,1.030903,1.029192,1.046500,1.045965,1.042453,1.025791,1.039897,1.029300,1.018843,1.031471,1.032255,1.029146,1.053675,0.996828,1.031703,1.051434,1.042138,1.036167,1.046275,1.047102,1.037345,1.039957,1.035111,1.005271,1.023770,1.022916,1.006497,1.015234,1.062020,1.054589,1.023234,1.000257,1.038254
8.055110,1.045742,1.035010,1.027102,1.020666,1.035231,1.039290,1.030796,1.029100,1.046457,1.045840,1.042334,1.025668,1.039769,1.029162,1.018664,1.031278,1.032089,1.028997,1.053453,0.996600,1.031496,1.051216,1.041913,1.035967,1.046195,1.046974,1.037200,1.039822,1.034975,1.005248,1.023702,1.022795,1.006298,1.014989,1.061814,1.054341,1.023167,1.000124,1.038241
8.063440,1.045694,1.034929,1.026983,1.020543,1.035123,1.039182,1.030689,1.029008,1.046414,1.045716,1.042215,1.025544,1.039641,1.029023,1.018485,1.031085,1.031924,1.028848,1.053233,0.996374,1.031290,1.050999,1.041688,1.035768,1.046116,1.046846,1.037055,1.039687,1.034839,1.005226,1.023635,1.022674,1.006100,1.014745,1.061609,1.054093,1.023100,0.999991,1.038229
8.071770,1.045646,1.034849,1.026865,1.020421,1.035016,1.039075,1.030583,1.028917,1.046371,1.045593,1.042097,1.025421,1.039513,1.028885,1.018307,1.030893,1.031759,1.028701,1.053012,0.996147,1.031084,1.050782,1.041463,1.035569,1.046038,1.046719,1.036911,1.039553,1.034704,1.005204,1.023568,1.022554,1.005902,1.014502,1.061403,1.053846,1.023034,0.999857,1.038217
8.080100,1.045599,1.034770,1.026747,1.020299,1.034910,1.038968,1.030477,1.028826,1.046330,1.045470,1.041979,1.025299,1.039386,1.028748,1.018129,1.030701,1.031594,1.028553,1.052792,0.995921,1.030879,1.050565,1.041239,1.035370,1.045959,1.046592,1.036767,1.039418,1.034568,1.005184,1.023502,1.022434,1.005704,1.014259,1.061198,1.053600,1.022968,0.999724,1.038206
8.088430,1.045553,1.034691,1.026630,1.020178,1.034804,1.038862,1.030372,1.028735,1.046289,1.045347,1.041862,1.025177,1.039259,1.028611,1.017952,1.030510,1.031430,1.028406,1.052573,0.995696,1.030674,1.050349,1.041016,1.035172,1.045882,1.046465,1.036624,1.039284,1.034433,1.005165,1.023437,1.022314,1.005507,1.014017,1.060993,1.053355,1.022903,0.999592,1.038195
8.096760,1.045507,1.034613,1.026514,1.020057,1.034698,1.038757,1.030268,1.028645,1.046248,1.045225,1.041745,1.025055,1.039133,1.028474,1.017775,1.030319,1.031266,1.028260,1.052353,0.995471,1.030469,1.050133,1.040793,1.034974,1.045805,1.046339,1.036481,1.039151,1.034298,1.005146,1.023372,1.022196,1.005310,1.013775,1.060788,1.053111,1.022838,0.999459,1.038186
8.105090,1.045463,1.034536,1.026398,1.019937,1.034594,1.038652,1.030164,1.028556,1.046208,1.045104,1.041630,1.024935,1.039008,1.028339,1.017599,1.030128,1.031103,1.028115,1.052135,0.995247,1.030266,1.049918,1.040571,1.034777,1.045729,1.046214,1.036339,1.039018,1.034164,1.005129,1.023307,1.022078,1.005113,1.013535,1.060583,1.052868,1.022774,0.999327,1.038177
8.113420,1.045419,1.034460,1.026283,1.019817,1.034490,1.038548,1.030061,1.028468,1.046169,1.044984,1.041514,1.024815,1.038883,1.028204,1.017424,1.029939,1.030941,1.027970,1.051917,0.995024,1.030062,1.049703,1.040349,1.034581,1.045654,1.046089,1.036198,1.038885,1.034030,1.005113,1.023244,1.021961,1.004917,1.013295,1.060379,1.052626,1.022710,0.999196,1.038168
8.121750,1.045376,1.034384,1.026169,1.019699,1.034387,1.038445,1.029958,1.028380,1.046130,1.044864,1.041400,1.024696,1.038760,1.028070,1.017249,1.029750,1.030779,1.027826,1.051700,0.994802,1.029860,1.049489,1.040128,1.034385,1.045579,1.045966,1.036057,1.038753,1.033897,1.005099,1.023181,1.021845,1.004721,1.013057,1.060175,1.052386,1.022647,0.999064,1.038160
8.130080,1.045334,1.034310,1.026056,1.019581,1.034284,1.038342,1.029857,1.028293,1.046092,1.044745,1.041286,1.024577,1.038637,1.027936,1.017075,1.029562,1.030619,1.027682,1.051484,0.994580,1.029658,1.049276,1.039909,1.034190,1.045506,1.045842,1.035917,1.038622,1.033764,1.005085,1.023119,1.021729,1.004526,1.012820,1.059972,1.052146,1.022585,0.998934,1.038153
8.138410,1.045293,1.034237,1.025944,1.019464,1.034183,1.038241,1.029756,1.028207,1.046055,1.044628,1.041174,1.024460,1.038515,1.027804,1.016902,1.029375,1.030459,1.027541,1.051269,0.994359,1.029458,1.049064,1.039690,1.033996,1.045433,1.045720,1.035779,1.038492,1.033633,1.005074,1.023058,1.021615,1.004331,1.012584,1.059769,1.051909,1.022524,0.998804,1.038147
8.146740,1.045252,1.034165,1.025833,1.019348,1.034082,1.038140,1.029656,1.028122,1.046019,1.044511,1.041062,1.024344,1.038394,1.027672,1.016730,1.029189,1.030300,1.027399,1.051054,0.994140,1.029258,1.048852,1.039472,1.033803,1.045362,1.045599,1.035641,1.038362,1.033502,1.005063,1.022997,1.021502,1.004138,1.012349,1.059567,1.051672,1.022463,0.998675,1.038141
8.155070,1.045214,1.034095,1.025723,1.019233,1.033983,1.038041,1.029558,1.028037,1.045984,1.044395,1.040952,1.024229,1.038274,1.027542,1.016559,1.029004,1.030143,1.027259,1.050841,0.993921,1.029059,1.048642,1.039256,1.033612,1.045291,1.045479,1.035504,1.038233,1.033371,1.005054,1.022939,1.021390,1.003945,1.012116,1.059365,1.051438,1.022403,0.998546,1.038137
8.163400,1.045175,1.034025,1.025614,1.019119,1.033884,1.037942,1.029460,1.027954,1.045949,1.044281,1.040842,1.024115,1.038155,1.027413,1.016389,1.028820,1.029986,1.027120,1.050629,0.993704,1.028861,1.048432,1.039040,1.033421,1.045221,1.045359,1.035368,1.038105,1.033242,1.005047,1.022880,1.021278,1.003752,1.011884,1.059164,1.051204,1.022344,0.998418,1.038132
8.171730,1.045138,1.033957,1.025507,1.019007,1.033787,1.037845,1.029364,1.027871,1.045915,1.044167,1.040734,1.024002,1.038038,1.027285,1.016220,1.028637,1.029831,1.026983,1.050417,0.993488,1.028665,1.048224,1.038826,1.033231,1.045153,1.045241,1.035233,1.037978,1.033114,1.005041,1.022823,1.021169,1.003561,1.011653,1.058964,1.050972,1.022286,0.998292,1.038129
8.180060,1.045102,1.033890,1.025400,1.018895,1.033691,1.037748,1.029268,1.027790,1.045881,1.044055,1.040627,1.023890,1.037921,1.027157,1.016053,1.028455,1.029677,1.026846,1.050207,0.993273,1.028469,1.048017,1.038613,1.033042,1.045085,1.045123,1.035099,1.037852,1.032986,1.005036,1.022767,1.021060,1.003370,1.011424,1.058765,1.050742,1.022229,0.998165,1.038126
8.188390,1.045067,1.033824,1.025295,1.018785,1.033596,1.037653,1.029174,1.027710,1.045849,1.043944,1.040521,1.023779,1.037806,1.027032,1.015886,1.028275,1.029524,1.026710,1.049999,0.993059,1.028275,1.047811,1.038402,1.032855,1.045019,1.045008,1.034967,1.037727,1.032860,1.005033,1.022713,1.020953,1.003181,1.011196,1.058567,1.050513,1.022173,0.998040,1.038124
8.196720,1.045032,1.033760,1.025191,1.018675,1.033501,1.037559,1.029080,1.027630,1.045817,1.043834,1.040416,1.023670,1.037692,1.026907,1.015721,1.028096,1.029372,1.026576,1.049791,0.992847,1.028082,1.047606,1.038191,1.032669,1.044954,1.044892,1.034835,1.037603,1.032734,1.005032,1.022659,1.020846,1.002992,1.010970,1.058369,1.050286,1.022118,0.997916,1.038122
8.205050,1.044999,1.033697,1.025089,1.018568,1.033409,1.037466,1.028989,1.027552,1.045787,1.043726,1.040313,1.023562,1.037579,1.026784,1.015557,1.027918,1.029222,1.026444,1.049585,0.992636,1.027890,1.047403,1.037983,1.032484,1.044890,1.044779,1.034705,1.037480,1.032610,1.005032,1.022607,1.020742,1.002805,1.010745,1.058173,1.050061,1.022064,0.997793,1.038122
8.213380,1.044967,1.033635,1.024987,1.018461,1.033317,1.037375,1.028898,1.027475,1.045757,1.043618,1.040210,1.023455,1.037468,1.026662,1.015395,1.027741,1.029072,1.026312,1.049380,0.992426,1.027700,1.047200,1.037775,1.032301,1.044828,1.044666,1.034576,1.037358,1.032487,1.005034,1.022555,1.020638,1.002618,1.010522,1.057978,1.049837,1.022011,0.997671,1.038121
8.221710,1.044936,1.033575,1.024888,1.018356,1.033227,1.037285,1.028809,1.027399,1.045728,1.043513,1.040110,1.023350,1.037358,1.026542,1.015234,1.027567,1.028925,1.026182,1.049177,0.992218,1.027511,1.046999,1.037569,1.032119,1.044767,1.044555,1.034449,1.037238,1.032365,1.005038,1.022506,1.020537,1.002433,1.010301,1.057783,1.049616,1.021959,0.997550,1.038122
8.230040,1.044906,1.033516,1.024789,1.018251,1.033138,1.037196,1.028721,1.027324,1.045699,1.043408,1.040011,1.023246,1.037249,1.026423,1.015074,1.027393,1.028779,1.026054,1.048975,0.992012,1.027323,1.046800,1.037365,1.031939,1.044706,1.044445,1.034323,1.037119,1.032244,1.005042,1.022457,1.020436,1.002249,1.010081,1.057590,1.049396,1.021908,0.997430,1.038123
8.238370,1.044877,1.033460,1.024693,1.018149,1.033051,1.037109,1.028635,1.027251,1.045672,1.043306,1.039913,1.023143,1.037143,1.026305,1.014916,1.027221,1.028634,1.025927,1.048774,0.991807,1.027138,1.046602,1.037162,1.031760,1.044648,1.044337,1.034199,1.037001,1.032125,1.005050,1.022411,1.020337,1.002066,1.009863,1.057398,1.049178,1.021859,0.997312,1.038125
8.246700,1.044850,1.033404,1.024597,1.018048,1.032965,1.037023,1.028549,1.027179,1.045645,1.043204,1.039817,1.023042,1.037037,1.026189,1.014760,1.027051,1.028491,1.025801,1.048575,0.991604,1.026953,1.046406,1.036961,1.031583,1.044591,1.044230,1.034075,1.036885,1.032007,1.005058,1.022365,1.020240,1.001885,1.009647,1.057207,1.048962,1.021811,0.997194,1.038127
8.255030,1.044823,1.033350,1.024504,1.017949,1.032881,1.036939,1.028466,1.027108,1.045620,1.043105,1.039722,1.022943,1.036934,1.026075,1.014605,1.026882,1.028350,1.025678,1.048378,0.991402,1.026771,1.046211,1.036762,1.031407,1.044535,1.044125,1.033954,1.036770,1.031891,1.005069,1.022321,1.020145,1.001704,1.009433,1.057017,1.048748,1.021764,0.997078,1.038131
8.263360,1.044798,1.033298,1.024412,1.017851,1.032798,1.036856,1.028384,1.027039,1.045596,1.043007,1.039629,1.022846,1.036832,1.025963,1.014452,1.026716,1.028211,1.025556,1.048183,0.991202,1.026590,1.046018,1.036564,1.031234,1.044481,1.044021,1.033834,1.036657,1.031776,1.005082,1.022279,1.020051,1.001525,1.009221,1.056829,1.048537,1.021718,0.996964,1.038134
8.271690,1.044774,1.033248,1.024322,1.017755,1.032717,1.036775,1.028304,1.026971,1.045572,1.042911,1.039538,1.022750,1.036731,1.025852,1.014301,1.026550,1.028073,1.025436,1.047989,0.991004,1.026410,1.045826,1.036368,1.031062,1.044428,1.043919,1.033716,1.036545,1.031662,1.005096,1.022238,1.019959,1.001348,1.009011,1.056642,1.048327,1.021674,0.996851,1.038139
8.280020,1.044751,1.033199,1.024234,1.017661,1.032637,1.036696,1.028225,1.026904,1.045549,1.042817,1.039448,1.022656,1.036633,1.025743,1.014152,1.026387,1.027937,1.025317,1.047798,0.990808,1.026233,1.045637,1.036175,1.030892,1.044377,1.043818,1.033600,1.036434,1.031550,1.005112,1.022199,1.019868,1.001172,1.008803,1.056456,1.048119,1.021630,0.996739,1.038144
8.288350,1.044729,1.033152,1.024147,1.017568,1.032559,1.036618,1.028148,1.026839,1.045527,1.042724,1.039361,1.022564,1.036536,1.025635,1.014004,1.026226,1.027802,1.025201,1.047608,0.990614,1.026057,1.045449,1.035983,1.030723,1.044327,1.043720,1.033485,1.036326,1.031440,1.005130,1.022161,1.019780,1.000998,1.008597,1.056272,1.047914,1.021589,0.996629,1.038150
8.296680,1.044708,1.033107,1.024062,1.017477,1.032483,1.036542,1.028073,1.026776,1.045507,1.042634,1.039275,1.022473,1.036441,1.025530,1.013859,1.026066,1.027670,1.025086,1.047420,0.990422,1.025884,1.045263,1.035793,1.030557,1.044280,1.043623,1.033372,1.036219,1.031331,1.005151,1.022126,1.019693,1.000825,1.008393,1.056089,1.047711,1.021548,0.996520,1.038156
8.305010,1.044689,1.033064,1.023980,1.017388,1.032409,1.036468,1.028000,1.026714,1.045487,1.042545,1.039190,1.022385,1.036348,1.025427,1.013715,1.025909,1.027540,1.024973,1.047234,0.990231,1.025712,1.045079,1.035605,1.030393,1.044233,1.043527,1.033261,1.036114,1.031225,1.005173,1.022092,1.019608,1.000653,1.008192,1.055908,1.047511,1.021510,0.996413,1.038163
8.313340,1.044671,1.033023,1.023899,1.017301,1.032336,1.036396,1.027928,1.026653,1.045468,1.042458,1.039108,1.022298,1.036257,1.025325,1.013573,1.025754,1.027412,1.024863,1.047050,0.990043,1.025543,1.044897,1.035420,1.030231,1.044189,1.043434,1.033152,1.036010,1.031119,1.005197,1.022059,1.019525,1.000484,1.007992,1.055729,1.047312,1.021472,0.996308,1.038170
8.321670,1.044654,1.032983,1.023820,1.017216,1.032265,1.036326,1.027858,1.026595,1.045450,1.042373,1.039028,1.022213,1.036168,1.025225,1.013434,1.025601,1.027285,1.024754,1.046868,0.989857,1.025375,1.044717,1.035236,1.030071,1.044146,1.043342,1.033045,1.035909,1.031016,1.005223,1.022029,1.019444,1.000316,1.007795,1.055551,1.047116,1.021437,0.996204,1.038179
8.330000,1.044639,1.032946,1.023743,1.017132,1.032196,1.036257,1.027790,1.026537,1.045433,1.042290,1.038950,1.022130,1.036081,1.025128,1.013297,1.025449,1.027161,1.024647,1.046688,0.989673,1.025210,1.044539,1.035055,1.029913,1.044105,1.043253,1.032940,1.035809,1.030915,1.005252,1.022000,1.019365,1.000150,1.007601,1.055375,1.046923,1.021402,0.996103,1.038188
8.338330,1.044624,1.032910,1.023668,1.017051,1.032129,1.036190,1.027724,1.026482,1.045418,1.042209,1.038873,1.022050,1.035996,1.025033,1.013161,1.025301,1.027039,1.024543,1.046511,0.989492,1.025047,1.044363,1.034876,1.029757,1.044066,1.043165,1.032837,1.035711,1.030815,1.005283,1.021974,1.019288,0.999985,1.007409,1.055201,1.046732,1.021370,0.996003,1.038197
8.346660,1.044611,1.032877,1.023595,1.016972,1.032064,1.036126,1.027660,1.026428,1.045403,1.042130,1.038799,1.021971,1.035913,1.024939,1.013028,1.025154,1.026919,1.024440,1.046336,0.989312,1.024886,1.044189,1.034699,1.029604,1.044028,1.043079,1.032736,1.035616,1.030718,1.005315,1.021949,1.019214,0.999823,1.007219,1.055028,1.046544,1.021339,0.995904,1.038207
8.354990,1.044600,1.032846,1.023525,1.016895,1.032001,1.036063,1.027598,1.026376,1.045389,1.042054,1.038727,1.021895,1.035832,1.024848,1.012898,1.025010,1.026802,1.024340,1.046163,0.989135,1.024727,1.044018,1.034525,1.029453,1.043993,1.042996,1.032637,1.035522,1.030622,1.005350,1.021926,1.019141,0.999662,1.007032,1.054857,1.046358,1.021309,0.995808,1.038218
8.363320,1.044590,1.032816,1.023456,1.016820,1.031940,1.036002,1.027538,1.026326,1.045377,1.041979,1.038657,1.021820,1.035754,1.024759,1.012769,1.024868,1.026686,1.024242,1.045992,0.988961,1.024570,1.043849,1.034353,1.029304,1.043959,1.042914,1.032541,1.035430,1.030529,1.005388,1.021905,1.019071,0.999504,1.006847,1.054688,1.046175,1.021282,0.995714,1.038229
8.371650,1.044581,1.032789,1.023390,1.016747,1.031881,1.035944,1.027480,1.026277,1.045365,1.041907,1.038589,1.021748,1.035677,1.024672,1.012643,1.024728,1.026573,1.024146,1.045824,0.988788,1.024416,1.043682,1.034184,1.029157,1.043928,1.042835,1.032446,1.035341,1.030438,1.005427,1.021887,1.019002,0.999347,1.006665,1.054521,1.045995,1.021256,0.995622,1.038241
8.379980,1.044573,1.032764,1.023326,1.016676,1.031824,1.035888,1.027424,1.026231,1.045355,1.041837,1.038523,1.021678,1.035603,1.024588,1.012520,1.024591,1.026463,1.024053,1.045658,0.988618,1.024265,1.043518,1.034017,1.029014,1.043898,1.042758,1.032354,1.035253,1.030348,1.005469,1.021870,1.018936,0.999192,1.006486,1.054356,1.045817,1.021231,0.995531,1.038254
8.388310,1.044567,1.032742,1.023264,1.016607,1.031769,1.035833,1.027370,1.026186,1.045345,1.041769,1.038460,1.021610,1.035531,1.024506,1.012399,1.024456,1.026355,1.023962,1.045495,0.988451,1.024116,1.043355,1.033853,1.028872,1.043871,1.042683,1.032264,1.035168,1.030261,1.005513,1.021855,1.018872,0.999040,1.006309,1.054193,1.045642,1.021209,0.995443,1.038267
8.396640,1.044562,1.032721,1.023205,1.016541,1.031716,1.035781,1.027319,1.026143,1.045337,1.041704,1.038399,1.021545,1.035462,1.024426,1.012280,1.024324,1.026249,1.023873,1.045334,0.988286,1.023969,1.043196,1.033691,1.028733,1.043845,1.042610,1.032177,1.035085,1.030176,1.005559,1.021843,1.018811,0.998889,1.006135,1.054033,1.045471,1.021188,0.995357,1.038281
8.404970,1.044558,1.032703,1.023148,1.016477,1.031665,1.035731,1.027269,1.026102,1.045330,1.041640,1.038340,1.021482,1.035395,1.024349,1.012164,1.024195,1.026145,1.023787,1.045176,0.988124,1.023825,1.043039,1.033532,1.028597,1.043821,1.042540,1.032091,1.035004,1.030094,1.005608,1.021832,1.018751,0.998741,1.005964,1.053874,1.045301,1.021169,0.995273,1.038295
8.413300,1.044556,1.032687,1.023093,1.016415,1.031617,1.035683,1.027222,1.026062,1.045324,1.041580,1.038283,1.021421,1.035330,1.024274,1.012050,1.024068,1.026045,1.023704,1.045021,0.987965,1.023683,1.042884,1.033375,1.028463,1.043800,1.042471,1.032008,1.034926,1.030014,1.005659,1.021824,1.018694,0.998595,1.005796,1.053717,1.045135,1.021152,0.995191,1.038310
8.421630,1.044556,1.032673,1.023041,1.016356,1.031570,1.035638,1.027177,1.026025,1.045319,1.041521,1.038229,1.021363,1.035267,1.024201,1.011939,1.023943,1.025946,1.023622,1.044868,0.987808,1.023545,1.042732,1.033221,1.028332,1.043780,1.042406,1.031928,1.034850,1.029936,1.005712,1.021818,1.018640,0.998451,1.005630,1.053562,1.044972,1.021137,0.995112,1.038325
8.429960,1.044556,1.032661,1.022991,1.016299,1.031526,1.035595,1.027134,1.025990,1.045315,1.041465,1.038177,1.021307,1.035207,1.024131,1.011831,1.023822,1.025851,1.023544,1.044718,0.987654,1.023408,1.042583,1.033070,1.028204,1.043763,1.042342,1.031850,1.034776,1.029860,1.005768,1.021814,1.018587,0.998309,1.005468,1.053410,1.044811,1.021124,0.995034,1.038341
8.438290,1.044558,1.032652,1.022943,1.016244,1.031484,1.035554,1.027093,1.025956,1.045312,1.041412,1.038127,1.021253,1.035150,1.024064,1.011725,1.023703,1.025758,1.023468,1.044570,0.987502,1.023275,1.042436,1.032922,1.028078,1.043748,1.042281,1.031775,1.034705,1.029787,1.005827,1.021812,1.018537,0.998169,1.005308,1.053260,1.044654,1.021113,0.994959,1.038358
8.446620,1.044562,1.032645,1.022898,1.016192,1.031445,1.035515,1.027055,1.025925,1.045310,1.041360,1.038080,1.021202,1.035095,1.023999,1.011622,1.023586,1.025667,1.023394,1.044426,0.987353,1.023144,1.042292,1.032777,1.027955,1.043735,1.042222,1.031702,1.034636,1.029716,1.005887,1.021812,1.018490,0.998032,1.005151,1.053112,1.044499,1.021103,0.994887,1.038375
8.454950,1.044567,1.032641,1.022856,1.016142,1.031408,1.035479,1.027019,1.025896,1.045310,1.041312,1.038035,1.021153,1.035042,1.023936,1.011522,1.023473,1.025580,1.023323,1.044284,0.987208,1.023016,1.042150,1.032634,1.027835,1.043724,1.042166,1.031631,1.034569,1.029648,1.005951,1.021815,1.018445,0.997897,1.004997,1.052966,1.044348,1.021096,0.994816,1.038393
8.463280,1.044573,1.032639,1.022816,1.016094,1.031373,1.035445,1.026985,1.025868,1.045310,1.041265,1.037993,1.021107,1.034992,1.023876,1.011424,1.023362,1.025494,1.023255,1.044145,0.987065,1.022890,1.042012,1.032494,1.027718,1.043716,1.042113,1.031563,1.034505,1.029582,1.006016,1.021820,1.018402,0.997765,1.004847,1.052823,1.044200,1.021090,0.994748,1.038411
8.471610,1.044581,1.032639,1.022778,1.016049,1.031340,1.035413,1.026954,1.025843,1.045312,1.041222,1.037953,1.021063,1.034944,1.023819,1.011329,1.023254,1.025412,1.023189,1.044009,0.986924,1.022768,1.041876,1.032357,1.027604,1.043709,1.042061,1.031498,1.034444,1.029519,1.006084,1.021827,1.018362,0.997635,1.004699,1.052682,1.044055,1.021086,0.994683,1.038430
8.479940,1.044590,1.032642,1.022744,1.016007,1.031310,1.035383,1.026925,1.025819,1.045315,1.041180,1.037915,1.021022,1.034899,1.023764,1.011237,1.023149,1.025333,1.023126,1.043875,0.986787,1.022648,1.041742,1.032223,1.027492,1.043705,1.042013,1.031436,1.034385,1.029458,1.006155,1.021836,1.018324,0.997507,1.004555,1.052544,1.043912,1.021085,0.994619,1.038449
8.488270,1.044600,1.032647,1.022711,1.015967,1.031282,1.035357,1.026898,1.025798,1.045319,1.041142,1.037880,1.020983,1.034857,1.023712,1.011148,1.023047,1.025256,1.023066,1.043745,0.986653,1.022531,1.041612,1.032092,1.027383,1.043703,1.041967,1.031376,1.034329,1.029400,1.006228,1.021848,1.018288,0.997382,1.004413,1.052407,1.043773,1.021085,0.994559,1.038469
8.496600,1.044612,1.032655,1.022682,1.015929,1.031256,1.035332,1.026874,1.025779,1.045324,1.041105,1.037848,1.020947,1.034817,1.023662,1.011062,1.022948,1.025182,1.023009,1.043618,0.986522,1.022418,1.041485,1.031964,1.027278,1.043703,1.041923,1.031318,1.034275,1.029344,1.006304,1.021862,1.018255,0.997259,1.004275,1.052274,1.043637,1.021087,0.994500,1.038489
8.504930,1.044626,1.032665,1.022654,1.015895,1.031233,1.035310,1.026852,1.025761,1.045330,1.041072,1.037818,1.020913,1.034779,1.023615,1.010978,1.022852,1.025111,1.022954,1.043493,0.986393,1.022307,1.041360,1.031839,1.027175,1.043706,1.041882,1.031264,1.034224,1.029291,1.006382,1.021878,1.018225,0.997139,1.004140,1.052142,1.043505,1.021092,0.994445,1.038510
8.513260,1.044640,1.032677,1.022630,1.015862,1.031212,1.035290,1.026832,1.025746,1.045337,1.041041,1.037791,1.020882,1.034744,1.023571,1.010898,1.022759,1.025042,1.022902,1.043372,0.986268,1.022199,1.041238,1.031717,1.027075,1.043711,1.041844,1.031212,1.034176,1.029241,1.006462,1.021896,1.018197,0.997021,1.004008,1.052013,1.043375,1.021098,0.994391,1.038531
8.521590,1.044656,1.032692,1.022608,1.015832,1.031193,1.035273,1.026815,1.025733,1.045345,1.041012,1.037766,1.020853,1.034712,1.023530,1.010820,1.022668,1.024977,1.022853,1.043254,0.986145,1.022093,1.041119,1.031598,1.026978,1.043718,1.041808,1.031162,1.034130,1.029193,1.006545,1.021917,1.018171,0.996906,1.003879,1.051887,1.043249,1.021107,0.994341,1.038553
8.529920,1.044674,1.032710,1.022589,1.015805,1.031177,1.035258,1.026800,1.025722,1.045355,1.040986,1.037743,1.020827,1.034683,1.023491,1.010746,1.022581,1.024914,1.022806,1.043138,0.986026,1.021991,1.041003,1.031483,1.026885,1.043727,1.041775,1.031116,1.034087,1.029148,1.006631,1.021940,1.018148,0.996793,1.003754,1.051763,1.043126,1.021117,0.994293,1.038575
8.538250,1.044693,1.032730,1.022572,1.015780,1.031164,1.035245,1.026788,1.025713,1.045365,1.040963,1.037723,1.020804,1.034656,1.023455,1.010674,1.022497,1.024854,1.022763,1.043026,0.985910,1.021892,1.040890,1.031370,1.026794,1.043739,1.041744,1.031072,1.034046,1.029106,1.006719,1.021965,1.018127,0.996683,1.003631,1.051642,1.043006,1.021130,0.994247,1.038598
8.546580,1.044713,1.032752,1.022558,1.015758,1.031152,1.035235,1.026778,1.025706,1.045377,1.040942,1.037706,1.020783,1.034631,1.023421,1.010605,1.022415,1.024798,1.022722,1.042917,0.985797,1.021796,1.040780,1.031260,1.026706,1.043753,1.041716,1.031031,1.034008,1.029066,1.006809,1.021993,1.018109,0.996576,1.003513,1.051523,1.042889,1.021145,0.994204,1.038621
8.554910,1.044735,1.032777,1.022547,1.015739,1.031143,1.035228,1.026770,1.025701,1.045389,1.040924,1.037691,1.020764,1.034610,1.023390,1.010539,1.022337,1.024744,1.022684,1.042811,0.985687,1.021703,1.040673,1.031153,1.026622,1.043770,1.041691,1.030993,1.033973,1.029029,1.006902,1.022023,1.018093,0.996471,1.003397,1.051407,1.042776,1.021161,0.994164,1.038644
8.563240,1.044758,1.032804,1.022538,1.015722,1.031137,1.035222,1.026765,1.025698,1.045403,1.040908,1.037679,1.020749,1.034591,1.023362,1.010476,1.022262,1.024692,1.022649,1.042708,0.985580,1.021613,1.040569,1.031050,1.026540,1.043788,1.041669,1.030957,1.033941,1.028995,1.006998,1.022055,1.018080,0.996369,1.003284,1.051293,1.042666,1.021180,0.994126,1.038668
8.571570,1.044782,1.032834,1.022532,1.015707,1.031133,1.035219,1.026762,1.025698,1.045418,1.040895,1.037669,1.020735,1.034574,1.023337,1.010416,1.022189,1.024644,1.022616,1.042608,0.985476,1.021526,1.040468,1.030950,1.026462,1.043809,1.041649,1.030925,1.033911,1.028963,1.007096,1.022089,1.018069,0.996269,1.003175,1.051182,1.042559,1.021201,0.994091,1.038692
8.579900,1.044808,1.032866,1.022529,1.015695,1.031131,1.035219,1.026762,1.025699,1.045434,1.040885,1.037662,1.020725,1.034560,1.023314,1.010359,1.022120,1.024599,1.022587,1.042511,0.985376,1.021442,1.040370,1.030852,1.026386,1.043832,1.041631,1.030895,1.033884,1.028934,1.007196,1.022125,1.018061,0.996172,1.003070,1.051074,1.042455,1.021224,0.994058,1.038717
8.588230,1.044836,1.032901,1.022528,1.015686,1.031131,1.035221,1.026764,1.025702,1.045451,1.040877,1.037657,1.020717,1.034549,1.023295,1.010306,1.022054,1.024557,1.022560,1.042418,0.985278,1.021361,1.040275,1.030758,1.026314,1.043858,1.041617,1.030867,1.033860,1.028908,1.007299,1.022164,1.018055,0.996078,1.002967,1.050968,1.042355,1.021249,0.994028,1.038742
8.596560,1.044864,1.032938,1.022530,1.015680,1.031134,1.035226,1.026768,1.025708,1.045468,1.040872,1.037655,1.020711,1.034540,1.023277,1.010255,1.021991,1.024518,1.022536,1.042328,0.985184,1.021283,1.040183,1.030667,1.026245,1.043886,1.041605,1.030843,1.033839,1.028885,1.007404,1.022205,1.018051,0.995987,1.002868,1.050865,1.042258,1.021276,0.994001,1.038768
8.604890,1.044894,1.032978,1.022535,1.015676,1.031140,1.035232,1.026775,1.025715,1.045487,1.040869,1.037655,1.020708,1.034534,1.023263,1.010207,1.021931,1.024481,1.022515,1.042240,0.985093,1.021209,1.040094,1.030580,1.026179,1.043916,1.041596,1.030822,1.033820,1.028864,1.007512,1.022248,1.018050,0.995898,1.002773,1.050765,1.042164,1.021305,0.993977,1.038793
8.613220,1.044925,1.033020,1.022542,1.015674,1.031147,1.035242,1.026784,1.025725,1.045507,1.040869,1.037658,1.020708,1.034531,1.023251,1.010162,1.021875,1.024448,1.022497,1.042156,0.985005,1.021137,1.040008,1.030495,1.026116,1.043948,1.041590,1.030803,1.033804,1.028847,1.007622,1.022294,1.018052,0.995812,1.002680,1.050667,1.042074,1.021337,0.993955,1.038820
8.621550,1.044958,1.033065,1.022552,1.015675,1.031158,1.035253,1.026796,1.025736,1.045528,1.040871,1.037663,1.020710,1.034530,1.023242,1.010120,1.021821,1.024417,1.022482,1.042076,0.984920,1.021068,1.039926,1.030414,1.026057,1.043983,1.041586,1.030787,1.033791,1.028832,1.007735,1.022341,1.018055,0.995728,1.002591,1.050572,1.041987,1.021370,0.993936,1.038846
8.629880,1.044992,1.033112,1.022564,1.015679,1.031170,1.035267,1.026810,1.025750,1.045550,1.040876,1.037671,1.020715,1.034532,1.023236,1.010081,1.021770,1.024390,1.022469,1.041998,0.984839,1.021003,1.039846,1.030335,1.026000,1.044020,1.041585,1.030774,1.033781,1.028819,1.007850,1.022391,1.018062,0.995648,1.002506,1.050479,1.041903,1.021405,0.993919,1.038873
8.638210,1.045027,1.033161,1.022580,1.015685,1.031185,1.035284,1.026826,1.025766,1.045573,1.040884,1.037682,1.020722,1.034536,1.023232,1.010045,1.021723,1.024365,1.022460,1.041924,0.984760,1.020941,1.039769,1.030260,1.025946,1.044059,1.041586,1.030763,1.033773,1.028810,1.007967,1.022443,1.018070,0.995570,1.002424,1.050389,1.041822,1.021443,0.993905,1.038900
8.646540,1.045063,1.033213,1.022598,1.015694,1.031202,1.035302,1.026844,1.025783,1.045597,1.040894,1.037694,1.020732,1.034543,1.023231,1.010012,1.021678,1.024343,1.022453,1.041852,0.984685,1.020881,1.039695,1.030188,1.025896,1.044101,1.041591,1.030756,1.033769,1.028803,1.008087,1.022497,1.018081,0.995494,1.002345,1.050302,1.041745,1.021482,0.993894,1.038927
8.654870,1.045101,1.033267,1.022618,1.015705,1.031221,1.035323,1.026865,1.025803,1.045622,1.040906,1.037710,1.020744,1.034552,1.023233,1.009983,1.021637,1.024324,1.022449,1.041784,0.984613,1.020825,1.039625,1.030120,1.025849,1.044145,1.041597,1.030751,1.033766,1.028799,1.008209,1.022553,1.018094,0.995422,1.002269,1.050217,1.041671,1.021524,0.993886,1.038955
8.663200,1.045140,1.033324,1.022641,1.015719,1.031243,1.035347,1.026888,1.025824,1.045648,1.040921,1.037727,1.020759,1.034564,1.023237,1.009956,1.021599,1.024309,1.022448,1.041720,0.984545,1.020772,1.039557,1.030054,1.025805,1.044191,1.041607,1.030749,1.033767,1.028798,1.008333,1.022611,1.018110,0.995352,1.002197,1.050135,1.041600,1.021567,0.993880,1.038983
8.671530,1.045180,1.033383,1.022667,1.015735,1.031267,1.035372,1.026914,1.025848,1.045675,1.040938,1.037747,1.020776,1.034578,1.023244,1.009932,1.021564,1.024296,1.022449,1.041658,0.984479,1.020722,1.039493,1.029992,1.025764,1.044239,1.041619,1.030749,1.033771,1.028800,1.008459,1.022671,1.018127,0.995285,1.002128,1.050056,1.041532,1.021613,0.993877,1.039012
8.679860,1.045221,1.033444,1.022695,1.015754,1.031293,1.035400,1.026942,1.025873,1.045702,1.040958,1.037770,1.020796,1.034595,1.023253,1.009911,1.021531,1.024285,1.022454,1.041599,0.984417,1.020675,1.039431,1.029932,1.025726,1.044290,1.041634,1.030753,1.033777,1.028804,1.008588,1.022734,1.018147,0.995221,1.002063,1.049980,1.041468,1.021661,0.993876,1.039040
8.688190,1.045264,1.033508,1.022726,1.015775,1.031322,1.035431,1.026972,1.025901,1.045731,1.040981,1.037795,1.020818,1.034615,1.023266,1.009893,1.021502,1.024278,1.022461,1.041544,0.984358,1.020631,1.039373,1.029876,1.025691,1.044342,1.041652,1.030759,1.033786,1.028811,1.008719,1.022798,1.018170,0.995159,1.002001,1.049906,1.041407,1.021710,0.993878,1.039069
8.696520,1.045308,1.033574,1.022759,1.015799,1.031353,1.035463,1.027004,1.025930,1.045760,1.041005,1.037822,1.020842,1.034637,1.023280,1.009878,1.021476,1.024274,1.022471,1.041492,0.984302,1.020590,1.039317,1.029823,1.025659,1.044397,1.041672,1.030768,1.033797,1.028821,1.008853,1.022864,1.018194,0.995100,1.001942,1.049834,1.041349,1.021762,0.993883,1.039098
8.704850,1.045353,1.033642,1.022795,1.015825,1.031386,1.035498,1.027038,1.025962,1.045791,1.041032,1.037851,1.020869,1.034661,1.023298,1.009866,1.021453,1.024272,1.022483,1.041443,0.984249,1.020552,1.039265,1.029773,1.025631,1.044454,1.041695,1.030779,1.033812,1.028833,1.008988,1.022933,1.018221,0.995044,1.001887,1.049766,1.041294,1.021815,0.993890,1.039127
8.713180,1.045399,1.033713,1.022833,1.015854,1.031421,1.035535,1.027075,1.025995,1.045822,1.041062,1.037883,1.020899,1.034688,1.023318,1.009856,1.021433,1.024274,1.022499,1.041398,0.984200,1.020517,1.039215,1.029727,1.025605,1.044513,1.041720,1.030794,1.033829,1.028848,1.009126,1.023003,1.018250,0.994990,1.001835,1.049700,1.041243,1.021871,0.993900,1.039156
8.721510,1.045446,1.033785,1.022874,1.015885,1.031458,1.035574,1.027114,1.026030,1.045854,1.041094,1.037917,1.020930,1.034717,1.023340,1.009850,1.021416,1.024278,1.022517,1.041355,0.984153,1.020486,1.039169,1.029683,1.025582,1.044575,1.041748,1.030810,1.033848,1.028866,1.009265,1.023075,1.018281,0.994939,1.001786,1.049636,1.041194,1.021928,0.993913,1.039186
8.729840,1.045495,1.033860,1.022917,1.015918,1.031498,1.035615,1.027155,1.026066,1.045887,1.041128,1.037954,1.020964,1.034749,1.023365,1.009847,1.021402,1.024285,1.022537,1.041315,0.984110,1.020457,1.039125,1.029642,1.025563,1.044638,1.041778,1.030830,1.033871,1.028887,1.009407,1.023149,1.018314,0.994891,1.001741,1.049576,1.041149,1.021988,0.993928,1.039216
8.738170,1.045544,1.033938,1.022963,1.015954,1.031539,1.035659,1.027198,1.026105,1.045921,1.041164,1.037993,1.021001,1.034783,1.023392,1.009846,1.021391,1.024295,1.022561,1.041279,0.984070,1.020431,1.039085,1.029605,1.025546,1.044703,1.041811,1.030852,1.033896,1.028910,1.009551,1.023225,1.018350,0.994846,1.001699,1.049517,1.041107,1.022049,0.993946,1.039246
8.746500,1.045595,1.034017,1.023011,1.015992,1.031583,1.035704,1.027243,1.026146,1.045955,1.041203,1.038033,1.021039,1.034819,1.023422,1.009848,1.021383,1.024308,1.022587,1.041246,0.984033,1.020408,1.039047,1.029570,1.025533,1.044771,1.041847,1.030877,1.033923,1.028936,1.009697,1.023303,1.018387,0.994803,1.001660,1.049462,1.041068,1.022112,0.993966,1.039276
8.754830,1.045647,1.034099,1.023062,1.016032,1.031629,1.035752,1.027290,1.026188,1.045991,1.041244,1.038077,1.021080,1.034857,1.023455,1.009854,1.021378,1.024323,1.022615,1.041216,0.983999,1.020388,1.039012,1.029539,1.025523,1.044841,1.041885,1.030905,1.033954,1.028964,1.009845,1.023383,1.018427,0.994763,1.001625,1.049409,1.041032,1.022177,0.993989,1.039306
8.763160,1.045699,1.034182,1.023115,1.016075,1.031677,1.035802,1.027340,1.026232,1.046027,1.041287,1.038122,1.021123,1.034898,1.023489,1.009861,1.021376,1.024341,1.022647,1.041189,0.983969,1.020371,1.038981,1.029511,1.025515,1.044912,1.041925,1.030935,1.033986,1.028995,1.009995,1.023464,1.018468,0.994725,1.001593,1.049358,1.041000,1.022244,0.994015,1.039336
8.771490,1.045753,1.034268,1.023170,1.016120,1.031727,1.035854,1.027391,1.026278,1.046063,1.041333,1.038169,1.021168,1.034941,1.023527,1.009872,1.021376,1.024362,1.022681,1.041165,0.983941,1.020357,1.038952,1.029485,1.025510,1.044986,1.041968,1.030967,1.034022,1.029029,1.010147,1.023548,1.018512,0.994690,1.001564,1.049311,1.040970,1.022313,0.994043,1.039367
8.779820,1.045808,1.034356,1.023227,1.016167,1.031779,1.035908,1.027444,1.026325,1.046101,1.041380,1.038219,1.021216,1.034987,1.023566,1.009886,1.021380,1.024385,1.022717,1.041144,0.983917,1.020346,1.038926,1.029463,1.025509,1.045061,1.042013,1.031003,1.034060,1.029065,1.010300,1.023633,1.018557,0.994658,1.001538,1.049265,1.040943,1.022384,0.994073,1.039397
8.788150,1.045864,1.034446,1.023287,1.016217,1.031832,1.035963,1.027500,1.026374,1.046139,1.041430,1.038271,1.021265,1.035034,1.023608,1.009902,1.021386,1.024411,1.022756,1.041126,0.983895,1.020338,1.038902,1.029443,1.025510,1.045139,1.042061,1.031040,1.034100,1.029104,1.010456,1.023719,1.018605,0.994629,1.001515,1.049223,1.040920,1.022456,0.994106,1.039428
8.796480,1.045921,1.034538,1.023349,1.016268,1.031888,1.036021,1.027557,1.026425,1.046178,1.041482,1.038325,1.021317,1.035084,1.023652,1.009921,1.021395,1.024440,1.022798,1.041111,0.983877,1.020332,1.038882,1.029426,1.025514,1.045218,1.042111,1.031080,1.034143,1.029145,1.010613,1.023808,1.018654,0.994601,1.001496,1.049182,1.040899,1.022530,0.994142,1.039459
8.804810,1.045978,1.034632,1.023414,1.016322,1.031946,1.036081,1.027616,1.026477,1.046218,1.041536,1.038380,1.021371,1.035136,1.023699,1.009942,1.021407,1.024472,1.022842,1.041099,0.983861,1.020330,1.038865,1.029413,1.025521,1.045300,1.042164,1.031123,1.034189,1.029189,1.010773,1.023898,1.018706,0.994577,1.001480,1.049145,1.040881,1.022606,0.994180,1.039489
8.813140,1.046037,1.034727,1.023480,1.016378,1.032006,1.036143,1.027678,1.026531,1.046258,1.041592,1.038438,1.021427,1.035190,1.023748,1.009967,1.021422,1.024506,1.022888,1.041090,0.983849,1.020330,1.038850,1.029402,1.025531,1.045383,1.042218,1.031168,1.034237,1.029235,1.010934,1.023989,1.018759,0.994555,1.001466,1.049109,1.040866,1.022684,0.994220,1.039520
8.821470,1.046097,1.034825,1.023549,1.016436,1.032067,1.036206,1.027741,1.026587,1.046299,1.041650,1.038498,1.021485,1.035246,1.023799,1.009994,1.021440,1.024542,1.022937,1.041084,0.983839,1.020333,1.038838,1.029394,1.025543,1.045468,1.042275,1.031216,1.034287,1.029284,1.011096,1.024083,1.018814,0.994536,1.001456,1.049076,1.040854,1.022763,0.994263,1.039551
8.829800,1.046157,1.034925,1.023620,1.016496,1.032131,1.036272,1.027805,1.026644,1.046341,1.041710,1.038560,1.021545,1.035304,1.023852,1.010023,1.021460,1.024581,1.022988,1.041081,0.983832,1.020338,1.038829,1.029389,1.025559,1.045555,1.042335,1.031266,1.034340,1.029335,1.011261,1.024177,1.018870,0.994519,1.001450,1.049046,1.040845,1.022844,0.994308,1.039582
8.838130,1.046219,1.035026,1.023693,1.016559,1.032196,1.036339,1.027872,1.026703,1.046383,1.041772,1.038624,1.021607,1.035364,1.023907,1.010055,1.021483,1.024623,1.023042,1.041080,0.983829,1.020347,1.038822,1.029386,1.025577,1.045643,1.042396,1.031318,1.034395,1.029389,1.011427,1.024274,1.018929,0.994504,1.001446,1.049018,1.040839,1.022926,0.994355,1.039612
8.846460,1.046281,1.035130,1.023768,1.016623,1.032263,1.036408,1.027941,1.026763,1.046425,1.041836,1.038689,1.021671,1.035427,1.023965,1.010090,1.021508,1.024667,1.023098,1.041083,0.983828,1.020358,1.038818,1.029387,1.025597,1.045734,1.042460,1.031372,1.034453,1.029445,1.011594,1.024371,1.018989,0.994492,1.001445,1.048992,1.040836,1.023011,0.994405,1.039643
8.854790,1.046344,1.035235,1.023846,1.016689,1.032332,1.036479,1.028011,1.026825,1.046469,1.041902,1.038757,1.021736,1.035491,1.024024,1.010127,1.021537,1.024713,1.023156,1.041088,0.983830,1.020372,1.038817,1.029390,1.025621,1.045826,1.042526,1.031429,1.034513,1.029503,1.011763,1.024471,1.019051,0.994483,1.001447,1.048969,1.040835,1.023096,0.994457,1.039674
8.863120,1.046408,1.035342,1.023925,1.016757,1.032402,1.036551,1.028083,1.026888,1.046513,1.041970,1.038826,1.021804,1.035557,1.024086,1.010167,1.021567,1.024762,1.023216,1.041097,0.983835,1.020388,1.038818,1.029395,1.025647,1.045920,1.042594,1.031488,1.034575,1.029563,1.011934,1.024571,1.019115,0.994476,1.001452,1.048948,1.040837,1.023184,0.994511,1.039705
8.871450,1.046472,1.035451,1.024006,1.016827,1.032475,1.036626,1.028156,1.026953,1.046557,1.042039,1.038897,1.021874,1.035625,1.024150,1.010209,1.021601,1.024813,1.023279,1.041108,0.983843,1.020407,1.038822,1.029404,1.025676,1.046015,1.042665,1.031550,1.034639,1.029626,1.012106,1.024673,1.019180,0.994471,1.001460,1.048930,1.040842,1.023273,0.994567,1.039735
8.879780,1.046537,1.035561,1.024089,1.016899,1.032548,1.036702,1.028232,1.027019,1.046602,1.042111,1.038970,1.021945,1.035695,1.024216,1.010253,1.021637,1.024867,1.023344,1.041121,0.983853,1.020428,1.038829,1.029415,1.025707,1.046112,1.042737,1.031613,1.034706,1.029691,1.012280,1.024777,1.019247,0.994469,1.001471,1.048914,1.040849,1.023363,0.994626,1.039766
8.888110,1.046604,1.035673,1.024174,1.016973,1.032624,1.036779,1.028308,1.027086,1.046647,1.042184,1.039045,1.022018,1.035767,1.024284,1.010300,1.021675,1.024923,1.023411,1.041138,0.983866,1.020452,1.038838,1.029429,1.025741,1.046211,1.042812,1.031679,1.034775,1.029758,1.012455,1.024882,1.019315,0.994469,1.001485,1.048900,1.040859,1.023455,0.994687,1.039797
8.896440,1.046670,1.035787,1.024261,1.017049,1.032701,1.036858,1.028387,1.027155,1.046693,1.042259,1.039121,1.022093,1.035840,1.024353,1.010349,1.021716,1.024981,1.023480,1.041157,0.983882,1.020479,1.038850,1.029445,1.025778,1.046311,1.042888,1.031747,1.034846,1.029828,1.012631,1.024988,1.019385,0.994472,1.001502,1.048888,1.040872,1.023548,0.994750,1.039827
8.904770,1.046738,1.035902,1.024350,1.017126,1.032780,1.036939,1.028467,1.027225,1.046739,1.042336,1.039199,1.022170,1.035915,1.024425,1.010401,1.021760,1.025042,1.023552,1.041179,0.983901,1.020508,1.038864,1.029464,1.025817,1.046413,1.042967,1.031817,1.034919,1.029900,1.012809,1.025095,1.019456,0.994476,1.001521,1.048878,1.040887,1.023643,0.994815,1.039858
8.913100,1.046806,1.036019,1.024441,1.017206,1.032860,1.037021,1.028549,1.027296,1.046786,1.042414,1.039279,1.022248,1.035992,1.024499,1.010455,1.021805,1.025104,1.023625,1.041203,0.983922,1.020540,1.038880,1.029485,1.025858,1.046516,1.043047,1.031889,1.034994,1.029973,1.012988,1.025204,1.019529,0.994483,1.001544,1.048871,1.040905,1.023739,0.994882,1.039888
8.921430,1.046875,1.036137,1.024533,1.017287,1.032942,1.037105,1.028632,1.027369,1.046833,1.042494,1.039360,1.022328,1.036071,1.024574,1.010511,1.021853,1.025169,1.023701,1.041230,0.983946,1.020573,1.038899,1.029509,1.025902,1.046621,1.043129,1.031963,1.035072,1.030049,1.013168,1.025314,1.019604,0.994493,1.001569,1.048866,1.040925,1.023837,0.994952,1.039918
8.929760,1.046944,1.036257,1.024628,1.017369,1.033025,1.037191,1.028716,1.027443,1.046881,1.042576,1.039443,1.022410,1.036152,1.024651,1.010569,1.021904,1.025236,1.023778,1.041260,0.983973,1.020610,1.038920,1.029535,1.025948,1.046727,1.043214,1.032039,1.035151,1.030127,1.013350,1.025425,1.019679,0.994504,1.001597,1.048863,1.040948,1.023936,0.995023,1.039948
8.938090,1.047014,1.036378,1.024724,1.017454,1.033110,1.037277,1.028802,1.027518,1.046929,1.042659,1.039527,1.022493,1.036234,1.024730,1.010630,1.021957,1.025305,1.023858,1.041292,0.984002,1.020648,1.038944,1.029564,1.025997,1.046834,1.043300,1.032117,1.035232,1.030207,1.013532,1.025537,1.019756,0.994518,1.001627,1.048862,1.040973,1.024036,0.995096,1.039978
8.946420,1.047085,1.036501,1.024821,1.017540,1.033196,1.037366,1.028890,1.027594,1.046977,1.042744,1.039613,1.022577,1.036317,1.024811,1.010693,1.022012,1.025376,1.023939,1.041326,0.984034,1.020689,1.038970,1.029595,1.026047,1.046943,1.043388,1.032197,1.035316,1.030289,1.013716,1.025651,1.019835,0.994534,1.001661,1.048863,1.041001,1.024137,0.995172,1.040008
8.954750,1.047156,1.036625,1.024921,1.017627,1.033283,1.037455,1.028979,1.027671,1.047026,1.042830,1.039701,1.022664,1.036403,1.024894,1.010758,1.022069,1.025450,1.024023,1.041363,0.984068,1.020732,1.038998,1.029629,1.026101,1.047054,1.043478,1.032279,1.035401,1.030373,1.013901,1.025765,1.019915,0.994552,1.001696,1.048866,1.041030,1.024240,0.995249,1.040037
8.963080,1.047228,1.036750,1.025021,1.017717,1.033372,1.037546,1.029069,1.027750,1.047075,1.042918,1.039790,1.022752,1.036489,1.024978,1.010824,1.022129,1.025525,1.024108,1.041403,0.984105,1.020778,1.039029,1.029664,1.026156,1.047165,1.043569,1.032362,1.035488,1.030458,1.014086,1.025881,1.019996,0.994572,1.001735,1.048872,1.041063,1.024344,0.995328,1.040066
8.971410,1.047300,1.036877,1.025124,1.017807,1.033462,1.037639,1.029160,1.027829,1.047124,1.043007,1.039880,1.022841,1.036578,1.025064,1.010893,1.022190,1.025602,1.024195,1.041445,0.984144,1.020825,1.039061,1.029702,1.026214,1.047278,1.043662,1.032448,1.035577,1.030546,1.014273,1.025997,1.020078,0.994595,1.001776,1.048879,1.041097,1.024449,0.995409,1.040096
8.979740,1.047372,1.037004,1.025228,1.017899,1.033554,1.037732,1.029253,1.027910,1.047173,1.043097,1.039971,1.022931,1.036667,1.025151,1.010964,1.022254,1.025681,1.024283,1.041489,0.984185,1.020875,1.039096,1.029742,1.026274,1.047392,1.043757,1.032535,1.035668,1.030636,1.014461,1.026115,1.020161,0.994619,1.001819,1.048888,1.041134,1.024555,0.995492,1.040125
8.988070,1.047445,1.037134,1.025333,1.017993,1.033646,1.037827,1.029347,1.027992,1.047223,1.043189,1.040064,1.023023,1.036759,1.025240,1.011037,1.022320,1.025762,1.024374,1.041535,0.984229,1.020927,1.039133,1.029785,1.026336,1.047507,1.043854,1.032624,1.035761,1.030727,1.014649,1.026233,1.020246,0.994645,1.001865,1.048899,1.041173,1.024663,0.995576,1.040153
8.996400,1.047519,1.037264,1.025440,1.018088,1.033740,1.037923,1.029442,1.028074,1.047273,1.043283,1.040158,1.023117,1.036851,1.025330,1.011112,1.022388,1.025845,1.024466,1.041584,0.984275,1.020981,1.039172,1.029829,1.026400,1.047624,1.043952,1.032715,1.035855,1.030820,1.014839,1.026353,1.020332,0.994674,1.001914,1.048912,1.041214,1.024771,0.995663,1.040182
9.004730,1.047593,1.037395,1.025549,1.018185,1.033835,1.038020,1.029539,1.028158,1.047324,1.043377,1.040254,1.023211,1.036945,1.025422,1.011189,1.022458,1.025930,1.024560,1.041635,0.984324,1.021037,1.039213,1.029876,1.026466,1.047741,1.044052,1.032808,1.035952,1.030915,1.015029,1.026473,1.020419,0.994704,1.001965,1.048927,1.041257,1.024881,0.995751,1.040210
9.013060,1.047667,1.037528,1.025659,1.018282,1.033931,1.038118,1.029636,1.028242,1.047374,1.043473,1.040351,1.023307,1.037040,1.025516,1.011267,1.022530,1.026016,1.024655,1.041689,0.984374,1.021095,1.039256,1.029924,1.026534,1.047860,1.044153,1.032902,1.036049,1.031011,1.015220,1.026594,1.020507,0.994737,1.002018,1.048944,1.041302,1.024991,0.995840,1.040238
9.021390,1.047742,1.037662,1.025770,1.018382,1.034029,1.038218,1.029735,1.028328,1.047425,1.043570,1.040448,1.023404,1.037137,1.025611,1.011348,1.022603,1.026104,1.024753,1.041744,0.984427,1.021155,1.039301,1.029975,1.026604,1.047979,1.044256,1.032997,1.036149,1.031109,1.015412,1.026716,1.020596,0.994771,1.002073,1.048963,1.041349,1.025103,0.995932,1.040266
9.029720,1.047816,1.037796,1.025881,1.018481,1.034126,1.038318,1.029834,1.028414,1.047476,1.043668,1.040547,1.023502,1.037234,1.025706,1.011429,1.022678,1.026193,1.024850,1.041800,0.984481,1.021216,1.039347,1.030027,1.026675,1.048100,1.044359,1.033094,1.036249,1.031208,1.015604,1.026839,1.020685,0.994806,1.002130,1.048982,1.041398,1.025215,0.996024,1.040294
9.038050,1.047892,1.037932,1.025996,1.018584,1.034227,1.038420,1.029935,1.028502,1.047527,1.043768,1.040648,1.023602,1.037334,1.025805,1.011514,1.022757,1.026286,1.024952,1.041861,0.984540,1.021281,1.039398,1.030083,1.026750,1.048222,1.044466,1.033194,1.036353,1.031311,1.015797,1.026963,1.020776,0.994845,1.002191,1.049005,1.041450,1.025329,0.996120,1.040321
9.046380,1.047968,1.038068,1.026111,1.018686,1.034327,1.038523,1.030037,1.028590,1.047579,1.043868,1.040749,1.023703,1.037434,1.025904,1.011600,1.022836,1.026379,1.025053,1.041923,0.984599,1.021347,1.039448,1.030139,1.026826,1.048344,1.044573,1.033294,1.036457,1.031414,1.015991,1.027087,1.020868,0.994885,1.002253,1.049029,1.041503,1.025444,0.996216,1.040349
9.054710,1.048043,1.038205,1.026226,1.018790,1.034428,1.038626,1.030139,1.028678,1.047630,1.043969,1.040850,1.023804,1.037534,1.026003,1.011686,1.022916,1.026472,1.025155,1.041985,0.984659,1.021413,1.039500,1.030197,1.026902,1.048467,1.044680,1.033395,1.036562,1.031517,1.016185,1.027212,1.020960,0.994925,1.002317,1.049054,1.041557,1.025558,0.996312,1.040375
9.063040,1.048120,1.038344,1.026344,1.018896,1.034531,1.038731,1.030243,1.028768,1.047682,1.044072,1.040954,1.023908,1.037637,1.026105,1.011776,1.023000,1.026569,1.025261,1.042052,0.984724,1.021483,1.039555,1.030258,1.026983,1.048592,1.044791,1.033499,1.036670,1.031624,1.016380,1.027338,1.021054,0.994970,1.002384,1.049082,1.041615,1.025675,0.996412,1.040402
9.071370,1.048196,1.038483,1.026462,1.019002,1.034634,1.038836,1.030347,1.028858,1.047733,1.044176,1.041059,1.024011,1.037740,1.026208,1.011866,1.023084,1.026667,1.025366,1.042119,0.984789,1.021554,1.039611,1.030320,1.027064,1.048717,1.044901,1.033603,1.036778,1.031731,1.016575,1.027464,1.021149,0.995014,1.002453,1.049110,1.041673,1.025792,0.996513,1.040428
9.079700,1.048272,1.038623,1.026581,1.019108,1.034737,1.038942,1.030452,1.028948,1.047785,1.044280,1.041163,1.024115,1.037844,1.026311,1.011957,1.023169,1.026765,1.025472,1.042188,0.984855,1.021625,1.039668,1.030382,1.027145,1.048843,1.045013,1.033708,1.036887,1.031839,1.016770,1.027590,1.021243,0.995060,1.002522,1.049140,1.041732,1.025909,0.996614,1.040454
9.088030,1.048349,1.038764,1.026702,1.019217,1.034843,1.039049,1.030559,1.029041,1.047837,1.044386,1.041270,1.024222,1.037950,1.026416,1.012051,1.023258,1.026866,1.025581,1.042260,0.984925,1.021701,1.039729,1.030449,1.027231,1.048970,1.045127,1.033816,1.036999,1.031950,1.016966,1.027718,1.021340,0.995109,1.002596,1.049172,1.041795,1.026028,0.996717,1.040480
9.096360,1.048426,1.038905,1.026823,1.019326,1.034948,1.039157,1.030665,1.029133,1.047888,1.044492,1.041377,1.024328,1.038056,1.026522,1.012146,1.023347,1.026968,1.025691,1.042333,0.984996,1.021776,1.039789,1.030516,1.027317,1.049097,1.045241,1.033924,1.037111,1.032061,1.017162,1.027846,1.021436,0.995159,1.002670,1.049206,1.041859,1.026147,0.996822,1.040505
9.104690,1.048503,1.039047,1.026945,1.019435,1.035054,1.039265,1.030772,1.029225,1.047940,1.044599,1.041484,1.024435,1.038163,1.026628,1.012241,1.023437,1.027070,1.025801,1.042406,0.985068,1.021852,1.039851,1.030583,1.027403,1.049225,1.045356,1.034032,1.037224,1.032172,1.017359,1.027974,1.021533,0.995210,1.002746,1.049240,1.041923,1.026266,0.996927,1.040530
9.113020,1.048580,1.039190,1.027068,1.019547,1.035162,1.039375,1.030881,1.029319,1.047992,1.044707,1.041593,1.024544,1.038272,1.026737,1.012339,1.023530,1.027175,1.025913,1.042484,0.985144,1.021932,1.039916,1.030655,1.027493,1.049354,1.045473,1.034143,1.037340,1.032287,1.017556,1.028103,1.021631,0.995263,1.002825,1.049277,1.041991,1.026387,0.997034,1.040555
9.121350,1.048657,1.039333,1.027192,1.019659,1.035270,1.039485,1.030990,1.029413,1.048044,1.044816,1.041702,1.024653,1.038380,1.026845,1.012438,1.023623,1.027281,1.026026,1.042562,0.985220,1.022012,1.039982,1.030726,1.027583,1.049484,1.045590,1.034255,1.037455,1.032402,1.017753,1.028232,1.021730,0.995318,1.002905,1.049314,1.042059,1.026507,0.997142,1.040579
9.129680,1.048734,1.039477,1.027317,1.019771,1.035377,1.039595,1.031099,1.029507,1.048095,1.044925,1.041811,1.024762,1.038489,1.026954,1.012537,1.023717,1.027387,1.026139,1.042641,0.985297,1.022093,1.040048,1.030798,1.027674,1.049613,1.045708,1.034367,1.037572,1.032517,1.017950,1.028361,1.021829,0.995373,1.002986,1.049352,1.042128,1.026628,0.997251,1.040603
9.138010,1.048812,1.039621,1.027443,1.019885,1.035487,1.039707,1.031210,1.029602,1.048147,1.045036,1.041922,1.024873,1.038600,1.027066,1.012639,1.023814,1.027495,1.026255,1.042723,0.985377,1.022177,1.040117,1.030874,1.027768,1.049744,1.045828,1.034481,1.037691,1.032635,1.018147,1.028491,1.021929,0.995431,1.003071,1.049393,1.042200,1.026751,0.997362,1.040627
9.146340,1.048889,1.039766,1.027569,1.019999,1.035597,1.039818,1.031321,1.029697,1.048199,1.045147,1.042034,1.024984,1.038711,1.027177,1.012741,1.023912,1.027604,1.026371,1.042806,0.985459,1.022261,1.040187,1.030950,1.027863,1.049875,1.045949,1.034596,1.037810,1.032753,1.018344,1.028622,1.022029,0.995490,1.003156,1.049435,1.042272,1.026873,0.997473,1.040650
9.154670,1.048966,1.039911,1.027696,1.020113,1.035706,1.039930,1.031432,1.029792,1.048250,1.045258,1.042145,1.025095,1.038823,1.027289,1.012844,1.024009,1.027714,1.026487,1.042889,0.985541,1.022346,1.040258,1.031027,1.027958,1.050006,1.046069,1.034711,1.037929,1.032871,1.018542,1.028752,1.022129,0.995549,1.003242,1.049477,1.042346,1.026996,0.997585,1.040672
9.163000,1.049043,1.040057,1.027824,1.020230,1.035818,1.040044,1.031544,1.029889,1.048302,1.045370,1.042258,1.025208,1.038936,1.027402,1.012950,1.024110,1.027825,1.026605,1.042976,0.985626,1.022434,1.040331,1.031106,1.028056,1.050138,1.046192,1.034828,1.038051,1.032992,1.018739,1.028883,1.022231,0.995612,1.003332,1.049522,1.042422,1.027120,0.997699,1.040695
9.171330,1.049120,1.040203,1.027952,1.020346,1.035929,1.040157,1.031657,1.029985,1.048353,1.045483,1.042371,1.025321,1.039049,1.027516,1.013055,1.024211,1.027937,1.026724,1.043063,0.985712,1.022522,1.040405,1.031186,1.028154,1.050271,1.046314,1.034946,1.038173,1.033113,1.018936,1.029014,1.022332,0.995674,1.003422,1.049567,1.042498,1.027243,0.997814,1.040717
9.179660,1.049197,1.040349,1.028081,1.020462,1.036040,1.040270,1.031769,1.030082,1.048404,1.045596,1.042484,1.025434,1.039162,1.027630,1.013161,1.024313,1.028050,1.026842,1.043151,0.985798,1.022611,1.040479,1.031266,1.028253,1.050403,1.046437,1.035063,1.038295,1.033235,1.019134,1.029145,1.022434,0.995738,1.003513,1.049612,1.042575,1.027367,0.997928,1.040738
9.187990,1.049274,1.040496,1.028210,1.020580,1.036152,1.040385,1.031882,1.030179,1.048456,1.045710,1.042598,1.025549,1.039276,1.027745,1.013270,1.024417,1.028164,1.026963,1.043242,0.985888,1.022702,1.040556,1.031349,1.028354,1.050536,1.046562,1.035183,1.038420,1.033358,1.019331,1.029277,1.022537,0.995804,1.003607,1.049660,1.042655,1.027492,0.998045,1.040759
9.196320,1.049351,1.040642,1.028340,1.020698,1.036265,1.040499,1.031996,1.030276,1.048506,1.045824,1.042712,1.025663,1.039391,1.027860,1.013378,1.024521,1.028279,1.027084,1.043333,0.985977,1.022793,1.040633,1.031433,1.028456,1.050670,1.046687,1.035302,1.038544,1.033481,1.019528,1.029408,1.022639,0.995870,1.003701,1.049709,1.042735,1.027617,0.998162,1.040780
9.204650,1.049427,1.040789,1.028470,1.020815,1.036377,1.040614,1.032109,1.030373,1.048557,1.045938,1.042827,1.025777,1.039505,1.027976,1.013487,1.024625,1.028393,1.027205,1.043424,0.986068,1.022885,1.040710,1.031517,1.028558,1.050803,1.046812,1.035422,1.038669,1.033605,1.019724,1.029539,1.022742,0.995937,1.003797,1.049758,1.042815,1.027742,0.998279,1.040800
9.212980,1.049504,1.040936,1.028601,1.020934,1.036490,1.040729,1.032224,1.030472,1.048608,1.046053,1.042942,1.025893,1.039621,1.028093,1.013598,1.024732,1.028510,1.027327,1.043519,0.986161,1.022979,1.040790,1.031603,1.028662,1.050937,1.046938,1.035544,1.038795,1.033731,1.019921,1.029671,1.022845,0.996006,1.003895,1.049809,1.042898,1.027867,0.998398,1.040820
9.221310,1.049580,1.041083,1.028733,1.021053,1.036604,1.040844,1.032338,1.030569,1.048658,1.046168,1.043057,1.026008,1.039737,1.028210,1.013709,1.024839,1.028627,1.027450,1.043613,0.986255,1.023073,1.040870,1.031689,1.028766,1.051071,1.047065,1.035665,1.038921,1.033856,1.020117,1.029803,1.022949,0.996076,1.003993,1.049860,1.042981,1.027992,0.998517,1.040840
9.229640,1.049656,1.041231,1.028864,1.021172,1.036717,1.040960,1.032452,1.030667,1.048708,1.046283,1.043172,1.026124,1.039853,1.028327,1.013820,1.024946,1.028744,1.027572,1.043708,0.986349,1.023168,1.040951,1.031776,1.028871,1.051204,1.047191,1.035787,1.039048,1.033982,1.020313,1.029934,1.023052,0.996146,1.004093,1.049912,1.043065,1.028118,0.998636,1.040859
9.237970,1.049731,1.041378,1.028996,1.021293,1.036831,1.041076,1.032567,1.030765,1.048758,1.046399,1.043289,1.026240,1.039969,1.028445,1.013933,1.025056,1.028863,1.027697,1.043806,0.986446,1.023265,1.041034,1.031865,1.028978,1.051339,1.047319,1.035910,1.039176,1.034109,1.020509,1.030066,1.023156,0.996218,1.004195,1.049966,1.043150,1.028244,0.998757,1.040877
9.246300,1.049807,1.041525,1.029128,1.021412,1.036944,1.041192,1.032682,1.030863,1.048807,1.046515,1.043404,1.026356,1.040086,1.028563,1.014046,1.025165,1.028981,1.027820,1.043903,0.986543,1.023361,1.041116,1.031954,1.029084,1.051473,1.047447,1.036033,1.039304,1.034236,1.020704,1.030197,1.023259,0.996291,1.004297,1.050019,1.043236,1.028369,0.998878,1.040895
9.254630,1.049882,1.041672,1.029260,1.021532,1.037058,1.041307,1.032797,1.030961,1.048857,1.046631,1.043520,1.026473,1.040202,1.028682,1.014159,1.025274,1.029100,1.027945,1.044002,0.986640,1.023458,1.041199,1.032044,1.029192,1.051607,1.047574,1.036156,1.039433,1.034364,1.020899,1.030328,1.023363,0.996364,1.004399,1.050074,1.043322,1.028495,0.998999,1.040913
9.262960,1.049957,1.041820,1.029392,1.021653,1.037172,1.041424,1.032912,1.031060,1.048906,1.046747,1.043637,1.026589,1.040320,1.028801,1.014274,1.025385,1.029220,1.028070,1.044102,0.986740,1.023557,1.041284,1.032135,1.029301,1.051741,1.047703,1.036281,1.039562,1.034493,1.021093,1.030459,1.023467,0.996439,1.004505,1.050130,1.043410,1.028621,0.999121,1.040930
9.271290,1.050031,1.041967,1.029525,1.021774,1.037286,1.041540,1.033027,1.031158,1.048954,1.046863,1.043753,1.026706,1.040437,1.028919,1.014388,1.025496,1.029340,1.028195,1.044202,0.986840,1.023656,1.041369,1.032226,1.029409,1.051875,1.047832,1.036405,1.039691,1.034621,1.021287,1.030590,1.023571,0.996514,1.004610,1.050186,1.043498,1.028747,0.999243,1.040947
9.279620,1.050105,1.042114,1.029657,1.021894,1.037400,1.041655,1.033142,1.031256,1.049003,1.046979,1.043869,1.026822,1.040554,1.029038,1.014503,1.025608,1.029460,1.028320,1.044303,0.986941,1.023755,1.041454,1.032318,1.029519,1.052009,1.047960,1.036529,1.039821,1.034750,1.021480,1.030721,1.023674,0.996590,1.004716,1.050242,1.043586,1.028873,0.999366,1.040963
9.287950,1.050179,1.042261,1.029790,1.022015,1.037514,1.041772,1.033257,1.031354,1.049051,1.047096,1.043986,1.026940,1.040671,1.029158,1.014619,1.025721,1.029581,1.028446,1.044406,0.987043,1.023856,1.041541,1.032411,1.029629,1.052143,1.048090,1.036654,1.039951,1.034880,1.021673,1.030851,1.023778,0.996667,1.004824,1.050300,1.043676,1.028998,0.999489,1.040979
9.296280,1.050252,1.042407,1.029922,1.022136,1.037628,1.041887,1.033372,1.031452,1.049098,1.047212,1.044102,1.027056,1.040788,1.029277,1.014735,1.025833,1.029702,1.028572,1.044509,0.987145,1.023956,1.041628,1.032504,1.029740,1.052277,1.048219,1.036779,1.040081,1.035009,1.021865,1.030981,1.023882,0.996745,1.004932,1.050358,1.043766,1.029124,0.999613,1.040994
9.304610,1.050325,1.042553,1.030055,1.022256,1.037741,1.042003,1.033486,1.031549,1.049146,1.047328,1.044218,1.027173,1.040905,1.029396,1.014851,1.025946,1.029823,1.028697,1.044612,0.987248,1.024057,1.041715,1.032598,1.029850,1.052411,1.048348,1.036904,1.040212,1.035139,1.022056,1.031111,1.023985,0.996822,1.005041,1.050416,1.043856,1.029249,0.999736,1.041008
9.312940,1.050398,1.042699,1.030187,1.022377,1.037855,1.042119,1.033601,1.031647,1.049193,1.047445,1.044334,1.027290,1.041023,1.029516,1.014967,1.026060,1.029945,1.028824,1.044716,0.987353,1.024159,1.041803,1.032692,1.029962,1.052544,1.048478,1.037030,1.040343,1.035269,1.022247,1.031241,1.024089,0.996902,1.005151,1.050476,1.043948,1.029375,0.999860,1.041023
9.321270,1.050470,1.042844,1.030319,1.022498,1.037969,1.042234,1.033716,1.031744,1.049239,1.047561,1.044450,1.027406,1.041139,1.029635,1.015084,1.026174,1.030067,1.028950,1.044821,0.987457,1.024260,1.041892,1.032787,1.030074,1.052677,1.048607,1.037155,1.040473,1.035399,1.022436,1.031370,1.024192,0.996981,1.005261,1.050535,1.044039,1.029499,0.999984,1.041036
9.329600,1.050542,1.042989,1.030451,1.022618,1.038082,1.042350,1.033830,1.031841,1.049286,1.047676,1.044565,1.027522,1.041256,1.029754,1.015201,1.026287,1.030188,1.029075,1.044926,0.987562,1.024362,1.041980,1.032882,1.030186,1.052810,1.048736,1.037280,1.040604,1.035529,1.022626,1.031499,1.024294,0.997061,1.005372,1.050595,1.044130,1.029624,1.000108,1.041050
9.337930,1.050613,1.043134,1.030584,1.022739,1.038195,1.042465,1.033944,1.031938,1.049332,1.047792,1.044681,1.027638,1.041373,1.029874,1.015318,1.026402,1.030310,1.029202,1.045032,0.987669,1.024465,1.042069,1.032977,1.030298,1.052942,1.048866,1.037406,1.040735,1.035659,1.022814,1.031627,1.024397,0.997142,1.005485,1.050656,1.044223,1.029749,1.000233,1.041063
9.346260,1.050683,1.043278,1.030715,1.022859,1.038308,1.042579,1.034058,1.032034,1.049377,1.047907,1.044796,1.027754,1.041490,1.029993,1.015435,1.026516,1.030432,1.029328,1.045138,0.987775,1.024568,1.042159,1.033073,1.030411,1.053074,1.048995,1.037531,1.040866,1.035790,1.023001,1.031754,1.024499,0.997223,1.005597,1.050717,1.044315,1.029873,1.000357,1.041075
9.354590,1.050753,1.043422,1.030846,1.022978,1.038420,1.042694,1.034171,1.032130,1.049422,1.048022,1.044911,1.027870,1.041606,1.030111,1.015552,1.026631,1.030554,1.029453,1.045244,0.987882,1.024670,1.042248,1.033169,1.030523,1.053206,1.049124,1.037656,1.040996,1.035920,1.023187,1.031882,1.024601,0.997304,1.005710,1.050777,1.044408,1.029997,1.000481,1.041086
9.362920,1.050823,1.043565,1.030978,1.023098,1.038532,1.042808,1.034284,1.032226,1.049466,1.048137,1.045026,1.027985,1.041722,1.030230,1.015669,1.026746,1.030676,1.029579,1.045351,0.987989,1.024774,1.042338,1.033265,1.030637,1.053337,1.049253,1.037782,1.041127,1.036050,1.023373,1.032009,1.024703,0.997386,1.005824,1.050839,1.044501,1.030120,1.000605,1.041098
9.371250,1.050892,1.043707,1.031108,1.023217,1.038644,1.042921,1.034397,1.032322,1.049510,1.048251,1.045140,1.028100,1.041837,1.030349,1.015786,1.026860,1.030798,1.029705,1.045458,0.988097,1.024877,1.042428,1.033361,1.030749,1.053468,1.049381,1.037907,1.041258,1.036180,1.023557,1.032134,1.024804,0.997468,1.005938,1.050900,1.044594,1.030243,1.000729,1.041108
9.379580,1.050960,1.043849,1.031238,1.023336,1.038755,1.043035,1.034509,1.032417,1.049554,1.048366,1.045254,1.028214,1.041953,1.030467,1.015903,1.026975,1.030919,1.029830,1.045566,0.988205,1.024980,1.042518,1.033457,1.030862,1.053598,1.049509,1.038031,1.041388,1.036310,1.023741,1.032260,1.024905,0.997550,1.006052,1.050962,1.044687,1.030366,1.000853,1.041119
9.387910,1.051028,1.043991,1.031368,1.023455,1.038866,1.043148,1.034621,1.032511,1.049597,1.048479,1.045367,1.028329,1.042068,1.030584,1.016021,1.027090,1.031041,1.029955,1.045674,0.988313,1.025083,1.042608,1.033554,1.030975,1.053728,1.049638,1.038156,1.041518,1.036439,1.023923,1.032385,1.025005,0.997633,1.006167,1.051024,1.044781,1.030488,1.000978,1.041129
9.396240,1.051095,1.044131,1.031497,1.023573,1.038976,1.043260,1.034732,1.032605,1.049639,1.048592,1.045480,1.028442,1.042182,1.030702,1.016137,1.027204,1.031162,1.030079,1.045781,0.988422,1.025186,1.042698,1.033650,1.031088,1.053856,1.049765,1.038280,1.041648,1.036569,1.024104,1.032509,1.025104,0.997716,1.006282,1.051086,1.044874,1.030609,1.001101,1.041138
9.404570,1.051162,1.044271,1.031626,1.023691,1.039086,1.043371,1.034843,1.032699,1.049681,1.048705,1.045593,1.028555,1.042296,1.030819,1.016254,1.027318,1.031282,1.030204,1.045889,0.988531,1.025289,1.042788,1.033747,1.031201,1.053985,1.049892,1.038404,1.041777,1.036698,1.024284,1.032633,1.025204,0.997799,1.006397,1.051148,1.044967,1.030730,1.001224,1.041146
9.412900,1.051228,1.044410,1.031755,1.023808,1.039195,1.043483,1.034953,1.032792,1.049723,1.048817,1.045705,1.028668,1.042409,1.030935,1.016370,1.027433,1.031403,1.030327,1.045997,0.988640,1.025392,1.042878,1.033843,1.031314,1.054113,1.050019,1.038527,1.041907,1.036826,1.024463,1.032756,1.025302,0.997883,1.006513,1.051210,1.045061,1.030851,1.001348,1.041155
9.421230,1.051293,1.044548,1.031882,1.023925,1.039304,1.043593,1.035062,1.032885,1.049764,1.048929,1.045816,1.028780,1.042522,1.031051,1.016486,1.027547,1.031523,1.030451,1.046105,0.988749,1.025495,1.042968,1.033939,1.031426,1.054240,1.050145,1.038650,1.042035,1.036955,1.024641,1.032878,1.025400,0.997967,1.006629,1.051272,1.045154,1.030970,1.001471,1.041162
9.429560,1.051357,1.044686,1.032009,1.024041,1.039412,1.043703,1.035171,1.032977,1.049804,1.049039,1.045926,1.028892,1.042634,1.031166,1.016602,1.027660,1.031643,1.030574,1.046213,0.988858,1.025597,1.043058,1.034035,1.031538,1.054366,1.050271,1.038773,1.042164,1.037083,1.024817,1.032999,1.025498,0.998050,1.006744,1.051334,1.045247,1.031090,1.001593,1.041169
9.437890,1.051421,1.044822,1.032136,1.024156,1.039520,1.043813,1.035280,1.033068,1.049844,1.049150,1.046037,1.029002,1.042746,1.031281,1.016717,1.027774,1.031762,1.030696,1.046321,0.988967,1.025700,1.043148,1.034131,1.031650,1.054492,1.050396,1.038895,1.042292,1.037210,1.024993,1.033120,1.025594,0.998134,1.006860,1.051396,1.045340,1.031208,1.001715,1.041176
9.446220,1.051484,1.044958,1.032261,1.024271,1.039627,1.043921,1.035388,1.033159,1.049883,1.049259,1.046146,1.029113,1.042857,1.031396,1.016832,1.027887,1.031881,1.030818,1.046429,0.989076,1.025802,1.043237,1.034227,1.031762,1.054617,1.050521,1.039017,1.042419,1.037337,1.025167,1.033240,1.025691,0.998217,1.006976,1.051458,1.045433,1.031326,1.001837,1.041182
9.454550,1.051546,1.045093,1.032386,1.024385,1.039733,1.044029,1.035495,1.033249,1.049922,1.049368,1.046255,1.029222,1.042967,1.031509,1.016946,1.028000,1.031999,1.030939,1.046537,0.989185,1.025903,1.043326,1.034322,1.031873,1.054741,1.050645,1.039138,1.042546,1.037464,1.025339,1.033359,1.025786,0.998301,1.007092,1.051520,1.045525,1.031443,1.001958,1.041188
9.462880,1.051608,1.045226,1.032510,1.024499,1.039838,1.044136,1.035601,1.033338,1.049960,1.049476,1.046363,1.029331,1.043077,1.031622,1.017060,1.028112,1.032117,1.031059,1.046644,0.989294,1.026005,1.043415,1.034417,1.031984,1.054864,1.050768,1.039258,1.042672,1.037589,1.025510,1.033476,1.025880,0.998385,1.007208,1.051582,1.045618,1.031559,1.002079,1.041193
9.471210,1.051668,1.045359,1.032633,1.024612,1.039943,1.044243,1.035706,1.033427,1.049998,1.049584,1.046470,1.029439,1.043186,1.031734,1.017173,1.028223,1.032234,1.031179,1.046751,0.989403,1.026105,1.043503,1.034512,1.032094,1.054986,1.050891,1.039377,1.042798,1.037714,1.025680,1.033594,1.025974,0.998468,1.007324,1.051643,1.045710,1.031675,1.002199,1.041197
9.479540,1.051728,1.045491,1.032756,1.024723,1.040047,1.044349,1.035811,1.033515,1.050035,1.049691,1.046576,1.029546,1.043294,1.031846,1.017286,1.028335,1.032351,1.031298,1.046858,0.989512,1.026206,1.043591,1.034606,1.032204,1.055107,1.051013,1.039496,1.042922,1.037839,1.025848,1.033710,1.026067,0.998552,1.007440,1.051704,1.045801,1.031789,1.002318,1.041201
9.487870,1.051787,1.045621,1.032877,1.024834,1.040150,1.044453,1.035915,1.033602,1.050071,1.049796,1.046682,1.029652,1.043401,1.031956,1.017398,1.028445,1.032466,1.031416,1.046965,0.989620,1.026305,1.043679,1.034699,1.032313,1.055228,1.051134,1.039614,1.043046,1.037963,1.026014,1.033825,1.026159,0.998635,1.007555,1.051764,1.045892,1.031903,1.002437,1.041205
9.496200,1.051846,1.045750,1.032998,1.024945,1.040252,1.044557,1.036018,1.033689,1.050107,1.049901,1.046786,1.029758,1.043508,1.032066,1.017509,1.028555,1.032581,1.031534,1.047071,0.989728,1.026405,1.043766,1.034793,1.032422,1.055347,1.051254,1.039732,1.043170,1.038086,1.026179,1.033939,1.026250,0.998718,1.007671,1.051825,1.045983,1.032016,1.002555,1.041208
9.504530,1.051903,1.045878,1.033117,1.025054,1.040353,1.044660,1.036120,1.033774,1.050142,1.050005,1.046890,1.029863,1.043613,1.032175,1.017620,1.028664,1.032695,1.031650,1.047177,0.989836,1.026503,1.043852,1.034885,1.032530,1.055465,1.051373,1.039848,1.043292,1.038208,1.026343,1.034053,1.026341,0.998800,1.007786,1.051885,1.046073,1.032128,1.002673,1.041210
9.512860,1.051960,1.046005,1.033235,1.025163,1.040453,1.044762,1.036221,1.033859,1.050176,1.050108,1.046993,1.029966,1.043717,1.032283,1.017730,1.028773,1.032809,1.031766,1.047282,0.989944,1.026601,1.043938,1.034977,1.032637,1.055582,1.051491,1.039964,1.043414,1.038329,1.026504,1.034165,1.026430,0.998883,1.007900,1.051944,1.046162,1.032239,1.002789,1.041212
9.521190,1.052016,1.046131,1.033353,1.025270,1.040553,1.044863,1.036321,1.033943,1.050210,1.050210,1.047095,1.030069,1.043821,1.032391,1.017839,1.028881,1.032921,1.031881,1.047387,0.990051,1.026699,1.044024,1.035068,1.032744,1.055699,1.051609,1.040079,1.043535,1.038450,1.026664,1.034276,1.026518,0.998965,1.008015,1.052003,1.046251,1.032349,1.002905,1.041214
9.529520,1.052071,1.046255,1.033469,1.025377,1.040651,1.044963,1.036420,1.034026,1.050243,1.050311,1.047196,1.030171,1.043924,1.032497,1.017947,1.028988,1.033033,1.031994,1.047491,0.990157,1.026795,1.044108,1.035159,1.032849,1.055814,1.051725,1.040192,1.043655,1.038569,1.026823,1.034386,1.026606,0.999046,1.008128,1.052062,1.046339,1.032458,1.003020,1.041215
9.537850,1.052124,1.046378,1.033584,1.025482,1.040748,1.045062,1.036518,1.034108,1.050275,1.050411,1.047295,1.030271,1.044025,1.032602,1.018054,1.029094,1.033143,1.032107,1.047595,0.990263,1.026891,1.044192,1.035249,1.032954,1.055927,1.051841,1.040305,1.043773,1.038688,1.026979,1.034495,1.026692,0.999128,1.008242,1.052120,1.046427,1.032565,1.003134,1.041215
9.546180,1.052178,1.046500,1.033699,1.025587,1.040845,1.045161,1.036616,1.034189,1.050307,1.050510,1.047394,1.030371,1.044126,1.032706,1.018161,1.029199,1.033253,1.032219,1.047698,0.990369,1.026986,1.044276,1.035338,1.033059,1.056040,1.051955,1.040417,1.043891,1.038806,1.027134,1.034603,1.026777,0.999209,1.008355,1.052177,1.046514,1.032672,1.003247,1.041215
9.554510,1.052230,1.046621,1.033811,1.025690,1.040940,1.045258,1.036712,1.034269,1.050338,1.050608,1.047492,1.030470,1.044225,1.032809,1.018266,1.029303,1.033362,1.032329,1.047800,0.990474,1.027080,1.044358,1.035426,1.033162,1.056152,1.052068,1.040528,1.044008,1.038922,1.027287,1.034710,1.026861,0.999289,1.008467,1.052234,1.046600,1.032778,1.003359,1.041214
9.562840,1.052281,1.046740,1.033923,1.025792,1.041034,1.045353,1.036807,1.034348,1.050368,1.050705,1.047588,1.030567,1.044323,1.032911,1.018370,1.029407,1.033469,1.032438,1.047901,0.990578,1.027173,1.044439,1.035514,1.033264,1.056262,1.052180,1.040637,1.044124,1.039037,1.027438,1.034815,1.026944,0.999369,1.008579,1.052290,1.046685,1.032882,1.003470,1.041213
9.571170,1.052331,1.046857,1.034034,1.025894,1.041128,1.045448,1.036901,1.034427,1.050398,1.050801,1.047684,1.030663,1.044421,1.033012,1.018474,1.029509,1.033576,1.032547,1.048002,0.990682,1.027265,1.044520,1.035600,1.033365,1.056371,1.052291,1.040746,1.044239,1.039152,1.027588,1.034920,1.027027,0.999448,1.008690,1.052346,1.046770,1.032986,1.003581,1.041211
9.579500,1.052380,1.046973,1.034143,1.025994,1.041220,1.045542,1.036994,1.034504,1.050427,1.050895,1.047778,1.030758,1.044517,1.033111,1.018576,1.029610,1.033681,1.032654,1.048102,0.990784,1.027356,1.044600,1.035686,1.033466,1.056478,1.052401,1.040853,1.044352,1.039265,1.027735,1.035023,1.027107,0.999527,1.008801,1.052400,1.046853,1.033088,1.003690,1.041209
9.587830,1.052429,1.047088,1.034250,1.026092,1.041310,1.045634,1.037085,1.034580,1.050455,1.050988,1.047871,1.030852,1.044611,1.033210,1.018677,1.029711,1.033785,1.032759,1.048201,0.990887,1.027447,1.044679,1.035770,1.033565,1.056584,1.052509,1.040959,1.044464,1.039377,1.027880,1.035125,1.027187,0.999605,1.008910,1.052454,1.046936,1.033189,1.003798,1.041207
9.596160,1.052476,1.047201,1.034357,1.026190,1.041400,1.045726,1.037176,1.034656,1.050483,1.051080,1.047963,1.030945,1.044705,1.033307,1.018778,1.029810,1.033888,1.032864,1.048300,0.990988,1.027536,1.044757,1.035854,1.033663,1.056690,1.052617,1.041064,1.044575,1.039488,1.028024,1.035226,1.027265,0.999682,1.009020,1.052508,1.047018,1.033289,1.003905,1.041203
9.604490,1.052522,1.047313,1.034462,1.026286,1.041489,1.045815,1.037265,1.034729,1.050510,1.051171,1.048053,1.031036,1.044797,1.033403,1.018876,1.029908,1.033990,1.032967,1.048397,0.991089,1.027624,1.044834,1.035937,1.033760,1.056793,1.052723,1.041168,1.044685,1.039598,1.028166,1.035325,1.027342,0.999759,1.009128,1.052560,1.047098,1.033387,1.004010,1.041200
9.612820,1.052568,1.047422,1.034565,1.026381,1.041576,1.045904,1.037353,1.034802,1.050536,1.051260,1.048143,1.031127,1.044888,1.033498,1.018974,1.030005,1.034090,1.033069,1.048493,0.991188,1.027711,1.044910,1.036018,1.033856,1.056895,1.052827,1.041270,1.044793,1.039706,1.028305,1.035423,1.027418,0.999835,1.009235,1.052611,1.047178,1.033484,1.004114,1.041196
9.621150,1.052612,1.047531,1.034668,1.026475,1.041662,1.045992,1.037440,1.034875,1.050561,1.051349,1.048231,1.031216,1.044978,1.033592,1.019070,1.030101,1.034190,1.033170,1.048589,0.991287,1.027797,1.044985,1.036099,1.033951,1.056996,1.052931,1.041371,1.044901,1.039813,1.028443,1.035520,1.027493,0.999910,1.009342,1.052662,1.047257,1.033580,1.004218,1.041191
9.629480,1.052655,1.047638,1.034768,1.026567,1.041747,1.046078,1.037525,1.034945,1.050586,1.051435,1.048317,1.031303,1.045066,1.033683,1.019165,1.030195,1.034287,1.033269,1.048683,0.991385,1.027881,1.045058,1.036178,1.034044,1.057095,1.053032,1.041471,1.045006,1.039918,1.028578,1.035616,1.027566,0.999984,1.009447,1.052712,1.047334,1.033674,1.004320,1.041186
9.637810,1.052697,1.047743,1.034867,1.026658,1.041830,1.046163,1.037609,1.035015,1.050610,1.051521,1.048403,1.031389,1.045153,1.033774,1.019259,1.030288,1.034383,1.033367,1.048776,0.991482,1.027965,1.045131,1.036256,1.034136,1.057193,1.053133,1.041569,1.045111,1.040023,1.028711,1.035710,1.027638,1.000058,1.009552,1.052760,1.047411,1.033767,1.004420,1.041180
9.646140,1.052739,1.047846,1.034965,1.026748,1.041912,1.046247,1.037692,1.035083,1.050633,1.051605,1.048487,1.031474,1.045239,1.033864,1.019352,1.030380,1.034479,1.033463,1.048869,0.991578,1.028047,1.045202,1.036333,1.034227,1.057289,1.053232,1.041666,1.045214,1.040126,1.028842,1.035803,1.027709,1.000131,1.009656,1.052808,1.047486,1.033859,1.004520,1.041174
9.654470,1.052779,1.047948,1.035061,1.026836,1.041993,1.046329,1.037773,1.035150,1.050655,1.051687,1.048569,1.031557,1.045323,1.033951,1.019442,1.030470,1.034572,1.033558,1.048960,0.991673,1.028128,1.045272,1.036408,1.034317,1.057384,1.053329,1.041761,1.045315,1.040227,1.028971,1.035895,1.027778,1.000203,1.009758,1.052855,1.047560,1.033950,1.004617,1.041168
9.662800,1.052818,1.048047,1.035155,1.026923,1.042072,1.046409,1.037853,1.035216,1.050677,1.051768,1.048650,1.031639,1.045406,1.034037,1.019532,1.030559,1.034664,1.033651,1.049049,0.991766,1.028207,1.045341,1.036483,1.034405,1.057476,1.053425,1.041854,1.045415,1.040326,1.029097,1.035984,1.027846,1.000273,1.009860,1.052900,1.047633,1.034038,1.004713,1.041160
9.671130,1.052856,1.048146,1.035249,1.027009,1.042151,1.046489,1.037932,1.035281,1.050698,1.051849,1.048731,1.031720,1.045488,1.034123,1.019621,1.030647,1.034755,1.033743,1.049138,0.991859,1.028286,1.045409,1.036556,1.034492,1.057568,1.053520,1.041947,1.045514,1.040425,1.029222,1.036074,1.027913,1.000344,1.009961,1.052945,1.047705,1.034126,1.004809,1.041153
9.679460,1.052893,1.048242,1.035340,1.027092,1.042227,1.046567,1.038009,1.035345,1.050718,1.051927,1.048808,1.031799,1.045567,1.034206,1.019707,1.030733,1.034844,1.033833,1.049225,0.991950,1.028362,1.045474,1.036627,1.034577,1.057658,1.053612,1.042038,1.045610,1.040522,1.029345,1.036161,1.027978,1.000412,1.010060,1.052989,1.047775,1.034212,1.004902,1.041145
9.687790,1.052929,1.048337,1.035429,1.027174,1.042302,1.046643,1.038085,1.035407,1.050737,1.052003,1.048885,1.031876,1.045645,1.034288,1.019792,1.030817,1.034931,1.033921,1.049311,0.992041,1.028437,1.045539,1.036697,1.034660,1.057746,1.053703,1.042127,1.045705,1.040617,1.029464,1.036246,1.028041,1.000480,1.010158,1.053031,1.047844,1.034296,1.004994,1.041137
9.696120,1.052964,1.048430,1.035518,1.027256,1.042376,1.046719,1.038160,1.035468,1.050756,1.052079,1.048961,1.031953,1.045723,1.034369,1.019876,1.030901,1.035018,1.034009,1.049397,0.992130,1.028512,1.045603,1.036767,1.034743,1.057833,1.053793,1.042215,1.045799,1.040711,1.029582,1.036331,1.028104,1.000548,1.010256,1.053073,1.047912,1.034379,1.005085,1.041128
9.704450,1.052997,1.048520,1.035603,1.027334,1.042448,1.046792,1.038232,1.035527,1.050773,1.052152,1.049034,1.032027,1.045797,1.034447,1.019958,1.030982,1.035101,1.034093,1.049479,0.992217,1.028583,1.045665,1.036833,1.034823,1.057917,1.053881,1.042300,1.045891,1.040802,1.029697,1.036414,1.028164,1.000613,1.010351,1.053112,1.047978,1.034460,1.005174,1.041118
9.712780,1.053030,1.048610,1.035689,1.027413,1.042519,1.046864,1.038304,1.035586,1.050790,1.052225,1.049107,1.032101,1.045872,1.034525,1.020039,1.031063,1.035185,1.034178,1.049562,0.992305,1.028655,1.045726,1.036900,1.034903,1.058001,1.053968,1.042385,1.045982,1.040893,1.029811,1.036496,1.028224,1.000679,1.010446,1.053152,1.048043,1.034540,1.005262,1.041109
9.721110,1.053062,1.048697,1.035771,1.027488,1.042588,1.046935,1.038374,1.035643,1.050807,1.052295,1.049177,1.032172,1.045943,1.034600,1.020117,1.031140,1.035265,1.034259,1.049642,0.992389,1.028724,1.045785,1.036964,1.034981,1.058083,1.054052,1.042468,1.046070,1.040981,1.029922,1.036576,1.028282,1.000742,1.010539,1.053189,1.048106,1.034618,1.005347,1.041099
9.729440,1.053092,1.048782,1.035852,1.027563,1.042656,1.047004,1.038442,1.035699,1.050822,1.052364,1.049246,1.032241,1.046014,1.034674,1.020195,1.031217,1.035345,1.034339,1.049721,0.992473,1.028791,1.045842,1.037026,1.035056,1.058162,1.054134,1.042548,1.046157,1.041068,1.030030,1.036654,1.028337,1.000805,1.010631,1.053225,1.048168,1.034695,1.005431,1.041088
9.737770,1.053121,1.048866,1.035931,1.027636,1.042722,1.047071,1.038509,1.035754,1.050837,1.052432,1.049314,1.032310,1.046083,1.034747,1.020270,1.031292,1.035422,1.034418,1.049799,0.992556,1.028857,1.045899,1.037088,1.035131,1.058240,1.054216,1.042628,1.046242,1.041153,1.030136,1.036732,1.028392,1.000866,1.010721,1.053260,1.048229,1.034770,1.005513,1.041077
9.746100,1.053149,1.048947,1.036008,1.027707,1.042787,1.047137,1.038574,1.035807,1.050850,1.052497,1.049379,1.032376,1.046150,1.034817,1.020344,1.031366,1.035498,1.034494,1.049875,0.992637,1.028922,1.045953,1.037147,1.035204,1.058316,1.054295,1.042705,1.046325,1.041236,1.030239,1.036807,1.028445,1.000926,1.010810,1.053294,1.048287,1.034843,1.005594,1.041065
9.754430,1.053176,1.049026,1.036084,1.027776,1.042850,1.047201,1.038638,1.035858,1.050863,1.052561,1.049444,1.032441,1.046215,1.034886,1.020416,1.031437,1.035572,1.034569,1.049950,0.992716,1.028985,1.046006,1.037205,1.035275,1.058390,1.054372,1.042780,1.046407,1.041318,1.030340,1.036881,1.028496,1.000985,1.010898,1.053326,1.048345,1.034914,1.005673,1.041053
9.762760,1.053202,1.049103,1.036157,1.027844,1.042911,1.047264,1.038700,1.035908,1.050875,1.052623,1.049506,1.032504,1.046279,1.034953,1.020486,1.031507,1.035644,1.034642,1.050023,0.992794,1.029045,1.046057,1.037261,1.035344,1.058463,1.054447,1.042854,1.046486,1.041397,1.030438,1.036953,1.028546,1.001043,1.010984,1.053357,1.048400,1.034984,1.005750,1.041041
9.771090,1.053227,1.049179,1.036229,1.027910,1.042971,1.047325,1.038761,1.035957,1.050887,1.052684,1.049567,1.032565,1.046341,1.035019,1.020555,1.031575,1.035714,1.034713,1.050094,0.992871,1.029105,1.046107,1.037316,1.035411,1.058533,1.054521,1.042926,1.046564,1.041475,1.030534,1.037024,1.028594,1.001099,1.011069,1.053386,1.048454,1.035052,1.005825,1.041028
9.779420,1.053250,1.049251,1.036298,1.027974,1.043029,1.047384,1.038820,1.036005,1.050897,1.052743,1.049626,1.032625,1.046401,1.035082,1.020622,1.031641,1.035783,1.034782,1.050164,0.992946,1.029162,1.046155,1.037369,1.035476,1.058602,1.054593,1.042996,1.046639,1.041550,1.030627,1.037093,1.028640,1.001154,1.011152,1.053414,1.048507,1.035118,1.005899,1.041015
9.787750,1.053273,1.049323,1.036367,1.028037,1.043086,1.047442,1.038877,1.036051,1.050907,1.052800,1.049684,1.032683,1.046460,1.035144,1.020687,1.031706,1.035849,1.034849,1.050232,0.993019,1.029218,1.046201,1.037420,1.035540,1.058669,1.054663,1.043064,1.046714,1.041625,1.030718,1.037160,1.028685,1.001208,1.011234,1.053441,1.048558,1.035183,1.005971,1.041001
9.796080,1.053294,1.049392,1.036432,1.028097,1.043141,1.047498,1.038932,1.036095,1.050916,1.052855,1.049739,1.032739,1.046516,1.035204,1.020750,1.031768,1.035914,1.034914,1.050298,0.993091,1.029272,1.046246,1.037469,1.035602,1.058733,1.054730,1.043130,1.046785,1.041696,1.030806,1.037226,1.028728,1.001260,1.011314,1.053466,1.048607,1.035246,1.006040,1.040987
9.804410,1.053314,1.049459,1.036496,1.028156,1.043195,1.047553,1.038986,1.036139,1.050925,1.052909,1.049793,1.032794,1.046572,1.035262,1.020811,1.031829,1.035977,1.034978,1.050363,0.993162,1.029324,1.046288,1.037516,1.035662,1.058797,1.054797,1.043194,1.046855,1.041766,1.030893,1.037291,1.028769,1.001311,1.011392,1.053489,1.048654,1.035307,1.006109,1.040973
9.812740,1.053333,1.049524,1.036558,1.028213,1.043246,1.047605,1.039039,1.036180,1.050932,1.052961,1.049845,1.032846,1.046625,1.035319,1.020870,1.031888,1.036038,1.035039,1.050426,0.993230,1.029374,1.046329,1.037562,1.035720,1.058858,1.054860,1.043256,1.046923,1.041834,1.030976,1.037353,1.028809,1.001360,1.011469,1.053511,1.048700,1.035366,1.006175,1.040958
9.821070,1.053351,1.049587,1.036618,1.028269,1.043296,1.047657,1.039089,1.036221,1.050939,1.053011,1.049896,1.032898,1.046676,1.035373,1.020928,1.031945,1.036097,1.035099,1.050487,0.993297,1.029423,1.046369,1.037606,1.035777,1.058917,1.054923,1.043317,1.046990,1.041901,1.031057,1.037415,1.028847,1.001409,1.011544,1.053532,1.048744,1.035424,1.006239,1.040943
9.829400,1.053368,1.049648,1.036676,1.028322,1.043345,1.047706,1.039138,1.036260,1.050945,1.053059,1.049945,1.032947,1.046726,1.035426,1.020983,1.032000,1.036154,1.035156,1.050547,0.993363,1.029470,1.046406,1.037648,1.035831,1.058974,1.054983,1.043376,1.047054,1.041965,1.031135,1.037474,1.028884,1.001455,1.011617,1.053551,1.048786,1.035480,1.006301,1.040927
9.837730,1.053383,1.049707,1.036733,1.028374,1.043392,1.047754,1.039186,1.036297,1.050950,1.053106,1.049992,1.032995,1.046774,1.035477,1.021037,1.032054,1.036209,1.035212,1.050605,0.993426,1.029515,1.046442,1.037689,1.035884,1.059030,1.055041,1.043432,1.047116,1.042027,1.031212,1.037533,1.028919,1.001501,1.011689,1.053569,1.048827,1.035534,1.006362,1.040912
9.846060,1.053398,1.049763,1.036787,1.028424,1.043436,1.047800,1.039231,1.036333,1.050954,1.053151,1.050037,1.033040,1.046820,1.035526,1.021089,1.032105,1.036262,1.035266,1.050661,0.993488,1.029558,1.046476,1.037727,1.035934,1.059084,1.055097,1.043487,1.047176,1.042087,1.031285,1.037589,1.028951,1.001545,1.011759,1.053585,1.048865,1.035586,1.006420,1.040895
9.854390,1.053411,1.049818,1.036839,1.028472,1.043480,1.047844,1.039275,1.036368,1.050958,1.053194,1.050081,1.033084,1.046864,1.035574,1.021139,1.032154,1.036313,1.035317,1.050715,0.993549,1.029599,1.046508,1.037764,1.035983,1.059135,1.055152,1.043539,1.047234,1.042145,1.031356,1.037644,1.028983,1.001587,1.011828,1.053599,1.048902,1.035637,1.006477,1.040879
9.862720,1.053424,1.049872,1.036890,1.028520,1.043522,1.047888,1.039318,1.036402,1.050961,1.053236,1.050124,1.033127,1.046908,1.035620,1.021188,1.032202,1.036363,1.035368,1.050768,0.993608,1.029639,1.046539,1.037799,1.036031,1.059186,1.055205,1.043591,1.047291,1.042202,1.031425,1.037698,1.029013,1.001629,1.011895,1.053613,1.048938,1.035686,1.006533,1.040862
9.871050,1.053435,1.049922,1.036938,1.028564,1.043562,1.047928,1.039359,1.036433,1.050963,1.053276,1.050163,1.033167,1.046948,1.035663,1.021233,1.032247,1.036410,1.035415,1.050818,0.993664,1.029675,1.046567,1.037831,1.036075,1.059234,1.055255,1.043639,1.047345,1.042256,1.031491,1.037749,1.029041,1.001667,1.011959,1.053623,1.048971,1.035733,1.006585,1.040845
9.879380,1.053445,1.049971,1.036984,1.028607,1.043601,1.047968,1.039398,1.036463,1.050964,1.053313,1.050202,1.033206,1.046987,1.035705,1.021277,1.032291,1.036455,1.035461,1.050867,0.993719,1.029711,1.046594,1.037862,1.036118,1.059280,1.055303,1.043686,1.047397,1.042308,1.031555,1.037799,1.029068,1.001705,1.012023,1.053633,1.049003,1.035778,1.006636,1.040827
9.887710,1.053455,1.050018,1.037029,1.028649,1.043638,1.048006,1.039436,1.036493,1.050965,1.053350,1.050239,1.033244,1.047026,1.035746,1.021320,1.032333,1.036500,1.035506,1.050915,0.993774,1.029745,1.046620,1.037893,1.036160,1.059325,1.055351,1.043732,1.047448,1.042359,1.031618,1.037848,1.029093,1.001743,1.012085,1.053642,1.049034,1.035822,1.006686,1.040810
9.896040,1.053462,1.050062,1.037071,1.028687,1.043673,1.048042,1.039471,1.036520,1.050965,1.053384,1.050274,1.033279,1.047060,1.035783,1.021360,1.032372,1.036540,1.035547,1.050959,0.993824,1.029776,1.046642,1.037919,1.036198,1.059367,1.055394,1.043774,1.047495,1.042406,1.031676,1.037895,1.029116,1.001777,1.012144,1.053647,1.049061,1.035863,1.006732,1.040792
9.904370,1.053469,1.050105,1.037111,1.028725,1.043706,1.048076,1.039505,1.036546,1.050964,1.053417,1.050307,1.033312,1.047094,1.035819,1.021398,1.032410,1.036580,1.035587,1.051003,0.993874,1.029806,1.046663,1.037944,1.036235,1.059407,1.055437,1.043815,1.047541,1.042452,1.031732,1.037940,1.029138,1.001811,1.012202,1.053652,1.049087,1.035903,1.006777,1.040773
9.912700,1.053475,1.050146,1.037151,1.028761,1.043739,1.048110,1.039538,1.036571,1.050963,1.053449,1.050339,1.033345,1.047127,1.035855,1.021435,1.032447,1.036618,1.035626,1.051045,0.993923,1.029834,1.046683,1.037969,1.036271,1.059446,1.055478,1.043855,1.047586,1.042497,1.031788,1.037985,1.029158,1.001843,1.012259,1.053656,1.049113,1.035942,1.006821,1.040755
9.921030,1.053480,1.050184,1.037187,1.028794,1.043769,1.048140,1.039569,1.036594,1.050960,1.053477,1.050368,1.033374,1.047156,1.035887,1.021469,1.032479,1.036652,1.035661,1.051084,0.993969,1.029859,1.046700,1.037989,1.036303,1.059482,1.055516,1.043891,1.047628,1.042539,1.031839,1.038027,1.029176,1.001873,1.012313,1.053657,1.049134,1.035978,1.006861,1.040736
9.929360,1.053483,1.050220,1.037221,1.028826,1.043797,1.048169,1.039598,1.036616,1.050957,1.053504,1.050396,1.033402,1.047185,1.035917,1.021501,1.032511,1.036686,1.035695,1.051122,0.994013,1.029883,1.046715,1.038009,1.036334,1.059517,1.055553,1.043926,1.047667,1.042578,1.031888,1.038068,1.029192,1.001902,1.012365,1.053657,1.049155,1.036013,1.006900,1.040717
9.937690,1.053486,1.050255,1.037254,1.028857,1.043825,1.048198,1.039626,1.036637,1.050954,1.053531,1.050424,1.033429,1.047212,1.035947,1.021533,1.032542,1.036718,1.035727,1.051158,0.994057,1.029906,1.046730,1.038027,1.036364,1.059551,1.055588,1.043960,1.047706,1.042617,1.031935,1.038107,1.029208,1.001930,1.012417,1.053656,1.049175,1.036046,1.006938,1.040697
9.946020,1.053487,1.050287,1.037284,1.028885,1.043849,1.048223,1.039651,1.036655,1.050949,1.053554,1.050447,1.033453,1.047236,1.035973,1.021560,1.032568,1.036746,1.035756,1.051191,0.994097,1.029925,1.046741,1.038042,1.036390,1.059581,1.055619,1.043990,1.047741,1.042652,1.031979,1.038144,1.029221,1.001955,1.012465,1.053652,1.049191,1.036076,1.006972,1.040677
9.954350,1.053488,1.050317,1.037312,1.028911,1.043873,1.048247,1.039675,1.036672,1.050944,1.053575,1.050470,1.033476,1.047259,1.035998,1.021586,1.032594,1.036774,1.035784,1.051223,0.994136,1.029942,1.046750,1.038056,1.036415,1.059609,1.055650,1.044018,1.047774,1.042686,1.032020,1.038180,1.029232,1.001979,1.012512,1.053647,1.049206,1.036105,1.007005,1.040658
9.962680,1.053488,1.050345,1.037339,1.028937,1.043895,1.048271,1.039698,1.036689,1.050938,1.053596,1.050492,1.033498,1.047281,1.036022,1.021612,1.032619,1.036800,1.035811,1.051254,0.994174,1.029959,1.046759,1.038068,1.036438,1.059637,1.055679,1.044046,1.047807,1.042718,1.032060,1.038215,1.029243,1.002002,1.012558,1.053640,1.049220,1.036133,1.007037,1.040638
9.971010,1.053486,1.050371,1.037363,1.028958,1.043915,1.048291,1.039718,1.036703,1.050931,1.053614,1.050510,1.033516,1.047299,1.036043,1.021633,1.032639,1.036822,1.035833,1.051281,0.994208,1.029972,1.046764,1.038077,1.036458,1.059661,1.055704,1.044070,1.047835,1.042746,1.032097,1.038247,1.029250,1.002022,1.012600,1.053631,1.049230,1.036158,1.007065,1.040617
9.979340,1.053483,1.050394,1.037385,1.028979,1.043933,1.048310,1.039737,1.036716,1.050924,1.053630,1.050528,1.033534,1.047316,1.036062,1.021653,1.032659,1.036843,1.035855,1.051307,0.994241,1.029984,1.046768,1.038085,1.036477,1.059684,1.055728,1.044092,1.047862,1.042773,1.032131,1.038279,1.029256,1.002042,1.012642,1.053621,1.049240,1.036182,1.007092,1.040596
9.987670,1.053479,1.050417,1.037406,1.028999,1.043951,1.048328,1.039755,1.036728,1.050916,1.053646,1.050544,1.033550,1.047333,1.036080,1.021672,1.032677,1.036863,1.035875,1.051332,0.994273,1.029994,1.046771,1.038091,1.036494,1.059706,1.055751,1.044114,1.047888,1.042799,1.032163,1.038309,1.029262,1.002060,1.012682,1.053609,1.049248,1.036204,1.007117,1.040576
9.996000,1.053474,1.050436,1.037424,1.029016,1.043965,1.048343,1.039770,1.036738,1.050907,1.053658,1.050557,1.033563,1.047346,1.036095,1.021687,1.032691,1.036879,1.035892,1.051353,0.994302,1.030001,1.046769,1.038094,1.036508,1.059725,1.055770,1.044131,1.047910,1.042821,1.032192,1.038336,1.029265,1.002075,1.012718,1.053595,1.049253,1.036223,1.007139,1.040554
10.000000,1.053471,1.050444,1.037432,1.029023,1.043971,1.048350,1.039777,1.036742,1.050903,1.053663,1.050563,1.033569,1.047351,1.036102,1.021694,1.032698,1.036886,1.035899,1.051363,0.994315,1.030004,1.046768,1.038095,1.036514,1.059733,1.055779,1.044139,1.047920,1.042831,1.032205,1.038349,1.029265,1.002082,1.012735,1.053587,1.049254,1.036232,1.007149,1.040544
10.000000,1.053471,1.050444,1.037432,1.029023,1.043971,1.048350,1.039777,1.036742,1.050903,1.053663,1.050563,1.033569,1.047351,1.036102,1.021694,1.032698,1.036886,1.035899,1.051363,0.994315,1.030004,1.046768,1.038095,1.036514,1.059733,1.055779,1.044139,1.047920,1.042831,1.032205,1.038349,1.029265,1.002082,1.012735,1.053587,1.049254,1.036232,1.007149,1.040544
