Results,B01,B02,B03,B04,B05,B06,B07,B08,B09,B10,B11,B12,B13,B14,B15,B16,B17,B18,B19,B20,B21,B22,B23,B24,B25,B26,B27,B28,B29,B30,B31,B32,B33,B34,B35,B36,B37,B38,B39
Time in s,u. Magnitude in p.u.,u. Magnitude in p.u.,u. Magnitude in p.u.,u. Magnitude in p.u.,u. Magnitude in p.u.,u. Magnitude in p.u.,u. Magnitude in p.u.,u. Magnitude in p.u.,u. Magnitude in p.u.,u. Magnitude in p.u.,u. Magnitude in p.u.,u. Magnitude in p.u.,u. Magnitude in p.u.,u. Magnitude in p.u.,u. Magnitude in p.u.,u. Magnitude in p.u.,u. Magnitude in p.u.,u. Magnitude in p.u.,u. Magnitude in p.u.,u. Magnitude in p.u.,u. Magnitude in p.u.,u. Magnitude in p.u.,u. Magnitude in p.u.,u. Magnitude in p.u.,u. Magnitude in p.u.,u. Magnitude in p.u.,u. Magnitude in p.u.,u. Magnitude in p.u.,u. Magnitude in p.u.,u. Magnitude in p.u.,u. Magnitude in p.u.,u. Magnitude in p.u.,u. Magnitude in p.u.,u. Magnitude in p.u.,u. Magnitude in p.u.,u. Magnitude in p.u.,u. Magnitude in p.u.,u. Magnitude in p.u.,u. Magnitude in p.u.
0.000000,1.050012,1.042747,1.030195,1.022919,1.038977,1.043430,1.033380,1.032245,1.048911,1.050023,1.046582,1.031227,1.043012,1.029691,1.011978,1.024516,1.029027,1.028408,1.050039,0.995692,1.021802,1.041204,1.033200,1.028844,1.050029,1.050071,1.037444,1.046822,1.042678,1.019427,1.036061,1.031076,1.005478,1.018198,1.050000,1.050000,1.025533,1.009958,1.039967
0.008330,1.050012,1.042747,1.030195,1.022919,1.038977,1.043430,1.033380,1.032245,1.048911,1.050023,1.046582,1.031227,1.043012,1.029691,1.011978,1.024516,1.029027,1.028408,1.050039,0.995692,1.021802,1.041204,1.033200,1.028844,1.050029,1.050071,1.037444,1.046822,1.042678,1.019427,1.036061,1.031076,1.005478,1.018198,1.050000,1.050000,1.025533,1.009958,1.039967
0.016660,1.050012,1.042747,1.030195,1.022919,1.038977,1.043430,1.033380,1.032245,1.048911,1.050023,1.046582,1.031227,1.043012,1.029691,1.011978,1.024516,1.029027,1.028408,1.050039,0.995692,1.021802,1.041204,1.033200,1.028844,1.050029,1.050071,1.037444,1.046822,1.042678,1.019427,1.036061,1.031076,1.005478,1.018198,1.050000,1.050000,1.025533,1.009958,1.039967
0.024990,1.050012,1.042747,1.030195,1.022919,1.038977,1.043430,1.033380,1.032245,1.048911,1.050023,1.046582,1.031227,1.043012,1.029691,1.011978,1.024516,1.029027,1.028408,1.050039,0.995692,1.021802,1.041204,1.033200,1.028844,1.050029,1.050071,1.037444,1.046822,1.042678,1.019427,1.036061,1.031076,1.005478,1.018198,1.050000,1.050000,1.025533,1.009958,1.039967
0.033320,1.050012,1.042747,1.030195,1.022919,1.038977,1.043430,1.033380,1.032245,1.048911,1.050023,1.046582,1.031227,1.043012,1.029691,1.011978,1.024516,1.029027,1.028408,1.050039,0.995692,1.021802,1.041204,1.033200,1.028844,1.050029,1.050071,1.037444,1.046822,1.042678,1.019427,1.036061,1.031076,1.005478,1.018198,1.050000,1.050000,1.025533,1.009958,1.039967
0.041650,1.050012,1.042747,1.030195,1.022919,1.038977,1.043430,1.033380,1.032245,1.048911,1.050023,1.046582,1.031227,1.043012,1.029691,1.011978,1.024516,1.029027,1.028408,1.050039,0.995692,1.021802,1.041204,1.033200,1.028844,1.050029,1.050071,1.037444,1.046822,1.042678,1.019427,1.036061,1.031076,1.005478,1.018198,1.050000,1.050000,1.025533,1.009958,1.039967
0.049980,1.050012,1.042747,1.030195,1.022919,1.038977,1.043430,1.033380,1.032245,1.048911,1.050023,1.046582,1.031227,1.043012,1.029691,1.011978,1.024516,1.029027,1.028408,1.050039,0.995692,1.021802,1.041204,1.033200,1.028844,1.050029,1.050071,1.037444,1.046822,1.042678,1.019427,1.036061,1.031076,1.005478,1.018198,1.050000,1.050000,1.025533,1.009958,1.039967
0.058310,1.050012,1.042747,1.030195,1.022919,1.038977,1.043430,1.033380,1.032245,1.048911,1.050023,1.046582,1.031227,1.043012,1.029691,1.011978,1.024516,1.029027,1.028408,1.050039,0.995692,1.021802,1.041204,1.033200,1.028844,1.050029,1.050071,1.037444,1.046822,1.042678,1.019427,1.036061,1.031076,1.005478,1.018198,1.050000,1.050000,1.025533,1.009958,1.039967
0.066640,1.050012,1.042747,1.030195,1.022919,1.038977,1.043430,1.033380,1.032245,1.048911,1.050023,1.046582,1.031227,1.043012,1.029691,1.011978,1.024516,1.029027,1.028408,1.050039,0.995692,1.021802,1.041204,1.033200,1.028844,1.050029,1.050071,1.037444,1.046822,1.042678,1.019427,1.036061,1.031076,1.005478,1.018198,1.050000,1.050000,1.025533,1.009958,1.039967
0.074970,1.050012,1.042747,1.030195,1.022919,1.038977,1.043430,1.033380,1.032245,1.048911,1.050023,1.046582,1.031227,1.043012,1.029691,1.011978,1.024516,1.029027,1.028408,1.050039,0.995692,1.021802,1.041204,1.033200,1.028844,1.050029,1.050071,1.037444,1.046822,1.042678,1.019427,1.036061,1.031076,1.005478,1.018198,1.050000,1.050000,1.025533,1.009958,1.039967
0.083300,1.050012,1.042747,1.030195,1.022919,1.038977,1.043430,1.033380,1.032245,1.048911,1.050023,1.046582,1.031227,1.043012,1.029691,1.011978,1.024516,1.029027,1.028408,1.050039,0.995692,1.021802,1.041204,1.033200,1.028844,1.050029,1.050071,1.037444,1.046822,1.042678,1.019427,1.036061,1.031076,1.005478,1.018198,1.050000,1.050000,1.025533,1.009958,1.039967
0.091630,1.050012,1.042747,1.030195,1.022919,1.038977,1.043430,1.033380,1.032245,1.048911,1.050023,1.046582,1.031227,1.043012,1.029691,1.011978,1.024516,1.029027,1.028408,1.050039,0.995692,1.021802,1.041204,1.033200,1.028844,1.050029,1.050071,1.037444,1.046822,1.042678,1.019427,1.036061,1.031076,1.005478,1.018198,1.050000,1.050000,1.025533,1.009958,1.039967
0.099960,1.050012,1.042747,1.030195,1.022919,1.038977,1.043430,1.033380,1.032245,1.048911,1.050023,1.046582,1.031227,1.043012,1.029691,1.011978,1.024516,1.029027,1.028408,1.050039,0.995692,1.021802,1.041204,1.033200,1.028844,1.050029,1.050071,1.037444,1.046822,1.042678,1.019427,1.036061,1.031076,1.005478,1.018198,1.050000,1.050000,1.025533,1.009958,1.039967
0.108290,1.050012,1.042747,1.030195,1.022919,1.038977,1.043430,1.033380,1.032245,1.048911,1.050023,1.046582,1.031227,1.043012,1.029691,1.011978,1.024516,1.029027,1.028408,1.050039,0.995692,1.021802,1.041204,1.033200,1.028844,1.050029,1.050071,1.037444,1.046822,1.042678,1.019427,1.036061,1.031076,1.005478,1.018198,1.050000,1.050000,1.025533,1.009958,1.039967
0.116620,0.863518,0.946878,0.915263,0.847768,0.775096,0.782629,0.711113,0.677932,0.043287,0.850794,0.827134,0.826286,0.852973,0.864688,0.918978,0.954719,0.947687,0.934376,1.008486,0.966486,0.966354,0.999123,0.991579,0.966015,0.965292,0.976969,0.960820,0.990541,0.989558,0.967677,0.869237,0.900480,0.977106,0.997410,1.021755,1.024841,0.964021,0.967103,0.802028
0.124950,0.852465,0.933167,0.896919,0.822413,0.751354,0.759254,0.687511,0.654120,0.041767,0.828427,0.804418,0.803593,0.830380,0.841584,0.899138,0.937166,0.930358,0.916648,0.992815,0.953092,0.950599,0.985023,0.976908,0.948581,0.951710,0.962260,0.944961,0.977092,0.976891,0.959177,0.849784,0.882360,0.962882,0.985528,1.010692,1.011078,0.951381,0.956230,0.792674
0.133280,0.844166,0.923182,0.884035,0.805375,0.735570,0.743672,0.672033,0.638631,0.040778,0.813217,0.789074,0.788210,0.815006,0.825829,0.885200,0.924632,0.918001,0.904078,0.981601,0.943184,0.939179,0.974629,0.966236,0.936075,0.941770,0.951582,0.933549,0.967228,0.967553,0.952724,0.836341,0.869573,0.953009,0.976553,1.002140,1.001318,0.941836,0.948122,0.785456
0.141610,0.837807,0.915514,0.874373,0.793009,0.724196,0.732424,0.660982,0.627633,0.040076,0.802095,0.777903,0.776991,0.803757,0.814277,0.874778,0.915158,0.908658,0.894601,0.973154,0.935627,0.930445,0.966584,0.958073,0.926604,0.934118,0.943407,0.924867,0.959623,0.960327,0.947589,0.826430,0.860021,0.945702,0.969683,0.995289,0.994051,0.934338,0.941796,0.779935
0.149940,0.832880,0.909356,0.866701,0.783366,0.715366,0.723688,0.652440,0.619155,0.039534,0.793404,0.769190,0.768234,0.794959,0.805223,0.866527,0.907621,0.901220,0.887062,0.966510,0.929664,0.923439,0.960082,0.951537,0.919064,0.927970,0.936851,0.917929,0.953494,0.954489,0.943347,0.818693,0.852511,0.940048,0.964273,0.989621,0.988394,0.928242,0.936659,0.775791
0.158270,0.829047,0.904236,0.860325,0.775390,0.708084,0.716487,0.645401,0.612169,0.039088,0.786234,0.762004,0.761011,0.787694,0.797730,0.859675,0.901358,0.895036,0.880795,0.961064,0.924787,0.917584,0.954627,0.946091,0.912794,0.922857,0.931388,0.912155,0.948367,0.949601,0.939748,0.812366,0.846346,0.935476,0.959873,0.984797,0.983797,0.923141,0.932347,0.772775
0.166600,0.826078,0.899878,0.854859,0.768519,0.701824,0.710302,0.639341,0.606147,0.038704,0.780088,0.755841,0.754816,0.781461,0.791289,0.853782,0.895982,0.889732,0.875421,0.956453,0.920668,0.912541,0.949920,0.941413,0.907405,0.918501,0.926708,0.907206,0.943961,0.945399,0.936638,0.807013,0.841117,0.931650,0.956183,0.980604,0.979932,0.918779,0.928637,0.770693
0.174930,0.823811,0.896113,0.850082,0.762451,0.696306,0.704857,0.633989,0.600820,0.038363,0.774691,0.750425,0.749375,0.775984,0.785619,0.848595,0.891263,0.885088,0.870720,0.952449,0.917095,0.908106,0.945779,0.937308,0.902664,0.914731,0.922625,0.902881,0.940104,0.941725,0.933922,0.802382,0.836581,0.928356,0.953003,0.976901,0.976599,0.914990,0.925395,0.769386
0.183260,0.822123,0.892835,0.845866,0.757027,0.691382,0.700004,0.629204,0.596048,0.038059,0.769890,0.745603,0.744531,0.771108,0.780566,0.843969,0.887065,0.880972,0.866560,0.948912,0.913934,0.904159,0.942092,0.933659,0.898436,0.911440,0.919026,0.899058,0.936693,0.938479,0.931540,0.798321,0.832585,0.925468,0.950207,0.973599,0.973677,0.911668,0.922534,0.768730
0.191590,0.820924,0.889971,0.842127,0.752152,0.686966,0.695655,0.624906,0.591757,0.037785,0.765591,0.741286,0.740194,0.766740,0.776035,0.839811,0.883303,0.877300,0.862859,0.945756,0.911103,0.900619,0.938786,0.930391,0.894633,0.908557,0.915836,0.895658,0.933659,0.935597,0.929446,0.794733,0.829035,0.922903,0.947717,0.970635,0.971090,0.908736,0.919999,0.768620
0.199920,0.991788,0.970564,0.935922,0.895597,0.906301,0.912370,0.894302,0.888653,0.894826,0.929784,0.922681,0.909168,0.922939,0.910565,0.912687,0.936838,0.941498,0.938202,0.975772,0.931341,0.941897,0.968879,0.960110,0.942183,0.979122,0.974779,0.956832,0.978301,0.977622,0.972277,0.931864,0.935822,0.942688,0.961422,0.989653,0.987838,0.958726,0.953509,0.990488
0.208250,1.003620,0.981799,0.950986,0.917590,0.929730,0.935486,0.919244,0.914595,0.920948,0.950395,0.944127,0.930141,0.943408,0.930595,0.928079,0.949895,0.954793,0.952176,0.986924,0.940493,0.953150,0.978508,0.970232,0.954888,0.990001,0.986054,0.968994,0.988230,0.986928,0.978801,0.950175,0.951716,0.952811,0.969334,0.996644,0.997298,0.968249,0.961337,1.002537
0.216580,1.013009,0.989918,0.961352,0.931961,0.944906,0.950493,0.935235,0.931133,0.937601,0.964002,0.958203,0.943948,0.956929,0.943854,0.938558,0.958966,0.964041,0.961858,0.994767,0.947164,0.961091,0.985437,0.977429,0.963738,0.997883,0.994078,0.977551,0.995341,0.993634,0.983688,0.962507,0.962615,0.959766,0.975284,1.001947,1.003957,0.975353,0.967049,1.012630
0.224910,1.020678,0.996166,0.969025,0.942086,0.955527,0.961013,0.946338,0.942564,0.949111,0.973656,0.968151,0.953726,0.966532,0.953300,0.946193,0.965687,0.970918,0.969048,1.000596,0.952176,0.967062,0.990730,0.982862,0.970290,1.003947,1.000157,0.983974,1.000747,0.998763,0.987577,0.971350,0.970533,0.964866,0.979800,1.006169,1.008900,0.980913,0.971467,1.021158
0.233240,1.027069,1.001219,0.975073,0.949768,0.963543,0.968957,0.954680,0.951133,0.957740,0.980989,0.975693,0.961150,0.973837,0.960513,0.952109,0.970954,0.976331,0.974713,1.005126,0.956071,0.971805,0.994985,0.987184,0.975415,1.008845,1.005014,0.989069,1.005080,1.002896,0.990816,0.978064,0.976596,0.968761,0.983330,1.009669,1.012744,0.985440,0.975059,1.028405
0.241570,1.032466,1.005448,0.980059,0.955955,0.969967,0.975318,0.961355,0.957986,0.964640,0.986867,0.981738,0.967105,0.979702,0.966330,0.956927,0.975276,0.980785,0.979377,1.008802,0.959215,0.975739,0.998546,0.990776,0.979616,1.012945,1.009055,0.993284,1.008696,1.006358,0.993592,0.983400,0.981437,0.971881,0.986182,1.012657,1.015878,0.989236,0.978090,1.034589
0.249900,1.037059,1.009048,0.984270,0.961131,0.975315,0.980608,0.966913,0.963696,0.970391,0.991744,0.986757,0.972051,0.984576,0.971180,0.960969,0.978917,0.984540,0.983311,1.011868,0.961832,0.979079,1.001590,0.993833,0.983158,1.016444,1.012493,0.996855,1.011788,1.009324,0.996003,0.987775,0.985413,0.974456,0.988563,1.015244,1.018508,0.992472,0.980699,1.039882
0.258230,1.040983,1.012125,0.987854,0.965540,0.979851,0.985090,0.971636,0.968556,0.975284,0.995861,0.991000,0.976230,0.988693,0.975287,0.964401,0.982012,0.987732,0.986653,1.014461,0.964053,0.981933,1.004204,0.996450,0.986180,1.019450,1.015441,0.999903,1.014454,1.011884,0.998100,0.991429,0.988732,0.976617,0.990597,1.017486,1.020744,0.995249,0.982955,1.044423
0.266560,1.044336,1.014743,0.990886,0.969308,0.983718,0.988905,0.975670,0.972713,0.979470,0.999350,0.994600,0.979774,0.992182,0.978767,0.967306,0.984630,0.990430,0.989476,1.016653,0.965954,0.984350,1.006424,0.998672,0.988747,1.022024,1.017958,1.002493,1.016743,1.014079,0.999913,0.994506,0.991521,0.978437,0.992355,1.019404,1.022638,0.997626,0.984892,1.048325
0.274890,1.047197,1.016941,0.993416,0.972503,0.986994,0.992135,0.979096,0.976251,0.983033,1.002290,0.997637,0.982760,0.995118,0.981688,0.969728,0.986807,0.992674,0.991823,1.018483,0.967572,0.986353,1.008267,1.000514,0.990894,1.024206,1.020077,1.004661,1.018682,1.015933,1.001460,0.997097,0.993859,0.979958,0.993873,1.021011,1.024214,0.999643,0.986525,1.051681
0.283220,1.049630,1.018756,0.995480,0.975170,0.989732,0.994832,0.981968,0.979222,0.986024,1.004732,1.000164,0.985241,0.997551,0.984097,0.971701,0.988568,0.994493,0.993728,1.019978,0.968930,0.987962,1.009747,1.001991,0.992641,1.026024,1.021823,1.006434,1.020288,1.017461,1.002758,0.999266,0.995803,0.981208,0.995170,1.022315,1.025487,1.001332,0.987865,1.054568
0.291550,1.051690,1.020222,0.997120,0.977350,0.991976,0.997044,0.984330,0.981669,0.988488,1.006724,1.002227,0.987262,0.999528,0.986038,0.973256,0.989941,0.995921,0.995227,1.021160,0.970043,0.989198,1.010880,1.003120,0.994014,1.027510,1.023223,1.007842,1.021579,1.018680,1.003827,1.001063,0.997398,0.982207,0.996259,1.023329,1.026468,1.002722,0.988927,1.057054
0.299880,1.053427,1.021380,0.998383,0.979089,0.993775,0.998818,0.986229,0.983640,0.990473,1.008311,1.003874,0.988870,1.001097,0.987560,0.974435,0.990964,0.996998,0.996364,1.022060,0.970929,0.990096,1.011697,1.003927,0.995044,1.028697,1.024309,1.008920,1.022581,1.019616,1.004688,1.002531,0.998687,0.982981,0.997152,1.024077,1.027178,1.003848,0.989730,1.059193
0.308210,1.054885,1.022274,0.999324,0.980444,0.995189,1.000212,0.987727,0.985196,0.992040,1.009550,1.005162,0.990123,1.002313,0.988722,0.975289,0.991684,0.997772,0.997192,1.022710,0.971609,0.990700,1.012236,1.004454,0.995773,1.029626,1.025122,1.009713,1.023328,1.020303,1.005369,1.003719,0.999712,0.983556,0.997862,1.024590,1.027644,1.004745,0.990305,1.061034
0.316540,1.056106,1.022955,1.000008,0.981483,0.996284,1.001295,0.988893,0.986410,0.993262,1.010502,1.006155,0.991084,1.003240,0.989589,0.975876,0.992156,0.998302,0.997771,1.023154,0.972110,0.991065,1.012547,1.004748,0.996254,1.030341,1.025710,1.010272,1.023861,1.020781,1.005901,1.004675,1.000521,0.983964,0.998412,1.024909,1.027904,1.005457,0.990691,1.062618
0.324870,1.057130,1.023473,1.000500,0.982277,0.997136,1.002138,0.989804,0.987360,0.994218,1.011236,1.006923,0.991822,1.003947,0.990234,0.976263,0.992441,0.998646,0.998163,1.023436,0.972464,0.991249,1.012687,1.004867,0.996543,1.030890,1.026125,1.010654,1.024227,1.021098,1.006317,1.005452,1.001164,0.984241,0.998824,1.025080,1.028002,1.006024,0.990929,1.063981
0.333200,1.057992,1.023878,1.000865,0.982900,0.997818,1.002814,0.990537,0.988125,0.994989,1.011816,1.007533,0.992405,1.004502,0.990727,0.976513,0.992598,0.998866,0.998430,1.023604,0.972708,0.991313,1.012710,1.004866,0.996701,1.031322,1.026419,1.010913,1.024475,1.021301,1.006648,1.006099,1.001688,0.984421,0.999128,1.025147,1.027983,1.006490,0.991065,1.065153
0.341530,1.058724,1.024213,1.001159,0.983420,0.998398,1.003390,0.991163,0.988779,0.995648,1.012305,1.008049,0.992895,1.004967,0.991132,0.976686,0.992685,0.999017,0.998629,1.023701,0.972875,0.991312,1.012671,1.004799,0.996781,1.031678,1.026641,1.011102,1.024649,1.021436,1.006923,1.006661,1.002138,0.984539,0.999354,1.025156,1.027891,1.006892,0.991139,1.066161
0.349860,1.059353,1.024516,1.001431,0.983895,0.998932,1.003920,0.991741,0.989383,0.996256,1.012754,1.008524,0.993345,1.005393,0.991503,0.976832,0.992748,0.999144,0.998806,1.023768,0.972998,0.991294,1.012613,1.004713,0.996834,1.031996,1.026831,1.011263,1.024790,1.021541,1.007168,1.007179,1.002552,0.984625,0.999529,1.025143,1.027766,1.007263,0.991188,1.067030
0.358190,1.059902,1.024813,1.001715,0.984369,0.999463,1.004447,0.992314,0.989982,0.996859,1.013201,1.008996,0.993794,1.005819,0.991881,0.976992,0.992826,0.999283,0.998995,1.023834,0.973106,0.991294,1.012571,1.004643,0.996896,1.032304,1.027021,1.011429,1.024930,1.021647,1.007402,1.007681,1.002957,0.984703,0.999679,1.025137,1.027638,1.007626,0.991241,1.067778
0.366520,1.060387,1.025123,1.002032,0.984872,1.000019,1.004998,0.992912,0.990605,0.997486,1.013671,1.009493,0.994269,1.006273,0.992292,0.977190,0.992941,0.999457,0.999220,1.023922,0.973219,0.991337,1.012569,1.004613,0.996994,1.032620,1.027234,1.011623,1.025089,1.021775,1.007637,1.008188,1.003374,0.984792,0.999824,1.025159,1.027531,1.007999,0.991316,1.068421
0.374850,1.060822,1.025454,1.002394,0.985419,1.000614,1.005587,0.993549,0.991268,0.998154,1.014180,1.010028,0.994783,1.006766,0.992750,0.977441,0.993108,0.999677,0.999490,1.024045,0.973352,0.991434,1.012619,1.004636,0.997142,1.032957,1.027479,1.011856,1.025280,1.021937,1.007881,1.008711,1.003815,0.984903,0.999979,1.025219,1.027455,1.008391,0.991424,1.068975
0.383180,1.061216,1.025809,1.002800,0.986013,1.001251,1.006216,0.994227,0.991973,0.998864,1.014729,1.010604,0.995338,1.007303,0.993256,0.977746,0.993327,0.999944,0.999807,1.024205,0.973510,0.991586,1.012721,1.004712,0.997342,1.033314,1.027760,1.012129,1.025506,1.022135,1.008137,1.009254,1.004282,0.985039,1.000149,1.025319,1.027415,1.008802,0.991567,1.069450
0.391510,1.061574,1.026183,1.003242,0.986648,1.001924,1.006880,0.994940,0.992713,0.999609,1.015314,1.011215,0.995931,1.007877,0.993804,0.978098,0.993592,1.000252,1.000163,1.024400,0.973694,0.991787,1.012868,1.004834,0.997590,1.033691,1.028071,1.012437,1.025764,1.022364,1.008403,1.009817,1.004776,0.985199,1.000336,1.025453,1.027407,1.009231,0.991740,1.069857
0.399840,1.061900,1.026568,1.003709,0.987313,1.002622,1.007568,0.995677,0.993477,1.000378,1.015925,1.011852,0.996549,1.008479,0.994383,0.978487,0.993891,1.000589,1.000546,1.024620,0.973898,0.992022,1.013048,1.004992,0.997873,1.034079,1.028404,1.012770,1.026044,1.022616,1.008674,1.010393,1.005289,0.985377,1.000537,1.025613,1.027422,1.009671,0.991934,1.070203
0.408170,1.062196,1.026956,1.004185,0.987991,1.003330,1.008267,0.996423,0.994249,1.001156,1.016551,1.012502,0.997182,1.009096,0.994977,0.978895,0.994208,1.000940,1.000941,1.024854,0.974114,0.992276,1.013246,1.005167,0.998177,1.034468,1.028746,1.013115,1.026335,1.022879,1.008944,1.010977,1.005814,0.985565,1.000743,1.025785,1.027447,1.010113,0.992139,1.070495
0.416500,1.062462,1.027337,1.004656,0.988669,1.004035,1.008963,0.997164,0.995015,1.001927,1.017177,1.013152,0.997815,1.009713,0.995571,0.979307,0.994528,1.001291,1.001335,1.025088,0.974331,0.992532,1.013445,1.005345,0.998486,1.034851,1.029085,1.013457,1.026625,1.023140,1.009210,1.011559,1.006344,0.985753,1.000947,1.025957,1.027469,1.010548,0.992342,1.070738
0.424830,1.062701,1.027702,1.005111,0.989331,1.004723,1.009643,0.997886,0.995762,1.002678,1.017793,1.013788,0.998436,1.010319,0.996152,0.979708,0.994836,1.001629,1.001713,1.025311,0.974538,0.992777,1.013633,1.005512,0.998784,1.035217,1.029410,1.013786,1.026902,1.023389,1.009464,1.012134,1.006870,0.985931,1.001137,1.026118,1.027478,1.010970,0.992533,1.070938
0.433160,1.062912,1.028045,1.005540,0.989966,1.005386,1.010298,0.998580,0.996478,1.003399,1.018388,1.014403,0.999036,1.010904,0.996709,0.980087,0.995121,1.001944,1.002068,1.025512,0.974727,0.992998,1.013798,1.005655,0.999061,1.035561,1.029711,1.014092,1.027158,1.023617,1.009702,1.012695,1.007386,0.986093,1.001306,1.026259,1.027462,1.011371,0.992704,1.071099
0.441490,1.063096,1.028363,1.005938,0.990566,1.006015,1.010922,0.999239,0.997156,1.004083,1.018957,1.014990,0.999608,1.011461,0.997236,0.980435,0.995375,1.002228,1.002392,1.025686,0.974889,0.993189,1.013933,1.005768,0.999308,1.035877,1.029985,1.014369,1.027387,1.023817,1.009923,1.013238,1.007888,0.986232,1.001446,1.026373,1.027416,1.011749,0.992850,1.071223
0.449820,1.063256,1.028655,1.006302,0.991127,1.006608,1.011510,0.999859,0.997795,1.004727,1.019497,1.015545,1.000149,1.011988,0.997729,0.980750,0.995597,1.002480,1.002684,1.025827,0.975022,0.993347,1.014035,1.005848,0.999522,1.036166,1.030228,1.014615,1.027586,1.023989,1.010126,1.013763,1.008372,0.986345,1.001554,1.026459,1.027336,1.012101,0.992968,1.071316
0.458150,1.063392,1.028921,1.006635,0.991651,1.007165,1.012064,1.000442,0.998395,1.005330,1.020007,1.016069,1.000659,1.012484,0.998188,0.981032,0.995785,1.002701,1.002944,1.025936,0.975122,0.993472,1.014106,1.005895,0.999702,1.036427,1.030441,1.014830,1.027756,1.024131,1.010310,1.014268,1.008838,0.986432,1.001626,1.026517,1.027224,1.012428,0.993059,1.071379
0.466480,1.063508,1.029166,1.006939,0.992139,1.007690,1.012587,1.000990,0.998958,1.005897,1.020491,1.016565,1.001142,1.012952,0.998617,0.981284,0.995945,1.002894,1.003177,1.026015,0.975191,0.993569,1.014148,1.005914,0.999853,1.036663,1.030627,1.015018,1.027898,1.024247,1.010478,1.014755,1.009288,0.986493,1.001664,1.026550,1.027082,1.012732,0.993127,1.071415
0.474810,1.063606,1.029392,1.007221,0.992598,1.008187,1.013084,1.001510,0.999491,1.006434,1.020953,1.017037,1.001601,1.013398,0.999022,0.981512,0.996082,1.003065,1.003389,1.026070,0.975233,0.993644,1.014170,1.005911,0.999980,1.036880,1.030792,1.015184,1.028020,1.024343,1.010633,1.015229,1.009725,0.986532,1.001670,1.026564,1.026916,1.013018,0.993175,1.071427
0.483140,1.063690,1.029606,1.007489,0.993034,1.008664,1.013561,1.002007,1.000000,1.006946,1.021398,1.017492,1.002043,1.013828,0.999409,0.981724,0.996203,1.003222,1.003586,1.026106,0.975253,0.993705,1.014177,1.005893,1.000091,1.037081,1.030941,1.015336,1.028125,1.024425,1.010777,1.015692,1.010152,0.986554,1.001649,1.026564,1.026731,1.013289,0.993210,1.071417
0.491470,1.063761,1.029813,1.007748,0.993456,1.009127,1.014025,1.002489,1.000493,1.007443,1.021834,1.017936,1.002476,1.014247,0.999786,0.981929,0.996318,1.003372,1.003776,1.026130,0.975255,0.993761,1.014179,1.005870,1.000193,1.037273,1.031082,1.015480,1.028222,1.024498,1.010915,1.016149,1.010573,0.986564,1.001605,1.026558,1.026536,1.013550,0.993239,1.071388
0.499800,1.063824,1.030017,1.008007,0.993871,1.009583,1.014483,1.002963,1.000977,1.007930,1.022266,1.018376,1.002904,1.014664,1.000160,0.982134,0.996434,1.003522,1.003967,1.026149,0.975246,0.993819,1.014183,1.005848,1.000296,1.037460,1.031221,1.015623,1.028316,1.024570,1.011050,1.016604,1.010993,0.986567,1.001544,1.026551,1.026337,1.013805,0.993266,1.071340
0.508130,1.063879,1.030223,1.008270,0.994285,1.010039,1.014941,1.003435,1.001458,1.008415,1.022700,1.018817,1.003335,1.015083,1.000538,0.982346,0.996557,1.003679,1.004163,1.026169,0.975232,0.993886,1.014194,1.005833,1.000406,1.037647,1.031363,1.015770,1.028412,1.024645,1.011184,1.017060,1.011415,0.986567,1.001471,1.026548,1.026138,1.014058,0.993296,1.071276
0.516460,1.063929,1.030434,1.008541,0.994704,1.010499,1.015403,1.003910,1.001942,1.008902,1.023141,1.019264,1.003772,1.015509,1.000924,0.982570,0.996692,1.003846,1.004370,1.026194,0.975218,0.993966,1.014218,1.005831,1.000527,1.037837,1.031511,1.015927,1.028515,1.024727,1.011319,1.017522,1.011843,0.986569,1.001391,1.026555,1.025946,1.014312,0.993334,1.071198
0.524790,1.063976,1.030651,1.008824,0.995133,1.010967,1.015873,1.004392,1.002432,1.009395,1.023592,1.019720,1.004218,1.015946,1.001322,0.982809,0.996843,1.004029,1.004591,1.026229,0.975206,0.994063,1.014257,1.005845,1.000665,1.038032,1.031669,1.016094,1.028628,1.024819,1.011456,1.017990,1.012277,0.986575,1.001308,1.026573,1.025763,1.014567,0.993381,1.071106
0.533120,1.064020,1.030876,1.009120,0.995572,1.011444,1.016353,1.004883,1.002930,1.009897,1.024054,1.020188,1.004677,1.016395,1.001734,0.983067,0.997012,1.004227,1.004826,1.026276,0.975200,0.994179,1.014314,1.005877,1.000819,1.038234,1.031838,1.016276,1.028751,1.024922,1.011597,1.018467,1.012721,0.986589,1.001224,1.026604,1.025591,1.014826,0.993440,1.071002
0.541450,1.064062,1.031108,1.009428,0.996023,1.011932,1.016843,1.005383,1.003437,1.010407,1.024528,1.020666,1.005147,1.016856,1.002161,0.983343,0.997200,1.004441,1.005077,1.026335,0.975201,0.994314,1.014389,1.005927,1.000993,1.038443,1.032019,1.016470,1.028885,1.025036,1.011742,1.018953,1.013173,0.986610,1.001141,1.026649,1.025433,1.015088,0.993508,1.070886
0.549780,1.064103,1.031348,1.009749,0.996485,1.012430,1.017343,1.005892,1.003952,1.010926,1.025013,1.021156,1.005629,1.017330,1.002601,0.983636,0.997404,1.004671,1.005343,1.026407,0.975209,0.994467,1.014481,1.005994,1.001184,1.038658,1.032210,1.016678,1.029030,1.025161,1.011891,1.019446,1.013633,0.986638,1.001059,1.026708,1.025288,1.015352,0.993587,1.070760
0.558110,1.064143,1.031594,1.010080,0.996957,1.012936,1.017852,1.006409,1.004475,1.011453,1.025509,1.021655,1.006122,1.017814,1.003053,0.983946,0.997625,1.004915,1.005621,1.026490,0.975224,0.994636,1.014589,1.006078,1.001391,1.038879,1.032411,1.016897,1.029184,1.025296,1.012045,1.019948,1.014100,0.986675,1.000980,1.026779,1.025157,1.015620,0.993675,1.070625
0.566440,1.064182,1.031847,1.010420,0.997438,1.013450,1.018368,1.006932,1.005004,1.011985,1.026013,1.022163,1.006623,1.018308,1.003516,0.984270,0.997861,1.005172,1.005911,1.026584,0.975246,0.994821,1.014712,1.006176,1.001613,1.039105,1.032620,1.017126,1.029345,1.025438,1.012203,1.020455,1.014572,0.986719,1.000903,1.026861,1.025040,1.015888,0.993770,1.070480
0.574770,1.064220,1.032103,1.010767,0.997924,1.013968,1.018889,1.007459,1.005537,1.012521,1.026523,1.022676,1.007130,1.018808,1.003987,0.984606,0.998108,1.005439,1.006211,1.026688,0.975274,0.995018,1.014847,1.006288,1.001847,1.039334,1.032836,1.017364,1.029514,1.025587,1.012366,1.020966,1.015048,0.986769,1.000828,1.026954,1.024937,1.016157,0.993870,1.070326
0.583100,1.064256,1.032363,1.011119,0.998414,1.014490,1.019413,1.007988,1.006071,1.013059,1.027037,1.023192,1.007641,1.019313,1.004463,0.984951,0.998366,1.005716,1.006518,1.026800,0.975307,0.995227,1.014994,1.006411,1.002092,1.039566,1.033057,1.017609,1.029687,1.025741,1.012532,1.021479,1.015526,0.986824,1.000753,1.027057,1.024847,1.016425,0.993976,1.070164
0.591430,1.064291,1.032626,1.011475,0.998906,1.015012,1.019938,1.008518,1.006605,1.013597,1.027553,1.023711,1.008154,1.019820,1.004944,0.985305,0.998634,1.006000,1.006832,1.026919,0.975344,0.995446,1.015151,1.006546,1.002347,1.039800,1.033283,1.017861,1.029865,1.025899,1.012703,1.021993,1.016003,0.986885,1.000680,1.027168,1.024771,1.016693,0.994085,1.069995
0.599760,1.064325,1.032891,1.011834,0.999398,1.015533,1.020462,1.009046,1.007137,1.014133,1.028069,1.024229,1.008668,1.020328,1.005426,0.985665,0.998909,1.006291,1.007151,1.027045,0.975385,0.995674,1.015317,1.006690,1.002610,1.040036,1.033513,1.018117,1.030046,1.026061,1.012877,1.022506,1.016478,0.986949,1.000607,1.027287,1.024709,1.016959,0.994199,1.069818
0.608090,1.064356,1.033157,1.012195,0.999890,1.016052,1.020984,1.009571,1.007666,1.014666,1.028584,1.024746,1.009181,1.020836,1.005910,0.986032,0.999192,1.006588,1.007475,1.027177,0.975429,0.995911,1.015494,1.006845,1.002880,1.040273,1.033746,1.018378,1.030231,1.026228,1.013056,1.023015,1.016949,0.987018,1.000535,1.027415,1.024660,1.017224,0.994317,1.069634
0.616420,1.064386,1.033426,1.012558,1.000379,1.016569,1.021503,1.010093,1.008191,1.015195,1.029097,1.025260,1.009692,1.021342,1.006394,0.986404,0.999483,1.006891,1.007805,1.027316,0.975478,0.996157,1.015680,1.007010,1.003159,1.040512,1.033984,1.018644,1.030421,1.026399,1.013239,1.023521,1.017417,0.987092,1.000464,1.027551,1.024626,1.017487,0.994440,1.069443
0.624750,1.064415,1.033696,1.012923,1.000867,1.017082,1.022019,1.010611,1.008713,1.015719,1.029608,1.025772,1.010202,1.021847,1.006878,0.986782,0.999782,1.007201,1.008139,1.027462,0.975530,0.996412,1.015877,1.007185,1.003445,1.040753,1.034226,1.018916,1.030616,1.026576,1.013427,1.024021,1.017880,0.987170,1.000396,1.027697,1.024606,1.017750,0.994569,1.069245
0.633080,1.064442,1.033970,1.013291,1.001353,1.017592,1.022531,1.011125,1.009230,1.016240,1.030116,1.026281,1.010708,1.022350,1.007362,0.987166,1.000088,1.007518,1.008479,1.027616,0.975587,0.996677,1.016084,1.007372,1.003740,1.040995,1.034473,1.019194,1.030816,1.026759,1.013620,1.024516,1.018338,0.987253,1.000330,1.027851,1.024602,1.018012,0.994706,1.069042
0.641410,1.064468,1.034245,1.013661,1.001838,1.018098,1.023040,1.011635,1.009743,1.016757,1.030622,1.026788,1.011213,1.022851,1.007847,0.987556,1.000404,1.007842,1.008824,1.027778,0.975651,0.996952,1.016302,1.007571,1.004044,1.041241,1.034726,1.019478,1.031024,1.026950,1.013818,1.025004,1.018790,0.987342,1.000268,1.028016,1.024613,1.018275,0.994851,1.068832
0.649740,1.064492,1.034525,1.014035,1.002322,1.018602,1.023545,1.012141,1.010252,1.017269,1.031125,1.027291,1.011715,1.023350,1.008332,0.987953,1.000729,1.008175,1.009176,1.027948,0.975720,0.997239,1.016533,1.007782,1.004358,1.041489,1.034985,1.019769,1.031240,1.027150,1.014023,1.025486,1.019237,0.987437,1.000210,1.028192,1.024640,1.018538,0.995006,1.068617
0.658070,1.064516,1.034807,1.014412,1.002804,1.019102,1.024048,1.012644,1.010757,1.017778,1.031625,1.027791,1.012214,1.023848,1.008817,0.988357,1.001064,1.008515,1.009535,1.028128,0.975797,0.997537,1.016775,1.008006,1.004682,1.041742,1.035252,1.020069,1.031464,1.027359,1.014233,1.025961,1.019678,0.987539,1.000158,1.028378,1.024683,1.018802,0.995171,1.068397
0.666400,1.064538,1.035094,1.014792,1.003286,1.019600,1.024547,1.013144,1.011259,1.018284,1.032122,1.028289,1.012712,1.024343,1.009304,0.988768,1.001409,1.008864,1.009900,1.028318,0.975882,0.997846,1.017031,1.008242,1.005016,1.041998,1.035526,1.020376,1.031698,1.027578,1.014450,1.026428,1.020113,0.987648,1.000113,1.028575,1.024742,1.019068,0.995348,1.068171
0.674730,1.064560,1.035383,1.015176,1.003768,1.020094,1.025042,1.013640,1.011757,1.018785,1.032617,1.028784,1.013207,1.024837,1.009790,0.989186,1.001764,1.009222,1.010272,1.028519,0.975975,0.998167,1.017298,1.008492,1.005360,1.042258,1.035807,1.020691,1.031941,1.027808,1.014674,1.026889,1.020543,0.987764,1.000075,1.028783,1.024817,1.019335,0.995537,1.067941
0.683060,1.064581,1.035677,1.015563,1.004248,1.020586,1.025534,1.014132,1.012252,1.019284,1.033108,1.029276,1.013700,1.025329,1.010278,0.989612,1.002128,1.009588,1.010651,1.028729,0.976077,0.998498,1.017577,1.008753,1.005715,1.042522,1.036097,1.021014,1.032194,1.028049,1.014903,1.027342,1.020967,0.987889,1.000044,1.029002,1.024907,1.019604,0.995739,1.067706
0.691390,1.064601,1.035974,1.015953,1.004727,1.021074,1.026023,1.014621,1.012743,1.019778,1.033597,1.029764,1.014189,1.025819,1.010765,0.990044,1.002501,1.009961,1.011036,1.028949,0.976188,0.998841,1.017867,1.009026,1.006079,1.042789,1.036394,1.021345,1.032458,1.028300,1.015139,1.027786,1.021384,0.988021,1.000022,1.029230,1.025011,1.019874,0.995952,1.067467
0.699720,1.064619,1.036273,1.016345,1.005205,1.021558,1.026507,1.015105,1.013229,1.020268,1.034081,1.030248,1.014676,1.026305,1.011251,0.990481,1.002883,1.010342,1.011426,1.029179,0.976307,0.999193,1.018168,1.009311,1.006452,1.043059,1.036697,1.021683,1.032730,1.028563,1.015380,1.028223,1.021795,0.988161,1.000009,1.029468,1.025129,1.020146,0.996178,1.067223
0.708050,1.064636,1.036575,1.016739,1.005680,1.022037,1.026986,1.015585,1.013711,1.020752,1.034561,1.030728,1.015157,1.026788,1.011735,0.990923,1.003272,1.010729,1.011821,1.029418,0.976435,0.999553,1.018479,1.009605,1.006832,1.043333,1.037008,1.022027,1.033013,1.028835,1.015627,1.028650,1.022198,0.988308,1.000004,1.029715,1.025259,1.020420,0.996416,1.066975
0.716380,1.064652,1.036878,1.017133,1.006151,1.022511,1.027460,1.016059,1.014187,1.021232,1.035035,1.031202,1.015634,1.027266,1.012218,0.991369,1.003668,1.011122,1.012219,1.029665,0.976571,0.999922,1.018798,1.009908,1.007220,1.043608,1.037324,1.022377,1.033304,1.029117,1.015878,1.029068,1.022594,0.988462,1.000008,1.029970,1.025401,1.020694,0.996666,1.066723
0.724710,1.064666,1.037183,1.017527,1.006619,1.022980,1.027928,1.016526,1.014656,1.021705,1.035504,1.031671,1.016106,1.027739,1.012697,0.991817,1.004070,1.011520,1.012621,1.029920,0.976715,1.000298,1.019126,1.010219,1.007615,1.043885,1.037645,1.022733,1.033603,1.029409,1.016134,1.029477,1.022983,0.988624,1.000020,1.030232,1.025553,1.020968,0.996927,1.066468
0.733040,1.064678,1.037489,1.017921,1.007083,1.023441,1.028388,1.016987,1.015119,1.022171,1.035965,1.032132,1.016571,1.028206,1.013172,0.992268,1.004476,1.011921,1.013024,1.030183,0.976867,1.000680,1.019460,1.010538,1.008014,1.044163,1.037971,1.023092,1.033909,1.029708,1.016394,1.029875,1.023363,0.988792,1.000042,1.030502,1.025714,1.021242,0.997199,1.066208
0.741370,1.064687,1.037794,1.018312,1.007540,1.023896,1.028841,1.017441,1.015575,1.022629,1.036420,1.032587,1.017029,1.028666,1.013642,0.992719,1.004886,1.012325,1.013429,1.030452,0.977026,1.001067,1.019801,1.010863,1.008418,1.044442,1.038301,1.023455,1.034223,1.030016,1.016657,1.030263,1.023734,0.988967,1.000071,1.030778,1.025885,1.021517,0.997480,1.065945
0.749700,1.064695,1.038099,1.018701,1.007992,1.024342,1.029286,1.017886,1.016022,1.023080,1.036866,1.033033,1.017479,1.029119,1.014107,0.993170,1.005299,1.012731,1.013834,1.030728,0.977192,1.001458,1.020147,1.011194,1.008825,1.044720,1.038634,1.023820,1.034543,1.030331,1.016923,1.030639,1.024097,0.989147,1.000110,1.031060,1.026063,1.021790,0.997771,1.065679
0.758030,1.064700,1.038403,1.019087,1.008436,1.024781,1.029722,1.018322,1.016461,1.023521,1.037304,1.033470,1.017922,1.029564,1.014565,0.993621,1.005715,1.013138,1.014239,1.031009,0.977365,1.001853,1.020498,1.011531,1.009235,1.044998,1.038970,1.024188,1.034868,1.030653,1.017192,1.031004,1.024450,0.989334,1.000157,1.031347,1.026248,1.022063,0.998071,1.065409
0.766360,1.064702,1.038706,1.019470,1.008874,1.025210,1.030149,1.018750,1.016890,1.023954,1.037733,1.033899,1.018355,1.030000,1.015016,0.994070,1.006132,1.013546,1.014644,1.031295,0.977544,1.002252,1.020854,1.011871,1.009647,1.045275,1.039307,1.024557,1.035199,1.030981,1.017463,1.031358,1.024793,0.989526,1.000212,1.031639,1.026440,1.022335,0.998379,1.065136
0.774690,1.064701,1.039008,1.019849,1.009303,1.025630,1.030567,1.019168,1.017310,1.024377,1.038152,1.034319,1.018779,1.030428,1.015460,0.994517,1.006550,1.013955,1.015046,1.031587,0.977730,1.002652,1.021214,1.012216,1.010061,1.045551,1.039646,1.024927,1.035535,1.031314,1.017736,1.031700,1.025127,0.989725,1.000276,1.031937,1.026638,1.022605,0.998695,1.064859
0.783020,1.064698,1.039307,1.020223,1.009725,1.026040,1.030975,1.019576,1.017721,1.024790,1.038562,1.034728,1.019194,1.030846,1.015897,0.994961,1.006968,1.014363,1.015447,1.031883,0.977922,1.003055,1.021577,1.012565,1.010476,1.045824,1.039987,1.025298,1.035874,1.031653,1.018011,1.032031,1.025450,0.989928,1.000348,1.032239,1.026843,1.022874,0.999017,1.064580
0.791350,1.064692,1.039605,1.020592,1.010138,1.026441,1.031372,1.019975,1.018121,1.025193,1.038962,1.035128,1.019599,1.031255,1.016325,0.995402,1.007386,1.014770,1.015846,1.032183,0.978120,1.003459,1.021943,1.012917,1.010892,1.046096,1.040327,1.025668,1.036217,1.031996,1.018287,1.032349,1.025764,0.990138,1.000430,1.032545,1.027052,1.023141,0.999346,1.064298
0.799680,1.064682,1.039900,1.020956,1.010542,1.026831,1.031760,1.020363,1.018511,1.025586,1.039351,1.035517,1.019994,1.031654,1.016745,0.995840,1.007804,1.015176,1.016242,1.032488,0.978325,1.003865,1.022312,1.013272,1.011307,1.046365,1.040668,1.026038,1.036563,1.032342,1.018564,1.032655,1.026068,0.990353,1.000520,1.032855,1.027268,1.023407,0.999681,1.064013
0.808010,1.064670,1.040192,1.021315,1.010937,1.027212,1.032137,1.020741,1.018891,1.025969,1.039730,1.035896,1.020379,1.032043,1.017155,0.996273,1.008221,1.015580,1.016634,1.032796,0.978535,1.004271,1.022684,1.013630,1.011723,1.046631,1.041008,1.026407,1.036911,1.032692,1.018842,1.032950,1.026361,0.990573,1.000619,1.033169,1.027488,1.023670,1.000022,1.063725
0.816340,1.064654,1.040481,1.021668,1.011323,1.027581,1.032503,1.021108,1.019260,1.026341,1.040098,1.036264,1.020753,1.032421,1.017557,0.996702,1.008637,1.015981,1.017023,1.033108,0.978751,1.004678,1.023058,1.013991,1.012137,1.046895,1.041348,1.026774,1.037261,1.033045,1.019120,1.033232,1.026644,0.990798,1.000727,1.033487,1.027714,1.023931,1.000367,1.063435
0.824670,1.064635,1.040767,1.022014,1.011699,1.027940,1.032858,1.021464,1.019619,1.026702,1.040456,1.036622,1.021116,1.032789,1.017949,0.997126,1.009050,1.016380,1.017408,1.033423,0.978972,1.005084,1.023433,1.014353,1.012550,1.047155,1.041686,1.027140,1.037613,1.033400,1.019399,1.033502,1.026917,0.991029,1.000844,1.033808,1.027945,1.024190,1.000715,1.063143
0.833000,1.064612,1.041050,1.022355,1.012065,1.028288,1.033203,1.021810,1.019967,1.027052,1.040802,1.036968,1.021468,1.033147,1.018332,0.997545,1.009462,1.016776,1.017788,1.033740,0.979199,1.005490,1.023810,1.014718,1.012962,1.047411,1.042023,1.027503,1.037966,1.033757,1.019678,1.033760,1.027180,0.991264,1.000970,1.034132,1.028181,1.024446,1.001067,1.062848
0.841330,1.064587,1.041329,1.022688,1.012421,1.028625,1.033536,1.022144,1.020303,1.027391,1.041137,1.037303,1.021810,1.033493,1.018704,0.997958,1.009870,1.017168,1.018163,1.034061,0.979432,1.005894,1.024188,1.015083,1.013371,1.047664,1.042357,1.027863,1.038318,1.034114,1.019956,1.034005,1.027432,0.991505,1.001105,1.034459,1.028422,1.024700,1.001422,1.062551
0.849660,1.064558,1.041603,1.023014,1.012767,1.028951,1.033857,1.022468,1.020629,1.027718,1.041460,1.037627,1.022139,1.033828,1.019066,0.998364,1.010275,1.017555,1.018533,1.034383,0.979669,1.006297,1.024566,1.015450,1.013778,1.047912,1.042688,1.028220,1.038671,1.034472,1.020234,1.034239,1.027673,0.991749,1.001249,1.034788,1.028668,1.024951,1.001779,1.062253
0.857990,1.064525,1.041874,1.023332,1.013102,1.029265,1.034167,1.022779,1.020942,1.028034,1.041771,1.037938,1.022458,1.034151,1.019418,0.998763,1.010676,1.017938,1.018897,1.034707,0.979912,1.006698,1.024944,1.015817,1.014182,1.048156,1.043017,1.028572,1.039022,1.034829,1.020512,1.034460,1.027904,0.991998,1.001402,1.035118,1.028919,1.025198,1.002136,1.061952
0.866320,1.064489,1.042140,1.023643,1.013426,1.029568,1.034465,1.023079,1.021244,1.028338,1.042070,1.038238,1.022764,1.034462,1.019758,0.999155,1.011072,1.018316,1.019254,1.035032,0.980159,1.007095,1.025321,1.016184,1.014581,1.048394,1.043341,1.028921,1.039372,1.035185,1.020788,1.034669,1.028124,0.992251,1.001564,1.035449,1.029175,1.025442,1.002495,1.061649
0.874650,1.064450,1.042402,1.023945,1.013738,1.029858,1.034751,1.023367,1.021534,1.028630,1.042357,1.038526,1.023058,1.034762,1.020087,0.999540,1.011463,1.018688,1.019605,1.035357,0.980410,1.007490,1.025698,1.016551,1.014977,1.048628,1.043662,1.029265,1.039720,1.035540,1.021064,1.034866,1.028333,0.992507,1.001735,1.035782,1.029436,1.025682,1.002853,1.061345
0.882980,1.064407,1.042658,1.024239,1.014040,1.030136,1.035024,1.023642,1.021812,1.028910,1.042632,1.038801,1.023339,1.035049,1.020404,0.999916,1.011849,1.019054,1.019949,1.035684,0.980666,1.007881,1.026073,1.016918,1.015368,1.048857,1.043978,1.029603,1.040065,1.035893,1.021338,1.035050,1.028531,0.992766,1.001914,1.036114,1.029701,1.025919,1.003210,1.061040
0.891310,1.064360,1.042909,1.024525,1.014329,1.030402,1.035285,1.023906,1.022078,1.029177,1.042894,1.039063,1.023608,1.035323,1.020709,1.000283,1.012230,1.019413,1.020285,1.036010,0.980925,1.008268,1.026446,1.017283,1.015754,1.049079,1.044289,1.029936,1.040408,1.036244,1.021611,1.035222,1.028719,0.993029,1.002102,1.036447,1.029972,1.026152,1.003567,1.060733
0.899640,1.064310,1.043155,1.024801,1.014606,1.030655,1.035533,1.024156,1.022331,1.029432,1.043143,1.039313,1.023865,1.035585,1.021002,1.000642,1.012604,1.019765,1.020613,1.036336,0.981188,1.008650,1.026817,1.017647,1.016134,1.049296,1.044595,1.030262,1.040747,1.036591,1.021882,1.035381,1.028895,0.993294,1.002297,1.036779,1.030248,1.026380,1.003921,1.060424
0.907970,1.064256,1.043395,1.025067,1.014872,1.030896,1.035769,1.024395,1.022571,1.029674,1.043379,1.039550,1.024108,1.035834,1.021283,1.000991,1.012971,1.020110,1.020933,1.036662,0.981454,1.009027,1.027185,1.018010,1.016508,1.049507,1.044895,1.030583,1.041082,1.036935,1.022151,1.035528,1.029060,0.993561,1.002501,1.037110,1.030529,1.026604,1.004273,1.060115
0.916300,1.064198,1.043628,1.025324,1.015125,1.031124,1.035991,1.024620,1.022799,1.029904,1.043602,1.039774,1.024338,1.036070,1.021551,1.001330,1.013331,1.020447,1.021245,1.036986,0.981722,1.009399,1.027551,1.018371,1.016876,1.049711,1.045188,1.030896,1.041412,1.037274,1.022416,1.035663,1.029213,0.993830,1.002713,1.037440,1.030814,1.026824,1.004622,1.059804
0.924630,1.064136,1.043855,1.025571,1.015365,1.031338,1.036201,1.024832,1.023014,1.030120,1.043812,1.039984,1.024555,1.036292,1.021806,1.001659,1.013683,1.020775,1.021547,1.037309,0.981994,1.009765,1.027912,1.018729,1.017237,1.049908,1.045475,1.031201,1.041737,1.037609,1.022678,1.035785,1.029355,0.994101,1.002933,1.037769,1.031105,1.027038,1.004968,1.059493
0.932960,1.064070,1.044074,1.025807,1.015592,1.031539,1.036397,1.025031,1.023215,1.030323,1.044008,1.040181,1.024759,1.036501,1.022048,1.001978,1.014027,1.021095,1.021839,1.037630,0.982268,1.010124,1.028271,1.019085,1.017590,1.050098,1.045755,1.031499,1.042057,1.037939,1.022934,1.035895,1.029486,0.994373,1.003160,1.038095,1.031400,1.027246,1.005310,1.059180
0.941290,1.064000,1.044285,1.026033,1.015806,1.031727,1.036579,1.025217,1.023403,1.030512,1.044190,1.040365,1.024948,1.036697,1.022276,1.002286,1.014364,1.021406,1.022122,1.037948,0.982544,1.010477,1.028625,1.019437,1.017936,1.050280,1.046027,1.031789,1.042371,1.038264,1.023184,1.035992,1.029605,0.994646,1.003394,1.038420,1.031701,1.027449,1.005647,1.058867
0.949620,1.063925,1.044488,1.026247,1.016006,1.031902,1.036748,1.025389,1.023578,1.030688,1.044359,1.040535,1.025124,1.036879,1.022491,1.002583,1.014691,1.021707,1.022394,1.038265,0.982822,1.010823,1.028974,1.019787,1.018275,1.050453,1.046292,1.032070,1.042678,1.038582,1.023428,1.036077,1.029713,0.994920,1.003635,1.038741,1.032006,1.027645,1.005979,1.058553
0.957950,1.063846,1.044682,1.026449,1.016193,1.032062,1.036903,1.025548,1.023739,1.030850,1.044514,1.040690,1.025286,1.037046,1.022692,1.002869,1.015009,1.021998,1.022656,1.038578,0.983101,1.011162,1.029319,1.020133,1.018604,1.050618,1.046548,1.032341,1.042979,1.038894,1.023664,1.036149,1.029809,0.995194,1.003884,1.039060,1.032315,1.027835,1.006307,1.058238
0.966280,1.063762,1.044867,1.026640,1.016367,1.032209,1.037045,1.025693,1.023887,1.030999,1.044655,1.040833,1.025435,1.037200,1.022880,1.003143,1.015319,1.022280,1.022907,1.038889,0.983381,1.011494,1.029659,1.020475,1.018926,1.050775,1.046795,1.032604,1.043273,1.039200,1.023891,1.036209,1.029893,0.995468,1.004138,1.039376,1.032630,1.028018,1.006629,1.057922
0.974610,1.063673,1.045042,1.026819,1.016527,1.032343,1.037173,1.025825,1.024021,1.031134,1.044782,1.040961,1.025569,1.037341,1.023054,1.003406,1.015619,1.022551,1.023147,1.039196,0.983663,1.011817,1.029994,1.020814,1.019239,1.050922,1.047034,1.032857,1.043560,1.039498,1.024110,1.036257,1.029966,0.995742,1.004399,1.039688,1.032949,1.028194,1.006945,1.057606
0.982940,1.063580,1.045207,1.026987,1.016674,1.032463,1.037287,1.025944,1.024142,1.031256,1.044896,1.041076,1.025690,1.037467,1.023214,1.003657,1.015909,1.022812,1.023376,1.039499,0.983945,1.012133,1.030323,1.021148,1.019543,1.051060,1.047264,1.033101,1.043839,1.039790,1.024320,1.036293,1.030028,0.996016,1.004666,1.039997,1.033272,1.028362,1.007255,1.057289
0.991270,1.063482,1.045363,1.027142,1.016808,1.032569,1.037389,1.026049,1.024250,1.031365,1.044996,1.041178,1.025798,1.037581,1.023361,1.003897,1.016190,1.023063,1.023594,1.039799,0.984228,1.012441,1.030647,1.021479,1.019838,1.051190,1.047485,1.033336,1.044111,1.040075,1.024520,1.036316,1.030079,0.996289,1.004939,1.040303,1.033600,1.028523,1.007559,1.056973
0.999600,1.063379,1.045509,1.027286,1.016928,1.032663,1.037477,1.026142,1.024345,1.031460,1.045084,1.041267,1.025893,1.037681,1.023495,1.004125,1.016462,1.023303,1.023801,1.040096,0.984512,1.012741,1.030966,1.021805,1.020125,1.051310,1.047697,1.033561,1.044376,1.040353,1.024711,1.036328,1.030121,0.996561,1.005217,1.040604,1.033932,1.028678,1.007858,1.056656
1.007930,1.063272,1.045645,1.027419,1.017036,1.032745,1.037553,1.026222,1.024428,1.031544,1.045160,1.041344,1.025975,1.037769,1.023616,1.004343,1.016724,1.023533,1.023997,1.040388,0.984796,1.013033,1.031279,1.022127,1.020403,1.051422,1.047901,1.033776,1.044633,1.040625,1.024891,1.036329,1.030154,0.996833,1.005501,1.040902,1.034268,1.028824,1.008151,1.056338
1.016260,1.063161,1.045772,1.027541,1.017132,1.032814,1.037617,1.026290,1.024499,1.031615,1.045225,1.041409,1.026046,1.037846,1.023725,1.004549,1.016977,1.023754,1.024183,1.040677,0.985080,1.013318,1.031587,1.022445,1.020672,1.051525,1.048097,1.033983,1.044884,1.040889,1.025061,1.036320,1.030178,0.997104,1.005790,1.041197,1.034609,1.028964,1.008438,1.056021
1.024590,1.063045,1.045889,1.027652,1.017217,1.032872,1.037670,1.026347,1.024558,1.031675,1.045278,1.041463,1.026105,1.037911,1.023823,1.004746,1.017222,1.023965,1.024358,1.040963,0.985364,1.013595,1.031889,1.022759,1.020933,1.051620,1.048284,1.034181,1.045128,1.041147,1.025222,1.036299,1.030195,0.997374,1.006085,1.041487,1.034954,1.029096,1.008720,1.055704
1.032920,1.062925,1.045997,1.027752,1.017290,1.032919,1.037712,1.026394,1.024607,1.031724,1.045321,1.041506,1.026154,1.037966,1.023909,1.004932,1.017457,1.024166,1.024524,1.041244,0.985649,1.013864,1.032187,1.023069,1.021185,1.051707,1.048463,1.034370,1.045365,1.041399,1.025372,1.036269,1.030206,0.997642,1.006384,1.041774,1.035303,1.029222,1.008996,1.055387
1.041250,1.062801,1.046096,1.027843,1.017352,1.032956,1.037743,1.026430,1.024645,1.031762,1.045354,1.041540,1.026193,1.038010,1.023985,1.005108,1.017684,1.024358,1.024680,1.041523,0.985934,1.014127,1.032479,1.023375,1.021430,1.051786,1.048635,1.034551,1.045595,1.041645,1.025513,1.036230,1.030211,0.997910,1.006689,1.042058,1.035657,1.029341,1.009267,1.055071
1.049580,1.062674,1.046187,1.027924,1.017405,1.032983,1.037765,1.026456,1.024674,1.031792,1.045379,1.041564,1.026223,1.038046,1.024051,1.005275,1.017904,1.024542,1.024828,1.041798,0.986220,1.014383,1.032766,1.023678,1.021668,1.051859,1.048799,1.034724,1.045820,1.041885,1.025644,1.036182,1.030211,0.998177,1.006998,1.042339,1.036015,1.029454,1.009534,1.054755
1.057910,1.062543,1.046269,1.027997,1.017448,1.033002,1.037779,1.026474,1.024694,1.031812,1.045396,1.041581,1.026245,1.038073,1.024108,1.005434,1.018116,1.024718,1.024966,1.042069,0.986505,1.014632,1.033050,1.023977,1.021898,1.051924,1.048957,1.034890,1.046040,1.042120,1.025766,1.036127,1.030207,0.998442,1.007311,1.042616,1.036378,1.029560,1.009797,1.054440
1.066240,1.062409,1.046343,1.028061,1.017483,1.033013,1.037784,1.026484,1.024706,1.031824,1.045405,1.041590,1.026259,1.038093,1.024157,1.005584,1.018320,1.024886,1.025097,1.042338,0.986791,1.014875,1.033328,1.024273,1.022121,1.051983,1.049109,1.035049,1.046254,1.042351,1.025878,1.036066,1.030200,0.998706,1.007629,1.042890,1.036744,1.029661,1.010056,1.054125
1.074570,1.062272,1.046410,1.028118,1.017510,1.033016,1.037783,1.026488,1.024712,1.031830,1.045409,1.041592,1.026267,1.038107,1.024199,1.005727,1.018519,1.025048,1.025221,1.042604,0.987077,1.015113,1.033603,1.024566,1.022339,1.052036,1.049255,1.035202,1.046463,1.042577,1.025982,1.035999,1.030190,0.998970,1.007952,1.043162,1.037115,1.029756,1.010311,1.053812
1.082900,1.062132,1.046471,1.028169,1.017531,1.033014,1.037777,1.026485,1.024711,1.031829,1.045407,1.041590,1.026269,1.038114,1.024234,1.005864,1.018711,1.025203,1.025338,1.042867,0.987364,1.015345,1.033875,1.024857,1.022550,1.052085,1.049396,1.035349,1.046669,1.042800,1.026078,1.035929,1.030180,0.999232,1.008278,1.043431,1.037491,1.029847,1.010563,1.053500
1.091230,1.061990,1.046525,1.028213,1.017546,1.033007,1.037765,1.026478,1.024706,1.031824,1.045402,1.041583,1.026267,1.038118,1.024263,1.005995,1.018898,1.025352,1.025449,1.043129,0.987651,1.015573,1.034143,1.025145,1.022757,1.052128,1.049533,1.035492,1.046871,1.043019,1.026166,1.035856,1.030168,0.999493,1.008609,1.043699,1.037870,1.029933,1.010813,1.053189
1.099560,1.061846,1.046573,1.028252,1.017557,1.032996,1.037750,1.026466,1.024697,1.031814,1.045393,1.041572,1.026262,1.038118,1.024289,1.006120,1.019081,1.025496,1.025554,1.043388,0.987938,1.015796,1.034409,1.025432,1.022959,1.052168,1.049666,1.035629,1.047070,1.043236,1.026246,1.035783,1.030157,0.999753,1.008943,1.043964,1.038255,1.030014,1.011061,1.052879
1.107890,1.061701,1.046617,1.028287,1.017563,1.032982,1.037732,1.026453,1.024684,1.031802,1.045382,1.041560,1.026254,1.038115,1.024310,1.006242,1.019259,1.025636,1.025655,1.043645,0.988226,1.016017,1.034672,1.025718,1.023157,1.052205,1.049796,1.035763,1.047267,1.043451,1.026319,1.035709,1.030146,1.000012,1.009282,1.044229,1.038643,1.030093,1.011308,1.052571
1.116220,1.061554,1.046656,1.028319,1.017567,1.032967,1.037713,1.026437,1.024670,1.031788,1.045371,1.041546,1.026244,1.038111,1.024329,1.006360,1.019434,1.025772,1.025753,1.043902,0.988516,1.016234,1.034934,1.026002,1.023352,1.052238,1.049923,1.035894,1.047462,1.043664,1.026385,1.035637,1.030138,1.000271,1.009624,1.044492,1.039036,1.030168,1.011554,1.052265
1.124550,1.061405,1.046691,1.028347,1.017569,1.032950,1.037693,1.026420,1.024656,1.031773,1.045359,1.041532,1.026234,1.038106,1.024347,1.006475,1.019606,1.025905,1.025847,1.044157,0.988806,1.016449,1.035194,1.026286,1.023545,1.052270,1.050048,1.036023,1.047655,1.043876,1.026446,1.035567,1.030132,1.000529,1.009970,1.044755,1.039434,1.030240,1.011799,1.051960
1.132880,1.061257,1.046723,1.028374,1.017570,1.032934,1.037673,1.026404,1.024641,1.031758,1.045348,1.041518,1.026225,1.038102,1.024363,1.006588,1.019776,1.026036,1.025939,1.044412,0.989097,1.016662,1.035454,1.026570,1.023735,1.052300,1.050171,1.036150,1.047848,1.044088,1.026500,1.035501,1.030130,1.000787,1.010319,1.045018,1.039836,1.030310,1.012044,1.051657
1.141210,1.061107,1.046751,1.028399,1.017570,1.032919,1.037655,1.026389,1.024627,1.031745,1.045339,1.041506,1.026217,1.038099,1.024380,1.006700,1.019945,1.026166,1.026030,1.044667,0.989389,1.016873,1.035713,1.026854,1.023923,1.052329,1.050294,1.036275,1.048041,1.044299,1.026550,1.035440,1.030131,1.001045,1.010672,1.045280,1.040242,1.030379,1.012290,1.051357
1.149540,1.060958,1.046778,1.028423,1.017572,1.032906,1.037640,1.026376,1.024615,1.031733,1.045332,1.041497,1.026211,1.038098,1.024398,1.006811,1.020113,1.026294,1.026120,1.044921,0.989683,1.017084,1.035971,1.027138,1.024111,1.052357,1.050417,1.036400,1.048234,1.044512,1.026594,1.035384,1.030137,1.001302,1.011027,1.045543,1.040653,1.030446,1.012537,1.051059
1.157870,1.060809,1.046803,1.028448,1.017575,1.032896,1.037627,1.026366,1.024606,1.031723,1.045329,1.041490,1.026209,1.038100,1.024418,1.006923,1.020280,1.026422,1.026209,1.045176,0.989978,1.017295,1.036230,1.027423,1.024299,1.052386,1.050540,1.036525,1.048428,1.044725,1.026634,1.035335,1.030148,1.001559,1.011386,1.045807,1.041068,1.030512,1.012785,1.050763
1.166200,1.060660,1.046827,1.028474,1.017581,1.032889,1.037618,1.026359,1.024600,1.031718,1.045330,1.041488,1.026210,1.038106,1.024440,1.007035,1.020448,1.026551,1.026299,1.045432,0.990274,1.017505,1.036490,1.027709,1.024486,1.052415,1.050664,1.036651,1.048623,1.044940,1.026670,1.035292,1.030165,1.001816,1.011748,1.046071,1.041487,1.030578,1.013035,1.050469
1.174530,1.060511,1.046851,1.028501,1.017589,1.032887,1.037614,1.026357,1.024599,1.031716,1.045336,1.041491,1.026216,1.038117,1.024466,1.007149,1.020617,1.026680,1.026390,1.045688,0.990572,1.017717,1.036750,1.027996,1.024675,1.052445,1.050789,1.036778,1.048820,1.045156,1.026702,1.035258,1.030188,1.002073,1.012112,1.046336,1.041909,1.030644,1.013287,1.050179
1.182860,1.060364,1.046874,1.028531,1.017602,1.032890,1.037615,1.026360,1.024602,1.031720,1.045347,1.041499,1.026228,1.038132,1.024497,1.007266,1.020787,1.026811,1.026483,1.045946,0.990872,1.017929,1.037012,1.028285,1.024865,1.052477,1.050916,1.036907,1.049019,1.045375,1.026731,1.035232,1.030218,1.002331,1.012479,1.046602,1.042336,1.030710,1.013542,1.049891
1.191190,1.060218,1.046897,1.028563,1.017619,1.032898,1.037622,1.026368,1.024612,1.031729,1.045365,1.041513,1.026245,1.038154,1.024532,1.007386,1.020960,1.026944,1.026577,1.046205,0.991173,1.018143,1.037275,1.028576,1.025056,1.052511,1.051046,1.037037,1.049220,1.045597,1.026757,1.035215,1.030256,1.002588,1.012849,1.046869,1.042767,1.030776,1.013799,1.049606
1.199520,1.060073,1.046921,1.028598,1.017642,1.032913,1.037636,1.026383,1.024627,1.031744,1.045390,1.041535,1.026270,1.038183,1.024573,1.007509,1.021134,1.027079,1.026675,1.046466,0.991476,1.018359,1.037540,1.028869,1.025250,1.052547,1.051178,1.037171,1.049424,1.045822,1.026780,1.035207,1.030301,1.002847,1.013220,1.047137,1.043201,1.030844,1.014060,1.049323
1.207850,1.059930,1.046946,1.028638,1.017670,1.032935,1.037657,1.026405,1.024649,1.031767,1.045423,1.041563,1.026301,1.038218,1.024620,1.007636,1.021312,1.027218,1.026776,1.046729,0.991781,1.018578,1.037807,1.029165,1.025447,1.052585,1.051314,1.037307,1.049632,1.046049,1.026801,1.035210,1.030354,1.003106,1.013594,1.047408,1.043638,1.030914,1.014323,1.049044
1.216180,1.059789,1.046974,1.028682,1.017705,1.032965,1.037686,1.026435,1.024679,1.031797,1.045464,1.041600,1.026341,1.038262,1.024674,1.007768,1.021494,1.027360,1.026881,1.046995,0.992088,1.018800,1.038076,1.029463,1.025647,1.052627,1.051453,1.037447,1.049843,1.046281,1.026821,1.035222,1.030416,1.003366,1.013969,1.047680,1.044079,1.030985,1.014591,1.048768
1.224510,1.059650,1.047003,1.028732,1.017748,1.033003,1.037724,1.026473,1.024718,1.031836,1.045514,1.041646,1.026389,1.038314,1.024736,1.007906,1.021680,1.027507,1.026991,1.047263,0.992398,1.019025,1.038349,1.029764,1.025851,1.052673,1.051596,1.037592,1.050059,1.046517,1.026839,1.035246,1.030486,1.003627,1.014346,1.047954,1.044523,1.031058,1.014863,1.048496
1.232840,1.059514,1.047037,1.028787,1.017798,1.033050,1.037771,1.026520,1.024765,1.031883,1.045573,1.041701,1.026447,1.038375,1.024806,1.008049,1.021870,1.027658,1.027106,1.047534,0.992709,1.019253,1.038625,1.030068,1.026059,1.052723,1.051744,1.037741,1.050278,1.046757,1.026858,1.035281,1.030566,1.003889,1.014725,1.048230,1.044969,1.031135,1.015139,1.048226
1.241170,1.059381,1.047074,1.028849,1.017857,1.033107,1.037828,1.026576,1.024821,1.031940,1.045642,1.041766,1.026515,1.038447,1.024885,1.008200,1.022066,1.027816,1.027227,1.047808,0.993023,1.019487,1.038904,1.030376,1.026272,1.052778,1.051898,1.037896,1.050503,1.047003,1.026879,1.035328,1.030656,1.004153,1.015106,1.048509,1.045419,1.031215,1.015419,1.047961
1.249500,1.059251,1.047116,1.028919,1.017926,1.033174,1.037895,1.026643,1.024888,1.032007,1.045723,1.041842,1.026593,1.038528,1.024974,1.008358,1.022268,1.027979,1.027355,1.048086,0.993339,1.019725,1.039187,1.030688,1.026491,1.052839,1.052057,1.038057,1.050734,1.047253,1.026902,1.035387,1.030756,1.004419,1.015488,1.048790,1.045872,1.031299,1.015705,1.047699
1.257830,1.059126,1.047164,1.028997,1.018005,1.033252,1.037974,1.026721,1.024965,1.032085,1.045814,1.041928,1.026682,1.038621,1.025073,1.008524,1.022477,1.028150,1.027491,1.048369,0.993658,1.019969,1.039474,1.031005,1.026716,1.052906,1.052223,1.038224,1.050970,1.047510,1.026928,1.035459,1.030867,1.004687,1.015871,1.049075,1.046328,1.031388,1.015996,1.047440
1.266160,1.059004,1.047218,1.029085,1.018094,1.033342,1.038064,1.026809,1.025053,1.032174,1.045917,1.042027,1.026783,1.038726,1.025184,1.008699,1.022693,1.028328,1.027635,1.048656,0.993981,1.020219,1.039767,1.031326,1.026948,1.052980,1.052396,1.038399,1.051212,1.047773,1.026959,1.035543,1.030989,1.004957,1.016256,1.049362,1.046786,1.031482,1.016293,1.047186
1.274490,1.058887,1.047279,1.029182,1.018195,1.033443,1.038166,1.026910,1.025154,1.032275,1.046033,1.042138,1.026897,1.038843,1.025306,1.008884,1.022916,1.028514,1.027787,1.048948,0.994306,1.020476,1.040064,1.031652,1.027187,1.053061,1.052576,1.038582,1.051462,1.048042,1.026996,1.035640,1.031121,1.005230,1.016643,1.049654,1.047247,1.031581,1.016596,1.046935
1.282820,1.058775,1.047348,1.029289,1.018307,1.033557,1.038281,1.027023,1.025266,1.032388,1.046162,1.042262,1.027023,1.038972,1.025440,1.009078,1.023148,1.028710,1.027949,1.049245,0.994635,1.020739,1.040368,1.031983,1.027434,1.053150,1.052765,1.038772,1.051718,1.048318,1.027038,1.035751,1.031266,1.005505,1.017031,1.049949,1.047711,1.031687,1.016905,1.046689
1.291150,1.058668,1.047426,1.029407,1.018432,1.033684,1.038409,1.027149,1.025391,1.032514,1.046304,1.042399,1.027162,1.039115,1.025587,1.009283,1.023389,1.028914,1.028120,1.049548,0.994968,1.021010,1.040677,1.032321,1.027689,1.053248,1.052962,1.038972,1.051982,1.048602,1.027088,1.035876,1.031421,1.005785,1.017421,1.050248,1.048178,1.031800,1.017220,1.046447
1.299480,1.058567,1.047513,1.029536,1.018570,1.033825,1.038550,1.027288,1.025530,1.032654,1.046459,1.042549,1.027315,1.039271,1.025748,1.009499,1.023639,1.029128,1.028302,1.049857,0.995305,1.021289,1.040992,1.032664,1.027953,1.053354,1.053167,1.039181,1.052254,1.048893,1.027146,1.036015,1.031589,1.006067,1.017812,1.050552,1.048648,1.031920,1.017543,1.046209
1.307810,1.058471,1.047608,1.029677,1.018721,1.033979,1.038706,1.027441,1.025682,1.032807,1.046629,1.042714,1.027482,1.039441,1.025921,1.009727,1.023899,1.029352,1.028495,1.050172,0.995645,1.021577,1.041314,1.033014,1.028226,1.053470,1.053382,1.039399,1.052534,1.049192,1.027211,1.036167,1.031769,1.006354,1.018205,1.050860,1.049120,1.032047,1.017872,1.045976
1.316140,1.058381,1.047714,1.029830,1.018886,1.034147,1.038875,1.027608,1.025848,1.032974,1.046813,1.042892,1.027664,1.039626,1.026109,1.009966,1.024168,1.029587,1.028699,1.050494,0.995990,1.021873,1.041643,1.033370,1.028509,1.053594,1.053606,1.039627,1.052822,1.049499,1.027286,1.036334,1.031962,1.006644,1.018600,1.051173,1.049596,1.032181,1.018208,1.045747
1.324470,1.058298,1.047830,1.029996,1.019065,1.034330,1.039060,1.027789,1.026028,1.033155,1.047012,1.043086,1.027859,1.039825,1.026312,1.010218,1.024449,1.029833,1.028914,1.050823,0.996340,1.022178,1.041979,1.033733,1.028801,1.053729,1.053839,1.039865,1.053118,1.049813,1.027370,1.036515,1.032166,1.006940,1.018997,1.051492,1.050074,1.032324,1.018551,1.045523
1.332800,1.058220,1.047956,1.030174,1.019259,1.034527,1.039258,1.027984,1.026222,1.033351,1.047225,1.043294,1.028070,1.040039,1.026528,1.010482,1.024740,1.030090,1.029142,1.051159,0.996694,1.022492,1.042323,1.034104,1.029104,1.053873,1.054083,1.040114,1.053423,1.050136,1.027463,1.036711,1.032384,1.007239,1.019395,1.051815,1.050555,1.032475,1.018901,1.045303
1.341130,1.058149,1.048093,1.030366,1.019467,1.034739,1.039472,1.028194,1.026431,1.033561,1.047454,1.043517,1.028296,1.040269,1.026760,1.010759,1.025042,1.030358,1.029381,1.051503,0.997053,1.022816,1.042674,1.034481,1.029418,1.054027,1.054336,1.040373,1.053736,1.050467,1.027566,1.036921,1.032614,1.007544,1.019796,1.052145,1.051038,1.032635,1.019258,1.045087
1.349460,1.058084,1.048241,1.030570,1.019689,1.034966,1.039701,1.028419,1.026655,1.033786,1.047697,1.043755,1.028537,1.040513,1.027007,1.011049,1.025355,1.030638,1.029633,1.051854,0.997416,1.023150,1.043034,1.034867,1.029742,1.054191,1.054600,1.040644,1.054059,1.050807,1.027679,1.037146,1.032856,1.007853,1.020198,1.052480,1.051524,1.032803,1.019622,1.044876
1.357790,1.058026,1.048400,1.030788,1.019927,1.035208,1.039945,1.028659,1.026893,1.034027,1.047956,1.044009,1.028793,1.040772,1.027269,1.011352,1.025680,1.030930,1.029898,1.052212,0.997785,1.023494,1.043401,1.035259,1.030077,1.054366,1.054873,1.040925,1.054390,1.051155,1.027802,1.037385,1.033111,1.008168,1.020603,1.052821,1.052014,1.032980,1.019994,1.044670
1.366120,1.057974,1.048570,1.031020,1.020179,1.035466,1.040204,1.028914,1.027147,1.034282,1.048230,1.044278,1.029065,1.041047,1.027546,1.011669,1.026016,1.031234,1.030175,1.052579,0.998159,1.023849,1.043777,1.035660,1.030423,1.054550,1.055157,1.041217,1.054730,1.051511,1.027936,1.037639,1.033379,1.008488,1.021009,1.053168,1.052505,1.033165,1.020373,1.044469
1.374450,1.057930,1.048751,1.031265,1.020447,1.035738,1.040479,1.029183,1.027416,1.034552,1.048519,1.044561,1.029351,1.041337,1.027838,1.011999,1.026364,1.031550,1.030465,1.052954,0.998538,1.024213,1.044162,1.036068,1.030780,1.054745,1.055452,1.041520,1.055078,1.051876,1.028080,1.037907,1.033659,1.008814,1.021418,1.053521,1.053000,1.033360,1.020758,1.044272
1.382780,1.057892,1.048944,1.031524,1.020729,1.036026,1.040768,1.029468,1.027699,1.034838,1.048824,1.044860,1.029653,1.041643,1.028146,1.012343,1.026724,1.031878,1.030767,1.053337,0.998923,1.024589,1.044554,1.036485,1.031149,1.054949,1.055756,1.041834,1.055436,1.052249,1.028234,1.038189,1.033952,1.009146,1.021829,1.053880,1.053497,1.033563,1.021151,1.044080
1.391110,1.057860,1.049148,1.031796,1.021027,1.036329,1.041073,1.029768,1.027997,1.035138,1.049143,1.045175,1.029971,1.041963,1.028468,1.012701,1.027096,1.032219,1.031082,1.053728,0.999313,1.024974,1.044956,1.036910,1.031530,1.055164,1.056071,1.042159,1.055802,1.052630,1.028399,1.038485,1.034257,1.009483,1.022242,1.054246,1.053997,1.033775,1.021551,1.043892
1.399440,1.057836,1.049363,1.032081,1.021339,1.036647,1.041393,1.030083,1.028311,1.035454,1.049478,1.045504,1.030303,1.042299,1.028806,1.013072,1.027480,1.032571,1.031410,1.054128,0.999709,1.025371,1.045366,1.037342,1.031921,1.055389,1.056396,1.042496,1.056177,1.053019,1.028574,1.038796,1.034574,1.009827,1.022658,1.054619,1.054499,1.033997,1.021957,1.043710
1.407770,1.057818,1.049589,1.032380,1.021667,1.036980,1.041728,1.030412,1.028639,1.035784,1.049827,1.045848,1.030650,1.042649,1.029160,1.013457,1.027876,1.032936,1.031751,1.054536,1.000111,1.025778,1.045785,1.037783,1.032325,1.055624,1.056731,1.042843,1.056560,1.053417,1.028759,1.039120,1.034904,1.010177,1.023076,1.054998,1.055004,1.034227,1.022371,1.043532
1.416100,1.057807,1.049827,1.032693,1.022009,1.037327,1.042078,1.030756,1.028981,1.036129,1.050191,1.046207,1.031012,1.043015,1.029528,1.013855,1.028284,1.033313,1.032105,1.054952,1.000518,1.026196,1.046213,1.038233,1.032739,1.055868,1.057076,1.043201,1.056952,1.053822,1.028955,1.039458,1.035245,1.010533,1.023498,1.055384,1.055512,1.034466,1.022791,1.043358
1.424430,1.057802,1.050076,1.033018,1.022366,1.037690,1.042442,1.031115,1.029339,1.036489,1.050570,1.046581,1.031389,1.043395,1.029911,1.014266,1.028703,1.033702,1.032471,1.055377,1.000931,1.026624,1.046650,1.038690,1.033165,1.056123,1.057430,1.043570,1.057352,1.054236,1.029161,1.039809,1.035598,1.010896,1.023921,1.055777,1.056023,1.034714,1.023217,1.043189
1.432760,1.057805,1.050335,1.033356,1.022737,1.038067,1.042821,1.031488,1.029710,1.036863,1.050963,1.046969,1.031780,1.043790,1.030308,1.014691,1.029134,1.034102,1.032849,1.055811,1.001350,1.027063,1.047095,1.039156,1.033603,1.056386,1.057795,1.043950,1.057761,1.054657,1.029376,1.040174,1.035962,1.011264,1.024348,1.056176,1.056536,1.034970,1.023650,1.043025
1.441090,1.057813,1.050606,1.033707,1.023122,1.038457,1.043214,1.031875,1.030096,1.037251,1.051369,1.047370,1.032186,1.044198,1.030720,1.015129,1.029577,1.034515,1.033239,1.056252,1.001775,1.027513,1.047550,1.039629,1.034052,1.056659,1.058169,1.044340,1.058177,1.055085,1.029602,1.040551,1.036338,1.011640,1.024778,1.056582,1.057052,1.035235,1.024089,1.042865
1.449420,1.057828,1.050887,1.034071,1.023521,1.038862,1.043621,1.032275,1.030495,1.037653,1.051790,1.047786,1.032605,1.044621,1.031146,1.015580,1.030031,1.034938,1.033642,1.056703,1.002205,1.027973,1.048012,1.040111,1.034511,1.056942,1.058553,1.044741,1.058602,1.055521,1.029837,1.040941,1.036724,1.012021,1.025211,1.056996,1.057570,1.035508,1.024535,1.042710
1.457750,1.057850,1.051178,1.034446,1.023934,1.039280,1.044041,1.032689,1.030907,1.038068,1.052223,1.048215,1.033037,1.045056,1.031585,1.016043,1.030496,1.035373,1.034056,1.057161,1.002642,1.028443,1.048484,1.040601,1.034982,1.057233,1.058945,1.045151,1.059034,1.055965,1.030082,1.041344,1.037119,1.012410,1.025646,1.057416,1.058092,1.035790,1.024986,1.042559
1.466080,1.057878,1.051479,1.034834,1.024359,1.039711,1.044474,1.033116,1.031332,1.038496,1.052668,1.048656,1.033481,1.045504,1.032037,1.016518,1.030973,1.035819,1.034481,1.057627,1.003084,1.028923,1.048964,1.041099,1.035463,1.057533,1.059347,1.045572,1.059474,1.056415,1.030336,1.041757,1.037524,1.012804,1.026085,1.057842,1.058615,1.036079,1.025443,1.042412
1.474410,1.057912,1.051790,1.035232,1.024797,1.040154,1.044919,1.033554,1.031769,1.038936,1.053126,1.049109,1.033938,1.045964,1.032501,1.017005,1.031459,1.036276,1.034918,1.058102,1.003532,1.029413,1.049452,1.041604,1.035955,1.057841,1.059757,1.046001,1.059921,1.056872,1.030599,1.042182,1.037938,1.013205,1.026528,1.058276,1.059142,1.036376,1.025906,1.042270
1.482740,1.057952,1.052110,1.035642,1.025247,1.040609,1.045376,1.034005,1.032218,1.039388,1.053594,1.049573,1.034406,1.046436,1.032978,1.017503,1.031956,1.036743,1.035365,1.058584,1.003986,1.029912,1.049949,1.042117,1.036456,1.058158,1.060176,1.046440,1.060375,1.057336,1.030870,1.042618,1.038359,1.013613,1.026973,1.058716,1.059670,1.036681,1.026374,1.042133
1.491070,1.057997,1.052440,1.036062,1.025709,1.041076,1.045844,1.034466,1.032678,1.039851,1.054073,1.050049,1.034885,1.046918,1.033465,1.018012,1.032463,1.037219,1.035822,1.059074,1.004445,1.030421,1.050453,1.042637,1.036968,1.058482,1.060602,1.046888,1.060836,1.057806,1.031150,1.043064,1.038787,1.014026,1.027422,1.059162,1.060202,1.036993,1.026847,1.041999
1.499400,1.058049,1.052778,1.036492,1.026181,1.041552,1.046323,1.034938,1.033148,1.040325,1.054562,1.050534,1.035374,1.047410,1.033964,1.018531,1.032979,1.037705,1.036289,1.059571,1.004910,1.030938,1.050965,1.043165,1.037488,1.058814,1.061036,1.047345,1.061303,1.058283,1.031439,1.043520,1.039221,1.014446,1.027874,1.059615,1.060735,1.037312,1.027325,1.041870
1.507730,1.058106,1.053125,1.036932,1.026663,1.042039,1.046811,1.035420,1.033628,1.040808,1.055059,1.051028,1.035872,1.047911,1.034472,1.019060,1.033504,1.038201,1.036765,1.060075,1.005380,1.031464,1.051484,1.043699,1.038017,1.059153,1.061478,1.047809,1.061777,1.058765,1.031735,1.043984,1.039660,1.014871,1.028329,1.060074,1.061271,1.037638,1.027808,1.041744
1.516060,1.058168,1.053480,1.037380,1.027154,1.042534,1.047308,1.035910,1.034118,1.041301,1.055565,1.051531,1.036379,1.048421,1.034989,1.019599,1.034038,1.038704,1.037249,1.060586,1.005855,1.031998,1.052011,1.044239,1.038555,1.059499,1.061927,1.048281,1.062256,1.059252,1.032039,1.044457,1.040103,1.015303,1.028788,1.060538,1.061809,1.037970,1.028296,1.041623
1.524390,1.058235,1.053842,1.037837,1.027655,1.043038,1.047814,1.036409,1.034615,1.041802,1.056078,1.052042,1.036893,1.048939,1.035515,1.020146,1.034579,1.039216,1.037742,1.061103,1.006335,1.032539,1.052543,1.044786,1.039101,1.059852,1.062382,1.048760,1.062741,1.059745,1.032351,1.044938,1.040550,1.015739,1.029250,1.061009,1.062350,1.038308,1.028787,1.041505
1.532720,1.058307,1.054211,1.038302,1.028163,1.043550,1.048327,1.036915,1.035120,1.042311,1.056597,1.052559,1.037414,1.049463,1.036048,1.020700,1.035129,1.039734,1.038243,1.061627,1.006820,1.033087,1.053083,1.045338,1.039654,1.060210,1.062843,1.049246,1.063231,1.060243,1.032669,1.045425,1.040998,1.016181,1.029715,1.061485,1.062892,1.038652,1.029283,1.041392
1.541050,1.058383,1.054587,1.038774,1.028679,1.044068,1.048846,1.037428,1.035632,1.042826,1.057122,1.053082,1.037941,1.049993,1.036589,1.021262,1.035684,1.040260,1.038751,1.062156,1.007309,1.033642,1.053628,1.045895,1.040213,1.060575,1.063310,1.049738,1.063726,1.060745,1.032994,1.045918,1.041448,1.016628,1.030183,1.061966,1.063436,1.039001,1.029782,1.041282
1.549380,1.058464,1.054968,1.039252,1.029201,1.044592,1.049372,1.037947,1.036149,1.043347,1.057651,1.053610,1.038473,1.050528,1.037135,1.021830,1.036246,1.040792,1.039264,1.062690,1.007803,1.034203,1.054178,1.046458,1.040779,1.060944,1.063781,1.050235,1.064226,1.061251,1.033324,1.046416,1.041898,1.017080,1.030654,1.062452,1.063981,1.039355,1.030285,1.041176
1.557710,1.058549,1.055355,1.039735,1.029728,1.045120,1.049901,1.038470,1.036672,1.043873,1.058184,1.054142,1.039008,1.051067,1.037686,1.022404,1.036814,1.041329,1.039783,1.063228,1.008300,1.034769,1.054733,1.047025,1.041350,1.061318,1.064257,1.050737,1.064729,1.061760,1.033658,1.046918,1.042348,1.017535,1.031128,1.062942,1.064528,1.039714,1.030790,1.041073
1.566040,1.058637,1.055745,1.040223,1.030259,1.045652,1.050434,1.038997,1.037197,1.044402,1.058719,1.054677,1.039547,1.051609,1.038240,1.022983,1.037386,1.041870,1.040307,1.063771,1.008801,1.035340,1.055292,1.047595,1.041926,1.061695,1.064737,1.051243,1.065235,1.062272,1.033996,1.047421,1.042797,1.017995,1.031605,1.063437,1.065076,1.040075,1.031297,1.040973
1.574370,1.058728,1.056138,1.040714,1.030794,1.046187,1.050969,1.039526,1.037725,1.044934,1.059255,1.055213,1.040088,1.052152,1.038798,1.023565,1.037961,1.042415,1.040834,1.064318,1.009304,1.035914,1.055855,1.048169,1.042506,1.062075,1.065220,1.051752,1.065743,1.062787,1.034337,1.047925,1.043244,1.018458,1.032083,1.063935,1.065625,1.040440,1.031806,1.040877
1.582700,1.058821,1.056533,1.041208,1.031330,1.046722,1.051506,1.040056,1.038255,1.045467,1.059792,1.055750,1.040628,1.052697,1.039357,1.024150,1.038540,1.042963,1.041363,1.064867,1.009810,1.036492,1.056421,1.048746,1.043089,1.062457,1.065705,1.052264,1.066253,1.063303,1.034678,1.048429,1.043687,1.018924,1.032564,1.064436,1.066174,1.040806,1.032316,1.040784
1.591030,1.058917,1.056930,1.041702,1.031868,1.047258,1.052042,1.040586,1.038784,1.046000,1.060328,1.056286,1.041169,1.053240,1.039917,1.024737,1.039120,1.043512,1.041894,1.065418,1.010319,1.037072,1.056989,1.049324,1.043674,1.062840,1.066190,1.052777,1.066765,1.063820,1.035020,1.048930,1.044127,1.019393,1.033046,1.064939,1.066723,1.041174,1.032827,1.040694
1.599360,1.059014,1.057326,1.042197,1.032406,1.047793,1.052576,1.041115,1.039313,1.046532,1.060861,1.056820,1.041707,1.053782,1.040476,1.025324,1.039702,1.044062,1.042426,1.065971,1.010828,1.037653,1.057559,1.049903,1.044260,1.063224,1.066677,1.053291,1.067276,1.064337,1.035360,1.049427,1.044562,1.019863,1.033530,1.065445,1.067272,1.041542,1.033338,1.040606
1.607690,1.059112,1.057721,1.042691,1.032942,1.048325,1.053108,1.041642,1.039839,1.047062,1.061392,1.057352,1.042243,1.054321,1.041033,1.025911,1.040284,1.044612,1.042957,1.066524,1.011339,1.038234,1.058129,1.050483,1.044846,1.063607,1.067163,1.053804,1.067787,1.064853,1.035697,1.049920,1.044992,1.020335,1.034014,1.065952,1.067820,1.041910,1.033848,1.040521
1.616020,1.059211,1.058115,1.043184,1.033475,1.048853,1.053636,1.042165,1.040362,1.047589,1.061918,1.057879,1.042775,1.054857,1.041587,1.026497,1.040865,1.045161,1.043487,1.067078,1.011849,1.038815,1.058699,1.051062,1.045432,1.063988,1.067647,1.054316,1.068298,1.065369,1.036031,1.050406,1.045415,1.020807,1.034499,1.066460,1.068367,1.042277,1.034357,1.040439
1.624350,1.059310,1.058505,1.043674,1.034006,1.049377,1.054160,1.042684,1.040880,1.048111,1.062439,1.058402,1.043302,1.055387,1.042138,1.027081,1.041444,1.045707,1.044014,1.067631,1.012360,1.039395,1.059269,1.051640,1.046017,1.064368,1.068130,1.054826,1.068806,1.065882,1.036361,1.050884,1.045831,1.021280,1.034985,1.066968,1.068912,1.042642,1.034865,1.040359
1.632680,1.059409,1.058892,1.044159,1.034532,1.049896,1.054677,1.043197,1.041394,1.048628,1.062954,1.058918,1.043823,1.055912,1.042683,1.027661,1.042020,1.046251,1.044538,1.068182,1.012870,1.039973,1.059837,1.052217,1.046599,1.064745,1.068610,1.055333,1.069312,1.066393,1.036685,1.051354,1.046240,1.021752,1.035470,1.067475,1.069456,1.043006,1.035370,1.040281
1.641010,1.059507,1.059275,1.044641,1.035052,1.050408,1.055188,1.043704,1.041901,1.049138,1.063462,1.059427,1.044338,1.056430,1.043223,1.028238,1.042594,1.046791,1.045058,1.068732,1.013379,1.040548,1.060403,1.052791,1.047178,1.065119,1.069087,1.055837,1.069815,1.066901,1.037003,1.051814,1.046640,1.022224,1.035954,1.067982,1.069997,1.043366,1.035872,1.040205
1.649340,1.059605,1.059653,1.045117,1.035567,1.050913,1.055692,1.044204,1.042400,1.049641,1.063962,1.059929,1.044844,1.056941,1.043757,1.028809,1.043163,1.047326,1.045574,1.069279,1.013886,1.041120,1.060966,1.053362,1.047753,1.065488,1.069559,1.056337,1.070314,1.067406,1.037315,1.052264,1.047032,1.022694,1.036437,1.068488,1.070534,1.043723,1.036370,1.040131
1.657670,1.059701,1.060024,1.045587,1.036074,1.051409,1.056186,1.044695,1.042892,1.050136,1.064453,1.060422,1.045343,1.057443,1.044282,1.029375,1.043727,1.047857,1.046083,1.069822,1.014390,1.041687,1.061526,1.053930,1.048324,1.065853,1.070027,1.056831,1.070809,1.067906,1.037618,1.052702,1.047414,1.023162,1.036919,1.068991,1.071069,1.044076,1.036865,1.040059
1.666000,1.059796,1.060390,1.046050,1.036574,1.051897,1.056672,1.045178,1.043375,1.050623,1.064935,1.060906,1.045832,1.057936,1.044800,1.029934,1.044285,1.048381,1.046586,1.070362,1.014892,1.042249,1.062082,1.054493,1.048889,1.066213,1.070490,1.057320,1.071299,1.068401,1.037914,1.053129,1.047786,1.023628,1.037399,1.069492,1.071600,1.044424,1.037355,1.039988
1.674330,1.059889,1.060748,1.046506,1.037065,1.052375,1.057148,1.045651,1.043849,1.051100,1.065407,1.061380,1.046311,1.058420,1.045309,1.030486,1.044837,1.048898,1.047082,1.070897,1.015390,1.042805,1.062632,1.055051,1.049448,1.066567,1.070947,1.057803,1.071783,1.068891,1.038201,1.053543,1.048147,1.024090,1.037876,1.069990,1.072127,1.044768,1.037840,1.039919
1.682660,1.059980,1.061099,1.046953,1.037547,1.052843,1.057613,1.046113,1.044312,1.051566,1.065868,1.061844,1.046780,1.058893,1.045807,1.031029,1.045382,1.049408,1.047570,1.071426,1.015884,1.043355,1.063177,1.055603,1.050000,1.066916,1.071397,1.058278,1.072261,1.069375,1.038479,1.053944,1.048498,1.024549,1.038351,1.070484,1.072649,1.045106,1.038319,1.039852
1.690990,1.060069,1.061443,1.047393,1.038021,1.053302,1.058069,1.046567,1.044767,1.052024,1.066320,1.062298,1.047239,1.059357,1.046297,1.031565,1.045919,1.049910,1.048051,1.071950,1.016374,1.043898,1.063717,1.056149,1.050545,1.067259,1.071841,1.058747,1.072734,1.069853,1.038750,1.054334,1.048840,1.025004,1.038822,1.070974,1.073167,1.045438,1.038794,1.039785
1.699320,1.060154,1.061775,1.047820,1.038480,1.053745,1.058510,1.047006,1.045206,1.052466,1.066756,1.062736,1.047683,1.059805,1.046773,1.032089,1.046446,1.050402,1.048520,1.072467,1.016859,1.044432,1.064248,1.056688,1.051080,1.067592,1.072275,1.059206,1.073198,1.070322,1.039006,1.054704,1.049166,1.025454,1.039290,1.071459,1.073678,1.045763,1.039260,1.039721
1.707650,1.060237,1.062101,1.048239,1.038931,1.054178,1.058939,1.047434,1.045635,1.052899,1.067182,1.063164,1.048117,1.060243,1.047239,1.032605,1.046965,1.050886,1.048981,1.072977,1.017338,1.044958,1.064773,1.057219,1.051607,1.067920,1.072703,1.059658,1.073655,1.070785,1.039254,1.055063,1.049482,1.025900,1.039753,1.071939,1.074184,1.046082,1.039720,1.039657
1.715980,1.060318,1.062416,1.048648,1.039369,1.054598,1.059357,1.047850,1.046052,1.053319,1.067595,1.063579,1.048537,1.060668,1.047692,1.033109,1.047474,1.051359,1.049432,1.073480,1.017811,1.045475,1.065290,1.057742,1.052124,1.068239,1.073122,1.060100,1.074105,1.071240,1.039492,1.055407,1.049786,1.026339,1.040212,1.072413,1.074683,1.046394,1.040173,1.039595
1.724310,1.060395,1.062722,1.049046,1.039796,1.055006,1.059760,1.048253,1.046456,1.053725,1.067994,1.063980,1.048945,1.061080,1.048133,1.033602,1.047972,1.051822,1.049872,1.073974,1.018277,1.045982,1.065798,1.058257,1.052632,1.068551,1.073532,1.060533,1.074545,1.071687,1.039718,1.055736,1.050077,1.026773,1.040665,1.072880,1.075176,1.046698,1.040617,1.039534
1.732640,1.060468,1.063018,1.049432,1.040209,1.055400,1.060151,1.048642,1.046847,1.054119,1.068380,1.064368,1.049339,1.061479,1.048560,1.034083,1.048460,1.052274,1.050300,1.074459,1.018737,1.046479,1.066297,1.058762,1.053128,1.068854,1.073932,1.060955,1.074977,1.072124,1.039934,1.056050,1.050356,1.027200,1.041113,1.073341,1.075662,1.046995,1.041054,1.039473
1.740970,1.060538,1.063303,1.049806,1.040610,1.055780,1.060526,1.049018,1.047224,1.054499,1.068751,1.064742,1.049718,1.061863,1.048974,1.034552,1.048936,1.052715,1.050717,1.074936,1.019188,1.046965,1.066786,1.059258,1.053613,1.069149,1.074323,1.061367,1.075399,1.072552,1.040138,1.056348,1.050621,1.027620,1.041555,1.073795,1.076139,1.047283,1.041481,1.039414
1.749300,1.060605,1.063577,1.050168,1.040997,1.056145,1.060888,1.049379,1.047587,1.054864,1.069108,1.065101,1.050084,1.062233,1.049374,1.035007,1.049399,1.053143,1.051122,1.075402,1.019632,1.047440,1.067265,1.059743,1.054087,1.069434,1.074703,1.061767,1.075812,1.072971,1.040331,1.056630,1.050874,1.028032,1.041989,1.074240,1.076609,1.047563,1.041900,1.039355
1.757630,1.060668,1.063841,1.050517,1.041370,1.056496,1.061234,1.049726,1.047936,1.055215,1.069450,1.065446,1.050434,1.062588,1.049759,1.035449,1.049850,1.053558,1.051513,1.075858,1.020067,1.047902,1.067733,1.060217,1.054547,1.069710,1.075073,1.062156,1.076213,1.073378,1.040511,1.056897,1.051112,1.028436,1.042417,1.074678,1.077069,1.047834,1.042308,1.039297
1.765960,1.060726,1.064092,1.050853,1.041728,1.056832,1.061566,1.050058,1.048269,1.055551,1.069777,1.065775,1.050769,1.062928,1.050129,1.035876,1.050288,1.053961,1.051892,1.076302,1.020492,1.048352,1.068190,1.060679,1.054995,1.069976,1.075431,1.062533,1.076604,1.073775,1.040680,1.057147,1.051337,1.028832,1.042837,1.075106,1.077521,1.048097,1.042706,1.039240
1.774290,1.060781,1.064332,1.051176,1.042072,1.057152,1.061881,1.050374,1.048587,1.055871,1.070088,1.066088,1.051088,1.063252,1.050483,1.036289,1.050712,1.054350,1.052257,1.076736,1.020908,1.048789,1.068634,1.061129,1.055429,1.070232,1.075778,1.062898,1.076984,1.074161,1.040837,1.057380,1.051548,1.029219,1.043249,1.075524,1.077962,1.048350,1.043094,1.039184
1.782620,1.060831,1.064561,1.051485,1.042400,1.057457,1.062181,1.050675,1.048890,1.056176,1.070383,1.066386,1.051392,1.063560,1.050822,1.036687,1.051121,1.054725,1.052607,1.077157,1.021314,1.049211,1.069066,1.061566,1.055849,1.070478,1.076112,1.063250,1.077352,1.074535,1.040982,1.057598,1.051745,1.029596,1.043652,1.075933,1.078394,1.048594,1.043470,1.039128
1.790950,1.060877,1.064777,1.051779,1.042713,1.057745,1.062465,1.050960,1.049177,1.056465,1.070662,1.066667,1.051679,1.063852,1.051144,1.037070,1.051516,1.055086,1.052944,1.077566,1.021709,1.049620,1.069485,1.061991,1.056254,1.070713,1.076435,1.063588,1.077708,1.074897,1.041114,1.057799,1.051928,1.029964,1.044046,1.076332,1.078814,1.048828,1.043835,1.039073
1.799280,1.060919,1.064980,1.052060,1.043011,1.058018,1.062732,1.051229,1.049448,1.056738,1.070924,1.066932,1.051950,1.064128,1.051450,1.037436,1.051896,1.055431,1.053266,1.077962,1.022093,1.050014,1.069891,1.062401,1.056645,1.070938,1.076744,1.063913,1.078051,1.075246,1.041234,1.057983,1.052096,1.030321,1.044429,1.076719,1.079223,1.049052,1.044187,1.039018
1.807610,1.060956,1.065171,1.052325,1.043292,1.058273,1.062983,1.051482,1.049703,1.056995,1.071171,1.067181,1.052204,1.064387,1.051740,1.037787,1.052260,1.055762,1.053572,1.078344,1.022465,1.050393,1.070282,1.062798,1.057020,1.071151,1.077041,1.064224,1.078381,1.075583,1.041342,1.058150,1.052250,1.030667,1.044803,1.077095,1.079621,1.049265,1.044527,1.038964
1.815940,1.060988,1.065349,1.052575,1.043557,1.058513,1.063217,1.051718,1.049941,1.057234,1.071400,1.067412,1.052442,1.064629,1.052012,1.038120,1.052609,1.056077,1.053863,1.078712,1.022825,1.050756,1.070659,1.063180,1.057379,1.071354,1.077324,1.064521,1.078698,1.075905,1.041437,1.058301,1.052389,1.031002,1.045165,1.077459,1.080006,1.049469,1.044855,1.038910
1.824270,1.061016,1.065515,1.052811,1.043805,1.058735,1.063433,1.051937,1.050163,1.057458,1.071612,1.067627,1.052662,1.064854,1.052268,1.038437,1.052940,1.056376,1.054138,1.079066,1.023172,1.051104,1.071021,1.063546,1.057722,1.071544,1.077594,1.064803,1.079001,1.076214,1.041519,1.058435,1.052514,1.031325,1.045516,1.077811,1.080378,1.049662,1.045169,1.038857
1.832600,1.061039,1.065667,1.053030,1.044036,1.058940,1.063633,1.052140,1.050367,1.057664,1.071807,1.067824,1.052865,1.065062,1.052505,1.038736,1.053256,1.056659,1.054398,1.079406,1.023506,1.051435,1.071367,1.063897,1.058048,1.071723,1.077849,1.065070,1.079290,1.076509,1.041588,1.058552,1.052623,1.031636,1.045855,1.078150,1.080737,1.049844,1.045469,1.038804
1.840930,1.061057,1.065806,1.053234,1.044251,1.059128,1.063815,1.052325,1.050555,1.057853,1.071985,1.068004,1.053051,1.065252,1.052725,1.039018,1.053554,1.056926,1.054641,1.079730,1.023827,1.051749,1.071698,1.064232,1.058357,1.071890,1.078090,1.065321,1.079565,1.076789,1.041645,1.058653,1.052718,1.031935,1.046182,1.078476,1.081081,1.050015,1.045755,1.038752
1.849260,1.061070,1.065932,1.053422,1.044448,1.059299,1.063980,1.052493,1.050726,1.058025,1.072145,1.068167,1.053219,1.065425,1.052927,1.039281,1.053834,1.057175,1.054867,1.080038,1.024134,1.052046,1.072012,1.064551,1.058649,1.072045,1.078316,1.065557,1.079824,1.077055,1.041689,1.058736,1.052797,1.032221,1.046495,1.078788,1.081412,1.050175,1.046026,1.038699
1.857590,1.061078,1.066044,1.053594,1.044628,1.059452,1.064128,1.052644,1.050879,1.058179,1.072288,1.068312,1.053369,1.065580,1.053112,1.039527,1.054097,1.057408,1.055077,1.080330,1.024426,1.052326,1.072310,1.064852,1.058923,1.072187,1.078528,1.065777,1.080069,1.077305,1.041719,1.058803,1.052862,1.032494,1.046795,1.079086,1.081727,1.050323,1.046282,1.038648
1.865920,1.061081,1.066142,1.053750,1.044790,1.059587,1.064258,1.052777,1.051015,1.058316,1.072413,1.068439,1.053502,1.065717,1.053277,1.039754,1.054342,1.057623,1.055269,1.080606,1.024703,1.052588,1.072591,1.065137,1.059179,1.072317,1.078724,1.065981,1.080298,1.077539,1.041737,1.058854,1.052911,1.032753,1.047081,1.079369,1.082027,1.050460,1.046523,1.038596
1.874250,1.061080,1.066227,1.053889,1.044935,1.059705,1.064369,1.052893,1.051133,1.058435,1.072520,1.068548,1.053616,1.065836,1.053425,1.039962,1.054568,1.057820,1.055445,1.080865,1.024965,1.052831,1.072854,1.065403,1.059417,1.072434,1.078905,1.066169,1.080511,1.077757,1.041742,1.058887,1.052945,1.032998,1.047352,1.079638,1.082311,1.050586,1.046749,1.038545
1.882580,1.061072,1.066297,1.054012,1.045062,1.059805,1.064464,1.052992,1.051234,1.058537,1.072609,1.068640,1.053713,1.065937,1.053554,1.040151,1.054776,1.058000,1.055602,1.081107,1.025211,1.053056,1.073100,1.065652,1.059636,1.072538,1.079069,1.066340,1.080707,1.077959,1.041733,1.058904,1.052964,1.033229,1.047609,1.079891,1.082579,1.050700,1.046958,1.038493
1.890910,1.061060,1.066354,1.054118,1.045171,1.059887,1.064540,1.053072,1.051317,1.058620,1.072680,1.068714,1.053792,1.066019,1.053665,1.040321,1.054966,1.058162,1.055743,1.081331,1.025442,1.053263,1.073327,1.065882,1.059837,1.072629,1.079218,1.066494,1.080888,1.078144,1.041711,1.058904,1.052968,1.033445,1.047850,1.080129,1.082830,1.050802,1.047151,1.038442
1.899240,1.061043,1.066397,1.054208,1.045262,1.059951,1.064598,1.053135,1.051383,1.058686,1.072734,1.068769,1.053852,1.066084,1.053757,1.040473,1.055136,1.058305,1.055865,1.081538,1.025655,1.053451,1.073536,1.066094,1.060018,1.072706,1.079351,1.066631,1.081051,1.078313,1.041676,1.058888,1.052956,1.033647,1.048075,1.080351,1.083064,1.050892,1.047328,1.038392
1.907570,1.061020,1.066426,1.054280,1.045335,1.059997,1.064639,1.053180,1.051431,1.058735,1.072770,1.068807,1.053895,1.066131,1.053830,1.040604,1.055287,1.058431,1.055970,1.081727,1.025853,1.053619,1.073727,1.066287,1.060180,1.072771,1.079467,1.066751,1.081198,1.078464,1.041628,1.058856,1.052929,1.033833,1.048283,1.080556,1.083280,1.050970,1.047487,1.038341
1.915900,1.060992,1.066440,1.054335,1.045390,1.060026,1.064661,1.053208,1.051461,1.058765,1.072787,1.068827,1.053919,1.066159,1.053885,1.040716,1.055418,1.058537,1.056056,1.081897,1.026033,1.053768,1.073899,1.066460,1.060323,1.072821,1.079567,1.066853,1.081327,1.078598,1.041566,1.058807,1.052887,1.034004,1.048475,1.080745,1.083478,1.051035,1.047630,1.038290
1.924230,1.060959,1.066441,1.054374,1.045427,1.060036,1.064666,1.053218,1.051473,1.058777,1.072787,1.068829,1.053925,1.066169,1.053920,1.040809,1.055531,1.058625,1.056125,1.082049,1.026196,1.053898,1.074051,1.066614,1.060446,1.072858,1.079650,1.066938,1.081439,1.078714,1.041491,1.058742,1.052830,1.034159,1.048650,1.080918,1.083657,1.051088,1.047755,1.038240
1.932560,1.060920,1.066427,1.054395,1.045446,1.060029,1.064652,1.053210,1.051468,1.058772,1.072768,1.068812,1.053914,1.066161,1.053938,1.040882,1.055623,1.058695,1.056175,1.082182,1.026341,1.054008,1.074185,1.066749,1.060549,1.072880,1.079717,1.067006,1.081534,1.078812,1.041402,1.058660,1.052758,1.034298,1.048807,1.081073,1.083818,1.051129,1.047862,1.038190
1.940890,1.060876,1.066399,1.054399,1.045447,1.060003,1.064621,1.053184,1.051445,1.058749,1.072732,1.068778,1.053884,1.066135,1.053936,1.040935,1.055697,1.058746,1.056208,1.082297,1.026468,1.054098,1.074299,1.066863,1.060633,1.072889,1.079766,1.067055,1.081611,1.078893,1.041300,1.058563,1.052670,1.034421,1.048946,1.081211,1.083959,1.051158,1.047951,1.038140
1.949220,1.060827,1.066356,1.054386,1.045430,1.059960,1.064572,1.053141,1.051405,1.058708,1.072678,1.068726,1.053836,1.066090,1.053916,1.040969,1.055750,1.058777,1.056222,1.082392,1.026578,1.054169,1.074393,1.066958,1.060696,1.072884,1.079798,1.067087,1.081670,1.078955,1.041184,1.058450,1.052568,1.034528,1.049068,1.081331,1.084082,1.051174,1.048023,1.038089
1.957550,1.060772,1.066300,1.054356,1.045394,1.059899,1.064505,1.053080,1.051347,1.058650,1.072607,1.068657,1.053770,1.066028,1.053877,1.040983,1.055784,1.058791,1.056218,1.082468,1.026669,1.054220,1.074468,1.067032,1.060740,1.072864,1.079813,1.067101,1.081710,1.078999,1.041055,1.058321,1.052450,1.034618,1.049171,1.081434,1.084184,1.051177,1.048076,1.038040
1.965880,1.060712,1.066229,1.054310,1.045341,1.059821,1.064421,1.053002,1.051271,1.058574,1.072518,1.068570,1.053687,1.065948,1.053819,1.040977,1.055797,1.058785,1.056195,1.082525,1.026741,1.054251,1.074522,1.067086,1.060764,1.072831,1.079811,1.067097,1.081733,1.079025,1.040912,1.058176,1.052318,1.034692,1.049255,1.081519,1.084266,1.051168,1.048112,1.037990
1.974210,1.060647,1.066144,1.054246,1.045271,1.059725,1.064319,1.052906,1.051179,1.058481,1.072411,1.068465,1.053586,1.065850,1.053744,1.040952,1.055792,1.058761,1.056155,1.082562,1.026796,1.054262,1.074558,1.067120,1.060768,1.072783,1.079792,1.067076,1.081738,1.079032,1.040757,1.058016,1.052172,1.034749,1.049320,1.081587,1.084329,1.051147,1.048129,1.037940
1.982540,1.060577,1.066046,1.054166,1.045182,1.059612,1.064200,1.052794,1.051069,1.058370,1.072287,1.068343,1.053467,1.065735,1.053650,1.040908,1.055767,1.058718,1.056097,1.082581,1.026831,1.054253,1.074573,1.067134,1.060753,1.072722,1.079755,1.067036,1.081725,1.079021,1.040588,1.057841,1.052011,1.034790,1.049366,1.081636,1.084371,1.051113,1.048128,1.037890
1.990870,1.060501,1.065934,1.054069,1.045077,1.059481,1.064065,1.052665,1.050943,1.058243,1.072147,1.068204,1.053332,1.065603,1.053538,1.040844,1.055722,1.058657,1.056021,1.082580,1.026848,1.054225,1.074569,1.067128,1.060718,1.072646,1.079702,1.066980,1.081694,1.078992,1.040407,1.057651,1.051836,1.034814,1.049394,1.081667,1.084392,1.051066,1.048108,1.037841
1.999200,1.060421,1.065808,1.053956,1.044954,1.059335,1.063912,1.052519,1.050800,1.058099,1.071990,1.068049,1.053180,1.065453,1.053409,1.040761,1.055658,1.058577,1.055927,1.082559,1.026847,1.054177,1.074545,1.067101,1.060663,1.072557,1.079632,1.066906,1.081645,1.078945,1.040214,1.057446,1.051648,1.034821,1.049402,1.081681,1.084393,1.051008,1.048071,1.037791
2.007530,1.060336,1.065670,1.053827,1.044814,1.059171,1.063743,1.052357,1.050640,1.057938,1.071816,1.067877,1.053011,1.065287,1.053262,1.040660,1.055576,1.058480,1.055817,1.082520,1.026826,1.054110,1.074501,1.067055,1.060589,1.072455,1.079546,1.066814,1.081578,1.078880,1.040009,1.057227,1.051446,1.034811,1.049390,1.081676,1.084374,1.050938,1.048016,1.037742
2.015860,1.060246,1.065519,1.053682,1.044658,1.058992,1.063558,1.052178,1.050465,1.057762,1.071627,1.067689,1.052826,1.065105,1.053099,1.040540,1.055474,1.058365,1.055689,1.082462,1.026788,1.054023,1.074439,1.066988,1.060496,1.072339,1.079443,1.066706,1.081494,1.078798,1.039793,1.056993,1.051231,1.034785,1.049359,1.081654,1.084334,1.050856,1.047943,1.037693
2.024190,1.060152,1.065355,1.053522,1.044486,1.058796,1.063357,1.051985,1.050274,1.057569,1.071422,1.067486,1.052625,1.064907,1.052918,1.040402,1.055354,1.058232,1.055545,1.082385,1.026730,1.053918,1.074357,1.066902,1.060384,1.072210,1.079324,1.066581,1.081393,1.078697,1.039566,1.056746,1.051003,1.034743,1.049309,1.081614,1.084274,1.050763,1.047853,1.037644
2.032520,1.060053,1.065180,1.053347,1.044297,1.058585,1.063141,1.051775,1.050067,1.057361,1.071201,1.067267,1.052409,1.064693,1.052722,1.040247,1.055216,1.058083,1.055385,1.082289,1.026655,1.053795,1.074256,1.066797,1.060254,1.072069,1.079189,1.066440,1.081275,1.078580,1.039329,1.056485,1.050763,1.034684,1.049240,1.081556,1.084193,1.050658,1.047745,1.037596
2.040850,1.059950,1.064992,1.053157,1.044094,1.058359,1.062909,1.051551,1.049846,1.057138,1.070966,1.067033,1.052177,1.064464,1.052509,1.040074,1.055060,1.057917,1.055208,1.082175,1.026561,1.053653,1.074137,1.066673,1.060106,1.071915,1.079039,1.066283,1.081140,1.078445,1.039082,1.056210,1.050511,1.034609,1.049152,1.081482,1.084092,1.050542,1.047620,1.037547
2.049180,1.059843,1.064794,1.052954,1.043875,1.058118,1.062663,1.051312,1.049609,1.056900,1.070716,1.066784,1.051931,1.064220,1.052281,1.039884,1.054887,1.057734,1.055016,1.082043,1.026449,1.053494,1.073999,1.066529,1.059940,1.071750,1.078873,1.066111,1.080989,1.078294,1.038825,1.055923,1.050247,1.034518,1.049045,1.081390,1.083972,1.050416,1.047479,1.037499
2.057510,1.059732,1.064585,1.052736,1.043641,1.057863,1.062402,1.051059,1.049359,1.056648,1.070452,1.066521,1.051670,1.063961,1.052038,1.039677,1.054697,1.057536,1.054809,1.081893,1.026320,1.053317,1.073844,1.066367,1.059757,1.071572,1.078693,1.065923,1.080821,1.078127,1.038560,1.055623,1.049971,1.034411,1.048918,1.081281,1.083831,1.050279,1.047321,1.037452
2.065840,1.059617,1.064365,1.052505,1.043393,1.057594,1.062128,1.050792,1.049094,1.056382,1.070174,1.066244,1.051396,1.063689,1.051780,1.039454,1.054490,1.057322,1.054588,1.081726,1.026173,1.053123,1.073670,1.066187,1.059557,1.071383,1.078498,1.065720,1.080639,1.077944,1.038287,1.055311,1.049684,1.034289,1.048774,1.081155,1.083670,1.050132,1.047147,1.037405
2.074170,1.059499,1.064135,1.052262,1.043131,1.057311,1.061840,1.050511,1.048817,1.056102,1.069883,1.065954,1.051107,1.063403,1.051507,1.039215,1.054267,1.057094,1.054352,1.081541,1.026009,1.052912,1.073480,1.065989,1.059340,1.071184,1.078290,1.065503,1.080440,1.077745,1.038005,1.054987,1.049387,1.034151,1.048610,1.081013,1.083491,1.049975,1.046958,1.037358
2.082500,1.059378,1.063896,1.052005,1.042856,1.057015,1.061539,1.050218,1.048526,1.055810,1.069579,1.065651,1.050806,1.063104,1.051222,1.038962,1.054028,1.056850,1.054102,1.081340,1.025828,1.052685,1.073273,1.065774,1.059107,1.070973,1.078068,1.065272,1.080227,1.077531,1.037717,1.054653,1.049079,1.033999,1.048429,1.080856,1.083292,1.049809,1.046753,1.037312
2.090830,1.059253,1.063648,1.051737,1.042568,1.056707,1.061226,1.049913,1.048223,1.055505,1.069263,1.065336,1.050493,1.062793,1.050923,1.038693,1.053774,1.056593,1.053840,1.081123,1.025630,1.052443,1.073050,1.065542,1.058859,1.070753,1.077832,1.065028,1.080000,1.077302,1.037422,1.054308,1.048762,1.033832,1.048230,1.080682,1.083075,1.049634,1.046534,1.037266
2.099160,1.059126,1.063391,1.051458,1.042268,1.056387,1.060902,1.049596,1.047909,1.055188,1.068936,1.065009,1.050168,1.062469,1.050611,1.038411,1.053505,1.056322,1.053564,1.080890,1.025417,1.052185,1.072810,1.065294,1.058596,1.070523,1.077585,1.064770,1.079759,1.077060,1.037120,1.053954,1.048435,1.033651,1.048014,1.080494,1.082839,1.049450,1.046300,1.037221
2.107490,1.058995,1.063126,1.051168,1.041956,1.056056,1.060566,1.049268,1.047583,1.054860,1.068597,1.064672,1.049832,1.062135,1.050288,1.038115,1.053223,1.056038,1.053277,1.080641,1.025187,1.051913,1.072556,1.065030,1.058318,1.070283,1.077325,1.064500,1.079504,1.076803,1.036813,1.053591,1.048099,1.033456,1.047780,1.080290,1.082586,1.049257,1.046052,1.037176
2.115820,1.058863,1.062853,1.050867,1.041634,1.055715,1.060220,1.048930,1.047247,1.054522,1.068249,1.064324,1.049485,1.061790,1.049953,1.037806,1.052927,1.055742,1.052978,1.080378,1.024943,1.051627,1.072286,1.064750,1.058027,1.070035,1.077053,1.064218,1.079237,1.076534,1.036500,1.053221,1.047755,1.033247,1.047530,1.080073,1.082316,1.049057,1.045791,1.037132
2.124150,1.058727,1.062572,1.050557,1.041301,1.055365,1.059865,1.048582,1.046902,1.054174,1.067890,1.063966,1.049129,1.061435,1.049608,1.037485,1.052618,1.055434,1.052667,1.080100,1.024684,1.051328,1.072003,1.064456,1.057722,1.069778,1.076770,1.063925,1.078957,1.076251,1.036182,1.052844,1.047403,1.033026,1.047264,1.079841,1.082028,1.048848,1.045517,1.037089
2.132480,1.058590,1.062285,1.050238,1.040958,1.055005,1.059501,1.048225,1.046548,1.053817,1.067523,1.063600,1.048763,1.061071,1.049253,1.037152,1.052297,1.055115,1.052347,1.079809,1.024410,1.051016,1.071706,1.064147,1.057405,1.069514,1.076477,1.063621,1.078665,1.075957,1.035859,1.052462,1.047044,1.032792,1.046982,1.079596,1.081724,1.048633,1.045231,1.037046
2.140810,1.058451,1.061991,1.049910,1.040606,1.054637,1.059129,1.047860,1.046185,1.053452,1.067147,1.063225,1.048389,1.060698,1.048889,1.036809,1.051964,1.054786,1.052017,1.079504,1.024123,1.050691,1.071396,1.063825,1.057075,1.069241,1.076173,1.063307,1.078362,1.075651,1.035533,1.052075,1.046677,1.032546,1.046685,1.079339,1.081405,1.048410,1.044933,1.037004
2.149140,1.058309,1.061691,1.049574,1.040247,1.054262,1.058750,1.047488,1.045815,1.053080,1.066764,1.062843,1.048008,1.060317,1.048516,1.036455,1.051620,1.054446,1.051677,1.079187,1.023822,1.050355,1.071073,1.063490,1.056734,1.068962,1.075860,1.062983,1.078048,1.075334,1.035202,1.051685,1.046304,1.032288,1.046373,1.079069,1.081070,1.048181,1.044623,1.036963
2.157470,1.058166,1.061386,1.049231,1.039879,1.053880,1.058364,1.047110,1.045439,1.052701,1.066374,1.062454,1.047619,1.059929,1.048135,1.036091,1.051266,1.054097,1.051329,1.078857,1.023508,1.050008,1.070739,1.063143,1.056382,1.068676,1.075538,1.062650,1.077723,1.075007,1.034867,1.051292,1.045926,1.032020,1.046047,1.078787,1.080721,1.047945,1.044303,1.036923
2.165800,1.058022,1.061075,1.048880,1.039505,1.053492,1.057972,1.046725,1.045056,1.052316,1.065978,1.062059,1.047224,1.059535,1.047747,1.035718,1.050902,1.053739,1.050973,1.078517,1.023183,1.049651,1.070393,1.062784,1.056021,1.068384,1.075208,1.062308,1.077389,1.074669,1.034529,1.050898,1.045541,1.031740,1.045707,1.078494,1.080358,1.047703,1.043973,1.036884
2.174130,1.057876,1.060759,1.048524,1.039124,1.053099,1.057576,1.046336,1.044668,1.051925,1.065576,1.061658,1.046824,1.059135,1.047353,1.035337,1.050529,1.053373,1.050609,1.078165,1.022845,1.049284,1.070037,1.062414,1.055649,1.068086,1.074870,1.061959,1.077046,1.074322,1.034189,1.050503,1.045152,1.031451,1.045355,1.078190,1.079981,1.047456,1.043633,1.036845
2.182460,1.057729,1.060439,1.048161,1.038737,1.052701,1.057175,1.045942,1.044276,1.051530,1.065169,1.061253,1.046418,1.058730,1.046953,1.034948,1.050147,1.052999,1.050239,1.077803,1.022497,1.048908,1.069671,1.062034,1.055269,1.067783,1.074524,1.061601,1.076694,1.073966,1.033845,1.050109,1.044758,1.031151,1.044990,1.077877,1.079592,1.047204,1.043284,1.036808
2.190790,1.057581,1.060115,1.047793,1.038346,1.052300,1.056771,1.045544,1.043880,1.051131,1.064757,1.060844,1.046008,1.058320,1.046547,1.034552,1.049758,1.052619,1.049862,1.077431,1.022138,1.048524,1.069295,1.061643,1.054880,1.067474,1.074171,1.061237,1.076334,1.073602,1.033498,1.049716,1.044361,1.030843,1.044613,1.077553,1.079191,1.046946,1.042926,1.036771
2.199120,1.057432,1.059786,1.047420,1.037950,1.051894,1.056363,1.045143,1.043480,1.050728,1.064342,1.060431,1.045594,1.057905,1.046137,1.034149,1.049361,1.052231,1.049479,1.077050,1.021769,1.048131,1.068911,1.061244,1.054484,1.067161,1.073812,1.060866,1.075966,1.073230,1.033149,1.049325,1.043959,1.030526,1.044224,1.077221,1.078778,1.046684,1.042560,1.036736
2.207450,1.057283,1.059454,1.047043,1.037549,1.051487,1.055953,1.044739,1.043077,1.050323,1.063924,1.060014,1.045177,1.057488,1.045722,1.033740,1.048957,1.051838,1.049091,1.076661,1.021391,1.047732,1.068519,1.060836,1.054080,1.066844,1.073446,1.060490,1.075591,1.072851,1.032797,1.048936,1.043554,1.030201,1.043825,1.076880,1.078355,1.046418,1.042186,1.036701
2.215780,1.057132,1.059119,1.046662,1.037145,1.051076,1.055541,1.044332,1.042672,1.049915,1.063502,1.059596,1.044757,1.057067,1.045304,1.033326,1.048547,1.051439,1.048697,1.076263,1.021004,1.047325,1.068119,1.060420,1.053670,1.066522,1.073075,1.060107,1.075209,1.072464,1.032443,1.048550,1.043146,1.029869,1.043416,1.076532,1.077922,1.046147,1.041805,1.036667
2.224110,1.056981,1.058780,1.046276,1.036739,1.050665,1.055127,1.043924,1.042266,1.049506,1.063078,1.059175,1.044335,1.056643,1.044882,1.032907,1.048131,1.051035,1.048299,1.075858,1.020608,1.046913,1.067711,1.059997,1.053253,1.066197,1.072699,1.059720,1.074821,1.072071,1.032087,1.048168,1.042736,1.029529,1.042997,1.076176,1.077479,1.045873,1.041418,1.036635
2.232440,1.056829,1.058439,1.045888,1.036329,1.050251,1.054712,1.043515,1.041857,1.049095,1.062652,1.058752,1.043910,1.056218,1.044458,1.032483,1.047710,1.050626,1.047898,1.075446,1.020205,1.046494,1.067298,1.059566,1.052831,1.065869,1.072318,1.059328,1.074428,1.071673,1.031729,1.047789,1.042323,1.029182,1.042570,1.075813,1.077027,1.045595,1.041024,1.036603
2.240770,1.056677,1.058095,1.045497,1.035917,1.049837,1.054296,1.043105,1.041448,1.048682,1.062225,1.058329,1.043484,1.055790,1.044032,1.032055,1.047284,1.050213,1.047492,1.075028,1.019794,1.046071,1.066878,1.059130,1.052404,1.065537,1.071933,1.058931,1.074028,1.071268,1.031369,1.047415,1.041909,1.028830,1.042134,1.075443,1.076567,1.045314,1.040624,1.036572
2.249100,1.056525,1.057749,1.045103,1.035504,1.049422,1.053881,1.042694,1.041038,1.048270,1.061796,1.057904,1.043057,1.055361,1.043603,1.031624,1.046853,1.049797,1.047083,1.074604,1.019377,1.045643,1.066454,1.058688,1.051972,1.065203,1.071544,1.058531,1.073624,1.070859,1.031007,1.047045,1.041493,1.028471,1.041690,1.075068,1.076100,1.045029,1.040220,1.036543
2.257430,1.056372,1.057400,1.044707,1.035089,1.049007,1.053465,1.042283,1.040628,1.047857,1.061367,1.057479,1.042630,1.054932,1.043174,1.031189,1.046419,1.049377,1.046672,1.074174,1.018953,1.045211,1.066024,1.058240,1.051536,1.064866,1.071151,1.058127,1.073215,1.070445,1.030644,1.046680,1.041075,1.028108,1.041239,1.074688,1.075626,1.044742,1.039810,1.036514
2.265760,1.056220,1.057050,1.044310,1.034673,1.048593,1.053050,1.041873,1.040219,1.047445,1.060938,1.057054,1.042202,1.054501,1.042743,1.030752,1.045982,1.048954,1.046258,1.073740,1.018524,1.044775,1.065590,1.057789,1.051096,1.064527,1.070755,1.057721,1.072803,1.070026,1.030278,1.046321,1.040657,1.027739,1.040782,1.074303,1.075146,1.044452,1.039396,1.036487
2.274090,1.056067,1.056698,1.043910,1.034257,1.048179,1.052635,1.041463,1.039810,1.047032,1.060508,1.056629,1.041774,1.054071,1.042311,1.030313,1.045542,1.048529,1.045842,1.073301,1.018090,1.044335,1.065152,1.057333,1.050654,1.064186,1.070356,1.057311,1.072386,1.069604,1.029911,1.045967,1.040238,1.027367,1.040318,1.073914,1.074660,1.044159,1.038977,1.036461
2.282420,1.055914,1.056344,1.043510,1.033840,1.047765,1.052222,1.041054,1.039401,1.046621,1.060078,1.056204,1.041346,1.053641,1.041879,1.029871,1.045099,1.048102,1.045424,1.072858,1.017651,1.043893,1.064711,1.056873,1.050208,1.063844,1.069955,1.056900,1.071966,1.069178,1.029542,1.045618,1.039818,1.026990,1.039850,1.073520,1.074169,1.043865,1.038555,1.036435
2.290750,1.055761,1.055989,1.043109,1.033423,1.047353,1.051811,1.040647,1.038994,1.046211,1.059649,1.055781,1.040919,1.053211,1.041447,1.029429,1.044654,1.047673,1.045005,1.072412,1.017208,1.043449,1.064267,1.056411,1.049760,1.063500,1.069551,1.056486,1.071543,1.068750,1.029172,1.045276,1.039398,1.026610,1.039376,1.073124,1.073674,1.043568,1.038130,1.036411
2.299080,1.055608,1.055633,1.042707,1.033007,1.046943,1.051401,1.040241,1.038589,1.045803,1.059222,1.055359,1.040493,1.052782,1.041016,1.028985,1.044208,1.047242,1.044584,1.071963,1.016761,1.043003,1.063820,1.055946,1.049311,1.063155,1.069146,1.056071,1.071118,1.068318,1.028800,1.044939,1.038979,1.026227,1.038898,1.072724,1.073175,1.043270,1.037702,1.036388
2.307410,1.055456,1.055276,1.042305,1.032592,1.046535,1.050993,1.039837,1.038185,1.045396,1.058795,1.054938,1.040069,1.052354,1.040585,1.028541,1.043760,1.046811,1.044163,1.071511,1.016311,1.042556,1.063372,1.055479,1.048859,1.062809,1.068739,1.055655,1.070690,1.067884,1.028427,1.044609,1.038560,1.025841,1.038416,1.072322,1.072674,1.042970,1.037271,1.036366
2.315740,1.055304,1.054919,1.041903,1.032177,1.046128,1.050588,1.039435,1.037783,1.044992,1.058370,1.054519,1.039646,1.051927,1.040155,1.028096,1.043312,1.046379,1.043742,1.071058,1.015859,1.042107,1.062922,1.055010,1.048407,1.062462,1.068331,1.055237,1.070260,1.067449,1.028053,1.044285,1.038141,1.025454,1.037932,1.071919,1.072170,1.042668,1.036838,1.036345
2.324070,1.055152,1.054561,1.041501,1.031764,1.045725,1.050185,1.039036,1.037384,1.044590,1.057947,1.054103,1.039225,1.051502,1.039727,1.027652,1.042863,1.045947,1.043321,1.070603,1.015404,1.041658,1.062471,1.054541,1.047954,1.062115,1.067923,1.054820,1.069829,1.067012,1.027678,1.043967,1.037724,1.025064,1.037444,1.071514,1.071664,1.042366,1.036403,1.036325
2.332400,1.055001,1.054203,1.041100,1.031353,1.045323,1.049785,1.038639,1.036987,1.044190,1.057526,1.053689,1.038806,1.051080,1.039300,1.027208,1.042414,1.045515,1.042900,1.070147,1.014948,1.041209,1.062020,1.054071,1.047501,1.061768,1.067514,1.054402,1.069397,1.066573,1.027302,1.043657,1.037308,1.024673,1.036955,1.071107,1.071157,1.042063,1.035967,1.036306
2.340730,1.054850,1.053844,1.040700,1.030944,1.044925,1.049389,1.038246,1.036593,1.043794,1.057107,1.053277,1.038390,1.050659,1.038876,1.026765,1.041965,1.045083,1.042480,1.069690,1.014491,1.040760,1.061569,1.053601,1.047048,1.061422,1.067105,1.053984,1.068964,1.066134,1.026925,1.043353,1.036894,1.024282,1.036464,1.070700,1.070650,1.041759,1.035530,1.036288
2.349060,1.054700,1.053486,1.040301,1.030537,1.044531,1.048996,1.037855,1.036203,1.043401,1.056691,1.052869,1.037977,1.050242,1.038453,1.026323,1.041517,1.044652,1.042060,1.069233,1.014033,1.040311,1.061118,1.053131,1.046596,1.061075,1.066696,1.053567,1.068531,1.065694,1.026548,1.043055,1.036481,1.023890,1.035973,1.070293,1.070142,1.041455,1.035093,1.036272
2.357390,1.054551,1.053129,1.039904,1.030132,1.044139,1.048607,1.037469,1.035816,1.043011,1.056278,1.052464,1.037567,1.049827,1.038034,1.025883,1.041071,1.044222,1.041642,1.068776,1.013574,1.039864,1.060667,1.052662,1.046145,1.060730,1.066288,1.053150,1.068097,1.065254,1.026171,1.042765,1.036071,1.023498,1.035481,1.069887,1.069635,1.041151,1.034655,1.036256
2.365720,1.054403,1.052772,1.039509,1.029731,1.043752,1.048222,1.037086,1.035433,1.042625,1.055869,1.052062,1.037160,1.049415,1.037617,1.025445,1.040625,1.043794,1.041226,1.068320,1.013116,1.039417,1.060218,1.052195,1.045695,1.060385,1.065880,1.052735,1.067664,1.064815,1.025793,1.042482,1.035663,1.023106,1.034989,1.069481,1.069130,1.040847,1.034217,1.036242
2.374050,1.054255,1.052417,1.039115,1.029332,1.043369,1.047841,1.036707,1.035054,1.042243,1.055463,1.051664,1.036757,1.049007,1.037204,1.025009,1.040182,1.043367,1.040812,1.067865,1.012658,1.038973,1.059771,1.051729,1.045246,1.060042,1.065474,1.052321,1.067232,1.064376,1.025415,1.042206,1.035258,1.022715,1.034497,1.069076,1.068626,1.040543,1.033779,1.036228
2.382380,1.054109,1.052062,1.038725,1.028937,1.042990,1.047464,1.036333,1.034679,1.041866,1.055061,1.051271,1.036358,1.048603,1.036794,1.024575,1.039740,1.042943,1.040399,1.067412,1.012202,1.038531,1.059325,1.051265,1.044800,1.059700,1.065069,1.051909,1.066800,1.063938,1.025038,1.041937,1.034856,1.022324,1.034007,1.068672,1.068125,1.040240,1.033342,1.036216
2.390710,1.053963,1.051710,1.038337,1.028546,1.042615,1.047093,1.035963,1.034308,1.041493,1.054663,1.050882,1.035963,1.048203,1.036387,1.024144,1.039301,1.042521,1.039990,1.066960,1.011747,1.038091,1.058882,1.050804,1.044356,1.059360,1.064667,1.051499,1.066370,1.063501,1.024662,1.041676,1.034458,1.021936,1.033519,1.068270,1.067626,1.039938,1.032906,1.036205
2.399040,1.053819,1.051359,1.037952,1.028159,1.042246,1.046726,1.035598,1.033942,1.041125,1.054270,1.050497,1.035573,1.047807,1.035985,1.023717,1.038865,1.042102,1.039583,1.066511,1.011294,1.037654,1.058442,1.050346,1.043914,1.059023,1.064266,1.051092,1.065941,1.063066,1.024287,1.041422,1.034063,1.021549,1.033033,1.067871,1.067131,1.039637,1.032471,1.036195
2.407370,1.053677,1.051010,1.037571,1.027776,1.041882,1.046365,1.035238,1.033582,1.040761,1.053882,1.050118,1.035187,1.047416,1.035588,1.023293,1.038432,1.041686,1.039180,1.066064,1.010843,1.037220,1.058004,1.049891,1.043476,1.058687,1.063868,1.050687,1.065515,1.062633,1.023913,1.041176,1.033672,1.021164,1.032549,1.067474,1.066640,1.039338,1.032038,1.036187
2.415700,1.053535,1.050664,1.037193,1.027398,1.041522,1.046009,1.034883,1.033226,1.040404,1.053498,1.049744,1.034807,1.047030,1.035195,1.022873,1.038003,1.041273,1.038780,1.065621,1.010396,1.036790,1.057571,1.049439,1.043041,1.058355,1.063473,1.050285,1.065090,1.062202,1.023540,1.040937,1.033286,1.020782,1.032068,1.067079,1.066153,1.039040,1.031607,1.036179
2.424030,1.053396,1.050320,1.036819,1.027025,1.041169,1.045659,1.034534,1.032877,1.040051,1.053120,1.049375,1.034432,1.046649,1.034807,1.022457,1.037577,1.040864,1.038383,1.065181,1.009951,1.036363,1.057140,1.048992,1.042610,1.058026,1.063081,1.049887,1.064669,1.061773,1.023170,1.040705,1.032905,1.020403,1.031591,1.066689,1.065670,1.038744,1.031179,1.036173
2.432360,1.053258,1.049980,1.036450,1.026657,1.040821,1.045315,1.034191,1.032532,1.039705,1.052748,1.049012,1.034063,1.046274,1.034424,1.022045,1.037155,1.040459,1.037991,1.064744,1.009510,1.035940,1.056715,1.048550,1.042182,1.057699,1.062692,1.049492,1.064250,1.061348,1.022802,1.040482,1.032528,1.020027,1.031118,1.066301,1.065194,1.038451,1.030753,1.036167
2.440690,1.053122,1.049642,1.036085,1.026294,1.040480,1.044977,1.033854,1.032194,1.039364,1.052381,1.048655,1.033699,1.045905,1.034047,1.021638,1.036738,1.040059,1.037604,1.064312,1.009072,1.035522,1.056293,1.048112,1.041760,1.057377,1.062307,1.049102,1.063834,1.060925,1.022436,1.040266,1.032157,1.019654,1.030649,1.065918,1.064723,1.038160,1.030330,1.036163
2.449020,1.052988,1.049309,1.035725,1.025937,1.040145,1.044646,1.033523,1.031862,1.039030,1.052021,1.048304,1.033342,1.045541,1.033675,1.021236,1.036326,1.039663,1.037221,1.063883,1.008639,1.035109,1.055877,1.047679,1.041341,1.057058,1.061926,1.048715,1.063423,1.060507,1.022074,1.040058,1.031792,1.019285,1.030184,1.065539,1.064258,1.037871,1.029910,1.036161
2.457350,1.052855,1.048979,1.035370,1.025586,1.039816,1.044321,1.033199,1.031536,1.038702,1.051667,1.047960,1.032991,1.045184,1.033310,1.020840,1.035918,1.039271,1.036843,1.063460,1.008210,1.034701,1.055465,1.047252,1.040928,1.056743,1.061549,1.048333,1.063014,1.060092,1.021715,1.039858,1.031433,1.018920,1.029725,1.065165,1.063800,1.037586,1.029494,1.036159
2.465680,1.052725,1.048654,1.035020,1.025241,1.039494,1.044003,1.032881,1.031217,1.038381,1.051319,1.047622,1.032647,1.044833,1.032951,1.020449,1.035516,1.038885,1.036470,1.063042,1.007786,1.034297,1.055059,1.046830,1.040520,1.056433,1.061177,1.047956,1.062610,1.059681,1.021360,1.039665,1.031080,1.018560,1.029272,1.064795,1.063348,1.037305,1.029081,1.036159
2.474010,1.052598,1.048333,1.034677,1.024902,1.039179,1.043692,1.032570,1.030905,1.038066,1.050979,1.047291,1.032309,1.044490,1.032598,1.020063,1.035119,1.038505,1.036102,1.062629,1.007368,1.033900,1.054658,1.046415,1.040117,1.056128,1.060810,1.047585,1.062211,1.059274,1.021009,1.039481,1.030734,1.018204,1.028824,1.064430,1.062904,1.037026,1.028673,1.036159
2.482340,1.052472,1.048017,1.034339,1.024570,1.038870,1.043388,1.032266,1.030600,1.037759,1.050645,1.046968,1.031979,1.044153,1.032252,1.019684,1.034728,1.038130,1.035741,1.062221,1.006955,1.033508,1.054264,1.046005,1.039720,1.055827,1.060448,1.047218,1.061816,1.058872,1.020662,1.039305,1.030395,1.017853,1.028382,1.064071,1.062468,1.036752,1.028269,1.036162
2.490670,1.052349,1.047706,1.034007,1.024245,1.038570,1.043092,1.031969,1.030302,1.037459,1.050319,1.046652,1.031656,1.043823,1.031913,1.019311,1.034343,1.037760,1.035385,1.061820,1.006547,1.033122,1.053875,1.045603,1.039329,1.055532,1.060092,1.046857,1.061426,1.058475,1.020321,1.039136,1.030063,1.017507,1.027947,1.063717,1.062039,1.036482,1.027869,1.036165
2.499000,1.052229,1.047401,1.033682,1.023927,1.038276,1.042803,1.031680,1.030011,1.037166,1.050001,1.046343,1.031341,1.043501,1.031581,1.018944,1.033964,1.037397,1.035036,1.061424,1.006146,1.032742,1.053493,1.045207,1.038944,1.055242,1.059741,1.046502,1.061041,1.058084,1.019985,1.038976,1.029739,1.017166,1.027518,1.063369,1.061619,1.036216,1.027475,1.036169
2.507330,1.052111,1.047101,1.033363,1.023616,1.037990,1.042522,1.031398,1.029727,1.036880,1.049690,1.046042,1.031033,1.043187,1.031257,1.018584,1.033591,1.037040,1.034692,1.061035,1.005750,1.032369,1.053117,1.044818,1.038565,1.054957,1.059395,1.046152,1.060662,1.057697,1.019654,1.038822,1.029422,1.016831,1.027096,1.063026,1.061207,1.035955,1.027085,1.036175
2.515660,1.051996,1.046806,1.033051,1.023312,1.037712,1.042248,1.031123,1.029451,1.036602,1.049387,1.045749,1.030733,1.042880,1.030939,1.018230,1.033225,1.036690,1.034356,1.060652,1.005362,1.032002,1.052748,1.044436,1.038193,1.054679,1.059056,1.045809,1.060289,1.057317,1.019330,1.038677,1.029114,1.016502,1.026682,1.062690,1.060804,1.035698,1.026701,1.036182
2.523990,1.051884,1.046518,1.032747,1.023015,1.037441,1.041982,1.030856,1.029183,1.036332,1.049092,1.045464,1.030440,1.042581,1.030630,1.017883,1.032866,1.036346,1.034026,1.060276,1.004979,1.031641,1.052386,1.044061,1.037828,1.054406,1.058723,1.045473,1.059921,1.056942,1.019011,1.038538,1.028814,1.016178,1.026275,1.062360,1.060410,1.035447,1.026322,1.036191
2.532320,1.051775,1.046236,1.032449,1.022726,1.037178,1.041724,1.030597,1.028922,1.036069,1.048804,1.045186,1.030156,1.042289,1.030328,1.017544,1.032513,1.036009,1.033703,1.059906,1.004604,1.031288,1.052031,1.043694,1.037469,1.054140,1.058397,1.045143,1.059559,1.056573,1.018700,1.038406,1.028522,1.015861,1.025876,1.062037,1.060024,1.035200,1.025948,1.036200
2.540650,1.051668,1.045961,1.032158,1.022445,1.036922,1.041473,1.030345,1.028668,1.035813,1.048525,1.044916,1.029879,1.042006,1.030033,1.017211,1.032168,1.035678,1.033387,1.059544,1.004236,1.030941,1.051683,1.043335,1.037117,1.053880,1.058077,1.044819,1.059204,1.056210,1.018395,1.038281,1.028239,1.015549,1.025484,1.061720,1.059648,1.034959,1.025581,1.036211
2.548980,1.051565,1.045692,1.031875,1.022171,1.036674,1.041230,1.030100,1.028422,1.035565,1.048254,1.044655,1.029611,1.041731,1.029746,1.016886,1.031829,1.035355,1.033078,1.059188,1.003874,1.030602,1.051342,1.042983,1.036772,1.053627,1.057764,1.044502,1.058855,1.055854,1.018098,1.038162,1.027965,1.015244,1.025101,1.061409,1.059282,1.034724,1.025220,1.036223
2.557310,1.051464,1.045430,1.031599,1.021904,1.036434,1.040994,1.029863,1.028183,1.035325,1.047991,1.044401,1.029350,1.041463,1.029467,1.016568,1.031497,1.035039,1.032776,1.058840,1.003520,1.030269,1.051008,1.042639,1.036435,1.053380,1.057457,1.044193,1.058513,1.055504,1.017808,1.038049,1.027700,1.014945,1.024725,1.061105,1.058924,1.034494,1.024864,1.036236
2.565640,1.051367,1.045175,1.031330,1.021645,1.036200,1.040766,1.029633,1.027951,1.035092,1.047736,1.044155,1.029097,1.041204,1.029196,1.016257,1.031173,1.034729,1.032481,1.058499,1.003174,1.029944,1.050682,1.042303,1.036104,1.053140,1.057158,1.043890,1.058177,1.055161,1.017526,1.037941,1.027443,1.014653,1.024358,1.060808,1.058576,1.034270,1.024515,1.036251
2.573970,1.051272,1.044926,1.031069,1.021394,1.035974,1.040544,1.029410,1.027726,1.034865,1.047489,1.043916,1.028852,1.040952,1.028932,1.015953,1.030856,1.034427,1.032193,1.058165,1.002834,1.029626,1.050363,1.041974,1.035781,1.052907,1.056865,1.043594,1.057847,1.054824,1.017252,1.037838,1.027196,1.014367,1.023999,1.060518,1.058238,1.034052,1.024173,1.036266
2.582300,1.051181,1.044685,1.030815,1.021149,1.035755,1.040330,1.029194,1.027509,1.034646,1.047249,1.043685,1.028615,1.040708,1.028676,1.015656,1.030546,1.034132,1.031913,1.057839,1.002502,1.029315,1.050052,1.041654,1.035465,1.052681,1.056579,1.043305,1.057525,1.054495,1.016986,1.037740,1.026957,1.014087,1.023648,1.060234,1.057909,1.033840,1.023836,1.036283
2.590630,1.051093,1.044451,1.030569,1.020912,1.035543,1.040123,1.028985,1.027298,1.034434,1.047018,1.043462,1.028385,1.040472,1.028427,1.015367,1.030243,1.033844,1.031640,1.057520,1.002178,1.029011,1.049747,1.041341,1.035156,1.052461,1.056301,1.043023,1.057210,1.054172,1.016728,1.037645,1.026727,1.013814,1.023306,1.059957,1.057590,1.033634,1.023507,1.036301
2.598960,1.051008,1.044223,1.030330,1.020682,1.035338,1.039922,1.028783,1.027094,1.034229,1.046794,1.043246,1.028162,1.040243,1.028185,1.015085,1.029947,1.033563,1.031374,1.057208,1.001861,1.028714,1.049450,1.041036,1.034854,1.052249,1.056029,1.042748,1.056901,1.053856,1.016479,1.037555,1.026506,1.013547,1.022972,1.059687,1.057281,1.033433,1.023183,1.036320
2.607290,1.050926,1.044003,1.030098,1.020460,1.035139,1.039728,1.028587,1.026897,1.034030,1.046577,1.043037,1.027947,1.040022,1.027951,1.014810,1.029658,1.033289,1.031115,1.056903,1.001551,1.028424,1.049161,1.040739,1.034559,1.052043,1.055765,1.042480,1.056599,1.053547,1.016238,1.037467,1.026294,1.013287,1.022647,1.059423,1.056980,1.033239,1.022867,1.036340
2.615620,1.050846,1.043790,1.029874,1.020244,1.034947,1.039541,1.028397,1.026705,1.033837,1.046368,1.042835,1.027739,1.039807,1.027724,1.014542,1.029376,1.033023,1.030863,1.056606,1.001249,1.028141,1.048878,1.040449,1.034271,1.051844,1.055507,1.042219,1.056305,1.053244,1.016006,1.037382,1.026090,1.013033,1.022329,1.059166,1.056689,1.033051,1.022557,1.036362
2.623950,1.050770,1.043584,1.029657,1.020034,1.034761,1.039359,1.028214,1.026520,1.033651,1.046166,1.042639,1.027538,1.039600,1.027503,1.014281,1.029101,1.032763,1.030618,1.056315,1.000954,1.027865,1.048603,1.040167,1.033991,1.051652,1.055257,1.041965,1.056017,1.052949,1.015782,1.037300,1.025895,1.012786,1.022020,1.058915,1.056408,1.032870,1.022253,1.036384
2.632280,1.050697,1.043385,1.029447,1.019832,1.034580,1.039183,1.028036,1.026341,1.033470,1.045970,1.042451,1.027343,1.039400,1.027290,1.014026,1.028833,1.032509,1.030380,1.056032,1.000666,1.027596,1.048334,1.039893,1.033717,1.051467,1.055013,1.041718,1.055736,1.052661,1.015568,1.037219,1.025709,1.012545,1.021719,1.058671,1.056135,1.032694,1.021957,1.036408
2.640610,1.050627,1.043193,1.029244,1.019635,1.034406,1.039013,1.027864,1.026167,1.033295,1.045782,1.042268,1.027155,1.039207,1.027083,1.013778,1.028572,1.032263,1.030149,1.055756,1.000386,1.027333,1.048073,1.039626,1.033450,1.051289,1.054776,1.041478,1.055462,1.052379,1.015361,1.037140,1.025530,1.012310,1.021426,1.058434,1.055872,1.032524,1.021667,1.036432
2.648940,1.050559,1.043008,1.029047,1.019445,1.034237,1.038848,1.027697,1.025998,1.033125,1.045600,1.042092,1.026974,1.039020,1.026882,1.013537,1.028317,1.032023,1.029924,1.055487,1.000113,1.027077,1.047818,1.039366,1.033189,1.051117,1.054546,1.041244,1.055194,1.052104,1.015164,1.037062,1.025360,1.012081,1.021142,1.058202,1.055617,1.032360,1.021383,1.036457
2.657270,1.050494,1.042829,1.028857,1.019261,1.034073,1.038688,1.027535,1.025835,1.032961,1.045424,1.041922,1.026798,1.038839,1.026688,1.013302,1.028069,1.031790,1.029706,1.055224,0.999846,1.026828,1.047570,1.039114,1.032935,1.050952,1.054323,1.041017,1.054934,1.051836,1.014974,1.036985,1.025198,1.011858,1.020865,1.057977,1.055371,1.032202,1.021106,1.036484
2.665600,1.050432,1.042658,1.028674,1.019083,1.033914,1.038533,1.027378,1.025677,1.032802,1.045255,1.041757,1.026629,1.038664,1.026500,1.013074,1.027827,1.031563,1.029494,1.054968,0.999587,1.026585,1.047329,1.038868,1.032688,1.050793,1.054106,1.040796,1.054680,1.051575,1.014794,1.036908,1.025044,1.011641,1.020596,1.057758,1.055134,1.032050,1.020835,1.036511
2.673930,1.050373,1.042492,1.028497,1.018911,1.033760,1.038382,1.027226,1.025523,1.032647,1.045092,1.041598,1.026465,1.038496,1.026317,1.012851,1.027592,1.031342,1.029289,1.054719,0.999334,1.026348,1.047094,1.038629,1.032447,1.050641,1.053896,1.040582,1.054433,1.051320,1.014622,1.036831,1.024897,1.011429,1.020334,1.057544,1.054905,1.031904,1.020571,1.036539
2.682260,1.050316,1.042333,1.028326,1.018744,1.033611,1.038236,1.027079,1.025374,1.032497,1.044934,1.041445,1.026307,1.038333,1.026141,1.012635,1.027362,1.031127,1.029089,1.054475,0.999088,1.026117,1.046865,1.038397,1.032212,1.050495,1.053692,1.040374,1.054192,1.051072,1.014458,1.036753,1.024757,1.011223,1.020080,1.057336,1.054684,1.031763,1.020313,1.036567
2.690590,1.050261,1.042181,1.028162,1.018582,1.033466,1.038095,1.026935,1.025230,1.032351,1.044782,1.041296,1.026153,1.038175,1.025970,1.012424,1.027138,1.030918,1.028896,1.054238,0.998849,1.025892,1.046642,1.038171,1.031983,1.050354,1.053494,1.040172,1.053957,1.050830,1.014302,1.036675,1.024625,1.011023,1.019833,1.057134,1.054471,1.031628,1.020061,1.036597
2.698920,1.050209,1.042034,1.028002,1.018425,1.033325,1.037957,1.026796,1.025089,1.032210,1.044635,1.041152,1.026005,1.038023,1.025804,1.012218,1.026920,1.030715,1.028708,1.054007,0.998616,1.025673,1.046425,1.037952,1.031760,1.050220,1.053302,1.039975,1.053729,1.050594,1.014153,1.036596,1.024500,1.010828,1.019594,1.056937,1.054266,1.031498,1.019815,1.036627
2.707250,1.050159,1.041893,1.027849,1.018273,1.033188,1.037822,1.026660,1.024952,1.032072,1.044493,1.041012,1.025862,1.037876,1.025643,1.012018,1.026708,1.030517,1.028526,1.053782,0.998389,1.025459,1.046214,1.037738,1.031542,1.050091,1.053116,1.039784,1.053507,1.050364,1.014013,1.036515,1.024382,1.010638,1.019361,1.056745,1.054068,1.031374,1.019576,1.036658
2.715580,1.050111,1.041757,1.027701,1.018125,1.033054,1.037692,1.026528,1.024819,1.031937,1.044356,1.040878,1.025723,1.037733,1.025486,1.011824,1.026501,1.030325,1.028348,1.053562,0.998167,1.025250,1.046008,1.037531,1.031330,1.049968,1.052936,1.039599,1.053290,1.050141,1.013880,1.036433,1.024271,1.010452,1.019135,1.056558,1.053877,1.031254,1.019342,1.036690
2.723910,1.050065,1.041627,1.027557,1.017982,1.032924,1.037564,1.026399,1.024688,1.031806,1.044223,1.040747,1.025589,1.037596,1.025335,1.011634,1.026299,1.030138,1.028176,1.053348,0.997952,1.025047,1.045807,1.037329,1.031123,1.049850,1.052761,1.039419,1.053080,1.049923,1.013754,1.036349,1.024166,1.010272,1.018915,1.056376,1.053693,1.031139,1.019114,1.036722
2.732240,1.050021,1.041502,1.027419,1.017843,1.032797,1.037439,1.026273,1.024561,1.031678,1.044095,1.040620,1.025459,1.037462,1.025188,1.011449,1.026101,1.029955,1.028009,1.053139,0.997742,1.024849,1.045612,1.037132,1.030921,1.049737,1.052591,1.039244,1.052875,1.049710,1.013635,1.036263,1.024067,1.010096,1.018702,1.056199,1.053515,1.031029,1.018891,1.036755
2.740570,1.049979,1.041382,1.027285,1.017708,1.032673,1.037318,1.026150,1.024437,1.031554,1.043972,1.040496,1.025333,1.037333,1.025045,1.011268,1.025909,1.029778,1.027847,1.052935,0.997538,1.024655,1.045421,1.036941,1.030724,1.049629,1.052426,1.039074,1.052675,1.049503,1.013523,1.036175,1.023975,1.009924,1.018495,1.056025,1.053344,1.030923,1.018673,1.036788
2.748900,1.049938,1.041267,1.027156,1.017576,1.032551,1.037198,1.026030,1.024316,1.031431,1.043852,1.040377,1.025210,1.037208,1.024905,1.011092,1.025721,1.029604,1.027688,1.052735,0.997338,1.024465,1.045235,1.036754,1.030531,1.049525,1.052267,1.038908,1.052481,1.049302,1.013417,1.036084,1.023888,1.009756,1.018293,1.055856,1.053179,1.030822,1.018461,1.036822
2.757230,1.049899,1.041156,1.027030,1.017448,1.032433,1.037081,1.025912,1.024197,1.031312,1.043735,1.040260,1.025091,1.037086,1.024770,1.010920,1.025537,1.029435,1.027534,1.052541,0.997143,1.024280,1.045053,1.036572,1.030343,1.049426,1.052111,1.038747,1.052291,1.049105,1.013317,1.035991,1.023807,1.009592,1.018097,1.055691,1.053019,1.030724,1.018254,1.036856
2.765560,1.049861,1.041048,1.026909,1.017323,1.032316,1.036966,1.025796,1.024080,1.031194,1.043623,1.040147,1.024975,1.036968,1.024638,1.010752,1.025358,1.029270,1.027384,1.052350,0.996953,1.024099,1.044875,1.036395,1.030159,1.049331,1.051960,1.038590,1.052106,1.048913,1.013223,1.035895,1.023731,1.009432,1.017906,1.055530,1.052865,1.030631,1.018052,1.036890
2.773890,1.049825,1.040945,1.026791,1.017202,1.032202,1.036853,1.025682,1.023966,1.031079,1.043513,1.040036,1.024862,1.036853,1.024509,1.010588,1.025182,1.029109,1.027238,1.052163,0.996768,1.023922,1.044701,1.036221,1.029979,1.049239,1.051814,1.038437,1.051926,1.048726,1.013134,1.035796,1.023661,1.009275,1.017720,1.055372,1.052716,1.030540,1.017854,1.036925
2.782220,1.049789,1.040846,1.026676,1.017082,1.032089,1.036742,1.025570,1.023853,1.030965,1.043407,1.039928,1.024752,1.036741,1.024383,1.010426,1.025010,1.028951,1.027095,1.051981,0.996586,1.023748,1.044531,1.036052,1.029802,1.049151,1.051671,1.038288,1.051750,1.048543,1.013050,1.035695,1.023596,1.009122,1.017539,1.055217,1.052572,1.030454,1.017661,1.036960
2.790550,1.049755,1.040749,1.026564,1.016966,1.031978,1.036632,1.025460,1.023742,1.030853,1.043304,1.039822,1.024645,1.036632,1.024260,1.010269,1.024841,1.028797,1.026955,1.051801,0.996408,1.023578,1.044364,1.035886,1.029629,1.049067,1.051531,1.038142,1.051578,1.048364,1.012970,1.035590,1.023535,1.008971,1.017362,1.055065,1.052432,1.030370,1.017471,1.036995
2.798880,1.049721,1.040656,1.026455,1.016851,1.031869,1.036524,1.025351,1.023632,1.030743,1.043203,1.039718,1.024540,1.036525,1.024140,1.010114,1.024675,1.028645,1.026818,1.051625,0.996234,1.023410,1.044201,1.035723,1.029460,1.048986,1.051395,1.037999,1.051410,1.048189,1.012895,1.035482,1.023478,1.008823,1.017189,1.054917,1.052296,1.030289,1.017286,1.037030
2.807210,1.049688,1.040565,1.026349,1.016739,1.031760,1.036416,1.025243,1.023524,1.030633,1.043104,1.039616,1.024437,1.036421,1.024021,1.009962,1.024512,1.028497,1.026684,1.051453,0.996064,1.023246,1.044040,1.035564,1.029293,1.048907,1.051262,1.037859,1.051245,1.048018,1.012824,1.035370,1.023426,1.008678,1.017020,1.054770,1.052163,1.030211,1.017104,1.037066
2.815540,1.049656,1.040476,1.026245,1.016628,1.031653,1.036309,1.025136,1.023416,1.030525,1.043007,1.039516,1.024335,1.036318,1.023905,1.009812,1.024351,1.028350,1.026552,1.051282,0.995896,1.023084,1.043882,1.035407,1.029129,1.048831,1.051132,1.037722,1.051084,1.047850,1.012756,1.035256,1.023377,1.008534,1.016854,1.054626,1.052034,1.030135,1.016926,1.037101
2.823870,1.049624,1.040390,1.026142,1.016519,1.031546,1.036203,1.025029,1.023309,1.030417,1.042912,1.039417,1.024235,1.036217,1.023790,1.009664,1.024193,1.028207,1.026422,1.051115,0.995731,1.022924,1.043726,1.035253,1.028967,1.048757,1.051005,1.037587,1.050926,1.047685,1.012691,1.035137,1.023331,1.008393,1.016692,1.054484,1.051908,1.030061,1.016751,1.037137
2.832200,1.049593,1.040305,1.026041,1.016411,1.031440,1.036097,1.024923,1.023202,1.030310,1.042818,1.039319,1.024136,1.036118,1.023677,1.009518,1.024037,1.028064,1.026294,1.050949,0.995569,1.022766,1.043572,1.035101,1.028807,1.048684,1.050879,1.037455,1.050770,1.047523,1.012629,1.035016,1.023289,1.008254,1.016533,1.054344,1.051785,1.029989,1.016579,1.037172
2.840530,1.049562,1.040222,1.025942,1.016304,1.031333,1.035991,1.024817,1.023096,1.030203,1.042725,1.039221,1.024039,1.036020,1.023565,1.009374,1.023883,1.027924,1.026167,1.050786,0.995409,1.022611,1.043420,1.034951,1.028649,1.048614,1.050756,1.037324,1.050617,1.047363,1.012569,1.034890,1.023248,1.008116,1.016376,1.054205,1.051664,1.029919,1.016410,1.037208
2.848860,1.049530,1.040139,1.025843,1.016198,1.031227,1.035885,1.024711,1.022990,1.030096,1.042633,1.039124,1.023941,1.035922,1.023453,1.009232,1.023730,1.027785,1.026042,1.050624,0.995251,1.022456,1.043269,1.034803,1.028493,1.048545,1.050634,1.037194,1.050466,1.047206,1.012510,1.034761,1.023210,1.007979,1.016222,1.054067,1.051545,1.029849,1.016243,1.037243
2.857190,1.049499,1.040058,1.025745,1.016092,1.031121,1.035779,1.024605,1.022883,1.029988,1.042542,1.039027,1.023844,1.035825,1.023343,1.009090,1.023578,1.027647,1.025918,1.050464,0.995095,1.022303,1.043120,1.034656,1.028338,1.048476,1.050514,1.037066,1.050317,1.047050,1.012454,1.034629,1.023174,1.007843,1.016069,1.053931,1.051427,1.029781,1.016078,1.037278
2.865520,1.049468,1.039977,1.025647,1.015986,1.031014,1.035671,1.024498,1.022776,1.029880,1.042450,1.038930,1.023747,1.035728,1.023232,1.008949,1.023428,1.027510,1.025794,1.050304,0.994940,1.022151,1.042971,1.034510,1.028184,1.048409,1.050394,1.036939,1.050170,1.046897,1.012398,1.034492,1.023138,1.007708,1.015919,1.053795,1.051311,1.029713,1.015915,1.037313
2.873850,1.049436,1.039896,1.025550,1.015879,1.030906,1.035563,1.024390,1.022668,1.029772,1.042359,1.038833,1.023650,1.035631,1.023122,1.008809,1.023278,1.027374,1.025671,1.050146,0.994786,1.021999,1.042824,1.034364,1.028031,1.048341,1.050276,1.036813,1.050024,1.046745,1.012343,1.034352,1.023104,1.007574,1.015769,1.053660,1.051196,1.029646,1.015754,1.037348
2.882180,1.049404,1.039815,1.025452,1.015773,1.030797,1.035454,1.024282,1.022559,1.029662,1.042267,1.038735,1.023552,1.035533,1.023011,1.008669,1.023128,1.027238,1.025548,1.049988,0.994634,1.021849,1.042677,1.034220,1.027879,1.048274,1.050158,1.036687,1.049879,1.046594,1.012288,1.034208,1.023070,1.007440,1.015621,1.053526,1.051081,1.029579,1.015594,1.037383
2.890510,1.049371,1.039734,1.025354,1.015666,1.030687,1.035343,1.024172,1.022449,1.029551,1.042174,1.038636,1.023454,1.035435,1.022900,1.008529,1.022979,1.027102,1.025424,1.049830,0.994481,1.021698,1.042530,1.034075,1.027727,1.048207,1.050040,1.036561,1.049734,1.046443,1.012233,1.034061,1.023036,1.007306,1.015474,1.053391,1.050967,1.029512,1.015435,1.037417
2.898840,1.049338,1.039652,1.025255,1.015558,1.030576,1.035231,1.024060,1.022337,1.029439,1.042081,1.038536,1.023354,1.035336,1.022788,1.008389,1.022830,1.026966,1.025301,1.049673,0.994330,1.021547,1.042383,1.033930,1.027575,1.048139,1.049923,1.036435,1.049591,1.046294,1.012177,1.033909,1.023002,1.007172,1.015327,1.053256,1.050852,1.029444,1.015277,1.037451
2.907170,1.049304,1.039569,1.025155,1.015448,1.030463,1.035117,1.023947,1.022224,1.029325,1.041986,1.038434,1.023253,1.035236,1.022674,1.008248,1.022680,1.026829,1.025176,1.049515,0.994178,1.021396,1.042236,1.033786,1.027422,1.048071,1.049805,1.036309,1.049447,1.046145,1.012121,1.033754,1.022966,1.007037,1.015180,1.053121,1.050737,1.029377,1.015119,1.037485
2.915500,1.049269,1.039485,1.025054,1.015338,1.030348,1.035002,1.023832,1.022110,1.029210,1.041889,1.038331,1.023151,1.035134,1.022560,1.008107,1.022530,1.026692,1.025051,1.049357,0.994026,1.021244,1.042088,1.033640,1.027269,1.048002,1.049686,1.036182,1.049304,1.045995,1.012064,1.033595,1.022930,1.006902,1.015034,1.052986,1.050622,1.029308,1.014962,1.037518
2.923830,1.049234,1.039399,1.024951,1.015226,1.030231,1.034884,1.023715,1.021993,1.029092,1.041791,1.038226,1.023046,1.035030,1.022444,1.007964,1.022379,1.026553,1.024925,1.049199,0.993874,1.021092,1.041939,1.033494,1.027116,1.047931,1.049567,1.036054,1.049160,1.045846,1.012005,1.033433,1.022892,1.006766,1.014887,1.052849,1.050505,1.029238,1.014805,1.037551
2.932160,1.049197,1.039312,1.024847,1.015111,1.030112,1.034763,1.023596,1.021874,1.028972,1.041690,1.038118,1.022940,1.034925,1.022326,1.007821,1.022227,1.026414,1.024797,1.049039,0.993722,1.020939,1.041789,1.033347,1.026961,1.047859,1.049447,1.035925,1.049016,1.045696,1.011944,1.033267,1.022851,1.006629,1.014739,1.052712,1.050387,1.029167,1.014648,1.037584
2.940490,1.049159,1.039223,1.024741,1.014995,1.029990,1.034640,1.023475,1.021752,1.028850,1.041587,1.038008,1.022831,1.034817,1.022206,1.007676,1.022073,1.026273,1.024668,1.048879,0.993568,1.020784,1.041639,1.033198,1.026806,1.047786,1.049325,1.035795,1.048871,1.045546,1.011881,1.033097,1.022809,1.006491,1.014591,1.052573,1.050268,1.029095,1.014490,1.037616
2.948820,1.049121,1.039131,1.024632,1.014877,1.029866,1.034515,1.023350,1.021628,1.028725,1.041482,1.037896,1.022719,1.034706,1.022084,1.007529,1.021918,1.026131,1.024537,1.048717,0.993414,1.020628,1.041486,1.033048,1.026649,1.047710,1.049202,1.035664,1.048725,1.045394,1.011816,1.032924,1.022763,1.006351,1.014442,1.052433,1.050147,1.029021,1.014332,1.037647
2.957150,1.049081,1.039038,1.024521,1.014756,1.029738,1.034386,1.023224,1.021502,1.028597,1.041373,1.037780,1.022605,1.034593,1.021959,1.007381,1.021762,1.025986,1.024403,1.048553,0.993258,1.020471,1.041333,1.032896,1.026490,1.047633,1.049077,1.035530,1.048578,1.045242,1.011748,1.032747,1.022714,1.006210,1.014292,1.052292,1.050024,1.028945,1.014172,1.037679
2.965480,1.049040,1.038942,1.024408,1.014632,1.029608,1.034255,1.023094,1.021372,1.028467,1.041262,1.037662,1.022487,1.034477,1.021832,1.007231,1.021604,1.025840,1.024268,1.048388,0.993101,1.020311,1.041177,1.032742,1.026330,1.047553,1.048951,1.035395,1.048429,1.045088,1.011678,1.032567,1.022662,1.006067,1.014140,1.052149,1.049898,1.028867,1.014012,1.037709
2.973810,1.048997,1.038843,1.024292,1.014506,1.029475,1.034120,1.022961,1.021239,1.028333,1.041147,1.037540,1.022367,1.034358,1.021701,1.007078,1.021443,1.025692,1.024130,1.048221,0.992942,1.020150,1.041019,1.032586,1.026167,1.047471,1.048822,1.035258,1.048279,1.044932,1.011604,1.032384,1.022606,1.005922,1.013986,1.052004,1.049770,1.028787,1.013850,1.037740
2.982140,1.048954,1.038742,1.024173,1.014377,1.029339,1.033983,1.022825,1.021104,1.028197,1.041029,1.037415,1.022243,1.034235,1.021568,1.006923,1.021281,1.025541,1.023990,1.048052,0.992781,1.019987,1.040859,1.032428,1.026003,1.047386,1.048691,1.035118,1.048127,1.044775,1.011527,1.032197,1.022545,1.005775,1.013831,1.051857,1.049640,1.028704,1.013687,1.037769
2.990470,1.048909,1.038638,1.024051,1.014244,1.029200,1.033841,1.022685,1.020965,1.028057,1.040907,1.037286,1.022115,1.034108,1.021431,1.006765,1.021116,1.025388,1.023847,1.047881,0.992619,1.019821,1.040697,1.032268,1.025836,1.047298,1.048558,1.034976,1.047973,1.044616,1.011447,1.032008,1.022480,1.005626,1.013673,1.051708,1.049507,1.028620,1.013523,1.037799
2.998800,1.048862,1.038530,1.023926,1.014108,1.029056,1.033697,1.022543,1.020822,1.027914,1.040781,1.037154,1.021984,1.033978,1.021292,1.006605,1.020948,1.025232,1.023701,1.047707,0.992454,1.019653,1.040533,1.032105,1.025667,1.047207,1.048421,1.034831,1.047817,1.044455,1.011363,1.031815,1.022410,1.005475,1.013514,1.051556,1.049370,1.028532,1.013356,1.037827
3.007130,1.048815,1.038420,1.023797,1.013969,1.028910,1.033549,1.022397,1.020677,1.027767,1.040651,1.037017,1.021849,1.033844,1.021148,1.006442,1.020778,1.025073,1.023553,1.047531,0.992287,1.019482,1.040365,1.031939,1.025495,1.047113,1.048283,1.034684,1.047658,1.044291,1.011275,1.031619,1.022335,1.005322,1.013352,1.051402,1.049231,1.028442,1.013187,1.037856
3.015460,1.048766,1.038306,1.023665,1.013826,1.028760,1.033397,1.022247,1.020527,1.027616,1.040517,1.036877,1.021709,1.033707,1.021001,1.006275,1.020605,1.024912,1.023401,1.047353,0.992118,1.019309,1.040196,1.031770,1.025321,1.047017,1.048141,1.034533,1.047497,1.044125,1.011183,1.031421,1.022255,1.005165,1.013188,1.051246,1.049088,1.028349,1.013017,1.037883
3.023790,1.048715,1.038189,1.023530,1.013680,1.028606,1.033241,1.022093,1.020375,1.027462,1.040379,1.036733,1.021566,1.033565,1.020850,1.006106,1.020430,1.024747,1.023246,1.047171,0.991946,1.019133,1.040023,1.031599,1.025144,1.046916,1.047996,1.034380,1.047333,1.043956,1.011087,1.031220,1.022169,1.005007,1.013021,1.051087,1.048942,1.028254,1.012844,1.037911
3.032120,1.048663,1.038068,1.023391,1.013530,1.028448,1.033082,1.021936,1.020218,1.027305,1.040236,1.036584,1.021419,1.033418,1.020696,1.005934,1.020251,1.024580,1.023088,1.046987,0.991772,1.018954,1.039847,1.031424,1.024963,1.046813,1.047849,1.034224,1.047167,1.043785,1.010987,1.031016,1.022078,1.004845,1.012851,1.050925,1.048792,1.028155,1.012668,1.037937
3.040450,1.048610,1.037944,1.023248,1.013377,1.028287,1.032919,1.021776,1.020058,1.027144,1.040090,1.036432,1.021268,1.033268,1.020537,1.005758,1.020069,1.024409,1.022927,1.046800,0.991595,1.018772,1.039669,1.031246,1.024780,1.046706,1.047698,1.034064,1.046998,1.043611,1.010883,1.030810,1.021981,1.004681,1.012679,1.050761,1.048639,1.028053,1.012490,1.037964
3.048780,1.048556,1.037817,1.023102,1.013220,1.028122,1.032752,1.021611,1.019894,1.026979,1.039938,1.036275,1.021112,1.033114,1.020375,1.005579,1.019885,1.024235,1.022762,1.046610,0.991415,1.018587,1.039488,1.031065,1.024594,1.046596,1.047544,1.033902,1.046826,1.043435,1.010775,1.030601,1.021878,1.004515,1.012504,1.050594,1.048482,1.027949,1.012310,1.037989
3.057110,1.048500,1.037686,1.022952,1.013059,1.027954,1.032582,1.021444,1.019727,1.026810,1.039783,1.036114,1.020952,1.032955,1.020209,1.005397,1.019697,1.024058,1.022594,1.046418,0.991233,1.018399,1.039303,1.030881,1.024405,1.046482,1.047387,1.033736,1.046651,1.043255,1.010663,1.030390,1.021770,1.004345,1.012326,1.050424,1.048321,1.027841,1.012127,1.038015
3.065440,1.048443,1.037552,1.022799,1.012894,1.027781,1.032408,1.021272,1.019556,1.026638,1.039623,1.035949,1.020788,1.032792,1.020039,1.005211,1.019506,1.023878,1.022422,1.046222,0.991048,1.018208,1.039115,1.030694,1.024213,1.046364,1.047226,1.033567,1.046473,1.043073,1.010546,1.030178,1.021656,1.004173,1.012145,1.050252,1.048157,1.027731,1.011941,1.038039
3.073770,1.048385,1.037415,1.022642,1.012725,1.027606,1.032230,1.021097,1.019381,1.026462,1.039459,1.035780,1.020620,1.032625,1.019865,1.005023,1.019312,1.023695,1.022248,1.046023,0.990860,1.018014,1.038925,1.030503,1.024017,1.046244,1.047063,1.033395,1.046292,1.042887,1.010426,1.029963,1.021536,1.003998,1.011961,1.050076,1.047989,1.027617,1.011753,1.038064
3.082100,1.048325,1.037274,1.022481,1.012553,1.027426,1.032049,1.020918,1.019203,1.026283,1.039290,1.035607,1.020448,1.032453,1.019687,1.004830,1.019115,1.023508,1.022070,1.045821,0.990669,1.017817,1.038731,1.030309,1.023819,1.046119,1.046896,1.033219,1.046108,1.042699,1.010301,1.029746,1.021410,1.003820,1.011775,1.049898,1.047817,1.027500,1.011562,1.038088
3.090430,1.048265,1.037130,1.022317,1.012377,1.027243,1.031864,1.020736,1.019021,1.026100,1.039117,1.035430,1.020271,1.032278,1.019506,1.004635,1.018914,1.023318,1.021888,1.045617,0.990476,1.017617,1.038534,1.030112,1.023617,1.045992,1.046726,1.033040,1.045921,1.042507,1.010172,1.029528,1.021279,1.003639,1.011585,1.049716,1.047642,1.027380,1.011368,1.038111
3.098760,1.048203,1.036982,1.022149,1.012198,1.027057,1.031676,1.020550,1.018836,1.025914,1.038940,1.035249,1.020091,1.032098,1.019320,1.004436,1.018711,1.023125,1.021704,1.045409,0.990280,1.017414,1.038334,1.029912,1.023412,1.045860,1.046552,1.032858,1.045730,1.042313,1.010039,1.029309,1.021141,1.003456,1.011392,1.049532,1.047463,1.027258,1.011171,1.038135
3.107090,1.048141,1.036832,1.021978,1.012015,1.026867,1.031484,1.020361,1.018648,1.025724,1.038758,1.035064,1.019906,1.031914,1.019131,1.004234,1.018504,1.022929,1.021516,1.045199,0.990080,1.017208,1.038132,1.029709,1.023205,1.045726,1.046375,1.032673,1.045537,1.042115,1.009902,1.029088,1.020998,1.003270,1.011197,1.049346,1.047280,1.027132,1.010972,1.038157
3.115420,1.048078,1.036679,1.021804,1.011829,1.026673,1.031290,1.020169,1.018456,1.025531,1.038573,1.034875,1.019718,1.031726,1.018938,1.004028,1.018295,1.022730,1.021325,1.044985,0.989879,1.016999,1.037926,1.029502,1.022994,1.045588,1.046196,1.032485,1.045341,1.041915,1.009762,1.028865,1.020850,1.003081,1.010999,1.049156,1.047094,1.027004,1.010770,1.038180
3.123750,1.048013,1.036522,1.021626,1.011639,1.026477,1.031091,1.019974,1.018261,1.025335,1.038383,1.034682,1.019525,1.031535,1.018742,1.003820,1.018082,1.022528,1.021130,1.044769,0.989674,1.016787,1.037717,1.029293,1.022780,1.045447,1.046013,1.032294,1.045142,1.041712,1.009618,1.028642,1.020696,1.002890,1.010798,1.048964,1.046904,1.026873,1.010565,1.038202
3.132080,1.047948,1.036363,1.021445,1.011445,1.026277,1.030890,1.019775,1.018063,1.025135,1.038190,1.034486,1.019329,1.031339,1.018542,1.003608,1.017867,1.022323,1.020933,1.044550,0.989467,1.016572,1.037506,1.029080,1.022564,1.045303,1.045827,1.032100,1.044940,1.041506,1.009470,1.028418,1.020537,1.002696,1.010595,1.048769,1.046711,1.026739,1.010357,1.038224
3.140410,1.047882,1.036201,1.021261,1.011249,1.026074,1.030686,1.019574,1.017862,1.024933,1.037992,1.034286,1.019130,1.031140,1.018339,1.003394,1.017649,1.022115,1.020733,1.044329,0.989258,1.016355,1.037291,1.028865,1.022344,1.045155,1.045638,1.031903,1.044736,1.041297,1.009319,1.028192,1.020372,1.002500,1.010389,1.048572,1.046515,1.026603,1.010148,1.038245
3.148740,1.047816,1.036037,1.021074,1.011049,1.025869,1.030479,1.019369,1.017658,1.024727,1.037791,1.034083,1.018927,1.030937,1.018132,1.003176,1.017428,1.021904,1.020531,1.044105,0.989046,1.016135,1.037074,1.028647,1.022122,1.045005,1.045446,1.031704,1.044528,1.041086,1.009165,1.027966,1.020202,1.002302,1.010180,1.048372,1.046316,1.026464,1.009935,1.038266
3.157070,1.047749,1.035870,1.020884,1.010847,1.025660,1.030269,1.019162,1.017452,1.024519,1.037586,1.033876,1.018720,1.030731,1.017922,1.002956,1.017204,1.021691,1.020325,1.043879,0.988832,1.015912,1.036855,1.028426,1.021898,1.044852,1.045252,1.031501,1.044318,1.040872,1.009008,1.027740,1.020027,1.002101,1.009969,1.048170,1.046113,1.026322,1.009720,1.038287
3.165400,1.047682,1.035700,1.020692,1.010641,1.025449,1.030056,1.018952,1.017242,1.024308,1.037378,1.033666,1.018510,1.030521,1.017709,1.002733,1.016978,1.021475,1.020117,1.043650,0.988616,1.015687,1.036633,1.028203,1.021670,1.044697,1.045055,1.031296,1.044106,1.040655,1.008848,1.027513,1.019846,1.001898,1.009756,1.047966,1.045908,1.026179,1.009503,1.038308
3.173730,1.047614,1.035529,1.020497,1.010432,1.025235,1.029840,1.018739,1.017030,1.024095,1.037166,1.033453,1.018297,1.030307,1.017493,1.002507,1.016750,1.021257,1.019907,1.043419,0.988397,1.015460,1.036409,1.027977,1.021441,1.044538,1.044856,1.031089,1.043891,1.040437,1.008685,1.027285,1.019661,1.001693,1.009541,1.047760,1.045700,1.026033,1.009284,1.038329
3.182060,1.047546,1.035356,1.020299,1.010221,1.025018,1.029623,1.018524,1.016815,1.023879,1.036951,1.033237,1.018080,1.030091,1.017274,1.002279,1.016519,1.021037,1.019694,1.043186,0.988177,1.015230,1.036183,1.027749,1.021209,1.044378,1.044654,1.030879,1.043674,1.040216,1.008520,1.027057,1.019471,1.001486,1.009324,1.047551,1.045490,1.025886,1.009063,1.038349
3.190390,1.047478,1.035181,1.020099,1.010007,1.024800,1.029402,1.018306,1.016598,1.023660,1.036732,1.033017,1.017861,1.029872,1.017052,1.002048,1.016287,1.020814,1.019479,1.042952,0.987955,1.014999,1.035954,1.027519,1.020975,1.044215,1.044450,1.030668,1.043455,1.039993,1.008353,1.026829,1.019277,1.001278,1.009105,1.047341,1.045277,1.025736,1.008840,1.038370
3.198720,1.047409,1.035004,1.019898,1.009791,1.024578,1.029180,1.018087,1.016379,1.023439,1.036511,1.032796,1.017639,1.029649,1.016827,1.001816,1.016052,1.020590,1.019262,1.042715,0.987731,1.014765,1.035724,1.027287,1.020739,1.044050,1.044244,1.030454,1.043234,1.039768,1.008184,1.026601,1.019078,1.001068,1.008884,1.047129,1.045062,1.025585,1.008615,1.038390
3.207050,1.047341,1.034826,1.019694,1.009572,1.024355,1.028955,1.017865,1.016158,1.023216,1.036287,1.032571,1.017414,1.029424,1.016601,1.001581,1.015816,1.020364,1.019043,1.042477,0.987506,1.014530,1.035492,1.027053,1.020502,1.043883,1.044036,1.030239,1.043011,1.039541,1.008013,1.026373,1.018874,1.000856,1.008662,1.046915,1.044845,1.025433,1.008389,1.038410
3.215380,1.047273,1.034647,1.019488,1.009351,1.024130,1.028729,1.017641,1.015934,1.022991,1.036059,1.032344,1.017186,1.029196,1.016371,1.001344,1.015578,1.020136,1.018823,1.042237,0.987279,1.014294,1.035259,1.026818,1.020262,1.043715,1.043827,1.030021,1.042786,1.039313,1.007841,1.026144,1.018667,1.000644,1.008439,1.046700,1.044626,1.025278,1.008161,1.038430
3.223710,1.047205,1.034467,1.019281,1.009129,1.023902,1.028500,1.017415,1.015709,1.022764,1.035830,1.032115,1.016957,1.028966,1.016140,1.001106,1.015338,1.019907,1.018601,1.041997,0.987051,1.014056,1.035024,1.026581,1.020022,1.043544,1.043616,1.029803,1.042560,1.039084,1.007668,1.025916,1.018455,1.000430,1.008215,1.046484,1.044406,1.025123,1.007932,1.038450
3.232040,1.047137,1.034286,1.019072,1.008904,1.023674,1.028270,1.017188,1.015482,1.022536,1.035598,1.031883,1.016724,1.028733,1.015907,1.000866,1.015097,1.019676,1.018378,1.041755,0.986823,1.013817,1.034788,1.026343,1.019780,1.043373,1.043403,1.029583,1.042333,1.038853,1.007494,1.025688,1.018239,1.000215,1.007990,1.046267,1.044185,1.024967,1.007702,1.038470
3.240370,1.047069,1.034104,1.018862,1.008677,1.023443,1.028039,1.016958,1.015253,1.022305,1.035363,1.031650,1.016490,1.028499,1.015671,1.000625,1.014856,1.019445,1.018154,1.041512,0.986593,1.013577,1.034551,1.026105,1.019536,1.043200,1.043190,1.029362,1.042105,1.038621,1.007319,1.025460,1.018020,0.999999,1.007764,1.046049,1.043962,1.024810,1.007471,1.038490
3.248700,1.047002,1.033922,1.018652,1.008449,1.023211,1.027806,1.016728,1.015023,1.022074,1.035127,1.031414,1.016254,1.028262,1.015434,1.000382,1.014613,1.019212,1.017929,1.041269,0.986363,1.013336,1.034314,1.025865,1.019293,1.043027,1.042976,1.029140,1.041876,1.038389,1.007143,1.025233,1.017797,0.999783,1.007537,1.045830,1.043739,1.024652,1.007239,1.038509
3.257030,1.046935,1.033739,1.018440,1.008220,1.022978,1.027571,1.016496,1.014791,1.021841,1.034888,1.031177,1.016016,1.028023,1.015196,1.000138,1.014369,1.018979,1.017703,1.041025,0.986133,1.013094,1.034076,1.025625,1.019047,1.042852,1.042761,1.028918,1.041646,1.038156,1.006967,1.025006,1.017572,0.999566,1.007311,1.045610,1.043515,1.024493,1.007007,1.038529
3.265360,1.046870,1.033557,1.018228,1.007990,1.022744,1.027336,1.016264,1.014559,1.021607,1.034649,1.030939,1.015777,1.027784,1.014957,0.999895,1.014126,1.018746,1.017477,1.040782,0.985903,1.012853,1.033838,1.025385,1.018803,1.042677,1.042546,1.028695,1.041416,1.037923,1.006792,1.024779,1.017343,0.999350,1.007085,1.045391,1.043291,1.024334,1.006775,1.038550
3.273690,1.046805,1.033375,1.018015,1.007759,1.022509,1.027100,1.016030,1.014326,1.021372,1.034407,1.030700,1.015537,1.027543,1.014716,0.999650,1.013882,1.018513,1.017251,1.040538,0.985672,1.012611,1.033599,1.025144,1.018558,1.042502,1.042330,1.028472,1.041186,1.037689,1.006617,1.024554,1.017112,0.999133,1.006858,1.045171,1.043067,1.024175,1.006543,1.038570
3.282020,1.046740,1.033194,1.017803,1.007527,1.022274,1.026864,1.015796,1.014093,1.021137,1.034165,1.030460,1.015296,1.027301,1.014475,0.999406,1.013638,1.018279,1.017025,1.040295,0.985442,1.012369,1.033361,1.024904,1.018313,1.042326,1.042114,1.028249,1.040956,1.037456,1.006443,1.024329,1.016878,0.998916,1.006632,1.044951,1.042843,1.024016,1.006311,1.038590
3.290350,1.046676,1.033012,1.017589,1.007293,1.022037,1.026626,1.015561,1.013858,1.020900,1.033921,1.030218,1.015053,1.027057,1.014233,0.999160,1.013394,1.018045,1.016798,1.040051,0.985212,1.012127,1.033123,1.024664,1.018067,1.042151,1.041898,1.028026,1.040725,1.037222,1.006269,1.024105,1.016643,0.998699,1.006407,1.044731,1.042619,1.023857,1.006078,1.038610
3.298680,1.046615,1.032833,1.017378,1.007061,1.021801,1.026390,1.015327,1.013624,1.020665,1.033678,1.029977,1.014811,1.026814,1.013992,0.998916,1.013152,1.017814,1.016573,1.039810,0.984984,1.011888,1.032887,1.024426,1.017824,1.041976,1.041684,1.027804,1.040497,1.036991,1.006098,1.023882,1.016406,0.998485,1.006184,1.044513,1.042398,1.023699,1.005848,1.038631
3.307010,1.046553,1.032654,1.017166,1.006829,1.021566,1.026153,1.015093,1.013390,1.020429,1.033434,1.029735,1.014568,1.026571,1.013750,0.998672,1.012910,1.017582,1.016348,1.039569,0.984757,1.011648,1.032650,1.024188,1.017580,1.041802,1.041470,1.027583,1.040268,1.036759,1.005927,1.023661,1.016167,0.998270,1.005961,1.044295,1.042176,1.023542,1.005618,1.038652
3.315340,1.046493,1.032477,1.016956,1.006597,1.021330,1.025917,1.014858,1.013156,1.020193,1.033189,1.029494,1.014326,1.026327,1.013508,0.998429,1.012669,1.017351,1.016124,1.039329,0.984530,1.011409,1.032415,1.023951,1.017338,1.041628,1.041256,1.027362,1.040041,1.036529,1.005759,1.023440,1.015928,0.998056,1.005739,1.044078,1.041957,1.023385,1.005389,1.038673
3.323670,1.046434,1.032300,1.016745,1.006364,1.021094,1.025680,1.014624,1.012921,1.019957,1.032945,1.029252,1.014083,1.026083,1.013266,0.998185,1.012428,1.017120,1.015901,1.039089,0.984304,1.011171,1.032181,1.023715,1.017095,1.041455,1.041043,1.027142,1.039813,1.036299,1.005592,1.023220,1.015688,0.997843,1.005519,1.043861,1.041737,1.023229,1.005161,1.038694
3.332000,1.046377,1.032127,1.016538,1.006134,1.020860,1.025445,1.014392,1.012689,1.019724,1.032702,1.029012,1.013842,1.025842,1.013027,0.997945,1.012191,1.016894,1.015681,1.038854,0.984083,1.010937,1.031950,1.023483,1.016857,1.041284,1.040834,1.026925,1.039590,1.036073,1.005429,1.023004,1.015449,0.997634,1.005303,1.043648,1.041523,1.023075,1.004936,1.038715
3.340330,1.046321,1.031955,1.016332,1.005904,1.020627,1.025211,1.014160,1.012457,1.019490,1.032460,1.028773,1.013602,1.025600,1.012788,0.997706,1.011955,1.016668,1.015462,1.038620,0.983862,1.010704,1.031721,1.023251,1.016619,1.041115,1.040625,1.026710,1.039367,1.035847,1.005268,1.022788,1.015210,0.997425,1.005088,1.043436,1.041309,1.022922,1.004713,1.038737
3.348660,1.046266,1.031785,1.016126,1.005674,1.020394,1.024978,1.013928,1.012226,1.019257,1.032218,1.028534,1.013361,1.025359,1.012549,0.997467,1.011719,1.016443,1.015243,1.038387,0.983642,1.010471,1.031492,1.023021,1.016382,1.040946,1.040417,1.026495,1.039145,1.035623,1.005109,1.022573,1.014970,0.997217,1.004874,1.043224,1.041096,1.022770,1.004491,1.038758
3.356990,1.046214,1.031619,1.015925,1.005448,1.020165,1.024748,1.013700,1.011998,1.019028,1.031979,1.028298,1.013125,1.025121,1.012314,0.997233,1.011489,1.016223,1.015030,1.038159,0.983428,1.010244,1.031269,1.022797,1.016151,1.040781,1.040214,1.026285,1.038928,1.035404,1.004955,1.022362,1.014734,0.997014,1.004666,1.043017,1.040890,1.022621,1.004273,1.038781
3.365320,1.046164,1.031456,1.015725,1.005223,1.019937,1.024519,1.013473,1.011771,1.018799,1.031742,1.028064,1.012889,1.024885,1.012081,0.997000,1.011260,1.016005,1.014818,1.037933,0.983215,1.010018,1.031047,1.022574,1.015921,1.040618,1.040013,1.026076,1.038713,1.035186,1.004805,1.022153,1.014499,0.996812,1.004460,1.042812,1.040685,1.022474,1.004057,1.038803
3.373650,1.046114,1.031294,1.015527,1.004999,1.019710,1.024291,1.013247,1.011545,1.018572,1.031505,1.027830,1.012655,1.024650,1.011848,0.996769,1.011033,1.015787,1.014608,1.037708,0.983003,1.009794,1.030826,1.022352,1.015692,1.040457,1.039813,1.025869,1.038499,1.034970,1.004656,1.021945,1.014264,0.996612,1.004255,1.042607,1.040482,1.022328,1.003843,1.038826
3.381980,1.046068,1.031138,1.015334,1.004780,1.019488,1.024068,1.013026,1.011324,1.018349,1.031274,1.027602,1.012425,1.024419,1.011621,0.996543,1.010812,1.015577,1.014403,1.037490,0.982799,1.009577,1.030613,1.022138,1.015470,1.040300,1.039618,1.025668,1.038292,1.034760,1.004514,1.021741,1.014034,0.996418,1.004058,1.042409,1.040287,1.022186,1.003635,1.038849
3.390310,1.046023,1.030984,1.015143,1.004563,1.019268,1.023847,1.012807,1.011105,1.018128,1.031045,1.027376,1.012198,1.024191,1.011396,0.996320,1.010594,1.015368,1.014201,1.037275,0.982597,1.009361,1.030402,1.021926,1.015250,1.040145,1.039427,1.025469,1.038086,1.034553,1.004377,1.021540,1.013807,0.996225,1.003863,1.042213,1.040094,1.022047,1.003429,1.038873
3.398640,1.045979,1.030833,1.014955,1.004348,1.019049,1.023628,1.012589,1.010887,1.017909,1.030817,1.027151,1.011972,1.023964,1.011172,0.996098,1.010377,1.015162,1.014001,1.037061,0.982396,1.009148,1.030192,1.021716,1.015032,1.039993,1.039237,1.025273,1.037883,1.034348,1.004242,1.021340,1.013581,0.996034,1.003670,1.042018,1.039904,1.021909,1.003226,1.038896
3.406970,1.045939,1.030689,1.014773,1.004139,1.018836,1.023414,1.012377,1.010675,1.017696,1.030596,1.026932,1.011753,1.023744,1.010955,0.995884,1.010169,1.014963,1.013808,1.036856,0.982204,1.008943,1.029991,1.021515,1.014822,1.039846,1.039054,1.025083,1.037687,1.034150,1.004114,1.021145,1.013362,0.995851,1.003487,1.041831,1.039722,1.021777,1.003030,1.038921
3.415300,1.045901,1.030548,1.014594,1.003932,1.018627,1.023204,1.012168,1.010466,1.017485,1.030378,1.026717,1.011537,1.023528,1.010741,0.995673,1.009963,1.014767,1.013619,1.036654,0.982015,1.008741,1.029793,1.021317,1.014614,1.039703,1.038874,1.024897,1.037494,1.033955,1.003992,1.020953,1.013146,0.995670,1.003306,1.041646,1.039544,1.021647,1.002837,1.038946
3.423630,1.045865,1.030410,1.014418,1.003728,1.018419,1.022996,1.011961,1.010259,1.017276,1.030162,1.026504,1.011323,1.023313,1.010530,0.995464,1.009760,1.014574,1.013432,1.036454,0.981828,1.008541,1.029597,1.021121,1.014410,1.039562,1.038697,1.024713,1.037304,1.033763,1.003873,1.020763,1.012934,0.995491,1.003128,1.041464,1.039368,1.021519,1.002647,1.038970
3.431960,1.045832,1.030279,1.014250,1.003531,1.018219,1.022795,1.011762,1.010059,1.017075,1.029955,1.026299,1.011117,1.023106,1.010326,0.995264,1.009566,1.014390,1.013253,1.036264,0.981651,1.008351,1.029411,1.020935,1.014215,1.039427,1.038527,1.024537,1.037122,1.033579,1.003763,1.020579,1.012730,0.995321,1.002960,1.041289,1.039203,1.021398,1.002465,1.038996
3.440290,1.045802,1.030153,1.014086,1.003338,1.018022,1.022598,1.011566,1.009863,1.016878,1.029751,1.026098,1.010915,1.022904,1.010127,0.995068,1.009376,1.014209,1.013078,1.036078,0.981477,1.008164,1.029228,1.020753,1.014023,1.039297,1.038362,1.024366,1.036944,1.033400,1.003658,1.020398,1.012530,0.995154,1.002796,1.041118,1.039042,1.021280,1.002287,1.039022
3.448620,1.045774,1.030033,1.013927,1.003149,1.017831,1.022406,1.011375,1.009672,1.016685,1.029553,1.025902,1.010719,1.022707,1.009933,0.994877,1.009191,1.014035,1.012909,1.035897,0.981309,1.007983,1.029051,1.020577,1.013837,1.039172,1.038203,1.024200,1.036772,1.033226,1.003561,1.020222,1.012338,0.994992,1.002638,1.040952,1.038888,1.021166,1.002114,1.039048
3.456950,1.045749,1.029918,1.013774,1.002967,1.017645,1.022220,1.011190,1.009486,1.016498,1.029362,1.025713,1.010528,1.022516,1.009744,0.994693,1.009013,1.013866,1.012746,1.035723,0.981147,1.007809,1.028880,1.020407,1.013658,1.039052,1.038049,1.024040,1.036606,1.033059,1.003470,1.020050,1.012152,0.994836,1.002486,1.040792,1.038740,1.021057,1.001948,1.039075
3.465280,1.045727,1.029809,1.013627,1.002790,1.017465,1.022039,1.011010,1.009306,1.016317,1.029177,1.025529,1.010344,1.022332,1.009562,0.994514,1.008842,1.013704,1.012590,1.035556,0.980992,1.007641,1.028716,1.020244,1.013484,1.038938,1.037901,1.023886,1.036445,1.032897,1.003386,1.019883,1.011974,0.994685,1.002342,1.040638,1.038599,1.020952,1.001788,1.039103
3.473610,1.045708,1.029706,1.013486,1.002619,1.017291,1.021865,1.010836,1.009132,1.016142,1.028998,1.025352,1.010167,1.022154,1.009387,0.994343,1.008677,1.013548,1.012439,1.035395,0.980843,1.007479,1.028559,1.020088,1.013318,1.038829,1.037760,1.023739,1.036292,1.032742,1.003309,1.019720,1.011803,0.994540,1.002204,1.040489,1.038465,1.020853,1.001634,1.039130
3.481940,1.045691,1.029609,1.013351,1.002455,1.017124,1.021697,1.010668,1.008964,1.015973,1.028827,1.025182,1.009996,1.021983,1.009218,0.994178,1.008519,1.013399,1.012296,1.035241,0.980700,1.007325,1.028408,1.019939,1.013159,1.038726,1.037625,1.023598,1.036145,1.032594,1.003240,1.019563,1.011640,0.994401,1.002073,1.040346,1.038339,1.020758,1.001487,1.039159
3.490270,1.045678,1.029519,1.013223,1.002297,1.016963,1.021535,1.010507,1.008802,1.015810,1.028662,1.025019,1.009832,1.021820,1.009056,0.994020,1.008368,1.013257,1.012159,1.035094,0.980565,1.007178,1.028264,1.019798,1.013006,1.038629,1.037496,1.023464,1.036004,1.032452,1.003178,1.019411,1.011485,0.994269,1.001950,1.040210,1.038221,1.020669,1.001346,1.039187
3.498600,1.045668,1.029435,1.013102,1.002146,1.016808,1.021380,1.010353,1.008647,1.015654,1.028506,1.024863,1.009676,1.021663,1.008901,0.993870,1.008225,1.013123,1.012029,1.034955,0.980437,1.007038,1.028128,1.019664,1.012862,1.038539,1.037375,1.023337,1.035871,1.032318,1.003124,1.019265,1.011339,0.994142,1.001834,1.040080,1.038110,1.020585,1.001213,1.039217
3.506930,1.045661,1.029358,1.012988,1.002002,1.016661,1.021232,1.010205,1.008499,1.015505,1.028356,1.024714,1.009527,1.021515,1.008754,0.993727,1.008089,1.012995,1.011907,1.034823,0.980317,1.006905,1.027999,1.019538,1.012724,1.038454,1.037260,1.023217,1.035745,1.032191,1.003078,1.019124,1.011201,0.994023,1.001726,1.039957,1.038007,1.020506,1.001086,1.039246
3.515260,1.045657,1.029288,1.012881,1.001865,1.016521,1.021092,1.010065,1.008358,1.015363,1.028215,1.024573,1.009386,1.021374,1.008614,0.993591,1.007961,1.012876,1.011792,1.034699,0.980204,1.006781,1.027878,1.019419,1.012595,1.038376,1.037153,1.023105,1.035626,1.032071,1.003039,1.018989,1.011073,0.993910,1.001626,1.039841,1.037912,1.020433,1.000967,1.039277
3.523590,1.045657,1.029225,1.012782,1.001735,1.016388,1.020959,1.009932,1.008224,1.015228,1.028082,1.024440,1.009253,1.021241,1.008483,0.993464,1.007841,1.012764,1.011685,1.034583,0.980098,1.006664,1.027765,1.019309,1.012473,1.038305,1.037053,1.023000,1.035514,1.031959,1.003009,1.018860,1.010953,0.993804,1.001533,1.039731,1.037826,1.020366,1.000855,1.039308
3.531920,1.045659,1.029169,1.012690,1.001613,1.016262,1.020833,1.009806,1.008098,1.015101,1.027957,1.024316,1.009128,1.021116,1.008359,0.993345,1.007729,1.012660,1.011585,1.034475,0.980001,1.006556,1.027659,1.019207,1.012360,1.038240,1.036961,1.022902,1.035411,1.031854,1.002987,1.018737,1.010842,0.993705,1.001449,1.039629,1.037748,1.020305,1.000750,1.039339
3.540250,1.045665,1.029120,1.012605,1.001499,1.016145,1.020715,1.009688,1.007979,1.014981,1.027841,1.024199,1.009012,1.021000,1.008243,0.993234,1.007625,1.012564,1.011494,1.034376,0.979911,1.006455,1.027562,1.019114,1.012255,1.038183,1.036876,1.022813,1.035315,1.031758,1.002974,1.018621,1.010741,0.993613,1.001373,1.039534,1.037678,1.020249,1.000654,1.039371
3.548580,1.045675,1.029079,1.012529,1.001393,1.016035,1.020605,1.009577,1.007868,1.014870,1.027734,1.024091,1.008904,1.020892,1.008136,0.993131,1.007530,1.012477,1.011410,1.034284,0.979830,1.006363,1.027473,1.019029,1.012159,1.038132,1.036799,1.022732,1.035227,1.031669,1.002969,1.018510,1.010650,0.993528,1.001306,1.039446,1.037618,1.020200,1.000565,1.039403
3.556910,1.045687,1.029045,1.012460,1.001295,1.015934,1.020503,1.009475,1.007766,1.014766,1.027635,1.023991,1.008804,1.020793,1.008038,0.993037,1.007444,1.012398,1.011335,1.034202,0.979757,1.006280,1.027393,1.018952,1.012071,1.038088,1.036730,1.022658,1.035147,1.031588,1.002972,1.018407,1.010568,0.993451,1.001247,1.039366,1.037566,1.020157,1.000483,1.039436
3.565240,1.045703,1.029019,1.012400,1.001205,1.015840,1.020410,1.009381,1.007671,1.014670,1.027545,1.023900,1.008714,1.020703,1.007948,0.992952,1.007366,1.012327,1.011269,1.034128,0.979692,1.006205,1.027321,1.018885,1.011992,1.038052,1.036669,1.022593,1.035075,1.031516,1.002984,1.018310,1.010496,0.993381,1.001197,1.039293,1.037523,1.020120,1.000410,1.039469
3.573570,1.045723,1.029000,1.012347,1.001124,1.015755,1.020324,1.009295,1.007584,1.014583,1.027464,1.023818,1.008632,1.020622,1.007867,0.992875,1.007297,1.012265,1.011210,1.034063,0.979636,1.006139,1.027258,1.018826,1.011922,1.038022,1.036616,1.022536,1.035012,1.031452,1.003004,1.018220,1.010433,0.993319,1.001156,1.039228,1.037489,1.020089,1.000345,1.039503
3.581900,1.045745,1.028988,1.012303,1.001051,1.015679,1.020248,1.009217,1.007506,1.014504,1.027393,1.023744,1.008559,1.020551,1.007795,0.992808,1.007238,1.012212,1.011161,1.034006,0.979589,1.006083,1.027204,1.018777,1.011861,1.038000,1.036571,1.022488,1.034957,1.031397,1.003033,1.018137,1.010381,0.993265,1.001124,1.039172,1.037464,1.020065,1.000289,1.039537
3.590230,1.045772,1.028985,1.012268,1.000986,1.015611,1.020180,1.009148,1.007436,1.014434,1.027331,1.023680,1.008496,1.020488,1.007732,0.992750,1.007187,1.012168,1.011120,1.033959,0.979550,1.006035,1.027158,1.018737,1.011809,1.037986,1.036535,1.022448,1.034910,1.031350,1.003071,1.018061,1.010338,0.993218,1.001100,1.039122,1.037449,1.020047,1.000240,1.039572
3.598560,1.045801,1.028989,1.012241,1.000931,1.015552,1.020120,1.009088,1.007375,1.014373,1.027278,1.023625,1.008442,1.020435,1.007678,0.992701,1.007146,1.012133,1.011088,1.033921,0.979520,1.005996,1.027122,1.018706,1.011766,1.037979,1.036507,1.022417,1.034873,1.031311,1.003117,1.017993,1.010305,0.993179,1.001086,1.039081,1.037443,1.020036,1.000200,1.039607
3.606890,1.045834,1.029001,1.012222,1.000884,1.015501,1.020070,1.009036,1.007323,1.014320,1.027235,1.023580,1.008397,1.020391,1.007634,0.992661,1.007114,1.012107,1.011065,1.033892,0.979499,1.005967,1.027095,1.018685,1.011733,1.037979,1.036488,1.022395,1.034843,1.031281,1.003172,1.017932,1.010283,0.993148,1.001081,1.039049,1.037446,1.020031,1.000168,1.039643
3.615220,1.045870,1.029021,1.012212,1.000846,1.015460,1.020028,1.008994,1.007279,1.014276,1.027201,1.023544,1.008362,1.020357,1.007599,0.992631,1.007091,1.012090,1.011051,1.033872,0.979487,1.005947,1.027077,1.018673,1.011709,1.037987,1.036477,1.022381,1.034823,1.031260,1.003235,1.017878,1.010270,0.993125,1.001085,1.039024,1.037459,1.020033,1.000145,1.039679
3.623550,1.045910,1.029049,1.012211,1.000818,1.015428,1.019996,1.008960,1.007244,1.014241,1.027177,1.023517,1.008336,1.020332,1.007573,0.992611,1.007078,1.012082,1.011046,1.033862,0.979484,1.005936,1.027068,1.018670,1.011695,1.038003,1.036474,1.022376,1.034811,1.031248,1.003308,1.017832,1.010268,0.993110,1.001098,1.039007,1.037481,1.020041,1.000131,1.039716
3.631880,1.045954,1.029085,1.012219,1.000798,1.015405,1.019973,1.008935,1.007219,1.014215,1.027163,1.023500,1.008320,1.020318,1.007558,0.992600,1.007074,1.012083,1.011050,1.033861,0.979491,1.005935,1.027068,1.018677,1.011690,1.038026,1.036481,1.022380,1.034808,1.031245,1.003388,1.017794,1.010276,0.993104,1.001121,1.038999,1.037513,1.020056,1.000124,1.039753
3.640210,1.046000,1.029129,1.012235,1.000788,1.015391,1.019959,1.008920,1.007202,1.014199,1.027159,1.023492,1.008314,1.020313,1.007551,0.992599,1.007080,1.012094,1.011063,1.033870,0.979506,1.005943,1.027078,1.018694,1.011695,1.038057,1.036495,1.022394,1.034814,1.031250,1.003478,1.017764,1.010294,0.993105,1.001153,1.038999,1.037554,1.020078,1.000127,1.039790
3.648540,1.046050,1.029180,1.012260,1.000787,1.015386,1.019954,1.008913,1.007195,1.014192,1.027164,1.023494,1.008317,1.020317,1.007555,0.992607,1.007096,1.012114,1.011085,1.033888,0.979530,1.005961,1.027097,1.018720,1.011710,1.038095,1.036519,1.022415,1.034828,1.031265,1.003575,1.017742,1.010322,0.993114,1.001194,1.039008,1.037605,1.020107,1.000138,1.039828
3.656870,1.046103,1.029240,1.012294,1.000796,1.015391,1.019958,1.008916,1.007197,1.014194,1.027180,1.023506,1.008330,1.020332,1.007568,0.992625,1.007121,1.012143,1.011117,1.033915,0.979564,1.005988,1.027126,1.018755,1.011734,1.038141,1.036551,1.022446,1.034852,1.031288,1.003681,1.017727,1.010360,0.993132,1.001245,1.039024,1.037665,1.020142,1.000157,1.039866
3.665200,1.046160,1.029307,1.012337,1.000813,1.015405,1.019972,1.008928,1.007208,1.014205,1.027205,1.023528,1.008353,1.020356,1.007591,0.992654,1.007156,1.012182,1.011157,1.033952,0.979606,1.006025,1.027163,1.018801,1.011769,1.038195,1.036592,1.022486,1.034884,1.031320,1.003795,1.017721,1.010408,0.993158,1.001304,1.039050,1.037735,1.020184,1.000185,1.039905
3.673530,1.046220,1.029382,1.012388,1.000841,1.015428,1.019996,1.008950,1.007229,1.014226,1.027241,1.023559,1.008386,1.020391,1.007624,0.992691,1.007201,1.012230,1.011207,1.033999,0.979658,1.006071,1.027211,1.018856,1.011812,1.038256,1.036642,1.022535,1.034925,1.031360,1.003918,1.017723,1.010466,0.993191,1.001373,1.039083,1.037814,1.020232,1.000222,1.039944
3.681860,1.046283,1.029465,1.012449,1.000877,1.015461,1.020029,1.008981,1.007259,1.014256,1.027286,1.023600,1.008428,1.020435,1.007666,0.992739,1.007256,1.012288,1.011266,1.034055,0.979719,1.006127,1.027267,1.018920,1.011866,1.038324,1.036700,1.022593,1.034975,1.031410,1.004048,1.017734,1.010535,0.993233,1.001452,1.039125,1.037903,1.020287,1.000267,1.039983
3.690190,1.046350,1.029555,1.012518,1.000923,1.015504,1.020071,1.009021,1.007298,1.014295,1.027341,1.023651,1.008481,1.020489,1.007719,0.992796,1.007320,1.012355,1.011334,1.034120,0.979789,1.006192,1.027333,1.018994,1.011929,1.038400,1.036766,1.022659,1.035033,1.031468,1.004187,1.017753,1.010613,0.993283,1.001539,1.039175,1.038001,1.020349,1.000320,1.040022
3.698520,1.046420,1.029653,1.012596,1.000978,1.015555,1.020123,1.009070,1.007347,1.014344,1.027406,1.023712,1.008543,1.020554,1.007781,0.992863,1.007393,1.012431,1.011411,1.034195,0.979868,1.006267,1.027408,1.019078,1.012002,1.038484,1.036841,1.022734,1.035101,1.031535,1.004333,1.017780,1.010701,0.993341,1.001636,1.039233,1.038108,1.020417,1.000382,1.040062
3.706850,1.046492,1.029759,1.012682,1.001043,1.015616,1.020184,1.009129,1.007405,1.014403,1.027481,1.023782,1.008615,1.020627,1.007853,0.992940,1.007476,1.012516,1.011497,1.034278,0.979956,1.006351,1.027492,1.019171,1.012085,1.038574,1.036925,1.022818,1.035176,1.031610,1.004487,1.017815,1.010799,0.993407,1.001742,1.039300,1.038224,1.020492,1.000452,1.040102
3.715180,1.046568,1.029872,1.012777,1.001117,1.015687,1.020255,1.009197,1.007472,1.014470,1.027566,1.023862,1.008697,1.020711,1.007934,0.993027,1.007569,1.012610,1.011592,1.034372,0.980053,1.006445,1.027586,1.019273,1.012177,1.038672,1.037017,1.022911,1.035261,1.031694,1.004648,1.017859,1.010907,0.993481,1.001856,1.039374,1.038349,1.020573,1.000530,1.040143
3.723510,1.046647,1.029992,1.012881,1.001201,1.015767,1.020335,1.009275,1.007549,1.014547,1.027661,1.023952,1.008789,1.020805,1.008026,0.993123,1.007671,1.012714,1.011696,1.034474,0.980159,1.006548,1.027688,1.019385,1.012278,1.038777,1.037117,1.023013,1.035353,1.031786,1.004817,1.017912,1.011025,0.993562,1.001980,1.039457,1.038484,1.020661,1.000617,1.040184
3.731840,1.046729,1.030120,1.012993,1.001294,1.015857,1.020424,1.009362,1.007635,1.014634,1.027765,1.024051,1.008890,1.020908,1.008127,0.993228,1.007783,1.012826,1.011809,1.034586,0.980274,1.006660,1.027800,1.019505,1.012389,1.038889,1.037225,1.023122,1.035454,1.031887,1.004992,1.017973,1.011152,0.993651,1.002112,1.039548,1.038627,1.020754,1.000711,1.040225
3.740170,1.046814,1.030255,1.013113,1.001396,1.015955,1.020523,1.009458,1.007730,1.014730,1.027880,1.024160,1.009001,1.021021,1.008237,0.993344,1.007903,1.012948,1.011931,1.034706,0.980397,1.006781,1.027920,1.019635,1.012510,1.039008,1.037342,1.023241,1.035564,1.031996,1.005175,1.018042,1.011289,0.993748,1.002253,1.039647,1.038779,1.020854,1.000814,1.040266
3.748500,1.046902,1.030397,1.013242,1.001507,1.016063,1.020631,1.009563,1.007834,1.014835,1.028003,1.024279,1.009121,1.021144,1.008357,0.993468,1.008033,1.013078,1.012061,1.034836,0.980529,1.006911,1.028049,1.019774,1.012639,1.039133,1.037466,1.023367,1.035681,1.032113,1.005364,1.018120,1.011435,0.993853,1.002403,1.039753,1.038939,1.020961,1.000924,1.040307
3.756830,1.046993,1.030545,1.013379,1.001627,1.016180,1.020748,1.009678,1.007947,1.014949,1.028137,1.024406,1.009251,1.021276,1.008486,0.993602,1.008172,1.013217,1.012200,1.034974,0.980669,1.007050,1.028187,1.019921,1.012778,1.039265,1.037598,1.023502,1.035807,1.032238,1.005560,1.018206,1.011590,0.993965,1.002561,1.039868,1.039108,1.021073,1.001042,1.040348
3.765160,1.047086,1.030701,1.013524,1.001756,1.016306,1.020875,1.009801,1.008070,1.015072,1.028279,1.024543,1.009390,1.021417,1.008625,0.993745,1.008320,1.013364,1.012347,1.035121,0.980818,1.007198,1.028333,1.020077,1.012925,1.039404,1.037738,1.023645,1.035940,1.032371,1.005762,1.018301,1.011755,0.994085,1.002727,1.039989,1.039285,1.021191,1.001167,1.040390
3.773490,1.047183,1.030863,1.013677,1.001894,1.016441,1.021010,1.009933,1.008201,1.015205,1.028431,1.024690,1.009538,1.021567,1.008772,0.993897,1.008477,1.013520,1.012502,1.035276,0.980975,1.007354,1.028488,1.020242,1.013082,1.039550,1.037886,1.023796,1.036081,1.032511,1.005971,1.018404,1.011928,0.994211,1.002902,1.040119,1.039470,1.021315,1.001300,1.040431
3.781820,1.047281,1.031032,1.013838,1.002041,1.016585,1.021154,1.010075,1.008341,1.015346,1.028592,1.024845,1.009696,1.021727,1.008929,0.994058,1.008642,1.013684,1.012666,1.035440,0.981140,1.007519,1.028650,1.020415,1.013247,1.039701,1.038041,1.023955,1.036230,1.032660,1.006185,1.018515,1.012110,0.994345,1.003085,1.040256,1.039663,1.021444,1.001440,1.040473
3.790150,1.047383,1.031206,1.014006,1.002196,1.016738,1.021307,1.010224,1.008490,1.015495,1.028762,1.025009,1.009862,1.021895,1.009094,0.994227,1.008816,1.013856,1.012837,1.035612,0.981312,1.007692,1.028821,1.020596,1.013420,1.039858,1.038203,1.024121,1.036386,1.032815,1.006405,1.018634,1.012301,0.994486,1.003275,1.040399,1.039863,1.021579,1.001587,1.040515
3.798480,1.047486,1.031387,1.014181,1.002360,1.016899,1.021468,1.010382,1.008647,1.015654,1.028940,1.025181,1.010037,1.022072,1.009269,0.994405,1.008998,1.014036,1.013016,1.035792,0.981493,1.007873,1.029000,1.020785,1.013602,1.040022,1.038372,1.024294,1.036549,1.032977,1.006630,1.018761,1.012499,0.994633,1.003473,1.040550,1.040072,1.021720,1.001741,1.040557
3.806810,1.047592,1.031574,1.014364,1.002531,1.017068,1.021637,1.010549,1.008812,1.015820,1.029127,1.025362,1.010220,1.022258,1.009451,0.994591,1.009188,1.014224,1.013203,1.035980,0.981681,1.008062,1.029186,1.020982,1.013792,1.040191,1.038548,1.024475,1.036719,1.033147,1.006861,1.018896,1.012706,0.994787,1.003678,1.040708,1.040287,1.021866,1.001901,1.040599
3.815140,1.047701,1.031766,1.014554,1.002711,1.017245,1.021815,1.010723,1.008986,1.015995,1.029322,1.025551,1.010411,1.022451,1.009641,0.994786,1.009386,1.014420,1.013397,1.036175,0.981876,1.008259,1.029380,1.021186,1.013991,1.040366,1.038730,1.024663,1.036896,1.033323,1.007096,1.019038,1.012920,0.994948,1.003891,1.040873,1.040509,1.022016,1.002069,1.040640
3.823470,1.047811,1.031964,1.014750,1.002899,1.017430,1.022000,1.010905,1.009167,1.016177,1.029524,1.025748,1.010610,1.022653,1.009840,0.994988,1.009592,1.014622,1.013598,1.036378,0.982078,1.008463,1.029581,1.021398,1.014196,1.040545,1.038920,1.024858,1.037080,1.033506,1.007336,1.019188,1.013141,0.995115,1.004110,1.041044,1.040738,1.022172,1.002242,1.040682
3.831800,1.047924,1.032167,1.014953,1.003094,1.017623,1.022194,1.011095,1.009356,1.016367,1.029735,1.025952,1.010817,1.022862,1.010046,0.995198,1.009805,1.014832,1.013806,1.036588,0.982288,1.008675,1.029789,1.021617,1.014410,1.040730,1.039115,1.025059,1.037270,1.033695,1.007580,1.019346,1.013369,0.995288,1.004337,1.041221,1.040974,1.022333,1.002422,1.040724
3.840130,1.048038,1.032375,1.015162,1.003296,1.017823,1.022394,1.011292,1.009552,1.016565,1.029953,1.026164,1.011031,1.023078,1.010260,0.995415,1.010025,1.015049,1.014021,1.036805,0.982504,1.008893,1.030004,1.021843,1.014630,1.040920,1.039316,1.025267,1.037466,1.033891,1.007828,1.019510,1.013603,0.995467,1.004570,1.041405,1.041216,1.022498,1.002607,1.040765
3.848460,1.048155,1.032588,1.015378,1.003505,1.018030,1.022602,1.011496,1.009755,1.016769,1.030178,1.026383,1.011252,1.023302,1.010480,0.995640,1.010252,1.015272,1.014242,1.037029,0.982726,1.009118,1.030226,1.022075,1.014858,1.041115,1.039523,1.025480,1.037668,1.034092,1.008080,1.019681,1.013844,0.995652,1.004810,1.041595,1.041464,1.022667,1.002798,1.040806
3.856790,1.048273,1.032805,1.015599,1.003721,1.018244,1.022816,1.011707,1.009965,1.016981,1.030409,1.026609,1.011481,1.023532,1.010708,0.995871,1.010486,1.015501,1.014469,1.037260,0.982955,1.009350,1.030454,1.022314,1.015092,1.041314,1.039736,1.025700,1.037876,1.034299,1.008336,1.019859,1.014090,0.995842,1.005055,1.041790,1.041718,1.022841,1.002995,1.040847
3.865120,1.048392,1.033027,1.015825,1.003944,1.018465,1.023037,1.011925,1.010182,1.017199,1.030647,1.026841,1.011715,1.023769,1.010942,0.996110,1.010727,1.015737,1.014702,1.037496,0.983190,1.009588,1.030688,1.022559,1.015333,1.041517,1.039954,1.025925,1.038090,1.034512,1.008595,1.020044,1.014342,0.996038,1.005307,1.041991,1.041977,1.023019,1.003196,1.040888
3.873450,1.048514,1.033253,1.016057,1.004172,1.018692,1.023264,1.012148,1.010405,1.017424,1.030891,1.027079,1.011956,1.024012,1.011183,0.996354,1.010973,1.015978,1.014940,1.037739,0.983431,1.009833,1.030928,1.022810,1.015580,1.041724,1.040177,1.026156,1.038308,1.034729,1.008857,1.020234,1.014598,0.996238,1.005564,1.042197,1.042241,1.023200,1.003403,1.040929
3.881780,1.048636,1.033482,1.016294,1.004407,1.018924,1.023497,1.012378,1.010634,1.017654,1.031141,1.027323,1.012202,1.024261,1.011429,0.996605,1.011226,1.016225,1.015185,1.037988,0.983677,1.010083,1.031173,1.023067,1.015833,1.041935,1.040405,1.026392,1.038532,1.034952,1.009121,1.020430,1.014859,0.996444,1.005826,1.042408,1.042511,1.023385,1.003615,1.040969
3.890110,1.048760,1.033715,1.016536,1.004647,1.019163,1.023736,1.012613,1.010868,1.017890,1.031396,1.027573,1.012454,1.024515,1.011681,0.996861,1.011484,1.016477,1.015434,1.038242,0.983929,1.010338,1.031424,1.023329,1.016092,1.042149,1.040637,1.026632,1.038760,1.035179,1.009388,1.020632,1.015125,0.996654,1.006094,1.042624,1.042785,1.023574,1.003831,1.041009
3.898440,1.048886,1.033952,1.016782,1.004892,1.019406,1.023980,1.012854,1.011108,1.018132,1.031656,1.027828,1.012711,1.024774,1.011939,0.997123,1.011748,1.016735,1.015688,1.038501,0.984185,1.010599,1.031680,1.023596,1.016356,1.042367,1.040874,1.026877,1.038993,1.035411,1.009657,1.020839,1.015394,0.996869,1.006367,1.042845,1.043064,1.023765,1.004051,1.041049
3.906770,1.049012,1.034191,1.017032,1.005143,1.019655,1.024229,1.013099,1.011353,1.018378,1.031921,1.028087,1.012973,1.025038,1.012201,0.997390,1.012016,1.016996,1.015946,1.038765,0.984447,1.010865,1.031941,1.023867,1.016626,1.042588,1.041114,1.027127,1.039230,1.035646,1.009928,1.021051,1.015666,0.997088,1.006644,1.043070,1.043346,1.023960,1.004275,1.041088
3.915100,1.049139,1.034434,1.017286,1.005398,1.019908,1.024483,1.013349,1.011602,1.018629,1.032190,1.028351,1.013239,1.025307,1.012468,0.997662,1.012290,1.017263,1.016209,1.039035,0.984713,1.011135,1.032206,1.024143,1.016900,1.042811,1.041359,1.027381,1.039471,1.035886,1.010201,1.021268,1.015941,0.997310,1.006926,1.043299,1.043633,1.024157,1.004503,1.041127
3.923430,1.049267,1.034679,1.017544,1.005657,1.020166,1.024740,1.013604,1.011856,1.018885,1.032463,1.028619,1.013510,1.025579,1.012739,0.997938,1.012568,1.017533,1.016476,1.039308,0.984983,1.011410,1.032475,1.024424,1.017179,1.043037,1.041606,1.027638,1.039715,1.036129,1.010474,1.021489,1.016219,0.997537,1.007211,1.043532,1.043923,1.024357,1.004735,1.041166
3.931760,1.049396,1.034926,1.017805,1.005921,1.020427,1.025002,1.013862,1.012114,1.019144,1.032740,1.028890,1.013784,1.025856,1.013014,0.998219,1.012850,1.017808,1.016746,1.039586,0.985258,1.011688,1.032749,1.024708,1.017462,1.043265,1.041857,1.027899,1.039963,1.036376,1.010749,1.021714,1.016498,0.997767,1.007501,1.043769,1.044217,1.024559,1.004970,1.041203
3.940090,1.049525,1.035175,1.018069,1.006188,1.020692,1.025268,1.014125,1.012375,1.019408,1.033020,1.029165,1.014061,1.026135,1.013293,0.998504,1.013136,1.018086,1.017020,1.039867,0.985536,1.011971,1.033026,1.024996,1.017749,1.043495,1.042111,1.028163,1.040214,1.036626,1.011025,1.021943,1.016780,0.998001,1.007794,1.044009,1.044513,1.024764,1.005208,1.041241
3.948420,1.049655,1.035426,1.018336,1.006458,1.020961,1.025536,1.014390,1.012640,1.019674,1.033302,1.029443,1.014341,1.026418,1.013576,0.998792,1.013425,1.018367,1.017296,1.040153,0.985818,1.012257,1.033306,1.025288,1.018040,1.043727,1.042368,1.028430,1.040468,1.036879,1.011301,1.022176,1.017062,0.998237,1.008091,1.044253,1.044812,1.024970,1.005448,1.041278
3.956750,1.049786,1.035679,1.018605,1.006732,1.021232,1.025808,1.014658,1.012908,1.019944,1.033587,1.029724,1.014624,1.026703,1.013861,0.999084,1.013718,1.018651,1.017576,1.040441,0.986103,1.012547,1.033590,1.025582,1.018334,1.043961,1.042627,1.028699,1.040725,1.037134,1.011577,1.022411,1.017346,0.998477,1.008391,1.044499,1.045114,1.025178,1.005691,1.041314
3.965080,1.049916,1.035933,1.018876,1.007008,1.021506,1.026082,1.014929,1.013179,1.020216,1.033875,1.030007,1.014910,1.026991,1.014149,0.999379,1.014014,1.018938,1.017858,1.040733,0.986391,1.012839,1.033877,1.025880,1.018631,1.044196,1.042888,1.028971,1.040984,1.037392,1.011854,1.022649,1.017630,0.998719,1.008693,1.044748,1.045417,1.025388,1.005937,1.041350
3.973410,1.050047,1.036187,1.019149,1.007286,1.021783,1.026359,1.015203,1.013451,1.020491,1.034164,1.030292,1.015197,1.027280,1.014439,0.999677,1.014313,1.019227,1.018142,1.041028,0.986682,1.013135,1.034166,1.026179,1.018931,1.044432,1.043151,1.029245,1.041245,1.037652,1.012130,1.022889,1.017914,0.998963,1.008999,1.045000,1.045723,1.025599,1.006184,1.041385
3.981740,1.050178,1.036443,1.019424,1.007567,1.022061,1.026637,1.015478,1.013726,1.020768,1.034454,1.030578,1.015486,1.027571,1.014731,0.999977,1.014614,1.019519,1.018428,1.041325,0.986975,1.013432,1.034458,1.026482,1.019234,1.044669,1.043416,1.029521,1.041508,1.037913,1.012406,1.023132,1.018198,0.999210,1.009306,1.045254,1.046030,1.025810,1.006434,1.041419
3.990070,1.050308,1.036700,1.019700,1.007849,1.022341,1.026917,1.015755,1.014003,1.021046,1.034746,1.030866,1.015776,1.027863,1.015024,1.000279,1.014917,1.019812,1.018716,1.041624,0.987270,1.013732,1.034751,1.026786,1.019539,1.044906,1.043682,1.029799,1.041773,1.038177,1.012681,1.023376,1.018481,0.999458,1.009616,1.045510,1.046339,1.026023,1.006685,1.041453
3.998400,1.050439,1.036956,1.019977,1.008133,1.022622,1.027198,1.016033,1.014280,1.021326,1.035038,1.031154,1.016067,1.028156,1.015319,1.000583,1.015223,1.020107,1.019005,1.041926,0.987568,1.014033,1.035047,1.027092,1.019845,1.045144,1.043949,1.030078,1.042039,1.038441,1.012955,1.023621,1.018763,0.999708,1.009927,1.045768,1.046649,1.026236,1.006937,1.041486
4.006730,1.050569,1.037213,1.020255,1.008418,1.022904,1.027480,1.016312,1.014559,1.021607,1.035331,1.031443,1.016358,1.028450,1.015615,1.000888,1.015529,1.020403,1.019296,1.042229,0.987867,1.014337,1.035344,1.027399,1.020154,1.045382,1.044217,1.030358,1.042306,1.038707,1.013228,1.023867,1.019044,0.999960,1.010240,1.046027,1.046960,1.026450,1.007190,1.041519
4.015060,1.050699,1.037470,1.020533,1.008703,1.023186,1.027763,1.016592,1.014839,1.021888,1.035623,1.031733,1.016650,1.028744,1.015912,1.001195,1.015837,1.020700,1.019587,1.042534,0.988168,1.014641,1.035642,1.027707,1.020464,1.045620,1.044486,1.030638,1.042574,1.038974,1.013500,1.024114,1.019324,1.000213,1.010555,1.046288,1.047271,1.026664,1.007444,1.041550
4.023390,1.050828,1.037726,1.020811,1.008989,1.023469,1.028045,1.016872,1.015118,1.022170,1.035916,1.032022,1.016941,1.029038,1.016209,1.001503,1.016147,1.020998,1.019879,1.042840,0.988470,1.014947,1.035942,1.028017,1.020775,1.045857,1.044755,1.030920,1.042843,1.039241,1.013770,1.024361,1.019601,1.000467,1.010870,1.046550,1.047583,1.026879,1.007699,1.041581
4.031720,1.050957,1.037982,1.021090,1.009276,1.023752,1.028328,1.017152,1.015398,1.022451,1.036207,1.032311,1.017233,1.029331,1.016505,1.001811,1.016456,1.021296,1.020171,1.043147,0.988774,1.015253,1.036242,1.028327,1.021087,1.046095,1.045024,1.031201,1.043112,1.039509,1.014039,1.024608,1.019877,1.000722,1.011187,1.046813,1.047895,1.027093,1.007955,1.041611
4.040050,1.051086,1.038237,1.021368,1.009562,1.024034,1.028610,1.017431,1.015678,1.022733,1.036498,1.032599,1.017523,1.029623,1.016802,1.002120,1.016767,1.021595,1.020463,1.043454,0.989078,1.015560,1.036543,1.028638,1.021399,1.046331,1.045293,1.031483,1.043381,1.039776,1.014306,1.024855,1.020149,1.000978,1.011504,1.047076,1.048206,1.027307,1.008210,1.041640
4.048380,1.051213,1.038491,1.021645,1.009847,1.024316,1.028891,1.017710,1.015956,1.023014,1.036788,1.032886,1.017812,1.029915,1.017098,1.002428,1.017078,1.021894,1.020754,1.043763,0.989382,1.015867,1.036844,1.028948,1.021712,1.046567,1.045562,1.031765,1.043650,1.040044,1.014570,1.025101,1.020419,1.001234,1.011822,1.047340,1.048518,1.027520,1.008466,1.041669
4.056710,1.051340,1.038744,1.021922,1.010132,1.024597,1.029172,1.017988,1.016234,1.023294,1.037076,1.033171,1.018100,1.030205,1.017393,1.002737,1.017388,1.022192,1.021046,1.044071,0.989687,1.016175,1.037146,1.029259,1.022025,1.046802,1.045830,1.032046,1.043919,1.040312,1.014833,1.025346,1.020686,1.001491,1.012140,1.047605,1.048829,1.027733,1.008722,1.041696
4.065040,1.051465,1.038995,1.022197,1.010416,1.024876,1.029451,1.018265,1.016511,1.023572,1.037362,1.033455,1.018387,1.030494,1.017687,1.003045,1.017699,1.022490,1.021336,1.044380,0.989993,1.016482,1.037447,1.029570,1.022338,1.047035,1.046098,1.032326,1.044188,1.040579,1.015093,1.025589,1.020949,1.001747,1.012458,1.047869,1.049139,1.027945,1.008977,1.041723
4.073370,1.051590,1.039245,1.022472,1.010699,1.025154,1.029728,1.018540,1.016786,1.023849,1.037646,1.033737,1.018671,1.030780,1.017980,1.003353,1.018009,1.022787,1.021626,1.044689,0.990298,1.016789,1.037748,1.029880,1.022650,1.047267,1.046365,1.032606,1.044455,1.040845,1.015351,1.025831,1.021209,1.002004,1.012776,1.048134,1.049448,1.028155,1.009232,1.041748
4.081700,1.051713,1.039494,1.022745,1.010980,1.025430,1.030004,1.018814,1.017060,1.024125,1.037928,1.034017,1.018954,1.031065,1.018271,1.003660,1.018318,1.023083,1.021915,1.044997,0.990603,1.017095,1.038048,1.030189,1.022962,1.047498,1.046630,1.032885,1.044722,1.041111,1.015606,1.026070,1.021465,1.002260,1.013093,1.048398,1.049756,1.028365,1.009486,1.041773
4.090030,1.051836,1.039740,1.023016,1.011259,1.025704,1.030277,1.019085,1.017331,1.024398,1.038207,1.034294,1.019234,1.031347,1.018560,1.003965,1.018626,1.023378,1.022202,1.045305,0.990907,1.017401,1.038348,1.030498,1.023273,1.047727,1.046894,1.033162,1.044988,1.041376,1.015858,1.026307,1.021717,1.002516,1.013410,1.048662,1.050063,1.028574,1.009739,1.041797
4.098360,1.051957,1.039985,1.023285,1.011537,1.025976,1.030548,1.019354,1.017601,1.024670,1.038484,1.034570,1.019512,1.031627,1.018847,1.004269,1.018933,1.023672,1.022488,1.045612,0.991211,1.017705,1.038647,1.030805,1.023582,1.047954,1.047157,1.033438,1.045253,1.041639,1.016109,1.026543,1.021967,1.002772,1.013727,1.048925,1.050369,1.028781,1.009991,1.041820
4.106690,1.052078,1.040229,1.023554,1.011813,1.026247,1.030818,1.019622,1.017869,1.024939,1.038759,1.034843,1.019787,1.031905,1.019132,1.004573,1.019241,1.023966,1.022773,1.045919,0.991516,1.018010,1.038946,1.031113,1.023893,1.048180,1.047420,1.033714,1.045518,1.041903,1.016356,1.026776,1.022211,1.003028,1.014044,1.049189,1.050673,1.028988,1.010243,1.041842
4.115020,1.052196,1.040469,1.023819,1.012086,1.026513,1.031084,1.019886,1.018133,1.025206,1.039029,1.035112,1.020059,1.032179,1.019415,1.004874,1.019545,1.024257,1.023056,1.046224,0.991818,1.018312,1.039242,1.031418,1.024200,1.048403,1.047679,1.033987,1.045780,1.042163,1.016600,1.027004,1.022451,1.003281,1.014358,1.049451,1.050975,1.029192,1.010493,1.041863
4.123350,1.052314,1.040707,1.024082,1.012357,1.026778,1.031347,1.020148,1.018395,1.025470,1.039297,1.035378,1.020328,1.032451,1.019695,1.005174,1.019848,1.024546,1.023336,1.046529,0.992120,1.018612,1.039538,1.031722,1.024506,1.048624,1.047937,1.034258,1.046040,1.042423,1.016841,1.027231,1.022688,1.003535,1.014672,1.049712,1.051276,1.029395,1.010741,1.041884
4.131680,1.052430,1.040943,1.024343,1.012625,1.027038,1.031607,1.020407,1.018654,1.025730,1.039561,1.035641,1.020593,1.032718,1.019971,1.005471,1.020150,1.024833,1.023615,1.046832,0.992421,1.018912,1.039832,1.032024,1.024811,1.048843,1.048193,1.034527,1.046299,1.042681,1.017079,1.027453,1.022918,1.003787,1.014985,1.049972,1.051574,1.029595,1.010988,1.041903
4.140010,1.052544,1.041176,1.024600,1.012890,1.027295,1.031863,1.020661,1.018909,1.025987,1.039821,1.035899,1.020855,1.032982,1.020244,1.005766,1.020449,1.025117,1.023890,1.047133,0.992719,1.019208,1.040123,1.032323,1.025113,1.049059,1.048446,1.034794,1.046556,1.042936,1.017313,1.027671,1.023144,1.004038,1.015296,1.050230,1.051870,1.029793,1.011233,1.041921
4.148340,1.052657,1.041407,1.024856,1.013152,1.027550,1.032116,1.020913,1.019162,1.026241,1.040078,1.036155,1.021113,1.033243,1.020515,1.006058,1.020746,1.025400,1.024164,1.047432,0.993017,1.019504,1.040414,1.032621,1.025413,1.049273,1.048698,1.035059,1.046811,1.043190,1.017545,1.027886,1.023366,1.004287,1.015606,1.050487,1.052164,1.029990,1.011476,1.041939
4.156670,1.052768,1.041634,1.025107,1.013409,1.027799,1.032364,1.021160,1.019409,1.026490,1.040329,1.036406,1.021366,1.033498,1.020781,1.006347,1.021040,1.025680,1.024434,1.047730,0.993312,1.019796,1.040701,1.032917,1.025710,1.049483,1.048946,1.035320,1.047062,1.043441,1.017772,1.028095,1.023582,1.004535,1.015913,1.050743,1.052455,1.030184,1.011717,1.041955
4.165000,1.052877,1.041857,1.025355,1.013664,1.028045,1.032608,1.021403,1.019653,1.026735,1.040576,1.036652,1.021616,1.033750,1.021044,1.006634,1.021331,1.025956,1.024701,1.048025,0.993606,1.020086,1.040987,1.033210,1.026005,1.049691,1.049191,1.035579,1.047312,1.043689,1.017995,1.028299,1.023792,1.004781,1.016219,1.050996,1.052743,1.030376,1.011956,1.041970
4.173330,1.052985,1.042080,1.025602,1.013916,1.028288,1.032850,1.021644,1.019894,1.026979,1.040820,1.036896,1.021862,1.033999,1.021304,1.006918,1.021622,1.026231,1.024967,1.048319,0.993899,1.020375,1.041271,1.033501,1.026299,1.049897,1.049435,1.035837,1.047560,1.043936,1.018217,1.028501,1.023999,1.005026,1.016523,1.051249,1.053029,1.030566,1.012193,1.041984
4.181660,1.053090,1.042297,1.025843,1.014161,1.028524,1.033084,1.021878,1.020128,1.027215,1.041057,1.037132,1.022102,1.034241,1.021558,1.007198,1.021907,1.026501,1.025227,1.048609,0.994188,1.020659,1.041551,1.033788,1.026587,1.050098,1.049675,1.036089,1.047804,1.044179,1.018433,1.028695,1.024198,1.005268,1.016824,1.051498,1.053311,1.030752,1.012427,1.041997
4.189990,1.053194,1.042511,1.026081,1.014404,1.028757,1.033315,1.022108,1.020359,1.027447,1.041291,1.037365,1.022337,1.034480,1.021808,1.007475,1.022190,1.026769,1.025485,1.048897,0.994475,1.020941,1.041829,1.034073,1.026874,1.050297,1.049912,1.036340,1.048046,1.044420,1.018646,1.028885,1.024393,1.005509,1.017124,1.051746,1.053591,1.030936,1.012658,1.042009
4.198320,1.053295,1.042722,1.026315,1.014642,1.028985,1.033541,1.022334,1.020586,1.027675,1.041519,1.037593,1.022568,1.034713,1.022054,1.007748,1.022470,1.027034,1.025739,1.049183,0.994760,1.021221,1.042105,1.034355,1.027158,1.050492,1.050145,1.036587,1.048284,1.044658,1.018855,1.029069,1.024582,1.005748,1.017421,1.051991,1.053867,1.031118,1.012887,1.042020
4.206650,1.053395,1.042930,1.026545,1.014876,1.029208,1.033763,1.022555,1.020807,1.027898,1.041742,1.037816,1.022794,1.034942,1.022296,1.008018,1.022747,1.027295,1.025990,1.049466,0.995043,1.021497,1.042377,1.034634,1.027438,1.050684,1.050376,1.036830,1.048520,1.044893,1.019061,1.029247,1.024765,1.005984,1.017716,1.052235,1.054140,1.031296,1.013114,1.042030
4.214980,1.053493,1.043134,1.026772,1.015105,1.029427,1.033979,1.022771,1.021024,1.028116,1.041960,1.038034,1.023015,1.035166,1.022533,1.008284,1.023020,1.027553,1.026237,1.049746,0.995323,1.021770,1.042647,1.034910,1.027715,1.050873,1.050603,1.037071,1.048753,1.045125,1.019262,1.029420,1.024944,1.006219,1.018008,1.052475,1.054410,1.031472,1.013337,1.042039
4.223310,1.053589,1.043335,1.026994,1.015330,1.029640,1.034190,1.022982,1.021236,1.028330,1.042174,1.038247,1.023231,1.035385,1.022766,1.008546,1.023290,1.027807,1.026480,1.050024,0.995601,1.022040,1.042913,1.035183,1.027989,1.051058,1.050827,1.037308,1.048982,1.045354,1.019460,1.029586,1.025116,1.006451,1.018298,1.052714,1.054677,1.031645,1.013558,1.042047
4.231640,1.053682,1.043532,1.027213,1.015551,1.029848,1.034396,1.023188,1.021443,1.028538,1.042382,1.038454,1.023442,1.035598,1.022993,1.008805,1.023556,1.028057,1.026720,1.050298,0.995876,1.022306,1.043177,1.035452,1.028259,1.051240,1.051048,1.037541,1.049209,1.045580,1.019654,1.029747,1.025284,1.006680,1.018585,1.052950,1.054940,1.031814,1.013776,1.042053
4.239970,1.053774,1.043725,1.027428,1.015767,1.030052,1.034597,1.023389,1.021645,1.028742,1.042585,1.038657,1.023648,1.035807,1.023217,1.009059,1.023819,1.028304,1.026956,1.050570,0.996148,1.022569,1.043437,1.035719,1.028526,1.051419,1.051264,1.037771,1.049432,1.045803,1.019845,1.029902,1.025446,1.006908,1.018870,1.053183,1.055200,1.031981,1.013991,1.042059
4.248300,1.053864,1.043915,1.027638,1.015978,1.030250,1.034793,1.023585,1.021842,1.028940,1.042782,1.038854,1.023849,1.036011,1.023435,1.009310,1.024078,1.028547,1.027188,1.050838,0.996417,1.022829,1.043694,1.035981,1.028789,1.051594,1.051478,1.037997,1.049652,1.046022,1.020031,1.030051,1.025603,1.007133,1.019152,1.053414,1.055457,1.032145,1.014202,1.042064
4.256630,1.053951,1.044101,1.027844,1.016184,1.030443,1.034984,1.023776,1.022034,1.029133,1.042975,1.039047,1.024045,1.036210,1.023649,1.009556,1.024334,1.028786,1.027416,1.051103,0.996684,1.023085,1.043948,1.036241,1.029049,1.051766,1.051688,1.038220,1.049868,1.046238,1.020214,1.030194,1.025755,1.007355,1.019431,1.053643,1.055710,1.032306,1.014411,1.042067
4.264960,1.054037,1.044283,1.028046,1.016386,1.030631,1.035170,1.023962,1.022221,1.029321,1.043163,1.039234,1.024236,1.036404,1.023858,1.009798,1.024585,1.029021,1.027640,1.051365,0.996948,1.023338,1.044199,1.036497,1.029305,1.051934,1.051894,1.038439,1.050081,1.046451,1.020394,1.030331,1.025901,1.007575,1.019707,1.053868,1.055959,1.032464,1.014617,1.042070
4.273290,1.054120,1.044462,1.028245,1.016583,1.030814,1.035350,1.024143,1.022402,1.029504,1.043345,1.039416,1.024421,1.036592,1.024062,1.010037,1.024833,1.029253,1.027860,1.051624,0.997209,1.023587,1.044446,1.036750,1.029557,1.052098,1.052097,1.038654,1.050291,1.046660,1.020569,1.030462,1.026043,1.007793,1.019981,1.054091,1.056206,1.032619,1.014820,1.042072
4.281620,1.054202,1.044637,1.028438,1.016775,1.030992,1.035525,1.024319,1.022579,1.029682,1.043522,1.039593,1.024602,1.036776,1.024261,1.010271,1.025077,1.029481,1.028076,1.051880,0.997467,1.023833,1.044690,1.036999,1.029805,1.052260,1.052296,1.038866,1.050497,1.046867,1.020742,1.030587,1.026180,1.008008,1.020251,1.054312,1.056448,1.032771,1.015019,1.042072
4.289950,1.054281,1.044809,1.028628,1.016962,1.031165,1.035695,1.024489,1.022751,1.029855,1.043695,1.039765,1.024777,1.036955,1.024456,1.010501,1.025318,1.029705,1.028288,1.052133,0.997722,1.024075,1.044931,1.037244,1.030050,1.052417,1.052492,1.039074,1.050700,1.047069,1.020910,1.030706,1.026313,1.008220,1.020519,1.054529,1.056688,1.032919,1.015216,1.042072
4.298280,1.054358,1.044977,1.028814,1.017145,1.031333,1.035860,1.024655,1.022917,1.030023,1.043862,1.039932,1.024948,1.037129,1.024645,1.010727,1.025554,1.029925,1.028497,1.052382,0.997974,1.024313,1.045168,1.037487,1.030291,1.052572,1.052684,1.039278,1.050900,1.047269,1.021075,1.030819,1.026440,1.008430,1.020784,1.054744,1.056924,1.033065,1.015409,1.042071
4.306610,1.054434,1.045141,1.028996,1.017323,1.031496,1.036020,1.024816,1.023079,1.030186,1.044025,1.040094,1.025113,1.037298,1.024831,1.010949,1.025787,1.030141,1.028701,1.052629,0.998223,1.024548,1.045402,1.037725,1.030528,1.052723,1.052872,1.039478,1.051096,1.047465,1.021236,1.030926,1.026564,1.008638,1.021046,1.054956,1.057157,1.033208,1.015600,1.042069
4.314940,1.054507,1.045302,1.029173,1.017497,1.031653,1.036175,1.024971,1.023236,1.030344,1.044182,1.040251,1.025274,1.037462,1.025011,1.011167,1.026016,1.030354,1.028902,1.052872,0.998469,1.024780,1.045633,1.037961,1.030762,1.052870,1.053057,1.039675,1.051289,1.047658,1.021394,1.031028,1.026682,1.008842,1.021306,1.055166,1.057386,1.033347,1.015787,1.042065
4.323270,1.054578,1.045460,1.029347,1.017665,1.031806,1.036325,1.025122,1.023388,1.030497,1.044335,1.040403,1.025430,1.037622,1.025187,1.011380,1.026242,1.030562,1.029098,1.053111,0.998713,1.025008,1.045861,1.038193,1.030992,1.053014,1.053239,1.039869,1.051478,1.047847,1.021549,1.031123,1.026797,1.009045,1.021562,1.055373,1.057612,1.033484,1.015971,1.042061
4.331600,1.054647,1.045613,1.029516,1.017830,1.031955,1.036470,1.025268,1.023535,1.030645,1.044484,1.040551,1.025582,1.037777,1.025359,1.011590,1.026463,1.030767,1.029291,1.053348,0.998953,1.025232,1.046085,1.038421,1.031218,1.053155,1.053417,1.040058,1.051664,1.048033,1.021700,1.031213,1.026908,1.009245,1.021816,1.055577,1.057834,1.033618,1.016152,1.042057
4.339930,1.054715,1.045764,1.029682,1.017990,1.032098,1.036610,1.025410,1.023677,1.030788,1.044627,1.040694,1.025728,1.037927,1.025526,1.011796,1.026681,1.030968,1.029479,1.053581,0.999190,1.025453,1.046306,1.038646,1.031440,1.053293,1.053591,1.040244,1.051847,1.048216,1.021848,1.031298,1.027015,1.009442,1.022067,1.055778,1.058054,1.033749,1.016330,1.042051
4.348260,1.054780,1.045911,1.029843,1.018145,1.032237,1.036746,1.025546,1.023815,1.030927,1.044767,1.040832,1.025871,1.038073,1.025688,1.011997,1.026895,1.031165,1.029664,1.053811,0.999425,1.025670,1.046523,1.038868,1.031659,1.053427,1.053762,1.040427,1.052026,1.048395,1.021992,1.031377,1.027118,1.009637,1.022315,1.055977,1.058270,1.033877,1.016505,1.042044
4.356590,1.054843,1.046054,1.030001,1.018296,1.032371,1.036876,1.025678,1.023948,1.031061,1.044902,1.040966,1.026009,1.038215,1.025847,1.012195,1.027105,1.031359,1.029846,1.054038,0.999657,1.025884,1.046737,1.039086,1.031874,1.053558,1.053930,1.040606,1.052202,1.048572,1.022134,1.031450,1.027217,1.009830,1.022560,1.056173,1.058483,1.034002,1.016677,1.042037
4.364920,1.054905,1.046194,1.030155,1.018443,1.032501,1.037003,1.025806,1.024077,1.031191,1.045032,1.041095,1.026142,1.038353,1.026001,1.012389,1.027312,1.031549,1.030023,1.054262,0.999885,1.026094,1.046948,1.039301,1.032085,1.053686,1.054094,1.040781,1.052375,1.048744,1.022272,1.031519,1.027313,1.010020,1.022803,1.056366,1.058692,1.034124,1.016845,1.042028
4.373250,1.054964,1.046331,1.030305,1.018586,1.032626,1.037125,1.025929,1.024202,1.031316,1.045159,1.041221,1.026272,1.038486,1.026151,1.012579,1.027515,1.031735,1.030197,1.054483,1.000111,1.026301,1.047156,1.039512,1.032293,1.053811,1.054255,1.040953,1.052544,1.048914,1.022407,1.031582,1.027406,1.010208,1.023043,1.056557,1.058899,1.034243,1.017011,1.042019
4.381580,1.055022,1.046465,1.030452,1.018724,1.032747,1.037243,1.026048,1.024322,1.031437,1.045281,1.041342,1.026397,1.038615,1.026297,1.012765,1.027715,1.031918,1.030367,1.054701,1.000334,1.026505,1.047361,1.039721,1.032497,1.053933,1.054412,1.041121,1.052710,1.049081,1.022538,1.031641,1.027496,1.010393,1.023280,1.056745,1.059102,1.034360,1.017174,1.042009
4.389910,1.055078,1.046595,1.030595,1.018859,1.032864,1.037356,1.026163,1.024438,1.031554,1.045400,1.041459,1.026519,1.038741,1.026439,1.012948,1.027911,1.032097,1.030533,1.054915,1.000554,1.026705,1.047563,1.039926,1.032698,1.054051,1.054566,1.041287,1.052873,1.049244,1.022667,1.031694,1.027583,1.010576,1.023514,1.056931,1.059303,1.034474,1.017334,1.041998
4.398240,1.055132,1.046722,1.030734,1.018990,1.032977,1.037466,1.026274,1.024550,1.031667,1.045515,1.041573,1.026636,1.038862,1.026577,1.013127,1.028103,1.032273,1.030696,1.055127,1.000772,1.026902,1.047761,1.040128,1.032895,1.054167,1.054717,1.041448,1.053033,1.049404,1.022793,1.031744,1.027666,1.010756,1.023746,1.057114,1.059500,1.034585,1.017490,1.041987
4.406570,1.055184,1.046847,1.030870,1.019117,1.033086,1.037572,1.026382,1.024658,1.031776,1.045627,1.041683,1.026750,1.038980,1.026711,1.013302,1.028292,1.032445,1.030856,1.055336,1.000987,1.027095,1.047956,1.040326,1.033089,1.054280,1.054865,1.041607,1.053190,1.049561,1.022916,1.031789,1.027748,1.010935,1.023975,1.057294,1.059694,1.034693,1.017644,1.041975
4.414900,1.055235,1.046968,1.031003,1.019240,1.033192,1.037674,1.026485,1.024763,1.031881,1.045734,1.041789,1.026861,1.039095,1.026842,1.013474,1.028478,1.032614,1.031012,1.055542,1.001199,1.027286,1.048149,1.040522,1.033280,1.054390,1.055010,1.041762,1.053343,1.049716,1.023036,1.031830,1.027827,1.011111,1.024202,1.057472,1.059886,1.034799,1.017795,1.041962
4.423230,1.055283,1.047086,1.031132,1.019360,1.033294,1.037772,1.026585,1.024864,1.031983,1.045839,1.041892,1.026968,1.039206,1.026969,1.013642,1.028661,1.032780,1.031165,1.055744,1.001408,1.027473,1.048338,1.040715,1.033467,1.054497,1.055152,1.041915,1.053494,1.049867,1.023153,1.031867,1.027903,1.011284,1.024426,1.057648,1.060074,1.034902,1.017944,1.041948
4.431560,1.055330,1.047201,1.031258,1.019476,1.033392,1.037867,1.026681,1.024962,1.032081,1.045941,1.041991,1.027071,1.039314,1.027093,1.013807,1.028840,1.032942,1.031315,1.055944,1.001615,1.027657,1.048525,1.040904,1.033651,1.054602,1.055291,1.042064,1.053641,1.050015,1.023267,1.031900,1.027978,1.011456,1.024648,1.057821,1.060260,1.035003,1.018089,1.041934
4.439890,1.055376,1.047314,1.031381,1.019589,1.033487,1.037959,1.026775,1.025056,1.032176,1.046039,1.042088,1.027172,1.039418,1.027214,1.013969,1.029016,1.033102,1.031462,1.056142,1.001819,1.027839,1.048709,1.041091,1.033832,1.054703,1.055426,1.042210,1.053786,1.050160,1.023379,1.031930,1.028050,1.011626,1.024867,1.057992,1.060443,1.035101,1.018232,1.041919
4.448220,1.055420,1.047424,1.031501,1.019699,1.033579,1.038047,1.026865,1.025147,1.032268,1.046135,1.042181,1.027270,1.039520,1.027332,1.014128,1.029189,1.033258,1.031605,1.056336,1.002020,1.028017,1.048890,1.041275,1.034010,1.054803,1.055559,1.042353,1.053928,1.050303,1.023488,1.031957,1.028121,1.011793,1.025083,1.058161,1.060624,1.035197,1.018372,1.041903
4.456550,1.055462,1.047531,1.031618,1.019806,1.033668,1.038133,1.026952,1.025235,1.032357,1.046228,1.042272,1.027365,1.039620,1.027447,1.014284,1.029359,1.033411,1.031746,1.056528,1.002219,1.028192,1.049068,1.041456,1.034185,1.054900,1.055690,1.042494,1.054067,1.050443,1.023594,1.031980,1.028190,1.011959,1.025297,1.058328,1.060802,1.035291,1.018510,1.041887
4.464880,1.055502,1.047635,1.031732,1.019910,1.033755,1.038216,1.027036,1.025321,1.032443,1.046318,1.042360,1.027457,1.039716,1.027559,1.014437,1.029527,1.033562,1.031883,1.056718,1.002416,1.028365,1.049244,1.041634,1.034357,1.054994,1.055817,1.042631,1.054204,1.050580,1.023698,1.032001,1.028258,1.012122,1.025509,1.058492,1.060977,1.035383,1.018645,1.041870
4.473210,1.055542,1.047737,1.031844,1.020012,1.033838,1.038296,1.027118,1.025403,1.032526,1.046406,1.042446,1.027547,1.039810,1.027668,1.014586,1.029691,1.033710,1.032018,1.056904,1.002610,1.028535,1.049417,1.041810,1.034526,1.055086,1.055942,1.042766,1.054338,1.050714,1.023799,1.032019,1.028324,1.012283,1.025719,1.058654,1.061150,1.035472,1.018777,1.041853
4.481540,1.055579,1.047837,1.031953,1.020110,1.033920,1.038374,1.027197,1.025484,1.032607,1.046492,1.042530,1.027635,1.039902,1.027775,1.014734,1.029853,1.033855,1.032151,1.057089,1.002802,1.028702,1.049588,1.041983,1.034692,1.055176,1.056065,1.042899,1.054469,1.050846,1.023898,1.032035,1.028390,1.012443,1.025926,1.058814,1.061321,1.035559,1.018907,1.041835
4.489870,1.055615,1.047934,1.032059,1.020207,1.033998,1.038449,1.027274,1.025562,1.032686,1.046576,1.042611,1.027721,1.039992,1.027879,1.014878,1.030012,1.033997,1.032280,1.057271,1.002992,1.028867,1.049756,1.042154,1.034856,1.055263,1.056185,1.043029,1.054598,1.050976,1.023994,1.032049,1.028454,1.012601,1.026131,1.058972,1.061489,1.035644,1.019035,1.041816
4.498200,1.055650,1.048029,1.032163,1.020301,1.034075,1.038523,1.027349,1.025638,1.032762,1.046658,1.042690,1.027804,1.040079,1.027981,1.015020,1.030168,1.034137,1.032407,1.057450,1.003179,1.029029,1.049922,1.042322,1.035017,1.055349,1.056303,1.043156,1.054724,1.051103,1.024088,1.032061,1.028518,1.012757,1.026334,1.059128,1.061654,1.035727,1.019160,1.041797
4.506530,1.055684,1.048121,1.032265,1.020392,1.034150,1.038594,1.027422,1.025712,1.032837,1.046739,1.042768,1.027886,1.040165,1.028081,1.015160,1.030322,1.034274,1.032532,1.057628,1.003365,1.029189,1.050085,1.042488,1.035175,1.055432,1.056418,1.043281,1.054848,1.051227,1.024180,1.032072,1.028580,1.012911,1.026535,1.059282,1.061818,1.035808,1.019283,1.041778
4.514860,1.055716,1.048212,1.032364,1.020482,1.034223,1.038664,1.027493,1.025784,1.032909,1.046817,1.042844,1.027966,1.040249,1.028179,1.015297,1.030474,1.034409,1.032655,1.057803,1.003548,1.029346,1.050246,1.042651,1.035332,1.055513,1.056531,1.043404,1.054969,1.051349,1.024270,1.032081,1.028643,1.013063,1.026734,1.059435,1.061980,1.035887,1.019403,1.041758
4.523190,1.055746,1.048300,1.032462,1.020570,1.034294,1.038732,1.027562,1.025854,1.032980,1.046895,1.042918,1.028044,1.040332,1.028275,1.015432,1.030623,1.034542,1.032775,1.057975,1.003729,1.029501,1.050405,1.042813,1.035485,1.055593,1.056642,1.043524,1.055089,1.051469,1.024357,1.032089,1.028704,1.013214,1.026930,1.059585,1.062139,1.035964,1.019521,1.041737
4.531520,1.055776,1.048386,1.032557,1.020656,1.034364,1.038799,1.027630,1.025923,1.033049,1.046971,1.042991,1.028122,1.040413,1.028369,1.015564,1.030770,1.034672,1.032893,1.058146,1.003908,1.029654,1.050562,1.042972,1.035637,1.055671,1.056751,1.043643,1.055206,1.051587,1.024442,1.032096,1.028766,1.013363,1.027125,1.059734,1.062296,1.036040,1.019638,1.041717
4.539850,1.055804,1.048471,1.032651,1.020740,1.034432,1.038864,1.027697,1.025990,1.033117,1.047045,1.043063,1.028197,1.040493,1.028462,1.015695,1.030914,1.034801,1.033009,1.058315,1.004085,1.029805,1.050717,1.043129,1.035786,1.055746,1.056857,1.043759,1.055321,1.051703,1.024525,1.032103,1.028827,1.013511,1.027318,1.059880,1.062452,1.036114,1.019752,1.041695
4.548180,1.055832,1.048553,1.032743,1.020823,1.034499,1.038928,1.027762,1.026057,1.033184,1.047119,1.043134,1.028272,1.040572,1.028553,1.015824,1.031057,1.034927,1.033123,1.058482,1.004260,1.029954,1.050870,1.043284,1.035933,1.055821,1.056962,1.043874,1.055433,1.051816,1.024606,1.032109,1.028888,1.013657,1.027508,1.060026,1.062605,1.036186,1.019864,1.041674
4.556510,1.055858,1.048634,1.032833,1.020905,1.034566,1.038992,1.027827,1.026122,1.033250,1.047192,1.043204,1.028346,1.040649,1.028643,1.015951,1.031198,1.035051,1.033235,1.058646,1.004433,1.030100,1.051021,1.043437,1.036078,1.055893,1.057065,1.043986,1.055544,1.051928,1.024685,1.032115,1.028949,1.013801,1.027697,1.060169,1.062756,1.036256,1.019974,1.041652
4.564840,1.055883,1.048713,1.032921,1.020985,1.034631,1.039054,1.027890,1.026187,1.033315,1.047265,1.043273,1.028419,1.040726,1.028732,1.016076,1.031337,1.035174,1.033345,1.058809,1.004604,1.030245,1.051170,1.043588,1.036222,1.055964,1.057167,1.044097,1.055653,1.052037,1.024762,1.032121,1.029011,1.013945,1.027884,1.060311,1.062906,1.036325,1.020082,1.041630
4.573170,1.055907,1.048790,1.033008,1.021064,1.034695,1.039116,1.027953,1.026250,1.033379,1.047336,1.043341,1.028491,1.040803,1.028820,1.016199,1.031474,1.035295,1.033454,1.058970,1.004774,1.030388,1.051317,1.043737,1.036363,1.056034,1.057266,1.044206,1.055760,1.052145,1.024837,1.032127,1.029072,1.014086,1.028069,1.060452,1.063054,1.036393,1.020188,1.041607
4.581500,1.055929,1.048865,1.033094,1.021142,1.034759,1.039177,1.028016,1.026313,1.033443,1.047408,1.043409,1.028563,1.040878,1.028907,1.016321,1.031609,1.035414,1.033561,1.059129,1.004941,1.030529,1.051463,1.043884,1.036502,1.056102,1.057364,1.044313,1.055865,1.052251,1.024910,1.032133,1.029134,1.014227,1.028252,1.060591,1.063200,1.036459,1.020292,1.041584
4.589830,1.055951,1.048940,1.033178,1.021219,1.034823,1.039238,1.028078,1.026376,1.033506,1.047478,1.043477,1.028634,1.040953,1.028993,1.016442,1.031742,1.035531,1.033667,1.059287,1.005107,1.030669,1.051607,1.044029,1.036640,1.056169,1.057460,1.044418,1.055969,1.052354,1.024981,1.032141,1.029197,1.014365,1.028434,1.060728,1.063344,1.036524,1.020395,1.041561
4.598160,1.055972,1.049012,1.033261,1.021296,1.034886,1.039298,1.028139,1.026438,1.033568,1.047549,1.043544,1.028705,1.041028,1.029078,1.016561,1.031874,1.035647,1.033771,1.059443,1.005271,1.030806,1.051749,1.044173,1.036776,1.056234,1.057555,1.044523,1.056070,1.052457,1.025051,1.032149,1.029260,1.014503,1.028613,1.060864,1.063487,1.036587,1.020495,1.041537
4.606490,1.055993,1.049084,1.033343,1.021372,1.034949,1.039359,1.028201,1.026501,1.033631,1.047620,1.043612,1.028777,1.041102,1.029163,1.016679,1.032005,1.035762,1.033874,1.059598,1.005435,1.030943,1.051890,1.044316,1.036911,1.056299,1.057649,1.044626,1.056171,1.052558,1.025119,1.032157,1.029323,1.014640,1.028792,1.061000,1.063629,1.036650,1.020595,1.041514
4.614820,1.056012,1.049153,1.033423,1.021446,1.035011,1.039418,1.028261,1.026561,1.033692,1.047689,1.043678,1.028846,1.041175,1.029245,1.016794,1.032132,1.035874,1.033974,1.059749,1.005594,1.031076,1.052027,1.044455,1.037042,1.056362,1.057739,1.044726,1.056268,1.052656,1.025185,1.032167,1.029386,1.014774,1.028967,1.061132,1.063767,1.036711,1.020691,1.041490
4.623150,1.056030,1.049222,1.033502,1.021521,1.035073,1.039479,1.028322,1.026623,1.033754,1.047759,1.043745,1.028917,1.041249,1.029329,1.016909,1.032260,1.035985,1.034074,1.059900,1.005753,1.031209,1.052165,1.044594,1.037174,1.056424,1.057830,1.044826,1.056365,1.052753,1.025249,1.032178,1.029451,1.014908,1.029141,1.061264,1.063905,1.036770,1.020787,1.041466
4.631480,1.056048,1.049289,1.033582,1.021596,1.035136,1.039539,1.028383,1.026685,1.033817,1.047830,1.043812,1.028987,1.041323,1.029412,1.017024,1.032386,1.036096,1.034174,1.060051,1.005912,1.031342,1.052302,1.044733,1.037304,1.056486,1.057920,1.044925,1.056461,1.052849,1.025313,1.032190,1.029515,1.015041,1.029315,1.061395,1.064042,1.036830,1.020882,1.041441
4.639810,1.056064,1.049355,1.033659,1.021669,1.035198,1.039600,1.028444,1.026747,1.033879,1.047900,1.043879,1.029057,1.041397,1.029494,1.017136,1.032510,1.036204,1.034271,1.060198,1.006067,1.031471,1.052435,1.044868,1.037432,1.056546,1.058007,1.045022,1.056555,1.052943,1.025374,1.032204,1.029581,1.015172,1.029485,1.061524,1.064176,1.036887,1.020974,1.041417
4.648140,1.056080,1.049420,1.033736,1.021743,1.035262,1.039661,1.028506,1.026809,1.033942,1.047971,1.043947,1.029128,1.041471,1.029577,1.017248,1.032634,1.036312,1.034368,1.060344,1.006222,1.031600,1.052569,1.045002,1.037559,1.056605,1.058094,1.045118,1.056647,1.053036,1.025434,1.032221,1.029648,1.015303,1.029655,1.061652,1.064310,1.036944,1.021065,1.041392
4.656470,1.056096,1.049484,1.033812,1.021817,1.035325,1.039722,1.028568,1.026871,1.034004,1.048042,1.044015,1.029199,1.041545,1.029659,1.017359,1.032756,1.036419,1.034464,1.060490,1.006376,1.031728,1.052701,1.045136,1.037685,1.056663,1.058180,1.045213,1.056739,1.053127,1.025492,1.032238,1.029715,1.015432,1.029824,1.061780,1.064442,1.037000,1.021155,1.041367
4.664800,1.056110,1.049547,1.033888,1.021890,1.035389,1.039784,1.028630,1.026934,1.034068,1.048114,1.044083,1.029271,1.041620,1.029741,1.017469,1.032877,1.036525,1.034559,1.060634,1.006527,1.031854,1.052831,1.045267,1.037810,1.056721,1.058264,1.045307,1.056828,1.053217,1.025549,1.032257,1.029783,1.015560,1.029989,1.061905,1.064572,1.037055,1.021243,1.041342
4.673130,1.056124,1.049609,1.033963,1.021964,1.035454,1.039848,1.028694,1.026998,1.034132,1.048186,1.044153,1.029343,1.041695,1.029824,1.017579,1.032996,1.036629,1.034652,1.060776,1.006677,1.031979,1.052960,1.045398,1.037933,1.056777,1.058348,1.045400,1.056917,1.053306,1.025604,1.032280,1.029853,1.015687,1.030154,1.062030,1.064701,1.037108,1.021329,1.041317
4.681460,1.056138,1.049670,1.034037,1.022038,1.035518,1.039910,1.028757,1.027062,1.034196,1.048259,1.044222,1.029415,1.041770,1.029905,1.017687,1.033115,1.036733,1.034745,1.060918,1.006826,1.032103,1.053089,1.045527,1.038055,1.056833,1.058430,1.045491,1.057004,1.053393,1.025658,1.032303,1.029922,1.015813,1.030317,1.062154,1.064829,1.037161,1.021414,1.041292
4.689790,1.056150,1.049729,1.034111,1.022112,1.035584,1.039975,1.028822,1.027127,1.034262,1.048332,1.044293,1.029489,1.041846,1.029988,1.017796,1.033233,1.036835,1.034838,1.061057,1.006973,1.032225,1.053215,1.045655,1.038177,1.056888,1.058511,1.045582,1.057090,1.053479,1.025710,1.032330,1.029994,1.015938,1.030478,1.062276,1.064955,1.037214,1.021498,1.041267
4.698120,1.056162,1.049788,1.034184,1.022186,1.035651,1.040040,1.028888,1.027193,1.034328,1.048406,1.044364,1.029562,1.041922,1.030071,1.017903,1.033349,1.036937,1.034929,1.061196,1.007119,1.032347,1.053340,1.045781,1.038296,1.056942,1.058591,1.045672,1.057174,1.053563,1.025760,1.032359,1.030066,1.016062,1.030638,1.062397,1.065079,1.037265,1.021580,1.041242
4.706450,1.056173,1.049846,1.034257,1.022260,1.035718,1.040106,1.028954,1.027259,1.034395,1.048481,1.044436,1.029637,1.041999,1.030153,1.018009,1.033464,1.037037,1.035019,1.061332,1.007263,1.032466,1.053464,1.045905,1.038415,1.056995,1.058670,1.045760,1.057257,1.053646,1.025809,1.032390,1.030139,1.016184,1.030795,1.062517,1.065202,1.037315,1.021660,1.041216
4.714780,1.056184,1.049902,1.034329,1.022335,1.035786,1.040173,1.029021,1.027327,1.034463,1.048556,1.044508,1.029711,1.042076,1.030236,1.018114,1.033578,1.037136,1.035109,1.061468,1.007405,1.032585,1.053586,1.046029,1.038532,1.057048,1.058748,1.045848,1.057338,1.053727,1.025857,1.032424,1.030212,1.016305,1.030951,1.062636,1.065323,1.037364,1.021739,1.041191
4.723110,1.056194,1.049958,1.034401,1.022410,1.035854,1.040241,1.029088,1.027394,1.034531,1.048632,1.044581,1.029787,1.042154,1.030319,1.018219,1.033691,1.037235,1.035197,1.061602,1.007546,1.032703,1.053708,1.046151,1.038648,1.057099,1.058825,1.045934,1.057419,1.053807,1.025902,1.032460,1.030287,1.016425,1.031105,1.062753,1.065443,1.037412,1.021817,1.041165
4.731440,1.056204,1.050012,1.034472,1.022484,1.035924,1.040309,1.029157,1.027463,1.034600,1.048709,1.044655,1.029863,1.042232,1.030402,1.018323,1.033803,1.037332,1.035285,1.061735,1.007686,1.032819,1.053828,1.046271,1.038763,1.057150,1.058901,1.046020,1.057498,1.053886,1.025947,1.032498,1.030362,1.016544,1.031257,1.062869,1.065561,1.037460,1.021893,1.041140
4.739770,1.056213,1.050066,1.034542,1.022560,1.035994,1.040379,1.029226,1.027533,1.034670,1.048786,1.044730,1.029939,1.042311,1.030485,1.018427,1.033914,1.037429,1.035372,1.061866,1.007823,1.032934,1.053946,1.046391,1.038877,1.057201,1.058976,1.046104,1.057575,1.053963,1.025990,1.032540,1.030438,1.016662,1.031408,1.062985,1.065677,1.037507,1.021967,1.041114
4.748100,1.056221,1.050119,1.034612,1.022635,1.036065,1.040449,1.029296,1.027603,1.034741,1.048863,1.044805,1.030017,1.042391,1.030568,1.018530,1.034024,1.037524,1.035459,1.061996,1.007960,1.033048,1.054064,1.046509,1.038990,1.057250,1.059050,1.046188,1.057652,1.054039,1.026031,1.032583,1.030515,1.016778,1.031556,1.063098,1.065792,1.037553,1.022040,1.041089
4.756430,1.056229,1.050171,1.034682,1.022711,1.036137,1.040520,1.029367,1.027674,1.034813,1.048942,1.044881,1.030095,1.042470,1.030652,1.018632,1.034133,1.037619,1.035544,1.062124,1.008094,1.033161,1.054180,1.046625,1.039102,1.057299,1.059123,1.046270,1.057727,1.054114,1.026071,1.032629,1.030593,1.016894,1.031703,1.063211,1.065905,1.037598,1.022112,1.041063
4.764760,1.056236,1.050222,1.034752,1.022787,1.036210,1.040592,1.029439,1.027746,1.034885,1.049021,1.044958,1.030173,1.042551,1.030736,1.018733,1.034241,1.037713,1.035629,1.062251,1.008227,1.033273,1.054295,1.046741,1.039212,1.057347,1.059195,1.046352,1.057801,1.054187,1.026109,1.032678,1.030671,1.017008,1.031848,1.063323,1.066017,1.037642,1.022182,1.041038
4.773090,1.056243,1.050272,1.034820,1.022863,1.036283,1.040665,1.029511,1.027819,1.034958,1.049101,1.045035,1.030252,1.042632,1.030820,1.018834,1.034348,1.037805,1.035713,1.062377,1.008359,1.033383,1.054408,1.046855,1.039322,1.057395,1.059266,1.046433,1.057874,1.054259,1.026146,1.032728,1.030750,1.017121,1.031991,1.063433,1.066127,1.037686,1.022251,1.041012
4.781420,1.056249,1.050322,1.034889,1.022940,1.036357,1.040739,1.029585,1.027892,1.035032,1.049181,1.045113,1.030332,1.042713,1.030904,1.018934,1.034453,1.037897,1.035797,1.062501,1.008489,1.033492,1.054520,1.046967,1.039430,1.057442,1.059336,1.046513,1.057945,1.054330,1.026181,1.032781,1.030829,1.017232,1.032132,1.063542,1.066235,1.037729,1.022318,1.040987
4.789750,1.056255,1.050370,1.034957,1.023017,1.036432,1.040813,1.029659,1.027966,1.035107,1.049261,1.045191,1.030412,1.042794,1.030988,1.019034,1.034558,1.037988,1.035879,1.062624,1.008617,1.033600,1.054631,1.047078,1.039537,1.057488,1.059405,1.046592,1.058015,1.054399,1.026215,1.032837,1.030909,1.017343,1.032271,1.063650,1.066342,1.037770,1.022384,1.040962
4.798080,1.056260,1.050417,1.035024,1.023094,1.036507,1.040888,1.029733,1.028041,1.035182,1.049342,1.045270,1.030492,1.042876,1.031072,1.019132,1.034662,1.038078,1.035961,1.062745,1.008743,1.033707,1.054740,1.047187,1.039643,1.057533,1.059473,1.046669,1.058084,1.054467,1.026248,1.032894,1.030989,1.017452,1.032409,1.063757,1.066447,1.037812,1.022449,1.040936
4.806410,1.056265,1.050464,1.035091,1.023171,1.036583,1.040964,1.029809,1.028116,1.035258,1.049423,1.045350,1.030573,1.042958,1.031157,1.019230,1.034764,1.038167,1.036042,1.062865,1.008868,1.033812,1.054848,1.047295,1.039748,1.057578,1.059540,1.046746,1.058152,1.054533,1.026278,1.032954,1.031070,1.017559,1.032544,1.063862,1.066550,1.037852,1.022511,1.040911
4.814740,1.056269,1.050509,1.035157,1.023248,1.036659,1.041040,1.029884,1.028192,1.035334,1.049505,1.045430,1.030654,1.043040,1.031241,1.019327,1.034865,1.038254,1.036121,1.062983,1.008991,1.033916,1.054955,1.047401,1.039851,1.057621,1.059606,1.046821,1.058217,1.054598,1.026307,1.033015,1.031150,1.017666,1.032677,1.063965,1.066651,1.037891,1.022572,1.040885
4.823070,1.056272,1.050553,1.035222,1.023325,1.036736,1.041117,1.029961,1.028268,1.035411,1.049587,1.045510,1.030735,1.043123,1.031325,1.019423,1.034965,1.038341,1.036200,1.063099,1.009112,1.034018,1.055059,1.047506,1.039953,1.057664,1.059670,1.046896,1.058282,1.054661,1.026335,1.033078,1.031231,1.017770,1.032807,1.064068,1.066750,1.037929,1.022632,1.040860
4.831400,1.056275,1.050596,1.035287,1.023402,1.036813,1.041194,1.030037,1.028345,1.035488,1.049669,1.045590,1.030817,1.043205,1.031408,1.019518,1.035063,1.038426,1.036278,1.063214,1.009231,1.034119,1.055162,1.047609,1.040054,1.057706,1.059733,1.046969,1.058345,1.054723,1.026360,1.033143,1.031312,1.017874,1.032936,1.064168,1.066847,1.037967,1.022689,1.040835
4.839730,1.056278,1.050638,1.035351,1.023479,1.036890,1.041272,1.030114,1.028422,1.035566,1.049751,1.045671,1.030898,1.043288,1.031492,1.019612,1.035160,1.038510,1.036355,1.063327,1.009348,1.034219,1.055264,1.047710,1.040153,1.057747,1.059795,1.047041,1.058406,1.054783,1.026384,1.033209,1.031392,1.017975,1.033062,1.064268,1.066942,1.038003,1.022745,1.040810
4.848060,1.056279,1.050679,1.035414,1.023556,1.036968,1.041349,1.030191,1.028499,1.035643,1.049832,1.045751,1.030979,1.043370,1.031575,1.019705,1.035256,1.038593,1.036430,1.063438,1.009463,1.034317,1.055364,1.047810,1.040250,1.057787,1.059856,1.047111,1.058466,1.054842,1.026406,1.033277,1.031473,1.018075,1.033186,1.064365,1.067035,1.038039,1.022800,1.040785
4.856390,1.056280,1.050718,1.035477,1.023632,1.037045,1.041427,1.030268,1.028576,1.035721,1.049914,1.045831,1.031061,1.043452,1.031658,1.019796,1.035350,1.038675,1.036505,1.063547,1.009576,1.034413,1.055462,1.047907,1.040347,1.057826,1.059916,1.047181,1.058524,1.054898,1.026427,1.033346,1.031553,1.018174,1.033308,1.064461,1.067125,1.038073,1.022852,1.040759
4.864720,1.056281,1.050757,1.035538,1.023708,1.037123,1.041505,1.030345,1.028653,1.035798,1.049996,1.045912,1.031142,1.043533,1.031740,1.019887,1.035442,1.038755,1.036578,1.063654,1.009687,1.034507,1.055558,1.048003,1.040441,1.057864,1.059973,1.047249,1.058581,1.054953,1.026445,1.033417,1.031633,1.018271,1.033427,1.064556,1.067214,1.038106,1.022902,1.040734
4.873050,1.056281,1.050794,1.035598,1.023784,1.037200,1.041583,1.030422,1.028730,1.035876,1.050077,1.045992,1.031222,1.043615,1.031821,1.019976,1.035533,1.038833,1.036650,1.063759,1.009796,1.034600,1.055653,1.048097,1.040534,1.057901,1.060030,1.047315,1.058636,1.055007,1.026462,1.033488,1.031713,1.018366,1.033543,1.064648,1.067300,1.038138,1.022951,1.040709
4.881380,1.056280,1.050829,1.035658,1.023859,1.037277,1.041660,1.030499,1.028807,1.035953,1.050157,1.046071,1.031302,1.043695,1.031902,1.020064,1.035622,1.038910,1.036720,1.063863,1.009903,1.034691,1.055745,1.048188,1.040625,1.057936,1.060085,1.047380,1.058689,1.055058,1.026477,1.033560,1.031792,1.018459,1.033658,1.064739,1.067384,1.038169,1.022998,1.040684
4.889710,1.056279,1.050863,1.035716,1.023933,1.037354,1.041738,1.030576,1.028883,1.036030,1.050237,1.046150,1.031382,1.043775,1.031982,1.020151,1.035710,1.038985,1.036789,1.063964,1.010007,1.034780,1.055836,1.048278,1.040714,1.057971,1.060138,1.047443,1.058740,1.055107,1.026489,1.033633,1.031870,1.018550,1.033769,1.064828,1.067465,1.038199,1.023042,1.040660
4.898040,1.056276,1.050896,1.035773,1.024006,1.037430,1.041814,1.030652,1.028959,1.036107,1.050317,1.046229,1.031461,1.043855,1.032061,1.020235,1.035795,1.039059,1.036857,1.064063,1.010109,1.034867,1.055924,1.048365,1.040801,1.058004,1.060190,1.047505,1.058789,1.055155,1.026500,1.033706,1.031947,1.018640,1.033878,1.064915,1.067544,1.038227,1.023085,1.040635
4.906370,1.056273,1.050927,1.035828,1.024079,1.037506,1.041891,1.030727,1.029035,1.036183,1.050395,1.046307,1.031539,1.043933,1.032140,1.020319,1.035879,1.039131,1.036923,1.064159,1.010208,1.034952,1.056010,1.048450,1.040886,1.058036,1.060240,1.047564,1.058836,1.055200,1.026508,1.033779,1.032024,1.018727,1.033984,1.065000,1.067620,1.038254,1.023125,1.040610
4.914700,1.056270,1.050956,1.035882,1.024151,1.037581,1.041966,1.030802,1.029109,1.036258,1.050473,1.046384,1.031616,1.044011,1.032217,1.020400,1.035961,1.039201,1.036987,1.064253,1.010305,1.035035,1.056094,1.048533,1.040969,1.058066,1.060288,1.047622,1.058881,1.055243,1.026515,1.033853,1.032100,1.018812,1.034087,1.065083,1.067694,1.038280,1.023163,1.040585
4.923030,1.056265,1.050984,1.035935,1.024222,1.037655,1.042041,1.030876,1.029183,1.036332,1.050549,1.046459,1.031693,1.044087,1.032292,1.020480,1.036041,1.039269,1.037049,1.064345,1.010400,1.035116,1.056176,1.048613,1.041051,1.058095,1.060335,1.047679,1.058924,1.055284,1.026519,1.033926,1.032174,1.018896,1.034187,1.065164,1.067764,1.038304,1.023199,1.040560
4.931360,1.056260,1.051010,1.035986,1.024291,1.037728,1.042115,1.030949,1.029256,1.036406,1.050625,1.046534,1.031768,1.044162,1.032367,1.020558,1.036118,1.039335,1.037110,1.064434,1.010492,1.035195,1.056256,1.048691,1.041129,1.058122,1.060379,1.047733,1.058965,1.055323,1.026521,1.033999,1.032247,1.018977,1.034285,1.065243,1.067832,1.038327,1.023233,1.040536
4.939690,1.056254,1.051034,1.036036,1.024359,1.037800,1.042187,1.031021,1.029328,1.036478,1.050699,1.046608,1.031841,1.044236,1.032440,1.020634,1.036193,1.039399,1.037168,1.064521,1.010581,1.035271,1.056333,1.048767,1.041206,1.058148,1.060421,1.047785,1.059004,1.055359,1.026520,1.034071,1.032319,1.019056,1.034379,1.065320,1.067898,1.038348,1.023264,1.040511
4.948020,1.056247,1.051056,1.036083,1.024426,1.037870,1.042258,1.031092,1.029399,1.036549,1.050771,1.046680,1.031914,1.044308,1.032511,1.020708,1.036266,1.039461,1.037225,1.064605,1.010667,1.035345,1.056407,1.048839,1.041280,1.058172,1.060462,1.047835,1.059040,1.055393,1.026517,1.034143,1.032390,1.019132,1.034470,1.065394,1.067960,1.038368,1.023293,1.040486
4.956350,1.056239,1.051076,1.036129,1.024491,1.037940,1.042328,1.031161,1.029468,1.036619,1.050843,1.046751,1.031984,1.044379,1.032581,1.020779,1.036337,1.039520,1.037279,1.064687,1.010751,1.035416,1.056479,1.048909,1.041352,1.058194,1.060500,1.047882,1.059074,1.055425,1.026511,1.034214,1.032459,1.019207,1.034558,1.065466,1.068019,1.038386,1.023319,1.040462
4.964680,1.056230,1.051094,1.036173,1.024554,1.038007,1.042397,1.031228,1.029535,1.036687,1.050912,1.046820,1.032053,1.044448,1.032648,1.020849,1.036404,1.039577,1.037331,1.064765,1.010831,1.035484,1.056548,1.048976,1.041421,1.058215,1.060536,1.047928,1.059105,1.055454,1.026503,1.034284,1.032526,1.019278,1.034643,1.065536,1.068075,1.038402,1.023342,1.040437
4.973010,1.056220,1.051110,1.036215,1.024616,1.038073,1.042463,1.031295,1.029601,1.036753,1.050979,1.046887,1.032120,1.044515,1.032714,1.020916,1.036470,1.039632,1.037381,1.064841,1.010909,1.035550,1.056615,1.049041,1.041487,1.058233,1.060569,1.047971,1.059134,1.055480,1.026492,1.034352,1.032591,1.019348,1.034725,1.065603,1.068128,1.038416,1.023363,1.040413
4.981340,1.056210,1.051124,1.036254,1.024676,1.038137,1.042528,1.031359,1.029666,1.036818,1.051045,1.046952,1.032186,1.044580,1.032778,1.020980,1.036532,1.039684,1.037428,1.064914,1.010984,1.035613,1.056678,1.049102,1.041551,1.058250,1.060600,1.048011,1.059160,1.055503,1.026479,1.034419,1.032654,1.019414,1.034803,1.065667,1.068177,1.038429,1.023381,1.040388
4.989670,1.056198,1.051135,1.036292,1.024733,1.038199,1.042591,1.031421,1.029728,1.036881,1.051108,1.047015,1.032249,1.044643,1.032839,1.021042,1.036592,1.039733,1.037473,1.064983,1.011055,1.035674,1.056739,1.049160,1.041612,1.058264,1.060629,1.048049,1.059183,1.055524,1.026463,1.034484,1.032716,1.019478,1.034878,1.065729,1.068224,1.038439,1.023397,1.040364
4.998000,1.056185,1.051144,1.036327,1.024789,1.038259,1.042652,1.031481,1.029788,1.036941,1.051169,1.047076,1.032310,1.044703,1.032898,1.021101,1.036649,1.039780,1.037516,1.065050,1.011123,1.035731,1.056796,1.049215,1.041670,1.058277,1.060655,1.048085,1.059204,1.055542,1.026444,1.034548,1.032775,1.019540,1.034949,1.065788,1.068267,1.038448,1.023409,1.040339
5.006330,1.056171,1.051151,1.036359,1.024842,1.038317,1.042710,1.031539,1.029846,1.037000,1.051228,1.047135,1.032368,1.044762,1.032955,1.021158,1.036703,1.039824,1.037556,1.065114,1.011189,1.035786,1.056852,1.049268,1.041725,1.058287,1.060679,1.048118,1.059222,1.055558,1.026423,1.034609,1.032832,1.019599,1.035018,1.065846,1.068307,1.038455,1.023420,1.040315
5.014660,1.056157,1.051156,1.036390,1.024894,1.038373,1.042767,1.031596,1.029903,1.037057,1.051285,1.047192,1.032425,1.044818,1.033010,1.021212,1.036755,1.039866,1.037593,1.065174,1.011251,1.035838,1.056904,1.049318,1.041777,1.058296,1.060700,1.048148,1.059238,1.055571,1.026398,1.034669,1.032887,1.019655,1.035082,1.065900,1.068344,1.038460,1.023427,1.040290
5.022990,1.056140,1.051157,1.036418,1.024942,1.038426,1.042821,1.031649,1.029956,1.037110,1.051339,1.047246,1.032479,1.044871,1.033062,1.021263,1.036803,1.039904,1.037627,1.065231,1.011310,1.035886,1.056952,1.049363,1.041826,1.058301,1.060718,1.048175,1.059250,1.055580,1.026371,1.034725,1.032939,1.019708,1.035143,1.065950,1.068376,1.038462,1.023430,1.040265
5.031320,1.056124,1.051157,1.036443,1.024988,1.038476,1.042872,1.031700,1.030007,1.037162,1.051391,1.047297,1.032530,1.044922,1.033111,1.021311,1.036848,1.039939,1.037659,1.065286,1.011366,1.035931,1.056998,1.049406,1.041872,1.058305,1.060734,1.048200,1.059260,1.055587,1.026341,1.034780,1.032989,1.019759,1.035202,1.065999,1.068407,1.038463,1.023432,1.040241
5.039650,1.056105,1.051154,1.036465,1.025031,1.038524,1.042921,1.031748,1.030055,1.037210,1.051439,1.047346,1.032578,1.044970,1.033157,1.021355,1.036889,1.039971,1.037687,1.065336,1.011417,1.035973,1.057040,1.049445,1.041914,1.058306,1.060746,1.048221,1.059265,1.055590,1.026307,1.034831,1.033036,1.019806,1.035254,1.066044,1.068431,1.038460,1.023429,1.040216
5.047980,1.056085,1.051147,1.036484,1.025071,1.038568,1.042966,1.031793,1.030100,1.037255,1.051484,1.047391,1.032623,1.045015,1.033200,1.021396,1.036927,1.039999,1.037712,1.065382,1.011465,1.036011,1.057078,1.049479,1.041953,1.058304,1.060755,1.048239,1.059268,1.055589,1.026270,1.034879,1.033080,1.019850,1.035304,1.066085,1.068453,1.038456,1.023423,1.040192
5.056310,1.056065,1.051138,1.036501,1.025109,1.038611,1.043008,1.031836,1.030143,1.037298,1.051527,1.047434,1.032666,1.045057,1.033240,1.021435,1.036963,1.040026,1.037734,1.065426,1.011510,1.036046,1.057114,1.049512,1.041989,1.058300,1.060761,1.048255,1.059268,1.055586,1.026231,1.034925,1.033122,1.019892,1.035351,1.066125,1.068472,1.038449,1.023415,1.040167
5.064640,1.056042,1.051126,1.036514,1.025143,1.038648,1.043047,1.031874,1.030181,1.037337,1.051565,1.047472,1.032704,1.045095,1.033276,1.021468,1.036993,1.040047,1.037752,1.065464,1.011550,1.036076,1.057144,1.049539,1.042020,1.058293,1.060764,1.048266,1.059263,1.055579,1.026187,1.034966,1.033160,1.019928,1.035391,1.066160,1.068485,1.038440,1.023402,1.040142
5.072970,1.056019,1.051110,1.036523,1.025173,1.038683,1.043082,1.031909,1.030217,1.037373,1.051601,1.047508,1.032739,1.045129,1.033309,1.021499,1.037020,1.040065,1.037767,1.065499,1.011587,1.036103,1.057172,1.049563,1.042047,1.058283,1.060763,1.048273,1.059256,1.055568,1.026140,1.035004,1.033195,1.019963,1.035429,1.066192,1.068495,1.038427,1.023386,1.040117
5.081300,1.055995,1.051093,1.036531,1.025201,1.038716,1.043116,1.031942,1.030250,1.037406,1.051634,1.047541,1.032772,1.045162,1.033339,1.021527,1.037044,1.040080,1.037779,1.065532,1.011621,1.036128,1.057197,1.049584,1.042072,1.058271,1.060760,1.048279,1.059246,1.055555,1.026090,1.035040,1.033228,1.019995,1.035464,1.066222,1.068502,1.038414,1.023367,1.040093
5.089630,1.055968,1.051071,1.036533,1.025224,1.038743,1.043143,1.031970,1.030278,1.037434,1.051661,1.047568,1.032799,1.045189,1.033364,1.021549,1.037062,1.040090,1.037786,1.065558,1.011649,1.036147,1.057215,1.049599,1.042091,1.058255,1.060752,1.048279,1.059230,1.055536,1.026036,1.035070,1.033256,1.020022,1.035492,1.066246,1.068502,1.038396,1.023343,1.040068
5.097960,1.055940,1.051046,1.036533,1.025244,1.038767,1.043168,1.031995,1.030302,1.037459,1.051686,1.047593,1.032823,1.045212,1.033386,1.021568,1.037078,1.040097,1.037790,1.065581,1.011674,1.036162,1.057231,1.049611,1.042107,1.058236,1.060741,1.048276,1.059212,1.055515,1.025979,1.035096,1.033280,1.020046,1.035517,1.066268,1.068500,1.038376,1.023317,1.040043
5.106290,1.055912,1.051019,1.036530,1.025262,1.038789,1.043190,1.032017,1.030325,1.037482,1.051708,1.047615,1.032845,1.045234,1.033406,1.021585,1.037091,1.040102,1.037792,1.065602,1.011696,1.036175,1.057245,1.049620,1.042121,1.058215,1.060728,1.048272,1.059191,1.055491,1.025919,1.035120,1.033303,1.020068,1.035540,1.066287,1.068495,1.038354,1.023288,1.040018
5.114620,1.055881,1.050987,1.036521,1.025274,1.038804,1.043206,1.032033,1.030341,1.037499,1.051723,1.047631,1.032860,1.045249,1.033418,1.021595,1.037097,1.040099,1.037787,1.065616,1.011711,1.036181,1.057251,1.049622,1.042127,1.058190,1.060709,1.048260,1.059165,1.055461,1.025854,1.035137,1.033320,1.020084,1.035554,1.066300,1.068482,1.038327,1.023252,1.039993
5.122950,1.055849,1.050952,1.036510,1.025282,1.038816,1.043218,1.032046,1.030355,1.037512,1.051736,1.047643,1.032873,1.045261,1.033429,1.021602,1.037100,1.040095,1.037780,1.065626,1.011724,1.036185,1.057255,1.049622,1.042131,1.058162,1.060688,1.048246,1.059135,1.055428,1.025785,1.035150,1.033334,1.020097,1.035567,1.066311,1.068467,1.038299,1.023214,1.039968
5.131280,1.055817,1.050915,1.036497,1.025289,1.038826,1.043229,1.032057,1.030366,1.037523,1.051747,1.047654,1.032883,1.045271,1.033437,1.021606,1.037101,1.040088,1.037770,1.065635,1.011735,1.036186,1.057257,1.049619,1.042132,1.058132,1.060664,1.048230,1.059103,1.055393,1.025715,1.035161,1.033347,1.020109,1.035577,1.066320,1.068450,1.038268,1.023174,1.039943
5.139610,1.055782,1.050872,1.036476,1.025288,1.038828,1.043232,1.032060,1.030369,1.037527,1.051750,1.047657,1.032886,1.045273,1.033437,1.021603,1.037093,1.040073,1.037753,1.065635,1.011737,1.036178,1.057250,1.049608,1.042125,1.058097,1.060633,1.048207,1.059064,1.055350,1.025639,1.035165,1.033352,1.020113,1.035578,1.066322,1.068424,1.038233,1.023127,1.039918
5.147940,1.055745,1.050827,1.036453,1.025285,1.038828,1.043232,1.032061,1.030370,1.037527,1.051749,1.047657,1.032885,1.045272,1.033434,1.021597,1.037083,1.040055,1.037733,1.065633,1.011737,1.036169,1.057241,1.049594,1.042116,1.058059,1.060600,1.048181,1.059023,1.055306,1.025559,1.035164,1.033355,1.020115,1.035577,1.066322,1.068395,1.038195,1.023077,1.039893
5.156270,1.055708,1.050778,1.036426,1.025277,1.038823,1.043227,1.032057,1.030366,1.037523,1.051745,1.047652,1.032881,1.045267,1.033427,1.021587,1.037069,1.040034,1.037709,1.065626,1.011732,1.036155,1.057228,1.049576,1.042102,1.058018,1.060563,1.048151,1.058977,1.055257,1.025476,1.035159,1.033353,1.020114,1.035572,1.066318,1.068362,1.038155,1.023024,1.039868
5.164600,1.055668,1.050725,1.036395,1.025265,1.038814,1.043218,1.032048,1.030358,1.037515,1.051736,1.047643,1.032871,1.045257,1.033415,1.021572,1.037050,1.040008,1.037681,1.065615,1.011723,1.036137,1.057210,1.049553,1.042084,1.057973,1.060522,1.048117,1.058928,1.055204,1.025389,1.035148,1.033347,1.020108,1.035561,1.066309,1.068325,1.038111,1.022966,1.039843
5.172930,1.055627,1.050669,1.036360,1.025248,1.038799,1.043204,1.032035,1.030345,1.037502,1.051722,1.047629,1.032857,1.045243,1.033399,1.021552,1.037027,1.039977,1.037648,1.065599,1.011710,1.036113,1.057188,1.049526,1.042060,1.057925,1.060476,1.048079,1.058874,1.055147,1.025298,1.035133,1.033338,1.020099,1.035546,1.066297,1.068283,1.038064,1.022904,1.039818
5.181260,1.055585,1.050609,1.036321,1.025227,1.038780,1.043185,1.032017,1.030327,1.037484,1.051704,1.047611,1.032838,1.045224,1.033378,1.021528,1.036998,1.039942,1.037611,1.065578,1.011692,1.036086,1.057161,1.049494,1.042033,1.057873,1.060427,1.048036,1.058816,1.055085,1.025203,1.035112,1.033323,1.020086,1.035527,1.066281,1.068236,1.038014,1.022839,1.039793
5.189590,1.055541,1.050545,1.036277,1.025201,1.038757,1.043161,1.031994,1.030305,1.037462,1.051681,1.047587,1.032815,1.045200,1.033353,1.021499,1.036965,1.039902,1.037570,1.065553,1.011669,1.036053,1.057130,1.049458,1.042000,1.057818,1.060374,1.047989,1.058754,1.055019,1.025105,1.035086,1.033305,1.020068,1.035502,1.066261,1.068185,1.037960,1.022769,1.039767
5.197920,1.055495,1.050478,1.036229,1.025170,1.038728,1.043133,1.031967,1.030278,1.037435,1.051653,1.047559,1.032787,1.045171,1.033322,1.021465,1.036928,1.039858,1.037524,1.065523,1.011642,1.036016,1.057094,1.049416,1.041963,1.057759,1.060316,1.047938,1.058687,1.054949,1.025002,1.035055,1.033282,1.020047,1.035473,1.066236,1.068129,1.037903,1.022695,1.039742
5.206250,1.055448,1.050406,1.036177,1.025135,1.038695,1.043100,1.031935,1.030246,1.037403,1.051620,1.047526,1.032754,1.045138,1.033287,1.021426,1.036885,1.039809,1.037474,1.065488,1.011610,1.035975,1.057054,1.049370,1.041921,1.057697,1.060254,1.047882,1.058617,1.054875,1.024896,1.035019,1.033255,1.020021,1.035440,1.066208,1.068069,1.037844,1.022616,1.039717
5.214580,1.055399,1.050331,1.036120,1.025095,1.038657,1.043062,1.031897,1.030210,1.037366,1.051582,1.047489,1.032716,1.045100,1.033247,1.021383,1.036838,1.039756,1.037419,1.065449,1.011574,1.035928,1.057008,1.049319,1.041874,1.057631,1.060188,1.047822,1.058542,1.054797,1.024786,1.034977,1.033224,1.019992,1.035402,1.066175,1.068004,1.037780,1.022534,1.039691
5.222910,1.055349,1.050253,1.036059,1.025051,1.038614,1.043018,1.031856,1.030168,1.037324,1.051540,1.047446,1.032673,1.045056,1.033202,1.021335,1.036786,1.039698,1.037359,1.065405,1.011533,1.035877,1.056959,1.049264,1.041822,1.057561,1.060118,1.047758,1.058462,1.054714,1.024672,1.034931,1.033188,1.019958,1.035359,1.066138,1.067934,1.037714,1.022448,1.039666
5.231240,1.055297,1.050170,1.035994,1.025001,1.038566,1.042970,1.031809,1.030122,1.037277,1.051493,1.047398,1.032625,1.045008,1.033152,1.021282,1.036729,1.039635,1.037295,1.065356,1.011488,1.035821,1.056904,1.049204,1.041765,1.057488,1.060044,1.047689,1.058379,1.054627,1.024555,1.034879,1.033148,1.019921,1.035311,1.066097,1.067860,1.037644,1.022357,1.039641
5.239570,1.055244,1.050084,1.035925,1.024947,1.038513,1.042917,1.031757,1.030070,1.037226,1.051440,1.047346,1.032572,1.044956,1.033097,1.021224,1.036667,1.039568,1.037227,1.065302,1.011438,1.035760,1.056846,1.049139,1.041704,1.057412,1.059966,1.047616,1.058291,1.054536,1.024433,1.034821,1.033103,1.019879,1.035259,1.066053,1.067781,1.037571,1.022263,1.039615
5.247900,1.055189,1.049994,1.035851,1.024888,1.038455,1.042859,1.031700,1.030014,1.037169,1.051383,1.047288,1.032515,1.044898,1.033038,1.021161,1.036601,1.039496,1.037154,1.065244,1.011383,1.035695,1.056782,1.049070,1.041638,1.057332,1.059883,1.047539,1.058199,1.054441,1.024308,1.034759,1.033054,1.019834,1.035202,1.066004,1.067698,1.037495,1.022164,1.039590
5.256230,1.055132,1.049900,1.035773,1.024825,1.038393,1.042796,1.031639,1.029953,1.037108,1.051321,1.047226,1.032452,1.044835,1.032973,1.021093,1.036530,1.039420,1.037076,1.065181,1.011324,1.035625,1.056714,1.048995,1.041567,1.057248,1.059796,1.047457,1.058103,1.054341,1.024180,1.034691,1.033001,1.019784,1.035141,1.065950,1.067611,1.037415,1.022061,1.039564
5.264560,1.055074,1.049802,1.035690,1.024756,1.038325,1.042729,1.031573,1.029888,1.037042,1.051254,1.047159,1.032385,1.044768,1.032904,1.021020,1.036454,1.039339,1.036994,1.065113,1.011260,1.035550,1.056641,1.048917,1.041491,1.057161,1.059706,1.047371,1.058003,1.054237,1.024048,1.034619,1.032943,1.019730,1.035075,1.065893,1.067518,1.037333,1.021954,1.039539
5.272890,1.055015,1.049701,1.035604,1.024683,1.038252,1.042656,1.031501,1.029817,1.036970,1.051183,1.047087,1.032313,1.044695,1.032830,1.020943,1.036373,1.039253,1.036908,1.065041,1.011192,1.035471,1.056564,1.048833,1.041411,1.057071,1.059611,1.047281,1.057899,1.054129,1.023912,1.034541,1.032880,1.019673,1.035004,1.065832,1.067422,1.037247,1.021844,1.039513
5.281220,1.054954,1.049597,1.035513,1.024606,1.038175,1.042578,1.031425,1.029741,1.036894,1.051106,1.047010,1.032236,1.044618,1.032751,1.020861,1.036288,1.039163,1.036817,1.064964,1.011120,1.035387,1.056482,1.048745,1.041325,1.056976,1.059512,1.047186,1.057790,1.054017,1.023773,1.034458,1.032814,1.019611,1.034929,1.065767,1.067321,1.037158,1.021729,1.039488
5.289550,1.054891,1.049488,1.035417,1.024523,1.038093,1.042496,1.031345,1.029661,1.036813,1.051025,1.046928,1.032154,1.044536,1.032667,1.020774,1.036197,1.039068,1.036722,1.064882,1.011042,1.035298,1.056396,1.048652,1.041235,1.056879,1.059409,1.047087,1.057677,1.053901,1.023630,1.034370,1.032743,1.019546,1.034850,1.065697,1.067216,1.037066,1.021610,1.039462
5.297880,1.054827,1.049376,1.035318,1.024436,1.038006,1.042408,1.031259,1.029576,1.036728,1.050938,1.046841,1.032067,1.044449,1.032578,1.020682,1.036102,1.038969,1.036622,1.064796,1.010961,1.035205,1.056305,1.048555,1.041140,1.056778,1.059302,1.046984,1.057561,1.053781,1.023484,1.034277,1.032667,1.019476,1.034766,1.065624,1.067106,1.036970,1.021488,1.039437
5.306210,1.054762,1.049261,1.035214,1.024344,1.037914,1.042316,1.031169,1.029486,1.036637,1.050847,1.046750,1.031975,1.044357,1.032485,1.020585,1.036003,1.038865,1.036518,1.064705,1.010875,1.035107,1.056210,1.048453,1.041041,1.056674,1.059191,1.046877,1.057440,1.053657,1.023335,1.034179,1.032587,1.019402,1.034677,1.065546,1.066992,1.036871,1.021361,1.039411
5.314540,1.054695,1.049142,1.035106,1.024248,1.037818,1.042219,1.031073,1.029391,1.036542,1.050752,1.046654,1.031879,1.044260,1.032387,1.020484,1.035898,1.038757,1.036409,1.064609,1.010784,1.035004,1.056110,1.048346,1.040937,1.056566,1.059075,1.046765,1.057315,1.053528,1.023182,1.034077,1.032503,1.019325,1.034584,1.065465,1.066873,1.036770,1.021231,1.039386
5.322870,1.054627,1.049019,1.034994,1.024147,1.037716,1.042118,1.030974,1.029292,1.036442,1.050651,1.046553,1.031778,1.044159,1.032284,1.020378,1.035789,1.038644,1.036296,1.064509,1.010689,1.034897,1.056006,1.048235,1.040828,1.056455,1.058956,1.046650,1.057186,1.053396,1.023026,1.033970,1.032415,1.019244,1.034487,1.065379,1.066751,1.036665,1.021096,1.039360
5.331200,1.054557,1.048893,1.034878,1.024041,1.037611,1.042011,1.030869,1.029188,1.036337,1.050546,1.046447,1.031672,1.044053,1.032176,1.020267,1.035676,1.038527,1.036179,1.064404,1.010590,1.034785,1.055897,1.048120,1.040714,1.056340,1.058833,1.046530,1.057053,1.053259,1.022867,1.033858,1.032322,1.019158,1.034385,1.065290,1.066624,1.036557,1.020958,1.039335
5.339530,1.054486,1.048764,1.034758,1.023931,1.037500,1.041900,1.030760,1.029080,1.036228,1.050436,1.046337,1.031562,1.043943,1.032064,1.020151,1.035557,1.038406,1.036057,1.064295,1.010487,1.034669,1.055784,1.048000,1.040596,1.056223,1.058707,1.046406,1.056916,1.053119,1.022705,1.033742,1.032225,1.019069,1.034279,1.065197,1.066493,1.036446,1.020816,1.039310
5.347860,1.054414,1.048631,1.034634,1.023816,1.037385,1.041785,1.030647,1.028967,1.036115,1.050322,1.046222,1.031447,1.043828,1.031947,1.020031,1.035435,1.038280,1.035932,1.064181,1.010379,1.034548,1.055666,1.047876,1.040473,1.056102,1.058576,1.046278,1.056775,1.052975,1.022539,1.033621,1.032124,1.018976,1.034168,1.065099,1.066358,1.036332,1.020671,1.039284
5.356190,1.054341,1.048495,1.034506,1.023697,1.037266,1.041665,1.030529,1.028850,1.035996,1.050203,1.046103,1.031327,1.043708,1.031825,1.019907,1.035307,1.038150,1.035802,1.064063,1.010267,1.034423,1.055545,1.047747,1.040346,1.055978,1.058442,1.046146,1.056630,1.052827,1.022371,1.033496,1.032019,1.018880,1.034054,1.064998,1.066218,1.036216,1.020521,1.039259
5.364520,1.054266,1.048356,1.034374,1.023574,1.037142,1.041541,1.030407,1.028728,1.035874,1.050080,1.045979,1.031204,1.043584,1.031699,1.019778,1.035176,1.038016,1.035668,1.063941,1.010150,1.034294,1.055419,1.047614,1.040214,1.055851,1.058303,1.046010,1.056482,1.052675,1.022200,1.033367,1.031910,1.018779,1.033935,1.064893,1.066075,1.036096,1.020368,1.039234
5.372850,1.054190,1.048214,1.034238,1.023446,1.037014,1.041412,1.030280,1.028602,1.035747,1.049952,1.045851,1.031075,1.043456,1.031569,1.019644,1.035040,1.037877,1.035530,1.063814,1.010030,1.034160,1.055289,1.047477,1.040078,1.055721,1.058162,1.045871,1.056330,1.052520,1.022027,1.033234,1.031797,1.018675,1.033812,1.064785,1.065928,1.035974,1.020212,1.039209
5.381180,1.054112,1.048069,1.034099,1.023315,1.036882,1.041279,1.030149,1.028472,1.035616,1.049820,1.045719,1.030943,1.043323,1.031435,1.019506,1.034900,1.037735,1.035388,1.063683,1.009906,1.034022,1.055155,1.047335,1.039938,1.055588,1.058016,1.045727,1.056174,1.052361,1.021850,1.033097,1.031680,1.018568,1.033685,1.064672,1.065777,1.035849,1.020052,1.039184
5.389510,1.054034,1.047921,1.033956,1.023179,1.036745,1.041142,1.030015,1.028338,1.035481,1.049684,1.045583,1.030806,1.043186,1.031296,1.019364,1.034755,1.037589,1.035242,1.063548,1.009777,1.033881,1.055016,1.047190,1.039794,1.055452,1.057868,1.045580,1.056015,1.052198,1.021671,1.032956,1.031560,1.018456,1.033554,1.064557,1.065622,1.035721,1.019889,1.039160
5.397840,1.053955,1.047770,1.033809,1.023039,1.036605,1.041001,1.029876,1.028199,1.035342,1.049544,1.045443,1.030666,1.043045,1.031153,1.019218,1.034607,1.037438,1.035093,1.063409,1.009645,1.033734,1.054874,1.047041,1.039645,1.055313,1.057715,1.045429,1.055852,1.052032,1.021490,1.032812,1.031435,1.018342,1.033419,1.064437,1.065464,1.035590,1.019722,1.039135
5.406170,1.053874,1.047616,1.033659,1.022895,1.036461,1.040856,1.029733,1.028057,1.035199,1.049400,1.045298,1.030521,1.042900,1.031006,1.019067,1.034454,1.037284,1.034940,1.063266,1.009509,1.033584,1.054728,1.046887,1.039492,1.055172,1.057560,1.045275,1.055686,1.051863,1.021306,1.032664,1.031307,1.018223,1.033280,1.064314,1.065302,1.035457,1.019552,1.039111
5.414500,1.053792,1.047459,1.033506,1.022748,1.036313,1.040708,1.029587,1.027911,1.035052,1.049253,1.045150,1.030373,1.042752,1.030855,1.018913,1.034298,1.037126,1.034783,1.063119,1.009369,1.033431,1.054578,1.046730,1.039335,1.055028,1.057401,1.045117,1.055517,1.051690,1.021120,1.032513,1.031176,1.018102,1.033138,1.064187,1.065136,1.035321,1.019379,1.039086
5.422830,1.053710,1.047300,1.033349,1.022597,1.036161,1.040556,1.029437,1.027762,1.034901,1.049101,1.044998,1.030221,1.042599,1.030701,1.018755,1.034137,1.036965,1.034622,1.062968,1.009225,1.033273,1.054425,1.046569,1.039175,1.054881,1.057239,1.044956,1.055344,1.051514,1.020932,1.032359,1.031041,1.017977,1.032992,1.064058,1.064967,1.035183,1.019203,1.039062
5.431160,1.053626,1.047138,1.033189,1.022442,1.036006,1.040400,1.029283,1.027609,1.034747,1.048946,1.044843,1.030065,1.042443,1.030543,1.018592,1.033973,1.036800,1.034459,1.062813,1.009078,1.033111,1.054267,1.046405,1.039010,1.054732,1.057074,1.044792,1.055168,1.051335,1.020741,1.032202,1.030903,1.017849,1.032842,1.063924,1.064794,1.035043,1.019024,1.039038
5.439490,1.053542,1.046974,1.033026,1.022284,1.035847,1.040241,1.029126,1.027453,1.034590,1.048787,1.044684,1.029906,1.042284,1.030381,1.018427,1.033805,1.036632,1.034292,1.062655,1.008927,1.032946,1.054107,1.046236,1.038842,1.054580,1.056906,1.044624,1.054989,1.051153,1.020549,1.032042,1.030761,1.017718,1.032688,1.063788,1.064619,1.034900,1.018842,1.039015
5.447820,1.053457,1.046807,1.032860,1.022122,1.035685,1.040078,1.028966,1.027293,1.034429,1.048625,1.044522,1.029743,1.042121,1.030215,1.018257,1.033634,1.036460,1.034121,1.062493,1.008772,1.032778,1.053942,1.046065,1.038671,1.054426,1.056735,1.044453,1.054807,1.050968,1.020355,1.031879,1.030617,1.017583,1.032531,1.063649,1.064440,1.034755,1.018657,1.038991
5.456150,1.053371,1.046638,1.032691,1.021957,1.035520,1.039912,1.028803,1.027130,1.034265,1.048460,1.044356,1.029577,1.041954,1.030047,1.018084,1.033459,1.036285,1.033948,1.062328,1.008614,1.032606,1.053775,1.045890,1.038495,1.054270,1.056561,1.044280,1.054623,1.050780,1.020159,1.031714,1.030469,1.017446,1.032371,1.063506,1.064258,1.034608,1.018470,1.038968
5.464480,1.053284,1.046467,1.032519,1.021789,1.035352,1.039744,1.028636,1.026964,1.034098,1.048292,1.044188,1.029408,1.041785,1.029875,1.017908,1.033281,1.036107,1.033771,1.062159,1.008453,1.032431,1.053604,1.045711,1.038317,1.054112,1.056385,1.044103,1.054435,1.050589,1.019961,1.031546,1.030319,1.017306,1.032208,1.063360,1.064073,1.034458,1.018279,1.038945
5.472810,1.053196,1.046294,1.032345,1.021618,1.035181,1.039572,1.028467,1.026795,1.033928,1.048120,1.044016,1.029236,1.041612,1.029700,1.017728,1.033099,1.035925,1.033592,1.061987,1.008289,1.032252,1.053430,1.045530,1.038135,1.053951,1.056206,1.043924,1.054245,1.050396,1.019762,1.031376,1.030166,1.017163,1.032041,1.063212,1.063885,1.034307,1.018086,1.038922
5.481140,1.053108,1.046119,1.032168,1.021445,1.035007,1.039398,1.028295,1.026624,1.033755,1.047946,1.043842,1.029061,1.041437,1.029522,1.017545,1.032914,1.035741,1.033410,1.061811,1.008122,1.032070,1.053253,1.045345,1.037949,1.053789,1.056024,1.043742,1.054052,1.050200,1.019562,1.031205,1.030010,1.017017,1.031871,1.063060,1.063694,1.034154,1.017891,1.038899
5.489470,1.053019,1.045942,1.031989,1.021268,1.034830,1.039221,1.028120,1.026449,1.033579,1.047769,1.043665,1.028883,1.041259,1.029341,1.017359,1.032727,1.035554,1.033225,1.061633,1.007951,1.031886,1.053073,1.045158,1.037761,1.053625,1.055840,1.043557,1.053857,1.050002,1.019360,1.031031,1.029852,1.016868,1.031698,1.062906,1.063501,1.033999,1.017693,1.038877
5.497800,1.052929,1.045763,1.031807,1.021089,1.034651,1.039042,1.027943,1.026273,1.033401,1.047589,1.043485,1.028703,1.041078,1.029157,1.017170,1.032536,1.035365,1.033038,1.061452,1.007778,1.031698,1.052890,1.044968,1.037570,1.053459,1.055654,1.043370,1.053659,1.049801,1.019157,1.030856,1.029691,1.016717,1.031522,1.062750,1.063305,1.033842,1.017493,1.038855
5.506130,1.052839,1.045582,1.031623,1.020907,1.034470,1.038860,1.027764,1.026093,1.033221,1.047407,1.043303,1.028520,1.040894,1.028971,1.016979,1.032343,1.035173,1.032848,1.061267,1.007602,1.031508,1.052705,1.044774,1.037376,1.053291,1.055465,1.043180,1.053459,1.049598,1.018952,1.030679,1.029528,1.016564,1.031344,1.062591,1.063106,1.033684,1.017291,1.038833
5.514460,1.052749,1.045400,1.031438,1.020723,1.034286,1.038676,1.027582,1.025912,1.033039,1.047223,1.043119,1.028335,1.040709,1.028783,1.016784,1.032147,1.034978,1.032656,1.061080,1.007423,1.031315,1.052516,1.044579,1.037179,1.053122,1.055275,1.042989,1.053257,1.049392,1.018747,1.030502,1.029363,1.016408,1.031163,1.062429,1.062906,1.033524,1.017087,1.038812
5.522790,1.052658,1.045217,1.031250,1.020537,1.034101,1.038490,1.027399,1.025729,1.032854,1.047037,1.042933,1.028148,1.040521,1.028592,1.016588,1.031948,1.034781,1.032461,1.060891,1.007242,1.031119,1.052326,1.044381,1.036980,1.052951,1.055082,1.042795,1.053052,1.049185,1.018541,1.030322,1.029196,1.016249,1.030979,1.062265,1.062703,1.033363,1.016881,1.038791
5.531120,1.052567,1.045032,1.031060,1.020349,1.033913,1.038303,1.027213,1.025544,1.032668,1.046848,1.042744,1.027959,1.040331,1.028399,1.016388,1.031747,1.034582,1.032265,1.060698,1.007058,1.030921,1.052133,1.044180,1.036778,1.052779,1.054888,1.042599,1.052846,1.048976,1.018335,1.030142,1.029028,1.016089,1.030793,1.062099,1.062498,1.033200,1.016673,1.038770
5.539450,1.052475,1.044846,1.030869,1.020158,1.033724,1.038113,1.027026,1.025357,1.032479,1.046658,1.042554,1.027768,1.040139,1.028204,1.016187,1.031544,1.034381,1.032067,1.060504,1.006871,1.030721,1.051937,1.043977,1.036574,1.052606,1.054692,1.042401,1.052638,1.048765,1.018127,1.029962,1.028858,1.015926,1.030604,1.061930,1.062291,1.033036,1.016463,1.038750
5.547780,1.052383,1.044660,1.030677,1.019968,1.033534,1.037923,1.026838,1.025169,1.032290,1.046467,1.042364,1.027576,1.039947,1.028008,1.015984,1.031340,1.034179,1.031868,1.060308,1.006684,1.030520,1.051741,1.043773,1.036369,1.052432,1.054495,1.042203,1.052430,1.048553,1.017920,1.029780,1.028687,1.015762,1.030414,1.061761,1.062083,1.032871,1.016252,1.038729
5.556110,1.052290,1.044471,1.030481,1.019772,1.033341,1.037729,1.026646,1.024978,1.032098,1.046272,1.042169,1.027381,1.039751,1.027808,1.015777,1.031130,1.033972,1.031664,1.060107,1.006491,1.030313,1.051539,1.043564,1.036159,1.052255,1.054294,1.042000,1.052217,1.048338,1.017711,1.029598,1.028512,1.015594,1.030219,1.061587,1.061871,1.032704,1.016038,1.038709
5.564440,1.052198,1.044282,1.030285,1.019577,1.033147,1.037536,1.026454,1.024786,1.031905,1.046077,1.041974,1.027185,1.039554,1.027607,1.015569,1.030921,1.033765,1.031461,1.059906,1.006299,1.030107,1.051338,1.043356,1.035948,1.052079,1.054093,1.041797,1.052004,1.048122,1.017502,1.029415,1.028338,1.015426,1.030024,1.061413,1.061659,1.032537,1.015824,1.038690
5.572770,1.052106,1.044092,1.030089,1.019382,1.032953,1.037342,1.026262,1.024594,1.031712,1.045882,1.041779,1.026989,1.039357,1.027407,1.015361,1.030711,1.033558,1.031257,1.059704,1.006105,1.029900,1.051136,1.043146,1.035737,1.051902,1.053892,1.041594,1.051791,1.047906,1.017294,1.029233,1.028163,1.015257,1.029828,1.061238,1.061446,1.032369,1.015609,1.038671
5.581100,1.052013,1.043901,1.029890,1.019183,1.032756,1.037145,1.026068,1.024400,1.031516,1.045683,1.041582,1.026790,1.039157,1.027203,1.015149,1.030496,1.033347,1.031050,1.059498,1.005907,1.029689,1.050930,1.042932,1.035522,1.051723,1.053688,1.041388,1.051574,1.047686,1.017084,1.029050,1.027986,1.015084,1.029628,1.061060,1.061229,1.032199,1.015391,1.038652
5.589430,1.051920,1.043711,1.029691,1.018984,1.032560,1.036949,1.025873,1.024206,1.031320,1.045485,1.041384,1.026591,1.038957,1.026999,1.014937,1.030282,1.033136,1.030842,1.059291,1.005709,1.029478,1.050724,1.042719,1.035306,1.051544,1.053484,1.041181,1.051358,1.047467,1.016876,1.028867,1.027809,1.014911,1.029428,1.060881,1.061013,1.032029,1.015173,1.038634
5.597760,1.051828,1.043519,1.029492,1.018785,1.032363,1.036752,1.025678,1.024011,1.031124,1.045287,1.041186,1.026392,1.038757,1.026794,1.014724,1.030067,1.032925,1.030635,1.059084,1.005510,1.029266,1.050516,1.042504,1.035090,1.051365,1.053280,1.040974,1.051141,1.047247,1.016667,1.028685,1.027632,1.014737,1.029226,1.060701,1.060796,1.031859,1.014955,1.038616
5.606090,1.051735,1.043327,1.029291,1.018584,1.032165,1.036554,1.025482,1.023815,1.030926,1.045087,1.040986,1.026191,1.038555,1.026588,1.014508,1.029850,1.032711,1.030425,1.058874,1.005308,1.029051,1.050307,1.042287,1.034871,1.051185,1.053074,1.040765,1.050922,1.047026,1.016459,1.028503,1.027453,1.014560,1.029022,1.060519,1.060577,1.031688,1.014735,1.038599
5.614420,1.051642,1.043136,1.029090,1.018383,1.031967,1.036356,1.025286,1.023619,1.030729,1.044887,1.040787,1.025990,1.038353,1.026381,1.014292,1.029632,1.032497,1.030215,1.058663,1.005106,1.028836,1.050096,1.042070,1.034652,1.051005,1.052867,1.040556,1.050703,1.046804,1.016251,1.028323,1.027275,1.014383,1.028817,1.060336,1.060358,1.031517,1.014515,1.038582
5.622750,1.051550,1.042944,1.028889,1.018182,1.031768,1.036158,1.025089,1.023422,1.030531,1.044686,1.040587,1.025789,1.038151,1.026174,1.014076,1.029413,1.032282,1.030005,1.058451,1.004902,1.028620,1.049886,1.041852,1.034432,1.050825,1.052660,1.040347,1.050484,1.046581,1.016043,1.028142,1.027096,1.014205,1.028611,1.060153,1.060138,1.031345,1.014294,1.038565
5.631080,1.051458,1.042751,1.028687,1.017979,1.031569,1.035959,1.024892,1.023225,1.030333,1.044485,1.040387,1.025587,1.037947,1.025966,1.013858,1.029193,1.032066,1.029793,1.058238,1.004697,1.028403,1.049673,1.041632,1.034210,1.050644,1.052453,1.040136,1.050263,1.046358,1.015836,1.027961,1.026917,1.014026,1.028403,1.059968,1.059917,1.031173,1.014072,1.038549
5.639410,1.051366,1.042559,1.028485,1.017777,1.031370,1.035760,1.024695,1.023028,1.030135,1.044284,1.040187,1.025385,1.037744,1.025758,1.013639,1.028972,1.031850,1.029581,1.058023,1.004490,1.028185,1.049459,1.041411,1.033988,1.050464,1.052244,1.039925,1.050042,1.046134,1.015629,1.027783,1.026738,1.013845,1.028194,1.059781,1.059695,1.031000,1.013850,1.038533
5.647740,1.051274,1.042367,1.028283,1.017575,1.031172,1.035562,1.024499,1.022832,1.029937,1.044084,1.039987,1.025184,1.037542,1.025551,1.013420,1.028750,1.031633,1.029369,1.057808,1.004284,1.027966,1.049246,1.041191,1.033765,1.050283,1.052036,1.039714,1.049821,1.045910,1.015424,1.027606,1.026560,1.013664,1.027985,1.059595,1.059473,1.030828,1.013628,1.038518
5.656070,1.051183,1.042176,1.028081,1.017372,1.030973,1.035364,1.024303,1.022636,1.029739,1.043883,1.039787,1.024983,1.037339,1.025343,1.013201,1.028529,1.031416,1.029157,1.057593,1.004076,1.027747,1.049032,1.040969,1.033542,1.050103,1.051828,1.039502,1.049600,1.045686,1.015220,1.027429,1.026381,1.013483,1.027775,1.059408,1.059251,1.030656,1.013405,1.038504
5.664400,1.051092,1.041985,1.027880,1.017170,1.030776,1.035168,1.024107,1.022440,1.029542,1.043684,1.039588,1.024782,1.037137,1.025135,1.012982,1.028307,1.031199,1.028945,1.057377,1.003868,1.027528,1.048817,1.040748,1.033319,1.049924,1.051620,1.039291,1.049378,1.045462,1.015016,1.027255,1.026204,1.013301,1.027564,1.059220,1.059029,1.030484,1.013183,1.038490
5.672730,1.051002,1.041794,1.027678,1.016968,1.030578,1.034970,1.023911,1.022244,1.029345,1.043484,1.039389,1.024581,1.036935,1.024927,1.012762,1.028084,1.030982,1.028733,1.057160,1.003659,1.027308,1.048602,1.040526,1.033094,1.049744,1.051412,1.039079,1.049157,1.045238,1.014813,1.027081,1.026027,1.013118,1.027353,1.059032,1.058806,1.030311,1.012960,1.038476
5.681060,1.050912,1.041604,1.027477,1.016767,1.030382,1.034775,1.023717,1.022050,1.029150,1.043285,1.039192,1.024382,1.036734,1.024721,1.012543,1.027862,1.030765,1.028521,1.056943,1.003449,1.027089,1.048387,1.040304,1.032871,1.049565,1.051205,1.038868,1.048936,1.045014,1.014612,1.026910,1.025851,1.012935,1.027141,1.058844,1.058584,1.030140,1.012738,1.038463
5.689390,1.050823,1.041415,1.027277,1.016567,1.030187,1.034580,1.023524,1.021857,1.028955,1.043088,1.038995,1.024184,1.036533,1.024514,1.012324,1.027640,1.030549,1.028310,1.056725,1.003240,1.026869,1.048171,1.040082,1.032647,1.049387,1.050997,1.038658,1.048715,1.044790,1.014412,1.026740,1.025677,1.012751,1.026929,1.058655,1.058362,1.029968,1.012516,1.038451
5.697720,1.050734,1.041226,1.027077,1.016367,1.029992,1.034386,1.023331,1.021664,1.028761,1.042891,1.038799,1.023986,1.036334,1.024309,1.012105,1.027418,1.030332,1.028099,1.056508,1.003030,1.026649,1.047956,1.039860,1.032423,1.049209,1.050790,1.038447,1.048495,1.044567,1.014214,1.026572,1.025503,1.012568,1.026717,1.058467,1.058140,1.029798,1.012295,1.038439
5.706050,1.050647,1.041039,1.026878,1.016168,1.029799,1.034194,1.023140,1.021472,1.028568,1.042695,1.038604,1.023789,1.036136,1.024104,1.011887,1.027196,1.030117,1.027889,1.056291,1.002820,1.026430,1.047741,1.039638,1.032199,1.049032,1.050584,1.038237,1.048275,1.044345,1.014017,1.026407,1.025331,1.012384,1.026504,1.058278,1.057919,1.029627,1.012074,1.038428
5.714380,1.050559,1.040853,1.026681,1.015970,1.029607,1.034003,1.022950,1.021282,1.028376,1.042501,1.038411,1.023594,1.035939,1.023900,1.011669,1.026975,1.029902,1.027679,1.056073,1.002610,1.026211,1.047527,1.039417,1.031976,1.048856,1.050379,1.038028,1.048056,1.044123,1.013822,1.026243,1.025160,1.012201,1.026292,1.058090,1.057698,1.029458,1.011854,1.038417
5.722710,1.050473,1.040668,1.026484,1.015773,1.029416,1.033813,1.022762,1.021093,1.028186,1.042308,1.038219,1.023400,1.035743,1.023698,1.011452,1.026755,1.029687,1.027471,1.055857,1.002400,1.025993,1.047313,1.039196,1.031754,1.048681,1.050174,1.037820,1.047838,1.043902,1.013628,1.026082,1.024991,1.012017,1.026079,1.057901,1.057478,1.029289,1.011634,1.038407
5.731040,1.050387,1.040484,1.026288,1.015578,1.029227,1.033625,1.022574,1.020906,1.027998,1.042117,1.038029,1.023208,1.035549,1.023497,1.011236,1.026535,1.029474,1.027263,1.055640,1.002191,1.025775,1.047099,1.038976,1.031532,1.048508,1.049971,1.037613,1.047620,1.043682,1.013437,1.025923,1.024824,1.011834,1.025867,1.057714,1.057259,1.029121,1.011415,1.038397
5.739370,1.050303,1.040302,1.026094,1.015384,1.029040,1.033439,1.022389,1.020720,1.027811,1.041927,1.037840,1.023017,1.035356,1.023297,1.011020,1.026316,1.029261,1.027057,1.055424,1.001982,1.025558,1.046886,1.038757,1.031311,1.048335,1.049768,1.037406,1.047404,1.043463,1.013247,1.025766,1.024658,1.011651,1.025656,1.057526,1.057040,1.028954,1.011197,1.038389
5.747700,1.050219,1.040121,1.025901,1.015191,1.028854,1.033254,1.022205,1.020536,1.027625,1.041739,1.037653,1.022828,1.035165,1.023099,1.010806,1.026098,1.029050,1.026851,1.055209,1.001773,1.025342,1.046674,1.038538,1.031090,1.048164,1.049567,1.037201,1.047188,1.043244,1.013059,1.025612,1.024494,1.011469,1.025445,1.057339,1.056823,1.028788,1.010981,1.038380
5.756030,1.050135,1.039941,1.025710,1.015000,1.028670,1.033072,1.022023,1.020354,1.027442,1.041553,1.037468,1.022641,1.034976,1.022902,1.010593,1.025881,1.028840,1.026647,1.054994,1.001565,1.025127,1.046463,1.038321,1.030871,1.047994,1.049366,1.036997,1.046974,1.043027,1.012873,1.025460,1.024333,1.011287,1.025234,1.057153,1.056607,1.028623,1.010765,1.038372
5.764360,1.050053,1.039763,1.025520,1.014811,1.028488,1.032891,1.021843,1.020174,1.027260,1.041369,1.037285,1.022455,1.034789,1.022707,1.010382,1.025665,1.028631,1.026445,1.054781,1.001358,1.024913,1.046252,1.038105,1.030653,1.047825,1.049168,1.036794,1.046761,1.042812,1.012689,1.025311,1.024173,1.011106,1.025024,1.056968,1.056392,1.028460,1.010551,1.038365
5.772690,1.049972,1.039587,1.025332,1.014623,1.028308,1.032712,1.021665,1.019995,1.027081,1.041187,1.037104,1.022272,1.034603,1.022514,1.010172,1.025450,1.028423,1.026243,1.054568,1.001151,1.024700,1.046043,1.037889,1.030436,1.047658,1.048970,1.036593,1.046549,1.042597,1.012508,1.025164,1.024016,1.010925,1.024815,1.056783,1.056178,1.028297,1.010338,1.038359
5.781020,1.049892,1.039412,1.025145,1.014437,1.028130,1.032536,1.021489,1.019819,1.026903,1.041007,1.036925,1.022091,1.034420,1.022323,1.009963,1.025237,1.028217,1.026044,1.054356,1.000946,1.024488,1.045835,1.037675,1.030221,1.047493,1.048774,1.036393,1.046339,1.042384,1.012328,1.025020,1.023861,1.010746,1.024606,1.056599,1.055965,1.028136,1.010126,1.038353
5.789350,1.049813,1.039239,1.024960,1.014254,1.027955,1.032361,1.021316,1.019645,1.026728,1.040829,1.036748,1.021912,1.034239,1.022134,1.009755,1.025025,1.028012,1.025846,1.054145,1.000741,1.024278,1.045628,1.037462,1.030007,1.047329,1.048580,1.036194,1.046130,1.042173,1.012151,1.024879,1.023709,1.010566,1.024399,1.056416,1.055754,1.027976,1.009915,1.038347
5.797680,1.049735,1.039068,1.024777,1.014072,1.027781,1.032189,1.021144,1.019473,1.026554,1.040654,1.036574,1.021735,1.034060,1.021946,1.009550,1.024815,1.027809,1.025650,1.053935,1.000537,1.024069,1.045423,1.037251,1.029794,1.047167,1.048387,1.035998,1.045923,1.041963,1.011977,1.024740,1.023559,1.010388,1.024192,1.056234,1.055544,1.027817,1.009707,1.038343
5.806010,1.049657,1.038899,1.024597,1.013892,1.027610,1.032019,1.020975,1.019303,1.026383,1.040481,1.036402,1.021561,1.033884,1.021761,1.009346,1.024606,1.027608,1.025455,1.053727,1.000334,1.023861,1.045219,1.037041,1.029583,1.047006,1.048196,1.035803,1.045717,1.041755,1.011804,1.024604,1.023411,1.010211,1.023987,1.056053,1.055336,1.027660,1.009499,1.038339
5.814340,1.049581,1.038732,1.024418,1.013715,1.027441,1.031852,1.020808,1.019136,1.026215,1.040311,1.036232,1.021389,1.033710,1.021579,1.009144,1.024399,1.027408,1.025262,1.053520,1.000133,1.023656,1.045016,1.036833,1.029373,1.046848,1.048006,1.035609,1.045514,1.041549,1.011635,1.024471,1.023267,1.010035,1.023782,1.055874,1.055130,1.027504,1.009294,1.038335
5.822670,1.049506,1.038567,1.024241,1.013540,1.027275,1.031687,1.020644,1.018971,1.026049,1.040143,1.036065,1.021219,1.033538,1.021398,1.008944,1.024194,1.027211,1.025072,1.053314,0.999933,1.023451,1.044815,1.036626,1.029165,1.046691,1.047819,1.035418,1.045312,1.041344,1.011467,1.024341,1.023125,1.009860,1.023579,1.055695,1.054925,1.027350,1.009090,1.038332
5.831000,1.049433,1.038404,1.024066,1.013367,1.027111,1.031525,1.020482,1.018808,1.025885,1.039977,1.035901,1.021052,1.033369,1.021220,1.008746,1.023991,1.027015,1.024883,1.053110,0.999734,1.023249,1.044616,1.036422,1.028959,1.046536,1.047633,1.035228,1.045112,1.041141,1.011303,1.024214,1.022986,1.009686,1.023378,1.055518,1.054722,1.027198,1.008888,1.038330
5.839330,1.049360,1.038243,1.023894,1.013197,1.026950,1.031366,1.020322,1.018648,1.025724,1.039815,1.035739,1.020888,1.033202,1.021044,1.008550,1.023789,1.026822,1.024697,1.052908,0.999536,1.023049,1.044418,1.036219,1.028755,1.046383,1.047450,1.035041,1.044913,1.040940,1.011141,1.024089,1.022850,1.009514,1.023177,1.055343,1.054521,1.027047,1.008688,1.038328
5.847660,1.049289,1.038085,1.023724,1.013029,1.026791,1.031209,1.020166,1.018491,1.025566,1.039655,1.035580,1.020727,1.033039,1.020871,1.008356,1.023590,1.026630,1.024513,1.052707,0.999341,1.022850,1.044222,1.036018,1.028553,1.046232,1.047268,1.034855,1.044717,1.040742,1.010982,1.023967,1.022716,1.009343,1.022979,1.055168,1.054322,1.026898,1.008490,1.038327
5.855990,1.049219,1.037928,1.023556,1.012863,1.026636,1.031055,1.020011,1.018336,1.025410,1.039498,1.035424,1.020568,1.032878,1.020701,1.008165,1.023393,1.026441,1.024330,1.052508,0.999146,1.022654,1.044028,1.035818,1.028353,1.046083,1.047089,1.034672,1.044523,1.040545,1.010825,1.023849,1.022586,1.009173,1.022781,1.054996,1.054125,1.026751,1.008294,1.038326
5.864320,1.049150,1.037774,1.023391,1.012700,1.026482,1.030903,1.019860,1.018185,1.025257,1.039343,1.035271,1.020412,1.032720,1.020533,1.007976,1.023197,1.026254,1.024151,1.052311,0.998954,1.022459,1.043836,1.035621,1.028156,1.045937,1.046912,1.034491,1.044332,1.040351,1.010671,1.023733,1.022459,1.009005,1.022586,1.054825,1.053931,1.026605,1.008100,1.038326
5.872650,1.049082,1.037623,1.023228,1.012540,1.026332,1.030755,1.019712,1.018035,1.025107,1.039192,1.035120,1.020259,1.032564,1.020368,1.007789,1.023005,1.026069,1.023973,1.052116,0.998763,1.022267,1.043647,1.035427,1.027960,1.045792,1.046737,1.034313,1.044142,1.040159,1.010521,1.023620,1.022335,1.008838,1.022392,1.054656,1.053738,1.026462,1.007908,1.038327
5.880980,1.049016,1.037474,1.023067,1.012383,1.026185,1.030609,1.019566,1.017889,1.024960,1.039044,1.034973,1.020109,1.032412,1.020205,1.007604,1.022814,1.025887,1.023799,1.051922,0.998573,1.022077,1.043459,1.035234,1.027767,1.045650,1.046565,1.034136,1.043955,1.039969,1.010373,1.023510,1.022214,1.008672,1.022199,1.054488,1.053548,1.026320,1.007719,1.038328
5.889310,1.048951,1.037327,1.022910,1.012228,1.026040,1.030466,1.019423,1.017746,1.024815,1.038899,1.034828,1.019962,1.032262,1.020046,1.007423,1.022626,1.025707,1.023626,1.051731,0.998386,1.021889,1.043273,1.035043,1.027576,1.045510,1.046395,1.033962,1.043770,1.039782,1.010228,1.023403,1.022097,1.008509,1.022009,1.054322,1.053360,1.026181,1.007531,1.038330
5.897640,1.048887,1.037183,1.022755,1.012076,1.025898,1.030327,1.019283,1.017605,1.024674,1.038756,1.034686,1.019818,1.032116,1.019889,1.007243,1.022440,1.025529,1.023456,1.051542,0.998201,1.021703,1.043090,1.034855,1.027387,1.045373,1.046227,1.033790,1.043588,1.039597,1.010086,1.023298,1.021982,1.008347,1.021820,1.054158,1.053174,1.026043,1.007346,1.038332
5.905970,1.048825,1.037041,1.022602,1.011927,1.025760,1.030190,1.019146,1.017467,1.024535,1.038617,1.034548,1.019677,1.031972,1.019735,1.007066,1.022257,1.025354,1.023289,1.051355,0.998017,1.021520,1.042908,1.034670,1.027201,1.045238,1.046062,1.033621,1.043408,1.039414,1.009946,1.023197,1.021871,1.008187,1.021634,1.053996,1.052991,1.025907,1.007164,1.038335
5.914300,1.048764,1.036902,1.022452,1.011781,1.025624,1.030056,1.019012,1.017332,1.024399,1.038481,1.034412,1.019539,1.031832,1.019584,1.006892,1.022076,1.025182,1.023124,1.051170,0.997836,1.021339,1.042730,1.034486,1.027017,1.045105,1.045899,1.033455,1.043230,1.039234,1.009810,1.023098,1.021763,1.008028,1.021449,1.053836,1.052810,1.025774,1.006984,1.038339
5.922630,1.048704,1.036766,1.022305,1.011637,1.025491,1.029925,1.018881,1.017200,1.024266,1.038348,1.034280,1.019404,1.031695,1.019436,1.006721,1.021898,1.025012,1.022962,1.050987,0.997656,1.021161,1.042553,1.034305,1.026836,1.044974,1.045739,1.033291,1.043055,1.039057,1.009678,1.023003,1.021659,1.007871,1.021267,1.053678,1.052631,1.025642,1.006806,1.038343
5.930960,1.048646,1.036632,1.022161,1.011497,1.025361,1.029797,1.018752,1.017071,1.024136,1.038218,1.034150,1.019272,1.031560,1.019291,1.006552,1.021722,1.024845,1.022803,1.050807,0.997479,1.020985,1.042379,1.034127,1.026658,1.044846,1.045581,1.033129,1.042883,1.038882,1.009548,1.022910,1.021558,1.007716,1.021086,1.053522,1.052456,1.025513,1.006631,1.038348
5.939290,1.048589,1.036501,1.022019,1.011359,1.025234,1.029672,1.018627,1.016945,1.024010,1.038091,1.034024,1.019143,1.031429,1.019149,1.006386,1.021549,1.024680,1.022646,1.050629,0.997304,1.020812,1.042207,1.033951,1.026482,1.044721,1.045426,1.032971,1.042713,1.038709,1.009421,1.022820,1.021460,1.007563,1.020908,1.053368,1.052282,1.025386,1.006458,1.038353
5.947620,1.048533,1.036372,1.021881,1.011224,1.025110,1.029550,1.018505,1.016822,1.023886,1.037968,1.033901,1.019017,1.031301,1.019010,1.006223,1.021379,1.024519,1.022493,1.050453,0.997131,1.020641,1.042038,1.033778,1.026308,1.044598,1.045274,1.032814,1.042546,1.038540,1.009297,1.022733,1.021365,1.007412,1.020731,1.053216,1.052112,1.025261,1.006288,1.038359
5.955950,1.048479,1.036246,1.021745,1.011093,1.024989,1.029431,1.018385,1.016702,1.023765,1.037847,1.033781,1.018895,1.031176,1.018874,1.006063,1.021211,1.024360,1.022341,1.050280,0.996960,1.020473,1.041871,1.033607,1.026138,1.044477,1.045124,1.032661,1.042382,1.038373,1.009177,1.022649,1.021273,1.007263,1.020557,1.053066,1.051944,1.025138,1.006121,1.038365
5.964280,1.048426,1.036123,1.021611,1.010964,1.024871,1.029315,1.018269,1.016585,1.023647,1.037730,1.033664,1.018775,1.031054,1.018741,1.005905,1.021046,1.024203,1.022193,1.050109,0.996791,1.020308,1.041707,1.033439,1.025970,1.044359,1.044977,1.032510,1.042220,1.038209,1.009059,1.022567,1.021185,1.007116,1.020386,1.052918,1.051778,1.025018,1.005956,1.038372
5.972610,1.048375,1.036003,1.021481,1.010838,1.024756,1.029202,1.018155,1.016471,1.023532,1.037616,1.033550,1.018659,1.030935,1.018611,1.005750,1.020884,1.024050,1.022048,1.049941,0.996625,1.020145,1.041546,1.033273,1.025805,1.044244,1.044832,1.032362,1.042062,1.038047,1.008945,1.022488,1.021100,1.006971,1.020216,1.052773,1.051616,1.024900,1.005794,1.038380
5.980940,1.048325,1.035885,1.021354,1.010715,1.024644,1.029093,1.018045,1.016360,1.023420,1.037505,1.033439,1.018545,1.030820,1.018484,1.005599,1.020725,1.023899,1.021905,1.049775,0.996461,1.019985,1.041387,1.033111,1.025642,1.044131,1.044691,1.032217,1.041905,1.037889,1.008834,1.022412,1.021018,1.006828,1.020049,1.052629,1.051456,1.024783,1.005635,1.038388
5.989270,1.048276,1.035770,1.021229,1.010595,1.024535,1.028986,1.017937,1.016251,1.023311,1.037397,1.033331,1.018435,1.030707,1.018360,1.005450,1.020568,1.023751,1.021765,1.049611,0.996300,1.019828,1.041230,1.032951,1.025483,1.044020,1.044552,1.032074,1.041752,1.037733,1.008726,1.022338,1.020940,1.006687,1.019884,1.052488,1.051298,1.024670,1.005479,1.038396
5.997600,1.048229,1.035658,1.021107,1.010478,1.024429,1.028882,1.017833,1.016146,1.023205,1.037292,1.033226,1.018328,1.030598,1.018239,1.005304,1.020414,1.023606,1.021628,1.049450,0.996140,1.019673,1.041076,1.032793,1.025326,1.043912,1.044416,1.031935,1.041602,1.037580,1.008622,1.022267,1.020865,1.006547,1.019721,1.052349,1.051144,1.024558,1.005325,1.038406
6.005930,1.048184,1.035549,1.020988,1.010364,1.024326,1.028781,1.017731,1.016044,1.023102,1.037190,1.033125,1.018224,1.030491,1.018122,1.005161,1.020263,1.023464,1.021494,1.049292,0.995984,1.019521,1.040925,1.032639,1.025172,1.043807,1.044282,1.031798,1.041454,1.037430,1.008520,1.022198,1.020792,1.006410,1.019561,1.052213,1.050992,1.024449,1.005174,1.038415
6.014260,1.048139,1.035442,1.020872,1.010253,1.024226,1.028682,1.017632,1.015944,1.023001,1.037091,1.033026,1.018123,1.030388,1.018007,1.005020,1.020115,1.023325,1.021363,1.049136,0.995829,1.019372,1.040777,1.032487,1.025021,1.043704,1.044152,1.031663,1.041309,1.037283,1.008422,1.022132,1.020723,1.006275,1.019403,1.052078,1.050843,1.024342,1.005025,1.038425
6.022590,1.048097,1.035338,1.020759,1.010145,1.024128,1.028587,1.017536,1.015847,1.022904,1.036996,1.032930,1.018025,1.030287,1.017895,1.004883,1.019970,1.023188,1.021234,1.048983,0.995677,1.019226,1.040631,1.032338,1.024873,1.043604,1.044024,1.031532,1.041167,1.037138,1.008327,1.022069,1.020657,1.006143,1.019248,1.051946,1.050697,1.024237,1.004880,1.038436
6.030920,1.048055,1.035237,1.020649,1.010039,1.024034,1.028495,1.017443,1.015754,1.022809,1.036903,1.032838,1.017929,1.030190,1.017786,1.004748,1.019828,1.023055,1.021109,1.048832,0.995528,1.019082,1.040488,1.032192,1.024727,1.043506,1.043899,1.031404,1.041028,1.036997,1.008235,1.022007,1.020594,1.006012,1.019095,1.051817,1.050553,1.024135,1.004737,1.038447
6.039250,1.048015,1.035139,1.020541,1.009937,1.023942,1.028405,1.017353,1.015663,1.022718,1.036813,1.032748,1.017837,1.030096,1.017680,1.004617,1.019688,1.022924,1.020986,1.048684,0.995381,1.018941,1.040347,1.032048,1.024585,1.043411,1.043776,1.031278,1.040892,1.036858,1.008146,1.021949,1.020534,1.005883,1.018944,1.051689,1.050412,1.024035,1.004597,1.038459
6.047580,1.047977,1.035043,1.020437,1.009837,1.023853,1.028319,1.017265,1.015574,1.022629,1.036726,1.032661,1.017748,1.030004,1.017577,1.004488,1.019551,1.022796,1.020866,1.048539,0.995236,1.018803,1.040210,1.031907,1.024445,1.043318,1.043657,1.031155,1.040758,1.036723,1.008060,1.021892,1.020477,1.005757,1.018796,1.051564,1.050274,1.023937,1.004460,1.038471
6.055910,1.047939,1.034950,1.020335,1.009741,1.023767,1.028235,1.017181,1.015489,1.022543,1.036643,1.032577,1.017662,1.029916,1.017477,1.004362,1.019417,1.022671,1.020749,1.048396,0.995094,1.018668,1.040074,1.031769,1.024308,1.043228,1.043540,1.031035,1.040628,1.036590,1.007978,1.021838,1.020423,1.005633,1.018650,1.051441,1.050139,1.023841,1.004326,1.038484
6.064240,1.047904,1.034860,1.020236,1.009647,1.023684,1.028154,1.017099,1.015406,1.022460,1.036562,1.032496,1.017578,1.029830,1.017379,1.004240,1.019286,1.022549,1.020635,1.048256,0.994954,1.018535,1.039942,1.031634,1.024174,1.043140,1.043426,1.030917,1.040500,1.036460,1.007898,1.021786,1.020371,1.005510,1.018507,1.051320,1.050007,1.023748,1.004195,1.038497
6.072570,1.047869,1.034773,1.020139,1.009556,1.023604,1.028075,1.017019,1.015326,1.022379,1.036483,1.032417,1.017497,1.029747,1.017285,1.004120,1.019158,1.022429,1.020524,1.048118,0.994817,1.018406,1.039812,1.031502,1.024043,1.043055,1.043315,1.030803,1.040375,1.036333,1.007822,1.021736,1.020323,1.005390,1.018367,1.051202,1.049877,1.023657,1.004066,1.038510
6.080900,1.047836,1.034688,1.020046,1.009467,1.023526,1.027999,1.016943,1.015249,1.022301,1.036408,1.032341,1.017419,1.029667,1.017193,1.004002,1.019033,1.022312,1.020415,1.047983,0.994682,1.018279,1.039685,1.031372,1.023914,1.042973,1.043206,1.030691,1.040253,1.036208,1.007749,1.021689,1.020277,1.005272,1.018228,1.051086,1.049750,1.023568,1.003940,1.038524
6.089230,1.047805,1.034606,1.019955,1.009381,1.023450,1.027926,1.016869,1.015174,1.022226,1.036335,1.032268,1.017344,1.029589,1.017104,1.003888,1.018910,1.022199,1.020309,1.047850,0.994550,1.018154,1.039561,1.031245,1.023789,1.042893,1.043100,1.030582,1.040134,1.036087,1.007679,1.021643,1.020233,1.005156,1.018092,1.050972,1.049626,1.023482,1.003817,1.038539
6.097560,1.047775,1.034526,1.019867,1.009298,1.023378,1.027855,1.016797,1.015102,1.022153,1.036265,1.032198,1.017272,1.029515,1.017018,1.003776,1.018790,1.022088,1.020206,1.047721,0.994420,1.018033,1.039439,1.031121,1.023666,1.042815,1.042997,1.030475,1.040018,1.035968,1.007612,1.021600,1.020193,1.005043,1.017959,1.050861,1.049505,1.023397,1.003697,1.038554
6.105890,1.047746,1.034449,1.019781,1.009218,1.023308,1.027787,1.016728,1.015032,1.022083,1.036198,1.032130,1.017202,1.029443,1.016935,1.003667,1.018673,1.021979,1.020106,1.047593,0.994293,1.017914,1.039319,1.030999,1.023546,1.042740,1.042897,1.030371,1.039905,1.035853,1.007548,1.021558,1.020154,1.004931,1.017828,1.050752,1.049386,1.023315,1.003580,1.038569
6.114220,1.047718,1.034375,1.019698,1.009140,1.023240,1.027721,1.016661,1.014965,1.022015,1.036133,1.032065,1.017134,1.029373,1.016854,1.003561,1.018559,1.021874,1.020008,1.047469,0.994168,1.017798,1.039203,1.030881,1.023429,1.042667,1.042799,1.030270,1.039794,1.035740,1.007487,1.021518,1.020119,1.004822,1.017700,1.050645,1.049270,1.023235,1.003465,1.038585
6.122550,1.047692,1.034303,1.019618,1.009065,1.023175,1.027658,1.016597,1.014900,1.021950,1.036071,1.032002,1.017069,1.029306,1.016776,1.003458,1.018447,1.021771,1.019913,1.047346,0.994045,1.017684,1.039089,1.030764,1.023314,1.042596,1.042704,1.030172,1.039686,1.035630,1.007429,1.021481,1.020085,1.004714,1.017574,1.050540,1.049156,1.023158,1.003354,1.038601
6.130880,1.047667,1.034234,1.019540,1.008992,1.023112,1.027597,1.016536,1.014837,1.021887,1.036011,1.031942,1.017007,1.029242,1.016700,1.003357,1.018338,1.021671,1.019821,1.047227,0.993925,1.017573,1.038977,1.030651,1.023202,1.042528,1.042612,1.030076,1.039581,1.035523,1.007373,1.021445,1.020054,1.004609,1.017450,1.050438,1.049046,1.023082,1.003245,1.038617
6.139210,1.047644,1.034167,1.019465,1.008922,1.023052,1.027539,1.016476,1.014777,1.021826,1.035954,1.031884,1.016947,1.029180,1.016627,1.003259,1.018232,1.021573,1.019731,1.047110,0.993808,1.017465,1.038869,1.030540,1.023093,1.042462,1.042522,1.029983,1.039479,1.035418,1.007321,1.021411,1.020025,1.004506,1.017329,1.050338,1.048937,1.023009,1.003139,1.038634
6.147540,1.047622,1.034103,1.019392,1.008854,1.022994,1.027483,1.016419,1.014720,1.021768,1.035899,1.031829,1.016890,1.029121,1.016557,1.003164,1.018129,1.021478,1.019644,1.046995,0.993692,1.017359,1.038762,1.030432,1.022987,1.042399,1.042434,1.029893,1.039379,1.035317,1.007272,1.021378,1.019998,1.004405,1.017211,1.050240,1.048832,1.022937,1.003035,1.038651
6.155870,1.047601,1.034042,1.019322,1.008789,1.022938,1.027429,1.016364,1.014664,1.021712,1.035846,1.031775,1.016834,1.029064,1.016489,1.003071,1.018028,1.021386,1.019560,1.046883,0.993580,1.017256,1.038658,1.030326,1.022883,1.042338,1.042350,1.029805,1.039283,1.035218,1.007225,1.021348,1.019974,1.004305,1.017094,1.050144,1.048729,1.022868,1.002934,1.038669
6.164200,1.047581,1.033982,1.019254,1.008726,1.022884,1.027377,1.016312,1.014611,1.021659,1.035796,1.031724,1.016781,1.029009,1.016423,1.002981,1.017929,1.021296,1.019478,1.046774,0.993469,1.017156,1.038557,1.030223,1.022782,1.042279,1.042268,1.029720,1.039188,1.035122,1.007182,1.021319,1.019951,1.004208,1.016980,1.050050,1.048629,1.022801,1.002836,1.038686
6.172530,1.047563,1.033926,1.019189,1.008665,1.022833,1.027328,1.016261,1.014560,1.021607,1.035748,1.031676,1.016731,1.028956,1.016360,1.002893,1.017834,1.021209,1.019399,1.046666,0.993361,1.017058,1.038458,1.030123,1.022683,1.042222,1.042188,1.029637,1.039097,1.035029,1.007141,1.021291,1.019930,1.004113,1.016869,1.049959,1.048531,1.022736,1.002741,1.038705
6.180860,1.047546,1.033871,1.019126,1.008607,1.022784,1.027280,1.016213,1.014511,1.021558,1.035702,1.031629,1.016682,1.028906,1.016299,1.002808,1.017740,1.021124,1.019322,1.046562,0.993255,1.016963,1.038362,1.030025,1.022588,1.042167,1.042111,1.029557,1.039008,1.034938,1.007103,1.021266,1.019912,1.004020,1.016760,1.049870,1.048435,1.022673,1.002648,1.038723
6.189190,1.047530,1.033819,1.019066,1.008551,1.022736,1.027235,1.016167,1.014464,1.021511,1.035658,1.031584,1.016636,1.028858,1.016240,1.002725,1.017650,1.021042,1.019247,1.046459,0.993152,1.016870,1.038268,1.029929,1.022494,1.042115,1.042036,1.029479,1.038922,1.034850,1.007067,1.021241,1.019895,1.003929,1.016653,1.049783,1.048342,1.022612,1.002558,1.038742
6.197520,1.047515,1.033769,1.019006,1.008496,1.022690,1.027190,1.016121,1.014418,1.021464,1.035615,1.031541,1.016590,1.028811,1.016182,1.002644,1.017560,1.020962,1.019174,1.046359,0.993050,1.016778,1.038176,1.029835,1.022402,1.042064,1.041963,1.029402,1.038838,1.034763,1.007033,1.021218,1.019879,1.003839,1.016547,1.049697,1.048251,1.022552,1.002470,1.038761
6.205850,1.047502,1.033722,1.018951,1.008445,1.022648,1.027150,1.016080,1.014376,1.021422,1.035576,1.031501,1.016549,1.028767,1.016129,1.002567,1.017476,1.020885,1.019105,1.046262,0.992952,1.016691,1.038087,1.029746,1.022315,1.042016,1.041894,1.029330,1.038757,1.034681,1.007003,1.021197,1.019865,1.003753,1.016446,1.049615,1.048164,1.022496,1.002386,1.038781
6.214180,1.047490,1.033676,1.018897,1.008395,1.022607,1.027110,1.016039,1.014334,1.021380,1.035538,1.031462,1.016508,1.028725,1.016076,1.002491,1.017392,1.020810,1.019038,1.046167,0.992856,1.016605,1.038000,1.029658,1.022229,1.041970,1.041826,1.029259,1.038679,1.034601,1.006976,1.021177,1.019853,1.003667,1.016346,1.049534,1.048078,1.022441,1.002304,1.038801
6.222510,1.047479,1.033632,1.018844,1.008346,1.022566,1.027072,1.016000,1.014294,1.021340,1.035501,1.031425,1.016469,1.028684,1.016025,1.002417,1.017310,1.020737,1.018972,1.046073,0.992760,1.016521,1.037915,1.029571,1.022144,1.041925,1.041760,1.029190,1.038602,1.034522,1.006949,1.021158,1.019842,1.003583,1.016247,1.049454,1.047994,1.022387,1.002223,1.038820
6.230840,1.047469,1.033592,1.018795,1.008301,1.022529,1.027036,1.015964,1.014258,1.021303,1.035467,1.031391,1.016433,1.028646,1.015978,1.002346,1.017233,1.020667,1.018910,1.045983,0.992669,1.016441,1.037833,1.029488,1.022064,1.041883,1.041697,1.029124,1.038529,1.034448,1.006927,1.021141,1.019833,1.003502,1.016153,1.049378,1.047913,1.022336,1.002146,1.038841
6.239170,1.047461,1.033553,1.018748,1.008257,1.022494,1.027002,1.015929,1.014222,1.021267,1.035435,1.031357,1.016398,1.028610,1.015931,1.002278,1.017156,1.020599,1.018849,1.045894,0.992579,1.016362,1.037753,1.029407,1.021985,1.041843,1.041637,1.029061,1.038458,1.034375,1.006907,1.021125,1.019826,1.003423,1.016060,1.049302,1.047834,1.022286,1.002072,1.038861
6.247500,1.047453,1.033516,1.018702,1.008214,1.022459,1.026969,1.015895,1.014187,1.021232,1.035403,1.031325,1.016364,1.028574,1.015886,1.002210,1.017081,1.020533,1.018790,1.045807,0.992490,1.016285,1.037674,1.029327,1.021907,1.041804,1.041577,1.028998,1.038389,1.034304,1.006888,1.021110,1.019819,1.003344,1.015968,1.049229,1.047757,1.022238,1.001998,1.038882
6.255830,1.047447,1.033482,1.018659,1.008175,1.022427,1.026939,1.015864,1.014156,1.021201,1.035375,1.031296,1.016333,1.028542,1.015844,1.002146,1.017010,1.020470,1.018734,1.045724,0.992406,1.016211,1.037600,1.029251,1.021834,1.041768,1.041522,1.028939,1.038323,1.034237,1.006873,1.021097,1.019814,1.003269,1.015880,1.049158,1.047684,1.022192,1.001929,1.038903
6.264160,1.047442,1.033450,1.018618,1.008137,1.022396,1.026909,1.015834,1.014125,1.021170,1.035347,1.031268,1.016304,1.028511,1.015804,1.002084,1.016941,1.020409,1.018680,1.045642,0.992322,1.016139,1.037526,1.029177,1.021762,1.041733,1.041468,1.028882,1.038259,1.034171,1.006861,1.021085,1.019810,1.003194,1.015793,1.049089,1.047611,1.022148,1.001862,1.038924
6.272490,1.047437,1.033419,1.018578,1.008100,1.022367,1.026881,1.015805,1.014096,1.021140,1.035321,1.031241,1.016275,1.028481,1.015764,1.002023,1.016873,1.020349,1.018627,1.045562,0.992240,1.016069,1.037454,1.029104,1.021692,1.041700,1.041415,1.028826,1.038197,1.034108,1.006849,1.021073,1.019807,1.003121,1.015707,1.049021,1.047541,1.022105,1.001796,1.038946
6.280820,1.047435,1.033391,1.018541,1.008065,1.022340,1.026856,1.015778,1.014069,1.021113,1.035297,1.031216,1.016249,1.028453,1.015728,1.001966,1.016808,1.020293,1.018578,1.045485,0.992162,1.016002,1.037386,1.029035,1.021625,1.041670,1.041366,1.028774,1.038139,1.034048,1.006841,1.021064,1.019806,1.003051,1.015626,1.048956,1.047474,1.022065,1.001735,1.038968
6.289150,1.047433,1.033364,1.018505,1.008032,1.022314,1.026831,1.015753,1.014043,1.021087,1.035274,1.031192,1.016224,1.028426,1.015692,1.001909,1.016745,1.020237,1.018529,1.045409,0.992084,1.015936,1.037318,1.028967,1.021559,1.041640,1.041317,1.028723,1.038081,1.033989,1.006835,1.021054,1.019805,1.002982,1.015545,1.048892,1.047407,1.022025,1.001674,1.038989
6.297480,1.047432,1.033340,1.018472,1.008001,1.022290,1.026809,1.015730,1.014019,1.021063,1.035254,1.031171,1.016201,1.028402,1.015659,1.001856,1.016685,1.020186,1.018484,1.045337,0.992010,1.015873,1.037254,1.028902,1.021497,1.041614,1.041272,1.028675,1.038028,1.033934,1.006832,1.021047,1.019806,1.002915,1.015467,1.048831,1.047345,1.021989,1.001617,1.039012
6.305810,1.047432,1.033317,1.018439,1.007971,1.022267,1.026787,1.015707,1.013996,1.021040,1.035233,1.031150,1.016179,1.028379,1.015627,1.001803,1.016626,1.020134,1.018440,1.045265,0.991936,1.015812,1.037190,1.028838,1.021435,1.041588,1.041228,1.028628,1.037975,1.033879,1.006829,1.021040,1.019808,1.002849,1.015391,1.048771,1.047283,1.021953,1.001561,1.039034
6.314140,1.047434,1.033298,1.018410,1.007944,1.022246,1.026768,1.015687,1.013976,1.021019,1.035216,1.031132,1.016159,1.028357,1.015597,1.001754,1.016570,1.020087,1.018399,1.045197,0.991866,1.015753,1.037131,1.028777,1.021377,1.041564,1.041187,1.028584,1.037926,1.033829,1.006831,1.021035,1.019811,1.002786,1.015317,1.048714,1.047224,1.021919,1.001508,1.039056
6.322470,1.047436,1.033279,1.018382,1.007917,1.022226,1.026749,1.015667,1.013956,1.020999,1.035198,1.031114,1.016139,1.028337,1.015568,1.001706,1.016515,1.020040,1.018359,1.045129,0.991796,1.015696,1.037071,1.028717,1.021320,1.041542,1.041148,1.028541,1.037878,1.033780,1.006833,1.021031,1.019814,1.002724,1.015245,1.048657,1.047166,1.021887,1.001457,1.039079
6.330800,1.047440,1.033263,1.018356,1.007893,1.022208,1.026732,1.015650,1.013938,1.020981,1.035183,1.031098,1.016122,1.028318,1.015542,1.001660,1.016463,1.019996,1.018321,1.045065,0.991730,1.015642,1.037015,1.028661,1.021266,1.041522,1.041111,1.028501,1.037833,1.033734,1.006839,1.021028,1.019819,1.002664,1.015176,1.048603,1.047112,1.021856,1.001409,1.039102
6.339130,1.047444,1.033248,1.018331,1.007870,1.022191,1.026716,1.015633,1.013921,1.020964,1.035169,1.031083,1.016106,1.028301,1.015516,1.001616,1.016412,1.019953,1.018285,1.045002,0.991665,1.015588,1.036960,1.028605,1.021213,1.041504,1.041075,1.028462,1.037789,1.033689,1.006846,1.021025,1.019824,1.002605,1.015107,1.048550,1.047058,1.021827,1.001362,1.039124
6.347460,1.047450,1.033235,1.018309,1.007849,1.022176,1.026703,1.015619,1.013906,1.020949,1.035157,1.031070,1.016092,1.028285,1.015493,1.001574,1.016365,1.019914,1.018252,1.044942,0.991603,1.015538,1.036908,1.028553,1.021163,1.041487,1.041042,1.028426,1.037749,1.033647,1.006856,1.021025,1.019831,1.002549,1.015042,1.048500,1.047008,1.021800,1.001319,1.039148
6.355790,1.047456,1.033224,1.018288,1.007829,1.022162,1.026690,1.015605,1.013891,1.020934,1.035145,1.031058,1.016078,1.028270,1.015471,1.001534,1.016318,1.019875,1.018219,1.044883,0.991541,1.015489,1.036857,1.028502,1.021115,1.041472,1.041010,1.028391,1.037710,1.033607,1.006867,1.021024,1.019838,1.002493,1.014978,1.048450,1.046958,1.021774,1.001277,1.039171
6.364120,1.047465,1.033216,1.018269,1.007811,1.022149,1.026679,1.015593,1.013879,1.020922,1.035135,1.031048,1.016067,1.028258,1.015451,1.001496,1.016275,1.019839,1.018190,1.044827,0.991483,1.015443,1.036809,1.028454,1.021069,1.041459,1.040982,1.028359,1.037674,1.033570,1.006882,1.021026,1.019846,1.002441,1.014917,1.048404,1.046912,1.021751,1.001239,1.039194
6.372450,1.047473,1.033208,1.018252,1.007794,1.022138,1.026668,1.015582,1.013868,1.020910,1.035126,1.031038,1.016056,1.028246,1.015432,1.001459,1.016232,1.019804,1.018161,1.044771,0.991426,1.015398,1.036762,1.028406,1.021024,1.041447,1.040954,1.028328,1.037639,1.033534,1.006897,1.021027,1.019855,1.002388,1.014856,1.048358,1.046866,1.021728,1.001201,1.039217
6.380780,1.047483,1.033203,1.018236,1.007779,1.022128,1.026660,1.015573,1.013858,1.020901,1.035119,1.031030,1.016047,1.028236,1.015415,1.001425,1.016193,1.019773,1.018136,1.044720,0.991372,1.015356,1.036718,1.028362,1.020983,1.041437,1.040929,1.028300,1.037608,1.033502,1.006916,1.021031,1.019864,1.002339,1.014799,1.048314,1.046823,1.021707,1.001167,1.039241
6.389110,1.047493,1.033199,1.018222,1.007765,1.022120,1.026652,1.015564,1.013849,1.020892,1.035112,1.031023,1.016039,1.028226,1.015398,1.001392,1.016154,1.019742,1.018111,1.044668,0.991318,1.015314,1.036674,1.028319,1.020942,1.041428,1.040905,1.028273,1.037577,1.033470,1.006936,1.021035,1.019874,1.002290,1.014743,1.048272,1.046782,1.021688,1.001134,1.039264
6.397440,1.047505,1.033198,1.018211,1.007753,1.022113,1.026646,1.015558,1.013842,1.020885,1.035108,1.031018,1.016033,1.028219,1.015385,1.001362,1.016118,1.019714,1.018089,1.044620,0.991268,1.015276,1.036634,1.028278,1.020905,1.041422,1.040884,1.028249,1.037550,1.033442,1.006959,1.021040,1.019886,1.002244,1.014690,1.048232,1.046743,1.021670,1.001104,1.039288
6.405770,1.047518,1.033198,1.018200,1.007742,1.022107,1.026641,1.015552,1.013836,1.020879,1.035104,1.031014,1.016027,1.028212,1.015371,1.001332,1.016084,1.019687,1.018068,1.044573,0.991218,1.015239,1.036595,1.028239,1.020868,1.041416,1.040863,1.028226,1.037524,1.033415,1.006983,1.021046,1.019897,1.002198,1.014638,1.048193,1.046705,1.021654,1.001075,1.039312
6.414100,1.047532,1.033201,1.018191,1.007733,1.022103,1.026638,1.015548,1.013832,1.020875,1.035102,1.031011,1.016023,1.028208,1.015360,1.001306,1.016052,1.019663,1.018050,1.044529,0.991172,1.015205,1.036559,1.028203,1.020835,1.041413,1.040846,1.028206,1.037501,1.033391,1.007010,1.021054,1.019910,1.002155,1.014589,1.048157,1.046670,1.021640,1.001050,1.039336
6.422430,1.047546,1.033204,1.018184,1.007725,1.022099,1.026636,1.015545,1.013829,1.020871,1.035100,1.031009,1.016020,1.028204,1.015350,1.001280,1.016021,1.019639,1.018032,1.044486,0.991126,1.015171,1.036523,1.028167,1.020802,1.041411,1.040830,1.028186,1.037479,1.033369,1.007038,1.021062,1.019923,1.002113,1.014540,1.048121,1.046636,1.021626,1.001026,1.039360
6.430760,1.047562,1.033210,1.018179,1.007719,1.022098,1.026635,1.015544,1.013827,1.020869,1.035101,1.031009,1.016019,1.028202,1.015342,1.001257,1.015994,1.019619,1.018018,1.044446,0.991084,1.015141,1.036491,1.028135,1.020773,1.041411,1.040816,1.028170,1.037460,1.033349,1.007069,1.021072,1.019938,1.002073,1.014495,1.048088,1.046605,1.021615,1.001005,1.039384
6.439090,1.047578,1.033217,1.018175,1.007714,1.022097,1.026635,1.015544,1.013826,1.020869,1.035102,1.031010,1.016019,1.028200,1.015335,1.001235,1.015967,1.019600,1.018004,1.044406,0.991042,1.015111,1.036459,1.028103,1.020744,1.041411,1.040804,1.028154,1.037442,1.033331,1.007101,1.021083,1.019953,1.002034,1.014450,1.048056,1.046574,1.021604,1.000985,1.039408
6.447420,1.047596,1.033226,1.018173,1.007711,1.022098,1.026638,1.015545,1.013827,1.020870,1.035105,1.031013,1.016021,1.028201,1.015330,1.001216,1.015943,1.019583,1.017993,1.044370,0.991003,1.015085,1.036430,1.028075,1.020719,1.041415,1.040794,1.028141,1.037428,1.033316,1.007136,1.021095,1.019969,1.001998,1.014409,1.048026,1.046547,1.021596,1.000968,1.039432
6.455750,1.047614,1.033237,1.018172,1.007708,1.022100,1.026640,1.015547,1.013829,1.020872,1.035108,1.031016,1.016023,1.028202,1.015326,1.001197,1.015920,1.019568,1.017983,1.044335,0.990965,1.015060,1.036402,1.028047,1.020694,1.041418,1.040785,1.028129,1.037414,1.033301,1.007172,1.021107,1.019985,1.001962,1.014368,1.047997,1.046520,1.021589,1.000953,1.039456
6.464080,1.047634,1.033250,1.018174,1.007708,1.022104,1.026645,1.015551,1.013833,1.020875,1.035114,1.031021,1.016027,1.028206,1.015324,1.001182,1.015900,1.019555,1.017976,1.044303,0.990930,1.015037,1.036378,1.028023,1.020672,1.041425,1.040779,1.028121,1.037404,1.033290,1.007211,1.021122,1.020002,1.001929,1.014331,1.047971,1.046497,1.021584,1.000940,1.039480
6.472410,1.047654,1.033264,1.018177,1.007709,1.022109,1.026651,1.015556,1.013837,1.020880,1.035120,1.031027,1.016032,1.028210,1.015323,1.001167,1.015881,1.019544,1.017969,1.044271,0.990896,1.015015,1.036354,1.027999,1.020651,1.041432,1.040774,1.028112,1.037394,1.033280,1.007252,1.021137,1.020020,1.001897,1.014294,1.047946,1.046474,1.021579,1.000929,1.039504
6.480740,1.047676,1.033281,1.018182,1.007712,1.022116,1.026658,1.015563,1.013844,1.020887,1.035128,1.031035,1.016039,1.028216,1.015324,1.001155,1.015865,1.019535,1.017966,1.044243,0.990865,1.014997,1.036333,1.027979,1.020634,1.041441,1.040772,1.028107,1.037388,1.033274,1.007295,1.021153,1.020040,1.001867,1.014261,1.047923,1.046454,1.021577,1.000921,1.039529
6.489070,1.047697,1.033298,1.018188,1.007716,1.022123,1.026667,1.015571,1.013851,1.020894,1.035137,1.031044,1.016047,1.028222,1.015326,1.001144,1.015850,1.019527,1.017963,1.044215,0.990835,1.014979,1.036312,1.027959,1.020617,1.041451,1.040771,1.028103,1.037383,1.033268,1.007339,1.021171,1.020059,1.001838,1.014228,1.047901,1.046434,1.021576,1.000914,1.039553
6.497400,1.047721,1.033318,1.018196,1.007722,1.022133,1.026677,1.015580,1.013861,1.020903,1.035148,1.031054,1.016057,1.028231,1.015330,1.001136,1.015838,1.019522,1.017963,1.044191,0.990808,1.014965,1.036296,1.027942,1.020604,1.041464,1.040772,1.028102,1.037381,1.033266,1.007386,1.021190,1.020080,1.001811,1.014198,1.047881,1.046418,1.021577,1.000910,1.039577
6.505730,1.047745,1.033339,1.018206,1.007728,1.022143,1.026688,1.015591,1.013871,1.020914,1.035159,1.031065,1.016067,1.028241,1.015335,1.001128,1.015827,1.019518,1.017964,1.044167,0.990781,1.014951,1.036279,1.027926,1.020591,1.041477,1.040775,1.028101,1.037380,1.033264,1.007434,1.021210,1.020102,1.001786,1.014169,1.047863,1.046403,1.021579,1.000907,1.039601
6.514060,1.047770,1.033363,1.018218,1.007738,1.022156,1.026702,1.015603,1.013883,1.020926,1.035173,1.031079,1.016080,1.028253,1.015342,1.001124,1.015819,1.019517,1.017968,1.044147,0.990758,1.014940,1.036266,1.027914,1.020581,1.041493,1.040780,1.028103,1.037382,1.033266,1.007485,1.021231,1.020125,1.001763,1.014144,1.047847,1.046391,1.021583,1.000908,1.039626
6.522390,1.047795,1.033388,1.018230,1.007747,1.022169,1.026715,1.015617,1.013896,1.020939,1.035187,1.031093,1.016093,1.028265,1.015350,1.001120,1.015812,1.019517,1.017973,1.044128,0.990736,1.014930,1.036253,1.027902,1.020572,1.041509,1.040786,1.028107,1.037385,1.033269,1.007537,1.021254,1.020148,1.001740,1.014119,1.047832,1.046379,1.021587,1.000909,1.039650
6.530720,1.047823,1.033415,1.018246,1.007760,1.022185,1.026732,1.015632,1.013911,1.020954,1.035204,1.031109,1.016108,1.028280,1.015361,1.001120,1.015808,1.019520,1.017981,1.044111,0.990716,1.014924,1.036244,1.027893,1.020567,1.041528,1.040795,1.028113,1.037391,1.033275,1.007592,1.021278,1.020173,1.001721,1.014097,1.047819,1.046370,1.021594,1.000914,1.039674
6.539050,1.047850,1.033443,1.018262,1.007773,1.022201,1.026749,1.015648,1.013927,1.020970,1.035221,1.031126,1.016125,1.028295,1.015372,1.001120,1.015804,1.019523,1.017989,1.044096,0.990698,1.014918,1.036236,1.027885,1.020562,1.041548,1.040805,1.028120,1.037398,1.033282,1.007649,1.021303,1.020199,1.001701,1.014076,1.047808,1.046362,1.021602,1.000920,1.039699
6.547380,1.047879,1.033474,1.018281,1.007788,1.022219,1.026768,1.015667,1.013945,1.020989,1.035240,1.031146,1.016143,1.028313,1.015386,1.001123,1.015805,1.019531,1.018001,1.044084,0.990683,1.014915,1.036231,1.027881,1.020561,1.041570,1.040819,1.028130,1.037409,1.033292,1.007708,1.021330,1.020226,1.001685,1.014058,1.047799,1.046358,1.021612,1.000930,1.039723
6.555710,1.047908,1.033506,1.018301,1.007805,1.022239,1.026788,1.015686,1.013964,1.021008,1.035260,1.031166,1.016162,1.028332,1.015401,1.001127,1.015805,1.019538,1.018013,1.044072,0.990668,1.014913,1.036226,1.027877,1.020561,1.041593,1.040832,1.028141,1.037420,1.033304,1.007768,1.021358,1.020254,1.001670,1.014041,1.047790,1.046353,1.021623,1.000940,1.039747
6.564040,1.047939,1.033540,1.018323,1.007824,1.022260,1.026810,1.015708,1.013986,1.021029,1.035283,1.031188,1.016184,1.028353,1.015419,1.001134,1.015810,1.019549,1.018028,1.044064,0.990657,1.014915,1.036225,1.027877,1.020564,1.041618,1.040849,1.028156,1.037435,1.033319,1.007831,1.021388,1.020283,1.001657,1.014028,1.047785,1.046353,1.021636,1.000953,1.039771
6.572370,1.047970,1.033576,1.018347,1.007843,1.022283,1.026833,1.015730,1.014008,1.021052,1.035306,1.031211,1.016207,1.028375,1.015437,1.001142,1.015815,1.019561,1.018045,1.044057,0.990646,1.014917,1.036224,1.027877,1.020567,1.041644,1.040867,1.028170,1.037451,1.033334,1.007895,1.021419,1.020313,1.001645,1.014014,1.047781,1.046352,1.021650,1.000968,1.039795
6.580700,1.048002,1.033614,1.018373,1.007866,1.022308,1.026859,1.015755,1.014033,1.021077,1.035332,1.031237,1.016232,1.028399,1.015458,1.001154,1.015823,1.019576,1.018064,1.044053,0.990639,1.014923,1.036227,1.027881,1.020574,1.041673,1.040888,1.028189,1.037470,1.033353,1.007962,1.021452,1.020346,1.001636,1.014005,1.047779,1.046356,1.021667,1.000986,1.039819
6.589030,1.048035,1.033653,1.018400,1.007889,1.022334,1.026886,1.015781,1.014058,1.021102,1.035358,1.031264,1.016257,1.028424,1.015479,1.001166,1.015832,1.019592,1.018084,1.044050,0.990632,1.014929,1.036231,1.027885,1.020582,1.041703,1.040909,1.028207,1.037490,1.033373,1.008030,1.021486,1.020378,1.001627,1.013996,1.047778,1.046359,1.021684,1.001005,1.039843
6.597360,1.048070,1.033695,1.018430,1.007915,1.022362,1.026915,1.015809,1.014086,1.021130,1.035388,1.031293,1.016286,1.028452,1.015504,1.001181,1.015845,1.019611,1.018108,1.044051,0.990629,1.014940,1.036238,1.027893,1.020594,1.041735,1.040934,1.028230,1.037514,1.033397,1.008102,1.021522,1.020413,1.001622,1.013991,1.047780,1.046366,1.021703,1.001027,1.039867
6.605690,1.048104,1.033738,1.018461,1.007942,1.022392,1.026946,1.015839,1.014116,1.021160,1.035418,1.031323,1.016316,1.028481,1.015530,1.001198,1.015860,1.019632,1.018133,1.044053,0.990628,1.014951,1.036246,1.027903,1.020607,1.041768,1.040961,1.028254,1.037539,1.033422,1.008175,1.021559,1.020449,1.001618,1.013987,1.047784,1.046375,1.021724,1.001051,1.039891
6.614020,1.048140,1.033783,1.018494,1.007970,1.022423,1.026977,1.015870,1.014146,1.021191,1.035450,1.031355,1.016347,1.028512,1.015557,1.001216,1.015875,1.019654,1.018159,1.044056,0.990627,1.014964,1.036256,1.027913,1.020621,1.041803,1.040989,1.028279,1.037565,1.033449,1.008249,1.021598,1.020486,1.001615,1.013984,1.047788,1.046384,1.021746,1.001077,1.039915
6.622350,1.048177,1.033831,1.018530,1.008002,1.022457,1.027012,1.015904,1.014180,1.021225,1.035484,1.031390,1.016381,1.028545,1.015588,1.001238,1.015895,1.019680,1.018189,1.044064,0.990631,1.014981,1.036270,1.027928,1.020639,1.041840,1.041020,1.028307,1.037596,1.033480,1.008327,1.021639,1.020525,1.001615,1.013985,1.047796,1.046398,1.021771,1.001106,1.039939
6.630680,1.048215,1.033880,1.018567,1.008035,1.022493,1.027048,1.015939,1.014215,1.021260,1.035520,1.031426,1.016416,1.028580,1.015620,1.001261,1.015916,1.019707,1.018220,1.044072,0.990636,1.014999,1.036285,1.027944,1.020659,1.041878,1.041052,1.028337,1.037627,1.033512,1.008406,1.021681,1.020566,1.001617,1.013987,1.047805,1.046412,1.021797,1.001137,1.039962
6.639010,1.048253,1.033930,1.018605,1.008069,1.022529,1.027085,1.015975,1.014250,1.021296,1.035557,1.031463,1.016453,1.028616,1.015653,1.001286,1.015938,1.019736,1.018252,1.044082,0.990641,1.015018,1.036301,1.027961,1.020680,1.041918,1.041086,1.028369,1.037661,1.033545,1.008487,1.021725,1.020607,1.001619,1.013991,1.047815,1.046428,1.021823,1.001170,1.039986
6.647340,1.048292,1.033984,1.018647,1.008107,1.022569,1.027125,1.016015,1.014290,1.021335,1.035598,1.031503,1.016492,1.028655,1.015689,1.001315,1.015964,1.019768,1.018289,1.044096,0.990651,1.015042,1.036321,1.027983,1.020705,1.041960,1.041123,1.028404,1.037698,1.033582,1.008571,1.021771,1.020651,1.001625,1.013998,1.047829,1.046448,1.021853,1.001206,1.040010
6.655670,1.048333,1.034039,1.018690,1.008145,1.022610,1.027167,1.016055,1.014330,1.021376,1.035640,1.031545,1.016534,1.028695,1.015727,1.001345,1.015992,1.019802,1.018326,1.044112,0.990663,1.015067,1.036343,1.028005,1.020732,1.042004,1.041162,1.028440,1.037736,1.033621,1.008656,1.021819,1.020697,1.001632,1.014007,1.047844,1.046469,1.021884,1.001243,1.040033
6.664000,1.048373,1.034095,1.018735,1.008185,1.022652,1.027210,1.016097,1.014372,1.021418,1.035682,1.031587,1.016576,1.028737,1.015766,1.001376,1.016021,1.019837,1.018365,1.044128,0.990675,1.015093,1.036365,1.028029,1.020760,1.042049,1.041202,1.028478,1.037776,1.033662,1.008743,1.021868,1.020743,1.001641,1.014017,1.047860,1.046491,1.021915,1.001283,1.040056
6.672330,1.048416,1.034154,1.018783,1.008229,1.022698,1.027256,1.016143,1.014417,1.021463,1.035729,1.031634,1.016622,1.028783,1.015809,1.001411,1.016055,1.019877,1.018408,1.044149,0.990692,1.015123,1.036392,1.028057,1.020792,1.042097,1.041246,1.028519,1.037820,1.033706,1.008833,1.021920,1.020792,1.001653,1.014031,1.047880,1.046517,1.021950,1.001326,1.040080
6.680660,1.048459,1.034215,1.018832,1.008274,1.022745,1.027304,1.016189,1.014463,1.021510,1.035777,1.031681,1.016669,1.028829,1.015853,1.001448,1.016089,1.019917,1.018452,1.044171,0.990710,1.015155,1.036420,1.028087,1.020826,1.042146,1.041291,1.028562,1.037865,1.033752,1.008925,1.021973,1.020843,1.001665,1.014047,1.047900,1.046544,1.021986,1.001370,1.040103
6.688990,1.048502,1.034277,1.018882,1.008320,1.022793,1.027352,1.016237,1.014511,1.021558,1.035825,1.031730,1.016717,1.028877,1.015899,1.001486,1.016125,1.019959,1.018498,1.044195,0.990729,1.015188,1.036450,1.028117,1.020860,1.042196,1.041338,1.028606,1.037912,1.033799,1.009018,1.022027,1.020895,1.001680,1.014063,1.047922,1.046572,1.022022,1.001416,1.040126
6.697320,1.048547,1.034342,1.018936,1.008370,1.022845,1.027405,1.016289,1.014562,1.021610,1.035878,1.031783,1.016769,1.028929,1.015948,1.001528,1.016166,1.020005,1.018547,1.044223,0.990752,1.015225,1.036484,1.028153,1.020900,1.042250,1.041388,1.028655,1.037963,1.033850,1.009115,1.022085,1.020950,1.001698,1.014084,1.047948,1.046604,1.022062,1.001466,1.040149
6.705650,1.048593,1.034409,1.018992,1.008421,1.022898,1.027459,1.016342,1.014615,1.021663,1.035932,1.031837,1.016823,1.028982,1.015999,1.001572,1.016208,1.020053,1.018598,1.044252,0.990776,1.015264,1.036518,1.028189,1.020940,1.042304,1.041440,1.028704,1.038015,1.033903,1.009213,1.022144,1.021006,1.001716,1.014106,1.047975,1.046638,1.022103,1.001518,1.040172
6.713980,1.048639,1.034477,1.019049,1.008473,1.022953,1.027514,1.016396,1.014668,1.021717,1.035987,1.031892,1.016877,1.029036,1.016051,1.001617,1.016251,1.020101,1.018650,1.044283,0.990802,1.015304,1.036555,1.028226,1.020982,1.042360,1.041492,1.028755,1.038069,1.033957,1.009312,1.022204,1.021063,1.001737,1.014129,1.048003,1.046673,1.022145,1.001571,1.040195
6.722310,1.048686,1.034548,1.019109,1.008529,1.023011,1.027573,1.016454,1.014726,1.021775,1.036046,1.031951,1.016936,1.029094,1.016107,1.001666,1.016298,1.020155,1.018706,1.044318,0.990832,1.015349,1.036595,1.028269,1.021029,1.042418,1.041549,1.028810,1.038126,1.034015,1.009415,1.022268,1.021124,1.001761,1.014157,1.048035,1.046712,1.022190,1.001628,1.040217
6.730640,1.048734,1.034621,1.019171,1.008587,1.023071,1.027633,1.016513,1.014785,1.021834,1.036107,1.032011,1.016996,1.029154,1.016164,1.001717,1.016347,1.020209,1.018764,1.044354,0.990864,1.015394,1.036637,1.028312,1.021077,1.042479,1.041607,1.028866,1.038186,1.034075,1.009520,1.022333,1.021187,1.001786,1.014186,1.048068,1.046752,1.022236,1.001686,1.040240
6.738970,1.048783,1.034695,1.019234,1.008646,1.023132,1.027695,1.016573,1.014845,1.021894,1.036169,1.032073,1.017057,1.029215,1.016223,1.001769,1.016398,1.020265,1.018823,1.044392,0.990896,1.015441,1.036680,1.028357,1.021126,1.042540,1.041667,1.028924,1.038246,1.034136,1.009625,1.022399,1.021250,1.001812,1.014216,1.048102,1.046793,1.022283,1.001746,1.040262
6.747300,1.048833,1.034772,1.019301,1.008709,1.023197,1.027760,1.016638,1.014909,1.021959,1.036235,1.032139,1.017123,1.029280,1.016286,1.001826,1.016453,1.020325,1.018886,1.044434,0.990933,1.015493,1.036728,1.028406,1.021180,1.042604,1.041730,1.028986,1.038311,1.034202,1.009734,1.022468,1.021317,1.001842,1.014250,1.048140,1.046839,1.022333,1.001810,1.040285
6.755630,1.048883,1.034851,1.019370,1.008773,1.023263,1.027827,1.016703,1.014975,1.022025,1.036302,1.032206,1.017190,1.029346,1.016351,1.001884,1.016509,1.020387,1.018950,1.044478,0.990971,1.015546,1.036777,1.028456,1.021235,1.042669,1.041795,1.029049,1.038377,1.034269,1.009845,1.022539,1.021385,1.001873,1.014286,1.048179,1.046886,1.022384,1.001876,1.040307
6.763960,1.048934,1.034931,1.019439,1.008838,1.023331,1.027895,1.016770,1.015041,1.022092,1.036370,1.032274,1.017258,1.029414,1.016416,1.001943,1.016567,1.020449,1.019016,1.044523,0.991011,1.015601,1.036827,1.028508,1.021292,1.042736,1.041861,1.029113,1.038445,1.034337,1.009957,1.022612,1.021455,1.001905,1.014323,1.048220,1.046933,1.022436,1.001943,1.040329
6.772290,1.048987,1.035014,1.019513,1.008908,1.023402,1.027968,1.016842,1.015112,1.022164,1.036443,1.032347,1.017330,1.029486,1.016486,1.002008,1.016629,1.020517,1.019086,1.044573,0.991055,1.015660,1.036882,1.028565,1.021354,1.042806,1.041931,1.029182,1.038517,1.034410,1.010072,1.022688,1.021528,1.001942,1.014364,1.048264,1.046986,1.022492,1.002014,1.040351
6.780620,1.049039,1.035098,1.019588,1.008979,1.023476,1.028041,1.016914,1.015184,1.022236,1.036517,1.032421,1.017404,1.029559,1.016558,1.002073,1.016693,1.020586,1.019158,1.044623,0.991100,1.015720,1.036938,1.028622,1.021416,1.042877,1.042003,1.029252,1.038590,1.034484,1.010189,1.022765,1.021603,1.001979,1.014406,1.048310,1.047039,1.022548,1.002087,1.040372
6.788950,1.049093,1.035185,1.019665,1.009053,1.023551,1.028117,1.016989,1.015259,1.022311,1.036594,1.032498,1.017480,1.029635,1.016631,1.002141,1.016759,1.020657,1.019231,1.044677,0.991147,1.015783,1.036996,1.028682,1.021481,1.042950,1.042076,1.029324,1.038666,1.034560,1.010309,1.022845,1.021681,1.002019,1.014451,1.048357,1.047095,1.022606,1.002161,1.040394
6.797280,1.049148,1.035274,1.019744,1.009129,1.023629,1.028196,1.017066,1.015336,1.022389,1.036673,1.032576,1.017558,1.029713,1.016708,1.002211,1.016828,1.020730,1.019308,1.044732,0.991197,1.015848,1.037057,1.028745,1.021549,1.043025,1.042152,1.029398,1.038744,1.034639,1.010430,1.022926,1.021760,1.002061,1.014498,1.048407,1.047153,1.022666,1.002239,1.040415
6.805610,1.049203,1.035364,1.019825,1.009207,1.023709,1.028277,1.017146,1.015415,1.022468,1.036755,1.032658,1.017639,1.029794,1.016786,1.002284,1.016899,1.020806,1.019386,1.044791,0.991249,1.015915,1.037120,1.028810,1.021619,1.043102,1.042230,1.029475,1.038824,1.034720,1.010553,1.023010,1.021842,1.002104,1.014548,1.048459,1.047213,1.022728,1.002318,1.040436
6.813940,1.049259,1.035457,1.019909,1.009287,1.023792,1.028360,1.017228,1.015496,1.022551,1.036838,1.032741,1.017722,1.029877,1.016868,1.002360,1.016972,1.020885,1.019467,1.044851,0.991304,1.015986,1.037185,1.028877,1.021692,1.043181,1.042311,1.029554,1.038907,1.034804,1.010678,1.023096,1.021926,1.002150,1.014600,1.048513,1.047275,1.022792,1.002400,1.040457
6.822270,1.049316,1.035552,1.019995,1.009370,1.023876,1.028445,1.017312,1.015580,1.022635,1.036925,1.032827,1.017808,1.029962,1.016951,1.002438,1.017049,1.020965,1.019550,1.044915,0.991361,1.016058,1.037253,1.028947,1.021768,1.043261,1.042393,1.029636,1.038992,1.034890,1.010806,1.023185,1.022012,1.002198,1.014654,1.048570,1.047340,1.022857,1.002485,1.040478
6.830600,1.049373,1.035648,1.020084,1.009455,1.023964,1.028533,1.017398,1.015667,1.022722,1.037013,1.032916,1.017896,1.030050,1.017037,1.002518,1.017127,1.021049,1.019636,1.044980,0.991420,1.016133,1.037324,1.029019,1.021845,1.043344,1.042478,1.029720,1.039079,1.034978,1.010935,1.023275,1.022100,1.002249,1.014710,1.048628,1.047407,1.022924,1.002571,1.040499
6.838930,1.049431,1.035747,1.020174,1.009543,1.024053,1.028623,1.017487,1.015755,1.022811,1.037104,1.033006,1.017987,1.030141,1.017126,1.002601,1.017209,1.021134,1.019724,1.045049,0.991482,1.016211,1.037396,1.029094,1.021926,1.043428,1.042565,1.029806,1.039169,1.035069,1.011067,1.023367,1.022191,1.002301,1.014769,1.048689,1.047476,1.022993,1.002660,1.040519
6.847260,1.049490,1.035848,1.020267,1.009633,1.024145,1.028716,1.017578,1.015846,1.022902,1.037198,1.033099,1.018080,1.030233,1.017217,1.002686,1.017292,1.021222,1.019814,1.045119,0.991545,1.016291,1.037471,1.029171,1.022009,1.043514,1.042654,1.029894,1.039261,1.035162,1.011200,1.023462,1.022284,1.002355,1.014830,1.048751,1.047547,1.023063,1.002752,1.040540
6.855590,1.049550,1.035950,1.020361,1.009725,1.024239,1.028811,1.017672,1.015939,1.022996,1.037294,1.033195,1.018175,1.030328,1.017310,1.002774,1.017379,1.021313,1.019907,1.045192,0.991612,1.016373,1.037549,1.029250,1.022094,1.043602,1.042746,1.029985,1.039356,1.035257,1.011335,1.023559,1.022379,1.002412,1.014893,1.048816,1.047620,1.023135,1.002845,1.040560
6.863920,1.049610,1.036054,1.020458,1.009819,1.024336,1.028908,1.017767,1.016034,1.023092,1.037392,1.033293,1.018273,1.030426,1.017405,1.002865,1.017467,1.021405,1.020001,1.045267,0.991680,1.016458,1.037628,1.029332,1.022182,1.043692,1.042839,1.030078,1.039452,1.035354,1.011472,1.023658,1.022476,1.002470,1.014959,1.048883,1.047696,1.023209,1.002941,1.040580
6.872250,1.049671,1.036161,1.020557,1.009916,1.024435,1.029007,1.017865,1.016132,1.023191,1.037492,1.033393,1.018373,1.030525,1.017503,1.002957,1.017558,1.021500,1.020099,1.045345,0.991751,1.016545,1.037710,1.029416,1.022272,1.043783,1.042935,1.030173,1.039551,1.035454,1.011612,1.023759,1.022576,1.002531,1.015026,1.048951,1.047774,1.023285,1.003039,1.040599
6.880580,1.049733,1.036269,1.020658,1.010015,1.024536,1.029109,1.017966,1.016232,1.023291,1.037595,1.033495,1.018475,1.030627,1.017604,1.003053,1.017652,1.021598,1.020198,1.045425,0.991824,1.016634,1.037795,1.029502,1.022364,1.043876,1.043033,1.030270,1.039652,1.035556,1.011753,1.023862,1.022677,1.002593,1.015096,1.049022,1.047854,1.023362,1.003139,1.040619
6.888910,1.049796,1.036379,1.020762,1.010116,1.024639,1.029213,1.018068,1.016334,1.023394,1.037700,1.033600,1.018579,1.030732,1.017706,1.003150,1.017747,1.021697,1.020299,1.045508,0.991899,1.016726,1.037881,1.029591,1.022459,1.043971,1.043133,1.030370,1.039755,1.035660,1.011895,1.023967,1.022781,1.002658,1.015168,1.049095,1.047935,1.023440,1.003241,1.040638
6.897240,1.049858,1.036490,1.020867,1.010220,1.024744,1.029319,1.018173,1.016439,1.023499,1.037807,1.033707,1.018686,1.030839,1.017811,1.003250,1.017845,1.021799,1.020403,1.045592,0.991976,1.016820,1.037970,1.029681,1.022556,1.044068,1.043235,1.030471,1.039861,1.035767,1.012040,1.024074,1.022887,1.002724,1.015243,1.049170,1.048019,1.023521,1.003345,1.040657
6.905570,1.049922,1.036604,1.020974,1.010326,1.024852,1.029427,1.018280,1.016545,1.023606,1.037917,1.033816,1.018795,1.030947,1.017919,1.003352,1.017946,1.021903,1.020509,1.045679,0.992056,1.016916,1.038061,1.029774,1.022656,1.044166,1.043339,1.030575,1.039968,1.035875,1.012186,1.024183,1.022995,1.002793,1.015319,1.049247,1.048105,1.023603,1.003452,1.040676
6.913900,1.049986,1.036719,1.021084,1.010433,1.024962,1.029538,1.018389,1.016654,1.023716,1.038029,1.033927,1.018907,1.031059,1.018028,1.003457,1.018048,1.022009,1.020617,1.045769,0.992138,1.017015,1.038154,1.029870,1.022758,1.044266,1.043445,1.030681,1.040078,1.035986,1.012335,1.024295,1.023105,1.002864,1.015398,1.049326,1.048193,1.023686,1.003561,1.040695
6.922230,1.050051,1.036836,1.021195,1.010544,1.025074,1.029651,1.018500,1.016765,1.023828,1.038143,1.034041,1.019020,1.031172,1.018140,1.003564,1.018153,1.022118,1.020727,1.045860,0.992222,1.017116,1.038249,1.029967,1.022862,1.044368,1.043553,1.030788,1.040190,1.036099,1.012484,1.024408,1.023217,1.002936,1.015478,1.049407,1.048283,1.023771,1.003671,1.040713
6.930560,1.050116,1.036955,1.021308,1.010656,1.025189,1.029766,1.018614,1.016878,1.023942,1.038259,1.034157,1.019136,1.031288,1.018254,1.003673,1.018261,1.022228,1.020839,1.045954,0.992308,1.017219,1.038347,1.030067,1.022969,1.044471,1.043663,1.030898,1.040304,1.036214,1.012636,1.024523,1.023331,1.003010,1.015561,1.049489,1.048375,1.023858,1.003784,1.040732
6.938890,1.050182,1.037075,1.021424,1.010770,1.025305,1.029883,1.018729,1.016993,1.024057,1.038378,1.034275,1.019254,1.031405,1.018370,1.003784,1.018370,1.022341,1.020954,1.046050,0.992396,1.017324,1.038446,1.030169,1.023077,1.044576,1.043775,1.031010,1.040420,1.036331,1.012789,1.024640,1.023447,1.003087,1.015646,1.049574,1.048469,1.023946,1.003899,1.040750
6.947220,1.050248,1.037197,1.021541,1.010886,1.025423,1.030002,1.018846,1.017110,1.024175,1.038498,1.034395,1.019374,1.031525,1.018488,1.003898,1.018482,1.022456,1.021070,1.046148,0.992486,1.017431,1.038548,1.030272,1.023188,1.044683,1.043888,1.031124,1.040538,1.036450,1.012944,1.024759,1.023565,1.003165,1.015733,1.049661,1.048565,1.024035,1.004015,1.040767
6.955550,1.050315,1.037320,1.021660,1.011005,1.025544,1.030123,1.018966,1.017229,1.024296,1.038621,1.034517,1.019496,1.031647,1.018609,1.004014,1.018596,1.022573,1.021188,1.046248,0.992578,1.017541,1.038652,1.030378,1.023301,1.044791,1.044004,1.031240,1.040657,1.036571,1.013100,1.024880,1.023685,1.003245,1.015821,1.049749,1.048663,1.024126,1.004134,1.040785
6.963880,1.050382,1.037445,1.021781,1.011125,1.025666,1.030246,1.019088,1.017351,1.024418,1.038745,1.034641,1.019620,1.031771,1.018731,1.004132,1.018711,1.022692,1.021308,1.046351,0.992672,1.017652,1.038757,1.030486,1.023417,1.044900,1.044122,1.031358,1.040779,1.036693,1.013258,1.025002,1.023807,1.003327,1.015912,1.049839,1.048762,1.024219,1.004254,1.040802
6.972210,1.050450,1.037572,1.021903,1.011248,1.025791,1.030371,1.019211,1.017474,1.024542,1.038872,1.034767,1.019746,1.031897,1.018856,1.004252,1.018829,1.022813,1.021431,1.046455,0.992768,1.017766,1.038865,1.030596,1.023534,1.045011,1.044241,1.031477,1.040903,1.036818,1.013417,1.025127,1.023930,1.003410,1.016005,1.049931,1.048864,1.024313,1.004377,1.040819
6.980540,1.050518,1.037700,1.022028,1.011372,1.025917,1.030498,1.019337,1.017599,1.024668,1.039001,1.034895,1.019874,1.032025,1.018982,1.004374,1.018949,1.022935,1.021555,1.046561,0.992866,1.017881,1.038975,1.030708,1.023653,1.045123,1.044362,1.031599,1.041029,1.036945,1.013577,1.025253,1.024056,1.003496,1.016100,1.050025,1.048967,1.024408,1.004501,1.040836
6.988870,1.050586,1.037829,1.022154,1.011499,1.026045,1.030627,1.019464,1.017726,1.024796,1.039131,1.035025,1.020004,1.032155,1.019111,1.004498,1.019071,1.023060,1.021680,1.046670,0.992966,1.017999,1.039086,1.030822,1.023775,1.045237,1.044485,1.031722,1.041156,1.037073,1.013739,1.025381,1.024183,1.003583,1.016196,1.050121,1.049072,1.024504,1.004627,1.040852
6.997200,1.050655,1.037960,1.022282,1.011627,1.026176,1.030758,1.019593,1.017855,1.024925,1.039263,1.035157,1.020136,1.032287,1.019241,1.004624,1.019195,1.023187,1.021808,1.046780,0.993068,1.018118,1.039200,1.030938,1.023898,1.045352,1.044609,1.031847,1.041285,1.037204,1.013902,1.025510,1.024311,1.003672,1.016294,1.050218,1.049178,1.024602,1.004755,1.040868
7.005530,1.050725,1.038092,1.022411,1.011757,1.026307,1.030890,1.019724,1.017986,1.025057,1.039397,1.035291,1.020269,1.032420,1.019373,1.004752,1.019321,1.023315,1.021938,1.046892,0.993172,1.018240,1.039315,1.031055,1.024023,1.045469,1.044735,1.031974,1.041416,1.037336,1.014067,1.025641,1.024442,1.003762,1.016394,1.050317,1.049286,1.024701,1.004884,1.040884
7.013860,1.050794,1.038226,1.022542,1.011888,1.026441,1.031025,1.019857,1.018118,1.025190,1.039533,1.035426,1.020405,1.032556,1.019507,1.004882,1.019449,1.023445,1.022069,1.047007,0.993277,1.018363,1.039432,1.031175,1.024150,1.045586,1.044863,1.032102,1.041549,1.037469,1.014232,1.025774,1.024573,1.003854,1.016496,1.050417,1.049396,1.024801,1.005015,1.040900
7.022190,1.050864,1.038360,1.022674,1.012022,1.026576,1.031161,1.019991,1.018252,1.025325,1.039671,1.035563,1.020542,1.032693,1.019643,1.005013,1.019578,1.023577,1.022201,1.047122,0.993384,1.018488,1.039551,1.031296,1.024279,1.045705,1.044992,1.032232,1.041683,1.037604,1.014399,1.025908,1.024707,1.003948,1.016600,1.050519,1.049507,1.024902,1.005148,1.040915
7.030520,1.050934,1.038496,1.022808,1.012157,1.026713,1.031298,1.020127,1.018388,1.025462,1.039810,1.035702,1.020680,1.032832,1.019781,1.005147,1.019710,1.023710,1.022336,1.047240,0.993493,1.018614,1.039671,1.031418,1.024410,1.045825,1.045123,1.032363,1.041818,1.037741,1.014567,1.026044,1.024841,1.004043,1.016705,1.050623,1.049620,1.025005,1.005282,1.040930
7.038850,1.051004,1.038633,1.022944,1.012293,1.026852,1.031437,1.020264,1.018525,1.025600,1.039951,1.035842,1.020821,1.032972,1.019920,1.005282,1.019843,1.023845,1.022471,1.047359,0.993604,1.018742,1.039793,1.031543,1.024542,1.045946,1.045255,1.032496,1.041956,1.037880,1.014735,1.026181,1.024977,1.004139,1.016811,1.050728,1.049734,1.025109,1.005418,1.040945
7.047180,1.051075,1.038771,1.023080,1.012432,1.026992,1.031578,1.020403,1.018664,1.025740,1.040093,1.035983,1.020962,1.033114,1.020060,1.005418,1.019977,1.023982,1.022609,1.047480,0.993716,1.018872,1.039917,1.031668,1.024677,1.046069,1.045388,1.032631,1.042094,1.038020,1.014905,1.026319,1.025114,1.004238,1.016920,1.050835,1.049850,1.025213,1.005555,1.040959
7.055510,1.051146,1.038910,1.023218,1.012571,1.027133,1.031720,1.020544,1.018804,1.025881,1.040237,1.036127,1.021106,1.033257,1.020203,1.005557,1.020113,1.024120,1.022747,1.047603,0.993829,1.019004,1.040042,1.031796,1.024812,1.046192,1.045523,1.032766,1.042235,1.038161,1.015076,1.026458,1.025253,1.004337,1.017029,1.050943,1.049967,1.025319,1.005694,1.040973
7.063840,1.051217,1.039050,1.023358,1.012712,1.027276,1.031863,1.020686,1.018945,1.026023,1.040382,1.036271,1.021250,1.033402,1.020346,1.005697,1.020251,1.024259,1.022887,1.047727,0.993944,1.019136,1.040168,1.031925,1.024949,1.046316,1.045659,1.032903,1.042376,1.038304,1.015247,1.026599,1.025392,1.004438,1.017141,1.051052,1.050085,1.025425,1.005834,1.040987
7.072170,1.051288,1.039191,1.023498,1.012855,1.027420,1.032008,1.020829,1.019088,1.026167,1.040528,1.036417,1.021396,1.033548,1.020491,1.005838,1.020390,1.024400,1.023029,1.047853,0.994061,1.019271,1.040296,1.032055,1.025088,1.046441,1.045796,1.033042,1.042519,1.038447,1.015419,1.026741,1.025533,1.004540,1.017253,1.051162,1.050204,1.025533,1.005975,1.041001
7.080500,1.051359,1.039333,1.023640,1.012998,1.027566,1.032154,1.020973,1.019232,1.026312,1.040676,1.036564,1.021543,1.033695,1.020637,1.005981,1.020530,1.024542,1.023171,1.047980,0.994179,1.019406,1.040425,1.032187,1.025228,1.046567,1.045934,1.033181,1.042663,1.038593,1.015592,1.026884,1.025675,1.004643,1.017367,1.051274,1.050325,1.025641,1.006118,1.041014
7.088830,1.051430,1.039475,1.023782,1.013143,1.027712,1.032301,1.021119,1.019378,1.026459,1.040825,1.036712,1.021692,1.033843,1.020785,1.006125,1.020672,1.024685,1.023315,1.048108,0.994298,1.019543,1.040556,1.032319,1.025369,1.046694,1.046074,1.033322,1.042808,1.038739,1.015766,1.027028,1.025817,1.004748,1.017482,1.051387,1.050447,1.025750,1.006261,1.041027
7.097160,1.051502,1.039619,1.023926,1.013289,1.027860,1.032450,1.021265,1.019524,1.026606,1.040975,1.036862,1.021841,1.033993,1.020934,1.006270,1.020815,1.024830,1.023460,1.048238,0.994418,1.019682,1.040688,1.032453,1.025512,1.046822,1.046214,1.033464,1.042955,1.038887,1.015940,1.027172,1.025961,1.004854,1.017599,1.051502,1.050569,1.025860,1.006406,1.041039
7.105490,1.051573,1.039763,1.024071,1.013436,1.028009,1.032599,1.021413,1.019672,1.026755,1.041125,1.037012,1.021992,1.034143,1.021084,1.006417,1.020960,1.024975,1.023606,1.048369,0.994540,1.019821,1.040821,1.032589,1.025656,1.046950,1.046356,1.033607,1.043102,1.039035,1.016115,1.027318,1.026105,1.004961,1.017716,1.051617,1.050693,1.025971,1.006552,1.041051
7.113820,1.051644,1.039907,1.024216,1.013585,1.028159,1.032749,1.021562,1.019820,1.026904,1.041277,1.037163,1.022143,1.034295,1.021234,1.006564,1.021105,1.025122,1.023753,1.048501,0.994663,1.019962,1.040955,1.032725,1.025801,1.047079,1.046498,1.033751,1.043250,1.039185,1.016290,1.027465,1.026250,1.005069,1.017835,1.051733,1.050818,1.026082,1.006699,1.041063
7.122150,1.051715,1.040053,1.024362,1.013734,1.028309,1.032901,1.021712,1.019970,1.027055,1.041430,1.037316,1.022296,1.034448,1.021386,1.006713,1.021251,1.025270,1.023900,1.048634,0.994786,1.020103,1.041090,1.032862,1.025947,1.047209,1.046641,1.033895,1.043400,1.039335,1.016465,1.027612,1.026396,1.005178,1.017955,1.051851,1.050943,1.026194,1.006847,1.041074
7.130480,1.051787,1.040198,1.024509,1.013884,1.028461,1.033053,1.021862,1.020120,1.027206,1.041584,1.037469,1.022449,1.034601,1.021539,1.006863,1.021399,1.025418,1.024049,1.048768,0.994911,1.020246,1.041226,1.033000,1.026094,1.047339,1.046785,1.034041,1.043550,1.039487,1.016641,1.027760,1.026542,1.005287,1.018076,1.051969,1.051070,1.026306,1.006995,1.041085
7.138810,1.051858,1.040344,1.024657,1.014035,1.028613,1.033205,1.022013,1.020271,1.027358,1.041738,1.037622,1.022603,1.034755,1.021692,1.007013,1.021547,1.025567,1.024199,1.048903,0.995037,1.020389,1.041363,1.033140,1.026242,1.047470,1.046930,1.034187,1.043701,1.039639,1.016817,1.027908,1.026689,1.005398,1.018197,1.052088,1.051197,1.026419,1.007145,1.041096
7.147140,1.051929,1.040491,1.024805,1.014186,1.028766,1.033359,1.022165,1.020423,1.027511,1.041893,1.037777,1.022758,1.034910,1.021847,1.007165,1.021696,1.025718,1.024349,1.049039,0.995164,1.020533,1.041500,1.033280,1.026391,1.047601,1.047075,1.034334,1.043853,1.039792,1.016993,1.028057,1.026836,1.005510,1.018320,1.052208,1.051324,1.026533,1.007295,1.041106
7.155470,1.052000,1.040638,1.024954,1.014338,1.028920,1.033513,1.022318,1.020575,1.027665,1.042048,1.037932,1.022913,1.035065,1.022002,1.007317,1.021846,1.025868,1.024499,1.049176,0.995291,1.020678,1.041639,1.033420,1.026541,1.047732,1.047221,1.034482,1.044005,1.039945,1.017169,1.028207,1.026983,1.005622,1.018443,1.052329,1.051453,1.026646,1.007446,1.041116
7.163800,1.052070,1.040785,1.025103,1.014491,1.029074,1.033668,1.022471,1.020728,1.027818,1.042204,1.038087,1.023069,1.035221,1.022157,1.007470,1.021997,1.026020,1.024651,1.049314,0.995420,1.020824,1.041778,1.033562,1.026692,1.047864,1.047368,1.034630,1.044158,1.040100,1.017345,1.028356,1.027131,1.005735,1.018567,1.052450,1.051582,1.026761,1.007597,1.041126
7.172130,1.052141,1.040932,1.025253,1.014644,1.029228,1.033823,1.022624,1.020881,1.027973,1.042361,1.038243,1.023225,1.035377,1.022313,1.007624,1.022148,1.026172,1.024802,1.049453,0.995549,1.020971,1.041918,1.033704,1.026843,1.047996,1.047515,1.034779,1.044312,1.040255,1.017522,1.028506,1.027278,1.005849,1.018692,1.052572,1.051711,1.026875,1.007749,1.041135
7.180460,1.052211,1.041079,1.025403,1.014798,1.029383,1.033978,1.022778,1.021035,1.028128,1.042517,1.038400,1.023381,1.035534,1.022470,1.007778,1.022300,1.026324,1.024955,1.049592,0.995678,1.021118,1.042058,1.033846,1.026994,1.048128,1.047662,1.034928,1.044466,1.040410,1.017698,1.028656,1.027426,1.005963,1.018817,1.052695,1.051841,1.026990,1.007902,1.041144
7.188790,1.052281,1.041227,1.025553,1.014952,1.029538,1.034133,1.022932,1.021189,1.028282,1.042674,1.038556,1.023538,1.035691,1.022626,1.007932,1.022452,1.026476,1.025107,1.049731,0.995808,1.021265,1.042199,1.033989,1.027146,1.048261,1.047809,1.035077,1.044620,1.040565,1.017874,1.028806,1.027574,1.006078,1.018943,1.052817,1.051971,1.027105,1.008054,1.041152
7.197120,1.052351,1.041375,1.025704,1.015107,1.029695,1.034290,1.023087,1.021344,1.028439,1.042832,1.038713,1.023696,1.035848,1.022784,1.008088,1.022606,1.026630,1.025260,1.049872,0.995940,1.021413,1.042341,1.034133,1.027300,1.048393,1.047958,1.035227,1.044776,1.040722,1.018050,1.028957,1.027723,1.006194,1.019070,1.052942,1.052102,1.027220,1.008208,1.041160
7.205450,1.052420,1.041522,1.025855,1.015262,1.029850,1.034446,1.023242,1.021499,1.028594,1.042989,1.038870,1.023853,1.036006,1.022941,1.008243,1.022759,1.026784,1.025413,1.050013,0.996071,1.021562,1.042483,1.034277,1.027453,1.048526,1.048106,1.035377,1.044931,1.040878,1.018225,1.029108,1.027870,1.006310,1.019197,1.053066,1.052233,1.027335,1.008362,1.041168
7.213780,1.052489,1.041669,1.026005,1.015416,1.030006,1.034602,1.023396,1.021653,1.028750,1.043146,1.039027,1.024010,1.036163,1.023098,1.008399,1.022912,1.026937,1.025566,1.050154,0.996202,1.021710,1.042625,1.034421,1.027606,1.048658,1.048254,1.035527,1.045086,1.041035,1.018400,1.029258,1.028018,1.006426,1.019324,1.053190,1.052364,1.027450,1.008515,1.041175
7.222110,1.052558,1.041817,1.026156,1.015572,1.030162,1.034759,1.023552,1.021808,1.028906,1.043304,1.039185,1.024168,1.036321,1.023257,1.008555,1.023066,1.027092,1.025720,1.050296,0.996335,1.021859,1.042768,1.034566,1.027760,1.048791,1.048403,1.035678,1.045242,1.041192,1.018575,1.029408,1.028166,1.006543,1.019452,1.053315,1.052495,1.027566,1.008670,1.041182
7.230440,1.052627,1.041964,1.026307,1.015726,1.030318,1.034915,1.023706,1.021963,1.029062,1.043461,1.039341,1.024325,1.036478,1.023414,1.008711,1.023220,1.027245,1.025873,1.050437,0.996467,1.022008,1.042910,1.034710,1.027914,1.048923,1.048551,1.035828,1.045398,1.041348,1.018749,1.029558,1.028313,1.006660,1.019579,1.053440,1.052626,1.027681,1.008824,1.041189
7.238770,1.052694,1.042110,1.026457,1.015881,1.030473,1.035070,1.023861,1.022117,1.029217,1.043618,1.039498,1.024482,1.036635,1.023571,1.008867,1.023374,1.027399,1.026027,1.050579,0.996599,1.022157,1.043052,1.034854,1.028067,1.049055,1.048699,1.035979,1.045553,1.041505,1.018923,1.029707,1.028459,1.006777,1.019707,1.053565,1.052757,1.027796,1.008978,1.041195
7.247100,1.052762,1.042256,1.026607,1.016036,1.030628,1.035226,1.024015,1.022271,1.029372,1.043775,1.039654,1.024638,1.036792,1.023729,1.009023,1.023527,1.027552,1.026179,1.050720,0.996731,1.022306,1.043195,1.034999,1.028221,1.049187,1.048847,1.036129,1.045708,1.041662,1.019096,1.029856,1.028605,1.006894,1.019835,1.053690,1.052888,1.027911,1.009132,1.041200
7.255430,1.052829,1.042402,1.026757,1.016190,1.030783,1.035381,1.024169,1.022425,1.029527,1.043931,1.039810,1.024794,1.036948,1.023885,1.009178,1.023681,1.027706,1.026332,1.050862,0.996864,1.022454,1.043337,1.035143,1.028374,1.049318,1.048995,1.036278,1.045863,1.041818,1.019268,1.030005,1.028751,1.007011,1.019963,1.053815,1.053018,1.028025,1.009286,1.041206
7.263760,1.052895,1.042547,1.026906,1.016344,1.030938,1.035536,1.024323,1.022579,1.029682,1.044087,1.039966,1.024951,1.037105,1.024042,1.009334,1.023835,1.027859,1.026485,1.051004,0.996996,1.022604,1.043480,1.035287,1.028528,1.049449,1.049143,1.036428,1.046019,1.041975,1.019440,1.030153,1.028896,1.007128,1.020091,1.053940,1.053149,1.028140,1.009440,1.041211
7.272090,1.052961,1.042692,1.027055,1.016498,1.031092,1.035691,1.024476,1.022732,1.029836,1.044243,1.040121,1.025106,1.037261,1.024199,1.009490,1.023988,1.028012,1.026637,1.051146,0.997129,1.022752,1.043622,1.035431,1.028682,1.049580,1.049290,1.036578,1.046174,1.042131,1.019611,1.030301,1.029041,1.007246,1.020219,1.054065,1.053279,1.028254,1.009593,1.041215
7.280420,1.053026,1.042836,1.027204,1.016651,1.031246,1.035845,1.024629,1.022885,1.029990,1.044397,1.040276,1.025261,1.037416,1.024354,1.009644,1.024141,1.028165,1.026789,1.051287,0.997261,1.022900,1.043764,1.035575,1.028835,1.049710,1.049437,1.036727,1.046328,1.042287,1.019781,1.030448,1.029184,1.007363,1.020347,1.054190,1.053409,1.028368,1.009747,1.041219
7.288750,1.053091,1.042980,1.027353,1.016804,1.031400,1.035999,1.024781,1.023037,1.030144,1.044552,1.040430,1.025416,1.037571,1.024510,1.009800,1.024294,1.028317,1.026941,1.051429,0.997393,1.023049,1.043906,1.035719,1.028988,1.049840,1.049584,1.036876,1.046483,1.042442,1.019950,1.030594,1.029327,1.007480,1.020475,1.054315,1.053539,1.028481,1.009900,1.041223
7.297080,1.053155,1.043122,1.027500,1.016956,1.031552,1.036151,1.024933,1.023189,1.030296,1.044705,1.040583,1.025569,1.037724,1.024665,1.009954,1.024446,1.028469,1.027091,1.051570,0.997525,1.023196,1.044047,1.035861,1.029140,1.049968,1.049730,1.037023,1.046636,1.042597,1.020118,1.030739,1.029469,1.007597,1.020602,1.054439,1.053667,1.028594,1.010052,1.041226
7.305410,1.053219,1.043264,1.027647,1.017108,1.031704,1.036303,1.025083,1.023340,1.030448,1.044858,1.040736,1.025722,1.037878,1.024819,1.010107,1.024598,1.028620,1.027241,1.051710,0.997657,1.023343,1.044188,1.036004,1.029292,1.050097,1.049875,1.037171,1.046790,1.042752,1.020285,1.030883,1.029610,1.007713,1.020729,1.054564,1.053796,1.028706,1.010204,1.041228
7.313740,1.053282,1.043406,1.027793,1.017259,1.031855,1.036455,1.025234,1.023490,1.030600,1.045010,1.040888,1.025874,1.038030,1.024972,1.010260,1.024749,1.028771,1.027391,1.051851,0.997788,1.023490,1.044328,1.036146,1.029443,1.050225,1.050020,1.037318,1.046942,1.042906,1.020451,1.031027,1.029750,1.007830,1.020855,1.054688,1.053924,1.028818,1.010356,1.041231
7.322070,1.053344,1.043546,1.027938,1.017409,1.032005,1.036605,1.025383,1.023639,1.030750,1.045161,1.041038,1.026025,1.038182,1.025124,1.010413,1.024899,1.028920,1.027540,1.051990,0.997918,1.023635,1.044468,1.036287,1.029594,1.050351,1.050164,1.037464,1.047094,1.043059,1.020616,1.031169,1.029889,1.007945,1.020981,1.054811,1.054051,1.028929,1.010507,1.041232
7.330400,1.053406,1.043685,1.028083,1.017559,1.032155,1.036754,1.025531,1.023788,1.030899,1.045311,1.041188,1.026176,1.038332,1.025276,1.010564,1.025049,1.029070,1.027688,1.052129,0.998049,1.023780,1.044607,1.036428,1.029744,1.050478,1.050307,1.037609,1.047246,1.043211,1.020780,1.031311,1.030027,1.008061,1.021107,1.054934,1.054177,1.029040,1.010657,1.041234
7.338730,1.053467,1.043824,1.028226,1.017707,1.032303,1.036903,1.025679,1.023935,1.031048,1.045460,1.041337,1.026325,1.038482,1.025427,1.010715,1.025198,1.029218,1.027835,1.052268,0.998178,1.023925,1.044745,1.036568,1.029893,1.050603,1.050450,1.037754,1.047396,1.043363,1.020943,1.031451,1.030164,1.008176,1.021232,1.055056,1.054303,1.029149,1.010807,1.041235
7.347060,1.053526,1.043961,1.028369,1.017854,1.032450,1.037050,1.025825,1.024081,1.031195,1.045608,1.041485,1.026473,1.038630,1.025576,1.010865,1.025346,1.029365,1.027981,1.052405,0.998307,1.024068,1.044883,1.036706,1.030041,1.050727,1.050591,1.037898,1.047546,1.043514,1.021103,1.031590,1.030299,1.008290,1.021356,1.055178,1.054427,1.029258,1.010955,1.041235
7.355390,1.053586,1.044097,1.028511,1.018001,1.032596,1.037196,1.025970,1.024227,1.031342,1.045755,1.041632,1.026620,1.038778,1.025725,1.011014,1.025493,1.029511,1.028126,1.052542,0.998435,1.024211,1.045020,1.036845,1.030189,1.050851,1.050732,1.038041,1.047695,1.043664,1.021264,1.031728,1.030434,1.008404,1.021480,1.055299,1.054551,1.029367,1.011103,1.041236
7.363720,1.053644,1.044232,1.028651,1.018146,1.032741,1.037341,1.026114,1.024371,1.031487,1.045901,1.041777,1.026766,1.038924,1.025873,1.011162,1.025639,1.029657,1.028270,1.052678,0.998563,1.024353,1.045156,1.036982,1.030335,1.050973,1.050872,1.038182,1.047842,1.043813,1.021422,1.031864,1.030567,1.008518,1.021602,1.055419,1.054674,1.029474,1.011250,1.041235
7.372050,1.053702,1.044366,1.028790,1.018290,1.032885,1.037485,1.026257,1.024514,1.031630,1.046044,1.041921,1.026910,1.039068,1.026019,1.011308,1.025784,1.029801,1.028413,1.052813,0.998689,1.024493,1.045290,1.037118,1.030480,1.051095,1.051010,1.038323,1.047989,1.043961,1.021579,1.031999,1.030698,1.008630,1.021724,1.055538,1.054795,1.029580,1.011396,1.041235
7.380380,1.053759,1.044499,1.028928,1.018433,1.033027,1.037628,1.026399,1.024656,1.031773,1.046188,1.042064,1.027054,1.039212,1.026164,1.011454,1.025929,1.029944,1.028555,1.052948,0.998815,1.024633,1.045425,1.037253,1.030625,1.051215,1.051148,1.038463,1.048135,1.044108,1.021735,1.032133,1.030828,1.008742,1.021845,1.055657,1.054916,1.029686,1.011541,1.041234
7.388710,1.053815,1.044631,1.029065,1.018575,1.033168,1.037769,1.026539,1.024796,1.031915,1.046329,1.042205,1.027196,1.039354,1.026308,1.011599,1.026071,1.030086,1.028696,1.053081,0.998940,1.024772,1.045557,1.037387,1.030768,1.051334,1.051284,1.038601,1.048280,1.044254,1.021889,1.032265,1.030957,1.008853,1.021965,1.055775,1.055035,1.029791,1.011685,1.041232
7.397040,1.053870,1.044760,1.029200,1.018715,1.033308,1.037908,1.026677,1.024935,1.032054,1.046469,1.042345,1.027336,1.039495,1.026450,1.011742,1.026213,1.030226,1.028835,1.053213,0.999063,1.024909,1.045689,1.037519,1.030910,1.051452,1.051419,1.038738,1.048423,1.044398,1.022041,1.032395,1.031083,1.008963,1.022084,1.055892,1.055153,1.029894,1.011827,1.041230
7.405370,1.053925,1.044890,1.029335,1.018854,1.033447,1.038047,1.026815,1.025073,1.032193,1.046608,1.042484,1.027475,1.039634,1.026591,1.011884,1.026353,1.030366,1.028973,1.053344,0.999186,1.025045,1.045820,1.037651,1.031051,1.051569,1.051554,1.038874,1.048565,1.044542,1.022193,1.032524,1.031209,1.009073,1.022203,1.056008,1.055271,1.029997,1.011969,1.041227
7.413700,1.053978,1.045017,1.029468,1.018991,1.033583,1.038183,1.026951,1.025209,1.032330,1.046745,1.042620,1.027612,1.039772,1.026730,1.012024,1.026492,1.030504,1.029110,1.053474,0.999308,1.025180,1.045948,1.037781,1.031190,1.051685,1.051686,1.039009,1.048706,1.044684,1.022343,1.032652,1.031333,1.009181,1.022319,1.056123,1.055386,1.030098,1.012110,1.041225
7.422030,1.054031,1.045143,1.029599,1.019127,1.033718,1.038318,1.027085,1.025343,1.032465,1.046880,1.042755,1.027748,1.039908,1.026868,1.012163,1.026630,1.030640,1.029245,1.053602,0.999428,1.025313,1.046076,1.037910,1.031328,1.051799,1.051817,1.039141,1.048845,1.044825,1.022490,1.032777,1.031455,1.009288,1.022435,1.056236,1.055500,1.030198,1.012248,1.041221
7.430360,1.054083,1.045268,1.029729,1.019262,1.033852,1.038452,1.027218,1.025476,1.032600,1.047014,1.042890,1.027883,1.040043,1.027005,1.012302,1.026766,1.030776,1.029379,1.053730,0.999548,1.025446,1.046203,1.038038,1.031465,1.051912,1.051947,1.039274,1.048984,1.044964,1.022636,1.032901,1.031576,1.009395,1.022550,1.056350,1.055614,1.030298,1.012387,1.041218
7.438690,1.054133,1.045391,1.029857,1.019395,1.033984,1.038584,1.027349,1.025607,1.032732,1.047146,1.043021,1.028015,1.040175,1.027139,1.012437,1.026901,1.030909,1.029511,1.053856,0.999666,1.025576,1.046328,1.038164,1.031600,1.052024,1.052076,1.039404,1.049121,1.045102,1.022781,1.033024,1.031695,1.009499,1.022663,1.056461,1.055725,1.030396,1.012523,1.041214
7.447020,1.054183,1.045512,1.029984,1.019526,1.034114,1.038713,1.027478,1.025737,1.032862,1.047276,1.043151,1.028145,1.040306,1.027272,1.012572,1.027034,1.031041,1.029641,1.053980,0.999782,1.025705,1.046452,1.038288,1.031733,1.052134,1.052202,1.039532,1.049256,1.045239,1.022923,1.033144,1.031812,1.009604,1.022775,1.056571,1.055835,1.030492,1.012657,1.041209
7.455350,1.054232,1.045632,1.030110,1.019656,1.034243,1.038842,1.027607,1.025865,1.032992,1.047405,1.043281,1.028275,1.040436,1.027404,1.012705,1.027166,1.031172,1.029771,1.054104,0.999898,1.025833,1.046575,1.038412,1.031866,1.052243,1.052329,1.039660,1.049390,1.045374,1.023064,1.033263,1.031928,1.009707,1.022886,1.056681,1.055944,1.030588,1.012791,1.041204
7.463680,1.054280,1.045750,1.030233,1.019784,1.034369,1.038968,1.027732,1.025991,1.033118,1.047531,1.043407,1.028402,1.040563,1.027533,1.012836,1.027295,1.031300,1.029898,1.054225,1.000012,1.025958,1.046695,1.038533,1.031995,1.052350,1.052452,1.039786,1.049522,1.045507,1.023203,1.033379,1.032041,1.009808,1.022994,1.056788,1.056050,1.030682,1.012923,1.041199
7.472010,1.054327,1.045867,1.030355,1.019911,1.034495,1.039094,1.027857,1.026116,1.033244,1.047657,1.043532,1.028528,1.040690,1.027661,1.012966,1.027424,1.031428,1.030024,1.054346,1.000125,1.026084,1.046815,1.038653,1.032125,1.052457,1.052575,1.039910,1.049653,1.045640,1.023341,1.033495,1.032153,1.009910,1.023103,1.056895,1.056156,1.030776,1.013054,1.041193
7.480340,1.054373,1.045982,1.030475,1.020034,1.034618,1.039216,1.027979,1.026238,1.033367,1.047779,1.043655,1.028651,1.040813,1.027787,1.013094,1.027550,1.031553,1.030147,1.054464,1.000236,1.026205,1.046932,1.038771,1.032251,1.052560,1.052695,1.040032,1.049782,1.045769,1.023475,1.033608,1.032263,1.010008,1.023209,1.056999,1.056259,1.030867,1.013182,1.041187
7.488670,1.054418,1.046095,1.030593,1.020157,1.034739,1.039337,1.028100,1.026359,1.033489,1.047900,1.043776,1.028772,1.040935,1.027911,1.013220,1.027675,1.031676,1.030269,1.054581,1.000345,1.026326,1.047048,1.038887,1.032376,1.052663,1.052814,1.040153,1.049909,1.045898,1.023608,1.033719,1.032371,1.010106,1.023314,1.057103,1.056361,1.030957,1.013310,1.041180
7.497000,1.054463,1.046207,1.030711,1.020279,1.034859,1.039458,1.028219,1.026479,1.033609,1.048020,1.043896,1.028893,1.041056,1.028034,1.013345,1.027799,1.031799,1.030391,1.054698,1.000454,1.026447,1.047163,1.039003,1.032501,1.052765,1.052932,1.040273,1.050036,1.046025,1.023740,1.033829,1.032478,1.010204,1.023418,1.057206,1.056462,1.031047,1.013436,1.041173
7.505330,1.054505,1.046317,1.030825,1.020397,1.034976,1.039574,1.028336,1.026595,1.033727,1.048137,1.044013,1.029010,1.041173,1.028153,1.013466,1.027919,1.031918,1.030509,1.054810,1.000560,1.026563,1.047275,1.039115,1.032622,1.052864,1.053047,1.040389,1.050159,1.046150,1.023869,1.033935,1.032581,1.010298,1.023519,1.057306,1.056559,1.031134,1.013559,1.041166
7.513660,1.054547,1.046425,1.030938,1.020514,1.035091,1.039689,1.028450,1.026710,1.033842,1.048252,1.044128,1.029126,1.041289,1.028272,1.013587,1.028038,1.032036,1.030625,1.054922,1.000665,1.026679,1.047386,1.039226,1.032741,1.052962,1.053161,1.040504,1.050281,1.046273,1.023996,1.034041,1.032683,1.010392,1.023619,1.057405,1.056656,1.031220,1.013681,1.041158
7.521990,1.054589,1.046532,1.031050,1.020630,1.035206,1.039803,1.028564,1.026825,1.033957,1.048366,1.044242,1.029240,1.041405,1.028389,1.013706,1.028157,1.032153,1.030741,1.055034,1.000769,1.026793,1.047495,1.039336,1.032860,1.053059,1.053274,1.040619,1.050402,1.046395,1.024123,1.034145,1.032784,1.010486,1.023718,1.057504,1.056751,1.031305,1.013803,1.041150
7.530320,1.054628,1.046635,1.031158,1.020742,1.035317,1.039914,1.028674,1.026935,1.034069,1.048476,1.044352,1.029351,1.041516,1.028502,1.013822,1.028271,1.032267,1.030853,1.055141,1.000870,1.026904,1.047602,1.039442,1.032975,1.053153,1.053383,1.040730,1.050520,1.046514,1.024245,1.034245,1.032882,1.010576,1.023814,1.057599,1.056843,1.031388,1.013920,1.041142
7.538650,1.054667,1.046738,1.031265,1.020853,1.035426,1.040023,1.028783,1.027044,1.034178,1.048585,1.044462,1.029461,1.041626,1.028615,1.013936,1.028385,1.032379,1.030964,1.055248,1.000969,1.027014,1.047707,1.039548,1.033089,1.053246,1.053491,1.040839,1.050636,1.046632,1.024366,1.034345,1.032978,1.010665,1.023909,1.057694,1.056934,1.031469,1.014037,1.041133
7.546980,1.054705,1.046839,1.031371,1.020963,1.035535,1.040131,1.028891,1.027152,1.034287,1.048693,1.044570,1.029569,1.041735,1.028726,1.014050,1.028497,1.032490,1.031074,1.055353,1.001068,1.027123,1.047811,1.039652,1.033202,1.053338,1.053599,1.040948,1.050752,1.046749,1.024486,1.034443,1.033074,1.010754,1.024003,1.057787,1.057024,1.031550,1.014153,1.041124
7.555310,1.054742,1.046937,1.031474,1.021070,1.035639,1.040235,1.028995,1.027257,1.034392,1.048797,1.044674,1.029674,1.041840,1.028833,1.014159,1.028605,1.032598,1.031180,1.055455,1.001164,1.027228,1.047912,1.039752,1.033311,1.053427,1.053702,1.041053,1.050864,1.046862,1.024602,1.034537,1.033165,1.010840,1.024093,1.057877,1.057110,1.031628,1.014265,1.041114
7.563640,1.054778,1.047034,1.031575,1.021175,1.035742,1.040338,1.029098,1.027360,1.034496,1.048900,1.044777,1.029777,1.041943,1.028939,1.014268,1.028713,1.032704,1.031284,1.055556,1.001258,1.027332,1.048011,1.039852,1.033419,1.053515,1.053805,1.041157,1.050974,1.046973,1.024717,1.034630,1.033256,1.010925,1.024183,1.057967,1.057195,1.031704,1.014376,1.041104
7.571970,1.054813,1.047129,1.031675,1.021279,1.035845,1.040440,1.029199,1.027462,1.034599,1.049002,1.044878,1.029879,1.042046,1.029044,1.014375,1.028819,1.032809,1.031388,1.055656,1.001352,1.027435,1.048109,1.039950,1.033526,1.053602,1.053906,1.041260,1.051084,1.047084,1.024830,1.034722,1.033345,1.011009,1.024271,1.058055,1.057279,1.031780,1.014486,1.041094
7.580300,1.054846,1.047222,1.031772,1.021379,1.035943,1.040538,1.029297,1.027560,1.034697,1.049099,1.044976,1.029978,1.042145,1.029145,1.014478,1.028921,1.032910,1.031488,1.055752,1.001441,1.027534,1.048204,1.040044,1.033628,1.053685,1.054004,1.041359,1.051190,1.047191,1.024940,1.034811,1.033430,1.011089,1.024356,1.058141,1.057359,1.031853,1.014592,1.041083
7.588630,1.054878,1.047312,1.031867,1.021477,1.036040,1.040635,1.029393,1.027656,1.034795,1.049196,1.045073,1.030075,1.042242,1.029244,1.014580,1.029022,1.033010,1.031586,1.055847,1.001530,1.027631,1.048297,1.040138,1.033730,1.053768,1.054101,1.041457,1.051294,1.047297,1.025048,1.034897,1.033514,1.011169,1.024440,1.058225,1.057438,1.031925,1.014697,1.041072
7.596960,1.054910,1.047402,1.031961,1.021575,1.036136,1.040730,1.029489,1.027752,1.034891,1.049291,1.045168,1.030170,1.042338,1.029343,1.014681,1.029122,1.033109,1.031684,1.055941,1.001618,1.027728,1.048390,1.040230,1.033830,1.053849,1.054196,1.041553,1.051398,1.047401,1.025155,1.034983,1.033598,1.011248,1.024523,1.058308,1.057516,1.031996,1.014801,1.041061
7.605290,1.054941,1.047488,1.032051,1.021669,1.036228,1.040822,1.029580,1.027844,1.034983,1.049382,1.045259,1.030262,1.042430,1.029437,1.014777,1.029217,1.033204,1.031777,1.056031,1.001702,1.027820,1.048478,1.040318,1.033926,1.053927,1.054288,1.041646,1.051498,1.047502,1.025258,1.035066,1.033677,1.011324,1.024602,1.058388,1.057589,1.032065,1.014902,1.041049
7.613620,1.054970,1.047573,1.032140,1.021761,1.036318,1.040912,1.029670,1.027934,1.035074,1.049472,1.045349,1.030352,1.042521,1.029530,1.014873,1.029312,1.033297,1.031869,1.056120,1.001785,1.027911,1.048565,1.040404,1.034021,1.054004,1.054378,1.041737,1.051596,1.047601,1.025360,1.035146,1.033755,1.011399,1.024680,1.058466,1.057662,1.032132,1.015001,1.041037
7.621950,1.054999,1.047657,1.032228,1.021852,1.036408,1.041001,1.029759,1.028023,1.035165,1.049560,1.045438,1.030442,1.042610,1.029622,1.014967,1.029405,1.033390,1.031961,1.056207,1.001867,1.028002,1.048651,1.040490,1.034115,1.054080,1.054468,1.041828,1.051693,1.047700,1.025460,1.035226,1.033832,1.011473,1.024757,1.058544,1.057734,1.032198,1.015098,1.041025
7.630280,1.055026,1.047737,1.032311,1.021939,1.036493,1.041086,1.029844,1.028109,1.035250,1.049645,1.045523,1.030527,1.042696,1.029710,1.015057,1.029494,1.033478,1.032047,1.056291,1.001944,1.028087,1.048733,1.040571,1.034204,1.054152,1.054553,1.041914,1.051786,1.047794,1.025557,1.035302,1.033906,1.011543,1.024830,1.058618,1.057801,1.032261,1.015192,1.041012
7.638610,1.055052,1.047816,1.032394,1.022025,1.036577,1.041170,1.029928,1.028193,1.035335,1.049728,1.045606,1.030611,1.042780,1.029796,1.015146,1.029582,1.033565,1.032133,1.056373,1.002021,1.028172,1.048814,1.040651,1.034292,1.054223,1.054638,1.041999,1.051878,1.047887,1.025651,1.035377,1.033977,1.011613,1.024902,1.058691,1.057867,1.032323,1.015285,1.040999
7.646940,1.055077,1.047894,1.032475,1.022110,1.036660,1.041252,1.030011,1.028276,1.035419,1.049810,1.045689,1.030694,1.042863,1.029881,1.015233,1.029669,1.033650,1.032218,1.056455,1.002097,1.028256,1.048893,1.040731,1.034379,1.054294,1.054721,1.042083,1.051969,1.047979,1.025745,1.035451,1.034048,1.011682,1.024973,1.058764,1.057932,1.032384,1.015377,1.040986
7.655270,1.055101,1.047968,1.032553,1.022191,1.036739,1.041331,1.030089,1.028354,1.035498,1.049888,1.045767,1.030772,1.042942,1.029962,1.015316,1.029751,1.033732,1.032298,1.056532,1.002169,1.028334,1.048968,1.040805,1.034462,1.054361,1.054800,1.042163,1.052056,1.048066,1.025834,1.035521,1.034116,1.011747,1.025039,1.058832,1.057993,1.032442,1.015464,1.040973
7.663600,1.055124,1.048040,1.032629,1.022270,1.036817,1.041408,1.030166,1.028432,1.035576,1.049965,1.045844,1.030849,1.043020,1.030042,1.015398,1.029832,1.033812,1.032377,1.056608,1.002240,1.028413,1.049043,1.040879,1.034543,1.054426,1.054878,1.042242,1.052141,1.048153,1.025922,1.035589,1.034182,1.011811,1.025105,1.058899,1.058053,1.032499,1.015550,1.040959
7.671930,1.055146,1.048112,1.032704,1.022349,1.036893,1.041484,1.030243,1.028509,1.035653,1.050041,1.045919,1.030926,1.043096,1.030121,1.015479,1.029911,1.033891,1.032455,1.056683,1.002309,1.028489,1.049116,1.040951,1.034623,1.054491,1.054955,1.042320,1.052225,1.048238,1.026009,1.035657,1.034247,1.011874,1.025170,1.058966,1.058111,1.032555,1.015635,1.040945
7.680260,1.055167,1.048180,1.032775,1.022423,1.036966,1.041556,1.030315,1.028581,1.035726,1.050112,1.045991,1.030998,1.043168,1.030195,1.015555,1.029986,1.033966,1.032528,1.056753,1.002375,1.028562,1.049184,1.041018,1.034699,1.054552,1.055027,1.042393,1.052305,1.048319,1.026092,1.035722,1.034308,1.011934,1.025230,1.059028,1.058165,1.032607,1.015716,1.040931
7.688590,1.055187,1.048246,1.032845,1.022496,1.037037,1.041627,1.030386,1.028652,1.035798,1.050182,1.046062,1.031068,1.043239,1.030268,1.015630,1.030061,1.034039,1.032601,1.056822,1.002439,1.028633,1.049252,1.041085,1.034773,1.054612,1.055099,1.042465,1.052384,1.048399,1.026173,1.035785,1.034368,1.011993,1.025289,1.059090,1.058218,1.032659,1.015796,1.040916
7.696920,1.055206,1.048312,1.032913,1.022568,1.037107,1.041697,1.030456,1.028723,1.035869,1.050251,1.046131,1.031138,1.043309,1.030340,1.015704,1.030133,1.034111,1.032672,1.056891,1.002502,1.028703,1.049318,1.041151,1.034847,1.054671,1.055169,1.042536,1.052462,1.048477,1.026253,1.035847,1.034427,1.012051,1.025348,1.059150,1.058270,1.032710,1.015874,1.040901
7.705250,1.055223,1.048373,1.032978,1.022635,1.037173,1.041763,1.030521,1.028789,1.035935,1.050316,1.046196,1.031204,1.043375,1.030408,1.015773,1.030202,1.034179,1.032739,1.056954,1.002561,1.028768,1.049380,1.041211,1.034915,1.054727,1.055236,1.042603,1.052535,1.048551,1.026329,1.035905,1.034482,1.012105,1.025402,1.059206,1.058317,1.032757,1.015949,1.040886
7.713580,1.055240,1.048434,1.033041,1.022702,1.037238,1.041827,1.030586,1.028854,1.036000,1.050380,1.046260,1.031268,1.043440,1.030474,1.015841,1.030269,1.034246,1.032804,1.057017,1.002619,1.028832,1.049441,1.041271,1.034983,1.054781,1.055301,1.042668,1.052607,1.048624,1.026403,1.035962,1.034536,1.012158,1.025455,1.059262,1.058364,1.032804,1.016022,1.040871
7.721910,1.055256,1.048493,1.033103,1.022767,1.037302,1.041891,1.030650,1.028918,1.036065,1.050442,1.046323,1.031331,1.043503,1.030540,1.015908,1.030335,1.034311,1.032869,1.057079,1.002676,1.028895,1.049501,1.041330,1.035049,1.054834,1.055365,1.042733,1.052678,1.048696,1.026476,1.036019,1.034589,1.012210,1.025506,1.059317,1.058409,1.032849,1.016094,1.040856
7.730240,1.055270,1.048548,1.033161,1.022828,1.037361,1.041950,1.030709,1.028977,1.036125,1.050501,1.046382,1.031390,1.043562,1.030601,1.015970,1.030396,1.034372,1.032929,1.057136,1.002729,1.028954,1.049556,1.041384,1.035110,1.054884,1.055424,1.042793,1.052744,1.048763,1.026545,1.036072,1.034638,1.012258,1.025554,1.059367,1.058449,1.032891,1.016161,1.040840
7.738570,1.055284,1.048603,1.033218,1.022888,1.037420,1.042008,1.030767,1.029036,1.036184,1.050558,1.046439,1.031448,1.043620,1.030660,1.016032,1.030456,1.034432,1.032988,1.057192,1.002780,1.029011,1.049610,1.041437,1.035171,1.054933,1.055483,1.042852,1.052810,1.048829,1.026612,1.036124,1.034687,1.012306,1.025600,1.059417,1.058489,1.032933,1.016228,1.040824
7.746900,1.055297,1.048656,1.033274,1.022947,1.037477,1.042065,1.030825,1.029094,1.036242,1.050614,1.046496,1.031505,1.043677,1.030719,1.016092,1.030515,1.034490,1.033046,1.057247,1.002831,1.029068,1.049663,1.041488,1.035230,1.054980,1.055540,1.042909,1.052874,1.048894,1.026678,1.036175,1.034734,1.012353,1.025646,1.059465,1.058527,1.032973,1.016293,1.040808
7.755230,1.055308,1.048705,1.033326,1.023002,1.037531,1.042118,1.030878,1.029148,1.036296,1.050667,1.046549,1.031558,1.043730,1.030774,1.016147,1.030569,1.034544,1.033099,1.057297,1.002877,1.029119,1.049711,1.041535,1.035285,1.055025,1.055594,1.042963,1.052933,1.048955,1.026741,1.036223,1.034777,1.012395,1.025686,1.059510,1.058561,1.033010,1.016354,1.040791
7.763560,1.055319,1.048753,1.033376,1.023056,1.037583,1.042171,1.030930,1.029200,1.036349,1.050718,1.046600,1.031609,1.043782,1.030827,1.016201,1.030622,1.034597,1.033151,1.057346,1.002922,1.029170,1.049759,1.041581,1.035338,1.055068,1.055646,1.043015,1.052992,1.049014,1.026801,1.036269,1.034820,1.012437,1.025726,1.059553,1.058594,1.033046,1.016413,1.040775
7.771890,1.055329,1.048800,1.033426,1.023108,1.037635,1.042222,1.030982,1.029252,1.036401,1.050768,1.046650,1.031660,1.043833,1.030879,1.016255,1.030674,1.034649,1.033202,1.057394,1.002966,1.029219,1.049805,1.041626,1.035390,1.055110,1.055697,1.043066,1.053049,1.049072,1.026860,1.036315,1.034862,1.012478,1.025765,1.059596,1.058626,1.033081,1.016472,1.040758
7.780220,1.055337,1.048843,1.033471,1.023157,1.037682,1.042269,1.031029,1.029299,1.036449,1.050814,1.046697,1.031706,1.043879,1.030927,1.016303,1.030722,1.034696,1.033249,1.057438,1.003005,1.029264,1.049846,1.041666,1.035438,1.055148,1.055744,1.043113,1.053102,1.049126,1.026916,1.036358,1.034900,1.012515,1.025799,1.059634,1.058653,1.033113,1.016526,1.040741
7.788550,1.055345,1.048885,1.033516,1.023204,1.037728,1.042315,1.031075,1.029346,1.036496,1.050859,1.046742,1.031752,1.043925,1.030974,1.016351,1.030768,1.034743,1.033295,1.057480,1.003044,1.029307,1.049887,1.041705,1.035484,1.055186,1.055790,1.043159,1.053154,1.049178,1.026970,1.036399,1.034937,1.012552,1.025833,1.059671,1.058679,1.033144,1.016579,1.040724
7.796880,1.055352,1.048926,1.033559,1.023251,1.037774,1.042360,1.031121,1.029392,1.036542,1.050902,1.046786,1.031796,1.043969,1.031020,1.016397,1.030813,1.034788,1.033339,1.057522,1.003081,1.029350,1.049926,1.041743,1.035529,1.055222,1.055834,1.043204,1.053204,1.049230,1.027022,1.036440,1.034973,1.012587,1.025865,1.059708,1.058704,1.033173,1.016630,1.040707
7.805210,1.055357,1.048963,1.033598,1.023293,1.037815,1.042401,1.031162,1.029433,1.036584,1.050942,1.046827,1.031836,1.044010,1.031062,1.016439,1.030853,1.034828,1.033380,1.057559,1.003114,1.029387,1.049961,1.041776,1.035570,1.055255,1.055875,1.043244,1.053251,1.049277,1.027071,1.036478,1.035005,1.012618,1.025893,1.059740,1.058725,1.033200,1.016678,1.040689
7.813540,1.055362,1.048999,1.033636,1.023335,1.037856,1.042441,1.031203,1.029474,1.036625,1.050981,1.046866,1.031876,1.044049,1.031102,1.016479,1.030893,1.034868,1.033419,1.057594,1.003147,1.029424,1.049995,1.041808,1.035609,1.055287,1.055914,1.043283,1.053296,1.049322,1.027118,1.036515,1.035037,1.012649,1.025920,1.059772,1.058744,1.033226,1.016724,1.040672
7.821870,1.055366,1.049034,1.033673,1.023375,1.037895,1.042480,1.031242,1.029514,1.036665,1.051019,1.046904,1.031914,1.044087,1.031142,1.016519,1.030931,1.034906,1.033457,1.057629,1.003177,1.029460,1.050028,1.041839,1.035648,1.055318,1.055952,1.043321,1.053339,1.049367,1.027164,1.036551,1.035067,1.012678,1.025945,1.059802,1.058763,1.033251,1.016769,1.040654
7.830200,1.055369,1.049066,1.033706,1.023411,1.037931,1.042516,1.031278,1.029550,1.036702,1.051053,1.046939,1.031949,1.044122,1.031177,1.016554,1.030964,1.034940,1.033491,1.057659,1.003204,1.029491,1.050056,1.041866,1.035681,1.055346,1.055987,1.043355,1.053379,1.049407,1.027206,1.036584,1.035095,1.012704,1.025967,1.059828,1.058777,1.033272,1.016810,1.040636
7.838530,1.055371,1.049096,1.033738,1.023446,1.037966,1.042550,1.031313,1.029585,1.036737,1.051086,1.046972,1.031982,1.044155,1.031212,1.016588,1.030997,1.034973,1.033523,1.057688,1.003230,1.029521,1.050083,1.041891,1.035714,1.055372,1.056020,1.043388,1.053417,1.049446,1.027247,1.036616,1.035121,1.012729,1.025987,1.059854,1.058790,1.033293,1.016849,1.040618
7.846860,1.055372,1.049125,1.033769,1.023481,1.037999,1.042584,1.031346,1.029619,1.036771,1.051118,1.047005,1.032015,1.044188,1.031245,1.016621,1.031028,1.035004,1.033555,1.057716,1.003254,1.029549,1.050109,1.041915,1.035745,1.055398,1.056051,1.043420,1.053454,1.049483,1.027286,1.036648,1.035147,1.012753,1.026006,1.059878,1.058801,1.033312,1.016887,1.040600
7.855190,1.055372,1.049150,1.033796,1.023511,1.038029,1.042614,1.031377,1.029650,1.036802,1.051147,1.047034,1.032043,1.044216,1.031274,1.016649,1.031055,1.035032,1.033582,1.057740,1.003274,1.029574,1.050130,1.041935,1.035772,1.055420,1.056080,1.043448,1.053488,1.049517,1.027322,1.036677,1.035169,1.012773,1.026021,1.059899,1.058809,1.033329,1.016922,1.040582
7.863520,1.055371,1.049174,1.033822,1.023541,1.038058,1.042643,1.031406,1.029679,1.036832,1.051174,1.047062,1.032071,1.044244,1.031303,1.016677,1.031081,1.035058,1.033608,1.057762,1.003293,1.029597,1.050151,1.041954,1.035798,1.055441,1.056106,1.043474,1.053519,1.049549,1.027356,1.036705,1.035190,1.012793,1.026035,1.059918,1.058815,1.033345,1.016955,1.040563
7.871850,1.055370,1.049198,1.033846,1.023569,1.038086,1.042670,1.031434,1.029707,1.036860,1.051200,1.047088,1.032098,1.044270,1.031330,1.016703,1.031105,1.035083,1.033633,1.057783,1.003311,1.029619,1.050170,1.041971,1.035822,1.055461,1.056132,1.043499,1.053550,1.049580,1.027388,1.036732,1.035210,1.012811,1.026047,1.059936,1.058821,1.033359,1.016986,1.040545
7.880180,1.055367,1.049217,1.033868,1.023594,1.038111,1.042695,1.031459,1.029733,1.036886,1.051223,1.047112,1.032121,1.044293,1.031354,1.016725,1.031125,1.035104,1.033655,1.057800,1.003325,1.029637,1.050185,1.041984,1.035842,1.055479,1.056154,1.043521,1.053576,1.049607,1.027418,1.036756,1.035228,1.012826,1.026056,1.059951,1.058822,1.033371,1.017014,1.040527
7.888510,1.055364,1.049236,1.033888,1.023617,1.038135,1.042718,1.031483,1.029757,1.036910,1.051245,1.047134,1.032143,1.044315,1.031376,1.016746,1.031144,1.035124,1.033674,1.057816,1.003338,1.029653,1.050199,1.041996,1.035861,1.055495,1.056175,1.043541,1.053601,1.049632,1.027445,1.036780,1.035244,1.012839,1.026063,1.059964,1.058822,1.033382,1.017040,1.040508
7.896840,1.055360,1.049253,1.033907,1.023640,1.038157,1.042741,1.031505,1.029780,1.036933,1.051265,1.047155,1.032164,1.044336,1.031397,1.016766,1.031162,1.035142,1.033693,1.057831,1.003350,1.029669,1.050212,1.042006,1.035879,1.055509,1.056194,1.043560,1.053625,1.049657,1.027472,1.036803,1.035259,1.012852,1.026070,1.059977,1.058821,1.033391,1.017065,1.040489
7.905170,1.055354,1.049268,1.033922,1.023659,1.038177,1.042760,1.031525,1.029800,1.036953,1.051283,1.047173,1.032182,1.044354,1.031415,1.016781,1.031176,1.035157,1.033708,1.057841,1.003357,1.029680,1.050221,1.042013,1.035893,1.055522,1.056210,1.043575,1.053645,1.049677,1.027495,1.036824,1.035272,1.012861,1.026072,1.059985,1.058815,1.033398,1.017086,1.040471
7.913500,1.055349,1.049282,1.033937,1.023678,1.038196,1.042779,1.031544,1.029819,1.036973,1.051300,1.047191,1.032200,1.044371,1.031433,1.016797,1.031189,1.035172,1.033723,1.057851,1.003365,1.029691,1.050229,1.042019,1.035906,1.055533,1.056226,1.043590,1.053665,1.049697,1.027517,1.036844,1.035284,1.012870,1.026074,1.059994,1.058810,1.033405,1.017107,1.040452
7.921830,1.055342,1.049292,1.033949,1.023694,1.038212,1.042795,1.031561,1.029836,1.036989,1.051314,1.047206,1.032214,1.044385,1.031447,1.016809,1.031199,1.035182,1.033734,1.057858,1.003368,1.029698,1.050233,1.042022,1.035915,1.055542,1.056238,1.043602,1.053681,1.049713,1.027536,1.036862,1.035293,1.012876,1.026072,1.059999,1.058801,1.033409,1.017124,1.040433
7.930160,1.055334,1.049302,1.033961,1.023709,1.038227,1.042811,1.031577,1.029852,1.037006,1.051327,1.047220,1.032228,1.044399,1.031460,1.016820,1.031208,1.035192,1.033745,1.057864,1.003372,1.029705,1.050238,1.042024,1.035924,1.055550,1.056249,1.043612,1.053696,1.049729,1.027554,1.036880,1.035302,1.012881,1.026070,1.060004,1.058792,1.033412,1.017140,1.040414
7.938490,1.055326,1.049310,1.033969,1.023721,1.038240,1.042823,1.031590,1.029865,1.037019,1.051338,1.047231,1.032239,1.044409,1.031471,1.016827,1.031213,1.035199,1.033752,1.057866,1.003371,1.029707,1.050238,1.042022,1.035929,1.055555,1.056257,1.043620,1.053708,1.049741,1.027569,1.036895,1.035308,1.012883,1.026064,1.060005,1.058778,1.033413,1.017153,1.040395
7.946820,1.055317,1.049316,1.033977,1.023733,1.038252,1.042836,1.031602,1.029878,1.037032,1.051348,1.047242,1.032249,1.044419,1.031481,1.016835,1.031218,1.035205,1.033759,1.057868,1.003370,1.029710,1.050238,1.042019,1.035934,1.055560,1.056265,1.043627,1.053719,1.049752,1.027584,1.036910,1.035314,1.012885,1.026058,1.060006,1.058765,1.033413,1.017165,1.040376
7.955150,1.055306,1.049320,1.033981,1.023741,1.038262,1.042845,1.031612,1.029888,1.037042,1.051355,1.047250,1.032257,1.044426,1.031488,1.016838,1.031219,1.035207,1.033762,1.057866,1.003366,1.029709,1.050234,1.042013,1.035935,1.055563,1.056269,1.043630,1.053726,1.049760,1.027595,1.036924,1.035318,1.012884,1.026047,1.060003,1.058747,1.033410,1.017174,1.040357
7.963480,1.055296,1.049323,1.033985,1.023749,1.038271,1.042854,1.031621,1.029897,1.037051,1.051362,1.047257,1.032264,1.044433,1.031494,1.016841,1.031220,1.035210,1.033765,1.057863,1.003361,1.029707,1.050230,1.042007,1.035935,1.055564,1.056273,1.043633,1.053733,1.049767,1.027605,1.036936,1.035320,1.012882,1.026037,1.060000,1.058730,1.033408,1.017182,1.040338
7.971810,1.055284,1.049323,1.033986,1.023755,1.038277,1.042860,1.031628,1.029904,1.037058,1.051365,1.047262,1.032268,1.044436,1.031497,1.016841,1.031217,1.035208,1.033764,1.057857,1.003352,1.029701,1.050222,1.041997,1.035932,1.055563,1.056274,1.043633,1.053737,1.049771,1.027612,1.036947,1.035321,1.012877,1.026023,1.059994,1.058709,1.033402,1.017186,1.040319
7.980140,1.055272,1.049323,1.033987,1.023759,1.038282,1.042866,1.031634,1.029910,1.037064,1.051369,1.047266,1.032271,1.044440,1.031500,1.016840,1.031213,1.035206,1.033763,1.057851,1.003344,1.029695,1.050214,1.041986,1.035928,1.055562,1.056274,1.043632,1.053740,1.049774,1.027619,1.036957,1.035321,1.012872,1.026009,1.059987,1.058687,1.033396,1.017190,1.040300
7.988470,1.055259,1.049320,1.033985,1.023761,1.038285,1.042869,1.031637,1.029914,1.037068,1.051369,1.047267,1.032272,1.044440,1.031500,1.016836,1.031207,1.035201,1.033759,1.057840,1.003331,1.029686,1.050202,1.041972,1.035921,1.055558,1.056271,1.043628,1.053739,1.049773,1.027623,1.036966,1.035318,1.012863,1.025991,1.059977,1.058662,1.033388,1.017190,1.040281
7.996800,1.055245,1.049315,1.033981,1.023762,1.038287,1.042871,1.031639,1.029916,1.037070,1.051369,1.047267,1.032272,1.044439,1.031499,1.016830,1.031198,1.035194,1.033753,1.057829,1.003317,1.029675,1.050189,1.041956,1.035912,1.055552,1.056266,1.043622,1.053737,1.049771,1.027624,1.036973,1.035315,1.012854,1.025972,1.059966,1.058636,1.033378,1.017189,1.040262
8.005130,1.055230,1.049309,1.033975,1.023761,1.038287,1.042871,1.031640,1.029917,1.037071,1.051366,1.047266,1.032270,1.044437,1.031495,1.016822,1.031188,1.035185,1.033746,1.057815,1.003302,1.029662,1.050174,1.041938,1.035901,1.055546,1.056260,1.043615,1.053733,1.049767,1.027624,1.036980,1.035310,1.012843,1.025950,1.059953,1.058608,1.033368,1.017186,1.040243
8.013460,1.055215,1.049301,1.033968,1.023758,1.038286,1.042870,1.031639,1.029917,1.037071,1.051363,1.047263,1.032266,1.044433,1.031491,1.016813,1.031175,1.035175,1.033737,1.057800,1.003284,1.029647,1.050156,1.041919,1.035888,1.055537,1.056251,1.043606,1.053727,1.049761,1.027622,1.036985,1.035303,1.012830,1.025927,1.059938,1.058577,1.033355,1.017181,1.040224
8.021790,1.055199,1.049292,1.033960,1.023754,1.038284,1.042868,1.031637,1.029915,1.037069,1.051358,1.047259,1.032262,1.044427,1.031484,1.016802,1.031161,1.035163,1.033726,1.057783,1.003265,1.029631,1.050138,1.041897,1.035874,1.055527,1.056242,1.043595,1.053719,1.049754,1.027618,1.036990,1.035296,1.012815,1.025902,1.059922,1.058546,1.033341,1.017174,1.040205
8.030120,1.055182,1.049280,1.033949,1.023747,1.038279,1.042863,1.031633,1.029911,1.037065,1.051350,1.047252,1.032255,1.044419,1.031475,1.016788,1.031144,1.035148,1.033712,1.057762,1.003243,1.029611,1.050116,1.041873,1.035856,1.055515,1.056229,1.043581,1.053709,1.049743,1.027613,1.036992,1.035286,1.012798,1.025874,1.059902,1.058511,1.033326,1.017164,1.040186
8.038450,1.055165,1.049268,1.033937,1.023740,1.038273,1.042858,1.031628,1.029906,1.037060,1.051342,1.047245,1.032247,1.044411,1.031466,1.016773,1.031127,1.035132,1.033698,1.057742,1.003220,1.029591,1.050093,1.041848,1.035838,1.055503,1.056216,1.043567,1.053698,1.049732,1.027606,1.036995,1.035276,1.012781,1.025846,1.059883,1.058476,1.033309,1.017153,1.040167
8.046780,1.055147,1.049254,1.033923,1.023730,1.038265,1.042850,1.031621,1.029899,1.037053,1.051332,1.047236,1.032237,1.044400,1.031454,1.016755,1.031106,1.035113,1.033681,1.057717,1.003194,1.029568,1.050068,1.041820,1.035816,1.055489,1.056201,1.043550,1.053683,1.049717,1.027597,1.036995,1.035264,1.012760,1.025814,1.059860,1.058438,1.033291,1.017140,1.040148
8.055110,1.055128,1.049238,1.033907,1.023719,1.038256,1.042841,1.031613,1.029891,1.037045,1.051320,1.047225,1.032225,1.044388,1.031441,1.016736,1.031083,1.035093,1.033662,1.057692,1.003167,1.029543,1.050041,1.041790,1.035794,1.055473,1.056183,1.043532,1.053667,1.049701,1.027586,1.036995,1.035251,1.012739,1.025782,1.059836,1.058398,1.033271,1.017125,1.040129
8.063440,1.055109,1.049220,1.033890,1.023707,1.038246,1.042831,1.031603,1.029881,1.037035,1.051307,1.047213,1.032212,1.044374,1.031426,1.016715,1.031059,1.035071,1.033642,1.057665,1.003138,1.029516,1.050012,1.041758,1.035769,1.055455,1.056164,1.043511,1.053650,1.049684,1.027573,1.036994,1.035236,1.012716,1.025747,1.059811,1.058357,1.033250,1.017108,1.040110
8.071770,1.055089,1.049201,1.033872,1.023693,1.038234,1.042820,1.031592,1.029870,1.037024,1.051292,1.047200,1.032198,1.044360,1.031410,1.016693,1.031034,1.035048,1.033621,1.057636,1.003107,1.029488,1.049981,1.041726,1.035743,1.055437,1.056144,1.043490,1.053631,1.049664,1.027559,1.036992,1.035221,1.012691,1.025711,1.059784,1.058314,1.033228,1.017089,1.040092
8.080100,1.055068,1.049181,1.033851,1.023677,1.038221,1.042807,1.031579,1.029857,1.037011,1.051276,1.047184,1.032182,1.044342,1.031391,1.016668,1.031005,1.035022,1.033596,1.057604,1.003074,1.029457,1.049948,1.041690,1.035713,1.055416,1.056121,1.043466,1.053609,1.049642,1.027543,1.036988,1.035203,1.012664,1.025672,1.059754,1.058268,1.033205,1.017068,1.040073
8.088430,1.055047,1.049159,1.033829,1.023661,1.038206,1.042792,1.031565,1.029844,1.036997,1.051259,1.047168,1.032165,1.044325,1.031372,1.016642,1.030976,1.034995,1.033572,1.057572,1.003040,1.029426,1.049914,1.041653,1.035684,1.055395,1.056098,1.043441,1.053586,1.049619,1.027526,1.036984,1.035185,1.012637,1.025632,1.059724,1.058222,1.033180,1.017046,1.040055
8.096760,1.055025,1.049136,1.033806,1.023642,1.038190,1.042776,1.031549,1.029828,1.036982,1.051240,1.047150,1.032146,1.044305,1.031350,1.016614,1.030944,1.034966,1.033544,1.057536,1.003003,1.029391,1.049877,1.041614,1.035651,1.055373,1.056072,1.043413,1.053561,1.049594,1.027508,1.036978,1.035165,1.012607,1.025589,1.059691,1.058173,1.033154,1.017021,1.040036
8.105090,1.055002,1.049111,1.033781,1.023622,1.038172,1.042759,1.031532,1.029811,1.036965,1.051219,1.047130,1.032126,1.044284,1.031327,1.016584,1.030911,1.034935,1.033516,1.057499,1.002965,1.029355,1.049839,1.041573,1.035617,1.055348,1.056045,1.043384,1.053534,1.049567,1.027487,1.036971,1.035144,1.012576,1.025546,1.059657,1.058123,1.033126,1.016994,1.040017
8.113420,1.054979,1.049085,1.033755,1.023601,1.038154,1.042741,1.031514,1.029793,1.036947,1.051197,1.047110,1.032104,1.044261,1.031303,1.016553,1.030876,1.034903,1.033486,1.057461,1.002925,1.029318,1.049800,1.041531,1.035581,1.055323,1.056016,1.043354,1.053506,1.049538,1.027465,1.036964,1.035122,1.012543,1.025501,1.059622,1.058072,1.033097,1.016967,1.039999
8.121750,1.054956,1.049057,1.033727,1.023577,1.038133,1.042720,1.031494,1.029774,1.036927,1.051174,1.047087,1.032081,1.044237,1.031277,1.016519,1.030838,1.034869,1.033453,1.057420,1.002883,1.029278,1.049758,1.041486,1.035543,1.055296,1.055985,1.043322,1.053475,1.049507,1.027441,1.036955,1.035099,1.012508,1.025453,1.059584,1.058018,1.033067,1.016936,1.039981
8.130080,1.054931,1.049027,1.033697,1.023553,1.038111,1.042699,1.031473,1.029753,1.036906,1.051149,1.047064,1.032056,1.044212,1.031250,1.016484,1.030800,1.034833,1.033420,1.057378,1.002839,1.029236,1.049714,1.041439,1.035503,1.055268,1.055953,1.043288,1.053443,1.049474,1.027416,1.036945,1.035074,1.012473,1.025404,1.059544,1.057963,1.033036,1.016905,1.039963
8.138410,1.054907,1.048997,1.033667,1.023527,1.038089,1.042677,1.031451,1.029731,1.036884,1.051123,1.047039,1.032031,1.044185,1.031221,1.016448,1.030759,1.034795,1.033385,1.057335,1.002795,1.029194,1.049669,1.041392,1.035462,1.055239,1.055920,1.043253,1.053409,1.049440,1.027389,1.036935,1.035048,1.012436,1.025353,1.059504,1.057907,1.033003,1.016871,1.039945
8.146740,1.054881,1.048965,1.033634,1.023500,1.038064,1.042652,1.031427,1.029707,1.036859,1.051096,1.047012,1.032003,1.044156,1.031190,1.016409,1.030717,1.034756,1.033348,1.057288,1.002747,1.029148,1.049622,1.041342,1.035418,1.055208,1.055884,1.043216,1.053373,1.049404,1.027361,1.036923,1.035021,1.012396,1.025300,1.059461,1.057848,1.032969,1.016836,1.039927
8.155070,1.054855,1.048932,1.033600,1.023471,1.038038,1.042627,1.031402,1.029682,1.036834,1.051067,1.046984,1.031974,1.044127,1.031158,1.016369,1.030673,1.034715,1.033309,1.057241,1.002699,1.029102,1.049573,1.041290,1.035373,1.055176,1.055847,1.043177,1.053336,1.049366,1.027331,1.036910,1.034992,1.012356,1.025246,1.059417,1.057788,1.032934,1.016799,1.039909
8.163400,1.054829,1.048897,1.033565,1.023441,1.038011,1.042600,1.031376,1.029656,1.036808,1.051037,1.046955,1.031944,1.044096,1.031125,1.016327,1.030627,1.034673,1.033269,1.057192,1.002649,1.029054,1.049523,1.041237,1.035327,1.055143,1.055809,1.043137,1.053297,1.049327,1.027300,1.036896,1.034963,1.012314,1.025191,1.059372,1.057726,1.032898,1.016760,1.039891
8.171730,1.054802,1.048861,1.033528,1.023409,1.037982,1.042572,1.031348,1.029628,1.036780,1.051005,1.046925,1.031912,1.044063,1.031090,1.016284,1.030579,1.034628,1.033227,1.057141,1.002596,1.029003,1.049470,1.041182,1.035278,1.055108,1.055769,1.043095,1.053256,1.049285,1.027267,1.036881,1.034932,1.012270,1.025132,1.059325,1.057663,1.032860,1.016719,1.039873
8.180060,1.054774,1.048824,1.033490,1.023376,1.037952,1.042542,1.031319,1.029599,1.036751,1.050972,1.046893,1.031879,1.044029,1.031054,1.016238,1.030530,1.034582,1.033184,1.057088,1.002543,1.028951,1.049417,1.041125,1.035228,1.055072,1.055727,1.043052,1.053214,1.049242,1.027233,1.036865,1.034900,1.012225,1.025073,1.059276,1.057598,1.032822,1.016677,1.039856
8.188390,1.054746,1.048785,1.033451,1.023342,1.037921,1.042512,1.031289,1.029569,1.036720,1.050938,1.046860,1.031846,1.043994,1.031016,1.016192,1.030480,1.034535,1.033140,1.057034,1.002488,1.028899,1.049362,1.041067,1.035177,1.055036,1.055684,1.043007,1.053170,1.049198,1.027198,1.036848,1.034867,1.012179,1.025013,1.059226,1.057532,1.032782,1.016634,1.039838
8.196720,1.054718,1.048745,1.033410,1.023305,1.037888,1.042480,1.031257,1.029537,1.036688,1.050902,1.046825,1.031810,1.043957,1.030977,1.016144,1.030427,1.034486,1.033093,1.056977,1.002430,1.028843,1.049304,1.041007,1.035123,1.054997,1.055639,1.042960,1.053124,1.049152,1.027161,1.036829,1.034833,1.012130,1.024950,1.059174,1.057463,1.032741,1.016588,1.039821
8.205050,1.054689,1.048704,1.033367,1.023268,1.037854,1.042446,1.031224,1.029504,1.036655,1.050864,1.046789,1.031773,1.043919,1.030936,1.016094,1.030372,1.034435,1.033046,1.056920,1.002372,1.028786,1.049245,1.040945,1.035067,1.054958,1.055593,1.042912,1.053077,1.049104,1.027123,1.036810,1.034798,1.012081,1.024886,1.059120,1.057394,1.032698,1.016540,1.039804
8.213380,1.054659,1.048662,1.033324,1.023230,1.037820,1.042412,1.031190,1.029470,1.036621,1.050826,1.046752,1.031735,1.043880,1.030894,1.016043,1.030317,1.034383,1.032997,1.056861,1.002312,1.028728,1.049185,1.040882,1.035011,1.054918,1.055546,1.042863,1.053029,1.049055,1.027084,1.036790,1.034761,1.012031,1.024821,1.059066,1.057324,1.032655,1.016492,1.039787
8.221710,1.054629,1.048618,1.033279,1.023190,1.037783,1.042375,1.031154,1.029434,1.036585,1.050786,1.046714,1.031695,1.043839,1.030851,1.015989,1.030259,1.034329,1.032946,1.056799,1.002250,1.028668,1.049122,1.040817,1.034952,1.054876,1.055497,1.042812,1.052978,1.049003,1.027043,1.036769,1.034723,1.011978,1.024753,1.059009,1.057251,1.032611,1.016441,1.039770
8.230040,1.054598,1.048573,1.033233,1.023148,1.037745,1.042338,1.031117,1.029397,1.036548,1.050745,1.046674,1.031654,1.043797,1.030806,1.015934,1.030200,1.034274,1.032894,1.056736,1.002187,1.028606,1.049059,1.040750,1.034892,1.054833,1.055447,1.042760,1.052926,1.048950,1.027001,1.036746,1.034685,1.011924,1.024684,1.058951,1.057177,1.032565,1.016389,1.039753
8.238370,1.054568,1.048527,1.033185,1.023106,1.037706,1.042300,1.031079,1.029359,1.036510,1.050704,1.046633,1.031612,1.043754,1.030760,1.015879,1.030140,1.034218,1.032841,1.056673,1.002123,1.028543,1.048994,1.040683,1.034831,1.054789,1.055395,1.042706,1.052872,1.048896,1.026958,1.036723,1.034645,1.011870,1.024614,1.058892,1.057102,1.032519,1.016336,1.039737
8.246700,1.054536,1.048479,1.033136,1.023062,1.037666,1.042260,1.031040,1.029320,1.036470,1.050660,1.046590,1.031568,1.043709,1.030712,1.015821,1.030077,1.034159,1.032785,1.056606,1.002056,1.028478,1.048927,1.040613,1.034767,1.054744,1.055342,1.042650,1.052817,1.048840,1.026913,1.036698,1.034604,1.011813,1.024542,1.058831,1.057025,1.032471,1.016280,1.039720
8.255030,1.054504,1.048430,1.033086,1.023016,1.037624,1.042219,1.030999,1.029279,1.036429,1.050615,1.046547,1.031523,1.043663,1.030663,1.015762,1.030014,1.034099,1.032729,1.056539,1.001988,1.028412,1.048858,1.040541,1.034702,1.054697,1.055287,1.042594,1.052760,1.048783,1.026867,1.036673,1.034562,1.011755,1.024469,1.058769,1.056947,1.032422,1.016224,1.039704
8.263360,1.054472,1.048381,1.033035,1.022970,1.037582,1.042177,1.030957,1.029238,1.036387,1.050569,1.046502,1.031478,1.043616,1.030613,1.015701,1.029949,1.034038,1.032671,1.056470,1.001919,1.028344,1.048789,1.040469,1.034636,1.054650,1.055232,1.042536,1.052703,1.048724,1.026820,1.036646,1.034519,1.011696,1.024395,1.058706,1.056868,1.032372,1.016166,1.039688
8.271690,1.054439,1.048330,1.032981,1.022922,1.037537,1.042133,1.030914,1.029194,1.036343,1.050521,1.046456,1.031430,1.043567,1.030561,1.015639,1.029881,1.033975,1.032612,1.056399,1.001848,1.028274,1.048717,1.040394,1.034567,1.054602,1.055174,1.042476,1.052643,1.048664,1.026772,1.036618,1.034474,1.011635,1.024318,1.058640,1.056786,1.032321,1.016106,1.039671
8.280020,1.054406,1.048277,1.032927,1.022873,1.037492,1.042088,1.030870,1.029150,1.036299,1.050473,1.046408,1.031381,1.043517,1.030508,1.015575,1.029813,1.033911,1.032551,1.056327,1.001775,1.028203,1.048644,1.040319,1.034497,1.054552,1.055115,1.042415,1.052581,1.048601,1.026722,1.036590,1.034429,1.011573,1.024240,1.058574,1.056704,1.032268,1.016044,1.039656
8.288350,1.054373,1.048225,1.032872,1.022823,1.037446,1.042043,1.030824,1.029105,1.036253,1.050423,1.046360,1.031332,1.043466,1.030454,1.015510,1.029744,1.033846,1.032489,1.056254,1.001702,1.028131,1.048570,1.040242,1.034427,1.054502,1.055056,1.042353,1.052519,1.048539,1.026672,1.036560,1.034383,1.011511,1.024162,1.058506,1.056621,1.032216,1.015982,1.039640
8.296680,1.054338,1.048170,1.032816,1.022771,1.037397,1.041995,1.030777,1.029058,1.036206,1.050372,1.046310,1.031280,1.043414,1.030398,1.015443,1.029672,1.033779,1.032426,1.056178,1.001627,1.028057,1.048494,1.040163,1.034354,1.054450,1.054994,1.042289,1.052455,1.048473,1.026620,1.036529,1.034335,1.011445,1.024081,1.058436,1.056535,1.032161,1.015918,1.039624
8.305010,1.054304,1.048114,1.032758,1.022718,1.037348,1.041946,1.030729,1.029010,1.036157,1.050319,1.046259,1.031228,1.043360,1.030341,1.015375,1.029599,1.033710,1.032361,1.056102,1.001550,1.027981,1.048417,1.040082,1.034280,1.054397,1.054931,1.042224,1.052390,1.048407,1.026567,1.036497,1.034286,1.011380,1.023999,1.058366,1.056449,1.032106,1.015852,1.039609
8.313340,1.054270,1.048058,1.032699,1.022664,1.037299,1.041897,1.030680,1.028961,1.036108,1.050266,1.046207,1.031175,1.043305,1.030283,1.015307,1.029526,1.033641,1.032295,1.056024,1.001473,1.027905,1.048339,1.040002,1.034205,1.054343,1.054868,1.042158,1.052323,1.048340,1.026513,1.036465,1.034237,1.011313,1.023916,1.058294,1.056362,1.032050,1.015786,1.039594
8.321670,1.054234,1.048000,1.032639,1.022608,1.037247,1.041846,1.030630,1.028910,1.036057,1.050211,1.046153,1.031120,1.043249,1.030224,1.015235,1.029449,1.033570,1.032228,1.055944,1.001393,1.027826,1.048258,1.039918,1.034127,1.054288,1.054803,1.042090,1.052255,1.048270,1.026458,1.036431,1.034186,1.011244,1.023831,1.058221,1.056273,1.031993,1.015717,1.039579
8.330000,1.054199,1.047941,1.032577,1.022551,1.037194,1.041794,1.030578,1.028858,1.036005,1.050155,1.046098,1.031063,1.043192,1.030163,1.015163,1.029372,1.033497,1.032159,1.055863,1.001312,1.027747,1.048176,1.039834,1.034049,1.054232,1.054736,1.042021,1.052185,1.048200,1.026402,1.036395,1.034134,1.011175,1.023745,1.058146,1.056183,1.031934,1.015647,1.039564
8.338330,1.054163,1.047882,1.032515,1.022494,1.037141,1.041741,1.030526,1.028806,1.035953,1.050099,1.046043,1.031007,1.043134,1.030101,1.015090,1.029294,1.033424,1.032090,1.055782,1.001231,1.027666,1.048094,1.039748,1.033969,1.054176,1.054669,1.041951,1.052115,1.048128,1.026345,1.036360,1.034082,1.011104,1.023659,1.058071,1.056093,1.031876,1.015576,1.039549
8.346660,1.054126,1.047821,1.032451,1.022434,1.037085,1.041686,1.030471,1.028752,1.035898,1.050040,1.045985,1.030948,1.043074,1.030038,1.015015,1.029214,1.033348,1.032018,1.055697,1.001147,1.027583,1.048009,1.039661,1.033888,1.054118,1.054600,1.041880,1.052042,1.048055,1.026287,1.036323,1.034028,1.011032,1.023570,1.057993,1.056000,1.031815,1.015503,1.039534
8.354990,1.054090,1.047759,1.032386,1.022374,1.037029,1.041631,1.030416,1.028697,1.035842,1.049980,1.045927,1.030888,1.043013,1.029973,1.014938,1.029133,1.033272,1.031946,1.055612,1.001062,1.027499,1.047924,1.039572,1.033805,1.054059,1.054529,1.041807,1.051968,1.047980,1.026227,1.036284,1.033973,1.010959,1.023480,1.057914,1.055906,1.031754,1.015429,1.039520
8.363320,1.054053,1.047696,1.032321,1.022313,1.036972,1.041575,1.030361,1.028641,1.035786,1.049920,1.045868,1.030828,1.042951,1.029908,1.014861,1.029051,1.033195,1.031872,1.055527,1.000977,1.027415,1.047837,1.039483,1.033722,1.054000,1.054459,1.041733,1.051894,1.047905,1.026167,1.036246,1.033918,1.010885,1.023390,1.057835,1.055812,1.031693,1.015355,1.039506
8.371650,1.054016,1.047632,1.032253,1.022250,1.036914,1.041516,1.030303,1.028583,1.035728,1.049858,1.045807,1.030766,1.042887,1.029840,1.014782,1.028966,1.033115,1.031797,1.055438,1.000889,1.027327,1.047748,1.039392,1.033636,1.053939,1.054386,1.041658,1.051818,1.047827,1.026106,1.036205,1.033861,1.010809,1.023297,1.057754,1.055716,1.031630,1.015278,1.039492
8.379980,1.053978,1.047567,1.032185,1.022186,1.036854,1.041457,1.030244,1.028525,1.035669,1.049795,1.045746,1.030703,1.042823,1.029772,1.014702,1.028881,1.033035,1.031721,1.055349,1.000801,1.027240,1.047659,1.039299,1.033549,1.053877,1.054312,1.041581,1.051740,1.047749,1.026044,1.036164,1.033804,1.010732,1.023204,1.057672,1.055619,1.031566,1.015200,1.039478
8.388310,1.053940,1.047502,1.032116,1.022122,1.036794,1.041398,1.030185,1.028466,1.035610,1.049732,1.045683,1.030639,1.042758,1.029704,1.014621,1.028795,1.032954,1.031644,1.055260,1.000712,1.027151,1.047569,1.039206,1.033462,1.053815,1.054238,1.041504,1.051662,1.047670,1.025981,1.036123,1.033745,1.010655,1.023110,1.057589,1.055521,1.031501,1.015122,1.039465
8.396640,1.053902,1.047435,1.032046,1.022055,1.036731,1.041336,1.030124,1.028405,1.035548,1.049666,1.045619,1.030574,1.042691,1.029633,1.014538,1.028707,1.032871,1.031566,1.055167,1.000620,1.027060,1.047476,1.039111,1.033372,1.053752,1.054162,1.041425,1.051582,1.047588,1.025917,1.036079,1.033686,1.010575,1.023014,1.057504,1.055422,1.031436,1.015041,1.039451
8.404970,1.053863,1.047367,1.031974,1.021988,1.036669,1.041274,1.030062,1.028343,1.035486,1.049600,1.045554,1.030507,1.042623,1.029561,1.014454,1.028618,1.032787,1.031486,1.055075,1.000528,1.026969,1.047383,1.039015,1.033281,1.053687,1.054085,1.041345,1.051501,1.047506,1.025852,1.036035,1.033625,1.010495,1.022917,1.057418,1.055322,1.031369,1.014960,1.039438
8.413300,1.053825,1.047299,1.031902,1.021920,1.036605,1.041211,1.030000,1.028280,1.035423,1.049533,1.045489,1.030440,1.042555,1.029489,1.014369,1.028528,1.032703,1.031406,1.054981,1.000436,1.026876,1.047289,1.038918,1.033190,1.053623,1.054007,1.041265,1.051419,1.047424,1.025787,1.035990,1.033564,1.010415,1.022820,1.057332,1.055221,1.031302,1.014878,1.039425
8.421630,1.053785,1.047229,1.031828,1.021851,1.036540,1.041146,1.029936,1.028216,1.035358,1.049464,1.045421,1.030371,1.042485,1.029415,1.014282,1.028436,1.032616,1.031324,1.054885,1.000341,1.026782,1.047192,1.038819,1.033097,1.053557,1.053928,1.041182,1.051336,1.047339,1.025720,1.035944,1.033502,1.010332,1.022720,1.057244,1.055119,1.031234,1.014794,1.039412
8.429960,1.053746,1.047159,1.031754,1.021780,1.036473,1.041081,1.029871,1.028151,1.035293,1.049395,1.045353,1.030302,1.042414,1.029340,1.014195,1.028344,1.032529,1.031241,1.054789,1.000245,1.026687,1.047096,1.038720,1.033002,1.053490,1.053848,1.041099,1.051251,1.047253,1.025652,1.035897,1.033439,1.010249,1.022620,1.057155,1.055016,1.031165,1.014709,1.039399
8.438290,1.053707,1.047088,1.031679,1.021709,1.036407,1.041015,1.029805,1.028086,1.035227,1.049325,1.045284,1.030232,1.042342,1.029264,1.014107,1.028250,1.032441,1.031157,1.054692,1.000149,1.026591,1.046998,1.038620,1.032908,1.053423,1.053767,1.041016,1.051166,1.047167,1.025585,1.035850,1.033375,1.010165,1.022520,1.057065,1.054912,1.031096,1.014624,1.039387
8.446620,1.053666,1.047016,1.031602,1.021636,1.036338,1.040947,1.029738,1.028018,1.035159,1.049253,1.045214,1.030160,1.042269,1.029187,1.014016,1.028155,1.032351,1.031072,1.054592,1.000051,1.026493,1.046899,1.038517,1.032811,1.053354,1.053685,1.040930,1.051079,1.047079,1.025516,1.035801,1.033310,1.010079,1.022417,1.056973,1.054807,1.031025,1.014536,1.039374
8.454950,1.053626,1.046943,1.031525,1.021563,1.036269,1.040878,1.029670,1.027950,1.035091,1.049181,1.045143,1.030087,1.042195,1.029109,1.013925,1.028059,1.032261,1.030986,1.054493,0.999953,1.026394,1.046799,1.038414,1.032713,1.053285,1.053601,1.040844,1.050991,1.046990,1.025446,1.035751,1.033244,1.009993,1.022314,1.056881,1.054701,1.030954,1.014448,1.039362
8.463280,1.053586,1.046870,1.031447,1.021489,1.036200,1.040810,1.029601,1.027882,1.035022,1.049108,1.045071,1.030014,1.042120,1.029030,1.013834,1.027962,1.032170,1.030900,1.054392,0.999854,1.026295,1.046698,1.038311,1.032615,1.053215,1.053518,1.040757,1.050903,1.046901,1.025376,1.035701,1.033178,1.009906,1.022211,1.056788,1.054595,1.030882,1.014359,1.039351
8.471610,1.053545,1.046795,1.031368,1.021413,1.036128,1.040739,1.029531,1.027811,1.034951,1.049033,1.044997,1.029939,1.042044,1.028949,1.013740,1.027863,1.032076,1.030811,1.054290,0.999753,1.026194,1.046595,1.038206,1.032514,1.053144,1.053432,1.040668,1.050813,1.046809,1.025304,1.035649,1.033110,1.009817,1.022105,1.056694,1.054486,1.030809,1.014269,1.039339
8.479940,1.053505,1.046720,1.031288,1.021336,1.036056,1.040667,1.029460,1.027740,1.034880,1.048958,1.044923,1.029863,1.041967,1.028868,1.013646,1.027764,1.031983,1.030722,1.054187,0.999651,1.026092,1.046492,1.038100,1.032413,1.053073,1.053347,1.040579,1.050722,1.046718,1.025233,1.035597,1.033042,1.009728,1.021999,1.056598,1.054378,1.030736,1.014178,1.039327
8.488270,1.053464,1.046645,1.031207,1.021260,1.035984,1.040596,1.029389,1.027669,1.034808,1.048882,1.044849,1.029787,1.041889,1.028787,1.013551,1.027664,1.031889,1.030633,1.054083,0.999549,1.025990,1.046388,1.037993,1.032312,1.053001,1.053260,1.040490,1.050631,1.046625,1.025160,1.035545,1.032973,1.009639,1.021893,1.056503,1.054270,1.030662,1.014086,1.039316
8.496600,1.053423,1.046568,1.031125,1.021181,1.035909,1.040522,1.029316,1.027596,1.034734,1.048805,1.044773,1.029710,1.041810,1.028703,1.013455,1.027563,1.031793,1.030542,1.053977,0.999445,1.025885,1.046282,1.037885,1.032208,1.052928,1.053172,1.040398,1.050538,1.046531,1.025087,1.035490,1.032903,1.009547,1.021785,1.056405,1.054159,1.030587,1.013993,1.039305
8.504930,1.053381,1.046491,1.031043,1.021102,1.035835,1.040448,1.029242,1.027522,1.034660,1.048727,1.044696,1.029631,1.041730,1.028619,1.013358,1.027460,1.031696,1.030450,1.053872,0.999341,1.025781,1.046176,1.037776,1.032105,1.052855,1.053084,1.040307,1.050445,1.046436,1.025014,1.035436,1.032833,1.009456,1.021677,1.056307,1.054049,1.030512,1.013899,1.039294
8.513260,1.053340,1.046413,1.030960,1.021022,1.035760,1.040373,1.029168,1.027449,1.034586,1.048648,1.044619,1.029553,1.041650,1.028535,1.013260,1.027358,1.031600,1.030358,1.053765,0.999236,1.025675,1.046069,1.037667,1.032000,1.052781,1.052995,1.040215,1.050351,1.046341,1.024940,1.035381,1.032762,1.009364,1.021568,1.056209,1.053938,1.030436,1.013805,1.039284
8.521590,1.053298,1.046335,1.030875,1.020941,1.035683,1.040297,1.029093,1.027373,1.034509,1.048568,1.044540,1.029473,1.041569,1.028449,1.013160,1.027253,1.031501,1.030264,1.053657,0.999129,1.025568,1.045961,1.037556,1.031894,1.052706,1.052904,1.040121,1.050255,1.046244,1.024865,1.035324,1.032690,1.009270,1.021458,1.056109,1.053825,1.030359,1.013709,1.039273
8.529920,1.053256,1.046256,1.030791,1.020859,1.035606,1.040221,1.029017,1.027297,1.034433,1.048488,1.044461,1.029392,1.041486,1.028362,1.013061,1.027148,1.031402,1.030170,1.053548,0.999023,1.025461,1.045852,1.037445,1.031787,1.052631,1.052814,1.040026,1.050159,1.046147,1.024790,1.035267,1.032617,1.009176,1.021347,1.056008,1.053713,1.030282,1.013612,1.039263
8.538250,1.053215,1.046177,1.030706,1.020777,1.035528,1.040144,1.028940,1.027220,1.034356,1.048407,1.044381,1.029311,1.041404,1.028276,1.012960,1.027043,1.031303,1.030076,1.053439,0.998916,1.025353,1.045743,1.037333,1.031680,1.052555,1.052722,1.039932,1.050063,1.046049,1.024715,1.035210,1.032544,1.009081,1.021236,1.055907,1.053600,1.030205,1.013516,1.039253
8.546580,1.053173,1.046096,1.030619,1.020693,1.035449,1.040065,1.028862,1.027142,1.034277,1.048325,1.044300,1.029228,1.041320,1.028187,1.012858,1.026935,1.031201,1.029980,1.053328,0.998807,1.025243,1.045631,1.037220,1.031571,1.052479,1.052630,1.039836,1.049965,1.045950,1.024639,1.035152,1.032470,1.008985,1.021124,1.055804,1.053485,1.030126,1.013417,1.039243
8.554910,1.053131,1.046016,1.030532,1.020609,1.035369,1.039987,1.028784,1.027064,1.034199,1.048242,1.044219,1.029145,1.041235,1.028098,1.012756,1.026828,1.031100,1.029884,1.053217,0.998698,1.025133,1.045520,1.037106,1.031462,1.052402,1.052537,1.039739,1.049866,1.045851,1.024562,1.035093,1.032396,1.008889,1.021011,1.055702,1.053371,1.030047,1.013319,1.039234
8.563240,1.053089,1.045935,1.030445,1.020525,1.035290,1.039908,1.028706,1.026986,1.034119,1.048159,1.044137,1.029062,1.041150,1.028009,1.012653,1.026720,1.030999,1.029787,1.053105,0.998588,1.025023,1.045409,1.036992,1.031353,1.052325,1.052444,1.039642,1.049768,1.045751,1.024486,1.035034,1.032321,1.008792,1.020898,1.055598,1.053256,1.029968,1.013220,1.039225
8.571570,1.053046,1.045853,1.030357,1.020439,1.035208,1.039827,1.028626,1.026905,1.034039,1.048074,1.044054,1.028977,1.041064,1.027918,1.012549,1.026610,1.030895,1.029689,1.052992,0.998477,1.024911,1.045295,1.036876,1.031241,1.052247,1.052349,1.039544,1.049668,1.045649,1.024408,1.034974,1.032245,1.008694,1.020784,1.055494,1.053140,1.029888,1.013119,1.039216
8.579900,1.053004,1.045771,1.030268,1.020353,1.035127,1.039746,1.028545,1.026825,1.033958,1.047990,1.043970,1.028892,1.040978,1.027827,1.012444,1.026501,1.030792,1.029590,1.052879,0.998366,1.024799,1.045182,1.036761,1.031130,1.052169,1.052254,1.039446,1.049567,1.045548,1.024331,1.034913,1.032169,1.008596,1.020670,1.055389,1.053024,1.029808,1.013019,1.039207
8.588230,1.052962,1.045689,1.030179,1.020267,1.035045,1.039665,1.028465,1.026744,1.033877,1.047905,1.043886,1.028807,1.040891,1.027736,1.012339,1.026391,1.030688,1.029492,1.052765,0.998255,1.024687,1.045068,1.036645,1.031018,1.052090,1.052159,1.039347,1.049467,1.045446,1.024253,1.034852,1.032092,1.008497,1.020555,1.055283,1.052908,1.029727,1.012918,1.039198
8.596560,1.052919,1.045606,1.030089,1.020179,1.034962,1.039583,1.028383,1.026662,1.033794,1.047818,1.043801,1.028720,1.040803,1.027643,1.012233,1.026279,1.030583,1.029392,1.052650,0.998142,1.024573,1.044953,1.036527,1.030905,1.052011,1.052063,1.039247,1.049365,1.045343,1.024175,1.034790,1.032015,1.008397,1.020439,1.055177,1.052791,1.029646,1.012815,1.039190
8.604890,1.052877,1.045522,1.029999,1.020091,1.034879,1.039500,1.028301,1.026580,1.033711,1.047732,1.043716,1.028633,1.040714,1.027550,1.012126,1.026168,1.030478,1.029292,1.052535,0.998030,1.024459,1.044838,1.036410,1.030791,1.051931,1.051967,1.039147,1.049263,1.045240,1.024097,1.034728,1.031937,1.008297,1.020323,1.055070,1.052674,1.029565,1.012713,1.039182
8.613220,1.052835,1.045439,1.029909,1.020003,1.034795,1.039417,1.028218,1.026498,1.033628,1.047645,1.043630,1.028546,1.040626,1.027457,1.012019,1.026056,1.030372,1.029192,1.052419,0.997917,1.024345,1.044722,1.036292,1.030678,1.051852,1.051870,1.039047,1.049160,1.045136,1.024019,1.034666,1.031859,1.008197,1.020207,1.054963,1.052557,1.029483,1.012611,1.039174
8.621550,1.052792,1.045355,1.029817,1.019914,1.034710,1.039333,1.028135,1.026414,1.033544,1.047557,1.043544,1.028458,1.040536,1.027363,1.011911,1.025943,1.030266,1.029090,1.052302,0.997802,1.024229,1.044605,1.036173,1.030563,1.051771,1.051772,1.038945,1.049057,1.045031,1.023940,1.034603,1.031780,1.008095,1.020090,1.054854,1.052439,1.029401,1.012507,1.039166
8.629880,1.052750,1.045271,1.029726,1.019824,1.034626,1.039249,1.028051,1.026331,1.033460,1.047469,1.043457,1.028369,1.040446,1.027268,1.011803,1.025829,1.030159,1.028989,1.052186,0.997688,1.024113,1.044489,1.036055,1.030448,1.051691,1.051675,1.038844,1.048953,1.044927,1.023862,1.034540,1.031701,1.007994,1.019973,1.054746,1.052321,1.029318,1.012403,1.039159
8.638210,1.052708,1.045187,1.029634,1.019734,1.034541,1.039165,1.027968,1.026247,1.033376,1.047381,1.043370,1.028281,1.040356,1.027174,1.011694,1.025716,1.030052,1.028887,1.052069,0.997574,1.023998,1.044372,1.035935,1.030333,1.051611,1.051577,1.038742,1.048850,1.044822,1.023783,1.034476,1.031622,1.007892,1.019856,1.054637,1.052202,1.029235,1.012299,1.039152
8.646540,1.052665,1.045102,1.029542,1.019644,1.034455,1.039080,1.027883,1.026162,1.033290,1.047292,1.043282,1.028191,1.040265,1.027078,1.011585,1.025601,1.029944,1.028785,1.051950,0.997459,1.023881,1.044253,1.035815,1.030216,1.051529,1.051478,1.038640,1.048745,1.044716,1.023704,1.034412,1.031542,1.007790,1.019738,1.054527,1.052084,1.029152,1.012194,1.039145
8.654870,1.052623,1.045018,1.029449,1.019553,1.034369,1.038994,1.027798,1.026077,1.033205,1.047202,1.043194,1.028102,1.040174,1.026982,1.011475,1.025487,1.029836,1.028682,1.051832,0.997343,1.023764,1.044135,1.035695,1.030100,1.051448,1.051379,1.038537,1.048640,1.044610,1.023625,1.034348,1.031462,1.007687,1.019620,1.054418,1.051965,1.029069,1.012089,1.039139
8.663200,1.052581,1.044933,1.029357,1.019462,1.034282,1.038909,1.027713,1.025992,1.033119,1.047113,1.043106,1.028012,1.040083,1.026887,1.011365,1.025372,1.029728,1.028579,1.051714,0.997228,1.023647,1.044017,1.035575,1.029983,1.051367,1.051280,1.038434,1.048535,1.044504,1.023547,1.034284,1.031382,1.007584,1.019502,1.054308,1.051846,1.028986,1.011984,1.039132
8.671530,1.052539,1.044848,1.029263,1.019370,1.034195,1.038823,1.027627,1.025906,1.033033,1.047023,1.043017,1.027922,1.039991,1.026790,1.011255,1.025256,1.029619,1.028476,1.051595,0.997112,1.023529,1.043898,1.035454,1.029866,1.051285,1.051181,1.038331,1.048430,1.044397,1.023468,1.034219,1.031301,1.007480,1.019383,1.054197,1.051727,1.028902,1.011878,1.039126
8.679860,1.052497,1.044763,1.029170,1.019279,1.034109,1.038737,1.027542,1.025820,1.032946,1.046933,1.042928,1.027831,1.039899,1.026693,1.011144,1.025141,1.029510,1.028372,1.051476,0.996996,1.023411,1.043779,1.035333,1.029748,1.051204,1.051081,1.038227,1.048324,1.044290,1.023389,1.034154,1.031220,1.007377,1.019265,1.054086,1.051608,1.028818,1.011773,1.039120
8.688190,1.052455,1.044678,1.029077,1.019187,1.034022,1.038650,1.027456,1.025735,1.032860,1.046842,1.042839,1.027740,1.039807,1.026596,1.011033,1.025025,1.029402,1.028269,1.051357,0.996879,1.023293,1.043660,1.035212,1.029631,1.051122,1.050982,1.038124,1.048219,1.044183,1.023310,1.034089,1.031140,1.007273,1.019146,1.053975,1.051489,1.028734,1.011667,1.039115
8.696520,1.052414,1.044592,1.028983,1.019095,1.033934,1.038563,1.027369,1.025648,1.032773,1.046752,1.042749,1.027649,1.039714,1.026499,1.010922,1.024909,1.029292,1.028165,1.051237,0.996763,1.023174,1.043540,1.035090,1.029513,1.051040,1.050882,1.038020,1.048112,1.044076,1.023232,1.034024,1.031058,1.007168,1.019027,1.053863,1.051370,1.028650,1.011560,1.039109
8.704850,1.052372,1.044507,1.028890,1.019002,1.033846,1.038477,1.027283,1.025562,1.032685,1.046661,1.042660,1.027558,1.039621,1.026401,1.010810,1.024793,1.029183,1.028061,1.051117,0.996646,1.023055,1.043420,1.034969,1.029395,1.050959,1.050782,1.037916,1.048006,1.043969,1.023153,1.033959,1.030977,1.007064,1.018909,1.053752,1.051251,1.028565,1.011454,1.039104
8.713180,1.052331,1.044422,1.028796,1.018910,1.033759,1.038390,1.027197,1.025475,1.032598,1.046570,1.042570,1.027467,1.039528,1.026304,1.010699,1.024676,1.029073,1.027957,1.050997,0.996529,1.022937,1.043300,1.034847,1.029276,1.050877,1.050682,1.037812,1.047900,1.043861,1.023075,1.033894,1.030896,1.006960,1.018790,1.053640,1.051132,1.028481,1.011348,1.039099
8.721510,1.052290,1.044337,1.028702,1.018817,1.033671,1.038303,1.027110,1.025388,1.032511,1.046479,1.042480,1.027375,1.039435,1.026206,1.010587,1.024559,1.028963,1.027852,1.050877,0.996412,1.022818,1.043180,1.034725,1.029158,1.050795,1.050581,1.037707,1.047794,1.043754,1.022997,1.033829,1.030815,1.006855,1.018671,1.053528,1.051013,1.028397,1.011241,1.039095
8.729840,1.052249,1.044252,1.028608,1.018724,1.033583,1.038215,1.027023,1.025301,1.032423,1.046388,1.042391,1.027284,1.039342,1.026108,1.010475,1.024443,1.028854,1.027748,1.050757,0.996295,1.022699,1.043060,1.034604,1.029039,1.050713,1.050481,1.037603,1.047687,1.043646,1.022919,1.033764,1.030733,1.006750,1.018552,1.053416,1.050894,1.028312,1.011135,1.039090
8.738170,1.052208,1.044167,1.028515,1.018631,1.033495,1.038128,1.026936,1.025214,1.032336,1.046297,1.042301,1.027192,1.039249,1.026010,1.010363,1.024326,1.028744,1.027644,1.050636,0.996179,1.022580,1.042940,1.034482,1.028921,1.050631,1.050381,1.037499,1.047581,1.043539,1.022842,1.033699,1.030652,1.006645,1.018434,1.053304,1.050776,1.028228,1.011028,1.039086
8.746500,1.052168,1.044082,1.028421,1.018539,1.033407,1.038041,1.026850,1.025128,1.032249,1.046206,1.042211,1.027101,1.039156,1.025913,1.010251,1.024210,1.028634,1.027540,1.050516,0.996062,1.022461,1.042820,1.034361,1.028802,1.050550,1.050281,1.037395,1.047475,1.043431,1.022765,1.033634,1.030571,1.006540,1.018315,1.053192,1.050658,1.028144,1.010922,1.039082
8.754830,1.052127,1.043998,1.028327,1.018446,1.033319,1.037954,1.026763,1.025041,1.032161,1.046115,1.042121,1.027010,1.039063,1.025815,1.010139,1.024093,1.028524,1.027436,1.050396,0.995945,1.022342,1.042700,1.034239,1.028684,1.050468,1.050181,1.037291,1.047368,1.043324,1.022688,1.033569,1.030490,1.006435,1.018197,1.053079,1.050540,1.028060,1.010815,1.039079
8.763160,1.052087,1.043913,1.028234,1.018353,1.033231,1.037867,1.026677,1.024954,1.032074,1.046024,1.042031,1.026918,1.038970,1.025717,1.010027,1.023976,1.028415,1.027332,1.050276,0.995828,1.022223,1.042580,1.034118,1.028565,1.050387,1.050081,1.037187,1.047262,1.043216,1.022612,1.033504,1.030409,1.006330,1.018079,1.052967,1.050422,1.027976,1.010709,1.039076
8.771490,1.052047,1.043829,1.028141,1.018261,1.033144,1.037780,1.026590,1.024868,1.031987,1.045933,1.041942,1.026827,1.038878,1.025620,1.009916,1.023860,1.028306,1.027228,1.050156,0.995712,1.022105,1.042460,1.033997,1.028447,1.050306,1.049982,1.037083,1.047156,1.043109,1.022536,1.033440,1.030328,1.006226,1.017961,1.052855,1.050305,1.027892,1.010603,1.039073
8.779820,1.052008,1.043746,1.028047,1.018168,1.033056,1.037694,1.026504,1.024781,1.031899,1.045842,1.041852,1.026736,1.038785,1.025522,1.009804,1.023744,1.028196,1.027124,1.050036,0.995596,1.021986,1.042341,1.033875,1.028329,1.050225,1.049882,1.036980,1.047050,1.043002,1.022460,1.033375,1.030247,1.006121,1.017843,1.052743,1.050187,1.027808,1.010497,1.039070
8.788150,1.051969,1.043662,1.027955,1.018076,1.032969,1.037607,1.026418,1.024695,1.031813,1.045752,1.041763,1.026645,1.038693,1.025425,1.009693,1.023628,1.028087,1.027021,1.049917,0.995480,1.021868,1.042221,1.033755,1.028211,1.050144,1.049783,1.036876,1.046945,1.042895,1.022385,1.033312,1.030167,1.006016,1.017726,1.052631,1.050071,1.027725,1.010391,1.039067
8.796480,1.051930,1.043579,1.027862,1.017984,1.032882,1.037521,1.026332,1.024609,1.031726,1.045662,1.041674,1.026555,1.038601,1.025328,1.009582,1.023512,1.027979,1.026918,1.049798,0.995364,1.021750,1.042102,1.033634,1.028093,1.050064,1.049684,1.036773,1.046840,1.042789,1.022311,1.033248,1.030086,1.005912,1.017609,1.052519,1.049955,1.027641,1.010286,1.039065
8.804810,1.051892,1.043497,1.027770,1.017892,1.032795,1.037435,1.026246,1.024523,1.031640,1.045572,1.041586,1.026464,1.038509,1.025231,1.009471,1.023396,1.027870,1.026815,1.049679,0.995249,1.021632,1.041983,1.033514,1.027976,1.049984,1.049585,1.036671,1.046735,1.042683,1.022237,1.033185,1.030007,1.005808,1.017492,1.052408,1.049839,1.027558,1.010181,1.039063
8.813140,1.051853,1.043414,1.027678,1.017800,1.032709,1.037349,1.026161,1.024437,1.031554,1.045482,1.041497,1.026374,1.038417,1.025135,1.009360,1.023281,1.027762,1.026713,1.049560,0.995133,1.021514,1.041865,1.033395,1.027859,1.049904,1.049487,1.036568,1.046630,1.042577,1.022164,1.033122,1.029927,1.005704,1.017376,1.052296,1.049724,1.027475,1.010076,1.039062
8.821470,1.051816,1.043332,1.027586,1.017709,1.032623,1.037264,1.026076,1.024352,1.031468,1.045393,1.041410,1.026285,1.038326,1.025039,1.009250,1.023167,1.027655,1.026611,1.049442,0.995019,1.021397,1.041746,1.033275,1.027742,1.049825,1.049389,1.036466,1.046526,1.042472,1.022091,1.033060,1.029848,1.005600,1.017261,1.052185,1.049609,1.027393,1.009971,1.039060
8.829800,1.051778,1.043251,1.027495,1.017618,1.032537,1.037179,1.025991,1.024267,1.031382,1.045304,1.041322,1.026196,1.038235,1.024943,1.009140,1.023052,1.027547,1.026509,1.049324,0.994904,1.021281,1.041628,1.033156,1.027626,1.049746,1.049291,1.036364,1.046422,1.042367,1.022019,1.032998,1.029769,1.005497,1.017146,1.052074,1.049495,1.027311,1.009867,1.039059
8.838130,1.051741,1.043170,1.027405,1.017528,1.032452,1.037095,1.025907,1.024183,1.031297,1.045216,1.041235,1.026107,1.038145,1.024848,1.009031,1.022938,1.027441,1.026408,1.049206,0.994791,1.021164,1.041511,1.033038,1.027510,1.049667,1.049194,1.036263,1.046318,1.042262,1.021948,1.032936,1.029691,1.005394,1.017031,1.051964,1.049382,1.027229,1.009764,1.039058
8.846460,1.051705,1.043090,1.027315,1.017438,1.032367,1.037011,1.025824,1.024099,1.031213,1.045128,1.041148,1.026019,1.038055,1.024753,1.008922,1.022825,1.027334,1.026307,1.049089,0.994677,1.021049,1.041394,1.032920,1.027395,1.049589,1.049097,1.036162,1.046215,1.042158,1.021877,1.032875,1.029613,1.005291,1.016917,1.051853,1.049269,1.027148,1.009661,1.039058
8.854790,1.051668,1.043010,1.027225,1.017349,1.032282,1.036927,1.025740,1.024016,1.031129,1.045041,1.041062,1.025931,1.037966,1.024659,1.008813,1.022712,1.027228,1.026207,1.048973,0.994564,1.020933,1.041278,1.032803,1.027280,1.049512,1.049001,1.036062,1.046113,1.042054,1.021808,1.032815,1.029535,1.005189,1.016804,1.051744,1.049157,1.027067,1.009558,1.039057
8.863120,1.051632,1.042931,1.027136,1.017260,1.032199,1.036844,1.025658,1.023933,1.031046,1.044954,1.040976,1.025844,1.037877,1.024565,1.008706,1.022599,1.027123,1.026107,1.048857,0.994452,1.020819,1.041162,1.032686,1.027166,1.049435,1.048906,1.035963,1.046011,1.041951,1.021738,1.032755,1.029459,1.005087,1.016691,1.051634,1.049046,1.026986,1.009456,1.039057
8.871450,1.051597,1.042853,1.027048,1.017171,1.032115,1.036762,1.025575,1.023851,1.030963,1.044868,1.040891,1.025757,1.037789,1.024472,1.008598,1.022488,1.027019,1.026008,1.048742,0.994341,1.020705,1.041047,1.032570,1.027052,1.049358,1.048811,1.035864,1.045910,1.041849,1.021670,1.032696,1.029383,1.004986,1.016579,1.051525,1.048935,1.026906,1.009355,1.039058
8.879780,1.051562,1.042775,1.026960,1.017083,1.032033,1.036680,1.025494,1.023769,1.030880,1.044782,1.040807,1.025671,1.037701,1.024379,1.008492,1.022376,1.026915,1.025910,1.048627,0.994229,1.020591,1.040932,1.032455,1.026939,1.049282,1.048716,1.035765,1.045809,1.041747,1.021603,1.032637,1.029307,1.004885,1.016467,1.051417,1.048825,1.026827,1.009254,1.039058
8.888110,1.051528,1.042698,1.026873,1.016996,1.031951,1.036599,1.025413,1.023688,1.030799,1.044697,1.040723,1.025585,1.037614,1.024287,1.008386,1.022266,1.026811,1.025812,1.048513,0.994119,1.020479,1.040818,1.032340,1.026827,1.049207,1.048623,1.035667,1.045709,1.041646,1.021536,1.032579,1.029232,1.004785,1.016357,1.051309,1.048716,1.026748,1.009154,1.039059
8.896440,1.051494,1.042622,1.026786,1.016910,1.031869,1.036519,1.025333,1.023607,1.030718,1.044613,1.040640,1.025501,1.037528,1.024196,1.008281,1.022157,1.026709,1.025716,1.048400,0.994010,1.020367,1.040705,1.032226,1.026715,1.049133,1.048530,1.035570,1.045610,1.041546,1.021471,1.032522,1.029158,1.004685,1.016247,1.051202,1.048608,1.026669,1.009054,1.039060
8.904770,1.051461,1.042546,1.026700,1.016824,1.031789,1.036439,1.025253,1.023527,1.030637,1.044529,1.040558,1.025417,1.037442,1.024106,1.008176,1.022047,1.026607,1.025619,1.048287,0.993901,1.020255,1.040592,1.032113,1.026604,1.049059,1.048437,1.035474,1.045511,1.041446,1.021406,1.032466,1.029084,1.004586,1.016138,1.051095,1.048501,1.026591,1.008956,1.039061
8.913100,1.051428,1.042472,1.026616,1.016739,1.031709,1.036360,1.025175,1.023449,1.030558,1.044447,1.040477,1.025334,1.037358,1.024016,1.008072,1.021940,1.026506,1.025524,1.048175,0.993793,1.020145,1.040481,1.032001,1.026494,1.048986,1.048346,1.035379,1.045413,1.041348,1.021343,1.032410,1.029012,1.004488,1.016030,1.050989,1.048395,1.026514,1.008858,1.039063
8.921430,1.051395,1.042398,1.026531,1.016654,1.031630,1.036282,1.025096,1.023370,1.030479,1.044365,1.040395,1.025251,1.037274,1.023927,1.007969,1.021832,1.026406,1.025429,1.048064,0.993685,1.020035,1.040369,1.031889,1.026385,1.048913,1.048255,1.035284,1.045316,1.041249,1.021280,1.032355,1.028940,1.004390,1.015923,1.050884,1.048290,1.026437,1.008760,1.039065
8.929760,1.051363,1.042325,1.026448,1.016571,1.031552,1.036205,1.025019,1.023293,1.030401,1.044284,1.040316,1.025170,1.037191,1.023839,1.007867,1.021726,1.026307,1.025336,1.047954,0.993579,1.019926,1.040260,1.031779,1.026276,1.048841,1.048165,1.035190,1.045220,1.041152,1.021218,1.032301,1.028869,1.004293,1.015817,1.050779,1.048186,1.026361,1.008664,1.039067
8.938090,1.051332,1.042253,1.026366,1.016489,1.031474,1.036129,1.024943,1.023216,1.030324,1.044204,1.040237,1.025089,1.037109,1.023752,1.007766,1.021620,1.026208,1.025243,1.047845,0.993474,1.019818,1.040150,1.031669,1.026169,1.048771,1.048076,1.035097,1.045125,1.041056,1.021158,1.032248,1.028799,1.004196,1.015712,1.050675,1.048083,1.026286,1.008569,1.039069
8.946420,1.051301,1.042181,1.026284,1.016406,1.031397,1.036053,1.024867,1.023140,1.030247,1.044124,1.040158,1.025009,1.037027,1.023665,1.007665,1.021515,1.026111,1.025151,1.047736,0.993369,1.019711,1.040042,1.031561,1.026062,1.048700,1.047988,1.035005,1.045030,1.040960,1.021098,1.032195,1.028729,1.004100,1.015607,1.050572,1.047980,1.026212,1.008474,1.039072
8.954750,1.051271,1.042111,1.026204,1.016326,1.031322,1.035978,1.024793,1.023066,1.030172,1.044046,1.040082,1.024931,1.036947,1.023580,1.007567,1.021412,1.026015,1.025060,1.047629,0.993266,1.019606,1.039935,1.031453,1.025957,1.048631,1.047901,1.034914,1.044937,1.040866,1.021040,1.032144,1.028661,1.004006,1.015504,1.050470,1.047880,1.026138,1.008381,1.039075
8.963080,1.051242,1.042041,1.026124,1.016245,1.031247,1.035904,1.024719,1.022991,1.030097,1.043968,1.040005,1.024852,1.036867,1.023496,1.007468,1.021309,1.025919,1.024970,1.047523,0.993163,1.019500,1.039828,1.031346,1.025852,1.048563,1.047814,1.034823,1.044844,1.040772,1.020983,1.032093,1.028593,1.003912,1.015401,1.050368,1.047779,1.026065,1.008288,1.039078
8.971410,1.051213,1.041973,1.026046,1.016167,1.031174,1.035832,1.024647,1.022919,1.030024,1.043892,1.039930,1.024776,1.036789,1.023413,1.007371,1.021208,1.025825,1.024882,1.047418,0.993062,1.019397,1.039723,1.031241,1.025749,1.048495,1.047729,1.034734,1.044753,1.040680,1.020927,1.032044,1.028527,1.003819,1.015301,1.050268,1.047681,1.025993,1.008197,1.039082
8.979740,1.051184,1.041906,1.025968,1.016088,1.031101,1.035760,1.024574,1.022846,1.029951,1.043816,1.039855,1.024700,1.036711,1.023330,1.007274,1.021107,1.025731,1.024793,1.047313,0.992961,1.019293,1.039618,1.031137,1.025646,1.048429,1.047645,1.034646,1.044662,1.040589,1.020872,1.031995,1.028461,1.003726,1.015200,1.050167,1.047583,1.025921,1.008105,1.039085
8.988070,1.051157,1.041840,1.025892,1.016012,1.031030,1.035689,1.024504,1.022776,1.029880,1.043743,1.039783,1.024625,1.036636,1.023249,1.007180,1.021008,1.025639,1.024707,1.047210,0.992862,1.019192,1.039516,1.031034,1.025546,1.048363,1.047562,1.034559,1.044573,1.040499,1.020818,1.031948,1.028397,1.003635,1.015102,1.050069,1.047487,1.025851,1.008016,1.039090
8.996400,1.051129,1.041774,1.025816,1.015935,1.030958,1.035619,1.024434,1.022705,1.029809,1.043669,1.039710,1.024551,1.036560,1.023168,1.007085,1.020910,1.025547,1.024621,1.047108,0.992763,1.019091,1.039413,1.030931,1.025445,1.048298,1.047479,1.034473,1.044485,1.040409,1.020766,1.031901,1.028333,1.003544,1.015004,1.049971,1.047392,1.025780,1.007927,1.039094
9.004730,1.051103,1.041711,1.025742,1.015861,1.030889,1.035551,1.024366,1.022637,1.029741,1.043597,1.039640,1.024479,1.036486,1.023090,1.006993,1.020813,1.025458,1.024537,1.047008,0.992666,1.018992,1.039313,1.030831,1.025347,1.048235,1.047399,1.034389,1.044398,1.040322,1.020715,1.031855,1.028271,1.003455,1.014908,1.049874,1.047299,1.025712,1.007840,1.039098
9.013060,1.051077,1.041647,1.025668,1.015787,1.030821,1.035483,1.024298,1.022569,1.029672,1.043526,1.039569,1.024407,1.036413,1.023012,1.006901,1.020717,1.025369,1.024453,1.046907,0.992569,1.018893,1.039212,1.030731,1.025249,1.048172,1.047318,1.034304,1.044312,1.040234,1.020665,1.031810,1.028209,1.003366,1.014812,1.049778,1.047206,1.025644,1.007754,1.039103
9.021390,1.051052,1.041586,1.025597,1.015715,1.030754,1.035418,1.024232,1.022503,1.029605,1.043457,1.039501,1.024338,1.036342,1.022936,1.006811,1.020623,1.025282,1.024372,1.046810,0.992475,1.018797,1.039115,1.030633,1.025153,1.048111,1.047240,1.034222,1.044227,1.040149,1.020617,1.031767,1.028150,1.003279,1.014719,1.049683,1.047115,1.025577,1.007669,1.039108
9.029720,1.051027,1.041525,1.025525,1.015643,1.030687,1.035352,1.024166,1.022437,1.029539,1.043388,1.039433,1.024268,1.036271,1.022860,1.006721,1.020529,1.025195,1.024290,1.046712,0.992381,1.018701,1.039017,1.030536,1.025057,1.048050,1.047162,1.034141,1.044143,1.040064,1.020569,1.031725,1.028090,1.003192,1.014626,1.049589,1.047025,1.025510,1.007585,1.039114
9.038050,1.051004,1.041466,1.025456,1.015573,1.030623,1.035289,1.024103,1.022373,1.029475,1.043321,1.039368,1.024201,1.036202,1.022786,1.006634,1.020438,1.025111,1.024211,1.046617,0.992290,1.018607,1.038921,1.030441,1.024964,1.047991,1.047086,1.034061,1.044062,1.039981,1.020524,1.031684,1.028033,1.003107,1.014535,1.049497,1.046938,1.025446,1.007503,1.039119
9.046380,1.050980,1.041407,1.025388,1.015504,1.030559,1.035225,1.024040,1.022309,1.029411,1.043255,1.039302,1.024134,1.036134,1.022712,1.006547,1.020347,1.025026,1.024132,1.046522,0.992198,1.018513,1.038826,1.030346,1.024871,1.047932,1.047011,1.033982,1.043980,1.039899,1.020479,1.031643,1.027976,1.003022,1.014445,1.049404,1.046850,1.025381,1.007421,1.039125
9.054710,1.050958,1.041351,1.025321,1.015437,1.030497,1.035165,1.023979,1.022248,1.029349,1.043191,1.039239,1.024069,1.036068,1.022642,1.006463,1.020259,1.024945,1.024056,1.046429,0.992109,1.018422,1.038733,1.030254,1.024781,1.047875,1.046938,1.033905,1.043901,1.039819,1.020437,1.031605,1.027921,1.002940,1.014357,1.049314,1.046765,1.025319,1.007342,1.039131
9.063040,1.050937,1.041295,1.025255,1.015371,1.030436,1.035105,1.023919,1.022188,1.029288,1.043127,1.039177,1.024006,1.036002,1.022571,1.006379,1.020171,1.024864,1.023981,1.046338,0.992021,1.018332,1.038642,1.030162,1.024691,1.047819,1.046865,1.033829,1.043823,1.039740,1.020396,1.031567,1.027868,1.002858,1.014270,1.049225,1.046682,1.025257,1.007263,1.039138
9.071370,1.050916,1.041241,1.025191,1.015305,1.030376,1.035045,1.023859,1.022128,1.029228,1.043065,1.039116,1.023943,1.035938,1.022502,1.006296,1.020084,1.024784,1.023906,1.046247,0.991933,1.018243,1.038550,1.030072,1.024602,1.047764,1.046794,1.033754,1.043745,1.039662,1.020355,1.031530,1.027815,1.002777,1.014184,1.049137,1.046599,1.025195,1.007185,1.039144
9.079700,1.050896,1.041188,1.025128,1.015242,1.030318,1.034989,1.023803,1.022071,1.029170,1.043005,1.039057,1.023882,1.035876,1.022435,1.006216,1.020000,1.024707,1.023834,1.046159,0.991849,1.018156,1.038462,1.029984,1.024517,1.047711,1.046724,1.033681,1.043670,1.039586,1.020317,1.031496,1.027764,1.002698,1.014101,1.049050,1.046519,1.025136,1.007110,1.039151
9.088030,1.050876,1.041137,1.025067,1.015180,1.030261,1.034933,1.023746,1.022014,1.029114,1.042946,1.038999,1.023823,1.035815,1.022369,1.006137,1.019917,1.024630,1.023763,1.046071,0.991765,1.018070,1.038374,1.029897,1.024431,1.047659,1.046656,1.033610,1.043596,1.039511,1.020281,1.031462,1.027714,1.002619,1.014018,1.048965,1.046439,1.025077,1.007036,1.039158
9.096360,1.050857,1.041086,1.025006,1.015118,1.030205,1.034878,1.023691,1.021958,1.029057,1.042888,1.038941,1.023764,1.035755,1.022304,1.006059,1.019835,1.024555,1.023693,1.045985,0.991682,1.017985,1.038288,1.029811,1.024347,1.047607,1.046589,1.033539,1.043523,1.039437,1.020245,1.031429,1.027665,1.002542,1.013937,1.048880,1.046361,1.025019,1.006962,1.039166
9.104690,1.050840,1.041038,1.024948,1.015060,1.030152,1.034825,1.023638,1.021905,1.029004,1.042832,1.038887,1.023708,1.035697,1.022242,1.005983,1.019755,1.024482,1.023625,1.045901,0.991602,1.017903,1.038204,1.029728,1.024266,1.047558,1.046524,1.033470,1.043453,1.039366,1.020212,1.031398,1.027618,1.002467,1.013858,1.048798,1.046286,1.024963,1.006891,1.039173
9.113020,1.050823,1.040991,1.024891,1.015002,1.030099,1.034774,1.023586,1.021853,1.028951,1.042778,1.038833,1.023652,1.035641,1.022181,1.005909,1.019677,1.024410,1.023558,1.045819,0.991522,1.017822,1.038121,1.029646,1.024186,1.047510,1.046460,1.033403,1.043383,1.039296,1.020180,1.031368,1.027573,1.002392,1.013780,1.048716,1.046212,1.024908,1.006821,1.039181
9.121350,1.050806,1.040944,1.024834,1.014944,1.030047,1.034723,1.023535,1.021802,1.028899,1.042724,1.038780,1.023598,1.035585,1.022120,1.005835,1.019599,1.024339,1.023493,1.045737,0.991443,1.017742,1.038039,1.029565,1.024106,1.047462,1.046397,1.033336,1.043314,1.039226,1.020149,1.031338,1.027528,1.002319,1.013703,1.048635,1.046138,1.024853,1.006752,1.039189
9.129680,1.050791,1.040900,1.024780,1.014890,1.029998,1.034674,1.023487,1.021753,1.028850,1.042672,1.038730,1.023546,1.035532,1.022062,1.005764,1.019525,1.024271,1.023430,1.045658,0.991368,1.017664,1.037959,1.029486,1.024030,1.047417,1.046336,1.033273,1.043248,1.039159,1.020120,1.031311,1.027485,1.002248,1.013630,1.048557,1.046068,1.024801,1.006685,1.039198
9.138010,1.050776,1.040857,1.024728,1.014837,1.029950,1.034627,1.023439,1.021705,1.028802,1.042622,1.038680,1.023496,1.035480,1.022005,1.005694,1.019451,1.024204,1.023368,1.045580,0.991293,1.017588,1.037881,1.029409,1.023954,1.047372,1.046277,1.033210,1.043183,1.039094,1.020093,1.031285,1.027444,1.002177,1.013557,1.048479,1.045999,1.024749,1.006620,1.039206
9.146340,1.050761,1.040815,1.024676,1.014784,1.029902,1.034581,1.023392,1.021658,1.028754,1.042573,1.038632,1.023446,1.035428,1.021949,1.005625,1.019378,1.024138,1.023306,1.045503,0.991219,1.017513,1.037804,1.029333,1.023880,1.047328,1.046218,1.033148,1.043119,1.039029,1.020066,1.031259,1.027403,1.002107,1.013485,1.048402,1.045930,1.024698,1.006555,1.039215
9.154670,1.050748,1.040775,1.024627,1.014734,1.029857,1.034537,1.023348,1.021613,1.028710,1.042526,1.038586,1.023399,1.035380,1.021896,1.005559,1.019309,1.024075,1.023248,1.045429,0.991149,1.017440,1.037729,1.029259,1.023808,1.047287,1.046162,1.033089,1.043058,1.038967,1.020042,1.031236,1.027365,1.002040,1.013416,1.048328,1.045865,1.024649,1.006493,1.039224
9.163000,1.050736,1.040736,1.024578,1.014685,1.029813,1.034494,1.023305,1.021570,1.028666,1.042481,1.038542,1.023352,1.035332,1.021844,1.005494,1.019240,1.024012,1.023191,1.045356,0.991079,1.017369,1.037656,1.029187,1.023738,1.047246,1.046107,1.033031,1.042997,1.038906,1.020020,1.031214,1.027328,1.001974,1.013348,1.048255,1.045800,1.024601,1.006432,1.039234
9.171330,1.050724,1.040698,1.024531,1.014637,1.029770,1.034452,1.023262,1.021527,1.028623,1.042436,1.038498,1.023307,1.035286,1.021792,1.005430,1.019172,1.023951,1.023134,1.045284,0.991010,1.017298,1.037583,1.029116,1.023668,1.047206,1.046053,1.032973,1.042938,1.038845,1.019998,1.031193,1.027292,1.001909,1.013281,1.048182,1.045737,1.024554,1.006372,1.039243
9.179660,1.050713,1.040663,1.024486,1.014591,1.029730,1.034413,1.023223,1.021487,1.028583,1.042394,1.038457,1.023265,1.035242,1.021744,1.005370,1.019108,1.023893,1.023081,1.045216,0.990944,1.017231,1.037514,1.029048,1.023602,1.047169,1.046001,1.032919,1.042881,1.038788,1.019979,1.031173,1.027258,1.001846,1.013217,1.048113,1.045677,1.024509,1.006315,1.039253
9.187990,1.050703,1.040629,1.024443,1.014547,1.029691,1.034374,1.023184,1.021448,1.028543,1.042353,1.038417,1.023223,1.035199,1.021697,1.005310,1.019044,1.023836,1.023029,1.045148,0.990879,1.017165,1.037445,1.028981,1.023537,1.047132,1.045951,1.032866,1.042826,1.038732,1.019961,1.031155,1.027226,1.001784,1.013155,1.048044,1.045618,1.024464,1.006259,1.039263
9.196320,1.050693,1.040595,1.024400,1.014503,1.029652,1.034337,1.023146,1.021410,1.028505,1.042313,1.038377,1.023183,1.035157,1.021650,1.005251,1.018982,1.023779,1.022977,1.045081,0.990815,1.017099,1.037378,1.028914,1.023472,1.047097,1.045902,1.032813,1.042771,1.038677,1.019944,1.031138,1.027194,1.001723,1.013093,1.047976,1.045560,1.024420,1.006203,1.039273
9.204650,1.050685,1.040564,1.024360,1.014463,1.029617,1.034302,1.023111,1.021374,1.028469,1.042276,1.038341,1.023145,1.035119,1.021607,1.005195,1.018923,1.023726,1.022929,1.045017,0.990754,1.017037,1.037313,1.028852,1.023412,1.047063,1.045855,1.032764,1.042720,1.038625,1.019930,1.031123,1.027165,1.001664,1.013034,1.047910,1.045505,1.024379,1.006151,1.039283
9.212980,1.050677,1.040535,1.024321,1.014423,1.029582,1.034269,1.023077,1.021340,1.028435,1.042240,1.038306,1.023108,1.035081,1.021564,1.005141,1.018864,1.023674,1.022882,1.044955,0.990694,1.016976,1.037250,1.028790,1.023352,1.047031,1.045810,1.032716,1.042669,1.038574,1.019917,1.031109,1.027137,1.001607,1.012977,1.047846,1.045451,1.024338,1.006100,1.039294
9.221310,1.050670,1.040506,1.024283,1.014385,1.029548,1.034236,1.023044,1.021306,1.028401,1.042205,1.038271,1.023073,1.035044,1.021523,1.005087,1.018807,1.023623,1.022835,1.044893,0.990635,1.016916,1.037187,1.028729,1.023293,1.046999,1.045765,1.032668,1.042620,1.038523,1.019905,1.031095,1.027109,1.001550,1.012920,1.047782,1.045398,1.024299,1.006050,1.039304
9.229640,1.050664,1.040479,1.024248,1.014349,1.029518,1.034206,1.023014,1.021276,1.028370,1.042173,1.038240,1.023040,1.035010,1.021484,1.005037,1.018753,1.023575,1.022792,1.044835,0.990580,1.016859,1.037128,1.028671,1.023237,1.046970,1.045723,1.032624,1.042573,1.038476,1.019895,1.031084,1.027085,1.001496,1.012867,1.047721,1.045349,1.024261,1.006002,1.039315
9.237970,1.050658,1.040454,1.024214,1.014314,1.029488,1.034177,1.022984,1.021246,1.028340,1.042142,1.038209,1.023008,1.034977,1.021447,1.004987,1.018700,1.023528,1.022749,1.044778,0.990525,1.016803,1.037070,1.028615,1.023183,1.046942,1.045682,1.032580,1.042528,1.038430,1.019887,1.031074,1.027061,1.001443,1.012815,1.047662,1.045300,1.024224,1.005956,1.039326
9.246300,1.050653,1.040429,1.024181,1.014280,1.029459,1.034149,1.022956,1.021217,1.028311,1.042111,1.038179,1.022977,1.034944,1.021410,1.004939,1.018648,1.023482,1.022708,1.044721,0.990472,1.016749,1.037013,1.028559,1.023129,1.046915,1.045642,1.032538,1.042483,1.038385,1.019879,1.031065,1.027038,1.001391,1.012764,1.047603,1.045253,1.024188,1.005911,1.039338
9.254630,1.050650,1.040408,1.024150,1.014249,1.029433,1.034124,1.022930,1.021191,1.028285,1.042084,1.038153,1.022949,1.034915,1.021377,1.004894,1.018600,1.023439,1.022670,1.044668,0.990421,1.016697,1.036959,1.028508,1.023079,1.046890,1.045606,1.032498,1.042442,1.038343,1.019875,1.031058,1.027018,1.001342,1.012716,1.047547,1.045209,1.024154,1.005868,1.039349
9.262960,1.050647,1.040387,1.024121,1.014219,1.029408,1.034100,1.022906,1.021166,1.028260,1.042058,1.038127,1.022922,1.034887,1.021345,1.004850,1.018553,1.023398,1.022633,1.044617,0.990372,1.016647,1.036906,1.028457,1.023030,1.046866,1.045570,1.032460,1.042401,1.038302,1.019871,1.031052,1.026999,1.001293,1.012669,1.047491,1.045165,1.024121,1.005827,1.039361
9.271290,1.050644,1.040367,1.024093,1.014190,1.029383,1.034077,1.022882,1.021142,1.028235,1.042032,1.038102,1.022896,1.034860,1.021313,1.004807,1.018506,1.023357,1.022596,1.044566,0.990324,1.016598,1.036855,1.028407,1.022982,1.046843,1.045535,1.032423,1.042362,1.038262,1.019869,1.031047,1.026981,1.001245,1.012623,1.047437,1.045123,1.024089,1.005787,1.039372
9.279620,1.050643,1.040350,1.024067,1.014164,1.029362,1.034056,1.022861,1.021121,1.028214,1.042010,1.038081,1.022873,1.034836,1.021285,1.004767,1.018464,1.023320,1.022564,1.044519,0.990279,1.016552,1.036806,1.028360,1.022937,1.046822,1.045503,1.032388,1.042325,1.038225,1.019869,1.031044,1.026965,1.001201,1.012581,1.047386,1.045085,1.024059,1.005750,1.039385
9.287950,1.050642,1.040334,1.024043,1.014139,1.029342,1.034037,1.022841,1.021100,1.028193,1.041988,1.038060,1.022851,1.034813,1.021257,1.004729,1.018422,1.023283,1.022531,1.044472,0.990235,1.016507,1.036759,1.028315,1.022894,1.046802,1.045472,1.032355,1.042290,1.038189,1.019870,1.031042,1.026950,1.001157,1.012540,1.047335,1.045047,1.024030,1.005713,1.039397
9.296280,1.050642,1.040318,1.024019,1.014115,1.029322,1.034018,1.022822,1.021081,1.028174,1.041967,1.038040,1.022830,1.034790,1.021231,1.004691,1.018381,1.023248,1.022500,1.044427,0.990192,1.016463,1.036712,1.028270,1.022851,1.046783,1.045442,1.032323,1.042256,1.038154,1.019872,1.031041,1.026936,1.001114,1.012500,1.047286,1.045010,1.024002,1.005678,1.039409
9.304610,1.050643,1.040306,1.023999,1.014094,1.029305,1.034003,1.022806,1.021064,1.028157,1.041950,1.038023,1.022812,1.034771,1.021208,1.004657,1.018344,1.023216,1.022473,1.044385,0.990152,1.016423,1.036669,1.028229,1.022813,1.046766,1.045415,1.032294,1.042225,1.038123,1.019877,1.031042,1.026925,1.001074,1.012463,1.047239,1.044977,1.023976,1.005646,1.039421
9.312940,1.050645,1.040294,1.023979,1.014074,1.029290,1.033988,1.022790,1.021049,1.028141,1.041933,1.038007,1.022795,1.034753,1.021185,1.004624,1.018307,1.023185,1.022446,1.044344,0.990114,1.016383,1.036627,1.028189,1.022775,1.046751,1.045389,1.032265,1.042195,1.038092,1.019883,1.031044,1.026915,1.001035,1.012427,1.047193,1.044945,1.023951,1.005615,1.039434
9.321270,1.050646,1.040283,1.023960,1.014054,1.029275,1.033974,1.022776,1.021034,1.028126,1.041918,1.037991,1.022778,1.034736,1.021164,1.004592,1.018272,1.023155,1.022420,1.044304,0.990076,1.016345,1.036586,1.028150,1.022738,1.046736,1.045364,1.032238,1.042166,1.038063,1.019890,1.031047,1.026905,1.000997,1.012392,1.047149,1.044914,1.023926,1.005585,1.039446
9.329600,1.050650,1.040275,1.023945,1.014038,1.029263,1.033963,1.022764,1.021022,1.028114,1.041905,1.037979,1.022765,1.034721,1.021146,1.004563,1.018240,1.023128,1.022397,1.044268,0.990042,1.016310,1.036549,1.028115,1.022705,1.046724,1.045342,1.032214,1.042140,1.038036,1.019899,1.031052,1.026899,1.000962,1.012361,1.047107,1.044886,1.023904,1.005558,1.039459
9.337930,1.050654,1.040268,1.023930,1.014023,1.029252,1.033953,1.022754,1.021011,1.028103,1.041893,1.037968,1.022753,1.034708,1.021129,1.004536,1.018209,1.023103,1.022376,1.044233,0.990009,1.016276,1.036512,1.028081,1.022672,1.046712,1.045321,1.032191,1.042115,1.038011,1.019910,1.031058,1.026893,1.000927,1.012331,1.047066,1.044859,1.023883,1.005532,1.039472
9.346260,1.050658,1.040261,1.023916,1.014008,1.029242,1.033944,1.022744,1.021001,1.028093,1.041882,1.037958,1.022741,1.034695,1.021112,1.004509,1.018180,1.023078,1.022355,1.044199,0.989977,1.016243,1.036476,1.028047,1.022641,1.046701,1.045301,1.032169,1.042091,1.037987,1.019921,1.031064,1.026887,1.000893,1.012302,1.047026,1.044834,1.023862,1.005507,1.039485
9.354590,1.050664,1.040257,1.023905,1.013997,1.029235,1.033938,1.022737,1.020994,1.028086,1.041874,1.037950,1.022733,1.034686,1.021099,1.004486,1.018153,1.023057,1.022337,1.044168,0.989948,1.016214,1.036444,1.028018,1.022613,1.046693,1.045284,1.032150,1.042070,1.037965,1.019935,1.031073,1.026885,1.000863,1.012276,1.046989,1.044811,1.023844,1.005485,1.039498
9.362920,1.050670,1.040255,1.023895,1.013986,1.029229,1.033932,1.022731,1.020987,1.028080,1.041867,1.037944,1.022725,1.034677,1.021087,1.004463,1.018128,1.023036,1.022321,1.044138,0.989921,1.016186,1.036413,1.027989,1.022587,1.046686,1.045267,1.032132,1.042050,1.037945,1.019951,1.031083,1.026883,1.000833,1.012251,1.046953,1.044790,1.023826,1.005464,1.039512
9.371250,1.050676,1.040253,1.023886,1.013977,1.029223,1.033928,1.022726,1.020982,1.028074,1.041861,1.037938,1.022719,1.034670,1.021075,1.004442,1.018104,1.023017,1.022305,1.044110,0.989894,1.016158,1.036383,1.027961,1.022561,1.046679,1.045252,1.032115,1.042031,1.037926,1.019966,1.031094,1.026882,1.000804,1.012228,1.046918,1.044770,1.023810,1.005445,1.039525
9.379580,1.050684,1.040253,1.023880,1.013970,1.029221,1.033926,1.022724,1.020979,1.028071,1.041858,1.037935,1.022715,1.034665,1.021067,1.004424,1.018083,1.023001,1.022293,1.044085,0.989871,1.016135,1.036356,1.027937,1.022539,1.046675,1.045240,1.032101,1.042016,1.037910,1.019985,1.031107,1.026884,1.000779,1.012208,1.046886,1.044753,1.023795,1.005428,1.039539
9.387910,1.050692,1.040255,1.023875,1.013964,1.029219,1.033925,1.022722,1.020977,1.028069,1.041855,1.037933,1.022712,1.034661,1.021060,1.004407,1.018064,1.022986,1.022281,1.044061,0.989848,1.016112,1.036330,1.027913,1.022518,1.046672,1.045229,1.032088,1.042001,1.037895,1.020004,1.031120,1.026887,1.000754,1.012188,1.046855,1.044737,1.023782,1.005412,1.039552
9.396240,1.050701,1.040257,1.023870,1.013959,1.029218,1.033925,1.022721,1.020976,1.028068,1.041854,1.037932,1.022710,1.034658,1.021053,1.004391,1.018045,1.022972,1.022271,1.044037,0.989827,1.016090,1.036305,1.027891,1.022498,1.046669,1.045218,1.032076,1.041987,1.037881,1.020025,1.031134,1.026890,1.000730,1.012170,1.046824,1.044722,1.023769,1.005397,1.039566
9.404570,1.050711,1.040262,1.023869,1.013957,1.029220,1.033928,1.022724,1.020978,1.028070,1.041855,1.037934,1.022711,1.034658,1.021050,1.004379,1.018030,1.022961,1.022263,1.044018,0.989809,1.016072,1.036284,1.027872,1.022481,1.046669,1.045211,1.032067,1.041977,1.037870,1.020047,1.031151,1.026895,1.000709,1.012155,1.046797,1.044710,1.023758,1.005386,1.039580
9.412900,1.050721,1.040268,1.023868,1.013956,1.029223,1.033932,1.022726,1.020981,1.028073,1.041857,1.037937,1.022713,1.034659,1.021047,1.004367,1.018015,1.022951,1.022257,1.043999,0.989792,1.016054,1.036263,1.027855,1.022465,1.046670,1.045204,1.032059,1.041967,1.037860,1.020071,1.031168,1.026902,1.000688,1.012142,1.046771,1.044700,1.023748,1.005375,1.039593
9.421230,1.050732,1.040275,1.023868,1.013956,1.029227,1.033936,1.022730,1.020984,1.028076,1.041860,1.037940,1.022715,1.034661,1.021046,1.004357,1.018002,1.022942,1.022251,1.043982,0.989776,1.016038,1.036244,1.027838,1.022451,1.046671,1.045198,1.032051,1.041958,1.037851,1.020096,1.031186,1.026909,1.000669,1.012129,1.046745,1.044690,1.023739,1.005365,1.039607
9.429560,1.050744,1.040284,1.023871,1.013958,1.029233,1.033943,1.022737,1.020990,1.028083,1.041866,1.037946,1.022720,1.034665,1.021047,1.004350,1.017992,1.022936,1.022249,1.043968,0.989764,1.016025,1.036228,1.027824,1.022440,1.046675,1.045196,1.032047,1.041953,1.037845,1.020123,1.031206,1.026919,1.000652,1.012120,1.046723,1.044684,1.023732,1.005359,1.039621
9.437890,1.050756,1.040294,1.023875,1.013962,1.029240,1.033951,1.022744,1.020997,1.028090,1.041873,1.037953,1.022727,1.034671,1.021049,1.004343,1.017983,1.022932,1.022248,1.043954,0.989752,1.016013,1.036213,1.027812,1.022430,1.046679,1.045194,1.032044,1.041948,1.037840,1.020151,1.031227,1.026929,1.000637,1.012111,1.046701,1.044678,1.023725,1.005353,1.039635
9.446220,1.050769,1.040305,1.023880,1.013966,1.029248,1.033960,1.022752,1.021005,1.028097,1.041880,1.037961,1.022734,1.034677,1.021052,1.004338,1.017975,1.022928,1.022247,1.043942,0.989741,1.016001,1.036198,1.027800,1.022420,1.046685,1.045193,1.032042,1.041945,1.037837,1.020180,1.031248,1.026940,1.000622,1.012104,1.046680,1.044674,1.023720,1.005348,1.039649
9.454550,1.050783,1.040318,1.023887,1.013973,1.029259,1.033971,1.022763,1.021015,1.028108,1.041890,1.037972,1.022743,1.034686,1.021058,1.004336,1.017971,1.022927,1.022249,1.043934,0.989734,1.015994,1.036188,1.027793,1.022415,1.046692,1.045195,1.032043,1.041944,1.037836,1.020211,1.031271,1.026954,1.000610,1.012100,1.046662,1.044672,1.023716,1.005346,1.039664
9.462880,1.050797,1.040332,1.023896,1.013981,1.029270,1.033984,1.022774,1.021027,1.028119,1.041901,1.037983,1.022754,1.034696,1.021065,1.004335,1.017967,1.022928,1.022253,1.043926,0.989728,1.015987,1.036178,1.027785,1.022410,1.046700,1.045198,1.032045,1.041944,1.037836,1.020243,1.031296,1.026968,1.000599,1.012097,1.046645,1.044672,1.023714,1.005346,1.039678
9.471210,1.050812,1.040347,1.023905,1.013990,1.029282,1.033997,1.022787,1.021039,1.028131,1.041913,1.037995,1.022765,1.034706,1.021073,1.004334,1.017965,1.022929,1.022257,1.043919,0.989722,1.015981,1.036169,1.027779,1.022406,1.046710,1.045201,1.032047,1.041946,1.037837,1.020276,1.031320,1.026983,1.000589,1.012095,1.046629,1.044673,1.023712,1.005346,1.039692
9.479540,1.050828,1.040365,1.023917,1.014001,1.029297,1.034012,1.022801,1.021053,1.028146,1.041927,1.038010,1.022779,1.034720,1.021084,1.004337,1.017965,1.022933,1.022264,1.043916,0.989720,1.015979,1.036163,1.027777,1.022406,1.046721,1.045208,1.032053,1.041950,1.037841,1.020311,1.031347,1.027000,1.000582,1.012096,1.046616,1.044677,1.023712,1.005349,1.039706
9.487870,1.050844,1.040383,1.023930,1.014014,1.029313,1.034029,1.022817,1.021069,1.028161,1.041943,1.038025,1.022794,1.034734,1.021095,1.004341,1.017967,1.022939,1.022272,1.043913,0.989719,1.015977,1.036158,1.027775,1.022406,1.046733,1.045215,1.032059,1.041955,1.037846,1.020347,1.031374,1.027018,1.000575,1.012099,1.046604,1.044681,1.023713,1.005353,1.039721
9.496200,1.050861,1.040402,1.023943,1.014027,1.029329,1.034046,1.022833,1.021084,1.028177,1.041959,1.038042,1.022810,1.034749,1.021107,1.004346,1.017970,1.022945,1.022281,1.043911,0.989719,1.015977,1.036154,1.027774,1.022407,1.046746,1.045224,1.032066,1.041961,1.037852,1.020384,1.031402,1.027036,1.000569,1.012102,1.046592,1.044687,1.023714,1.005358,1.039735
9.504530,1.050878,1.040423,1.023959,1.014042,1.029348,1.034065,1.022852,1.021103,1.028196,1.041977,1.038061,1.022828,1.034766,1.021122,1.004354,1.017975,1.022954,1.022293,1.043913,0.989722,1.015979,1.036154,1.027776,1.022412,1.046761,1.045235,1.032076,1.041970,1.037861,1.020423,1.031432,1.027057,1.000567,1.012108,1.046584,1.044696,1.023718,1.005366,1.039749
9.512860,1.050897,1.040445,1.023976,1.014059,1.029368,1.034085,1.022872,1.021122,1.028216,1.041996,1.038080,1.022847,1.034784,1.021138,1.004363,1.017982,1.022964,1.022306,1.043916,0.989726,1.015983,1.036154,1.027779,1.022418,1.046777,1.045246,1.032087,1.041980,1.037871,1.020463,1.031463,1.027078,1.000565,1.012116,1.046576,1.044705,1.023722,1.005375,1.039764
9.521190,1.050915,1.040468,1.023994,1.014076,1.029388,1.034106,1.022892,1.021142,1.028236,1.042016,1.038100,1.022867,1.034803,1.021155,1.004373,1.017990,1.022975,1.022320,1.043920,0.989730,1.015987,1.036155,1.027784,1.022424,1.046793,1.045259,1.032099,1.041991,1.037881,1.020504,1.031494,1.027100,1.000563,1.012124,1.046569,1.044716,1.023727,1.005384,1.039778
9.529520,1.050935,1.040493,1.024014,1.014096,1.029411,1.034130,1.022915,1.021165,1.028258,1.042039,1.038123,1.022889,1.034825,1.021174,1.004386,1.018001,1.022989,1.022336,1.043927,0.989739,1.015995,1.036159,1.027791,1.022434,1.046811,1.045274,1.032114,1.042005,1.037895,1.020546,1.031526,1.027124,1.000565,1.012136,1.046565,1.044729,1.023734,1.005397,1.039792
9.537850,1.050955,1.040519,1.024035,1.014117,1.029434,1.034154,1.022938,1.021188,1.028282,1.042062,1.038147,1.022912,1.034847,1.021194,1.004399,1.018012,1.023004,1.022353,1.043935,0.989747,1.016003,1.036165,1.027799,1.022445,1.046831,1.045291,1.032129,1.042019,1.037910,1.020590,1.031560,1.027149,1.000568,1.012148,1.046561,1.044744,1.023742,1.005410,1.039807
9.546180,1.050975,1.040545,1.024057,1.014138,1.029458,1.034179,1.022962,1.021212,1.028306,1.042086,1.038171,1.022935,1.034870,1.021215,1.004414,1.018025,1.023020,1.022371,1.043943,0.989757,1.016013,1.036171,1.027809,1.022457,1.046851,1.045308,1.032146,1.042035,1.037925,1.020634,1.031594,1.027174,1.000571,1.012161,1.046559,1.044759,1.023750,1.005425,1.039821
9.554510,1.050996,1.040574,1.024081,1.014162,1.029485,1.034206,1.022989,1.021238,1.028332,1.042112,1.038197,1.022961,1.034896,1.021238,1.004431,1.018041,1.023039,1.022392,1.043955,0.989770,1.016026,1.036180,1.027821,1.022471,1.046873,1.045327,1.032165,1.042053,1.037943,1.020681,1.031629,1.027201,1.000577,1.012178,1.046559,1.044777,1.023760,1.005442,1.039836
9.562840,1.051018,1.040604,1.024106,1.014186,1.029512,1.034234,1.023016,1.021265,1.028359,1.042139,1.038225,1.022988,1.034922,1.021262,1.004450,1.018057,1.023058,1.022414,1.043968,0.989784,1.016039,1.036190,1.027834,1.022487,1.046895,1.045347,1.032185,1.042072,1.037962,1.020728,1.031666,1.027229,1.000583,1.012195,1.046560,1.044796,1.023771,1.005460,1.039850
9.571170,1.051039,1.040634,1.024132,1.014211,1.029540,1.034262,1.023044,1.021292,1.028387,1.042167,1.038253,1.023015,1.034949,1.021287,1.004469,1.018075,1.023078,1.022436,1.043982,0.989799,1.016053,1.036201,1.027848,1.022504,1.046918,1.045369,1.032205,1.042092,1.037982,1.020776,1.031702,1.027257,1.000591,1.012213,1.046562,1.044816,1.023783,1.005478,1.039864
9.579500,1.051062,1.040666,1.024160,1.014239,1.029570,1.034293,1.023074,1.021322,1.028417,1.042197,1.038283,1.023045,1.034978,1.021315,1.004491,1.018095,1.023101,1.022462,1.043999,0.989816,1.016071,1.036215,1.027865,1.022523,1.046944,1.045392,1.032229,1.042114,1.038005,1.020826,1.031741,1.027287,1.000601,1.012235,1.046567,1.044839,1.023796,1.005500,1.039879
9.587830,1.051085,1.040699,1.024189,1.014267,1.029601,1.034324,1.023104,1.021352,1.028447,1.042227,1.038314,1.023075,1.035008,1.021343,1.004514,1.018117,1.023125,1.022488,1.044016,0.989835,1.016089,1.036229,1.027883,1.022544,1.046970,1.045417,1.032253,1.042138,1.038028,1.020876,1.031780,1.027318,1.000612,1.012257,1.046572,1.044863,1.023810,1.005522,1.039893
9.596160,1.051109,1.040733,1.024219,1.014296,1.029632,1.034356,1.023135,1.021383,1.028478,1.042259,1.038345,1.023106,1.035038,1.021371,1.004537,1.018139,1.023150,1.022514,1.044035,0.989854,1.016108,1.036245,1.027902,1.022565,1.046996,1.045442,1.032278,1.042162,1.038052,1.020927,1.031819,1.027349,1.000623,1.012280,1.046578,1.044887,1.023825,1.005546,1.039907
9.604490,1.051133,1.040768,1.024251,1.014328,1.029666,1.034390,1.023169,1.021417,1.028512,1.042292,1.038379,1.023140,1.035071,1.021403,1.004564,1.018164,1.023178,1.022543,1.044057,0.989877,1.016130,1.036263,1.027924,1.022589,1.047024,1.045469,1.032305,1.042189,1.038079,1.020980,1.031860,1.027383,1.000638,1.012306,1.046587,1.044914,1.023841,1.005571,1.039921
9.612820,1.051158,1.040804,1.024283,1.014360,1.029700,1.034425,1.023203,1.021450,1.028546,1.042326,1.038413,1.023173,1.035105,1.021434,1.004591,1.018190,1.023206,1.022573,1.044079,0.989900,1.016152,1.036282,1.027946,1.022614,1.047053,1.045498,1.032333,1.042217,1.038107,1.021034,1.031901,1.027416,1.000653,1.012333,1.046596,1.044942,1.023858,1.005598,1.039935
9.621150,1.051183,1.040841,1.024316,1.014392,1.029735,1.034461,1.023237,1.021485,1.028580,1.042361,1.038448,1.023208,1.035139,1.021467,1.004619,1.018216,1.023235,1.022604,1.044102,0.989924,1.016176,1.036303,1.027970,1.022640,1.047083,1.045527,1.032362,1.042245,1.038136,1.021089,1.031943,1.027450,1.000668,1.012361,1.046606,1.044971,1.023876,1.005625,1.039949
9.629480,1.051209,1.040880,1.024352,1.014427,1.029772,1.034498,1.023274,1.021521,1.028617,1.042397,1.038485,1.023244,1.035175,1.021502,1.004650,1.018246,1.023266,1.022637,1.044128,0.989951,1.016202,1.036325,1.027996,1.022669,1.047114,1.045558,1.032394,1.042276,1.038167,1.021145,1.031986,1.027486,1.000687,1.012391,1.046619,1.045002,1.023895,1.005655,1.039964
9.637810,1.051234,1.040919,1.024387,1.014462,1.029809,1.034535,1.023311,1.021558,1.028654,1.042434,1.038522,1.023281,1.035211,1.021537,1.004681,1.018275,1.023298,1.022671,1.044155,0.989977,1.016229,1.036348,1.028022,1.022698,1.047146,1.045590,1.032425,1.042307,1.038198,1.021201,1.032030,1.027522,1.000705,1.012422,1.046632,1.045034,1.023915,1.005685,1.039977
9.646140,1.051261,1.040960,1.024425,1.014499,1.029848,1.034575,1.023349,1.021596,1.028692,1.042473,1.038561,1.023320,1.035250,1.021574,1.004714,1.018308,1.023332,1.022706,1.044184,0.990007,1.016258,1.036374,1.028051,1.022729,1.047179,1.045624,1.032459,1.042341,1.038232,1.021259,1.032074,1.027560,1.000726,1.012456,1.046648,1.045068,1.023936,1.005718,1.039992
9.654470,1.051288,1.041002,1.024463,1.014537,1.029887,1.034615,1.023389,1.021635,1.028732,1.042513,1.038600,1.023359,1.035289,1.021612,1.004749,1.018341,1.023367,1.022743,1.044214,0.990038,1.016288,1.036401,1.028081,1.022762,1.047213,1.045658,1.032494,1.042375,1.038266,1.021318,1.032120,1.027598,1.000747,1.012490,1.046664,1.045103,1.023958,1.005751,1.040005
9.662800,1.051315,1.041044,1.024502,1.014575,1.029927,1.034655,1.023428,1.021675,1.028772,1.042553,1.038641,1.023399,1.035328,1.021650,1.004784,1.018375,1.023403,1.022780,1.044245,0.990069,1.016319,1.036428,1.028112,1.022795,1.047248,1.045693,1.032529,1.042410,1.038302,1.021377,1.032165,1.027637,1.000770,1.012525,1.046681,1.045138,1.023980,1.005786,1.040019
9.671130,1.051343,1.041087,1.024543,1.014615,1.029969,1.034698,1.023470,1.021716,1.028813,1.042594,1.038683,1.023441,1.035370,1.021691,1.004821,1.018411,1.023441,1.022819,1.044278,0.990103,1.016352,1.036458,1.028145,1.022831,1.047283,1.045731,1.032567,1.042448,1.038339,1.021438,1.032212,1.027677,1.000794,1.012563,1.046700,1.045177,1.024004,1.005822,1.040033
9.679460,1.051371,1.041132,1.024584,1.014656,1.030012,1.034741,1.023512,1.021758,1.028856,1.042637,1.038725,1.023483,1.035412,1.021732,1.004859,1.018448,1.023480,1.022859,1.044312,0.990138,1.016386,1.036488,1.028179,1.022867,1.047320,1.045769,1.032605,1.042486,1.038378,1.021500,1.032259,1.027717,1.000820,1.012601,1.046720,1.045215,1.024028,1.005859,1.040046
9.687790,1.051399,1.041177,1.024627,1.014698,1.030055,1.034784,1.023555,1.021801,1.028898,1.042680,1.038768,1.023526,1.035455,1.021774,1.004898,1.018486,1.023520,1.022900,1.044347,0.990173,1.016421,1.036520,1.028214,1.022905,1.047357,1.045808,1.032644,1.042525,1.038417,1.021562,1.032307,1.027758,1.000846,1.012641,1.046741,1.045255,1.024053,1.005897,1.040060
9.696120,1.051429,1.041223,1.024671,1.014741,1.030099,1.034829,1.023600,1.021845,1.028943,1.042725,1.038813,1.023571,1.035499,1.021818,1.004939,1.018527,1.023562,1.022943,1.044385,0.990211,1.016459,1.036554,1.028252,1.022945,1.047396,1.045848,1.032685,1.042566,1.038458,1.021625,1.032356,1.027801,1.000874,1.012683,1.046764,1.045297,1.024080,1.005937,1.040073
9.704450,1.051458,1.041271,1.024715,1.014785,1.030145,1.034875,1.023645,1.021890,1.028988,1.042770,1.038859,1.023616,1.035544,1.021862,1.004981,1.018568,1.023604,1.022987,1.044424,0.990250,1.016497,1.036588,1.028290,1.022985,1.047435,1.045890,1.032727,1.042608,1.038501,1.021689,1.032405,1.027844,1.000903,1.012725,1.046787,1.045339,1.024107,1.005979,1.040087
9.712780,1.051487,1.041318,1.024760,1.014830,1.030191,1.034921,1.023690,1.021935,1.029034,1.042816,1.038905,1.023662,1.035590,1.021907,1.005024,1.018610,1.023648,1.023031,1.044463,0.990290,1.016536,1.036624,1.028329,1.023027,1.047475,1.045932,1.032770,1.042651,1.038543,1.021754,1.032455,1.027887,1.000932,1.012769,1.046812,1.045383,1.024134,1.006020,1.040100
9.721110,1.051517,1.041367,1.024807,1.014876,1.030238,1.034969,1.023737,1.021982,1.029081,1.042864,1.038952,1.023709,1.035637,1.021954,1.005069,1.018654,1.023693,1.023077,1.044505,0.990332,1.016577,1.036662,1.028370,1.023071,1.047516,1.045976,1.032814,1.042695,1.038588,1.021819,1.032505,1.027932,1.000964,1.012815,1.046838,1.045428,1.024163,1.006064,1.040113
9.729440,1.051548,1.041417,1.024855,1.014923,1.030286,1.035017,1.023785,1.022030,1.029129,1.042912,1.039001,1.023757,1.035685,1.022002,1.005115,1.018699,1.023739,1.023124,1.044547,0.990375,1.016619,1.036700,1.028412,1.023115,1.047558,1.046020,1.032859,1.042741,1.038634,1.021886,1.032556,1.027977,1.000997,1.012861,1.046865,1.045475,1.024192,1.006109,1.040126
9.737770,1.051578,1.041467,1.024903,1.014970,1.030335,1.035066,1.023833,1.022078,1.029177,1.042960,1.039049,1.023806,1.035733,1.022050,1.005161,1.018745,1.023786,1.023172,1.044590,0.990418,1.016662,1.036739,1.028455,1.023160,1.047600,1.046065,1.032905,1.042787,1.038680,1.021952,1.032608,1.028022,1.001030,1.012909,1.046893,1.045521,1.024222,1.006154,1.040139
9.746100,1.051609,1.041519,1.024952,1.015019,1.030385,1.035117,1.023883,1.022127,1.029227,1.043010,1.039099,1.023856,1.035784,1.022099,1.005209,1.018793,1.023835,1.023221,1.044636,0.990464,1.016707,1.036781,1.028500,1.023208,1.047643,1.046112,1.032953,1.042835,1.038729,1.022020,1.032660,1.028069,1.001065,1.012959,1.046923,1.045570,1.024253,1.006201,1.040152
9.754430,1.051640,1.041571,1.025003,1.015069,1.030435,1.035167,1.023933,1.022177,1.029278,1.043061,1.039150,1.023907,1.035834,1.022150,1.005258,1.018842,1.023884,1.023271,1.044682,0.990510,1.016753,1.036823,1.028545,1.023256,1.047687,1.046160,1.033001,1.042883,1.038778,1.022089,1.032713,1.028116,1.001101,1.013009,1.046954,1.045620,1.024285,1.006249,1.040164
9.762760,1.051672,1.041624,1.025053,1.015119,1.030486,1.035219,1.023983,1.022227,1.029328,1.043112,1.039201,1.023958,1.035885,1.022201,1.005308,1.018891,1.023934,1.023321,1.044729,0.990558,1.016799,1.036866,1.028592,1.023305,1.047731,1.046208,1.033050,1.042933,1.038828,1.022158,1.032766,1.028164,1.001137,1.013060,1.046985,1.045670,1.024317,1.006297,1.040177
9.771090,1.051703,1.041677,1.025106,1.015171,1.030539,1.035271,1.024035,1.022279,1.029381,1.043165,1.039254,1.024010,1.035938,1.022253,1.005360,1.018942,1.023986,1.023374,1.044778,0.990607,1.016847,1.036911,1.028640,1.023356,1.047777,1.046258,1.033100,1.042984,1.038879,1.022228,1.032820,1.028213,1.001176,1.013114,1.047019,1.045723,1.024350,1.006348,1.040189
9.779420,1.051735,1.041732,1.025158,1.015223,1.030592,1.035325,1.024088,1.022332,1.029433,1.043218,1.039307,1.024064,1.035991,1.022306,1.005412,1.018994,1.024039,1.023427,1.044828,0.990657,1.016897,1.036956,1.028689,1.023408,1.047823,1.046308,1.033152,1.043036,1.038931,1.022298,1.032874,1.028262,1.001215,1.013168,1.047053,1.045775,1.024384,1.006399,1.040201
9.787750,1.051767,1.041786,1.025212,1.015275,1.030645,1.035378,1.024141,1.022384,1.029486,1.043271,1.039360,1.024117,1.036044,1.022360,1.005465,1.019047,1.024092,1.023480,1.044879,0.990708,1.016946,1.037002,1.028739,1.023460,1.047869,1.046359,1.033203,1.043088,1.038984,1.022369,1.032929,1.028311,1.001254,1.013222,1.047087,1.045829,1.024418,1.006451,1.040213
9.796080,1.051800,1.041842,1.025266,1.015329,1.030700,1.035433,1.024195,1.022439,1.029541,1.043326,1.039415,1.024172,1.036099,1.022415,1.005519,1.019102,1.024147,1.023536,1.044932,0.990761,1.016998,1.037051,1.028791,1.023515,1.047917,1.046412,1.033257,1.043142,1.039039,1.022440,1.032984,1.028362,1.001296,1.013279,1.047124,1.045884,1.024453,1.006504,1.040225
9.804410,1.051833,1.041899,1.025322,1.015384,1.030755,1.035488,1.024250,1.022493,1.029596,1.043381,1.039471,1.024227,1.036154,1.022470,1.005575,1.019157,1.024203,1.023591,1.044985,0.990814,1.017051,1.037100,1.028843,1.023569,1.047965,1.046465,1.033311,1.043197,1.039094,1.022513,1.033040,1.028413,1.001338,1.013337,1.047161,1.045940,1.024489,1.006558,1.040237
9.812740,1.051866,1.041956,1.025377,1.015439,1.030810,1.035544,1.024305,1.022548,1.029651,1.043437,1.039526,1.024283,1.036210,1.022526,1.005631,1.019213,1.024259,1.023647,1.045039,0.990869,1.017104,1.037149,1.028896,1.023625,1.048013,1.046519,1.033366,1.043252,1.039150,1.022585,1.033096,1.028464,1.001381,1.013395,1.047198,1.045997,1.024525,1.006613,1.040249
9.821070,1.051899,1.042013,1.025434,1.015495,1.030867,1.035601,1.024361,1.022604,1.029708,1.043494,1.039583,1.024340,1.036267,1.022584,1.005688,1.019270,1.024317,1.023705,1.045095,0.990925,1.017159,1.037201,1.028952,1.023683,1.048062,1.046574,1.033422,1.043309,1.039207,1.022659,1.033153,1.028516,1.001426,1.013455,1.047238,1.046055,1.024562,1.006669,1.040260
9.829400,1.051932,1.042072,1.025492,1.015552,1.030924,1.035659,1.024418,1.022661,1.029765,1.043551,1.039641,1.024398,1.036325,1.022642,1.005747,1.019329,1.024375,1.023764,1.045152,0.990981,1.017214,1.037253,1.029007,1.023741,1.048112,1.046629,1.033478,1.043367,1.039265,1.022732,1.033210,1.028569,1.001471,1.013516,1.047278,1.046114,1.024600,1.006726,1.040272
9.837730,1.051966,1.042130,1.025549,1.015609,1.030982,1.035716,1.024475,1.022718,1.029822,1.043609,1.039699,1.024456,1.036383,1.022700,1.005805,1.019388,1.024434,1.023822,1.045209,0.991039,1.017270,1.037305,1.029063,1.023799,1.048162,1.046685,1.033536,1.043425,1.039324,1.022806,1.033267,1.028622,1.001516,1.013577,1.047318,1.046174,1.024637,1.006784,1.040283
9.846060,1.051999,1.042190,1.025609,1.015668,1.031041,1.035775,1.024533,1.022776,1.029881,1.043668,1.039758,1.024515,1.036442,1.022760,1.005866,1.019448,1.024495,1.023883,1.045268,0.991098,1.017328,1.037360,1.029121,1.023860,1.048213,1.046743,1.033594,1.043485,1.039384,1.022881,1.033325,1.028676,1.001564,1.013640,1.047361,1.046235,1.024676,1.006843,1.040294
9.854390,1.052033,1.042250,1.025668,1.015727,1.031100,1.035835,1.024592,1.022835,1.029940,1.043727,1.039817,1.024574,1.036502,1.022820,1.005927,1.019509,1.024556,1.023944,1.045328,0.991158,1.017387,1.037415,1.029180,1.023921,1.048265,1.046801,1.033653,1.043545,1.039445,1.022956,1.033384,1.028730,1.001611,1.013704,1.047403,1.046296,1.024715,1.006902,1.040305
9.862720,1.052067,1.042310,1.025728,1.015786,1.031159,1.035894,1.024651,1.022893,1.029999,1.043787,1.039877,1.024634,1.036562,1.022881,1.005988,1.019571,1.024617,1.024005,1.045389,0.991218,1.017446,1.037470,1.029239,1.023983,1.048317,1.046859,1.033713,1.043605,1.039506,1.023032,1.033442,1.028785,1.001660,1.013768,1.047447,1.046358,1.024755,1.006963,1.040315
9.871050,1.052101,1.042371,1.025789,1.015847,1.031220,1.035955,1.024711,1.022953,1.030059,1.043848,1.039937,1.024695,1.036623,1.022942,1.006051,1.019635,1.024680,1.024067,1.045451,0.991280,1.017507,1.037528,1.029300,1.024046,1.048369,1.046919,1.033774,1.043668,1.039569,1.023108,1.033501,1.028840,1.001710,1.013835,1.047492,1.046422,1.024795,1.007024,1.040326
9.879380,1.052135,1.042433,1.025850,1.015908,1.031281,1.036016,1.024771,1.023014,1.030120,1.043909,1.039999,1.024756,1.036684,1.023005,1.006115,1.019698,1.024744,1.024130,1.045514,0.991343,1.017568,1.037586,1.029361,1.024110,1.048422,1.046979,1.033836,1.043730,1.039632,1.023184,1.033561,1.028896,1.001760,1.013901,1.047537,1.046486,1.024836,1.007086,1.040336
9.887710,1.052170,1.042495,1.025912,1.015969,1.031342,1.036077,1.024832,1.023074,1.030181,1.043971,1.040060,1.024818,1.036746,1.023067,1.006179,1.019763,1.024808,1.024194,1.045577,0.991406,1.017630,1.037644,1.029423,1.024174,1.048476,1.047039,1.033897,1.043793,1.039696,1.023261,1.033621,1.028952,1.001811,1.013969,1.047583,1.046551,1.024877,1.007149,1.040346
9.896040,1.052204,1.042558,1.025975,1.016031,1.031404,1.036140,1.024894,1.023136,1.030243,1.044033,1.040123,1.024881,1.036809,1.023131,1.006244,1.019829,1.024873,1.024259,1.045642,0.991471,1.017693,1.037704,1.029487,1.024240,1.048530,1.047101,1.033961,1.043858,1.039761,1.023338,1.033681,1.029009,1.001864,1.014038,1.047631,1.046617,1.024919,1.007213,1.040357
9.904370,1.052239,1.042620,1.026038,1.016094,1.031467,1.036202,1.024956,1.023198,1.030306,1.044096,1.040186,1.024944,1.036873,1.023195,1.006310,1.019895,1.024939,1.024324,1.045707,0.991537,1.017757,1.037764,1.029551,1.024307,1.048584,1.047163,1.034024,1.043922,1.039826,1.023415,1.033741,1.029066,1.001917,1.014107,1.047679,1.046684,1.024961,1.007278,1.040366
9.912700,1.052274,1.042684,1.026101,1.016157,1.031530,1.036265,1.025018,1.023260,1.030368,1.044159,1.040249,1.025007,1.036936,1.023260,1.006377,1.019962,1.025005,1.024389,1.045773,0.991603,1.017821,1.037825,1.029615,1.024374,1.048639,1.047226,1.034088,1.043988,1.039892,1.023493,1.033802,1.029123,1.001970,1.014177,1.047727,1.046750,1.025003,1.007342,1.040376
9.921030,1.052308,1.042748,1.026166,1.016221,1.031594,1.036329,1.025081,1.023324,1.030432,1.044224,1.040313,1.025072,1.037001,1.023326,1.006444,1.020031,1.025073,1.024456,1.045841,0.991670,1.017887,1.037888,1.029681,1.024442,1.048694,1.047289,1.034153,1.044054,1.039959,1.023571,1.033863,1.029181,1.002025,1.014248,1.047777,1.046819,1.025047,1.007409,1.040385
9.929360,1.052343,1.042812,1.026231,1.016286,1.031658,1.036393,1.025145,1.023387,1.030496,1.044288,1.040377,1.025137,1.037066,1.023392,1.006513,1.020099,1.025140,1.024523,1.045909,0.991738,1.017953,1.037950,1.029748,1.024511,1.048749,1.047353,1.034219,1.044121,1.040027,1.023649,1.033925,1.029240,1.002081,1.014320,1.047828,1.046888,1.025090,1.007475,1.040395
9.937690,1.052378,1.042876,1.026296,1.016350,1.031722,1.036458,1.025209,1.023451,1.030560,1.044353,1.040442,1.025201,1.037131,1.023458,1.006581,1.020168,1.025209,1.024590,1.045978,0.991806,1.018020,1.038014,1.029814,1.024580,1.048805,1.047417,1.034285,1.044188,1.040095,1.023727,1.033986,1.029298,1.002136,1.014393,1.047879,1.046957,1.025134,1.007542,1.040404
9.946020,1.052413,1.042941,1.026362,1.016416,1.031787,1.036523,1.025273,1.023515,1.030625,1.044419,1.040508,1.025267,1.037197,1.023525,1.006651,1.020239,1.025278,1.024659,1.046048,0.991876,1.018088,1.038079,1.029883,1.024651,1.048862,1.047483,1.034352,1.044257,1.040164,1.023806,1.034048,1.029357,1.002194,1.014467,1.047931,1.047027,1.025178,1.007611,1.040413
9.954350,1.052448,1.043007,1.026428,1.016482,1.031853,1.036589,1.025338,1.023580,1.030691,1.044485,1.040573,1.025334,1.037264,1.023593,1.006721,1.020310,1.025348,1.024728,1.046118,0.991946,1.018156,1.038144,1.029951,1.024722,1.048918,1.047548,1.034419,1.044326,1.040234,1.023885,1.034110,1.029417,1.002251,1.014541,1.047983,1.047098,1.025223,1.007679,1.040421
9.962680,1.052483,1.043072,1.026494,1.016548,1.031919,1.036655,1.025404,1.023645,1.030756,1.044551,1.040639,1.025400,1.037330,1.023661,1.006792,1.020381,1.025418,1.024797,1.046189,0.992017,1.018225,1.038209,1.030020,1.024793,1.048975,1.047614,1.034486,1.044395,1.040304,1.023964,1.034173,1.029477,1.002309,1.014616,1.048036,1.047169,1.025268,1.007748,1.040430
9.971010,1.052518,1.043138,1.026561,1.016615,1.031985,1.036721,1.025470,1.023711,1.030823,1.044618,1.040706,1.025467,1.037398,1.023729,1.006863,1.020454,1.025489,1.024867,1.046261,0.992089,1.018295,1.038276,1.030091,1.024866,1.049033,1.047681,1.034555,1.044465,1.040375,1.024043,1.034236,1.029537,1.002368,1.014692,1.048091,1.047241,1.025313,1.007818,1.040438
9.979340,1.052553,1.043204,1.026629,1.016682,1.032052,1.036788,1.025536,1.023778,1.030889,1.044685,1.040773,1.025535,1.037466,1.023799,1.006935,1.020527,1.025561,1.024937,1.046334,0.992162,1.018366,1.038343,1.030161,1.024939,1.049090,1.047748,1.034624,1.044536,1.040446,1.024122,1.034299,1.029597,1.002428,1.014768,1.048145,1.047314,1.025359,1.007889,1.040446
9.987670,1.052588,1.043271,1.026696,1.016750,1.032119,1.036855,1.025602,1.023844,1.030956,1.044752,1.040841,1.025602,1.037534,1.023868,1.007008,1.020600,1.025633,1.025008,1.046407,0.992234,1.018437,1.038411,1.030232,1.025012,1.049148,1.047815,1.034693,1.044606,1.040517,1.024202,1.034362,1.029658,1.002488,1.014845,1.048200,1.047387,1.025404,1.007959,1.040454
9.996000,1.052623,1.043337,1.026765,1.016818,1.032187,1.036923,1.025669,1.023911,1.031024,1.044821,1.040909,1.025671,1.037602,1.023938,1.007081,1.020674,1.025705,1.025079,1.046481,0.992309,1.018509,1.038479,1.030305,1.025087,1.049206,1.047883,1.034763,1.044678,1.040590,1.024281,1.034425,1.029719,1.002549,1.014923,1.048256,1.047461,1.025451,1.008031,1.040462
10.000000,1.052640,1.043370,1.026798,1.016851,1.032219,1.036955,1.025702,1.023943,1.031056,1.044853,1.040942,1.025704,1.037635,1.023972,1.007116,1.020710,1.025741,1.025114,1.046517,0.992344,1.018543,1.038513,1.030339,1.025123,1.049234,1.047916,1.034797,1.044713,1.040625,1.024320,1.034456,1.029749,1.002578,1.014960,1.048283,1.047496,1.025473,1.008066,1.040465
10.000000,1.052640,1.043370,1.026798,1.016851,1.032219,1.036955,1.025702,1.023943,1.031056,1.044853,1.040942,1.025704,1.037635,1.023972,1.007116,1.020710,1.025741,1.025114,1.046517,0.992344,1.018543,1.038513,1.030339,1.025123,1.049234,1.047916,1.034797,1.044713,1.040625,1.024320,1.034456,1.029749,1.002578,1.014960,1.048283,1.047496,1.025473,1.008066,1.040465
