Results,B01,B02,B03,B04,B05,B06,B07,B08,B09,B10,B11,B12,B13,B14,B15,B16,B17,B18,B19,B20,B21,B22,B23,B24,B25,B26,B27,B28,B29,B30,B31,B32,B33,B34,B35,B36,B37,B38,B39
Time in s,u. Magnitude in p.u.,u. Magnitude in p.u.,u. Magnitude in p.u.,u. Magnitude in p.u.,u. Magnitude in p.u.,u. Magnitude in p.u.,u. Magnitude in p.u.,u. Magnitude in p.u.,u. Magnitude in p.u.,u. Magnitude in p.u.,u. Magnitude in p.u.,u. Magnitude in p.u.,u. Magnitude in p.u.,u. Magnitude in p.u.,u. Magnitude in p.u.,u. Magnitude in p.u.,u. Magnitude in p.u.,u. Magnitude in p.u.,u. Magnitude in p.u.,u. Magnitude in p.u.,u. Magnitude in p.u.,u. Magnitude in p.u.,u. Magnitude in p.u.,u. Magnitude in p.u.,u. Magnitude in p.u.,u. Magnitude in p.u.,u. Magnitude in p.u.,u. Magnitude in p.u.,u. Magnitude in p.u.,u. Magnitude in p.u.,u. Magnitude in p.u.,u. Magnitude in p.u.,u. Magnitude in p.u.,u. Magnitude in p.u.,u. Magnitude in p.u.,u. Magnitude in p.u.,u. Magnitude in p.u.,u. Magnitude in p.u.,u. Magnitude in p.u.
0.000000,1.046035,1.039847,1.031933,1.025830,1.042328,1.046601,1.038546,1.036853,1.049994,1.050020,1.047492,1.029538,1.044137,1.034144,1.026368,1.033972,1.034894,1.032659,1.050033,0.992239,1.031911,1.045773,1.036701,1.038361,1.050028,1.050068,1.039091,1.041362,1.036144,1.012509,1.038877,1.020951,0.998295,1.009463,1.050000,1.050000,1.026017,1.000860,1.038235
0.008330,1.046035,1.039847,1.031933,1.025830,1.042328,1.046601,1.038546,1.036853,1.049994,1.050020,1.047492,1.029538,1.044137,1.034144,1.026368,1.033972,1.034894,1.032659,1.050033,0.992239,1.031911,1.045773,1.036701,1.038361,1.050028,1.050068,1.039091,1.041362,1.036144,1.012509,1.038877,1.020951,0.998295,1.009463,1.050000,1.050000,1.026017,1.000860,1.038235
0.016660,1.046035,1.039847,1.031933,1.025830,1.042328,1.046601,1.038546,1.036853,1.049994,1.050020,1.047492,1.029538,1.044137,1.034144,1.026368,1.033972,1.034894,1.032659,1.050033,0.992239,1.031911,1.045773,1.036701,1.038361,1.050028,1.050068,1.039091,1.041362,1.036144,1.012509,1.038877,1.020951,0.998295,1.009463,1.050000,1.050000,1.026017,1.000860,1.038235
0.024990,1.046035,1.039847,1.031933,1.025830,1.042328,1.046601,1.038546,1.036853,1.049994,1.050020,1.047492,1.029538,1.044137,1.034144,1.026368,1.033972,1.034894,1.032659,1.050033,0.992239,1.031911,1.045773,1.036701,1.038361,1.050028,1.050068,1.039091,1.041362,1.036144,1.012509,1.038877,1.020951,0.998295,1.009463,1.050000,1.050000,1.026017,1.000860,1.038235
0.033320,1.046035,1.039847,1.031933,1.025830,1.042328,1.046601,1.038546,1.036853,1.049994,1.050020,1.047492,1.029538,1.044137,1.034144,1.026368,1.033972,1.034894,1.032659,1.050033,0.992239,1.031911,1.045773,1.036701,1.038361,1.050028,1.050068,1.039091,1.041362,1.036144,1.012509,1.038877,1.020951,0.998295,1.009463,1.050000,1.050000,1.026017,1.000860,1.038235
0.041650,1.046035,1.039847,1.031933,1.025830,1.042328,1.046601,1.038546,1.036853,1.049994,1.050020,1.047492,1.029538,1.044137,1.034144,1.026368,1.033972,1.034894,1.032659,1.050033,0.992239,1.031911,1.045773,1.036701,1.038361,1.050028,1.050068,1.039091,1.041362,1.036144,1.012509,1.038877,1.020951,0.998295,1.009463,1.050000,1.050000,1.026017,1.000860,1.038235
0.049980,1.046035,1.039847,1.031933,1.025830,1.042328,1.046601,1.038546,1.036853,1.049994,1.050020,1.047492,1.029538,1.044137,1.034144,1.026368,1.033972,1.034894,1.032659,1.050033,0.992239,1.031911,1.045773,1.036701,1.038361,1.050028,1.050068,1.039091,1.041362,1.036144,1.012509,1.038877,1.020951,0.998295,1.009463,1.050000,1.050000,1.026017,1.000860,1.038235
0.058310,1.046035,1.039847,1.031933,1.025830,1.042328,1.046601,1.038546,1.036853,1.049994,1.050020,1.047492,1.029538,1.044137,1.034144,1.026368,1.033972,1.034894,1.032659,1.050033,0.992239,1.031911,1.045773,1.036701,1.038361,1.050028,1.050068,1.039091,1.041362,1.036144,1.012509,1.038877,1.020951,0.998295,1.009463,1.050000,1.050000,1.026017,1.000860,1.038235
0.066640,1.046035,1.039847,1.031933,1.025830,1.042328,1.046601,1.038546,1.036853,1.049994,1.050020,1.047492,1.029538,1.044137,1.034144,1.026368,1.033972,1.034894,1.032659,1.050033,0.992239,1.031911,1.045773,1.036701,1.038361,1.050028,1.050068,1.039091,1.041362,1.036144,1.012509,1.038877,1.020951,0.998295,1.009463,1.050000,1.050000,1.026017,1.000860,1.038235
0.074970,1.046035,1.039847,1.031933,1.025830,1.042328,1.046601,1.038546,1.036853,1.049994,1.050020,1.047492,1.029538,1.044137,1.034144,1.026368,1.033972,1.034894,1.032659,1.050033,0.992239,1.031911,1.045773,1.036701,1.038361,1.050028,1.050068,1.039091,1.041362,1.036144,1.012509,1.038877,1.020951,0.998295,1.009463,1.050000,1.050000,1.026017,1.000860,1.038235
0.083300,1.046035,1.039847,1.031933,1.025830,1.042328,1.046601,1.038546,1.036853,1.049994,1.050020,1.047492,1.029538,1.044137,1.034144,1.026368,1.033972,1.034894,1.032659,1.050033,0.992239,1.031911,1.045773,1.036701,1.038361,1.050028,1.050068,1.039091,1.041362,1.036144,1.012509,1.038877,1.020951,0.998295,1.009463,1.050000,1.050000,1.026017,1.000860,1.038235
0.091630,1.046035,1.039847,1.031933,1.025830,1.042328,1.046601,1.038546,1.036853,1.049994,1.050020,1.047492,1.029538,1.044137,1.034144,1.026368,1.033972,1.034894,1.032659,1.050033,0.992239,1.031911,1.045773,1.036701,1.038361,1.050028,1.050068,1.039091,1.041362,1.036144,1.012509,1.038877,1.020951,0.998295,1.009463,1.050000,1.050000,1.026017,1.000860,1.038235
0.099960,1.046035,1.039847,1.031933,1.025830,1.042328,1.046601,1.038546,1.036853,1.049994,1.050020,1.047492,1.029538,1.044137,1.034144,1.026368,1.033972,1.034894,1.032659,1.050033,0.992239,1.031911,1.045773,1.036701,1.038361,1.050028,1.050068,1.039091,1.041362,1.036144,1.012509,1.038877,1.020951,0.998295,1.009463,1.050000,1.050000,1.026017,1.000860,1.038235
0.108290,1.046035,1.039847,1.031933,1.025830,1.042328,1.046601,1.038546,1.036853,1.049994,1.050020,1.047492,1.029538,1.044137,1.034144,1.026368,1.033972,1.034894,1.032659,1.050033,0.992239,1.031911,1.045773,1.036701,1.038361,1.050028,1.050068,1.039091,1.041362,1.036144,1.012509,1.038877,1.020951,0.998295,1.009463,1.050000,1.050000,1.026017,1.000860,1.038235
0.116620,0.917054,0.875847,0.772136,0.559256,0.317351,0.328526,0.147425,0.056889,0.554244,0.497647,0.441161,0.468510,0.520784,0.587512,0.779571,0.859996,0.844112,0.815878,0.947299,0.921936,0.893383,0.941033,0.933409,0.882997,0.900656,0.900853,0.871506,0.927410,0.928757,0.924178,0.580084,0.631342,0.927828,0.959238,0.979672,0.987573,0.920273,0.914715,0.935521
0.124950,0.905127,0.854672,0.743152,0.521179,0.297757,0.309471,0.137334,0.051273,0.550732,0.471627,0.417454,0.443468,0.492907,0.554588,0.745382,0.827701,0.813722,0.786008,0.915580,0.893849,0.863338,0.913135,0.904061,0.849762,0.879239,0.875864,0.844141,0.903940,0.906727,0.910916,0.556544,0.604555,0.897441,0.933584,0.957066,0.957991,0.900072,0.895740,0.929593
0.133280,0.896618,0.840197,0.724206,0.497498,0.285396,0.297337,0.131065,0.047938,0.548039,0.454780,0.402178,0.427381,0.474956,0.533599,0.723094,0.806327,0.793579,0.766305,0.894646,0.874457,0.843167,0.894111,0.884423,0.827688,0.864500,0.858900,0.825783,0.887806,0.891501,0.901363,0.540656,0.586401,0.878246,0.915556,0.940781,0.938995,0.885551,0.882456,0.925048
0.141610,0.890230,0.829571,0.710771,0.481313,0.276866,0.288916,0.126765,0.045701,0.545960,0.442994,0.391516,0.416178,0.462433,0.519036,0.707479,0.791223,0.779272,0.752313,0.880025,0.860629,0.828756,0.880373,0.870485,0.812090,0.853674,0.846614,0.812614,0.876033,0.880341,0.894029,0.529259,0.573417,0.865239,0.902660,0.928519,0.926093,0.874578,0.872630,0.921538
0.149940,0.885213,0.821220,0.700424,0.469069,0.270394,0.282526,0.123487,0.043982,0.544358,0.434062,0.383432,0.407697,0.452940,0.507988,0.695661,0.779776,0.768348,0.741591,0.869172,0.850329,0.817757,0.869834,0.859938,0.800289,0.845199,0.837107,0.802491,0.866891,0.871651,0.888075,0.520631,0.563609,0.855798,0.893115,0.918859,0.916739,0.865870,0.864938,0.918834
0.158270,0.881123,0.814269,0.691867,0.458929,0.265054,0.277276,0.120748,0.042502,0.543135,0.426784,0.376832,0.400779,0.445184,0.498915,0.686072,0.770524,0.759449,0.732807,0.860644,0.842272,0.808842,0.861290,0.851472,0.790771,0.838187,0.829304,0.794212,0.859381,0.864501,0.883025,0.513787,0.555804,0.848540,0.885725,0.910923,0.909530,0.858650,0.858597,0.916770
0.166600,0.877687,0.808222,0.684401,0.449952,0.260371,0.272703,0.118316,0.041139,0.542221,0.420512,0.371127,0.394797,0.438471,0.491002,0.677837,0.762632,0.751808,0.725218,0.853567,0.835640,0.801239,0.854028,0.844316,0.782661,0.832129,0.822586,0.787096,0.852918,0.858346,0.878600,0.508147,0.549306,0.842631,0.879717,0.904160,0.903648,0.852443,0.853139,0.915228
0.174930,0.874734,0.802804,0.677663,0.441684,0.256122,0.268585,0.116099,0.039868,0.541561,0.414905,0.366016,0.389429,0.432444,0.483837,0.670487,0.755633,0.745000,0.718425,0.847432,0.829925,0.794510,0.847631,0.838031,0.775468,0.826731,0.816604,0.780758,0.847164,0.852870,0.874637,0.503367,0.543701,0.837594,0.874602,0.898225,0.898622,0.846957,0.848291,0.914113
0.183260,0.872154,0.797860,0.671466,0.433928,0.252221,0.264832,0.114090,0.038722,0.541112,0.409798,0.361360,0.384526,0.426929,0.477226,0.663769,0.749265,0.738793,0.712213,0.841934,0.824814,0.788405,0.841856,0.832360,0.768914,0.821829,0.811160,0.774985,0.841927,0.847891,0.871040,0.499248,0.538750,0.833137,0.870074,0.892902,0.894181,0.842011,0.843892,0.913355
0.191590,0.869871,0.793303,0.665723,0.426621,0.248657,0.261425,0.112320,0.037764,0.540840,0.405123,0.357107,0.380029,0.421856,0.471088,0.657555,0.743386,0.733060,0.706469,0.836897,0.820120,0.782783,0.836560,0.827157,0.762847,0.817329,0.806146,0.769660,0.837098,0.843307,0.867750,0.495671,0.534318,0.829093,0.865948,0.888056,0.890168,0.837497,0.839851,0.912897
0.199920,0.971049,0.895104,0.823485,0.715761,0.706698,0.714776,0.679484,0.663370,1.024599,0.749555,0.736660,0.725549,0.746862,0.745911,0.802072,0.841860,0.844198,0.835043,0.890958,0.855282,0.858069,0.890592,0.880302,0.849334,0.909070,0.894478,0.868150,0.903097,0.905210,0.921438,0.780954,0.775900,0.864505,0.889609,0.921768,0.919470,0.899924,0.888628,1.009265
0.208250,0.981801,0.913083,0.850984,0.759582,0.755994,0.763568,0.733029,0.719403,1.030993,0.792765,0.781708,0.769193,0.789322,0.786343,0.831591,0.866075,0.868450,0.860536,0.911136,0.871506,0.878794,0.908077,0.898664,0.872832,0.926475,0.913626,0.889555,0.919469,0.920498,0.931559,0.819046,0.810935,0.882813,0.903473,0.934276,0.936368,0.914206,0.901271,1.015563
0.216580,0.989492,0.925049,0.868835,0.787662,0.787863,0.795184,0.767643,0.755598,1.036195,0.820949,0.811015,0.797654,0.816940,0.812456,0.850735,0.881942,0.884327,0.877164,0.924627,0.882843,0.892478,0.919796,0.910860,0.888270,0.938194,0.926347,0.903667,0.930412,0.930733,0.938513,0.844636,0.834522,0.894897,0.913497,0.943079,0.947646,0.924189,0.909792,1.020686
0.224910,0.995292,0.933660,0.881432,0.807193,0.810144,0.817328,0.791826,0.780858,1.040511,0.840767,0.831591,0.817652,0.836328,0.830715,0.864081,0.893041,0.895489,0.888874,0.934074,0.890886,0.902104,0.928122,0.919418,0.899029,0.946679,0.935407,0.913650,0.938203,0.938041,0.943687,0.863050,0.851443,0.903280,0.920700,0.949598,0.955455,0.931612,0.915911,1.024938
0.233240,0.999897,0.940393,0.891201,0.822277,0.827420,0.834500,0.810621,0.800510,1.044149,0.856093,0.847517,0.833111,0.851305,0.844792,0.874202,0.901408,0.903993,0.897862,0.941039,0.896755,0.909377,0.934432,0.925821,0.907075,0.953323,0.942380,0.921294,0.944167,0.943652,0.947847,0.877397,0.864556,0.909379,0.925959,0.954684,0.961136,0.937488,0.920624,1.028522
0.241570,1.003663,0.945919,0.899221,0.834738,0.841613,0.848591,0.826084,0.816699,1.047243,0.868614,0.860548,0.845747,0.863545,0.856310,0.882314,0.908049,0.910819,0.905143,0.946393,0.901171,0.915147,0.939436,0.930846,0.913411,0.958783,0.948028,0.927456,0.948970,0.948180,0.951337,0.889076,0.875188,0.914007,0.929898,0.958788,0.965463,0.942323,0.924431,1.031569
0.249900,1.006750,0.950490,0.905868,0.845153,0.853207,0.860082,0.838654,0.829846,1.049878,0.878834,0.871178,0.856065,0.873555,0.865792,0.888902,0.913406,0.916375,0.911110,0.950600,0.904575,0.919802,0.943474,0.934873,0.918505,0.963321,0.952668,0.932495,0.952911,0.951896,0.954285,0.898559,0.883814,0.917605,0.932929,0.962142,0.968852,0.946343,0.927558,1.034164
0.258230,1.009249,0.954228,0.911302,0.853702,0.862318,0.869093,0.848389,0.839975,1.052118,0.886926,0.879564,0.864234,0.881514,0.873429,0.894210,0.917723,0.920870,0.915955,0.953946,0.907261,0.923562,0.946747,0.938124,0.922618,0.967068,0.956468,0.936596,0.956151,0.954950,0.956753,0.906054,0.890647,0.920452,0.935330,0.964893,0.971553,0.949678,0.930130,1.036371
0.266560,1.011248,0.957265,0.915711,0.860620,0.869248,0.875932,0.855607,0.847410,1.054019,0.893179,0.886004,0.870545,0.887706,0.879485,0.898474,0.921211,0.924503,0.919874,0.956650,0.909446,0.926615,0.949422,0.940772,0.925961,0.970154,0.959582,0.939934,0.958827,0.957471,0.958813,0.911853,0.895958,0.922740,0.937306,0.967169,0.973737,0.952451,0.932258,1.038244
0.274890,1.012842,0.959770,0.919347,0.866292,0.874570,0.881169,0.860975,0.852860,1.055633,0.898074,0.891008,0.875483,0.892589,0.884360,0.901975,0.924100,0.927503,0.923103,0.958909,0.911310,0.929157,0.951662,0.942983,0.928751,0.972737,0.962183,0.942706,0.961083,0.959595,0.960557,0.916387,0.900133,0.924636,0.939015,0.969094,0.975547,0.954796,0.934057,1.039834
0.283220,1.014128,0.961909,0.922473,0.871153,0.878941,0.885462,0.865276,0.857177,1.057008,0.902140,0.895149,0.879589,0.896670,0.888494,0.904989,0.926598,0.930086,0.925879,0.960887,0.912988,0.931359,0.953606,0.944899,0.931181,0.974973,0.964438,0.945100,0.963052,0.961448,0.962076,0.920122,0.903585,0.926277,0.940575,0.970770,0.977098,0.956839,0.935629,1.041188
0.291550,1.015188,0.963814,0.925295,0.875564,0.882906,0.889353,0.869167,0.861074,1.058184,0.905814,0.898897,0.883305,0.900363,0.892241,0.907726,0.928861,0.932416,0.928382,0.962702,0.914575,0.933346,0.955352,0.946618,0.933389,0.976985,0.966472,0.947261,0.964831,0.963121,0.963444,0.923445,0.906653,0.927763,0.942067,0.972271,0.978469,0.958679,0.937048,1.042346
0.299880,1.016078,0.965565,0.927938,0.879751,0.886804,0.893178,0.873056,0.864999,1.059193,0.909367,0.902544,0.886905,0.903923,0.895818,0.910307,0.930977,0.934590,0.930719,0.964417,0.916117,0.935188,0.956954,0.948193,0.935456,0.978847,0.968361,0.949271,0.966477,0.964666,0.964705,0.926603,0.909558,0.929156,0.943528,0.973637,0.979709,0.960377,0.938355,1.043341
0.308210,1.016834,0.967199,0.930453,0.883815,0.890778,0.897081,0.877117,0.869141,1.060062,0.912917,0.906216,0.890508,0.907462,0.899319,0.912782,0.932981,0.936646,0.932934,0.966057,0.917626,0.936906,0.958430,0.949641,0.937409,0.980593,0.970134,0.951165,0.968014,0.966104,0.965880,0.929720,0.912405,0.930481,0.944968,0.974883,0.980835,0.961964,0.939564,1.044196
0.316540,1.017476,0.968726,0.932851,0.887770,0.894838,0.901073,0.881363,0.873515,1.060810,0.916478,0.909925,0.894127,0.910993,0.902755,0.915154,0.934872,0.938589,0.935034,0.967619,0.919091,0.938501,0.959778,0.950960,0.939246,0.982233,0.971797,0.952948,0.969444,0.967437,0.966975,0.932830,0.915226,0.931743,0.946378,0.976014,0.981848,0.963452,0.940677,1.044934
0.324870,1.018016,0.970144,0.935122,0.891595,0.898934,0.905106,0.885728,0.878048,1.061454,0.920019,0.913634,0.897727,0.914485,0.906102,0.917407,0.936640,0.940408,0.937008,0.969091,0.920494,0.939963,0.960992,0.952144,0.940956,0.983766,0.973344,0.954612,0.970762,0.968659,0.967990,0.935922,0.918009,0.932936,0.947738,0.977026,0.982743,0.964844,0.941688,1.045568
0.333200,1.018462,0.971453,0.937253,0.895259,0.903000,0.909113,0.890125,0.882642,1.062006,0.923493,0.917289,0.901259,0.917895,0.909328,0.919525,0.938273,0.942095,0.938847,0.970458,0.921814,0.941285,0.962069,0.953187,0.942528,0.985187,0.974770,0.956150,0.971963,0.969767,0.968927,0.938970,0.920733,0.934052,0.949030,0.977920,0.983515,0.966141,0.942593,1.046111
0.341530,1.018820,0.972653,0.939243,0.898743,0.906977,0.913037,0.894476,0.887211,1.062476,0.926862,0.920845,0.904684,0.921188,0.912407,0.921499,0.939768,0.943646,0.940549,0.971714,0.923037,0.942467,0.963012,0.954093,0.943957,0.986498,0.976075,0.957561,0.973050,0.970763,0.969787,0.941947,0.923375,0.935083,0.950238,0.978700,0.984166,0.967349,0.943396,1.046575
0.349860,1.019098,0.973750,0.941094,0.902040,0.910825,0.916837,0.898724,0.891687,1.062876,0.930101,0.924272,0.907976,0.924343,0.915330,0.923329,0.941128,0.945066,0.942116,0.972855,0.924155,0.943519,0.963830,0.954872,0.945249,0.987705,0.977264,0.958850,0.974028,0.971653,0.970575,0.944834,0.925920,0.936026,0.951353,0.979378,0.984703,0.968473,0.944103,1.046968
0.358190,1.019302,0.974754,0.942817,0.905154,0.914521,0.920490,0.902831,0.896027,1.063211,0.933197,0.927554,0.911122,0.927352,0.918097,0.925025,0.942365,0.946365,0.943562,0.973886,0.925166,0.944453,0.964540,0.955539,0.946414,0.988817,0.978349,0.960027,0.974910,0.972449,0.971300,0.947620,0.928362,0.936883,0.952370,0.979967,0.985138,0.969523,0.944726,1.047299
0.366520,1.019440,0.975677,0.944426,0.908100,0.918055,0.923985,0.906775,0.900201,1.063491,0.936148,0.930687,0.914120,0.930214,0.920714,0.926598,0.943491,0.947558,0.944898,0.974816,0.926075,0.945288,0.965160,0.956113,0.947469,0.989845,0.979342,0.961106,0.975708,0.973166,0.971968,0.950298,0.930700,0.937659,0.953291,0.980481,0.985486,0.970509,0.945279,1.047574
0.374850,1.019519,0.976529,0.945935,0.910892,0.921423,0.927317,0.910544,0.904195,1.063721,0.938957,0.933669,0.916971,0.932934,0.923193,0.928062,0.944523,0.948657,0.946138,0.975653,0.926889,0.946039,0.965706,0.956612,0.948428,0.990800,0.980256,0.962100,0.976435,0.973816,0.972588,0.952867,0.932935,0.938361,0.954122,0.980936,0.985762,0.971439,0.945775,1.047801
0.383180,1.019547,0.977319,0.947356,0.913544,0.924626,0.930487,0.914132,0.907998,1.063908,0.941627,0.936505,0.919681,0.935517,0.925543,0.929430,0.945473,0.949675,0.947295,0.976411,0.927620,0.946722,0.966194,0.957052,0.949307,0.991690,0.981103,0.963021,0.977105,0.974411,0.973165,0.955327,0.935072,0.938997,0.954872,0.981343,0.985981,0.972322,0.946224,1.047985
0.391510,1.019529,0.978053,0.948695,0.916068,0.927666,0.933495,0.917535,0.911606,1.064056,0.944164,0.939197,0.922253,0.937969,0.927772,0.930711,0.946351,0.950621,0.948377,0.977097,0.928278,0.947347,0.966633,0.957443,0.950118,0.992524,0.981891,0.963877,0.977725,0.974961,0.973706,0.957679,0.937112,0.939573,0.955552,0.981711,0.986153,0.973162,0.946636,1.048131
0.399840,1.019472,0.978736,0.949958,0.918471,0.930544,0.936344,0.920753,0.915014,1.064170,0.946569,0.941748,0.924691,0.940294,0.929884,0.931911,0.947165,0.951501,0.949388,0.977721,0.928874,0.947921,0.967033,0.957795,0.950867,0.993305,0.982626,0.964673,0.978302,0.975471,0.974211,0.959924,0.939058,0.940096,0.956170,0.982047,0.986286,0.973963,0.947016,1.048243
0.408170,1.019378,0.979371,0.951148,0.920757,0.933262,0.939033,0.923784,0.918224,1.064254,0.948846,0.944160,0.926997,0.942495,0.931884,0.933034,0.947918,0.952319,0.950333,0.978289,0.929416,0.948449,0.967396,0.958111,0.951562,0.994037,0.983310,0.965415,0.978839,0.975945,0.974684,0.962063,0.940913,0.940571,0.956734,0.982354,0.986385,0.974726,0.947366,1.048326
0.416500,1.019254,0.979958,0.952265,0.922926,0.935822,0.941567,0.926632,0.921235,1.064312,0.950997,0.946436,0.929173,0.944573,0.933772,0.934082,0.948613,0.953075,0.951213,0.978804,0.929912,0.948932,0.967723,0.958393,0.952204,0.994720,0.983946,0.966102,0.979337,0.976383,0.975126,0.964097,0.942677,0.941000,0.957251,0.982632,0.986453,0.975452,0.947689,1.048383
0.424830,1.019102,0.980498,0.953310,0.924980,0.938228,0.943949,0.929301,0.924053,1.064347,0.953025,0.948579,0.931224,0.946531,0.935551,0.935058,0.949251,0.953772,0.952027,0.979269,0.930364,0.949369,0.968015,0.958641,0.952794,0.995356,0.984534,0.966735,0.979799,0.976787,0.975535,0.966030,0.944354,0.941386,0.957724,0.982880,0.986491,0.976139,0.947983,1.048418
0.433160,1.018927,0.980992,0.954283,0.926920,0.940486,0.946184,0.931797,0.926686,1.064362,0.954935,0.950594,0.933153,0.948375,0.937223,0.935961,0.949833,0.954410,0.952779,0.979686,0.930776,0.949762,0.968271,0.958854,0.953334,0.995944,0.985075,0.967317,0.980222,0.977156,0.975915,0.967863,0.945945,0.941731,0.958156,0.983098,0.986497,0.976789,0.948250,1.048432
0.441490,1.018731,0.981443,0.955188,0.928750,0.942604,0.948282,0.934132,0.929146,1.064360,0.956733,0.952489,0.934967,0.950109,0.938794,0.936797,0.950361,0.954992,0.953469,0.980057,0.931150,0.950112,0.968491,0.959033,0.953824,0.996488,0.985570,0.967848,0.980609,0.977490,0.976264,0.969605,0.947457,0.942036,0.958547,0.983286,0.986474,0.977401,0.948489,1.048430
0.449820,1.018520,0.981854,0.956028,0.930474,0.944593,0.950253,0.936319,0.931446,1.064342,0.958428,0.954272,0.936676,0.951743,0.940269,0.937570,0.950838,0.955522,0.954102,0.980385,0.931487,0.950419,0.968676,0.959179,0.954268,0.996990,0.986022,0.968332,0.980961,0.977793,0.976586,0.971261,0.948893,0.942303,0.958900,0.983444,0.986422,0.977978,0.948701,1.048413
0.458150,1.018295,0.982230,0.956811,0.932100,0.946466,0.952111,0.938374,0.933605,1.064312,0.960030,0.955957,0.938289,0.953286,0.941659,0.938286,0.951271,0.956005,0.954685,0.980672,0.931789,0.950690,0.968830,0.959296,0.954671,0.997453,0.986435,0.968774,0.981281,0.978067,0.976883,0.972839,0.950263,0.942534,0.959214,0.983574,0.986344,0.978521,0.948891,1.048383
0.466480,1.018062,0.982575,0.957543,0.933637,0.948238,0.953869,0.940314,0.935641,1.064270,0.961552,0.957554,0.939820,0.954750,0.942974,0.938954,0.951666,0.956449,0.955225,0.980923,0.932057,0.950930,0.968958,0.959387,0.955037,0.997883,0.986815,0.969180,0.981575,0.978316,0.977158,0.974351,0.951574,0.942734,0.959491,0.983680,0.986245,0.979036,0.949061,1.048342
0.474810,1.017824,0.982897,0.958234,0.935098,0.949923,0.955543,0.942155,0.937571,1.064220,0.963006,0.959078,0.941281,0.956147,0.944225,0.939584,0.952030,0.956861,0.955730,0.981144,0.932294,0.951146,0.969066,0.959461,0.955374,0.998285,0.987170,0.969558,0.981848,0.978548,0.977416,0.975804,0.952834,0.942907,0.959732,0.983768,0.986131,0.979525,0.949217,1.048292
0.483140,1.017583,0.983202,0.958893,0.936493,0.951536,0.957146,0.943915,0.939413,1.064163,0.964403,0.960541,0.942684,0.957490,0.945425,0.940186,0.952374,0.957252,0.956211,0.981341,0.932506,0.951348,0.969164,0.959526,0.955692,0.998667,0.987506,0.969916,0.982107,0.978768,0.977660,0.977209,0.954054,0.943057,0.959942,0.983843,0.986008,0.979995,0.949366,1.048236
0.491470,1.017345,0.983498,0.959531,0.937834,0.953090,0.958692,0.945608,0.941184,1.064099,0.965756,0.961955,0.944041,0.958790,0.946585,0.940771,0.952707,0.957630,0.956676,0.981522,0.932695,0.951544,0.969259,0.959590,0.955999,0.999035,0.987831,0.970262,0.982360,0.978983,0.977896,0.978574,0.955240,0.943191,0.960125,0.983914,0.985884,0.980451,0.949514,1.048174
0.499800,1.017112,0.983790,0.960156,0.939133,0.954598,0.960193,0.947248,0.942897,1.064032,0.967075,0.963333,0.945363,0.960058,0.947717,0.941348,0.953037,0.958006,0.957136,0.981694,0.932869,0.951745,0.969360,0.959662,0.956304,0.999394,0.988153,0.970605,0.982613,0.979203,0.978128,0.979908,0.956401,0.943315,0.960284,0.983987,0.985768,0.980898,0.949669,1.048107
0.508130,1.016887,0.984085,0.960778,0.940401,0.956069,0.961659,0.948846,0.944564,1.063961,0.968370,0.964682,0.946661,0.961304,0.948831,0.941927,0.953376,0.958386,0.957598,0.981864,0.933032,0.951958,0.969476,0.959752,0.956617,0.999753,0.988480,0.970954,0.982875,0.979433,0.978359,0.981216,0.957543,0.943434,0.960426,0.984069,0.985667,0.981340,0.949837,1.048037
0.516460,1.016672,0.984387,0.961402,0.941646,0.957513,0.963098,0.950410,0.946194,1.063889,0.969648,0.966011,0.947941,0.962534,0.949934,0.942517,0.953729,0.958780,0.958070,0.982040,0.933191,0.952193,0.969614,0.959866,0.956946,1.000115,0.988819,0.971314,0.983151,0.979680,0.978594,0.982506,0.958673,0.943555,0.960557,0.984168,0.985589,0.981784,0.950024,1.047966
0.524790,1.016471,0.984702,0.962036,0.942876,0.958936,0.964517,0.951947,0.947794,1.063816,0.970916,0.967327,0.949210,0.963757,0.951035,0.943124,0.954104,0.959193,0.958559,0.982227,0.933351,0.952455,0.969782,0.960012,0.957296,1.000486,0.989173,0.971692,0.983447,0.979949,0.978835,0.983781,0.959794,0.943682,0.960681,0.984288,0.985539,0.982232,0.950235,1.047894
0.533120,1.016286,0.985033,0.962683,0.944099,0.960343,0.965921,0.953463,0.949369,1.063743,0.972177,0.968634,0.950474,0.964976,0.952137,0.943753,0.954506,0.959630,0.959069,0.982430,0.933518,0.952750,0.969983,0.960194,0.957674,1.000870,0.989549,0.972092,0.983768,0.980244,0.979086,0.985046,0.960910,0.943820,0.960804,0.984435,0.985522,0.982686,0.950473,1.047822
0.541450,1.016118,0.985382,0.963347,0.945317,0.961738,0.967314,0.954960,0.950922,1.063671,0.973437,0.969936,0.951734,0.966195,0.953246,0.944408,0.954938,0.960094,0.959603,0.982655,0.933696,0.953081,0.970222,0.960416,0.958084,1.001268,0.989949,0.972517,0.984116,0.980570,0.979347,0.986301,0.962023,0.943973,0.960931,0.984611,0.985542,0.983151,0.950743,1.047751
0.549780,1.015970,0.985751,0.964029,0.946535,0.963123,0.968697,0.956442,0.952457,1.063601,0.974695,0.971234,0.952994,0.967416,0.954363,0.945091,0.955404,0.960589,0.960163,0.982904,0.933888,0.953450,0.970500,0.960681,0.958528,1.001683,0.990375,0.972971,0.984495,0.980926,0.979619,0.987550,0.963135,0.944144,0.961064,0.984819,0.985600,0.983625,0.951045,1.047682
0.558110,1.015842,0.986141,0.964731,0.947753,0.964500,0.970072,0.957910,0.953974,1.063533,0.975955,0.972530,0.954255,0.968641,0.955489,0.945803,0.955904,0.961114,0.960751,0.983180,0.934097,0.953860,0.970819,0.960989,0.959007,1.002116,0.990829,0.973453,0.984904,0.981316,0.979905,0.988792,0.964247,0.944334,0.961208,0.985059,0.985698,0.984112,0.951380,1.047616
0.566440,1.015736,0.986552,0.965453,0.948974,0.965870,0.971440,0.959363,0.955474,1.063469,0.977215,0.973824,0.955516,0.969869,0.956625,0.946545,0.956438,0.961671,0.961366,0.983483,0.934326,0.954309,0.971179,0.961339,0.959523,1.002568,0.991310,0.973964,0.985344,0.981738,0.980203,0.990029,0.965358,0.944546,0.961364,0.985333,0.985836,0.984610,0.951748,1.047553
0.574770,1.015654,0.986984,0.966194,0.950196,0.967232,0.972800,0.960804,0.956958,1.063409,0.978477,0.975117,0.956778,0.971100,0.957771,0.947316,0.957007,0.962258,0.962009,0.983814,0.934575,0.954797,0.971579,0.961732,0.960075,1.003038,0.991818,0.974504,0.985815,0.982192,0.980514,0.991261,0.966469,0.944779,0.961534,0.985640,0.986013,0.985120,0.952150,1.047494
0.583100,1.015595,0.987437,0.966955,0.951420,0.968586,0.974154,0.962231,0.958425,1.063353,0.979738,0.976407,0.958041,0.972334,0.958926,0.948115,0.957610,0.962876,0.962679,0.984174,0.934846,0.955323,0.972018,0.962166,0.960662,1.003527,0.992354,0.975073,0.986317,0.982678,0.980838,0.992487,0.967577,0.945034,0.961718,0.985979,0.986228,0.985642,0.952582,1.047439
0.591430,1.015561,0.987911,0.967733,0.952645,0.969932,0.975499,0.963645,0.959877,1.063303,0.980999,0.977695,0.959303,0.973570,0.960088,0.948941,0.958246,0.963524,0.963374,0.984562,0.935138,0.955886,0.972494,0.962639,0.961282,1.004034,0.992916,0.975670,0.986847,0.983194,0.981174,0.993707,0.968682,0.945311,0.961918,0.986349,0.986479,0.986175,0.953046,1.047389
0.599760,1.015553,0.988406,0.968530,0.953871,0.971271,0.976837,0.965045,0.961312,1.063257,0.982259,0.978979,0.960565,0.974808,0.961258,0.949794,0.958913,0.964201,0.964095,0.984978,0.935452,0.956484,0.973007,0.963150,0.961936,1.004559,0.993504,0.976293,0.987406,0.983739,0.981523,0.994920,0.969783,0.945611,0.962133,0.986750,0.986765,0.986718,0.953539,1.047344
0.608090,1.015570,0.988920,0.969343,0.955096,0.972602,0.978167,0.966433,0.962733,1.063217,0.983518,0.980260,0.961825,0.976046,0.962434,0.950672,0.959611,0.964906,0.964841,0.985421,0.935787,0.957118,0.973555,0.963697,0.962622,1.005102,0.994116,0.976943,0.987993,0.984313,0.981883,0.996125,0.970880,0.945933,0.962364,0.987181,0.987084,0.987273,0.954061,1.047305
0.616420,1.015614,0.989455,0.970173,0.956322,0.973925,0.979489,0.967809,0.964138,1.063183,0.984774,0.981537,0.963083,0.977285,0.963617,0.951575,0.960340,0.965638,0.965611,0.985893,0.936144,0.957785,0.974137,0.964279,0.963339,1.005662,0.994754,0.977619,0.988606,0.984915,0.982255,0.997321,0.971971,0.946276,0.962610,0.987641,0.987435,0.987838,0.954610,1.047271
0.624750,1.015685,0.990009,0.971019,0.957547,0.975240,0.980803,0.969173,0.965530,1.063155,0.986029,0.982810,0.964340,0.978524,0.964806,0.952502,0.961099,0.966398,0.966405,0.986392,0.936523,0.958485,0.974753,0.964897,0.964088,1.006239,0.995415,0.978320,0.989246,0.985544,0.982639,0.998509,0.973056,0.946642,0.962872,0.988131,0.987817,0.988413,0.955186,1.047244
0.633080,1.015782,0.990584,0.971883,0.958772,0.976549,0.982111,0.970526,0.966909,1.063134,0.987281,0.984080,0.965596,0.979763,0.966001,0.953453,0.961888,0.967185,0.967223,0.986918,0.936923,0.959219,0.975403,0.965548,0.964867,1.006833,0.996100,0.979047,0.989911,0.986199,0.983034,0.999687,0.974135,0.947031,0.963150,0.988650,0.988230,0.989000,0.955788,1.047222
0.641410,1.015907,0.991179,0.972763,0.959999,0.977851,0.983412,0.971869,0.968277,1.063119,0.988532,0.985346,0.966850,0.981004,0.967203,0.954429,0.962707,0.968000,0.968065,0.987473,0.937345,0.959986,0.976086,0.966233,0.965677,1.007445,0.996809,0.979799,0.990602,0.986880,0.983441,1.000855,0.975208,0.947442,0.963444,0.989198,0.988673,0.989597,0.956416,1.047207
0.649740,1.016060,0.991795,0.973661,0.961226,0.979147,0.984707,0.973204,0.969634,1.063110,0.989781,0.986610,0.968104,0.982245,0.968411,0.955430,0.963556,0.968843,0.968932,0.988056,0.937790,0.960785,0.976802,0.966952,0.966518,1.008075,0.997542,0.980577,0.991317,0.987587,0.983860,1.002014,0.976275,0.947877,0.963756,0.989775,0.989144,0.990205,0.957070,1.047199
0.658070,1.016240,0.992431,0.974576,0.962455,0.980439,0.985997,0.974530,0.970982,1.063108,0.991030,0.987872,0.969357,0.983487,0.969626,0.956454,0.964435,0.969713,0.969823,0.988668,0.938258,0.961618,0.977552,0.967703,0.967389,1.008722,0.998299,0.981380,0.992058,0.988320,0.984290,1.003163,0.977336,0.948334,0.964085,0.990382,0.989645,0.990825,0.957748,1.047197
0.666400,1.016447,0.993088,0.975509,0.963686,0.981727,0.987283,0.975849,0.972321,1.063113,0.992278,0.989131,0.970610,0.984731,0.970850,0.957504,0.965344,0.970611,0.970739,0.989309,0.938750,0.962483,0.978335,0.968488,0.968291,1.009387,0.999079,0.982209,0.992824,0.989077,0.984731,1.004301,0.978391,0.948816,0.964434,0.991019,0.990174,0.991456,0.958451,1.047202
0.674730,1.016683,0.993766,0.976460,0.964921,0.983010,0.988565,0.977162,0.973652,1.063125,0.993525,0.990390,0.971863,0.985977,0.972080,0.958578,0.966283,0.971536,0.971680,0.989979,0.939265,0.963382,0.979151,0.969306,0.969224,1.010069,0.999883,0.983063,0.993613,0.989859,0.985184,1.005430,0.979441,0.949321,0.964801,0.991686,0.990730,0.992099,0.959177,1.047213
0.683060,1.016946,0.994464,0.977428,0.966159,0.984291,0.989843,0.978469,0.974977,1.063143,0.994772,0.991647,0.973116,0.987225,0.973319,0.959676,0.967252,0.972489,0.972645,0.990678,0.939805,0.964312,0.979999,0.970155,0.970187,1.010769,1.000710,0.983942,0.994427,0.990664,0.985649,1.006549,0.980485,0.949852,0.965188,0.992381,0.991314,0.992753,0.959926,1.047232
0.691390,1.017237,0.995184,0.978414,0.967401,0.985569,0.991117,0.979770,0.976295,1.063168,0.996018,0.992902,0.974370,0.988475,0.974565,0.960797,0.968250,0.973468,0.973633,0.991407,0.940369,0.965274,0.980878,0.971035,0.971180,1.011486,1.001560,0.984846,0.995262,0.991493,0.986125,1.007658,0.981523,0.950405,0.965595,0.993106,0.991923,0.993419,0.960697,1.047256
0.699720,1.017556,0.995924,0.979417,0.968646,0.986843,0.992388,0.981065,0.977606,1.063201,0.997264,0.994156,0.975624,0.989726,0.975817,0.961940,0.969277,0.974473,0.974645,0.992164,0.940957,0.966266,0.981788,0.971945,0.972201,1.012220,1.002431,0.985772,0.996120,0.992343,0.986613,1.008756,0.982556,0.950983,0.966023,0.993859,0.992557,0.994097,0.961488,1.047288
0.708050,1.017903,0.996684,0.980437,0.969894,0.988114,0.993655,0.982356,0.978911,1.063240,0.998509,0.995409,0.976878,0.990979,0.977077,0.963105,0.970330,0.975503,0.975679,0.992949,0.941570,0.967287,0.982728,0.972883,0.973250,1.012971,1.003322,0.986722,0.996998,0.993213,0.987113,1.009844,0.983584,0.951584,0.966471,0.994639,0.993215,0.994786,0.962298,1.047327
0.716380,1.018277,0.997464,0.981472,0.971145,0.989382,0.994918,0.983640,0.980209,1.063285,0.999753,0.996659,0.978131,0.992232,0.978342,0.964291,0.971409,0.976557,0.976734,0.993762,0.942207,0.968337,0.983695,0.973849,0.974325,1.013738,1.004234,0.987693,0.997895,0.994102,0.987625,1.010921,0.984605,0.952208,0.966940,0.995446,0.993897,0.995486,0.963125,1.047372
0.724710,1.018679,0.998264,0.982522,0.972398,0.990646,0.996177,0.984919,0.981501,1.063338,1.000995,0.997907,0.979382,0.993484,0.979612,0.965495,0.972512,0.977633,0.977809,0.994601,0.942867,0.969412,0.984690,0.974841,0.975425,1.014520,1.005164,0.988685,0.998810,0.995008,0.988150,1.011987,0.985621,0.952854,0.967429,0.996278,0.994601,0.996197,0.963969,1.047423
0.733040,1.019108,0.999083,0.983586,0.973652,0.991906,0.997431,0.986191,0.982786,1.063397,1.002234,0.999151,0.980632,0.994737,0.980886,0.966717,0.973639,0.978731,0.978904,0.995464,0.943549,0.970512,0.985709,0.975857,0.976549,1.015317,1.006112,0.989696,0.999742,0.995931,0.988687,1.013042,0.986630,0.953522,0.967937,0.997134,0.995327,0.996918,0.964828,1.047482
0.741370,1.019564,0.999920,0.984663,0.974908,0.993161,0.998680,0.987457,0.984063,1.063463,1.003470,1.000392,0.981879,0.995987,0.982163,0.967954,0.974786,0.979849,0.980016,0.996352,0.944254,0.971636,0.986753,0.976896,0.977695,1.016128,1.007076,0.990725,1.000689,0.996869,0.989236,1.014085,0.987633,0.954209,0.968465,0.998014,0.996074,0.997650,0.965700,1.047546
0.749700,1.020047,1.000776,0.985753,0.976164,0.994411,0.999923,0.988716,0.985333,1.063535,1.004702,1.001628,0.983123,0.997236,0.983442,0.969207,0.975954,0.980985,0.981145,0.997263,0.944979,0.972781,0.987818,0.977956,0.978861,1.016953,1.008056,0.991771,1.001651,0.997822,0.989799,1.015117,0.988629,0.954916,0.969011,0.998915,0.996842,0.998392,0.966585,1.047617
0.758030,1.020555,1.001650,0.986854,0.977419,0.995655,1.001159,0.989967,0.986595,1.063613,1.005929,1.002860,0.984363,0.998481,0.984722,0.970472,0.977141,0.982139,0.982289,0.998195,0.945724,0.973946,0.988905,0.979036,0.980046,1.017792,1.009051,0.992834,1.002627,0.998787,0.990373,1.016136,0.989618,0.955641,0.969575,0.999837,0.997629,0.999144,0.967482,1.047694
0.766360,1.021089,1.002540,0.987965,0.978672,0.996892,1.002389,0.991211,0.987849,1.063698,1.007151,1.004086,0.985598,0.999723,0.986002,0.971748,0.978344,0.983308,0.983448,0.999147,0.946488,0.975130,0.990010,0.980134,0.981249,1.018642,1.010059,0.993911,1.003616,0.999765,0.990960,1.017142,0.990600,0.956383,0.970157,1.000778,0.998435,0.999905,0.968391,1.047778
0.774690,1.021648,1.003447,0.989086,0.979924,0.998123,1.003612,0.992447,0.989094,1.063788,1.008368,1.005305,0.986828,1.000960,0.987282,0.973035,0.979563,0.984493,0.984620,1.000118,0.947270,0.976330,0.991133,0.981249,0.982467,1.019505,1.011081,0.995002,1.004616,1.000755,0.991560,1.018136,0.991575,0.957141,0.970754,1.001737,0.999258,1.000675,0.969311,1.047867
0.783020,1.022232,1.004370,0.990215,0.981172,0.999347,1.004826,0.993674,0.990330,1.063884,1.009579,1.006518,0.988052,1.002192,0.988560,0.974331,0.980796,0.985690,0.985803,1.001106,0.948069,0.977546,0.992272,0.982379,0.983700,1.020378,1.012114,0.996105,1.005629,1.001756,0.992172,1.019117,0.992542,0.957913,0.971367,1.002712,1.000098,1.001455,0.970242,1.047962
0.791350,1.022840,1.005307,0.991352,0.982418,1.000562,1.006033,0.994892,0.991557,1.063986,1.010782,1.007724,0.989270,1.003419,0.989836,0.975633,0.982041,0.986900,0.986997,1.002110,0.948884,0.978775,0.993426,0.983522,0.984946,1.021263,1.013158,0.997221,1.006651,1.002767,0.992795,1.020084,0.993501,0.958700,0.971994,1.003703,1.000952,1.002243,0.971182,1.048062
0.799680,1.023470,1.006260,0.992496,0.983659,1.001770,1.007231,0.996100,0.992774,1.064093,1.011979,1.008923,0.990481,1.004639,0.991108,0.976942,0.983297,0.988121,0.988201,1.003129,0.949713,0.980017,0.994593,0.984678,0.986203,1.022157,1.014213,0.998347,1.007684,1.003788,0.993430,1.021039,0.994453,0.959500,0.972635,1.004708,1.001819,1.003039,0.972132,1.048167
0.808010,1.024124,1.007226,0.993645,0.984896,1.002970,1.008421,0.997300,0.993981,1.064205,1.013167,1.010113,0.991684,1.005853,0.992376,0.978255,0.984563,0.989351,0.989413,1.004161,0.950556,0.981268,0.995770,0.985843,0.987469,1.023060,1.015276,0.999482,1.008725,1.004818,0.994076,1.021980,0.995397,0.960310,0.973289,1.005724,1.002697,1.003843,0.973091,1.048277
0.816340,1.024798,1.008204,0.994800,0.986127,1.004160,1.009600,0.998489,0.995178,1.064321,1.014347,1.011295,0.992880,1.007059,0.993639,0.979571,0.985836,0.990589,0.990632,1.005204,0.951411,0.982528,0.996957,0.987017,0.988744,1.023971,1.016348,1.000625,1.009774,1.005855,0.994733,1.022908,0.996333,0.961131,0.973954,1.006751,1.003585,1.004655,0.974058,1.048392
0.824670,1.025493,1.009195,0.995957,0.987352,1.005341,1.010770,0.999668,0.996365,1.064443,1.015519,1.012467,0.994067,1.008257,0.994897,0.980889,0.987116,0.991834,0.991856,1.006258,0.952277,0.983795,0.998151,0.988198,0.990025,1.024890,1.017426,1.001775,1.010830,1.006900,0.995398,1.023822,0.997261,0.961961,0.974630,1.007787,1.004481,1.005473,0.975031,1.048512
0.833000,1.026208,1.010196,0.997117,0.988569,1.006511,1.011930,1.000836,0.997540,1.064568,1.016680,1.013630,0.995244,1.009446,0.996147,0.982206,0.988400,0.993084,0.993085,1.007320,0.953152,0.985067,0.999351,0.989383,0.991311,1.025815,1.018510,1.002931,1.011892,1.007949,0.996073,1.024723,0.998181,0.962798,0.975315,1.008830,1.005382,1.006297,0.976011,1.048635
0.841330,1.026942,1.011206,0.998278,0.989780,1.007671,1.013078,1.001992,0.998703,1.064697,1.017832,1.014782,0.996411,1.010625,0.997390,0.983522,0.989686,0.994336,0.994316,1.008389,0.954035,0.986342,1.000555,0.990571,0.992600,1.026744,1.019598,1.004090,1.012959,1.009004,0.996755,1.025610,0.999091,0.963641,0.976008,1.009878,1.006286,1.007127,0.976995,1.048762
0.849660,1.027693,1.012224,0.999439,0.990981,1.008820,1.014215,1.003137,0.999854,1.064829,1.018972,1.015923,0.997568,1.011794,0.998624,0.984835,0.990974,0.995591,0.995548,1.009462,0.954925,0.987618,1.001759,0.991759,0.993889,1.027677,1.020689,1.005252,1.014028,1.010061,0.997442,1.026482,0.999993,0.964490,0.976708,1.010930,1.007191,1.007961,0.977984,1.048892
0.857990,1.028460,1.013248,1.000597,0.992172,1.009956,1.015340,1.004269,1.000993,1.064965,1.020100,1.017052,0.998712,1.012951,0.999847,0.986143,0.992260,0.996844,0.996779,1.010539,0.955820,0.988893,1.002964,0.992945,0.995178,1.028613,1.021780,1.006414,1.015099,1.011120,0.998135,1.027340,1.000885,0.965341,0.977414,1.011983,1.008094,1.008798,0.978974,1.049026
0.866320,1.029243,1.014277,1.001752,0.993353,1.011080,1.016451,1.005387,1.002117,1.065103,1.021216,1.018168,0.999844,1.014096,1.001059,0.987443,0.993543,0.998096,0.998007,1.011617,0.956719,0.990164,1.004165,0.994128,0.996464,1.029549,1.022871,1.007575,1.016170,1.012179,0.998831,1.028183,1.001766,0.966194,0.978123,1.013035,1.008993,1.009638,0.979965,1.049162
0.874650,1.030040,1.015310,1.002902,0.994521,1.012189,1.017547,1.006491,1.003227,1.065243,1.022318,1.019271,1.000962,1.015227,1.002259,0.988735,0.994821,0.999343,0.999230,1.012695,0.957619,0.991431,1.005362,0.995305,0.997745,1.030484,1.023960,1.008733,1.017239,1.013235,0.999528,1.029012,1.002637,0.967048,0.978835,1.014084,1.009886,1.010479,0.980955,1.049300
0.882980,1.030849,1.016343,1.004044,0.995676,1.013284,1.018629,1.007579,1.004322,1.065386,1.023404,1.020358,1.002065,1.016343,1.003444,0.990016,0.996091,1.000584,1.000447,1.013769,0.958519,0.992689,1.006551,0.996473,0.999018,1.031416,1.025044,1.009885,1.018304,1.014288,1.000225,1.029824,1.003497,0.967900,0.979548,1.015129,1.010771,1.011320,0.981941,1.049440
0.891310,1.031669,1.017376,1.005178,0.996817,1.014363,1.019695,1.008652,1.005400,1.065529,1.024475,1.021429,1.003153,1.017444,1.004615,0.991285,0.997352,1.001817,1.001655,1.014840,0.959417,0.993939,1.007731,0.997632,1.000283,1.032344,1.026122,1.011031,1.019364,1.015336,1.000920,1.030621,1.004344,0.968750,0.980261,1.016166,1.011644,1.012159,0.982924,1.049582
0.899640,1.032499,1.018407,1.006301,0.997941,1.015424,1.020744,1.009707,1.006461,1.065674,1.025530,1.022484,1.004223,1.018527,1.005768,0.992540,0.998602,1.003039,1.002853,1.015904,0.960313,0.995176,1.008900,0.998778,1.001536,1.033267,1.027192,1.012167,1.020416,1.016376,1.001613,1.031401,1.005179,0.969596,0.980971,1.017196,1.012506,1.012996,0.983900,1.049725
0.907970,1.033337,1.019435,1.007413,0.999049,1.016468,1.021775,1.010744,1.007504,1.065820,1.026566,1.023520,1.005276,1.019593,1.006903,0.993778,0.999838,1.004250,1.004039,1.016959,0.961203,0.996400,1.010055,0.999910,1.002776,1.034182,1.028253,1.013293,1.021459,1.017407,1.002300,1.032164,1.006000,0.970437,0.981677,1.018215,1.013352,1.013829,0.984867,1.049868
0.916300,1.034182,1.020456,1.008510,1.000138,1.017494,1.022787,1.011762,1.008528,1.065965,1.027583,1.024538,1.006309,1.020639,1.008020,0.994999,1.001060,1.005446,1.005211,1.018005,0.962087,0.997609,1.011196,1.001026,1.004002,1.035088,1.029302,1.014407,1.022491,1.018426,1.002982,1.032911,1.006807,0.971270,0.982379,1.019223,1.014182,1.014657,0.985825,1.050011
0.924630,1.035033,1.021471,1.009592,1.001208,1.018499,1.023779,1.012761,1.009532,1.066110,1.028580,1.025536,1.007322,1.021665,1.009115,0.996200,1.002265,1.006627,1.006368,1.019040,0.962963,0.998801,1.012321,1.002126,1.005211,1.035984,1.030337,1.015506,1.023511,1.019433,1.003656,1.033639,1.007599,0.972097,0.983075,1.020217,1.014995,1.015478,0.986771,1.050154
0.932960,1.035888,1.022477,1.010658,1.002257,1.019484,1.024750,1.013738,1.010516,1.066255,1.029556,1.026512,1.008314,1.022670,1.010189,0.997381,1.003452,1.007791,1.007507,1.020063,0.963831,0.999975,1.013428,1.003207,1.006402,1.036868,1.031358,1.016590,1.024516,1.020426,1.004321,1.034350,1.008375,0.972914,0.983765,1.021198,1.015789,1.016292,0.987703,1.050296
0.941290,1.036745,1.023473,1.011705,1.003284,1.020447,1.025700,1.014695,1.011477,1.066398,1.030510,1.027467,1.009284,1.023653,1.011241,0.998540,1.004619,1.008936,1.008627,1.021072,0.964690,1.001129,1.014516,1.004268,1.007574,1.037738,1.032363,1.017656,1.025506,1.021403,1.004977,1.035043,1.009135,0.973722,0.984449,1.022163,1.016563,1.017097,0.988621,1.050437
0.949620,1.037604,1.024457,1.012733,1.004289,1.021388,1.026628,1.015629,1.012417,1.066539,1.031442,1.028400,1.010232,1.024613,1.012269,0.999675,1.005765,1.010061,1.009728,1.022066,0.965538,1.002262,1.015584,1.005308,1.008725,1.038595,1.033350,1.018704,1.026478,1.022362,1.005622,1.035717,1.009878,0.974520,0.985126,1.023113,1.017316,1.017893,0.989522,1.050577
0.957950,1.038462,1.025428,1.013740,1.005270,1.022306,1.027532,1.016540,1.013333,1.066678,1.032350,1.029309,1.011155,1.025549,1.013272,1.000787,1.006890,1.011165,1.010808,1.023045,0.966377,1.003373,1.016631,1.006328,1.009855,1.039435,1.034318,1.019732,1.027432,1.023303,1.006255,1.036372,1.010603,0.975306,0.985797,1.024046,1.018049,1.018677,0.990405,1.050714
0.966280,1.039318,1.026385,1.014726,1.006227,1.023200,1.028414,1.017427,1.014226,1.066815,1.033235,1.030195,1.012055,1.026460,1.014250,1.001873,1.007992,1.012247,1.011865,1.024009,0.967204,1.004462,1.017658,1.007325,1.010963,1.040258,1.035266,1.020739,1.028366,1.024223,1.006876,1.037009,1.011309,0.976082,0.986462,1.024961,1.018760,1.019450,0.991269,1.050848
0.974610,1.040171,1.027327,1.015688,1.007159,1.024069,1.029270,1.018291,1.015095,1.066948,1.034094,1.031056,1.012929,1.027346,1.015201,1.002934,1.009070,1.013305,1.012899,1.024956,0.968021,1.005527,1.018662,1.008300,1.012047,1.041064,1.036193,1.021724,1.029279,1.025123,1.007483,1.037625,1.011997,0.976846,0.987121,1.025860,1.019450,1.020210,0.992113,1.050980
0.982940,1.041019,1.028252,1.016627,1.008065,1.024914,1.030103,1.019129,1.015939,1.067078,1.034928,1.031891,1.013778,1.028206,1.016126,1.003968,1.010124,1.014339,1.013909,1.025886,0.968826,1.006569,1.019644,1.009252,1.013107,1.041851,1.037098,1.022686,1.030170,1.026000,1.008075,1.038223,1.012665,0.977598,0.987775,1.026740,1.020119,1.020956,0.992936,1.051108
0.991270,1.041862,1.029159,1.017541,1.008945,1.025734,1.030909,1.019943,1.016758,1.067204,1.035736,1.032701,1.014601,1.029040,1.017024,1.004974,1.011152,1.015348,1.014894,1.026799,0.969620,1.007586,1.020603,1.010181,1.014142,1.042617,1.037980,1.023624,1.031039,1.026854,1.008653,1.038801,1.013313,0.978338,0.988424,1.027602,1.020767,1.021687,0.993737,1.051232
0.999600,1.042697,1.030047,1.018430,1.009798,1.026527,1.031691,1.020731,1.017551,1.067326,1.036518,1.033485,1.015397,1.029847,1.017893,1.005953,1.012156,1.016332,1.015853,1.027695,0.970403,1.008578,1.021539,1.011087,1.015153,1.043363,1.038837,1.024537,1.031883,1.027685,1.009215,1.039359,1.013941,0.979066,0.989069,1.028445,1.021395,1.022403,0.994514,1.051352
1.007930,1.043523,1.030915,1.019292,1.010623,1.027294,1.032446,1.021492,1.018318,1.067442,1.037273,1.034242,1.016166,1.030627,1.018734,1.006904,1.013133,1.017290,1.016785,1.028573,0.971175,1.009545,1.022452,1.011970,1.016138,1.044088,1.039671,1.025425,1.032703,1.028491,1.009761,1.039897,1.014548,0.979782,0.989709,1.029271,1.022003,1.023103,0.995268,1.051466
1.016260,1.044339,1.031763,1.020128,1.011420,1.028035,1.033174,1.022228,1.019058,1.067554,1.038001,1.034972,1.016908,1.031379,1.019547,1.007826,1.014084,1.018220,1.017691,1.029434,0.971936,1.010487,1.023342,1.012830,1.017097,1.044790,1.040479,1.026287,1.033498,1.029272,1.010290,1.040415,1.015133,0.980484,0.990346,1.030078,1.022591,1.023786,0.995998,1.051576
1.024590,1.045144,1.032589,1.020936,1.012188,1.028748,1.033876,1.022937,1.019772,1.067659,1.038702,1.035675,1.017622,1.032103,1.020330,1.008719,1.015009,1.019124,1.018569,1.030277,0.972686,1.011404,1.024209,1.013666,1.018030,1.045470,1.041261,1.027123,1.034268,1.030027,1.010803,1.040913,1.015697,0.981175,0.990980,1.030866,1.023161,1.024451,0.996703,1.051680
1.032920,1.045936,1.033392,1.021716,1.012928,1.029434,1.034550,1.023618,1.020459,1.067758,1.039375,1.036350,1.018308,1.032798,1.021084,1.009584,1.015906,1.020000,1.019419,1.031102,0.973424,1.012295,1.025053,1.014480,1.018937,1.046126,1.042017,1.027932,1.035012,1.030756,1.011297,1.041390,1.016240,0.981853,0.991611,1.031636,1.023713,1.025098,0.997382,1.051778
1.041250,1.046714,1.034173,1.022468,1.013639,1.030093,1.035198,1.024273,1.021119,1.067851,1.040020,1.036997,1.018966,1.033465,1.021808,1.010419,1.016777,1.020848,1.020241,1.031909,0.974152,1.013160,1.025874,1.015272,1.019818,1.046759,1.042747,1.028715,1.035730,1.031459,1.011774,1.041847,1.016759,0.982518,0.992240,1.032387,1.024249,1.025727,0.998037,1.051869
1.049580,1.047477,1.034930,1.023191,1.014321,1.030724,1.035817,1.024900,1.021751,1.067937,1.040636,1.037617,1.019595,1.034104,1.022503,1.011225,1.017621,1.021669,1.021035,1.032699,0.974869,1.014000,1.026673,1.016041,1.020673,1.047367,1.043450,1.029469,1.036421,1.032135,1.012233,1.042284,1.017257,0.983171,0.992865,1.033121,1.024768,1.026336,0.998666,1.051954
1.057910,1.048224,1.035662,1.023885,1.014974,1.031327,1.036410,1.025500,1.022356,1.068016,1.041225,1.038208,1.020196,1.034714,1.023167,1.012002,1.018439,1.022461,1.021800,1.033471,0.975575,1.014814,1.027449,1.016788,1.021501,1.047951,1.044127,1.030197,1.037086,1.032785,1.012674,1.042700,1.017732,0.983811,0.993489,1.033836,1.025272,1.026925,0.999269,1.052031
1.066240,1.048954,1.036370,1.024550,1.015597,1.031902,1.036974,1.026072,1.022933,1.068087,1.041786,1.038772,1.020769,1.035295,1.023802,1.012750,1.019229,1.023226,1.022536,1.034225,0.976271,1.015604,1.028203,1.017514,1.022303,1.048510,1.044776,1.030897,1.037724,1.033409,1.013096,1.043096,1.018186,0.984439,0.994110,1.034533,1.025762,1.027495,0.999848,1.052101
1.074570,1.049665,1.037052,1.025186,1.016191,1.032450,1.037512,1.026617,1.023484,1.068150,1.042320,1.039308,1.021314,1.035849,1.024408,1.013470,1.019993,1.023962,1.023243,1.034963,0.976956,1.016369,1.028935,1.018219,1.023079,1.049044,1.045399,1.031570,1.038336,1.034006,1.013500,1.043472,1.018618,0.985055,0.994729,1.035213,1.026240,1.028044,1.000401,1.052164
1.082900,1.050358,1.037709,1.025793,1.016756,1.032971,1.038023,1.027136,1.024007,1.068205,1.042826,1.039818,1.021832,1.036374,1.024985,1.014161,1.020731,1.024671,1.023922,1.035683,0.977631,1.017109,1.029645,1.018904,1.023831,1.049553,1.045995,1.032216,1.038923,1.034578,1.013885,1.043827,1.019030,0.985659,0.995347,1.035876,1.026705,1.028572,1.000930,1.052218
1.091230,1.051030,1.038340,1.026371,1.017293,1.033464,1.038507,1.027628,1.024504,1.068252,1.043306,1.040300,1.022323,1.036873,1.025534,1.014824,1.021443,1.025353,1.024573,1.036386,0.978295,1.017825,1.030336,1.019569,1.024557,1.050037,1.046564,1.032836,1.039484,1.035125,1.014252,1.044163,1.019421,0.986251,0.995962,1.036522,1.027160,1.029080,1.001435,1.052264
1.099560,1.051681,1.038945,1.026920,1.017801,1.033932,1.038965,1.028094,1.024975,1.068289,1.043761,1.040757,1.022787,1.037345,1.026054,1.015461,1.022130,1.026008,1.025197,1.037073,0.978950,1.018519,1.031006,1.020214,1.025258,1.050496,1.047108,1.033428,1.040020,1.035647,1.014600,1.044479,1.019793,0.986832,0.996576,1.037151,1.027605,1.029567,1.001916,1.052301
1.107890,1.052310,1.039525,1.027441,1.018282,1.034373,1.039397,1.028534,1.025421,1.068318,1.044189,1.041188,1.023226,1.037791,1.026547,1.016071,1.022793,1.026637,1.025793,1.037745,0.979595,1.019190,1.031657,1.020842,1.025936,1.050930,1.047626,1.033996,1.040531,1.036145,1.014929,1.044777,1.020147,0.987402,0.997187,1.037766,1.028042,1.030034,1.002375,1.052329
1.116220,1.052917,1.040078,1.027934,1.018736,1.034789,1.039804,1.028949,1.025841,1.068338,1.044593,1.041594,1.023639,1.038211,1.027013,1.016654,1.023431,1.027240,1.026362,1.038400,0.980230,1.019838,1.032289,1.021453,1.026591,1.051340,1.048119,1.034537,1.041019,1.036619,1.015241,1.045055,1.020482,0.987960,0.997797,1.038365,1.028472,1.030480,1.002812,1.052348
1.124550,1.053500,1.040605,1.028399,1.019163,1.035180,1.040186,1.029339,1.026236,1.068348,1.044973,1.041976,1.024027,1.038607,1.027453,1.017213,1.024047,1.027818,1.026904,1.039041,0.980857,1.020466,1.032903,1.022046,1.027223,1.051726,1.048588,1.035054,1.041484,1.037071,1.015534,1.045314,1.020800,0.988509,0.998406,1.038950,1.028895,1.030905,1.003229,1.052358
1.132880,1.054060,1.041107,1.028838,1.019564,1.035546,1.040545,1.029706,1.026607,1.068348,1.045330,1.042334,1.024392,1.038979,1.027868,1.017748,1.024640,1.028371,1.027422,1.039667,0.981474,1.021074,1.033501,1.022625,1.027833,1.052088,1.049033,1.035548,1.041927,1.037501,1.015810,1.045556,1.021101,0.989047,0.999012,1.039521,1.029314,1.031310,1.003625,1.052359
1.141210,1.054596,1.041583,1.029250,1.019940,1.035889,1.040880,1.030049,1.026955,1.068339,1.045664,1.042669,1.024733,1.039327,1.028258,1.018259,1.025211,1.028901,1.027914,1.040280,0.982083,1.021662,1.034082,1.023188,1.028422,1.052427,1.049455,1.036017,1.042348,1.037911,1.016067,1.045780,1.021386,0.989576,0.999617,1.040079,1.029728,1.031695,1.004002,1.052350
1.149540,1.055107,1.042033,1.029636,1.020291,1.036208,1.041192,1.030369,1.027280,1.068320,1.045976,1.042982,1.025052,1.039653,1.028625,1.018747,1.025761,1.029408,1.028382,1.040879,0.982684,1.022231,1.034648,1.023738,1.028992,1.052743,1.049855,1.036465,1.042749,1.038301,1.016308,1.045986,1.021657,0.990096,1.000221,1.040625,1.030140,1.032061,1.004362,1.052331
1.157870,1.055593,1.042459,1.029998,1.020619,1.036506,1.041483,1.030668,1.027584,1.068292,1.046268,1.043274,1.025351,1.039959,1.028969,1.019214,1.026292,1.029893,1.028827,1.041465,0.983277,1.022783,1.035200,1.024274,1.029542,1.053037,1.050234,1.036890,1.043131,1.038673,1.016531,1.046178,1.021913,0.990606,1.000823,1.041160,1.030549,1.032406,1.004706,1.052303
1.166200,1.056054,1.042860,1.030335,1.020924,1.036784,1.041754,1.030947,1.027867,1.068253,1.046541,1.043546,1.025629,1.040244,1.029291,1.019661,1.026804,1.030357,1.029249,1.042039,0.983862,1.023318,1.035739,1.024799,1.030074,1.053309,1.050593,1.037296,1.043495,1.039028,1.016738,1.046356,1.022156,0.991109,1.001424,1.041684,1.030958,1.032733,1.005034,1.052265
1.174530,1.056490,1.043238,1.030650,1.021209,1.037042,1.042006,1.031207,1.028131,1.068205,1.046796,1.043801,1.025889,1.040511,1.029594,1.020089,1.027299,1.030801,1.029651,1.042603,0.984441,1.023838,1.036266,1.025314,1.030589,1.053561,1.050932,1.037682,1.043843,1.039366,1.016929,1.046521,1.022387,0.991605,1.002024,1.042198,1.031368,1.033042,1.005349,1.052217
1.182860,1.056900,1.043593,1.030944,1.021474,1.037283,1.042241,1.031449,1.028378,1.068146,1.047035,1.044039,1.026132,1.040761,1.029879,1.020499,1.027777,1.031228,1.030033,1.043156,0.985014,1.024344,1.036781,1.025819,1.031089,1.053793,1.051254,1.038050,1.044175,1.039691,1.017106,1.046676,1.022608,0.992094,1.002623,1.042705,1.031779,1.033334,1.005651,1.052160
1.191190,1.057285,1.043927,1.031217,1.021721,1.037508,1.042460,1.031676,1.028609,1.068078,1.047258,1.044261,1.026360,1.040995,1.030146,1.020894,1.028241,1.031637,1.030397,1.043701,0.985582,1.024838,1.037288,1.026316,1.031575,1.054008,1.051560,1.038402,1.044493,1.040003,1.017269,1.046822,1.022819,0.992576,1.003222,1.043203,1.032193,1.033609,1.005944,1.052092
1.199520,1.057646,1.044241,1.031473,1.021952,1.037718,1.042665,1.031888,1.028825,1.068000,1.047469,1.044470,1.026574,1.041216,1.030399,1.021274,1.028692,1.032032,1.030745,1.044238,0.986145,1.025320,1.037786,1.026807,1.032048,1.054205,1.051851,1.038739,1.044800,1.040304,1.017421,1.046960,1.023021,0.993054,1.003820,1.043695,1.032611,1.033869,1.006227,1.052016
1.207850,1.057982,1.044535,1.031711,1.022167,1.037915,1.042857,1.032088,1.029028,1.067913,1.047668,1.044667,1.026775,1.041424,1.030638,1.021642,1.029131,1.032413,1.031077,1.044767,0.986704,1.025793,1.038277,1.027292,1.032510,1.054387,1.052130,1.039063,1.045095,1.040595,1.017563,1.047092,1.023217,0.993528,1.004420,1.044182,1.033034,1.034114,1.006503,1.051930
1.216180,1.058294,1.044813,1.031935,1.022370,1.038100,1.043039,1.032275,1.029219,1.067816,1.047857,1.044853,1.026966,1.041622,1.030865,1.021998,1.029560,1.032782,1.031396,1.045292,0.987261,1.026258,1.038763,1.027774,1.032962,1.054555,1.052396,1.039375,1.045383,1.040879,1.017696,1.047220,1.023407,0.993998,1.005020,1.044666,1.033463,1.034347,1.006775,1.051834
1.224510,1.058582,1.045074,1.032145,1.022561,1.038275,1.043210,1.032454,1.029401,1.067710,1.048037,1.045031,1.027149,1.041810,1.031082,1.022346,1.029980,1.033140,1.031704,1.045811,0.987815,1.026716,1.039245,1.028253,1.033406,1.054710,1.052653,1.039677,1.045663,1.041157,1.017822,1.047344,1.023592,0.994466,1.005622,1.045146,1.033900,1.034567,1.007042,1.051730
1.232840,1.058848,1.045320,1.032343,1.022742,1.038443,1.043374,1.032624,1.029574,1.067595,1.048211,1.045201,1.027323,1.041992,1.031290,1.022685,1.030394,1.033490,1.032001,1.046328,0.988368,1.027169,1.039725,1.028730,1.033844,1.054854,1.052902,1.039970,1.045937,1.041430,1.017942,1.047466,1.023774,0.994932,1.006226,1.045624,1.034345,1.034777,1.007308,1.051617
1.241170,1.059091,1.045553,1.032530,1.022914,1.038603,1.043532,1.032787,1.029741,1.067472,1.048379,1.045365,1.027492,1.042167,1.031492,1.023019,1.030802,1.033832,1.032289,1.046842,0.988921,1.027619,1.040203,1.029209,1.034277,1.054988,1.053143,1.040257,1.046208,1.041702,1.018056,1.047587,1.023954,0.995398,1.006833,1.046102,1.034800,1.034977,1.007574,1.051495
1.249500,1.059312,1.045774,1.032709,1.023080,1.038758,1.043684,1.032945,1.029902,1.067340,1.048544,1.045526,1.027657,1.042339,1.031688,1.023348,1.031207,1.034169,1.032571,1.047356,0.989474,1.028066,1.040681,1.029689,1.034706,1.055113,1.053380,1.040538,1.046477,1.041972,1.018168,1.047710,1.024133,0.995865,1.007443,1.046581,1.035266,1.035168,1.007841,1.051365
1.257830,1.059512,1.045985,1.032881,1.023241,1.038910,1.043834,1.033100,1.030059,1.067199,1.048707,1.045684,1.027819,1.042508,1.031882,1.023675,1.031610,1.034502,1.032848,1.047870,0.990029,1.028514,1.041162,1.030172,1.035134,1.055231,1.053613,1.040815,1.046745,1.042243,1.018276,1.047833,1.024313,0.996333,1.008057,1.047062,1.035743,1.035353,1.008111,1.051227
1.266160,1.059692,1.046186,1.033048,1.023399,1.039060,1.043982,1.033253,1.030215,1.067051,1.048869,1.045841,1.027981,1.042676,1.032073,1.024002,1.032012,1.034833,1.033121,1.048386,0.990587,1.028962,1.041645,1.030660,1.035562,1.055344,1.053845,1.041090,1.047014,1.042516,1.018384,1.047960,1.024493,0.996803,1.008676,1.047547,1.036233,1.035531,1.008387,1.051081
1.274490,1.059852,1.046378,1.033211,1.023555,1.039210,1.044130,1.033405,1.030369,1.066896,1.049032,1.045998,1.028143,1.042845,1.032265,1.024329,1.032415,1.035163,1.033393,1.048905,0.991148,1.029413,1.042133,1.031153,1.035991,1.055452,1.054075,1.041365,1.047286,1.042794,1.018490,1.048092,1.024677,0.997277,1.009301,1.048035,1.036738,1.035703,1.008668,1.050928
1.282820,1.059994,1.046565,1.033372,1.023711,1.039360,1.044280,1.033558,1.030525,1.066733,1.049198,1.046158,1.028307,1.043017,1.032458,1.024659,1.032821,1.035494,1.033664,1.049429,0.991714,1.029869,1.042627,1.031655,1.036423,1.055556,1.054307,1.041641,1.047562,1.043077,1.018598,1.048228,1.024864,0.997756,1.009931,1.048530,1.037257,1.035873,1.008958,1.050768
1.291150,1.060118,1.046746,1.033533,1.023869,1.039514,1.044432,1.033715,1.030683,1.066564,1.049368,1.046322,1.028475,1.043192,1.032655,1.024993,1.033232,1.035828,1.033936,1.049958,0.992286,1.030330,1.043129,1.032165,1.036860,1.055659,1.054542,1.041919,1.047844,1.043367,1.018707,1.048371,1.025057,0.998240,1.010569,1.049031,1.037792,1.036039,1.009256,1.050601
1.299480,1.060225,1.046923,1.033695,1.024030,1.039671,1.044590,1.033875,1.030845,1.066388,1.049544,1.046491,1.028649,1.043373,1.032857,1.025333,1.033648,1.036166,1.034212,1.050493,0.992865,1.030799,1.043639,1.032685,1.037303,1.055762,1.054780,1.042202,1.048134,1.043666,1.018818,1.048522,1.025256,0.998730,1.011214,1.049540,1.038345,1.036204,1.009566,1.050428
1.307810,1.060316,1.047098,1.033859,1.024196,1.039835,1.044753,1.034041,1.031013,1.066206,1.049727,1.046667,1.028829,1.043562,1.033065,1.025680,1.034072,1.036510,1.034492,1.051037,0.993451,1.031276,1.044160,1.033217,1.037753,1.055865,1.055025,1.042490,1.048431,1.043974,1.018932,1.048682,1.025462,0.999228,1.011869,1.050059,1.038915,1.036368,1.009888,1.050248
1.316140,1.060392,1.047271,1.034028,1.024368,1.040006,1.044924,1.034214,1.031188,1.066018,1.049918,1.046851,1.029018,1.043758,1.033282,1.026037,1.034505,1.036861,1.034778,1.051590,0.994046,1.031764,1.044692,1.033762,1.038213,1.055970,1.055276,1.042785,1.048739,1.044294,1.019050,1.048851,1.025676,0.999734,1.012532,1.050588,1.039504,1.036533,1.010223,1.050064
1.324470,1.060454,1.047445,1.034203,1.024549,1.040186,1.045104,1.034397,1.031371,1.065825,1.050120,1.047045,1.029217,1.043965,1.033509,1.026405,1.034949,1.037221,1.035072,1.052154,0.994651,1.032264,1.045237,1.034321,1.038684,1.056079,1.055535,1.043089,1.049058,1.044626,1.019173,1.049032,1.025900,1.000250,1.013206,1.051128,1.040113,1.036700,1.010573,1.049874
1.332800,1.060503,1.047619,1.034385,1.024739,1.040377,1.045295,1.034589,1.031564,1.065628,1.050334,1.047251,1.029428,1.044184,1.033747,1.026785,1.035405,1.037591,1.035375,1.052730,0.995267,1.032776,1.045796,1.034895,1.039166,1.056192,1.055804,1.043402,1.049389,1.044972,1.019302,1.049224,1.026134,1.000777,1.013892,1.051681,1.040743,1.036869,1.010938,1.049679
1.341130,1.060541,1.047797,1.034576,1.024941,1.040579,1.045498,1.034793,1.031768,1.065425,1.050561,1.047469,1.029651,1.044416,1.033998,1.027179,1.035874,1.037973,1.035688,1.053318,0.995894,1.033304,1.046371,1.035486,1.039662,1.056310,1.056083,1.043726,1.049734,1.045333,1.019436,1.049430,1.026380,1.001314,1.014589,1.052248,1.041395,1.037043,1.011320,1.049480
1.349460,1.060567,1.047978,1.034778,1.025155,1.040794,1.045715,1.035009,1.031986,1.065219,1.050802,1.047701,1.029889,1.044662,1.034264,1.027588,1.036357,1.038368,1.036013,1.053921,0.996535,1.033846,1.046962,1.036095,1.040173,1.056435,1.056375,1.044063,1.050093,1.045709,1.019577,1.049650,1.026638,1.001865,1.015299,1.052829,1.042069,1.037221,1.011718,1.049277
1.357790,1.060584,1.048164,1.034991,1.025384,1.041024,1.045946,1.035241,1.032217,1.065010,1.051059,1.047948,1.030142,1.044924,1.034546,1.028014,1.036857,1.038777,1.036352,1.054539,0.997189,1.034406,1.047571,1.036723,1.040701,1.056567,1.056679,1.044413,1.050467,1.046101,1.019726,1.049884,1.026910,1.002428,1.016024,1.053427,1.042766,1.037405,1.012134,1.049070
1.366120,1.060592,1.048357,1.035217,1.025627,1.041271,1.046194,1.035487,1.032464,1.064797,1.051333,1.048212,1.030412,1.045204,1.034845,1.028458,1.037374,1.039202,1.036705,1.055173,0.997858,1.034985,1.048199,1.037371,1.041245,1.056709,1.056997,1.044778,1.050858,1.046511,1.019882,1.050135,1.027196,1.003005,1.016762,1.054041,1.043487,1.037595,1.012569,1.048861
1.374450,1.060593,1.048556,1.035457,1.025888,1.041534,1.046458,1.035751,1.032728,1.064582,1.051625,1.048495,1.030700,1.045501,1.035162,1.028922,1.037910,1.039644,1.037074,1.055824,0.998543,1.035582,1.048847,1.038040,1.041808,1.056860,1.057330,1.045158,1.051266,1.046938,1.020047,1.050402,1.027498,1.003598,1.017517,1.054672,1.044233,1.037794,1.013023,1.048649
1.382780,1.060588,1.048765,1.035713,1.026167,1.041816,1.046742,1.036033,1.033009,1.064365,1.051936,1.048796,1.031008,1.045819,1.035500,1.029406,1.038465,1.040103,1.037460,1.056494,0.999244,1.036201,1.049516,1.038731,1.042392,1.057021,1.057679,1.045556,1.051691,1.047384,1.020221,1.050687,1.027815,1.004206,1.018287,1.055322,1.045005,1.038001,1.013497,1.048435
1.391110,1.060577,1.048982,1.035986,1.026466,1.042117,1.047045,1.036334,1.033310,1.064146,1.052268,1.049117,1.031336,1.046157,1.035858,1.029912,1.039042,1.040582,1.037864,1.057183,0.999963,1.036841,1.050207,1.039445,1.042995,1.057194,1.058045,1.045971,1.052135,1.047850,1.020405,1.050990,1.028149,1.004831,1.019075,1.055991,1.045802,1.038217,1.013991,1.048219
1.399440,1.060562,1.049211,1.036276,1.026785,1.042439,1.047369,1.036655,1.033631,1.063925,1.052621,1.049460,1.031686,1.046516,1.036239,1.030441,1.039640,1.041081,1.038288,1.057892,1.000700,1.037503,1.050920,1.040183,1.043621,1.057380,1.058429,1.046405,1.052599,1.048336,1.020598,1.051313,1.028501,1.005473,1.019880,1.056681,1.046626,1.038443,1.014506,1.048002
1.407770,1.060544,1.049451,1.036586,1.027126,1.042783,1.047715,1.036998,1.033973,1.063704,1.052997,1.049825,1.032058,1.046899,1.036643,1.030994,1.040261,1.041601,1.038732,1.058623,1.001456,1.038189,1.051657,1.040946,1.044270,1.057579,1.058832,1.046858,1.053083,1.048842,1.020802,1.051655,1.028870,1.006134,1.020705,1.057391,1.047476,1.038681,1.015042,1.047784
1.416100,1.060525,1.049704,1.036916,1.027489,1.043150,1.048084,1.037364,1.034337,1.063482,1.053396,1.050214,1.032454,1.047305,1.037071,1.031572,1.040906,1.042143,1.039197,1.059375,1.002232,1.038899,1.052419,1.041734,1.044943,1.057793,1.059254,1.047332,1.053587,1.049370,1.021016,1.052018,1.029259,1.006813,1.021548,1.058123,1.048355,1.038930,1.015599,1.047566
1.424430,1.060504,1.049970,1.037267,1.027877,1.043541,1.048477,1.037753,1.034725,1.063261,1.053820,1.050626,1.032874,1.047737,1.037525,1.032175,1.041575,1.042708,1.039685,1.060150,1.003028,1.039635,1.053206,1.042548,1.045640,1.058021,1.059696,1.047828,1.054113,1.049920,1.021242,1.052403,1.029667,1.007512,1.022412,1.058877,1.049261,1.039193,1.016179,1.047347
1.432760,1.060484,1.050251,1.037640,1.028289,1.043957,1.048895,1.038166,1.035137,1.063040,1.054268,1.051064,1.033320,1.048193,1.038005,1.032806,1.042270,1.043297,1.040195,1.060948,1.003846,1.040396,1.054018,1.043389,1.046363,1.058266,1.060159,1.048345,1.054660,1.050492,1.021480,1.052809,1.030095,1.008230,1.023296,1.059653,1.050195,1.039468,1.016781,1.047129
1.441090,1.060464,1.050547,1.038035,1.028727,1.044398,1.049338,1.038604,1.035573,1.062819,1.054743,1.051528,1.033791,1.048676,1.038511,1.033463,1.042991,1.043910,1.040730,1.061771,1.004686,1.041184,1.054857,1.044257,1.047112,1.058527,1.060643,1.048885,1.055230,1.051087,1.021729,1.053238,1.030543,1.008969,1.024202,1.060453,1.051158,1.039757,1.017406,1.046912
1.449420,1.060447,1.050859,1.038455,1.029191,1.044865,1.049808,1.039069,1.036036,1.062600,1.055244,1.052018,1.034290,1.049186,1.039046,1.034149,1.043739,1.044548,1.041289,1.062617,1.005548,1.041999,1.055723,1.045153,1.047887,1.058805,1.061150,1.049449,1.055823,1.051705,1.021991,1.053689,1.031012,1.009729,1.025130,1.061276,1.052149,1.040061,1.018054,1.046697
1.457750,1.060434,1.051188,1.038899,1.029682,1.045359,1.050304,1.039559,1.036524,1.062383,1.055772,1.052534,1.034815,1.049723,1.039609,1.034864,1.044515,1.045213,1.041873,1.063489,1.006432,1.042842,1.056616,1.046077,1.048690,1.059101,1.061679,1.050037,1.056439,1.052346,1.022266,1.054163,1.031503,1.010511,1.026079,1.062123,1.053170,1.040381,1.018726,1.046483
1.466080,1.060424,1.051535,1.039367,1.030201,1.045881,1.050828,1.040077,1.037040,1.062167,1.056327,1.053079,1.035369,1.050288,1.040200,1.035608,1.045318,1.045903,1.042483,1.064387,1.007341,1.043712,1.057536,1.047029,1.049521,1.059416,1.062232,1.050649,1.057078,1.053012,1.022553,1.054661,1.032015,1.011314,1.027052,1.062995,1.054219,1.040716,1.019421,1.046270
1.474410,1.060419,1.051900,1.039862,1.030748,1.046431,1.051380,1.040622,1.037583,1.061954,1.056910,1.053651,1.035950,1.050882,1.040821,1.036381,1.046149,1.046620,1.043120,1.065310,1.008272,1.044611,1.058485,1.048011,1.050380,1.059749,1.062808,1.051286,1.057742,1.053702,1.022854,1.055183,1.032549,1.012139,1.028048,1.063891,1.055298,1.041067,1.020140,1.046061
1.482740,1.060420,1.052283,1.040382,1.031324,1.047008,1.051960,1.041195,1.038153,1.061744,1.057522,1.054252,1.036560,1.051505,1.041472,1.037185,1.047009,1.047365,1.043783,1.066259,1.009228,1.045539,1.059461,1.049021,1.051268,1.060102,1.063408,1.051948,1.058430,1.054416,1.023167,1.055728,1.033104,1.012986,1.029068,1.064812,1.056406,1.041435,1.020883,1.045853
1.491070,1.060428,1.052686,1.040929,1.031929,1.047615,1.052569,1.041796,1.038752,1.061537,1.058162,1.054881,1.037199,1.052156,1.042152,1.038018,1.047897,1.048136,1.044472,1.067235,1.010208,1.046495,1.060466,1.050060,1.052184,1.060475,1.064032,1.052636,1.059142,1.055155,1.023495,1.056297,1.033682,1.013856,1.030111,1.065758,1.057542,1.041820,1.021650,1.045649
1.499400,1.060444,1.053108,1.041503,1.032563,1.048250,1.053207,1.042425,1.039379,1.061333,1.058830,1.055539,1.037867,1.052836,1.042862,1.038882,1.048814,1.048935,1.045190,1.068237,1.011212,1.047480,1.061499,1.051127,1.053128,1.060868,1.064680,1.053350,1.059879,1.055918,1.023836,1.056890,1.034282,1.014749,1.031179,1.066728,1.058708,1.042223,1.022440,1.045448
1.507730,1.060467,1.053551,1.042103,1.033226,1.048914,1.053873,1.043083,1.040034,1.061132,1.059527,1.056226,1.038564,1.053546,1.043603,1.039776,1.049760,1.049762,1.045934,1.069266,1.012241,1.048494,1.062560,1.052224,1.054102,1.061282,1.065353,1.054089,1.060640,1.056707,1.024191,1.057507,1.034904,1.015664,1.032270,1.067723,1.059902,1.042643,1.023255,1.045251
1.516060,1.060499,1.054013,1.042730,1.033919,1.049607,1.054568,1.043769,1.040717,1.060936,1.060252,1.056941,1.039289,1.054284,1.044373,1.040699,1.050734,1.050616,1.046705,1.070320,1.013294,1.049536,1.063648,1.053349,1.055104,1.061716,1.066051,1.054854,1.061426,1.057519,1.024560,1.058148,1.035548,1.016601,1.033386,1.068743,1.061124,1.043081,1.024093,1.045057
1.524390,1.060540,1.054496,1.043385,1.034641,1.050329,1.055292,1.044484,1.041429,1.060743,1.061006,1.057685,1.040043,1.055051,1.045173,1.041653,1.051737,1.051497,1.047504,1.071401,1.014372,1.050606,1.064765,1.054502,1.056134,1.062172,1.066773,1.055644,1.062236,1.058356,1.024942,1.058811,1.036214,1.017561,1.034526,1.069787,1.062374,1.043538,1.024955,1.044868
1.532720,1.060592,1.055000,1.044066,1.035392,1.051079,1.056044,1.045227,1.042168,1.060555,1.061787,1.058456,1.040826,1.055847,1.046003,1.042636,1.052768,1.052405,1.048330,1.072508,1.015474,1.051705,1.065908,1.055683,1.057192,1.062648,1.067520,1.056461,1.063070,1.059218,1.025339,1.059498,1.036902,1.018543,1.035690,1.070855,1.063651,1.044013,1.025841,1.044682
1.541050,1.060653,1.055524,1.044775,1.036172,1.051858,1.056824,1.045997,1.042936,1.060372,1.062597,1.059256,1.041637,1.056672,1.046863,1.043649,1.053826,1.053341,1.049183,1.073641,1.016599,1.052830,1.067078,1.056891,1.058279,1.063146,1.068291,1.057302,1.063929,1.060103,1.025749,1.060208,1.037611,1.019547,1.036878,1.071947,1.064954,1.044505,1.026749,1.044502
1.549380,1.060725,1.056068,1.045510,1.036981,1.052665,1.057633,1.046796,1.043731,1.060193,1.063434,1.060084,1.042476,1.057524,1.047751,1.044690,1.054913,1.054303,1.050062,1.074799,1.017749,1.053983,1.068275,1.058127,1.059392,1.063664,1.069086,1.058169,1.064812,1.061013,1.026173,1.060940,1.038341,1.020573,1.038090,1.073062,1.066284,1.045017,1.027681,1.044326
1.557710,1.060809,1.056634,1.046271,1.037819,1.053500,1.058469,1.047622,1.044554,1.060019,1.064298,1.060940,1.043343,1.058404,1.048668,1.045760,1.056026,1.055291,1.050968,1.075982,1.018922,1.055163,1.069497,1.059388,1.060533,1.064204,1.069905,1.059061,1.065718,1.061946,1.026611,1.061695,1.039093,1.021620,1.039325,1.074200,1.067638,1.045546,1.028635,1.044154
1.566040,1.060904,1.057220,1.047059,1.038684,1.054362,1.059333,1.048475,1.045404,1.059850,1.065189,1.061822,1.044237,1.059311,1.049613,1.046857,1.057165,1.056305,1.051899,1.077189,1.020118,1.056368,1.070744,1.060675,1.061700,1.064765,1.070748,1.059977,1.066648,1.062902,1.027063,1.062471,1.039864,1.022687,1.040584,1.075359,1.069017,1.046094,1.029611,1.043988
1.574370,1.061010,1.057826,1.047872,1.039577,1.055251,1.060223,1.049354,1.046280,1.059686,1.066106,1.062730,1.045157,1.060245,1.050586,1.047982,1.058330,1.057344,1.052856,1.078420,1.021337,1.057599,1.072015,1.061986,1.062893,1.065347,1.071614,1.060917,1.067600,1.063881,1.027528,1.063269,1.040656,1.023776,1.041865,1.076541,1.070419,1.046660,1.030608,1.043826
1.582700,1.061128,1.058452,1.048710,1.040497,1.056165,1.061139,1.050260,1.047181,1.059528,1.067048,1.063664,1.046102,1.061205,1.051585,1.049133,1.059520,1.058408,1.053837,1.079674,1.022577,1.058853,1.073310,1.063320,1.064110,1.065950,1.072503,1.061881,1.068575,1.064882,1.028007,1.064086,1.041468,1.024884,1.043167,1.077742,1.071843,1.047244,1.031627,1.043670
1.591030,1.061258,1.059098,1.049573,1.041443,1.057106,1.062080,1.051190,1.048108,1.059374,1.068015,1.064623,1.047073,1.062189,1.052610,1.050308,1.060734,1.059495,1.054842,1.080951,1.023838,1.060131,1.074627,1.064678,1.065351,1.066572,1.073414,1.062868,1.069572,1.065905,1.028499,1.064924,1.042298,1.026011,1.044491,1.078964,1.073288,1.047846,1.032666,1.043519
1.599360,1.061400,1.059763,1.050460,1.042414,1.058071,1.063046,1.052144,1.049059,1.059226,1.069005,1.065606,1.048068,1.063198,1.053660,1.051509,1.061971,1.060605,1.055871,1.082248,1.025120,1.061431,1.075965,1.066057,1.066615,1.067215,1.074347,1.063876,1.070590,1.066948,1.029003,1.065780,1.043147,1.027157,1.045834,1.080205,1.074753,1.048464,1.033725,1.043373
1.607690,1.061554,1.060447,1.051370,1.043410,1.059059,1.064035,1.053122,1.050033,1.059084,1.070019,1.066612,1.049086,1.064230,1.054734,1.052732,1.063229,1.061736,1.056921,1.083566,1.026420,1.062752,1.077323,1.067456,1.067901,1.067878,1.075300,1.064906,1.071628,1.068012,1.029521,1.066654,1.044013,1.028320,1.047197,1.081463,1.076237,1.049100,1.034803,1.043233
1.616020,1.061720,1.061150,1.052302,1.044429,1.060070,1.065047,1.054122,1.051030,1.058946,1.071054,1.067640,1.050127,1.065284,1.055831,1.053978,1.064509,1.062889,1.057994,1.084903,1.027740,1.064093,1.078700,1.068874,1.069207,1.068560,1.076274,1.065956,1.072686,1.069095,1.030050,1.067546,1.044897,1.029500,1.048578,1.082739,1.077738,1.049753,1.035899,1.043097
1.624350,1.061898,1.061870,1.053256,1.045471,1.061103,1.066080,1.055143,1.052048,1.058814,1.072110,1.068690,1.051188,1.066359,1.056950,1.055244,1.065808,1.064062,1.059086,1.086259,1.029076,1.065453,1.080096,1.070311,1.070534,1.069260,1.077268,1.067026,1.073763,1.070197,1.030591,1.068454,1.045796,1.030696,1.049976,1.084031,1.079255,1.050421,1.037013,1.042967
1.632680,1.062087,1.062606,1.054229,1.046534,1.062156,1.067133,1.056185,1.053087,1.058687,1.073185,1.069759,1.052270,1.067455,1.058090,1.056531,1.067126,1.065253,1.060198,1.087632,1.030429,1.066831,1.081507,1.071763,1.071878,1.069978,1.078279,1.068114,1.074858,1.071317,1.031143,1.069377,1.046711,1.031907,1.051389,1.085337,1.080787,1.051105,1.038144,1.042842
1.641010,1.062287,1.063358,1.055222,1.047617,1.063229,1.068205,1.057246,1.054144,1.058566,1.074279,1.070847,1.053370,1.068569,1.059249,1.057835,1.068460,1.066462,1.061327,1.089020,1.031797,1.068224,1.082934,1.073232,1.073240,1.070713,1.079308,1.069220,1.075970,1.072453,1.031704,1.070314,1.047640,1.033132,1.052818,1.086658,1.082332,1.051803,1.039290,1.042722
1.649340,1.062497,1.064124,1.056232,1.048718,1.064319,1.069295,1.058324,1.055219,1.058449,1.075390,1.071952,1.054488,1.069700,1.060426,1.059156,1.069811,1.067686,1.062473,1.090423,1.033178,1.069632,1.084374,1.074713,1.074616,1.071464,1.080353,1.070341,1.077097,1.073605,1.032272,1.071264,1.048582,1.034371,1.054261,1.087990,1.083889,1.052515,1.040451,1.042607
1.657670,1.062717,1.064903,1.057259,1.049837,1.065425,1.070402,1.059419,1.056311,1.058337,1.076516,1.073072,1.055621,1.070847,1.061619,1.060492,1.071175,1.068925,1.063634,1.091839,1.034572,1.071053,1.085827,1.076207,1.076007,1.072229,1.081413,1.071477,1.078239,1.074771,1.032847,1.072226,1.049536,1.035620,1.055715,1.089334,1.085456,1.053240,1.041625,1.042497
1.666000,1.062947,1.065694,1.058300,1.050971,1.066547,1.071522,1.060528,1.057417,1.058230,1.077656,1.074208,1.056769,1.072008,1.062827,1.061841,1.072551,1.070177,1.064808,1.093266,1.035978,1.072485,1.087290,1.077711,1.077410,1.073008,1.082487,1.072626,1.079395,1.075950,1.033428,1.073198,1.050501,1.036881,1.057181,1.090688,1.087033,1.053976,1.042812,1.042392
1.674330,1.063185,1.066495,1.059354,1.052120,1.067681,1.072656,1.061650,1.058536,1.058127,1.078809,1.075355,1.057929,1.073182,1.064047,1.063203,1.073938,1.071440,1.065994,1.094704,1.037393,1.073927,1.088762,1.079224,1.078824,1.073799,1.083572,1.073787,1.080562,1.077141,1.034012,1.074179,1.051475,1.038151,1.058656,1.092050,1.088616,1.054723,1.044009,1.042291
1.682660,1.063431,1.067304,1.060419,1.053280,1.068827,1.073801,1.062783,1.059667,1.058029,1.079971,1.076513,1.059100,1.074366,1.065279,1.064573,1.075334,1.072713,1.067191,1.096151,1.038817,1.075377,1.090241,1.080743,1.080246,1.074602,1.084669,1.074958,1.081740,1.078343,1.034598,1.075166,1.052457,1.039429,1.060140,1.093419,1.090205,1.055480,1.045217,1.042194
1.690990,1.063685,1.068122,1.061494,1.054451,1.069982,1.074954,1.063926,1.060806,1.057935,1.081143,1.077680,1.060279,1.075559,1.066519,1.065952,1.076738,1.073993,1.068395,1.097604,1.040248,1.076833,1.091726,1.082269,1.081676,1.075414,1.085775,1.076138,1.082928,1.079553,1.035186,1.076158,1.053445,1.040714,1.061630,1.094794,1.091797,1.056246,1.046432,1.042101
1.699320,1.063946,1.068945,1.062578,1.055630,1.071143,1.076114,1.065075,1.061953,1.057845,1.082320,1.078853,1.061465,1.076758,1.067767,1.067337,1.078146,1.075280,1.069607,1.099063,1.041685,1.078293,1.093215,1.083797,1.083110,1.076236,1.086889,1.077326,1.084123,1.080771,1.035774,1.077151,1.054437,1.042004,1.063126,1.096172,1.093392,1.057019,1.047656,1.042012
1.707650,1.064212,1.069773,1.063667,1.056815,1.072310,1.077279,1.066230,1.063105,1.057758,1.083502,1.080031,1.062656,1.077962,1.069020,1.068726,1.079558,1.076572,1.070824,1.100526,1.043126,1.079756,1.094706,1.085328,1.084549,1.077065,1.088010,1.078518,1.085326,1.081996,1.036361,1.078144,1.055433,1.043299,1.064626,1.097554,1.094988,1.057798,1.048884,1.041927
1.715980,1.064484,1.070605,1.064762,1.058005,1.073480,1.078446,1.067387,1.064260,1.057675,1.084686,1.081211,1.063849,1.079168,1.070275,1.070118,1.080972,1.077866,1.072044,1.101991,1.044569,1.081220,1.096197,1.086858,1.085989,1.077900,1.089136,1.079715,1.086533,1.083226,1.036947,1.079134,1.056429,1.044597,1.066128,1.098936,1.096582,1.058584,1.050118,1.041846
1.724310,1.064760,1.071439,1.065859,1.059197,1.074650,1.079614,1.068545,1.065415,1.057596,1.085871,1.082392,1.065042,1.080375,1.071532,1.071509,1.082386,1.079161,1.073266,1.103457,1.046013,1.082683,1.097687,1.088387,1.087429,1.078741,1.090265,1.080914,1.087744,1.084459,1.037529,1.080119,1.057424,1.045897,1.067631,1.100318,1.098174,1.059373,1.051355,1.041767
1.732640,1.065040,1.072274,1.066958,1.060389,1.075819,1.080780,1.069701,1.066570,1.057519,1.087054,1.083571,1.066234,1.081581,1.072788,1.072899,1.083798,1.080455,1.074488,1.104921,1.047458,1.084142,1.099173,1.089912,1.088867,1.079586,1.091397,1.082115,1.088958,1.085694,1.038107,1.081098,1.058417,1.047197,1.069134,1.101699,1.099761,1.060166,1.052594,1.041692
1.740970,1.065323,1.073108,1.068057,1.061580,1.076985,1.081943,1.070855,1.067722,1.057445,1.088233,1.084746,1.067423,1.082783,1.074041,1.074286,1.085207,1.081748,1.075708,1.106384,1.048900,1.085598,1.100655,1.091432,1.090301,1.080434,1.092530,1.083315,1.090173,1.086931,1.038681,1.082067,1.059406,1.048496,1.070635,1.103076,1.101343,1.060961,1.053834,1.041619
1.749300,1.065608,1.073941,1.069154,1.062768,1.078146,1.083100,1.072004,1.068870,1.057374,1.089407,1.085916,1.068606,1.083980,1.075289,1.075667,1.086610,1.083036,1.076925,1.107842,1.050339,1.087047,1.102131,1.092945,1.091731,1.081284,1.093663,1.084513,1.091387,1.088167,1.039249,1.083026,1.060390,1.049793,1.072132,1.104449,1.102917,1.061758,1.055074,1.041549
1.757630,1.065895,1.074771,1.070248,1.063952,1.079301,1.084251,1.073146,1.070011,1.057305,1.090574,1.087079,1.069783,1.085170,1.076530,1.077041,1.088007,1.084319,1.078137,1.109295,1.051774,1.088489,1.103599,1.094449,1.093153,1.082134,1.094794,1.085708,1.092601,1.089402,1.039811,1.083973,1.061367,1.051087,1.073625,1.105815,1.104482,1.062556,1.056312,1.041481
1.765960,1.066184,1.075598,1.071337,1.065128,1.080447,1.085392,1.074280,1.071144,1.057239,1.091732,1.088234,1.070950,1.086351,1.077764,1.078407,1.089395,1.085595,1.079344,1.110741,1.053203,1.089921,1.105058,1.095944,1.094567,1.082985,1.095922,1.086898,1.093812,1.090634,1.040366,1.084906,1.062335,1.052376,1.075113,1.107175,1.106037,1.063353,1.057547,1.041415
1.774290,1.066472,1.076419,1.072420,1.066297,1.081583,1.086523,1.075404,1.072267,1.057174,1.092880,1.089378,1.072108,1.087522,1.078987,1.079763,1.090774,1.086863,1.080542,1.112179,1.054624,1.091342,1.106506,1.097427,1.095970,1.083834,1.097047,1.088082,1.095019,1.091862,1.040914,1.085824,1.063293,1.053660,1.076592,1.108526,1.107580,1.064148,1.058779,1.041352
1.782620,1.066760,1.077234,1.073495,1.067456,1.082708,1.087642,1.076516,1.073379,1.057111,1.094015,1.090510,1.073254,1.088682,1.080200,1.081107,1.092140,1.088121,1.081732,1.113607,1.056037,1.092751,1.107941,1.098897,1.097362,1.084681,1.098166,1.089259,1.096221,1.093085,1.041453,1.086726,1.064240,1.054937,1.078064,1.109867,1.109111,1.064942,1.060005,1.041290
1.790950,1.067048,1.078045,1.074564,1.068606,1.083822,1.088751,1.077619,1.074481,1.057049,1.095141,1.091631,1.074389,1.089830,1.081402,1.082440,1.093496,1.089370,1.082913,1.115024,1.057441,1.094147,1.109364,1.100353,1.098743,1.085527,1.099280,1.090429,1.097418,1.094303,1.041987,1.087614,1.065177,1.056205,1.079526,1.111198,1.110627,1.065733,1.061227,1.041229
1.799280,1.067334,1.078845,1.075621,1.069741,1.084919,1.089841,1.078704,1.075566,1.056989,1.096248,1.092734,1.075506,1.090961,1.082586,1.083755,1.094835,1.090603,1.084080,1.116428,1.058833,1.095526,1.110769,1.101792,1.100107,1.086366,1.100385,1.091587,1.098606,1.095512,1.042508,1.088479,1.066098,1.057464,1.080976,1.112515,1.112126,1.066520,1.062440,1.041169
1.807610,1.067617,1.079635,1.076665,1.070859,1.085997,1.090912,1.079770,1.076633,1.056930,1.097337,1.093819,1.076605,1.092074,1.083753,1.085053,1.096157,1.091822,1.085233,1.117819,1.060212,1.096888,1.112159,1.103214,1.101454,1.087200,1.101479,1.092733,1.099785,1.096711,1.043017,1.089321,1.067001,1.058714,1.082414,1.113818,1.113610,1.067299,1.063643,1.041111
1.815940,1.067898,1.080417,1.077699,1.071965,1.087062,1.091970,1.080823,1.077686,1.056872,1.098411,1.094889,1.077689,1.093172,1.084905,1.086336,1.097464,1.093029,1.086374,1.119195,1.061579,1.098234,1.113532,1.104619,1.102786,1.088029,1.102567,1.093869,1.100956,1.097903,1.043518,1.090146,1.067891,1.059952,1.083840,1.115109,1.115076,1.068076,1.064840,1.041054
1.824270,1.068176,1.081189,1.078719,1.073055,1.088108,1.093009,1.081858,1.078722,1.056814,1.099467,1.095942,1.078756,1.094252,1.086040,1.087600,1.098754,1.094219,1.087500,1.120556,1.062931,1.099560,1.114886,1.106004,1.104100,1.088852,1.103643,1.094993,1.102117,1.099084,1.044009,1.090950,1.068764,1.061179,1.085251,1.116384,1.116523,1.068846,1.066026,1.040997
1.832600,1.068449,1.081949,1.079725,1.074128,1.089136,1.094028,1.082874,1.079739,1.056757,1.100504,1.096974,1.079803,1.095313,1.087155,1.088844,1.100024,1.095392,1.088610,1.121900,1.064268,1.100867,1.116221,1.107369,1.105394,1.089667,1.104708,1.096102,1.103266,1.100253,1.044489,1.091732,1.069620,1.062392,1.086647,1.117643,1.117950,1.069609,1.067201,1.040941
1.840930,1.068719,1.082698,1.080716,1.075182,1.090143,1.095027,1.083870,1.080736,1.056700,1.101520,1.097986,1.080829,1.096353,1.088250,1.090068,1.101273,1.096546,1.089702,1.123225,1.065588,1.102152,1.117534,1.108712,1.106668,1.090473,1.105760,1.097195,1.104403,1.101409,1.044957,1.092492,1.070457,1.063590,1.088026,1.118884,1.119355,1.070365,1.068363,1.040885
1.849260,1.068983,1.083433,1.081690,1.076216,1.091129,1.096004,1.084845,1.081712,1.056644,1.102515,1.098977,1.081834,1.097371,1.089323,1.091269,1.102501,1.097682,1.090775,1.124531,1.066890,1.103415,1.118826,1.110032,1.107920,1.091270,1.106798,1.098273,1.105525,1.102551,1.045413,1.093228,1.071275,1.064774,1.089387,1.120107,1.120739,1.071111,1.069511,1.040829
1.857590,1.069242,1.084154,1.082646,1.077230,1.092093,1.096959,1.085798,1.082667,1.056587,1.103487,1.099945,1.082816,1.098367,1.090373,1.092447,1.103706,1.098796,1.091829,1.125816,1.068173,1.104654,1.120094,1.111327,1.109148,1.092056,1.107820,1.099332,1.106632,1.103677,1.045857,1.093941,1.072073,1.065941,1.090730,1.121310,1.122099,1.071848,1.070643,1.040773
1.865920,1.069495,1.084860,1.083583,1.078221,1.093034,1.097890,1.086728,1.083599,1.056530,1.104435,1.100889,1.083774,1.099339,1.091400,1.093600,1.104888,1.099888,1.092863,1.127080,1.069437,1.105868,1.121338,1.112598,1.110353,1.092832,1.108826,1.100373,1.107722,1.104786,1.046287,1.094629,1.072850,1.067090,1.092053,1.122493,1.123436,1.072575,1.071758,1.040717
1.874250,1.069741,1.085551,1.084501,1.079190,1.093951,1.098798,1.087635,1.084507,1.056473,1.105360,1.101809,1.084709,1.100287,1.092402,1.094727,1.106044,1.100958,1.093874,1.128321,1.070679,1.107056,1.122556,1.113842,1.111532,1.093594,1.109815,1.101394,1.108793,1.105876,1.046704,1.095292,1.073605,1.068222,1.093356,1.123655,1.124747,1.073290,1.072855,1.040661
1.882580,1.069980,1.086225,1.085398,1.080135,1.094843,1.099680,1.088517,1.085391,1.056415,1.106259,1.102704,1.085618,1.101210,1.093378,1.095829,1.107174,1.102004,1.094863,1.129538,1.071900,1.108218,1.123749,1.115059,1.112685,1.094344,1.110785,1.102394,1.109846,1.106947,1.047108,1.095930,1.074338,1.069334,1.094637,1.124795,1.126033,1.073994,1.073932,1.040604
1.890910,1.070211,1.086883,1.086274,1.081056,1.095709,1.100536,1.089373,1.086250,1.056357,1.107132,1.103573,1.086501,1.102106,1.094329,1.096902,1.108278,1.103026,1.095828,1.130731,1.073098,1.109352,1.124915,1.116249,1.113811,1.095080,1.111735,1.103373,1.110877,1.107996,1.047497,1.096542,1.075048,1.070425,1.095895,1.125913,1.127292,1.074685,1.074987,1.040547
1.899240,1.070435,1.087522,1.087127,1.081952,1.096550,1.101366,1.090204,1.087084,1.056297,1.107980,1.104416,1.087358,1.102976,1.095252,1.097948,1.109353,1.104022,1.096769,1.131898,1.074272,1.110458,1.126052,1.117409,1.114909,1.095801,1.112664,1.104328,1.111887,1.109022,1.047871,1.097129,1.075735,1.071496,1.097130,1.127007,1.128524,1.075363,1.076019,1.040488
1.907570,1.070650,1.088144,1.087958,1.082821,1.097364,1.102170,1.091009,1.087891,1.056237,1.108800,1.105232,1.088188,1.103819,1.096148,1.098964,1.110400,1.104991,1.097684,1.133038,1.075422,1.111534,1.127162,1.118540,1.115978,1.096506,1.113572,1.105260,1.112874,1.110025,1.048231,1.097690,1.076399,1.072545,1.098341,1.128077,1.129728,1.076026,1.077028,1.040429
1.915900,1.070857,1.088746,1.088764,1.083664,1.098151,1.102945,1.091786,1.088672,1.056176,1.109592,1.106020,1.088990,1.104634,1.097015,1.099951,1.111418,1.105933,1.098574,1.134151,1.076546,1.112580,1.128241,1.119641,1.117018,1.097194,1.114457,1.106167,1.113836,1.111003,1.048575,1.098225,1.077038,1.073571,1.099526,1.129121,1.130904,1.076675,1.078010,1.040369
1.924230,1.071054,1.089329,1.089546,1.084480,1.098909,1.103693,1.092536,1.089425,1.056114,1.110356,1.106780,1.089763,1.105420,1.097852,1.100907,1.112405,1.106846,1.099436,1.135236,1.077643,1.113595,1.129291,1.120710,1.118026,1.097865,1.115318,1.107049,1.114773,1.111954,1.048903,1.098733,1.077652,1.074572,1.100685,1.130140,1.132049,1.077308,1.078966,1.040307
1.932560,1.071242,1.089891,1.090302,1.085267,1.099639,1.104412,1.093258,1.090149,1.056050,1.111092,1.107511,1.090507,1.106177,1.098660,1.101831,1.113361,1.107731,1.100270,1.136291,1.078713,1.114578,1.130308,1.121748,1.119004,1.098518,1.116154,1.107903,1.115682,1.112878,1.049215,1.099215,1.078241,1.075549,1.101815,1.131131,1.133164,1.077925,1.079894,1.040245
1.940890,1.071420,1.090432,1.091032,1.086026,1.100341,1.105102,1.093951,1.090846,1.055985,1.111797,1.108213,1.091222,1.106904,1.099438,1.102722,1.114284,1.108585,1.101076,1.137315,1.079754,1.115528,1.131294,1.122751,1.119948,1.099151,1.116965,1.108730,1.116564,1.113772,1.049510,1.099670,1.078805,1.076500,1.102916,1.132095,1.134247,1.078525,1.080792,1.040181
1.949220,1.071587,1.090951,1.091734,1.086755,1.101012,1.105762,1.094615,1.091513,1.055919,1.112473,1.108884,1.091907,1.107601,1.100183,1.103580,1.115174,1.109408,1.101851,1.138307,1.080764,1.116444,1.132245,1.123720,1.120859,1.099764,1.117748,1.109528,1.117417,1.114637,1.049788,1.100098,1.079342,1.077424,1.103986,1.133029,1.135296,1.079106,1.081660,1.040115
1.957550,1.071744,1.091448,1.092408,1.087454,1.101653,1.106392,1.095249,1.092151,1.055850,1.113119,1.109526,1.092561,1.108266,1.100897,1.104403,1.116030,1.110199,1.102596,1.139265,1.081742,1.117324,1.133162,1.124653,1.121735,1.100357,1.118503,1.110296,1.118239,1.115470,1.050048,1.100499,1.079853,1.078319,1.105023,1.133932,1.136309,1.079669,1.082495,1.040048
1.965880,1.071890,1.091921,1.093053,1.088122,1.102264,1.106991,1.095852,1.092758,1.055781,1.113733,1.110135,1.093183,1.108900,1.101578,1.105191,1.116850,1.110957,1.103309,1.140189,1.082687,1.118167,1.134041,1.125547,1.122574,1.100926,1.119228,1.111033,1.119029,1.116270,1.050290,1.100872,1.080338,1.079185,1.106025,1.134803,1.137283,1.080213,1.083297,1.039979
1.974210,1.072024,1.092370,1.093668,1.088758,1.102843,1.107559,1.096425,1.093335,1.055709,1.114315,1.110713,1.093773,1.109502,1.102226,1.105942,1.117632,1.111679,1.103989,1.141077,1.083596,1.118972,1.134883,1.126402,1.123377,1.101473,1.119923,1.111738,1.119786,1.117037,1.050513,1.101218,1.080794,1.080019,1.106990,1.135640,1.138216,1.080736,1.084064,1.039909
1.982540,1.072146,1.092794,1.094252,1.089362,1.103390,1.108094,1.096965,1.093879,1.055636,1.114864,1.111259,1.094331,1.110070,1.102838,1.106655,1.118377,1.112367,1.104635,1.141926,1.084469,1.119738,1.135684,1.127216,1.124140,1.101996,1.120586,1.112409,1.120509,1.117768,1.050716,1.101536,1.081223,1.080822,1.107916,1.136442,1.139105,1.081238,1.084795,1.039837
1.990870,1.072256,1.093192,1.094804,1.089932,1.103904,1.108597,1.097474,1.094392,1.055560,1.115381,1.111772,1.094855,1.110604,1.103416,1.107330,1.119082,1.113017,1.105246,1.142737,1.085304,1.120463,1.136444,1.127986,1.124864,1.102493,1.121216,1.113046,1.121196,1.118462,1.050899,1.101826,1.081623,1.081591,1.108801,1.137207,1.139947,1.081717,1.085489,1.039762
1.999200,1.072353,1.093563,1.095323,1.090468,1.104385,1.109066,1.097950,1.094872,1.055483,1.115863,1.112250,1.095345,1.111104,1.103958,1.107965,1.119747,1.113629,1.105821,1.143507,1.086099,1.121145,1.137162,1.128712,1.125547,1.102965,1.121812,1.113647,1.121847,1.119119,1.051061,1.102088,1.081995,1.082325,1.109643,1.137934,1.140740,1.082174,1.086144,1.039686
2.007530,1.072438,1.093907,1.095808,1.090970,1.104832,1.109502,1.098392,1.095319,1.055404,1.116311,1.112695,1.095800,1.111569,1.104463,1.108559,1.120369,1.114203,1.106358,1.144235,1.086853,1.121784,1.137835,1.129391,1.126187,1.103409,1.122373,1.114212,1.122460,1.119737,1.051202,1.102322,1.082337,1.083022,1.110441,1.138621,1.141481,1.082607,1.086760,1.039608
2.015860,1.072509,1.094223,1.096259,1.091436,1.105245,1.109904,1.098800,1.095732,1.055322,1.116724,1.113105,1.096220,1.111998,1.104931,1.109111,1.120949,1.114737,1.106858,1.144919,1.087563,1.122379,1.138462,1.130023,1.126783,1.103825,1.122898,1.114739,1.123033,1.120314,1.051322,1.102527,1.082650,1.083683,1.111192,1.139268,1.142167,1.083015,1.087335,1.039528
2.024190,1.072567,1.094511,1.096674,1.091866,1.105623,1.110270,1.099174,1.096111,1.055239,1.117102,1.113479,1.096604,1.112391,1.105360,1.109620,1.121485,1.115229,1.107319,1.145559,1.088229,1.122928,1.139043,1.130605,1.127336,1.104213,1.123385,1.115227,1.123567,1.120851,1.051419,1.102703,1.082932,1.084304,1.111894,1.139872,1.142797,1.083399,1.087868,1.039445
2.032520,1.072611,1.094769,1.097053,1.092259,1.105965,1.110601,1.099513,1.096455,1.055153,1.117444,1.113817,1.096952,1.112747,1.105751,1.110087,1.121977,1.115681,1.107741,1.146153,1.088850,1.123430,1.139576,1.131138,1.127843,1.104571,1.123835,1.115676,1.124060,1.121346,1.051493,1.102850,1.083184,1.084887,1.112546,1.140434,1.143368,1.083756,1.088359,1.039361
2.040850,1.072642,1.094997,1.097396,1.092615,1.106272,1.110897,1.099817,1.096763,1.055065,1.117749,1.114120,1.097263,1.113066,1.106103,1.110509,1.122423,1.116089,1.108122,1.146700,1.089423,1.123886,1.140061,1.131619,1.128304,1.104898,1.124246,1.116084,1.124512,1.121798,1.051543,1.102968,1.083406,1.085428,1.113146,1.140952,1.143880,1.084087,1.088806,1.039274
2.049180,1.072658,1.095195,1.097701,1.092934,1.106542,1.111157,1.100085,1.097037,1.054974,1.118018,1.114386,1.097537,1.113347,1.106416,1.110887,1.122823,1.116455,1.108462,1.147199,1.089948,1.124293,1.140496,1.132049,1.128718,1.105195,1.124617,1.116452,1.124921,1.122207,1.051570,1.103056,1.083596,1.085928,1.113693,1.141427,1.144331,1.084390,1.089210,1.039185
2.057510,1.072661,1.095363,1.097969,1.093215,1.106776,1.111380,1.100318,1.097274,1.054882,1.118249,1.114615,1.097774,1.113591,1.106689,1.111219,1.123177,1.116778,1.108762,1.147650,1.090424,1.124653,1.140882,1.132426,1.129085,1.105460,1.124948,1.116778,1.125286,1.122571,1.051573,1.103116,1.083755,1.086386,1.114185,1.141857,1.144719,1.084666,1.089568,1.039094
2.065840,1.072649,1.095499,1.098199,1.093457,1.106973,1.111567,1.100514,1.097476,1.054787,1.118444,1.114806,1.097973,1.113796,1.106921,1.111507,1.123484,1.117056,1.109019,1.148051,1.090850,1.124963,1.141218,1.132750,1.129404,1.105694,1.125239,1.117062,1.125609,1.122890,1.051551,1.103146,1.083882,1.086801,1.114622,1.142243,1.145044,1.084914,1.089881,1.039001
2.074170,1.072622,1.095604,1.098390,1.093661,1.107134,1.111718,1.100674,1.097641,1.054690,1.118600,1.114961,1.098135,1.113963,1.107114,1.111748,1.123743,1.117291,1.109234,1.148402,1.091225,1.125225,1.141504,1.133021,1.129675,1.105894,1.125488,1.117304,1.125887,1.123165,1.051505,1.103146,1.083978,1.087173,1.115001,1.142584,1.145306,1.085133,1.090148,1.038905
2.082500,1.072582,1.095678,1.098543,1.093826,1.107257,1.111831,1.100797,1.097769,1.054591,1.118720,1.115078,1.098258,1.114092,1.107265,1.111944,1.123955,1.117481,1.109408,1.148703,1.091548,1.125438,1.141739,1.133239,1.129898,1.106062,1.125696,1.117503,1.126120,1.123393,1.051433,1.103117,1.084043,1.087500,1.115323,1.142880,1.145504,1.085324,1.090370,1.038807
2.090830,1.072527,1.095720,1.098656,1.093952,1.107343,1.111907,1.100884,1.097861,1.054490,1.118801,1.115158,1.098344,1.114182,1.107376,1.112094,1.124120,1.117626,1.109538,1.148953,1.091819,1.125602,1.141924,1.133403,1.130073,1.106197,1.125863,1.117660,1.126308,1.123576,1.051336,1.103059,1.084075,1.087783,1.115585,1.143130,1.145638,1.085485,1.090544,1.038708
2.099160,1.072458,1.095730,1.098731,1.094040,1.107392,1.111947,1.100934,1.097917,1.054386,1.118845,1.115200,1.098391,1.114233,1.107447,1.112198,1.124236,1.117727,1.109627,1.149152,1.092037,1.125716,1.142059,1.133514,1.130199,1.106298,1.125987,1.117773,1.126452,1.123713,1.051213,1.102971,1.084076,1.088021,1.115789,1.143336,1.145708,1.085617,1.090672,1.038606
2.107490,1.072375,1.095707,1.098767,1.094088,1.107404,1.111949,1.100947,1.097936,1.054281,1.118851,1.115204,1.098400,1.114246,1.107477,1.112256,1.124305,1.117783,1.109673,1.149300,1.092203,1.125782,1.142143,1.133572,1.130277,1.106366,1.126070,1.117844,1.126550,1.123803,1.051065,1.102854,1.084045,1.088214,1.115933,1.143497,1.145715,1.085719,1.090753,1.038502
2.115820,1.072277,1.095653,1.098764,1.094098,1.107378,1.111915,1.100924,1.097918,1.054173,1.118819,1.115171,1.098371,1.114220,1.107466,1.112268,1.124327,1.117795,1.109676,1.149396,1.092315,1.125799,1.142178,1.133578,1.130306,1.106400,1.126110,1.117871,1.126602,1.123846,1.050890,1.102708,1.083983,1.088362,1.116016,1.143614,1.145658,1.085792,1.090786,1.038396
2.124150,1.072166,1.095567,1.098723,1.094069,1.107316,1.111844,1.100864,1.097864,1.054064,1.118750,1.115101,1.098305,1.114156,1.107415,1.112235,1.124301,1.117762,1.109637,1.149441,1.092374,1.125767,1.142163,1.133530,1.130288,1.106400,1.126108,1.117856,1.126609,1.123843,1.050690,1.102533,1.083889,1.088465,1.116040,1.143686,1.145539,1.085834,1.090773,1.038288
2.132480,1.072040,1.095450,1.098642,1.094001,1.107217,1.111737,1.100768,1.097774,1.053953,1.118643,1.114993,1.098201,1.114054,1.107324,1.112156,1.124229,1.117685,1.109556,1.149434,1.092379,1.125688,1.142099,1.133431,1.130222,1.106367,1.126064,1.117798,1.126571,1.123794,1.050463,1.102328,1.083764,1.088523,1.116002,1.143714,1.145358,1.085847,1.090713,1.038179
2.140810,1.071901,1.095300,1.098523,1.093894,1.107081,1.111593,1.100636,1.097648,1.053840,1.118500,1.114849,1.098059,1.113913,1.107193,1.112032,1.124110,1.117565,1.109434,1.149377,1.092332,1.125561,1.141986,1.133280,1.130109,1.106299,1.125979,1.117697,1.126487,1.123698,1.050211,1.102095,1.083607,1.088536,1.115905,1.143699,1.145116,1.085830,1.090606,1.038068
2.149140,1.071749,1.095119,1.098366,1.093750,1.106908,1.111412,1.100468,1.097485,1.053725,1.118319,1.114668,1.097880,1.113735,1.107022,1.111864,1.123944,1.117401,1.109270,1.149269,1.092231,1.125387,1.141826,1.133079,1.129948,1.106198,1.125851,1.117554,1.126358,1.123556,1.049933,1.101834,1.083420,1.088504,1.115747,1.143642,1.144813,1.085783,1.090452,1.037955
2.157470,1.071582,1.094906,1.098171,1.093567,1.106700,1.111196,1.100265,1.097288,1.053609,1.118102,1.114451,1.097664,1.113520,1.106812,1.111652,1.123733,1.117193,1.109065,1.149110,1.092077,1.125167,1.141618,1.132827,1.129742,1.106064,1.125682,1.117368,1.126185,1.123368,1.049628,1.101544,1.083202,1.088428,1.115529,1.143542,1.144450,1.085706,1.090251,1.037840
2.165800,1.071403,1.094662,1.097938,1.093347,1.106456,1.110945,1.100026,1.097054,1.053491,1.117849,1.114197,1.097412,1.113268,1.106564,1.111396,1.123477,1.116944,1.108819,1.148902,1.091871,1.124901,1.141364,1.132527,1.129490,1.105896,1.125473,1.117142,1.125966,1.123135,1.049298,1.101226,1.082953,1.088307,1.115251,1.143400,1.144029,1.085599,1.090004,1.037724
2.174130,1.071211,1.094388,1.097668,1.093090,1.106176,1.110658,1.099752,1.096787,1.053372,1.117560,1.113908,1.097124,1.112979,1.106277,1.111097,1.123177,1.116652,1.108533,1.148644,1.091613,1.124590,1.141064,1.132177,1.129192,1.105695,1.125222,1.116874,1.125704,1.122856,1.048942,1.100881,1.082675,1.088142,1.114914,1.143217,1.143551,1.085463,1.089712,1.037606
2.182460,1.071006,1.094082,1.097362,1.092796,1.105862,1.110337,1.099444,1.096484,1.053251,1.117235,1.113584,1.096800,1.112654,1.105952,1.110756,1.122832,1.116319,1.108207,1.148337,1.091303,1.124234,1.140718,1.131779,1.128850,1.105461,1.124931,1.116565,1.125397,1.122532,1.048560,1.100508,1.082366,1.087934,1.114519,1.142994,1.143015,1.085297,1.089374,1.037487
2.190790,1.070788,1.093747,1.097019,1.092466,1.105513,1.109982,1.099102,1.096148,1.053129,1.116876,1.113225,1.096441,1.112293,1.105590,1.110373,1.122444,1.115945,1.107842,1.147982,1.090943,1.123835,1.140329,1.131335,1.128464,1.105195,1.124600,1.116217,1.125047,1.122164,1.048153,1.100108,1.082029,1.087682,1.114066,1.142731,1.142425,1.085103,1.088991,1.037367
2.199120,1.070558,1.093381,1.096640,1.092100,1.105130,1.109592,1.098726,1.095778,1.053006,1.116482,1.112832,1.096047,1.111898,1.105191,1.109949,1.122014,1.115530,1.107439,1.147579,1.090532,1.123393,1.139896,1.130845,1.128035,1.104897,1.124230,1.115828,1.124654,1.121752,1.047720,1.099682,1.081663,1.087389,1.113555,1.142429,1.141779,1.084879,1.088563,1.037246
2.207450,1.070316,1.092987,1.096226,1.091699,1.104713,1.109170,1.098317,1.095374,1.052882,1.116054,1.112405,1.095619,1.111468,1.104756,1.109485,1.121542,1.115077,1.106998,1.147130,1.090071,1.122910,1.139420,1.130309,1.127564,1.104567,1.123821,1.115401,1.124219,1.121296,1.047263,1.099229,1.081268,1.087053,1.112988,1.142089,1.141081,1.084627,1.088092,1.037124
2.215780,1.070063,1.092563,1.095778,1.091264,1.104264,1.108715,1.097875,1.094939,1.052757,1.115594,1.111945,1.095158,1.111004,1.104285,1.108981,1.121029,1.114584,1.106520,1.146634,1.089562,1.122385,1.138902,1.129729,1.127051,1.104205,1.123373,1.114936,1.123741,1.120798,1.046781,1.098751,1.080845,1.086676,1.112366,1.141711,1.140330,1.084347,1.087577,1.037001
2.224110,1.069798,1.092110,1.095295,1.090794,1.103782,1.108228,1.097402,1.094471,1.052631,1.115100,1.111453,1.094664,1.110506,1.103780,1.108439,1.120476,1.114053,1.106006,1.146093,1.089005,1.121820,1.138344,1.129106,1.126497,1.103813,1.122888,1.114432,1.123222,1.120257,1.046275,1.098248,1.080395,1.086258,1.111689,1.141297,1.139529,1.084039,1.087019,1.036877
2.232440,1.069522,1.091630,1.094780,1.090291,1.103269,1.107710,1.096898,1.093973,1.052504,1.114575,1.110930,1.094138,1.109977,1.103241,1.107858,1.119884,1.113486,1.105455,1.145508,1.088401,1.121215,1.137745,1.128440,1.125904,1.103391,1.122366,1.113892,1.122663,1.119675,1.045745,1.097720,1.079918,1.085801,1.110959,1.140846,1.138677,1.083704,1.086419,1.036752
2.240770,1.069235,1.091123,1.094232,1.089756,1.102725,1.107161,1.096363,1.093444,1.052377,1.114019,1.110375,1.093581,1.109415,1.102668,1.107241,1.119254,1.112882,1.104871,1.144880,1.087750,1.120573,1.137108,1.127733,1.125272,1.102939,1.121808,1.113316,1.122064,1.119052,1.045191,1.097169,1.079415,1.085304,1.110177,1.140361,1.137776,1.083341,1.085777,1.036627
2.249100,1.068938,1.090588,1.093652,1.089190,1.102152,1.106583,1.095799,1.092885,1.052250,1.113432,1.109790,1.092993,1.108823,1.102063,1.106588,1.118586,1.112242,1.104252,1.144208,1.087054,1.119893,1.136433,1.126986,1.124602,1.102458,1.121214,1.112705,1.121425,1.118389,1.044613,1.096597,1.078886,1.084769,1.109343,1.139841,1.136828,1.082952,1.085095,1.036501
2.257430,1.068631,1.090027,1.093041,1.088592,1.101549,1.105976,1.095206,1.092298,1.052122,1.112817,1.109177,1.092376,1.108201,1.101427,1.105899,1.117882,1.111568,1.103599,1.143496,1.086314,1.119176,1.135720,1.126200,1.123894,1.101949,1.120586,1.112059,1.120748,1.117687,1.044013,1.096003,1.078332,1.084196,1.108460,1.139288,1.135834,1.082537,1.084372,1.036375
2.265760,1.068314,1.089441,1.092401,1.087965,1.100919,1.105342,1.094586,1.091683,1.051993,1.112173,1.108535,1.091730,1.107550,1.100761,1.105177,1.117142,1.110860,1.102915,1.142743,1.085531,1.118424,1.134972,1.125375,1.123151,1.101412,1.119924,1.111379,1.120034,1.116946,1.043391,1.095389,1.077755,1.083586,1.107527,1.138702,1.134794,1.082096,1.083611,1.036249
2.274090,1.067988,1.088830,1.091731,1.087309,1.100262,1.104682,1.093940,1.091042,1.051865,1.111502,1.107866,1.091057,1.106871,1.100065,1.104422,1.116368,1.110119,1.102200,1.141950,1.084705,1.117638,1.134189,1.124513,1.122373,1.100848,1.119228,1.110667,1.119282,1.116167,1.042747,1.094758,1.077154,1.082941,1.106548,1.138084,1.133710,1.081631,1.082811,1.036122
2.282420,1.067652,1.088194,1.091033,1.086626,1.099580,1.103997,1.093268,1.090376,1.051736,1.110804,1.107172,1.090358,1.106166,1.099342,1.103635,1.115561,1.109347,1.101454,1.141119,1.083839,1.116819,1.133372,1.123615,1.121561,1.100257,1.118501,1.109923,1.118495,1.115352,1.042081,1.094110,1.076532,1.082261,1.105522,1.137436,1.132583,1.081141,1.081974,1.035996
2.290750,1.067308,1.087535,1.090308,1.085916,1.098873,1.103288,1.092572,1.089685,1.051608,1.110082,1.106454,1.089634,1.105435,1.098591,1.102817,1.114722,1.108545,1.100679,1.140251,1.082933,1.115968,1.132522,1.122683,1.120716,1.099641,1.117742,1.109148,1.117673,1.114500,1.041395,1.093447,1.075887,1.081546,1.104452,1.136757,1.131415,1.080627,1.081100,1.035869
2.299080,1.066956,1.086854,1.089557,1.085180,1.098143,1.102556,1.091854,1.088972,1.051480,1.109336,1.105711,1.088886,1.104680,1.097815,1.101969,1.113851,1.107713,1.099876,1.139347,1.081988,1.115085,1.131640,1.121716,1.119840,1.099001,1.116953,1.108343,1.116817,1.113615,1.040688,1.092770,1.075223,1.080799,1.103338,1.136050,1.130207,1.080090,1.080191,1.035743
2.307410,1.066596,1.086150,1.088781,1.084421,1.097391,1.101802,1.091114,1.088236,1.051352,1.108568,1.104947,1.088115,1.103901,1.097013,1.101093,1.112951,1.106852,1.099046,1.138409,1.081006,1.114173,1.130728,1.120717,1.118933,1.098336,1.116135,1.107510,1.115928,1.112695,1.039962,1.092080,1.074538,1.080020,1.102183,1.135314,1.128960,1.079531,1.079247,1.035617
2.315740,1.066229,1.085426,1.087980,1.083637,1.096618,1.101028,1.090353,1.087480,1.051225,1.107777,1.104161,1.087322,1.103100,1.096188,1.100190,1.112022,1.105964,1.098190,1.137436,1.079987,1.113232,1.129786,1.119687,1.117996,1.097649,1.115289,1.106649,1.115006,1.111742,1.039216,1.091379,1.073835,1.079210,1.100987,1.134551,1.127676,1.078950,1.078269,1.035491
2.324070,1.065854,1.084680,1.087156,1.082832,1.095825,1.100235,1.089572,1.086704,1.051098,1.106965,1.103354,1.086509,1.102277,1.095340,1.099260,1.111065,1.105050,1.097308,1.136431,1.078934,1.112263,1.128815,1.118626,1.117031,1.096939,1.114414,1.105760,1.114054,1.110757,1.038452,1.090668,1.073114,1.078369,1.099752,1.133762,1.126355,1.078348,1.077259,1.035367
2.332400,1.065473,1.083916,1.086309,1.082005,1.095013,1.099423,1.088772,1.085908,1.050972,1.106134,1.102528,1.085675,1.101435,1.094471,1.098305,1.110081,1.104110,1.096403,1.135395,1.077847,1.111267,1.127817,1.117536,1.116039,1.096207,1.113514,1.104847,1.113071,1.109742,1.037671,1.089947,1.072375,1.077499,1.098480,1.132946,1.124999,1.077725,1.076217,1.035242
2.340730,1.065086,1.083133,1.085442,1.081158,1.094184,1.098593,1.087955,1.085096,1.050846,1.105284,1.101685,1.084823,1.100573,1.093581,1.097327,1.109072,1.103146,1.095475,1.134328,1.076728,1.110246,1.126792,1.116418,1.115020,1.095456,1.112589,1.103908,1.112060,1.108697,1.036874,1.089218,1.071620,1.076602,1.097172,1.132107,1.123610,1.077084,1.075145,1.035119
2.349060,1.064693,1.082335,1.084556,1.080292,1.093338,1.097748,1.087122,1.084266,1.050722,1.104417,1.100824,1.083954,1.099693,1.092672,1.096325,1.108039,1.102160,1.094525,1.133233,1.075577,1.109201,1.125742,1.115273,1.113977,1.094687,1.111640,1.102948,1.111022,1.107624,1.036066,1.088483,1.070850,1.075678,1.095829,1.131243,1.122189,1.076424,1.074044,1.034996
2.357390,1.064297,1.081522,1.083653,1.079409,1.092476,1.096888,1.086274,1.083422,1.050599,1.103534,1.099947,1.083068,1.098797,1.091745,1.095302,1.106984,1.101152,1.093556,1.132110,1.074397,1.108132,1.124669,1.114103,1.112911,1.093902,1.110670,1.101965,1.109958,1.106525,1.035247,1.087740,1.070065,1.074727,1.094454,1.130357,1.120737,1.075748,1.072916,1.034875
2.365720,1.063896,1.080695,1.082732,1.078509,1.091600,1.096014,1.085411,1.082563,1.050477,1.102635,1.099056,1.082167,1.097884,1.090801,1.094259,1.105906,1.100125,1.092568,1.130961,1.073188,1.107042,1.123572,1.112909,1.111822,1.093100,1.109678,1.100962,1.108868,1.105400,1.034418,1.086993,1.069267,1.073753,1.093048,1.129449,1.119256,1.075057,1.071760,1.034755
2.374050,1.063492,1.079856,1.081795,1.077594,1.090711,1.095127,1.084535,1.081690,1.050357,1.101722,1.098151,1.081252,1.096958,1.089842,1.093197,1.104808,1.099078,1.091563,1.129788,1.071953,1.105931,1.122454,1.111691,1.110712,1.092283,1.108666,1.099939,1.107756,1.104251,1.033580,1.086241,1.068455,1.072754,1.091612,1.128520,1.117747,1.074350,1.070580,1.034637
2.382380,1.063084,1.079004,1.080844,1.076664,1.089810,1.094228,1.083647,1.080805,1.050238,1.100796,1.097233,1.080323,1.096017,1.088867,1.092117,1.103691,1.098013,1.090540,1.128590,1.070691,1.104800,1.121315,1.110452,1.109581,1.091452,1.107636,1.098898,1.106620,1.103078,1.032734,1.085485,1.067632,1.071733,1.090147,1.127571,1.116211,1.073628,1.069375,1.034520
2.390710,1.062673,1.078140,1.079879,1.075721,1.088896,1.093317,1.082747,1.079909,1.050121,1.099857,1.096303,1.079382,1.095063,1.087879,1.091019,1.102555,1.096931,1.089502,1.127369,1.069405,1.103651,1.120155,1.109192,1.108432,1.090608,1.106587,1.097839,1.105463,1.101883,1.031880,1.084725,1.066796,1.070690,1.088656,1.126603,1.114651,1.072894,1.068147,1.034404
2.399040,1.062260,1.077267,1.078901,1.074765,1.087972,1.092396,1.081836,1.079001,1.050006,1.098906,1.095361,1.078429,1.094097,1.086877,1.089905,1.101401,1.095833,1.088449,1.126127,1.068095,1.102483,1.118977,1.107911,1.107264,1.089752,1.105522,1.096764,1.104286,1.100667,1.031018,1.083963,1.065950,1.069627,1.087140,1.125616,1.113067,1.072146,1.066898,1.034291
2.407370,1.061844,1.076383,1.077910,1.073796,1.087038,1.091466,1.080916,1.078083,1.049892,1.097944,1.094409,1.077465,1.093120,1.085863,1.088776,1.100231,1.094720,1.087381,1.124865,1.066763,1.101299,1.117781,1.106613,1.106079,1.088884,1.104440,1.095674,1.103089,1.099431,1.030151,1.083199,1.065093,1.068543,1.085600,1.124611,1.111461,1.071387,1.065627,1.034179
2.415700,1.061427,1.075491,1.076909,1.072817,1.086094,1.090527,1.079986,1.077156,1.049780,1.096972,1.093447,1.076491,1.092132,1.084838,1.087633,1.099045,1.093592,1.086301,1.123583,1.065411,1.100098,1.116568,1.105296,1.104878,1.088005,1.103344,1.094568,1.101874,1.098176,1.029278,1.082434,1.064226,1.067442,1.084037,1.123589,1.109834,1.070616,1.064336,1.034069
2.424030,1.061008,1.074590,1.075897,1.071828,1.085142,1.089580,1.079048,1.076221,1.049670,1.095990,1.092477,1.075508,1.091135,1.083802,1.086476,1.097845,1.092451,1.085209,1.122282,1.064038,1.098883,1.115339,1.103963,1.103661,1.087116,1.102233,1.093449,1.100642,1.096903,1.028400,1.081667,1.063351,1.066322,1.082454,1.122550,1.108189,1.069835,1.063027,1.033960
2.432360,1.060587,1.073681,1.074876,1.070829,1.084183,1.088625,1.078103,1.075277,1.049563,1.095000,1.091498,1.074516,1.090128,1.082757,1.085307,1.096630,1.091298,1.084105,1.120965,1.062647,1.097653,1.114095,1.102614,1.102430,1.086218,1.101109,1.092317,1.099393,1.095613,1.027517,1.080900,1.062466,1.065186,1.080851,1.121496,1.106525,1.069043,1.061699,1.033854
2.440690,1.060166,1.072766,1.073846,1.069821,1.083216,1.087664,1.077150,1.074326,1.049457,1.094001,1.090511,1.073516,1.089113,1.081702,1.084126,1.095404,1.090133,1.082991,1.119632,1.061239,1.096410,1.112836,1.101251,1.101186,1.085312,1.099973,1.091174,1.098128,1.094307,1.026631,1.080132,1.061574,1.064035,1.079230,1.120428,1.104845,1.068243,1.060355,1.033750
2.449020,1.059743,1.071844,1.072808,1.068805,1.082243,1.086696,1.076191,1.073369,1.049353,1.092996,1.089518,1.072510,1.088091,1.080640,1.082935,1.094165,1.088957,1.081867,1.118284,1.059814,1.095156,1.111565,1.099874,1.099930,1.084398,1.098826,1.090019,1.096850,1.092987,1.025741,1.079365,1.060675,1.062869,1.077593,1.119345,1.103150,1.067434,1.058996,1.033648
2.457350,1.059321,1.070917,1.071762,1.067783,1.081265,1.085724,1.075227,1.072406,1.049252,1.091984,1.088519,1.071496,1.087062,1.079570,1.081733,1.092915,1.087772,1.080735,1.116922,1.058375,1.093889,1.110281,1.098485,1.098662,1.083477,1.097668,1.088854,1.095558,1.091653,1.024848,1.078598,1.059768,1.061690,1.075941,1.118250,1.101442,1.066617,1.057622,1.033548
2.465680,1.058898,1.069985,1.070711,1.066754,1.080281,1.084747,1.074257,1.071438,1.049153,1.090966,1.087514,1.070477,1.086027,1.078493,1.080523,1.091656,1.086578,1.079595,1.115547,1.056922,1.092613,1.108986,1.097085,1.097383,1.082550,1.096501,1.087681,1.094254,1.090306,1.023954,1.077833,1.058856,1.060499,1.074275,1.117142,1.099723,1.065793,1.056235,1.033451
2.474010,1.058475,1.069049,1.069654,1.065719,1.079293,1.083766,1.073283,1.070466,1.049056,1.089943,1.086504,1.069453,1.084986,1.077410,1.079305,1.090388,1.085376,1.078448,1.114162,1.055457,1.091328,1.107682,1.095675,1.096095,1.081618,1.095325,1.086498,1.092939,1.088947,1.023057,1.077069,1.057937,1.059297,1.072597,1.116024,1.097993,1.064963,1.054835,1.033355
2.482340,1.058052,1.068109,1.068593,1.064679,1.078302,1.082781,1.072306,1.069490,1.048962,1.088915,1.085491,1.068425,1.083942,1.076323,1.078080,1.089112,1.084166,1.077295,1.112766,1.053981,1.090034,1.106368,1.094257,1.094799,1.080681,1.094142,1.085309,1.091613,1.087579,1.022159,1.076306,1.057014,1.058085,1.070908,1.114896,1.096255,1.064127,1.053424,1.033262
2.490670,1.057630,1.067167,1.067528,1.063636,1.077308,1.081794,1.071326,1.068511,1.048870,1.087884,1.084474,1.067393,1.082893,1.075231,1.076849,1.087829,1.082951,1.076136,1.111361,1.052496,1.088733,1.105047,1.092831,1.093495,1.079740,1.092952,1.084113,1.090279,1.086200,1.021261,1.075546,1.056087,1.056864,1.069210,1.113759,1.094510,1.063286,1.052004,1.033172
2.499000,1.057209,1.066222,1.066460,1.062589,1.076311,1.080806,1.070344,1.067529,1.048780,1.086851,1.083456,1.066359,1.081842,1.074136,1.075613,1.086540,1.081731,1.074974,1.109949,1.051002,1.087426,1.103719,1.091399,1.092186,1.078797,1.091756,1.082913,1.088937,1.084814,1.020362,1.074789,1.055157,1.055636,1.067504,1.112615,1.092760,1.062441,1.050574,1.033084
2.507330,1.056789,1.065277,1.065390,1.061540,1.075314,1.079816,1.069360,1.066547,1.048693,1.085816,1.082435,1.065323,1.080788,1.073039,1.074372,1.085246,1.080507,1.073808,1.108530,1.049500,1.086115,1.102386,1.089962,1.090870,1.077851,1.090556,1.081707,1.087588,1.083420,1.019464,1.074035,1.054226,1.054402,1.065792,1.111464,1.091007,1.061593,1.049137,1.032998
2.515660,1.056370,1.064330,1.064319,1.060490,1.074317,1.078827,1.068377,1.065564,1.048609,1.084780,1.081415,1.064286,1.079734,1.071940,1.073129,1.083949,1.079280,1.072640,1.107106,1.047993,1.084799,1.101049,1.088522,1.089551,1.076903,1.089353,1.080499,1.086233,1.082021,1.018566,1.073285,1.053293,1.053162,1.064075,1.110309,1.089252,1.060741,1.047693,1.032915
2.523990,1.055953,1.063384,1.063247,1.059439,1.073320,1.077838,1.067393,1.064581,1.048527,1.083744,1.080394,1.063250,1.078680,1.070841,1.071884,1.082649,1.078050,1.071471,1.105679,1.046482,1.083482,1.099710,1.087079,1.088229,1.075955,1.088147,1.079288,1.084873,1.080617,1.017670,1.072538,1.052360,1.051919,1.062355,1.109150,1.087497,1.059888,1.046244,1.032834
2.532320,1.055538,1.062438,1.062177,1.058389,1.072324,1.076851,1.066411,1.063599,1.048448,1.082709,1.079375,1.062215,1.077627,1.069742,1.070638,1.081348,1.076820,1.070301,1.104248,1.044967,1.082162,1.098369,1.085636,1.086906,1.075007,1.086939,1.078076,1.083510,1.079209,1.016776,1.071797,1.051428,1.050673,1.060633,1.107988,1.085744,1.059034,1.044790,1.032756
2.540650,1.055125,1.061494,1.061108,1.057340,1.071330,1.075866,1.065431,1.062619,1.048371,1.081677,1.078358,1.061181,1.076576,1.068645,1.069392,1.080046,1.075590,1.069132,1.102816,1.043451,1.080843,1.097028,1.084193,1.085581,1.074060,1.085730,1.076863,1.082145,1.077798,1.015884,1.071060,1.050499,1.049426,1.058911,1.106826,1.083994,1.058179,1.043334,1.032680
2.548980,1.054714,1.060552,1.060041,1.056293,1.070339,1.074884,1.064454,1.061641,1.048297,1.080647,1.077345,1.060151,1.075527,1.067550,1.068147,1.078745,1.074361,1.067964,1.101384,1.041934,1.079524,1.095688,1.082753,1.084257,1.073115,1.084522,1.075651,1.080779,1.076387,1.014994,1.070329,1.049572,1.048178,1.057191,1.105663,1.082249,1.057324,1.041876,1.032608
2.557310,1.054306,1.059613,1.058977,1.055248,1.069352,1.073906,1.063480,1.060667,1.048226,1.079621,1.076335,1.059124,1.074482,1.066458,1.066904,1.077446,1.073133,1.066799,1.099953,1.040418,1.078207,1.094350,1.081315,1.082934,1.072172,1.083316,1.074441,1.079412,1.074975,1.014108,1.069603,1.048650,1.046932,1.055473,1.104501,1.080511,1.056470,1.040418,1.032537
2.565640,1.053901,1.058677,1.057917,1.054208,1.068370,1.072933,1.062510,1.059697,1.048157,1.078599,1.075329,1.058102,1.073442,1.065370,1.065664,1.076149,1.071908,1.065637,1.098524,1.038903,1.076893,1.093015,1.079881,1.081613,1.071232,1.082111,1.073233,1.078046,1.073564,1.013226,1.068884,1.047732,1.045687,1.053759,1.103342,1.078781,1.055617,1.038959,1.032470
2.573970,1.053499,1.057745,1.056862,1.053172,1.067392,1.071965,1.061546,1.058732,1.048091,1.077583,1.074329,1.057085,1.072406,1.064287,1.064428,1.074856,1.070687,1.064478,1.097099,1.037392,1.075583,1.091684,1.078452,1.080296,1.070296,1.080910,1.072029,1.076682,1.072154,1.012348,1.068171,1.046820,1.044445,1.052050,1.102185,1.077061,1.054767,1.037503,1.032405
2.582300,1.053100,1.056818,1.055812,1.052141,1.066420,1.071002,1.060586,1.057772,1.048028,1.076572,1.073334,1.056073,1.071376,1.063209,1.063196,1.073566,1.069470,1.063324,1.095677,1.035886,1.074277,1.090359,1.077030,1.078982,1.069364,1.079713,1.070828,1.075321,1.070748,1.011474,1.067465,1.045914,1.043208,1.050348,1.101032,1.075351,1.053919,1.036049,1.032343
2.590630,1.052704,1.055896,1.054769,1.051115,1.065454,1.070047,1.059633,1.056818,1.047968,1.075568,1.072346,1.055068,1.070353,1.062137,1.061969,1.072282,1.068258,1.062176,1.094261,1.034384,1.072976,1.089039,1.075614,1.077674,1.068437,1.078520,1.069633,1.073963,1.069346,1.010605,1.066767,1.045015,1.041975,1.048654,1.099884,1.073654,1.053075,1.034598,1.032284
2.598960,1.052313,1.054980,1.053732,1.050097,1.064495,1.069098,1.058687,1.055870,1.047911,1.074572,1.071365,1.054070,1.069336,1.061071,1.060749,1.071004,1.067053,1.061035,1.092851,1.032889,1.071682,1.087726,1.074207,1.076372,1.067517,1.077333,1.068443,1.072611,1.067948,1.009743,1.066076,1.044124,1.040748,1.046970,1.098741,1.071971,1.052236,1.033153,1.032227
2.607290,1.051925,1.054071,1.052703,1.049085,1.063543,1.068156,1.057748,1.054930,1.047856,1.073583,1.070392,1.053080,1.068328,1.060014,1.059536,1.069733,1.065854,1.059900,1.091449,1.031402,1.070395,1.086421,1.072809,1.075076,1.066603,1.076153,1.067260,1.071265,1.066557,1.008888,1.065392,1.043241,1.039528,1.045296,1.097604,1.070303,1.051401,1.031713,1.032174
2.615620,1.051541,1.053170,1.051682,1.048081,1.062600,1.067223,1.056816,1.053997,1.047805,1.072603,1.069427,1.052099,1.067327,1.058964,1.058330,1.068470,1.064663,1.058773,1.090055,1.029924,1.069116,1.085124,1.071421,1.073788,1.065697,1.074981,1.066085,1.069925,1.065173,1.008042,1.064717,1.042367,1.038316,1.043633,1.096473,1.068650,1.050573,1.030281,1.032123
2.623950,1.051163,1.052277,1.050670,1.047085,1.061664,1.066298,1.055893,1.053072,1.047756,1.071631,1.068471,1.051125,1.066336,1.057922,1.057132,1.067215,1.063480,1.057655,1.088669,1.028454,1.067845,1.083836,1.070044,1.072508,1.064798,1.073817,1.064918,1.068594,1.063797,1.007204,1.064049,1.041502,1.037112,1.041983,1.095350,1.067015,1.049750,1.028856,1.032075
2.632280,1.050788,1.051393,1.049668,1.046098,1.060738,1.065381,1.054978,1.052156,1.047710,1.070669,1.067524,1.050162,1.065354,1.056890,1.055943,1.065968,1.062307,1.056545,1.087294,1.026996,1.066584,1.082558,1.068678,1.071237,1.063909,1.072662,1.063760,1.067271,1.062430,1.006375,1.063389,1.040646,1.035917,1.040347,1.094235,1.065399,1.048935,1.027441,1.032029
2.640610,1.050419,1.050518,1.048676,1.045120,1.059820,1.064474,1.054072,1.051248,1.047667,1.069717,1.066587,1.049207,1.064381,1.055867,1.054764,1.064732,1.061142,1.055446,1.085929,1.025548,1.065332,1.081291,1.067324,1.069975,1.063029,1.071517,1.062612,1.065958,1.061073,1.005557,1.062737,1.039800,1.034732,1.038726,1.093129,1.063802,1.048128,1.026035,1.031987
2.648940,1.050054,1.049653,1.047694,1.044152,1.058912,1.063576,1.053175,1.050349,1.047627,1.068774,1.065659,1.048263,1.063419,1.054854,1.053595,1.063505,1.059988,1.054357,1.084576,1.024113,1.064091,1.080034,1.065984,1.068724,1.062159,1.070382,1.061474,1.064655,1.059727,1.004749,1.062093,1.038965,1.033557,1.037121,1.092031,1.062225,1.047328,1.024640,1.031947
2.657270,1.049695,1.048798,1.046723,1.043193,1.058013,1.062688,1.052287,1.049460,1.047590,1.067842,1.064741,1.047328,1.062466,1.053852,1.052436,1.062290,1.058845,1.053278,1.083234,1.022691,1.062861,1.078790,1.064657,1.067483,1.061299,1.069258,1.060347,1.063363,1.058392,1.003953,1.061456,1.038139,1.032393,1.035532,1.090943,1.060669,1.046537,1.023257,1.031911
2.665600,1.049340,1.047954,1.045764,1.042245,1.057124,1.061809,1.051408,1.048579,1.047555,1.066920,1.063834,1.046404,1.061524,1.052859,1.051288,1.061085,1.057712,1.052211,1.081905,1.021282,1.061643,1.077557,1.063344,1.066254,1.060450,1.068146,1.059231,1.062083,1.057069,1.003168,1.060827,1.037325,1.031241,1.033960,1.089865,1.059135,1.045755,1.021886,1.031877
2.673930,1.048991,1.047121,1.044816,1.041307,1.056245,1.060940,1.050540,1.047709,1.047524,1.066009,1.062937,1.045490,1.060593,1.051878,1.050151,1.059893,1.056592,1.051155,1.080589,1.019887,1.060436,1.076338,1.062046,1.065037,1.059612,1.067046,1.058127,1.060816,1.055759,1.002395,1.060204,1.036521,1.030101,1.032407,1.088798,1.057624,1.044983,1.020529,1.031846
2.682260,1.048647,1.046299,1.043880,1.040379,1.055375,1.060081,1.049681,1.046848,1.047495,1.065108,1.062050,1.044587,1.059672,1.050907,1.049026,1.058712,1.055483,1.050110,1.079287,1.018508,1.059242,1.075131,1.060763,1.063831,1.058786,1.065958,1.057035,1.059562,1.054463,1.001634,1.059589,1.035729,1.028973,1.030872,1.087741,1.056136,1.044220,1.019185,1.031817
2.690590,1.048308,1.045488,1.042956,1.039463,1.054516,1.059232,1.048831,1.045996,1.047469,1.064219,1.061174,1.043695,1.058763,1.049947,1.047913,1.057544,1.054386,1.049078,1.077999,1.017143,1.058060,1.073938,1.059496,1.062638,1.057971,1.064883,1.055956,1.058322,1.053181,1.000886,1.058979,1.034947,1.027859,1.029357,1.086695,1.054673,1.043467,1.017855,1.031792
2.698920,1.047974,1.044689,1.042045,1.038557,1.053666,1.058392,1.047992,1.045154,1.047445,1.063340,1.060308,1.042814,1.057865,1.048999,1.046812,1.056388,1.053302,1.048059,1.076725,1.015795,1.056891,1.072759,1.058245,1.061458,1.057168,1.063822,1.054890,1.057095,1.051914,1.000151,1.058376,1.034177,1.026757,1.027862,1.085661,1.053234,1.042725,1.016541,1.031769
2.707250,1.047646,1.043902,1.041146,1.037662,1.052827,1.057563,1.047162,1.044322,1.047425,1.062473,1.059453,1.041943,1.056977,1.048062,1.045723,1.055245,1.052230,1.047051,1.075466,1.014463,1.055736,1.071594,1.057010,1.060291,1.056378,1.062774,1.053836,1.055884,1.050662,0.999428,1.057779,1.033418,1.025669,1.026388,1.084638,1.051820,1.041993,1.015242,1.031748
2.715580,1.047322,1.043126,1.040259,1.036778,1.051997,1.056743,1.046341,1.043500,1.047407,1.061617,1.058609,1.041083,1.056101,1.047136,1.044646,1.054116,1.051172,1.046057,1.074223,1.013148,1.054595,1.070444,1.055793,1.059138,1.055599,1.061741,1.052797,1.054687,1.049426,0.998718,1.057187,1.032670,1.024594,1.024935,1.083628,1.050432,1.041272,1.013960,1.031730
2.723910,1.047004,1.042363,1.039386,1.035904,1.051178,1.055933,1.045531,1.042687,1.047391,1.060771,1.057775,1.040234,1.055236,1.046222,1.043583,1.053001,1.050127,1.045075,1.072995,1.011850,1.053467,1.069309,1.054592,1.057999,1.054834,1.060721,1.051771,1.053506,1.048205,0.998022,1.056601,1.031933,1.023534,1.023504,1.082630,1.049071,1.040562,1.012694,1.031715
2.732240,1.046690,1.041611,1.038524,1.035043,1.050368,1.055133,1.044730,1.041884,1.047378,1.059937,1.056952,1.039396,1.054382,1.045319,1.042533,1.051899,1.049095,1.044107,1.071783,1.010569,1.052354,1.068189,1.053409,1.056873,1.054081,1.059716,1.050758,1.052341,1.047002,0.997338,1.056019,1.031208,1.022488,1.022094,1.081644,1.047736,1.039863,1.011446,1.031702
2.740570,1.046381,1.040872,1.037676,1.034192,1.049568,1.054343,1.043939,1.041091,1.047367,1.059114,1.056140,1.038569,1.053540,1.044428,1.041495,1.050811,1.048077,1.043152,1.070587,1.009307,1.051255,1.067084,1.052244,1.055762,1.053340,1.058725,1.049760,1.051192,1.045815,0.996668,1.055442,1.030494,1.021457,1.020708,1.080672,1.046427,1.039176,1.010215,1.031692
2.748900,1.046077,1.040144,1.036840,1.033352,1.048778,1.053562,1.043157,1.040307,1.047359,1.058302,1.055338,1.037753,1.052708,1.043548,1.040471,1.049737,1.047072,1.042209,1.069407,1.008063,1.050171,1.065995,1.051097,1.054665,1.052612,1.057750,1.048777,1.050060,1.044645,0.996011,1.054870,1.029791,1.020440,1.019344,1.079712,1.045147,1.038499,1.009002,1.031683
2.757230,1.045778,1.039428,1.036017,1.032523,1.047998,1.052790,1.042385,1.039533,1.047353,1.057501,1.054546,1.036947,1.051888,1.042680,1.039460,1.048677,1.046081,1.041280,1.068245,1.006837,1.049101,1.064921,1.049968,1.053583,1.051897,1.056789,1.047807,1.048945,1.043493,0.995366,1.054302,1.029099,1.019439,1.018003,1.078766,1.043894,1.037834,1.007807,1.031677
2.765560,1.045483,1.038724,1.035207,1.031705,1.047228,1.052029,1.041623,1.038768,1.047349,1.056710,1.053765,1.036152,1.051079,1.041823,1.038463,1.047632,1.045104,1.040365,1.067098,1.005631,1.048046,1.063864,1.048858,1.052515,1.051195,1.055843,1.046852,1.047846,1.042359,0.994735,1.053738,1.028418,1.018452,1.016686,1.077833,1.042668,1.037180,1.006631,1.031673
2.773890,1.045192,1.038032,1.034409,1.030899,1.046467,1.051276,1.040869,1.038012,1.047347,1.055931,1.052994,1.035368,1.050280,1.040978,1.037478,1.046601,1.044141,1.039463,1.065969,1.004443,1.047007,1.062823,1.047766,1.051463,1.050505,1.054912,1.045911,1.046765,1.041242,0.994116,1.053177,1.027749,1.017480,1.015392,1.076914,1.041471,1.036538,1.005473,1.031672
2.782220,1.044905,1.037352,1.033623,1.030103,1.045716,1.050533,1.040125,1.037266,1.047347,1.055162,1.052234,1.034595,1.049493,1.040144,1.036508,1.045585,1.043192,1.038574,1.064857,1.003274,1.045982,1.061798,1.046693,1.050425,1.049828,1.053997,1.044985,1.045701,1.040144,0.993511,1.052621,1.027090,1.016524,1.014122,1.076008,1.040302,1.035907,1.004335,1.031672
2.790550,1.044622,1.036682,1.032851,1.029318,1.044974,1.049799,1.039391,1.036529,1.047349,1.054405,1.051484,1.033832,1.048717,1.039322,1.035551,1.044584,1.042257,1.037698,1.063762,1.002125,1.044973,1.060790,1.045638,1.049403,1.049163,1.053097,1.044074,1.044655,1.039064,0.992917,1.052068,1.026443,1.015583,1.012877,1.075117,1.039162,1.035287,1.003216,1.031674
2.798880,1.044343,1.036025,1.032090,1.028544,1.044242,1.049075,1.038665,1.035802,1.047353,1.053658,1.050744,1.033080,1.047952,1.038511,1.034608,1.043597,1.041335,1.036836,1.062685,1.000995,1.043979,1.059798,1.044603,1.048396,1.048511,1.052212,1.043177,1.043626,1.038003,0.992337,1.051518,1.025806,1.014658,1.011655,1.074239,1.038050,1.034678,1.002117,1.031678
2.807210,1.044068,1.035378,1.031342,1.027781,1.043519,1.048359,1.037949,1.035083,1.047358,1.052922,1.050014,1.032338,1.047198,1.037712,1.033678,1.042625,1.040428,1.035987,1.061624,0.999885,1.043001,1.058823,1.043587,1.047404,1.047871,1.051342,1.042295,1.042615,1.036961,0.991768,1.050973,1.025180,1.013748,1.010457,1.073376,1.036967,1.034081,1.001037,1.031683
2.815540,1.043796,1.034743,1.030606,1.027028,1.042806,1.047653,1.037242,1.034374,1.047366,1.052196,1.049295,1.031607,1.046454,1.036924,1.032762,1.041668,1.039535,1.035151,1.060582,0.998795,1.042038,1.057865,1.042590,1.046427,1.047244,1.050488,1.041427,1.041622,1.035937,0.991212,1.050430,1.024565,1.012853,1.009284,1.072527,1.035913,1.033494,0.999978,1.031690
2.823870,1.043527,1.034118,1.029882,1.026287,1.042102,1.046956,1.036544,1.033674,1.047374,1.051481,1.048586,1.030886,1.045722,1.036147,1.031859,1.040726,1.038657,1.034328,1.059556,0.997724,1.041091,1.056923,1.041613,1.045466,1.046629,1.049648,1.040575,1.040647,1.034932,0.990668,1.049892,1.023961,1.011974,1.008135,1.071692,1.034887,1.032919,0.998938,1.031699
2.832200,1.043261,1.033504,1.029170,1.025556,1.041407,1.046268,1.035855,1.032983,1.047384,1.050777,1.047886,1.030175,1.045000,1.035382,1.030971,1.039799,1.037792,1.033519,1.058549,0.996673,1.040159,1.055998,1.040654,1.044520,1.046026,1.048825,1.039736,1.039690,1.033945,0.990135,1.049357,1.023367,1.011111,1.007011,1.070872,1.033891,1.032355,0.997918,1.031709
2.840530,1.042998,1.032901,1.028470,1.024835,1.040722,1.045589,1.035176,1.032301,1.047396,1.050083,1.047197,1.029475,1.044289,1.034628,1.030096,1.038887,1.036941,1.032723,1.057559,0.995642,1.039243,1.055091,1.039715,1.043589,1.045435,1.048016,1.038913,1.038752,1.032978,0.989615,1.048825,1.022784,1.010263,1.005911,1.070066,1.032923,1.031801,0.996919,1.031720
2.848860,1.042737,1.032308,1.027782,1.024125,1.040046,1.044920,1.034505,1.031629,1.047409,1.049400,1.046518,1.028786,1.043588,1.033885,1.029234,1.037989,1.036104,1.031940,1.056586,0.994631,1.038343,1.054200,1.038796,1.042674,1.044855,1.047222,1.038104,1.037831,1.032030,0.989105,1.048298,1.022212,1.009431,1.004835,1.069274,1.031983,1.031258,0.995940,1.031733
2.857190,1.042479,1.031725,1.027105,1.023426,1.039379,1.044259,1.033844,1.030965,1.047423,1.048727,1.045848,1.028106,1.042899,1.033154,1.028387,1.037107,1.035281,1.031169,1.055631,0.993640,1.037458,1.053326,1.037895,1.041775,1.044287,1.046444,1.037309,1.036928,1.031101,0.988607,1.047774,1.021650,1.008615,1.003783,1.068498,1.031073,1.030726,0.994981,1.031746
2.865520,1.042223,1.031153,1.026440,1.022738,1.038722,1.043608,1.033191,1.030311,1.047438,1.048065,1.045189,1.027437,1.042220,1.032433,1.027553,1.036240,1.034472,1.030412,1.054694,0.992668,1.036589,1.052470,1.037014,1.040891,1.043731,1.045680,1.036529,1.036043,1.030190,0.988120,1.047254,1.021098,1.007814,1.002756,1.067736,1.030190,1.030204,0.994042,1.031761
2.873850,1.041968,1.030590,1.025786,1.022060,1.038074,1.042965,1.032548,1.029666,1.047454,1.047413,1.044540,1.026779,1.041552,1.031724,1.026732,1.035387,1.033677,1.029668,1.053774,0.991717,1.035736,1.051630,1.036153,1.040022,1.043186,1.044932,1.035763,1.035177,1.029299,0.987644,1.046739,1.020557,1.007028,1.001752,1.066989,1.029336,1.029693,0.993123,1.031777
2.882180,1.041716,1.030037,1.025143,1.021392,1.037435,1.042332,1.031914,1.029030,1.047470,1.046772,1.043901,1.026130,1.040894,1.031026,1.025926,1.034549,1.032895,1.028936,1.052872,0.990785,1.034898,1.050807,1.035310,1.039169,1.042653,1.044198,1.035012,1.034328,1.028426,0.987179,1.046229,1.020027,1.006258,1.000773,1.066256,1.028511,1.029191,0.992225,1.031793
2.890510,1.041465,1.029493,1.024512,1.020735,1.036806,1.041708,1.031290,1.028404,1.047488,1.046141,1.043272,1.025492,1.040247,1.030339,1.025133,1.033726,1.032128,1.028217,1.051988,0.989873,1.034077,1.050001,1.034487,1.038332,1.042130,1.043479,1.034275,1.033497,1.027572,0.986724,1.045723,1.019506,1.005504,0.999818,1.065538,1.027713,1.028700,0.991347,1.031811
2.898840,1.041215,1.028959,1.023891,1.020089,1.036186,1.041094,1.030675,1.027787,1.047506,1.045521,1.042653,1.024865,1.039611,1.029664,1.024354,1.032918,1.031374,1.027510,1.051121,0.988980,1.033271,1.049213,1.033683,1.037509,1.041618,1.042775,1.033551,1.032683,1.026737,0.986280,1.045223,1.018997,1.004765,0.998886,1.064835,1.026943,1.028218,0.990488,1.031829
2.907170,1.040966,1.028433,1.023282,1.019453,1.035577,1.040489,1.030069,1.027179,1.047525,1.044912,1.042044,1.024248,1.038986,1.029000,1.023588,1.032125,1.030634,1.026816,1.050271,0.988107,1.032480,1.048441,1.032898,1.036703,1.041117,1.042085,1.032842,1.031888,1.025920,0.985846,1.044728,1.018497,1.004041,0.997977,1.064147,1.026201,1.027746,0.989650,1.031847
2.915500,1.040718,1.027917,1.022683,1.018828,1.034976,1.039894,1.029472,1.026581,1.047545,1.044313,1.041446,1.023641,1.038371,1.028347,1.022836,1.031347,1.029907,1.026135,1.049439,0.987254,1.031705,1.047686,1.032133,1.035911,1.040626,1.041409,1.032147,1.031110,1.025122,0.985422,1.044239,1.018008,1.003332,0.997092,1.063474,1.025485,1.027283,0.988831,1.031866
2.923830,1.040471,1.027409,1.022095,1.018213,1.034386,1.039308,1.028886,1.025992,1.047564,1.043724,1.040857,1.023045,1.037767,1.027705,1.022097,1.030583,1.029194,1.025466,1.048623,0.986419,1.030946,1.046948,1.031386,1.035135,1.040146,1.040748,1.031466,1.030349,1.024342,0.985008,1.043756,1.017529,1.002639,0.996230,1.062815,1.024797,1.026830,0.988032,1.031886
2.932160,1.040225,1.026910,1.021518,1.017609,1.033805,1.038732,1.028309,1.025414,1.047585,1.043147,1.040279,1.022460,1.037174,1.027074,1.021373,1.029835,1.028495,1.024809,1.047825,0.985604,1.030202,1.046227,1.030657,1.034375,1.039676,1.040101,1.030798,1.029606,1.023581,0.984603,1.043279,1.017060,1.001961,0.995390,1.062171,1.024136,1.026386,0.987253,1.031906
2.940490,1.039978,1.026419,1.020951,1.017015,1.033234,1.038165,1.027742,1.024845,1.047605,1.042580,1.039712,1.021885,1.036592,1.026455,1.020661,1.029100,1.027808,1.024165,1.047044,0.984808,1.029474,1.045522,1.029948,1.033629,1.039216,1.039468,1.030145,1.028880,1.022837,0.984208,1.042809,1.016601,1.001297,0.994574,1.061542,1.023500,1.025951,0.986493,1.031926
2.948820,1.039732,1.025937,1.020395,1.016432,1.032674,1.037609,1.027184,1.024286,1.047626,1.042023,1.039155,1.021320,1.036021,1.025847,1.019963,1.028381,1.027135,1.023533,1.046280,0.984031,1.028761,1.044834,1.029257,1.032899,1.038766,1.038849,1.029504,1.028171,1.022112,0.983823,1.042347,1.016153,1.000649,0.993779,1.060928,1.022891,1.025524,0.985752,1.031946
2.957150,1.039486,1.025462,1.019849,1.015859,1.032123,1.037063,1.026637,1.023737,1.047646,1.041478,1.038608,1.020767,1.035461,1.025251,1.019279,1.027676,1.026476,1.022912,1.045533,0.983272,1.028064,1.044163,1.028584,1.032184,1.038326,1.038243,1.028877,1.027479,1.021404,0.983447,1.041892,1.015715,1.000015,0.993006,1.060329,1.022307,1.025107,0.985030,1.031967
2.965480,1.039240,1.024996,1.019313,1.015298,1.031583,1.036527,1.026100,1.023198,1.047667,1.040943,1.038072,1.020224,1.034912,1.024665,1.018608,1.026985,1.025829,1.022304,1.044802,0.982532,1.027382,1.043508,1.027930,1.031484,1.037895,1.037652,1.028264,1.026803,1.020713,0.983080,1.041444,1.015288,0.999395,0.992255,1.059744,1.021749,1.024698,0.984327,1.031987
2.973810,1.038994,1.024537,1.018787,1.014747,1.031053,1.036001,1.025573,1.022669,1.047688,1.040420,1.037547,1.019692,1.034373,1.024092,1.017951,1.026309,1.025196,1.021708,1.044088,0.981810,1.026715,1.042869,1.027294,1.030798,1.037474,1.037073,1.027663,1.026144,1.020040,0.982722,1.041006,1.014870,0.998790,0.991525,1.059173,1.021215,1.024297,0.983643,1.032008
2.982140,1.038747,1.024086,1.018272,1.014206,1.030533,1.035486,1.025057,1.022151,1.047709,1.039907,1.037033,1.019171,1.033846,1.023529,1.017307,1.025647,1.024576,1.021123,1.043390,0.981106,1.026063,1.042247,1.026675,1.030128,1.037062,1.036508,1.027076,1.025501,1.019384,0.982374,1.040576,1.014463,0.998199,0.990816,1.058617,1.020705,1.023904,0.982977,1.032028
2.990470,1.038500,1.023643,1.017766,1.013677,1.030024,1.034981,1.024551,1.021643,1.047730,1.039406,1.036529,1.018662,1.033331,1.022979,1.016676,1.024999,1.023968,1.020551,1.042708,0.980419,1.025426,1.041640,1.026074,1.029472,1.036659,1.035956,1.026502,1.024875,1.018745,0.982034,1.040155,1.014067,0.997621,0.990128,1.058076,1.020220,1.023519,0.982328,1.032049
2.998800,1.038252,1.023207,1.017271,1.013158,1.029526,1.034487,1.024055,1.021146,1.047750,1.038915,1.036037,1.018163,1.032826,1.022439,1.016059,1.024366,1.023374,1.019990,1.042043,0.979750,1.024804,1.041050,1.025491,1.028831,1.036265,1.035416,1.025940,1.024264,1.018122,0.981703,1.039744,1.013680,0.997058,0.989460,1.057549,1.019758,1.023143,0.981698,1.032069
3.007130,1.038003,1.022779,1.016785,1.012651,1.029039,1.034003,1.023571,1.020659,1.047771,1.038436,1.035555,1.017675,1.032333,1.021911,1.015455,1.023746,1.022792,1.019440,1.041392,0.979098,1.024197,1.040475,1.024925,1.028205,1.035879,1.034890,1.025391,1.023668,1.017516,0.981380,1.039342,1.013304,0.996507,0.988811,1.057036,1.019318,1.022774,0.981085,1.032089
3.015460,1.037754,1.022358,1.016310,1.012154,1.028562,1.033531,1.023097,1.020184,1.047791,1.037968,1.035085,1.017199,1.031851,1.021395,1.014864,1.023140,1.022222,1.018903,1.040757,0.978463,1.023605,1.039916,1.024376,1.027593,1.035503,1.034376,1.024855,1.023088,1.016926,0.981067,1.038951,1.012939,0.995970,0.988182,1.056537,1.018901,1.022412,0.980489,1.032109
3.023790,1.037503,1.021943,1.015844,1.011668,1.028097,1.033069,1.022634,1.019719,1.047811,1.037511,1.034626,1.016734,1.031380,1.020891,1.014286,1.022548,1.021666,1.018376,1.040138,0.977845,1.023027,1.039373,1.023844,1.026995,1.035135,1.033874,1.024331,1.022523,1.016352,0.980762,1.038570,1.012583,0.995446,0.987572,1.056052,1.018506,1.022058,0.979910,1.032128
3.032120,1.037252,1.021536,1.015387,1.011193,1.027642,1.032619,1.022182,1.019265,1.047830,1.037066,1.034178,1.016280,1.030920,1.020397,1.013721,1.021970,1.021121,1.017861,1.039533,0.977243,1.022463,1.038845,1.023328,1.026412,1.034775,1.033385,1.023819,1.021973,1.015793,0.980465,1.038200,1.012239,0.994935,0.986980,1.055581,1.018132,1.021711,0.979348,1.032148
3.040450,1.037000,1.021136,1.014941,1.010729,1.027199,1.032180,1.021741,1.018822,1.047849,1.036632,1.033741,1.015837,1.030472,1.019916,1.013169,1.021405,1.020589,1.017357,1.038943,0.976656,1.021913,1.038331,1.022828,1.025842,1.034423,1.032908,1.023319,1.021438,1.015249,0.980177,1.037841,1.011904,0.994436,0.986405,1.055124,1.017779,1.021372,0.978802,1.032167
3.048780,1.036747,1.020743,1.014503,1.010275,1.026766,1.031752,1.021311,1.018391,1.047868,1.036208,1.033315,1.015405,1.030035,1.019446,1.012629,1.020853,1.020068,1.016864,1.038367,0.976085,1.021377,1.037832,1.022344,1.025286,1.034080,1.032442,1.022831,1.020917,1.014721,0.979898,1.037493,1.011579,0.993948,0.985849,1.054679,1.017445,1.021039,0.978271,1.032185
3.057110,1.036493,1.020356,1.014075,1.009833,1.026345,1.031334,1.020892,1.017970,1.047887,1.035796,1.032900,1.014985,1.029610,1.018987,1.012103,1.020314,1.019560,1.016382,1.037805,0.975530,1.020855,1.037348,1.021876,1.024744,1.033744,1.031988,1.022354,1.020409,1.014206,0.979626,1.037155,1.011264,0.993473,0.985309,1.054248,1.017131,1.020713,0.977756,1.032204
3.065440,1.036237,1.019976,1.013656,1.009400,1.025934,1.030928,1.020484,1.017559,1.047905,1.035394,1.032496,1.014575,1.029194,1.018538,1.011588,1.019788,1.019063,1.015910,1.037257,0.974988,1.020346,1.036876,1.021421,1.024214,1.033415,1.031544,1.021888,1.019915,1.013706,0.979361,1.036829,1.010958,0.993009,0.984786,1.053828,1.016835,1.020393,0.977255,1.032222
3.073770,1.035980,1.019601,1.013245,1.008978,1.025533,1.030532,1.020086,1.017159,1.047923,1.035003,1.032102,1.014175,1.028790,1.018101,1.011085,1.019274,1.018576,1.015448,1.036722,0.974461,1.019849,1.036419,1.020982,1.023697,1.033093,1.031111,1.021433,1.019434,1.013219,0.979104,1.036514,1.010661,0.992555,0.984278,1.053421,1.016557,1.020079,0.976769,1.032239
3.082100,1.035722,1.019231,1.012842,1.008566,1.025143,1.030146,1.019698,1.016769,1.047940,1.034622,1.031718,1.013786,1.028395,1.017674,1.010593,1.018771,1.018100,1.014995,1.036199,0.973948,1.019365,1.035973,1.020555,1.023192,1.032778,1.030688,1.020988,1.018965,1.012745,0.978852,1.036209,1.010373,0.992112,0.983785,1.053025,1.016296,1.019771,0.976296,1.032256
3.090430,1.035462,1.018866,1.012447,1.008163,1.024762,1.029770,1.019320,1.016389,1.047957,1.034250,1.031344,1.013406,1.028010,1.017256,1.010112,1.018280,1.017634,1.014552,1.035688,0.973447,1.018892,1.035540,1.020142,1.022698,1.032468,1.030275,1.020553,1.018507,1.012282,0.978605,1.035915,1.010092,0.991679,0.983307,1.052639,1.016050,1.019467,0.975837,1.032273
3.098760,1.035200,1.018505,1.012059,1.007769,1.024391,1.029403,1.018951,1.016018,1.047974,1.033887,1.030979,1.013035,1.027634,1.016849,1.009642,1.017799,1.017178,1.014117,1.035189,0.972959,1.018430,1.035119,1.019741,1.022216,1.032163,1.029870,1.020127,1.018061,1.011832,0.978362,1.035632,1.009819,0.991255,0.982842,1.052264,1.015820,1.019168,0.975389,1.032289
3.107090,1.034936,1.018147,1.011677,1.007384,1.024029,1.029046,1.018591,1.015657,1.047990,1.033533,1.030623,1.012673,1.027267,1.016450,1.009181,1.017329,1.016730,1.013690,1.034701,0.972482,1.017979,1.034708,1.019351,1.021744,1.031863,1.029473,1.019709,1.017625,1.011392,0.978123,1.035358,1.009553,0.990840,0.982390,1.051898,1.015603,1.018873,0.974953,1.032305
3.115420,1.034670,1.017792,1.011301,1.007006,1.023675,1.028697,1.018240,1.015304,1.048005,1.033187,1.030275,1.012320,1.026908,1.016059,1.008730,1.016868,1.016291,1.013270,1.034222,0.972017,1.017537,1.034307,1.018973,1.021282,1.031567,1.029084,1.019299,1.017198,1.010962,0.977885,1.035094,1.009293,0.990434,0.981950,1.051541,1.015400,1.018582,0.974528,1.032320
3.123750,1.034402,1.017440,1.010930,1.006637,1.023330,1.028356,1.017897,1.014959,1.048020,1.032849,1.029935,1.011974,1.026557,1.015677,1.008287,1.016416,1.015860,1.012857,1.033754,0.971562,1.017105,1.033916,1.018604,1.020830,1.031275,1.028701,1.018896,1.016780,1.010541,0.977649,1.034840,1.009039,0.990035,0.981522,1.051192,1.015208,1.018293,0.974112,1.032335
3.132080,1.034131,1.017089,1.010565,1.006274,1.022992,1.028023,1.017562,1.014622,1.048034,1.032517,1.029602,1.011635,1.026213,1.015302,1.007853,1.015972,1.015435,1.012451,1.033294,0.971117,1.016682,1.033534,1.018245,1.020386,1.030985,1.028325,1.018499,1.016371,1.010129,0.977414,1.034594,1.008790,0.989643,0.981105,1.050851,1.015028,1.018008,0.973707,1.032349
3.140410,1.033859,1.016740,1.010204,1.005919,1.022661,1.027697,1.017234,1.014292,1.048048,1.032193,1.029276,1.011303,1.025875,1.014934,1.007427,1.015536,1.015018,1.012051,1.032843,0.970682,1.016266,1.033159,1.017895,1.019950,1.030697,1.027955,1.018109,1.015969,1.009725,0.977178,1.034358,1.008545,0.989258,0.980697,1.050518,1.014858,1.017724,0.973310,1.032362
3.148740,1.033584,1.016391,1.009847,1.005569,1.022337,1.027378,1.016913,1.013969,1.048061,1.031874,1.028956,1.010978,1.025544,1.014572,1.007008,1.015107,1.014606,1.011655,1.032400,0.970254,1.015858,1.032793,1.017553,1.019522,1.030412,1.027590,1.017725,1.015574,1.009328,0.976942,1.034130,1.008304,0.988879,0.980299,1.050190,1.014697,1.017442,0.972920,1.032375
3.157070,1.033306,1.016044,1.009493,1.005225,1.022019,1.027066,1.016598,1.013652,1.048074,1.031561,1.028643,1.010658,1.025219,1.014217,1.006595,1.014686,1.014200,1.011265,1.031964,0.969835,1.015458,1.032434,1.017218,1.019101,1.030128,1.027229,1.017346,1.015186,1.008939,0.976705,1.033909,1.008066,0.988506,0.979910,1.049869,1.014544,1.017161,0.972539,1.032388
3.165400,1.033027,1.015697,1.009143,1.004887,1.021708,1.026760,1.016289,1.013341,1.048086,1.031253,1.028334,1.010344,1.024899,1.013867,1.006189,1.014270,1.013800,1.010879,1.031534,0.969424,1.015063,1.032081,1.016890,1.018687,1.029845,1.026873,1.016971,1.014803,1.008555,0.976467,1.033697,1.007831,0.988137,0.979528,1.049553,1.014399,1.016881,0.972164,1.032400
3.173730,1.032745,1.015349,1.008795,1.004554,1.021401,1.026459,1.015986,1.013036,1.048098,1.030950,1.028031,1.010035,1.024584,1.013522,1.005789,1.013860,1.013404,1.010498,1.031111,0.969019,1.014675,1.031733,1.016568,1.018279,1.029563,1.026520,1.016600,1.014425,1.008177,0.976226,1.033492,1.007598,0.987774,0.979153,1.049242,1.014261,1.016603,0.971795,1.032412
3.182060,1.032462,1.015002,1.008451,1.004225,1.021101,1.026163,1.015688,1.012737,1.048110,1.030651,1.027733,1.009730,1.024273,1.013183,1.005394,1.013456,1.013013,1.010119,1.030693,0.968620,1.014292,1.031391,1.016251,1.017876,1.029282,1.026171,1.016233,1.014053,1.007803,0.975984,1.033294,1.007367,0.987414,0.978785,1.048935,1.014128,1.016324,0.971431,1.032423
3.190390,1.032176,1.014655,1.008108,1.003901,1.020804,1.025872,1.015395,1.012442,1.048121,1.030356,1.027438,1.009429,1.023967,1.012847,1.005005,1.013056,1.012625,1.009745,1.030281,0.968227,1.013914,1.031054,1.015940,1.017478,1.029000,1.025825,1.015870,1.013684,1.007435,0.975739,1.033103,1.007137,0.987059,0.978423,1.048632,1.014001,1.016046,0.971073,1.032434
3.198720,1.031890,1.014307,1.007768,1.003581,1.020513,1.025586,1.015107,1.012152,1.048132,1.030064,1.027148,1.009132,1.023664,1.012516,1.004619,1.012661,1.012241,1.009373,1.029873,0.967839,1.013540,1.030721,1.015633,1.017085,1.028719,1.025481,1.015509,1.013320,1.007070,0.975491,1.032918,1.006908,0.986706,0.978066,1.048332,1.013877,1.015768,0.970719,1.032445
3.207050,1.031601,1.013958,1.007429,1.003265,1.020225,1.025305,1.014823,1.011866,1.048143,1.029776,1.026861,1.008839,1.023364,1.012189,1.004238,1.012270,1.011861,1.009004,1.029469,0.967455,1.013170,1.030392,1.015330,1.016697,1.028438,1.025139,1.015152,1.012959,1.006709,0.975241,1.032740,1.006680,0.986357,0.977714,1.048035,1.013758,1.015490,0.970369,1.032456
3.215380,1.031312,1.013609,1.007092,1.002952,1.019942,1.025027,1.014543,1.011584,1.048154,1.029491,1.026578,1.008550,1.023068,1.011865,1.003861,1.011883,1.011483,1.008638,1.029069,0.967076,1.012805,1.030067,1.015030,1.016312,1.028156,1.024800,1.014796,1.012600,1.006351,0.974987,1.032567,1.006452,0.986010,0.977366,1.047741,1.013640,1.015212,0.970022,1.032467
3.223710,1.031021,1.013260,1.006756,1.002642,1.019662,1.024753,1.014267,1.011306,1.048165,1.029208,1.026297,1.008263,1.022775,1.011545,1.003488,1.011499,1.011109,1.008274,1.028672,0.966701,1.012442,1.029744,1.014734,1.015931,1.027874,1.024462,1.014443,1.012245,1.005995,0.974731,1.032401,1.006225,0.985665,0.977022,1.047448,1.013525,1.014933,0.969678,1.032478
3.232040,1.030730,1.012909,1.006422,1.002336,1.019386,1.024482,1.013994,1.011032,1.048177,1.028928,1.026020,1.007979,1.022484,1.011227,1.003118,1.011118,1.010736,1.007912,1.028279,0.966328,1.012083,1.029423,1.014439,1.015553,1.027592,1.024125,1.014092,1.011891,1.005642,0.974471,1.032239,1.005997,0.985322,0.976680,1.047158,1.013412,1.014654,0.969337,1.032489
3.240370,1.030439,1.012559,1.006089,1.002032,1.019113,1.024215,1.013724,1.010760,1.048188,1.028650,1.025745,1.007697,1.022196,1.010912,1.002750,1.010740,1.010366,1.007551,1.027887,0.965959,1.011726,1.029105,1.014147,1.015178,1.027308,1.023789,1.013742,1.011539,1.005291,0.974209,1.032082,1.005769,0.984980,0.976341,1.046868,1.013299,1.014375,0.968998,1.032500
3.248700,1.030147,1.012207,1.005757,1.001730,1.018842,1.023951,1.013458,1.010492,1.048200,1.028374,1.025472,1.007417,1.021909,1.010600,1.002386,1.010364,1.009998,1.007193,1.027498,0.965592,1.011371,1.028789,1.013857,1.014806,1.027024,1.023455,1.013393,1.011189,1.004941,0.973943,1.031930,1.005540,0.984639,0.976004,1.046580,1.013187,1.014094,0.968661,1.032512
3.257030,1.029856,1.011855,1.005426,1.001431,1.018575,1.023689,1.013194,1.010226,1.048212,1.028100,1.025202,1.007140,1.021625,1.010290,1.002024,1.009991,1.009631,1.006835,1.027111,0.965227,1.011018,1.028474,1.013567,1.014435,1.026740,1.023121,1.013046,1.010840,1.004593,0.973675,1.031782,1.005311,0.984299,0.975669,1.046292,1.013074,1.013814,0.968325,1.032524
3.265360,1.029565,1.011503,1.005095,1.001134,1.018309,1.023429,1.012932,1.009963,1.048225,1.027827,1.024933,1.006864,1.021342,1.009982,1.001664,1.009619,1.009266,1.006479,1.026725,0.964863,1.010667,1.028160,1.013279,1.014067,1.026454,1.022787,1.012699,1.010492,1.004245,0.973404,1.031637,1.005080,0.983960,0.975335,1.046004,1.012960,1.013532,0.967990,1.032537
3.273690,1.029275,1.011150,1.004766,1.000839,1.018045,1.023171,1.012672,1.009701,1.048239,1.027555,1.024665,1.006589,1.021060,1.009675,1.001306,1.009249,1.008902,1.006124,1.026341,0.964501,1.010317,1.027846,1.012991,1.013700,1.026167,1.022454,1.012354,1.010145,1.003898,0.973129,1.031495,1.004849,0.983621,0.975001,1.045716,1.012845,1.013250,0.967656,1.032550
3.282020,1.028986,1.010797,1.004437,1.000545,1.017783,1.022915,1.012414,1.009442,1.048253,1.027284,1.024399,1.006316,1.020780,1.009370,1.000949,1.008880,1.008539,1.005770,1.025957,0.964139,1.009968,1.027533,1.012703,1.013335,1.025880,1.022121,1.012008,1.009797,1.003552,0.972853,1.031356,1.004616,0.983282,0.974668,1.045428,1.012729,1.012968,0.967322,1.032564
3.290350,1.028699,1.010444,1.004108,1.000252,1.017523,1.022660,1.012157,1.009184,1.048268,1.027014,1.024133,1.006043,1.020500,1.009066,1.000594,1.008513,1.008177,1.005417,1.025574,0.963779,1.009620,1.027220,1.012415,1.012970,1.025592,1.021788,1.011664,1.009451,1.003205,0.972573,1.031218,1.004381,0.982942,0.974335,1.045140,1.012610,1.012684,0.966988,1.032579
3.298680,1.028413,1.010091,1.003780,0.999961,1.017263,1.022407,1.011902,1.008926,1.048285,1.026743,1.023868,1.005771,1.020220,1.008763,1.000240,1.008146,1.007815,1.005064,1.025190,0.963418,1.009272,1.026907,1.012126,1.012607,1.025303,1.021455,1.011319,1.009104,1.002859,0.972291,1.031082,1.004145,0.982602,0.974002,1.044850,1.012488,1.012400,0.966654,1.032595
3.307010,1.028129,1.009737,1.003452,0.999670,1.017004,1.022153,1.011647,1.008670,1.048302,1.026473,1.023603,1.005499,1.019941,1.008460,0.999887,1.007779,1.007454,1.004712,1.024808,0.963057,1.008925,1.026593,1.011837,1.012244,1.025013,1.021121,1.010974,1.008756,1.002512,0.972006,1.030947,1.003906,0.982261,0.973667,1.044559,1.012364,1.012116,0.966319,1.032612
3.315340,1.027848,1.009384,1.003124,0.999379,1.016745,1.021900,1.011392,1.008414,1.048320,1.026202,1.023337,1.005227,1.019661,1.008158,0.999534,1.007413,1.007094,1.004360,1.024424,0.962696,1.008578,1.026279,1.011546,1.011881,1.024722,1.020787,1.010629,1.008409,1.002164,0.971720,1.030811,1.003666,0.981919,0.973332,1.044268,1.012236,1.011831,0.965984,1.032631
3.323670,1.027570,1.009031,1.002797,0.999089,1.016486,1.021647,1.011137,1.008157,1.048340,1.025931,1.023072,1.004954,1.019381,1.007856,0.999182,1.007048,1.006733,1.004008,1.024041,0.962335,1.008230,1.025964,1.011255,1.011519,1.024430,1.020452,1.010284,1.008060,1.001816,0.971430,1.030675,1.003423,0.981576,0.972995,1.043974,1.012104,1.011545,0.965648,1.032650
3.332000,1.027294,1.008678,1.002469,0.998799,1.016227,1.021394,1.010882,1.007901,1.048362,1.025658,1.022806,1.004681,1.019101,1.007553,0.998830,1.006682,1.006372,1.003656,1.023656,0.961973,1.007882,1.025647,1.010961,1.011156,1.024137,1.020117,1.009939,1.007711,1.001467,0.971139,1.030538,1.003178,0.981232,0.972657,1.043679,1.011968,1.011259,0.965310,1.032671
3.340330,1.027022,1.008325,1.002142,0.998508,1.015967,1.021140,1.010626,1.007644,1.048385,1.025385,1.022538,1.004407,1.018819,1.007251,0.998477,1.006316,1.006012,1.003305,1.023271,0.961609,1.007533,1.025329,1.010666,1.010793,1.023844,1.019781,1.009593,1.007361,1.001116,0.970846,1.030399,1.002929,0.980886,0.972317,1.043382,1.011828,1.010972,0.964972,1.032694
3.348660,1.026754,1.007973,1.001814,0.998217,1.015706,1.020884,1.010369,1.007386,1.048409,1.025110,1.022270,1.004131,1.018536,1.006947,0.998125,1.005949,1.005650,1.002952,1.022884,0.961245,1.007184,1.025010,1.010369,1.010430,1.023549,1.019444,1.009246,1.007009,1.000764,0.970551,1.030257,1.002678,0.980538,0.971975,1.043082,1.011683,1.010685,0.964631,1.032718
3.356990,1.026489,1.007621,1.001486,0.997925,1.015444,1.020627,1.010111,1.007126,1.048435,1.024833,1.021999,1.003854,1.018252,1.006643,0.997772,1.005582,1.005289,1.002600,1.022497,0.960879,1.006833,1.024689,1.010070,1.010066,1.023254,1.019106,1.008899,1.006657,1.000411,0.970255,1.030113,1.002424,0.980189,0.971631,1.042781,1.011534,1.010397,0.964289,1.032744
3.365320,1.026229,1.007270,1.001157,0.997632,1.015180,1.020368,1.009851,1.006865,1.048463,1.024554,1.021727,1.003575,1.017966,1.006337,0.997418,1.005214,1.004927,1.002247,1.022108,0.960511,1.006482,1.024366,1.009769,1.009701,1.022959,1.018767,1.008551,1.006303,1.000057,0.969956,1.029964,1.002167,0.979837,0.971284,1.042477,1.011380,1.010110,0.963946,1.032771
3.373650,1.025973,1.006920,1.000829,0.997338,1.014914,1.020107,1.009589,1.006602,1.048493,1.024273,1.021452,1.003294,1.017677,1.006030,0.997063,1.004845,1.004564,1.001894,1.021717,0.960141,1.006129,1.024040,1.009465,1.009335,1.022662,1.018427,1.008202,1.005947,0.999700,0.969657,1.029812,1.001906,0.979484,0.970935,1.042171,1.011220,1.009822,0.963600,1.032800
3.381980,1.025722,1.006570,1.000500,0.997042,1.014645,1.019843,1.009325,1.006337,1.048524,1.023990,1.021175,1.003011,1.017387,1.005721,0.996708,1.004475,1.004200,1.001540,1.021325,0.959770,1.005774,1.023713,1.009158,1.008967,1.022365,1.018085,1.007852,1.005590,0.999342,0.969355,1.029654,1.001641,0.979128,0.970583,1.041862,1.011056,1.009533,0.963252,1.032832
3.390310,1.025476,1.006221,1.000170,0.996745,1.014374,1.019577,1.009057,1.006069,1.048558,1.023703,1.020895,1.002724,1.017094,1.005410,0.996351,1.004104,1.003835,1.001185,1.020931,0.959397,1.005418,1.023383,1.008849,1.008599,1.022067,1.017743,1.007501,1.005232,0.998983,0.969053,1.029491,1.001373,0.978771,0.970228,1.041550,1.010886,1.009245,0.962902,1.032865
3.398640,1.025234,1.005873,0.999840,0.996445,1.014100,1.019307,1.008787,1.005798,1.048594,1.023414,1.020612,1.002435,1.016798,1.005097,0.995992,1.003731,1.003470,1.000830,1.020535,0.959021,1.005060,1.023051,1.008537,1.008229,1.021768,1.017399,1.007148,1.004871,0.998621,0.968749,1.029321,1.001101,0.978410,0.969871,1.041236,1.010711,1.008956,0.962551,1.032900
3.406970,1.024999,1.005527,0.999509,0.996143,1.013822,1.019034,1.008514,1.005523,1.048631,1.023121,1.020326,1.002143,1.016499,1.004782,0.995633,1.003357,1.003103,1.000474,1.020137,0.958644,1.004701,1.022717,1.008222,1.007858,1.021469,1.017055,1.006795,1.004510,0.998258,0.968444,1.029146,1.000825,0.978048,0.969510,1.040919,1.010531,1.008668,0.962197,1.032937
3.415300,1.024768,1.005181,0.999177,0.995839,1.013542,1.018757,1.008237,1.005246,1.048671,1.022825,1.020037,1.001848,1.016197,1.004465,0.995271,1.002982,1.002736,1.000117,1.019737,0.958264,1.004340,1.022380,1.007904,1.007485,1.021169,1.016709,1.006440,1.004146,0.997892,0.968138,1.028964,1.000544,0.977683,0.969147,1.040600,1.010345,1.008379,0.961841,1.032976
3.423630,1.024544,1.004837,0.998845,0.995533,1.013258,1.018477,1.007957,1.004965,1.048714,1.022525,1.019743,1.001549,1.015892,1.004144,0.994908,1.002605,1.002367,0.999759,1.019335,0.957882,1.003977,1.022040,1.007584,1.007111,1.020869,1.016361,1.006085,1.003781,0.997525,0.967832,1.028775,1.000260,0.977316,0.968781,1.040277,1.010154,1.008091,0.961482,1.033018
3.431960,1.024325,1.004494,0.998512,0.995224,1.012970,1.018193,1.007673,1.004680,1.048758,1.022222,1.019447,1.001247,1.015583,1.003822,0.994543,1.002227,1.001997,0.999400,1.018931,0.957498,1.003612,1.021699,1.007260,1.006735,1.020569,1.016013,1.005728,1.003414,0.997157,0.967524,1.028579,0.999971,0.976947,0.968411,1.039952,1.009957,1.007803,0.961122,1.033062
3.440290,1.024113,1.004152,0.998178,0.994913,1.012678,1.017905,1.007385,1.004392,1.048805,1.021915,1.019146,1.000941,1.015271,1.003496,0.994177,1.001847,1.001626,0.999040,1.018525,0.957112,1.003245,1.021354,1.006934,1.006357,1.020268,1.015664,1.005370,1.003046,0.996786,0.967216,1.028375,0.999678,0.976575,0.968039,1.039624,1.009756,1.007515,0.960760,1.033108
3.448620,1.023906,1.003812,0.997844,0.994599,1.012383,1.017612,1.007093,1.004100,1.048854,1.021604,1.018841,1.000631,1.014956,1.003168,0.993809,1.001466,1.001254,0.998679,1.018117,0.956723,1.002876,1.021007,1.006605,1.005978,1.019967,1.015313,1.005011,1.002676,0.996414,0.966906,1.028165,0.999381,0.976201,0.967664,1.039293,1.009549,1.007227,0.960396,1.033156
3.456950,1.023707,1.003473,0.997509,0.994282,1.012084,1.017316,1.006797,1.003804,1.048905,1.021290,1.018533,1.000318,1.014637,1.002837,0.993439,1.001083,1.000881,0.998318,1.017707,0.956333,1.002506,1.020658,1.006273,1.005597,1.019666,1.014961,1.004651,1.002305,0.996040,0.966597,1.027947,0.999079,0.975825,0.967287,1.038960,1.009338,1.006940,0.960030,1.033206
3.465280,1.023513,1.003136,0.997174,0.993963,1.011781,1.017016,1.006498,1.003504,1.048958,1.020971,1.018221,1.000001,1.014315,1.002503,0.993067,1.000699,1.000507,0.997956,1.017296,0.955940,1.002134,1.020307,1.005939,1.005215,1.019364,1.014609,1.004290,1.001932,0.995665,0.966286,1.027721,0.998773,0.975447,0.966907,1.038625,1.009122,1.006653,0.959662,1.033259
3.473610,1.023327,1.002801,0.996838,0.993640,1.011474,1.016711,1.006194,1.003200,1.049014,1.020649,1.017905,0.999680,1.013989,1.002166,0.992694,1.000314,1.000132,0.997593,1.016883,0.955546,1.001761,1.019954,1.005603,1.004832,1.019063,1.014256,1.003929,1.001559,0.995289,0.965976,1.027488,0.998463,0.975066,0.966524,1.038287,1.008902,1.006367,0.959293,1.033314
3.481940,1.023147,1.002468,0.996502,0.993316,1.011163,1.016402,1.005886,1.002892,1.049073,1.020323,1.017585,0.999356,1.013659,1.001827,0.992319,0.999927,0.999756,0.997230,1.016468,0.955150,1.001386,1.019599,1.005264,1.004447,1.018762,1.013902,1.003566,1.001184,0.994911,0.965664,1.027248,0.998149,0.974685,0.966139,1.037947,1.008677,1.006082,0.958922,1.033372
3.490270,1.022973,1.002137,0.996165,0.992988,1.010848,1.016090,1.005575,1.002580,1.049133,1.019994,1.017261,0.999028,1.013327,1.001484,0.991943,0.999540,0.999380,0.996866,1.016052,0.954752,1.001010,1.019242,1.004923,1.004061,1.018461,1.013547,1.003203,1.000809,0.994533,0.965353,1.027000,0.997830,0.974301,0.965753,1.037605,1.008449,1.005797,0.958550,1.033431
3.498600,1.022807,1.001808,0.995828,0.992658,1.010530,1.015773,1.005259,1.002265,1.049196,1.019661,1.016934,0.998697,1.012991,1.001140,0.991565,0.999151,0.999003,0.996502,1.015635,0.954353,1.000633,1.018884,1.004580,1.003674,1.018161,1.013193,1.002840,1.000432,0.994153,0.965042,1.026745,0.997508,0.973916,0.965365,1.037262,1.008217,1.005513,0.958177,1.033493
3.506930,1.022648,1.001482,0.995492,0.992326,1.010208,1.015452,1.004940,1.001946,1.049262,1.019325,1.016603,0.998362,1.012651,1.000793,0.991186,0.998762,0.998626,0.996138,1.015217,0.953954,1.000255,1.018524,1.004236,1.003287,1.017861,1.012838,1.002477,1.000056,0.993774,0.964732,1.026483,0.997182,0.973530,0.964975,1.036917,1.007981,1.005231,0.957804,1.033558
3.515260,1.022496,1.001158,0.995155,0.991991,1.009883,1.015128,1.004618,1.001623,1.049329,1.018985,1.016269,0.998025,1.012309,1.000443,0.990807,0.998373,0.998249,0.995774,1.014799,0.953553,0.999876,1.018163,1.003891,1.002899,1.017563,1.012484,1.002114,0.999680,0.993394,0.964423,1.026215,0.996853,0.973143,0.964584,1.036570,1.007743,1.004950,0.957430,1.033624
3.523590,1.022352,1.000838,0.994819,0.991655,1.009554,1.014801,1.004292,1.001297,1.049399,1.018642,1.015931,0.997684,1.011965,1.000092,0.990426,0.997984,0.997873,0.995411,1.014380,0.953152,0.999498,1.017802,1.003545,1.002511,1.017266,1.012130,1.001751,0.999303,0.993015,0.964116,1.025939,0.996520,0.972756,0.964193,1.036223,1.007503,1.004671,0.957057,1.033693
3.531920,1.022215,1.000521,0.994484,0.991316,1.009222,1.014470,1.003963,1.000969,1.049472,1.018297,1.015591,0.997341,1.011617,0.999739,0.990046,0.997594,0.997497,0.995049,1.013962,0.952751,0.999119,1.017440,1.003198,1.002123,1.016971,1.011777,1.001389,0.998928,0.992636,0.963811,1.025658,0.996184,0.972368,0.963801,1.035875,1.007260,1.004394,0.956684,1.033765
3.540250,1.022086,1.000209,0.994151,0.990977,1.008888,1.014136,1.003631,1.000637,1.049546,1.017949,1.015248,0.996995,1.011268,0.999384,0.989665,0.997206,0.997123,0.994688,1.013544,0.952350,0.998741,1.017078,1.002851,1.001736,1.016678,1.011426,1.001029,0.998554,0.992258,0.963510,1.025370,0.995845,0.971980,0.963409,1.035526,1.007016,1.004120,0.956311,1.033838
3.548580,1.021965,0.999901,0.993819,0.990636,1.008551,1.013800,1.003296,1.000303,1.049623,1.017599,1.014903,0.996647,1.010916,0.999028,0.989285,0.996818,0.996750,0.994328,1.013126,0.951950,0.998363,1.016717,1.002504,1.001349,1.016387,1.011077,1.000670,0.998181,0.991882,0.963213,1.025076,0.995505,0.971592,0.963017,1.035178,1.006771,1.003848,0.955940,1.033914
3.556910,1.021851,0.999599,0.993489,0.990294,1.008212,1.013461,1.002960,0.999966,1.049703,1.017248,1.014555,0.996297,1.010564,0.998672,0.988905,0.996432,0.996378,0.993971,1.012710,0.951550,0.997987,1.016357,1.002158,1.000964,1.016100,1.010729,1.000313,0.997810,0.991508,0.962920,1.024777,0.995162,0.971205,0.962626,1.034830,1.006525,1.003579,0.955571,1.033992
3.565240,1.021746,0.999302,0.993162,0.989952,1.007872,1.013120,1.002621,0.999628,1.049784,1.016895,1.014207,0.995946,1.010210,0.998315,0.988526,0.996047,0.996010,0.993616,1.012296,0.951152,0.997612,1.015998,1.001813,1.000580,1.015817,1.010385,0.999959,0.997442,0.991136,0.962634,1.024473,0.994817,0.970819,0.962237,1.034483,1.006279,1.003314,0.955204,1.034073
3.573570,1.021649,0.999011,0.992837,0.989609,1.007530,1.012778,1.002281,0.999288,1.049868,1.016540,1.013857,0.995594,1.009855,0.997957,0.988149,0.995665,0.995643,0.993264,1.011884,0.950757,0.997240,1.015640,1.001470,1.000199,1.015537,1.010044,0.999608,0.997077,0.990767,0.962353,1.024163,0.994471,0.970435,0.961850,1.034137,1.006033,1.003053,0.954840,1.034156
3.581900,1.021560,0.998727,0.992516,0.989267,1.007187,1.012434,1.001939,0.998947,1.049955,1.016185,1.013506,0.995242,1.009499,0.997601,0.987774,0.995286,0.995281,0.992915,1.011475,0.950363,0.996870,1.015285,1.001129,0.999820,1.015262,1.009706,0.999260,0.996715,0.990402,0.962080,1.023850,0.994124,0.970053,0.961464,1.033793,1.005789,1.002796,0.954479,1.034240
3.590230,1.021480,0.998449,0.992199,0.988925,1.006843,1.012090,1.001597,0.998605,1.050043,1.015830,1.013154,0.994888,1.009144,0.997244,0.987401,0.994910,0.994922,0.992570,1.011068,0.949972,0.996503,1.014932,1.000790,0.999445,1.014992,1.009373,0.998917,0.996358,0.990041,0.961815,1.023532,0.993776,0.969673,0.961082,1.033451,1.005546,1.002544,0.954122,1.034328
3.598560,1.021409,0.998179,0.991886,0.988585,1.006499,1.011745,1.001254,0.998263,1.050134,1.015475,1.012802,0.994535,1.008789,0.996889,0.987031,0.994537,0.994567,0.992230,1.010665,0.949585,0.996140,1.014583,1.000455,0.999072,1.014728,1.009045,0.998577,0.996005,0.989685,0.961559,1.023210,0.993428,0.969297,0.960703,1.033111,1.005306,1.002297,0.953769,1.034417
3.606890,1.021346,0.997917,0.991578,0.988246,1.006155,1.011399,1.000911,0.997920,1.050227,1.015120,1.012451,0.994183,1.008435,0.996535,0.986664,0.994168,0.994216,0.991894,1.010267,0.949201,0.995780,1.014237,1.000124,0.998704,1.014469,1.008721,0.998243,0.995657,0.989333,0.961311,1.022885,0.993080,0.968923,0.960328,1.032774,1.005068,1.002056,0.953421,1.034508
3.615220,1.021291,0.997663,0.991275,0.987908,1.005811,1.011054,1.000569,0.997578,1.050321,1.014766,1.012100,0.993831,1.008082,0.996184,0.986301,0.993804,0.993871,0.991563,1.009873,0.948822,0.995425,1.013895,0.999796,0.998340,1.014216,1.008403,0.997914,0.995314,0.988987,0.961074,1.022557,0.992733,0.968553,0.959957,1.032441,1.004834,1.001820,0.953079,1.034602
3.623550,1.021245,0.997418,0.990977,0.987572,1.005468,1.010710,1.000227,0.997236,1.050418,1.014413,1.011750,0.993481,1.007730,0.995834,0.985941,0.993445,0.993531,0.991238,1.009483,0.948447,0.995075,1.013558,0.999473,0.997982,1.013970,1.008091,0.997590,0.994978,0.988647,0.960846,1.022227,0.992387,0.968187,0.959591,1.032112,1.004604,1.001590,0.952742,1.034697
3.631880,1.021208,0.997181,0.990684,0.987239,1.005126,1.010366,0.999886,0.996896,1.050517,1.014062,1.011402,0.993132,1.007380,0.995487,0.985586,0.993091,0.993197,0.990918,1.009100,0.948077,0.994730,1.013226,0.999155,0.997628,1.013730,1.007785,0.997273,0.994647,0.988313,0.960629,1.021894,0.992042,0.967826,0.959231,1.031786,1.004378,1.001366,0.952411,1.034795
3.640210,1.021179,0.996953,0.990398,0.986909,1.004786,1.010024,0.999546,0.996556,1.050618,1.013713,1.011055,0.992785,1.007032,0.995143,0.985236,0.992743,0.992869,0.990605,1.008722,0.947714,0.994391,1.012899,0.998843,0.997280,1.013498,1.007486,0.996962,0.994324,0.987986,0.960423,1.021559,0.991699,0.967470,0.958877,1.031466,1.004157,1.001148,0.952087,1.034894
3.648540,1.021159,0.996735,0.990118,0.986582,1.004448,1.009683,0.999208,0.996219,1.050721,1.013366,1.010711,0.992440,1.006687,0.994802,0.984891,0.992401,0.992548,0.990299,1.008351,0.947356,0.994058,1.012579,0.998537,0.996939,1.013273,1.007194,0.996658,0.994007,0.987667,0.960228,1.021222,0.991358,0.967119,0.958529,1.031150,1.003942,1.000938,0.951769,1.034995
3.656870,1.021147,0.996526,0.989844,0.986258,1.004112,1.009345,0.998871,0.995883,1.050826,1.013022,1.010368,0.992098,1.006345,0.994464,0.984552,0.992066,0.992233,0.989999,1.007986,0.947005,0.993732,1.012265,0.998238,0.996604,1.013055,1.006910,0.996361,0.993698,0.987355,0.960044,1.020884,0.991020,0.966774,0.958188,1.030840,1.003732,1.000734,0.951460,1.035098
3.665200,1.021144,0.996326,0.989578,0.985938,1.003778,1.009008,0.998538,0.995550,1.050932,1.012681,1.010029,0.991760,1.006006,0.994131,0.984219,0.991738,0.991926,0.989707,1.007629,0.946662,0.993412,1.011957,0.997945,0.996276,1.012845,1.006633,0.996072,0.993397,0.987051,0.959872,1.020545,0.990684,0.966436,0.957855,1.030536,1.003530,1.000538,0.951158,1.035203
3.673530,1.021149,0.996137,0.989318,0.985622,1.003447,1.008675,0.998207,0.995219,1.051040,1.012343,1.009693,0.991424,1.005671,0.993802,0.983892,0.991417,0.991627,0.989422,1.007280,0.946325,0.993101,1.011657,0.997660,0.995955,1.012644,1.006365,0.995791,0.993105,0.986755,0.959712,1.020205,0.990352,0.966104,0.957530,1.030238,1.003335,1.000348,0.950865,1.035310
3.681860,1.021162,0.995957,0.989066,0.985310,1.003120,1.008344,0.997878,0.994892,1.051150,1.012009,1.009360,0.991092,1.005340,0.993478,0.983572,0.991105,0.991336,0.989145,1.006939,0.945997,0.992797,1.011365,0.997383,0.995643,1.012451,1.006105,0.995518,0.992821,0.986469,0.959564,1.019865,0.990023,0.965779,0.957213,1.029947,1.003147,1.000167,0.950580,1.035418
3.690190,1.021184,0.995788,0.988822,0.985003,1.002796,1.008017,0.997554,0.994567,1.051261,1.011679,1.009031,0.990765,1.005013,0.993159,0.983259,0.990800,0.991054,0.988876,1.006607,0.945678,0.992501,1.011080,0.997114,0.995338,1.012266,1.005853,0.995253,0.992547,0.986191,0.959429,1.019525,0.989698,0.965462,0.956906,1.029663,1.002968,0.999993,0.950305,1.035527
3.698520,1.021214,0.995629,0.988586,0.984702,1.002476,1.007693,0.997233,0.994247,1.051373,1.011354,1.008707,0.990442,1.004691,0.992846,0.982954,0.990504,0.990780,0.988616,1.006284,0.945367,0.992214,1.010805,0.996855,0.995043,1.012090,1.005611,0.994998,0.992282,0.985924,0.959306,1.019186,0.989378,0.965152,0.956608,1.029387,1.002798,0.999826,0.950038,1.035638
3.706850,1.021252,0.995481,0.988357,0.984405,1.002160,1.007373,0.996916,0.993930,1.051487,1.011033,1.008387,0.990123,1.004374,0.992538,0.982656,0.990217,0.990515,0.988365,1.005970,0.945066,0.991937,1.010538,0.996604,0.994756,1.011924,1.005378,0.994751,0.992026,0.985666,0.959195,1.018847,0.989062,0.964851,0.956320,1.029119,1.002636,0.999668,0.949782,1.035750
3.715180,1.021297,0.995343,0.988138,0.984115,1.001848,1.007058,0.996603,0.993618,1.051602,1.010718,1.008071,0.989810,1.004063,0.992237,0.982367,0.989940,0.990260,0.988123,1.005667,0.944775,0.991669,1.010281,0.996364,0.994479,1.011766,1.005155,0.994515,0.991781,0.985419,0.959097,1.018509,0.988752,0.964559,0.956042,1.028859,1.002485,0.999518,0.949536,1.035864
3.723510,1.021351,0.995216,0.987927,0.983830,1.001542,1.006748,0.996295,0.993311,1.051719,1.010408,1.007762,0.989502,1.003757,0.991941,0.982087,0.989672,0.990015,0.987890,1.005373,0.944493,0.991410,1.010034,0.996133,0.994212,1.011617,1.004941,0.994288,0.991546,0.985182,0.959012,1.018172,0.988446,0.964276,0.955776,1.028607,1.002344,0.999377,0.949301,1.035978
3.731840,1.021412,0.995100,0.987725,0.983552,1.001241,1.006442,0.995992,0.993008,1.051836,1.010104,1.007457,0.989200,1.003457,0.991653,0.981815,0.989415,0.989779,0.987668,1.005091,0.944223,0.991163,1.009797,0.995913,0.993955,1.011478,1.004738,0.994071,0.991322,0.984956,0.958940,1.017837,0.988147,0.964002,0.955521,1.028365,1.002214,0.999243,0.949076,1.036094
3.740170,1.021481,0.994994,0.987532,0.983280,1.000945,1.006142,0.995695,0.992711,1.051955,1.009807,1.007159,0.988905,1.003164,0.991372,0.981553,0.989168,0.989554,0.987455,1.004820,0.943964,0.990925,1.009571,0.995705,0.993708,1.011349,1.004546,0.993865,0.991110,0.984742,0.958881,1.017504,0.987853,0.963738,0.955278,1.028133,1.002094,0.999119,0.948863,1.036211
3.748500,1.021557,0.994900,0.987349,0.983015,1.000655,1.005848,0.995403,0.992420,1.052075,1.009516,1.006867,0.988616,1.002878,0.991098,0.981301,0.988932,0.989340,0.987253,1.004560,0.943716,0.990699,1.009356,0.995507,0.993473,1.011230,1.004364,0.993669,0.990908,0.984539,0.958835,1.017173,0.987567,0.963485,0.955047,1.027910,1.001987,0.999003,0.948661,1.036329
3.756830,1.021641,0.994818,0.987175,0.982758,1.000372,1.005560,0.995117,0.992135,1.052195,1.009232,1.006582,0.988334,1.002599,0.990833,0.981059,0.988707,0.989137,0.987061,1.004313,0.943481,0.990485,1.009152,0.995322,0.993249,1.011120,1.004194,0.993485,0.990719,0.984348,0.958802,1.016846,0.987287,0.963242,0.954829,1.027697,1.001892,0.998896,0.948472,1.036447
3.765160,1.021733,0.994746,0.987011,0.982509,1.000096,1.005279,0.994838,0.991857,1.052316,1.008955,1.006304,0.988059,1.002328,0.990575,0.980828,0.988494,0.988946,0.986880,1.004078,0.943257,0.990282,1.008960,0.995149,0.993037,1.011021,1.004034,0.993312,0.990541,0.984169,0.958783,1.016521,0.987015,0.963010,0.954625,1.027495,1.001809,0.998798,0.948294,1.036567
3.773490,1.021831,0.994686,0.986858,0.982268,0.999826,1.005005,0.994566,0.991585,1.052438,1.008687,1.006034,0.987792,1.002065,0.990327,0.980607,0.988293,0.988766,0.986711,1.003856,0.943047,0.990092,1.008781,0.994988,0.992837,1.010932,1.003887,0.993150,0.990376,0.984003,0.958776,1.016202,0.986750,0.962789,0.954434,1.027304,1.001740,0.998709,0.948129,1.036687
3.781820,1.021937,0.994638,0.986715,0.982035,0.999565,1.004738,0.994302,0.991321,1.052561,1.008427,1.005772,0.987534,1.001810,0.990087,0.980398,0.988104,0.988599,0.986553,1.003647,0.942850,0.989915,1.008614,0.994841,0.992649,1.010853,1.003751,0.993001,0.990223,0.983850,0.958783,1.015886,0.986494,0.962580,0.954258,1.027125,1.001684,0.998630,0.947977,1.036808
3.790150,1.022050,0.994602,0.986584,0.981812,0.999312,1.004480,0.994046,0.991066,1.052684,1.008176,1.005518,0.987285,1.001565,0.989858,0.980201,0.987928,0.988444,0.986408,1.003452,0.942666,0.989750,1.008460,0.994708,0.992475,1.010786,1.003628,0.992863,0.990084,0.983710,0.958803,1.015577,0.986246,0.962383,0.954096,1.026957,1.001642,0.998560,0.947838,1.036929
3.798480,1.022169,0.994577,0.986463,0.981598,0.999068,1.004231,0.993798,0.990819,1.052808,1.007934,1.005274,0.987045,1.001330,0.989638,0.980016,0.987766,0.988302,0.986274,1.003271,0.942497,0.989599,1.008320,0.994588,0.992314,1.010729,1.003517,0.992739,0.989958,0.983584,0.958837,1.015274,0.986008,0.962199,0.953949,1.026801,1.001615,0.998500,0.947713,1.037051
3.806810,1.022296,0.994565,0.986354,0.981394,0.998833,1.003991,0.993560,0.990581,1.052932,1.007703,1.005040,0.986815,1.001105,0.989430,0.979843,0.987617,0.988173,0.986154,1.003104,0.942342,0.989462,1.008194,0.994483,0.992167,1.010684,1.003419,0.992628,0.989845,0.983472,0.958885,1.014978,0.985779,0.962027,0.953817,1.026658,1.001602,0.998450,0.947601,1.037174
3.815140,1.022430,0.994565,0.986257,0.981201,0.998608,1.003760,0.993332,0.990352,1.053057,1.007482,1.004816,0.986596,1.000890,0.989232,0.979684,0.987482,0.988058,0.986046,1.002953,0.942202,0.989340,1.008082,0.994392,0.992034,1.010650,1.003334,0.992529,0.989747,0.983373,0.958946,1.014690,0.985561,0.961868,0.953702,1.026527,1.001605,0.998410,0.947503,1.037296
3.823470,1.022571,0.994577,0.986172,0.981018,0.998394,1.003541,0.993113,0.990135,1.053182,1.007272,1.004603,0.986387,1.000687,0.989047,0.979539,0.987362,0.987956,0.985952,1.002816,0.942077,0.989232,1.007985,0.994317,0.991915,1.010627,1.003263,0.992445,0.989662,0.983289,0.959022,1.014410,0.985354,0.961723,0.953602,1.026410,1.001623,0.998380,0.947420,1.037420
3.831800,1.022718,0.994603,0.986100,0.980848,0.998191,1.003332,0.992906,0.989928,1.053308,1.007074,1.004402,0.986191,1.000495,0.988873,0.979407,0.987257,0.987869,0.985871,1.002696,0.941968,0.989139,1.007903,0.994258,0.991812,1.010616,1.003205,0.992374,0.989593,0.983220,0.959111,1.014140,0.985158,0.961592,0.953520,1.026306,1.001658,0.998360,0.947352,1.037543
3.840130,1.022873,0.994641,0.986041,0.980689,0.997999,1.003135,0.992711,0.989732,1.053433,1.006889,1.004212,0.986006,1.000316,0.988713,0.979290,0.987167,0.987797,0.985805,1.002591,0.941875,0.989062,1.007837,0.994214,0.991724,1.010618,1.003161,0.992318,0.989538,0.983166,0.959214,1.013881,0.984973,0.961475,0.953454,1.026216,1.001708,0.998351,0.947298,1.037667
3.848460,1.023034,0.994692,0.985995,0.980543,0.997820,1.002951,0.992527,0.989549,1.053559,1.006716,1.004036,0.985835,1.000150,0.988565,0.979188,0.987093,0.987740,0.985753,1.002503,0.941798,0.989001,1.007786,0.994187,0.991652,1.010631,1.003132,0.992276,0.989498,0.983128,0.959331,1.013633,0.984801,0.961372,0.953406,1.026140,1.001776,0.998353,0.947260,1.037791
3.856790,1.023202,0.994757,0.985962,0.980410,0.997654,1.002779,0.992357,0.989378,1.053685,1.006556,1.003872,0.985677,0.999998,0.988432,0.979101,0.987034,0.987699,0.985716,1.002432,0.941738,0.988956,1.007752,0.994177,0.991596,1.010657,1.003117,0.992250,0.989474,0.983105,0.959462,1.013397,0.984642,0.961285,0.953375,1.026079,1.001861,0.998365,0.947237,1.037915
3.865120,1.023376,0.994835,0.985944,0.980291,0.997502,1.002621,0.992200,0.989221,1.053811,1.006411,1.003723,0.985533,0.999860,0.988313,0.979031,0.986993,0.987673,0.985695,1.002378,0.941695,0.988927,1.007734,0.994184,0.991557,1.010696,1.003118,0.992238,0.989465,0.983098,0.959608,1.013174,0.984496,0.961212,0.953363,1.026032,1.001963,0.998389,0.947229,1.038039
3.873450,1.023557,0.994926,0.985940,0.980185,0.997364,1.002478,0.992057,0.989078,1.053937,1.006280,1.003588,0.985403,0.999736,0.988208,0.978976,0.986968,0.987664,0.985688,1.002341,0.941669,0.988916,1.007733,0.994208,0.991535,1.010748,1.003133,0.992242,0.989472,0.983107,0.959769,1.012965,0.984364,0.961155,0.953369,1.026001,1.002084,0.998424,0.947238,1.038163
3.881780,1.023745,0.995032,0.985951,0.980095,0.997240,1.002349,0.991928,0.988949,1.054063,1.006164,1.003468,0.985289,0.999628,0.988120,0.978938,0.986960,0.987671,0.985698,1.002323,0.941662,0.988922,1.007750,0.994250,0.991531,1.010813,1.003164,0.992262,0.989496,0.983132,0.959943,1.012770,0.984247,0.961113,0.953394,1.025985,1.002222,0.998471,0.947263,1.038288
3.890110,1.023940,0.995151,0.985977,0.980019,0.997132,1.002235,0.991814,0.988835,1.054189,1.006064,1.003363,0.985190,0.999535,0.988047,0.978918,0.986970,0.987694,0.985724,1.002322,0.941672,0.988946,1.007784,0.994311,0.991544,1.010891,1.003211,0.992299,0.989536,0.983174,0.960133,1.012591,0.984144,0.961088,0.953438,1.025985,1.002379,0.998529,0.947304,1.038412
3.898440,1.024141,0.995285,0.986018,0.979960,0.997039,1.002137,0.991717,0.988737,1.054316,1.005980,1.003275,0.985107,0.999458,0.987990,0.978914,0.986998,0.987735,0.985767,1.002340,0.941701,0.988988,1.007835,0.994389,0.991575,1.010982,1.003273,0.992351,0.989592,0.983233,0.960337,1.012427,0.984056,0.961079,0.953502,1.026000,1.002554,0.998599,0.947362,1.038536
3.906770,1.024349,0.995433,0.986074,0.979915,0.996962,1.002056,0.991635,0.988655,1.054442,1.005912,1.003202,0.985040,0.999398,0.987950,0.978929,0.987045,0.987794,0.985826,1.002377,0.941748,0.989048,1.007905,0.994487,0.991624,1.011088,1.003352,0.992420,0.989666,0.983309,0.960556,1.012280,0.983983,0.961086,0.953584,1.026032,1.002749,0.998681,0.947436,1.038660
3.915100,1.024563,0.995595,0.986147,0.979888,0.996902,1.001991,0.991569,0.988589,1.054567,1.005861,1.003147,0.984990,0.999355,0.987927,0.978962,0.987109,0.987870,0.985902,1.002433,0.941815,0.989127,1.007994,0.994603,0.991692,1.011207,1.003447,0.992507,0.989756,0.983402,0.960790,1.012149,0.983926,0.961110,0.953687,1.026080,1.002962,0.998775,0.947528,1.038784
3.923430,1.024784,0.995772,0.986235,0.979877,0.996859,1.001943,0.991520,0.988539,1.054693,1.005828,1.003108,0.984958,0.999328,0.987921,0.979013,0.987192,0.987964,0.985996,1.002508,0.941900,0.989224,1.008101,0.994738,0.991779,1.011339,1.003558,0.992610,0.989864,0.983513,0.961038,1.012036,0.983885,0.961150,0.953810,1.026145,1.003195,0.998882,0.947636,1.038908
3.931760,1.025011,0.995964,0.986340,0.979882,0.996833,1.001912,0.991488,0.988507,1.054818,1.005811,1.003087,0.984942,0.999320,0.987933,0.979082,0.987295,0.988076,0.986107,1.002603,0.942004,0.989341,1.008226,0.994893,0.991885,1.011486,1.003686,0.992730,0.989989,0.983641,0.961301,1.011940,0.983860,0.961208,0.953952,1.026226,1.003447,0.999000,0.947762,1.039031
3.940090,1.025245,0.996169,0.986461,0.979905,0.996825,1.001898,0.991473,0.988491,1.054944,1.005812,1.003084,0.984945,0.999329,0.987963,0.979171,0.987416,0.988206,0.986235,1.002717,0.942128,0.989477,1.008371,0.995067,0.992010,1.011647,1.003831,0.992868,0.990132,0.983786,0.961578,1.011862,0.983851,0.961283,0.954115,1.026324,1.003718,0.999131,0.947904,1.039155
3.948420,1.025485,0.996390,0.986599,0.979945,0.996834,1.001903,0.991476,0.988493,1.055068,1.005832,1.003098,0.984965,0.999355,0.988011,0.979278,0.987556,0.988354,0.986381,1.002851,0.942272,0.989631,1.008534,0.995261,0.992155,1.011821,1.003992,0.993022,0.990291,0.983949,0.961869,1.011801,0.983859,0.961375,0.954299,1.026439,1.004009,0.999274,0.948064,1.039278
3.956750,1.025731,0.996625,0.986753,0.980003,0.996860,1.001925,0.991497,0.988513,1.055193,1.005869,1.003130,0.985003,0.999400,0.988077,0.979405,0.987716,0.988521,0.986545,1.003005,0.942435,0.989806,1.008717,0.995474,0.992319,1.012010,1.004170,0.993195,0.990469,0.984129,0.962174,1.011759,0.983883,0.961484,0.954503,1.026571,1.004320,0.999429,0.948241,1.039400
3.965080,1.025983,0.996874,0.986923,0.980078,0.996905,1.001966,0.991536,0.988551,1.055317,1.005924,1.003181,0.985060,0.999464,0.988162,0.979551,0.987895,0.988706,0.986727,1.003178,0.942618,0.989999,1.008919,0.995707,0.992503,1.012212,1.004365,0.993384,0.990663,0.984327,0.962493,1.011735,0.983925,0.961611,0.954727,1.026721,1.004650,0.999597,0.948435,1.039523
3.973410,1.026241,0.997137,0.987110,0.980171,0.996968,1.002025,0.991592,0.988606,1.055441,1.005998,1.003249,0.985135,0.999545,0.988265,0.979716,0.988094,0.988910,0.986926,1.003372,0.942820,0.990212,1.009140,0.995960,0.992706,1.012428,1.004577,0.993592,0.990875,0.984543,0.962825,1.011729,0.983983,0.961755,0.954972,1.026887,1.005000,0.999777,0.948646,1.039644
3.981740,1.026506,0.997414,0.987314,0.980282,0.997049,1.002102,0.991667,0.988680,1.055564,1.006090,1.003337,0.985228,0.999646,0.988387,0.979901,0.988312,0.989132,0.987143,1.003585,0.943043,0.990445,1.009380,0.996232,0.992929,1.012657,1.004805,0.993816,0.991104,0.984776,0.963170,1.011742,0.984057,0.961916,0.955237,1.027071,1.005369,0.999969,0.948874,1.039766
3.990070,1.026775,0.997705,0.987534,0.980411,0.997149,1.002197,0.991760,0.988772,1.055686,1.006200,1.003442,0.985340,0.999764,0.988527,0.980105,0.988550,0.989372,0.987378,1.003819,0.943285,0.990697,1.009639,0.996525,0.993172,1.012900,1.005050,0.994058,0.991351,0.985026,0.963527,1.011773,0.984149,0.962095,0.955523,1.027271,1.005758,1.000173,0.949119,1.039886
3.998400,1.027051,0.998010,0.987770,0.980558,0.997267,1.002311,0.991871,0.988882,1.055808,1.006330,1.003566,0.985470,0.999902,0.988687,0.980329,0.988807,0.989631,0.987631,1.004072,0.943547,0.990969,1.009918,0.996836,0.993434,1.013157,1.005311,0.994317,0.991615,0.985293,0.963897,1.011822,0.984258,0.962291,0.955830,1.027489,1.006166,1.000389,0.949381,1.040007
4.006730,1.027332,0.998329,0.988023,0.980723,0.997403,1.002443,0.992000,0.989010,1.055930,1.006477,1.003709,0.985619,1.000058,0.988865,0.980573,0.989084,0.989908,0.987901,1.004345,0.943828,0.991260,1.010216,0.997168,0.993716,1.013427,1.005589,0.994594,0.991896,0.985578,0.964279,1.011889,0.984383,0.962505,0.956157,1.027724,1.006594,1.000617,0.949659,1.040126
4.015060,1.027618,0.998661,0.988293,0.980906,0.997558,1.002594,0.992148,0.989156,1.056050,1.006644,1.003871,0.985787,1.000233,0.989062,0.980835,0.989380,0.990204,0.988189,1.004639,0.944130,0.991571,1.010532,0.997519,0.994018,1.013710,1.005883,0.994887,0.992193,0.985880,0.964672,1.011975,0.984526,0.962735,0.956504,1.027976,1.007040,1.000857,0.949954,1.040245
4.023390,1.027910,0.999007,0.988578,0.981108,0.997731,1.002764,0.992314,0.989321,1.056170,1.006829,1.004051,0.985973,1.000426,0.989278,0.981118,0.989696,0.990518,0.988495,1.004952,0.944451,0.991901,1.010868,0.997889,0.994339,1.014006,1.006193,0.995198,0.992508,0.986198,0.965077,1.012079,0.984685,0.962983,0.956871,1.028246,1.007506,1.001109,0.950266,1.040363
4.031720,1.028207,0.999365,0.988880,0.981327,0.997923,1.002952,0.992499,0.989504,1.056290,1.007032,1.004249,0.986178,1.000638,0.989513,0.981420,0.990031,0.990850,0.988818,1.005284,0.944791,0.992250,1.011223,0.998279,0.994680,1.014315,1.006519,0.995525,0.992839,0.986534,0.965492,1.012202,0.984862,0.963248,0.957259,1.028532,1.007991,1.001372,0.950594,1.040481
4.040050,1.028509,0.999737,0.989198,0.981564,0.998133,1.003158,0.992701,0.989705,1.056408,1.007254,1.004466,0.986402,1.000869,0.989766,0.981741,0.990385,0.991200,0.989158,1.005637,0.945151,0.992618,1.011597,0.998688,0.995040,1.014636,1.006861,0.995870,0.993187,0.986886,0.965918,1.012342,0.985055,0.963530,0.957666,1.028834,1.008494,1.001646,0.950938,1.040597
4.048380,1.028816,1.000121,0.989532,0.981820,0.998361,1.003383,0.992923,0.989925,1.056526,1.007495,1.004702,0.986644,1.001118,0.990038,0.982082,0.990758,0.991568,0.989516,1.006008,0.945530,0.993006,1.011989,0.999116,0.995419,1.014970,1.007219,0.996231,0.993552,0.987254,0.966354,1.012500,0.985264,0.963829,0.958093,1.029154,1.009016,1.001932,0.951298,1.040713
4.056710,1.029127,1.000518,0.989882,0.982093,0.998608,1.003627,0.993162,0.990163,1.056642,1.007754,1.004956,0.986904,1.001386,0.990329,0.982442,0.991151,0.991954,0.989891,1.006399,0.945928,0.993412,1.012400,0.999564,0.995818,1.015317,1.007593,0.996608,0.993932,0.987639,0.966800,1.012676,0.985491,0.964145,0.958540,1.029490,1.009556,1.002230,0.951674,1.040828
4.065040,1.029444,1.000927,0.990248,0.982384,0.998873,1.003888,0.993419,0.990419,1.056758,1.008031,1.005228,0.987183,1.001672,0.990639,0.982821,0.991562,0.992357,0.990282,1.006810,0.946345,0.993837,1.012829,1.000029,0.996236,1.015675,1.007982,0.997002,0.994329,0.988040,0.967256,1.012870,0.985734,0.964477,0.959007,1.029842,1.010114,1.002538,0.952065,1.040942
4.073370,1.029765,1.001349,0.990630,0.982694,0.999156,1.004168,0.993695,0.990693,1.056873,1.008327,1.005519,0.987480,1.001977,0.990967,0.983219,0.991992,0.992778,0.990691,1.007239,0.946781,0.994281,1.013276,1.000514,0.996672,1.016046,1.008386,0.997412,0.994741,0.988456,0.967721,1.013081,0.985993,0.964825,0.959492,1.030211,1.010690,1.002857,0.952472,1.041055
4.081700,1.030090,1.001782,0.991027,0.983020,0.999457,1.004466,0.993988,0.990984,1.056986,1.008641,1.005828,0.987796,1.002300,0.991314,0.983636,0.992441,0.993216,0.991116,1.007687,0.947236,0.994743,1.013742,1.001017,0.997128,1.016429,1.008806,0.997839,0.995170,0.988889,0.968194,1.013309,0.986269,0.965190,0.959997,1.030596,1.011284,1.003187,0.952894,1.041167
4.090030,1.030419,1.002227,0.991439,0.983365,0.999776,1.004782,0.994299,0.991294,1.057099,1.008973,1.006154,0.988130,1.002641,0.991679,0.984072,0.992908,0.993672,0.991558,1.008154,0.947709,0.995224,1.014225,1.001538,0.997602,1.016823,1.009240,0.998281,0.995613,0.989337,0.968677,1.013555,0.986561,0.965571,0.960520,1.030997,1.011895,1.003528,0.953332,1.041278
4.098360,1.030753,1.002684,0.991867,0.983727,1.000113,1.005116,0.994629,0.991622,1.057211,1.009323,1.006499,0.988481,1.003001,0.992062,0.984527,0.993393,0.994145,0.992017,1.008640,0.948201,0.995722,1.014726,1.002077,0.998094,1.017228,1.009689,0.998739,0.996072,0.989800,0.969167,1.013818,0.986869,0.965968,0.961063,1.031414,1.012523,1.003879,0.953784,1.041388
4.106690,1.031091,1.003153,0.992309,0.984107,1.000467,1.005468,0.994975,0.991967,1.057321,1.009691,1.006862,0.988851,1.003378,0.992464,0.985000,0.993897,0.994634,0.992492,1.009144,0.948710,0.996239,1.015245,1.002634,0.998605,1.017645,1.010153,0.999212,0.996546,0.990278,0.969666,1.014097,0.987193,0.966381,0.961623,1.031847,1.013168,1.004241,0.954250,1.041497
4.115020,1.031433,1.003632,0.992767,0.984504,1.000839,1.005837,0.995340,0.992329,1.057430,1.010077,1.007243,0.989238,1.003773,0.992883,0.985492,0.994418,0.995141,0.992982,1.009666,0.949238,0.996773,1.015780,1.003208,0.999134,1.018073,1.010631,0.999701,0.997035,0.990772,0.970173,1.014394,0.987533,0.966810,0.962202,1.032295,1.013830,1.004613,0.954731,1.041604
4.123350,1.031779,1.004123,0.993239,0.984918,1.001229,1.006224,0.995721,0.992709,1.057539,1.010480,1.007641,0.989643,1.004186,0.993320,0.986001,0.994957,0.995663,0.993489,1.010206,0.949783,0.997325,1.016333,1.003800,0.999681,1.018512,1.011124,1.000205,0.997539,0.991280,0.970687,1.014707,0.987889,0.967253,0.962798,1.032758,1.014508,1.004995,0.955227,1.041711
4.131680,1.032128,1.004625,0.993727,0.985349,1.001636,1.006628,0.996120,0.993106,1.057645,1.010901,1.008056,0.990066,1.004616,0.993775,0.986529,0.995514,0.996203,0.994011,1.010763,0.950345,0.997895,1.016903,1.004409,1.000246,1.018962,1.011630,1.000724,0.998057,0.991802,0.971209,1.015036,0.988260,0.967712,0.963412,1.033237,1.015202,1.005387,0.955736,1.041816
4.140010,1.032481,1.005137,0.994228,0.985797,1.002060,1.007050,0.996536,0.993521,1.057751,1.011339,1.008489,0.990506,1.005064,0.994248,0.987075,0.996089,0.996758,0.994549,1.011339,0.950925,0.998481,1.017490,1.005035,1.000828,1.019423,1.012150,1.001258,0.998590,0.992339,0.971739,1.015381,0.988647,0.968186,0.964044,1.033730,1.015911,1.005789,0.956259,1.041920
4.148340,1.032838,1.005660,0.994744,0.986262,1.002501,1.007488,0.996969,0.993952,1.057855,1.011794,1.008939,0.990963,1.005529,0.994738,0.987638,0.996680,0.997329,0.995103,1.011931,0.951521,0.999085,1.018092,1.005677,1.001427,1.019894,1.012684,1.001806,0.999136,0.992890,0.972275,1.015741,0.989049,0.968675,0.964692,1.034238,1.016636,1.006201,0.956796,1.042023
4.156670,1.033198,1.006194,0.995274,0.986743,1.002959,1.007943,0.997419,0.994399,1.057958,1.012266,1.009406,0.991437,1.006011,0.995245,0.988219,0.997288,0.997916,0.995671,1.012540,0.952135,0.999705,1.018711,1.006336,1.002043,1.020375,1.013231,1.002369,0.999697,0.993454,0.972819,1.016118,0.989466,0.969178,0.965357,1.034760,1.017376,1.006622,0.957346,1.042125
4.165000,1.033561,1.006738,0.995818,0.987240,1.003433,1.008415,0.997885,0.994864,1.058060,1.012754,1.009889,0.991928,1.006510,0.995769,0.988817,0.997913,0.998519,0.996255,1.013166,0.952764,1.000341,1.019346,1.007010,1.002676,1.020866,1.013791,1.002946,1.000271,0.994032,0.973369,1.016510,0.989897,0.969695,0.966039,1.035297,1.018131,1.007053,0.957909,1.042225
4.173330,1.033927,1.007291,0.996375,0.987754,1.003924,1.008903,0.998367,0.995344,1.058161,1.013259,1.010389,0.992435,1.007025,0.996309,0.989431,0.998554,0.999136,0.996853,1.013809,0.953410,1.000993,1.019996,1.007701,1.003326,1.021368,1.014365,1.003537,1.000858,0.994624,0.973926,1.016917,0.990344,0.970227,0.966736,1.035847,1.018900,1.007493,0.958485,1.042324
4.181660,1.034297,1.007855,0.996947,0.988284,1.004431,1.009408,0.998866,0.995841,1.058260,1.013781,1.010905,0.992958,1.007557,0.996866,0.990063,0.999212,0.999769,0.997465,1.014467,0.954071,1.001662,1.020662,1.008406,1.003992,1.021879,1.014951,1.004142,1.001459,0.995229,0.974490,1.017338,0.990805,0.970772,0.967450,1.036411,1.019683,1.007942,0.959073,1.042421
4.189990,1.034669,1.008429,0.997531,0.988829,1.004954,1.009928,0.999380,0.996353,1.058357,1.014318,1.011437,0.993498,1.008104,0.997440,0.990711,0.999885,1.000417,0.998092,1.015142,0.954749,1.002346,1.021342,1.009127,1.004674,1.022400,1.015549,1.004760,1.002072,0.995846,0.975060,1.017775,0.991280,0.971331,0.968179,1.036989,1.020480,1.008400,0.959674,1.042517
4.198320,1.035044,1.009012,0.998128,0.989390,1.005492,1.010464,0.999910,0.996881,1.058453,1.014871,1.011985,0.994053,1.008668,0.998029,0.991375,1.000574,1.001078,0.998733,1.015832,0.955441,1.003045,1.022037,1.009863,1.005371,1.022930,1.016160,1.005391,1.002698,0.996476,0.975637,1.018225,0.991769,0.971903,0.968923,1.037580,1.021290,1.008867,0.960287,1.042612
4.206650,1.035422,1.009604,0.998739,0.989966,1.006046,1.011015,1.000455,0.997425,1.058548,1.015440,1.012548,0.994624,1.009247,0.998635,0.992055,1.001278,1.001755,0.999388,1.016537,0.956148,1.003759,1.022747,1.010613,1.006084,1.023469,1.016783,1.006036,1.003337,0.997119,0.976220,1.018690,0.992271,0.972488,0.969681,1.038184,1.022113,1.009343,0.960912,1.042705
4.214980,1.035803,1.010206,0.999362,0.990557,1.006615,1.011582,1.001015,0.997983,1.058641,1.016024,1.013126,0.995210,1.009842,0.999255,0.992750,1.001997,1.002445,1.000056,1.017257,0.956870,1.004488,1.023471,1.011377,1.006812,1.024017,1.017417,1.006693,1.003987,0.997773,0.976809,1.019169,0.992787,0.973085,0.970455,1.038800,1.022949,1.009827,0.961548,1.042797
4.223310,1.036186,1.010817,0.999997,0.991162,1.007198,1.012163,1.001590,0.998557,1.058732,1.016622,1.013720,0.995812,1.010451,0.999891,0.993461,1.002731,1.003149,1.000737,1.017992,0.957606,1.005231,1.024208,1.012155,1.007555,1.024574,1.018064,1.007362,1.004650,0.998440,0.977404,1.019660,0.993317,0.973695,0.971242,1.039428,1.023797,1.010319,0.962196,1.042887
4.231640,1.036571,1.011436,1.000644,0.991782,1.007797,1.012759,1.002180,0.999144,1.058822,1.017236,1.014328,0.996427,1.011075,1.000542,0.994187,1.003479,1.003866,1.001431,1.018741,0.958355,1.005988,1.024959,1.012947,1.008312,1.025140,1.018721,1.008044,1.005324,0.999118,0.978005,1.020166,0.993859,0.974318,0.972043,1.040069,1.024656,1.010820,0.962855,1.042975
4.239970,1.036959,1.012064,1.001303,0.992417,1.008409,1.013369,1.002784,0.999746,1.058911,1.017863,1.014950,0.997058,1.011714,1.001207,0.994927,1.004241,1.004596,1.002138,1.019505,0.959119,1.006758,1.025723,1.013751,1.009083,1.025714,1.019389,1.008737,1.006009,0.999807,0.978613,1.020684,0.994414,0.974952,0.972857,1.040722,1.025527,1.011328,0.963525,1.043063
4.248300,1.037349,1.012701,1.001974,0.993064,1.009035,1.013993,1.003401,1.000362,1.058998,1.018505,1.015586,0.997702,1.012367,1.001887,0.995682,1.005017,1.005339,1.002857,1.020281,0.959896,1.007542,1.026499,1.014569,1.009868,1.026296,1.020068,1.009442,1.006706,1.000507,0.979226,1.021214,0.994982,0.975597,0.973684,1.041385,1.026410,1.011845,0.964205,1.043148
4.256630,1.037741,1.013346,1.002656,0.993726,1.009675,1.014630,1.004032,1.000991,1.059083,1.019160,1.016236,0.998360,1.013033,1.002580,0.996450,1.005806,1.006094,1.003588,1.021071,0.960685,1.008339,1.027288,1.015398,1.010666,1.026887,1.020758,1.010159,1.007413,1.001218,0.979845,1.021756,0.995561,0.976254,0.974524,1.042060,1.027302,1.012369,0.964895,1.043232
4.264960,1.038134,1.013998,1.003349,0.994400,1.010328,1.015281,1.004676,1.001634,1.059166,1.019829,1.016899,0.999031,1.013713,1.003286,0.997232,1.006608,1.006861,1.004330,1.021874,0.961487,1.009149,1.028089,1.016239,1.011477,1.027485,1.021458,1.010886,1.008130,1.001939,0.980469,1.022310,0.996153,0.976922,0.975376,1.042746,1.028205,1.012900,0.965596,1.043314
4.273290,1.038529,1.014658,1.004052,0.995086,1.010993,1.015944,1.005333,1.002288,1.059248,1.020510,1.017575,0.999714,1.014405,1.004006,0.998026,1.007423,1.007640,1.005084,1.022689,0.962301,1.009970,1.028901,1.017092,1.012301,1.028090,1.022167,1.011623,1.008858,1.002670,0.981099,1.022875,0.996755,0.977600,0.976240,1.043442,1.029117,1.013438,0.966306,1.043395
4.281620,1.038926,1.015326,1.004765,0.995785,1.011671,1.016619,1.006002,1.002955,1.059328,1.021203,1.018262,1.000410,1.015110,1.004738,0.998833,1.008249,1.008430,1.005848,1.023516,0.963127,1.010803,1.029725,1.017956,1.013137,1.028703,1.022886,1.012371,1.009595,1.003410,0.981735,1.023450,0.997369,0.978289,0.977115,1.044148,1.030039,1.013983,0.967025,1.043474
4.289950,1.039325,1.016001,1.005488,0.996496,1.012360,1.017306,1.006682,1.003634,1.059407,1.021908,1.018962,1.001118,1.015826,1.005482,0.999653,1.009087,1.009231,1.006623,1.024355,0.963964,1.011647,1.030559,1.018830,1.013984,1.029322,1.023613,1.013129,1.010341,1.004160,0.982375,1.024035,0.997993,0.978987,0.978001,1.044864,1.030970,1.014535,0.967753,1.043551
4.298280,1.039724,1.016682,1.006220,0.997217,1.013060,1.018003,1.007373,1.004323,1.059483,1.022624,1.019672,1.001837,1.016554,1.006237,1.000483,1.009936,1.010041,1.007408,1.025205,0.964812,1.012502,1.031403,1.019715,1.014843,1.029948,1.024350,1.013896,1.011097,1.004919,0.983021,1.024628,0.998627,0.979695,0.978897,1.045589,1.031909,1.015093,0.968490,1.043627
4.306610,1.040124,1.017370,1.006962,0.997949,1.013770,1.018711,1.008074,1.005023,1.059558,1.023351,1.020393,1.002567,1.017292,1.007003,1.001325,1.010796,1.010862,1.008202,1.026065,0.965670,1.013368,1.032257,1.020609,1.015712,1.030580,1.025094,1.014672,1.011861,1.005687,0.983671,1.025229,0.999270,0.980412,0.979804,1.046323,1.032855,1.015657,0.969235,1.043700
4.314940,1.040526,1.018063,1.007711,0.998691,1.014490,1.019429,1.008785,1.005733,1.059631,1.024087,1.021124,1.003306,1.018040,1.007780,1.002177,1.011666,1.011692,1.009006,1.026936,0.966538,1.014243,1.033120,1.021512,1.016592,1.031218,1.025847,1.015456,1.012633,1.006462,0.984326,1.025838,0.999922,0.981138,0.980720,1.047066,1.033810,1.016227,0.969987,1.043772
4.323270,1.040928,1.018763,1.008468,0.999442,1.015219,1.020155,1.009506,1.006451,1.059702,1.024833,1.021864,1.004054,1.018798,1.008565,1.003040,1.012545,1.012531,1.009817,1.027816,0.967415,1.015127,1.033992,1.022424,1.017481,1.031862,1.026607,1.016248,1.013413,1.007245,0.984985,1.026453,1.000583,0.981871,0.981645,1.047816,1.034771,1.016802,0.970747,1.043842
4.331600,1.041330,1.019468,1.009232,1.000202,1.015956,1.020890,1.010234,1.007178,1.059772,1.025587,1.022612,1.004812,1.019564,1.009360,1.003911,1.013433,1.013378,1.010637,1.028706,0.968302,1.016020,1.034873,1.023344,1.018379,1.032511,1.027373,1.017048,1.014200,1.008036,0.985649,1.027073,1.001251,0.982613,0.982579,1.048575,1.035738,1.017383,0.971514,1.043911
4.339930,1.041733,1.020177,1.010004,1.000970,1.016701,1.021632,1.010970,1.007913,1.059839,1.026349,1.023368,1.005577,1.020338,1.010163,1.004791,1.014330,1.014233,1.011464,1.029604,0.969197,1.016921,1.035761,1.024271,1.019285,1.033164,1.028147,1.017855,1.014994,1.008833,0.986316,1.027698,1.001926,0.983363,0.983521,1.049340,1.036711,1.017968,0.972288,1.043977
4.348260,1.042135,1.020891,1.010781,1.001745,1.017453,1.022381,1.011713,1.008655,1.059904,1.027118,1.024131,1.006349,1.021120,1.010974,1.005679,1.015234,1.015095,1.012297,1.030510,0.970100,1.017829,1.036656,1.025206,1.020200,1.033822,1.028926,1.018668,1.015795,1.009637,0.986987,1.028327,1.002607,0.984119,0.984471,1.050112,1.037690,1.018557,0.973068,1.044041
4.356590,1.042538,1.021609,1.011564,1.002527,1.018211,1.023136,1.012462,1.009402,1.059968,1.027894,1.024900,1.007127,1.021908,1.011791,1.006574,1.016146,1.015964,1.013137,1.031424,0.971011,1.018745,1.037558,1.026147,1.021122,1.034484,1.029710,1.019487,1.016601,1.010446,0.987661,1.028958,1.003293,0.984882,0.985429,1.050891,1.038673,1.019150,0.973854,1.044104
4.364920,1.042940,1.022331,1.012352,1.003314,1.018974,1.023895,1.013216,1.010155,1.060029,1.028675,1.025675,1.007911,1.022701,1.012615,1.007476,1.017064,1.016838,1.013983,1.032345,0.971929,1.019667,1.038466,1.027093,1.022050,1.035149,1.030500,1.020312,1.017413,1.011261,0.988338,1.029591,1.003985,0.985651,0.986393,1.051675,1.039661,1.019747,0.974644,1.044164
4.373250,1.043341,1.023055,1.013144,1.004107,1.019741,1.024659,1.013974,1.010913,1.060088,1.029460,1.026453,1.008699,1.023499,1.013443,1.008384,1.017988,1.017718,1.014833,1.033273,0.972853,1.020595,1.039380,1.028045,1.022985,1.035817,1.031294,1.021141,1.018230,1.012081,0.989018,1.030225,1.004680,0.986426,0.987363,1.052465,1.040652,1.020347,0.975440,1.044222
4.381580,1.043742,1.023782,1.013940,1.004904,1.020512,1.025427,1.014736,1.011674,1.060145,1.030249,1.027236,1.009491,1.024301,1.014276,1.009298,1.018918,1.018603,1.015688,1.034206,0.973783,1.021528,1.040298,1.029002,1.023925,1.036488,1.032092,1.021975,1.019051,1.012905,0.989700,1.030859,1.005378,0.987206,0.988339,1.053260,1.041647,1.020950,0.976240,1.044279
4.389910,1.044142,1.024511,1.014740,1.005705,1.021286,1.026197,1.015501,1.012438,1.060200,1.031042,1.028022,1.010287,1.025107,1.015113,1.010216,1.019852,1.019492,1.016547,1.035145,0.974719,1.022466,1.041221,1.029963,1.024870,1.037161,1.032894,1.022812,1.019876,1.013733,0.990384,1.031491,1.006078,0.987990,0.989320,1.054059,1.042645,1.021556,0.977044,1.044333
4.398240,1.044540,1.025242,1.015541,1.006508,1.022062,1.026969,1.016268,1.013204,1.060253,1.031836,1.028809,1.011084,1.025915,1.015952,1.011137,1.020790,1.020384,1.017409,1.036088,0.975660,1.023407,1.042148,1.030928,1.025819,1.037835,1.033698,1.023653,1.020704,1.014565,0.991069,1.032122,1.006780,0.988779,0.990306,1.054862,1.043644,1.022163,0.977852,1.044385
4.406570,1.044936,1.025974,1.016345,1.007314,1.022839,1.027742,1.017036,1.013972,1.060304,1.032632,1.029598,1.011883,1.026724,1.016794,1.012062,1.021732,1.021279,1.018273,1.037036,0.976604,1.024352,1.043078,1.031895,1.026772,1.038511,1.034505,1.024496,1.021535,1.015399,0.991756,1.032749,1.007483,0.989572,0.991296,1.055668,1.044646,1.022772,0.978662,1.044435
4.414900,1.045331,1.026706,1.017150,1.008121,1.023616,1.028515,1.017805,1.014740,1.060352,1.033428,1.030387,1.012683,1.027534,1.017637,1.012990,1.022676,1.022176,1.019139,1.037987,0.977553,1.025300,1.044011,1.032865,1.027728,1.039187,1.035313,1.025341,1.022369,1.016236,0.992443,1.033373,1.008186,0.990368,0.992290,1.056477,1.045648,1.023382,0.979475,1.044482
4.423230,1.045724,1.027439,1.017955,1.008929,1.024393,1.029287,1.018573,1.015508,1.060398,1.034224,1.031176,1.013482,1.028344,1.018481,1.013919,1.023622,1.023075,1.020006,1.038941,0.978505,1.026249,1.044946,1.033836,1.028685,1.039864,1.036122,1.026187,1.023204,1.017074,0.993130,1.033992,1.008888,0.991167,0.993287,1.057289,1.046651,1.023992,0.980290,1.044527
4.431560,1.046115,1.028171,1.018760,1.009736,1.025169,1.030058,1.019340,1.016274,1.060442,1.035019,1.031964,1.014280,1.029153,1.019324,1.014849,1.024570,1.023975,1.020874,1.039898,0.979460,1.027201,1.045882,1.034809,1.029645,1.040540,1.036932,1.027034,1.024041,1.017914,0.993817,1.034606,1.009588,0.991969,0.994287,1.058103,1.047654,1.024603,0.981107,1.044570
4.439890,1.046503,1.028902,1.019565,1.010543,1.025942,1.030827,1.020105,1.017039,1.060483,1.035813,1.032749,1.015077,1.029961,1.020167,1.015780,1.025519,1.024875,1.021741,1.040857,0.980417,1.028153,1.046820,1.035783,1.030605,1.041216,1.037743,1.027882,1.024878,1.018755,0.994504,1.035215,1.010286,0.992772,0.995289,1.058918,1.048657,1.025214,0.981924,1.044611
4.448220,1.046888,1.029631,1.020368,1.011348,1.026714,1.031593,1.020867,1.017802,1.060522,1.036603,1.033533,1.015872,1.030767,1.021008,1.016710,1.026468,1.025775,1.022608,1.041816,0.981376,1.029105,1.047758,1.036756,1.031566,1.041890,1.038553,1.028729,1.025716,1.019596,0.995189,1.035817,1.010981,0.993577,0.996293,1.059735,1.049659,1.025824,0.982742,1.044649
4.456550,1.047270,1.030359,1.021170,1.012151,1.027482,1.032356,1.021627,1.018562,1.060558,1.037391,1.034313,1.016663,1.031570,1.021847,1.017639,1.027416,1.026674,1.023474,1.042777,0.982337,1.030057,1.048695,1.037729,1.032526,1.042563,1.039362,1.029575,1.026553,1.020437,0.995873,1.036412,1.011672,0.994383,0.997298,1.060552,1.050660,1.026433,0.983561,1.044685
4.464880,1.047649,1.031084,1.021969,1.012951,1.028247,1.033114,1.022382,1.019318,1.060592,1.038175,1.035089,1.017451,1.032369,1.022682,1.018567,1.028363,1.027571,1.024338,1.043738,0.983297,1.031008,1.049632,1.038701,1.033486,1.043234,1.040169,1.030419,1.027390,1.021277,0.996555,1.036999,1.012359,0.995190,0.998304,1.061369,1.051658,1.027041,0.984379,1.044719
4.473210,1.048025,1.031806,1.022765,1.013748,1.029007,1.033868,1.023134,1.020069,1.060624,1.038955,1.035861,1.018234,1.033164,1.023515,1.019493,1.029309,1.028466,1.025200,1.044698,0.984259,1.031958,1.050568,1.039672,1.034444,1.043902,1.040975,1.031262,1.028225,1.022116,0.997235,1.037579,1.013041,0.995996,0.999310,1.062186,1.052655,1.027647,0.985196,1.044750
4.481540,1.048397,1.032524,1.023558,1.014540,1.029762,1.034617,1.023880,1.020816,1.060652,1.039729,1.036627,1.019012,1.033954,1.024343,1.020416,1.030252,1.029359,1.026058,1.045658,0.985220,1.032906,1.051502,1.040640,1.035400,1.044567,1.041778,1.032102,1.029059,1.022954,0.997911,1.038151,1.013717,0.996803,1.000317,1.063002,1.053648,1.028250,0.986012,1.044778
4.489870,1.048765,1.033239,1.024346,1.015328,1.030511,1.035360,1.024621,1.021557,1.060679,1.040497,1.037388,1.019785,1.034739,1.025166,1.021335,1.031193,1.030249,1.026913,1.046616,0.986180,1.033851,1.052434,1.041606,1.036354,1.045229,1.042578,1.032939,1.029890,1.023789,0.998584,1.038714,1.014387,0.997609,1.001322,1.063816,1.054639,1.028851,0.986826,1.044804
4.498200,1.049129,1.033949,1.025130,1.016111,1.031254,1.036096,1.025355,1.022293,1.060703,1.041260,1.038142,1.020551,1.035517,1.025984,1.022251,1.032130,1.031134,1.027764,1.047572,0.987139,1.034793,1.053363,1.042568,1.037304,1.045886,1.043374,1.033772,1.030719,1.024621,0.999253,1.039268,1.015049,0.998414,1.002327,1.064630,1.055626,1.029449,0.987638,1.044828
4.506530,1.049489,1.034654,1.025908,1.016888,1.031990,1.036826,1.026083,1.023021,1.060724,1.042015,1.038890,1.021311,1.036289,1.026795,1.023161,1.033063,1.032016,1.028610,1.048526,0.988096,1.035731,1.054288,1.043527,1.038250,1.046540,1.044167,1.034601,1.031544,1.025451,0.999918,1.039812,1.015705,0.999217,1.003330,1.065440,1.056608,1.030044,0.988447,1.044849
4.514860,1.049844,1.035354,1.026681,1.017659,1.032720,1.037548,1.026804,1.023743,1.060743,1.042763,1.039630,1.022063,1.037054,1.027600,1.024067,1.033991,1.032892,1.029450,1.049476,0.989051,1.036665,1.055210,1.044482,1.039192,1.047188,1.044955,1.035426,1.032366,1.026277,1.000578,1.040347,1.016352,1.000018,1.004332,1.066249,1.057586,1.030634,0.989253,1.044867
4.523190,1.050195,1.036048,1.027448,1.018423,1.033441,1.038262,1.027517,1.024457,1.060759,1.043503,1.040362,1.022807,1.037811,1.028399,1.024967,1.034915,1.033763,1.030285,1.050424,0.990004,1.037594,1.056128,1.045432,1.040130,1.047832,1.045738,1.036245,1.033183,1.027099,1.001232,1.040872,1.016992,1.000817,1.005331,1.067054,1.058560,1.031221,0.990056,1.044883
4.531520,1.050541,1.036736,1.028207,1.019179,1.034155,1.038968,1.028222,1.025164,1.060772,1.044235,1.041086,1.023544,1.038560,1.029189,1.025860,1.035833,1.034629,1.031114,1.051367,0.990953,1.038518,1.057041,1.046377,1.041062,1.048469,1.046516,1.037059,1.033996,1.027916,1.001881,1.041387,1.017622,1.001613,1.006327,1.067857,1.059528,1.031802,0.990855,1.044896
4.539850,1.050881,1.037417,1.028960,1.019928,1.034859,1.039665,1.028918,1.025861,1.060783,1.044958,1.041801,1.024271,1.039300,1.029971,1.026747,1.036745,1.035488,1.031936,1.052307,0.991899,1.039437,1.057949,1.047316,1.041988,1.049101,1.047287,1.037867,1.034804,1.028728,1.002523,1.041891,1.018243,1.002407,1.007321,1.068655,1.060490,1.032379,0.991650,1.044906
4.548180,1.051217,1.038091,1.029705,1.020668,1.035555,1.040352,1.029605,1.026550,1.060791,1.045671,1.042506,1.024990,1.040031,1.030745,1.027627,1.037650,1.036340,1.032751,1.053241,0.992842,1.040349,1.058851,1.048250,1.042908,1.049727,1.048053,1.038668,1.035606,1.029535,1.003159,1.042384,1.018855,1.003197,1.008310,1.069449,1.061446,1.032951,0.992439,1.044914
4.556510,1.051547,1.038757,1.030442,1.021400,1.036241,1.041031,1.030283,1.027230,1.060796,1.046375,1.043202,1.025698,1.040753,1.031510,1.028499,1.038549,1.037184,1.033558,1.054170,0.993780,1.041255,1.059747,1.049177,1.043821,1.050345,1.048812,1.039462,1.036403,1.030336,1.003788,1.042867,1.019456,1.003983,1.009296,1.070239,1.062395,1.033517,0.993224,1.044920
4.564840,1.051871,1.039416,1.031170,1.022123,1.036918,1.041699,1.030952,1.027900,1.060799,1.047069,1.043888,1.026397,1.041464,1.032265,1.029362,1.039440,1.038022,1.034358,1.055094,0.994713,1.042153,1.060636,1.050097,1.044726,1.050957,1.049564,1.040249,1.037192,1.031131,1.004409,1.043339,1.020048,1.004765,1.010278,1.071024,1.063338,1.034077,0.994003,1.044922
4.573170,1.052190,1.040066,1.031889,1.022836,1.037584,1.042357,1.031610,1.028560,1.060799,1.047752,1.044564,1.027086,1.042166,1.033011,1.030217,1.040323,1.038850,1.035148,1.056011,0.995641,1.043044,1.061519,1.051009,1.045624,1.051561,1.050308,1.041028,1.037976,1.031920,1.005022,1.043799,1.020629,1.005542,1.011255,1.071804,1.064273,1.034630,0.994776,1.044922
4.581500,1.052503,1.040708,1.032599,1.023539,1.038240,1.043004,1.032258,1.029210,1.060796,1.048425,1.045229,1.027763,1.042857,1.033746,1.031063,1.041197,1.039671,1.035930,1.056922,0.996564,1.043927,1.062394,1.051914,1.046514,1.052157,1.051045,1.041799,1.038752,1.032701,1.005626,1.044248,1.021199,1.006315,1.012227,1.072578,1.065201,1.035177,0.995543,1.044920
4.589830,1.052810,1.041340,1.033299,1.024232,1.038885,1.043641,1.032896,1.029849,1.060791,1.049086,1.045883,1.028430,1.043536,1.034471,1.031899,1.042063,1.040482,1.036702,1.057826,0.997480,1.044802,1.063262,1.052811,1.047395,1.052745,1.051773,1.042562,1.039520,1.033475,1.006222,1.044686,1.021758,1.007082,1.013194,1.073346,1.066121,1.035717,0.996303,1.044914
4.598160,1.053110,1.041963,1.033990,1.024914,1.039519,1.044266,1.033522,1.030478,1.060783,1.049736,1.046525,1.029086,1.044205,1.035185,1.032726,1.042920,1.041284,1.037465,1.058722,0.998391,1.045667,1.064121,1.053700,1.048268,1.053325,1.052493,1.043315,1.040281,1.034241,1.006809,1.045111,1.022306,1.007844,1.014154,1.074108,1.067033,1.036250,0.997056,1.044906
4.606490,1.053405,1.042576,1.034669,1.025585,1.040142,1.044880,1.034137,1.031095,1.060772,1.050375,1.047156,1.029730,1.044862,1.035887,1.033542,1.043767,1.042076,1.038218,1.059611,0.999295,1.046524,1.064972,1.054579,1.049130,1.053896,1.053203,1.044059,1.041033,1.034999,1.007386,1.045525,1.022842,1.008600,1.015109,1.074863,1.067936,1.036775,0.997802,1.044896
4.614820,1.053692,1.043180,1.035338,1.026245,1.040753,1.045482,1.034740,1.031700,1.060758,1.051001,1.047775,1.030362,1.045507,1.036578,1.034348,1.044604,1.042858,1.038960,1.060492,1.000192,1.047371,1.065815,1.055450,1.049983,1.054458,1.053905,1.044794,1.041777,1.035749,1.007953,1.045927,1.023367,1.009351,1.016058,1.075612,1.068830,1.037293,0.998540,1.044882
4.623150,1.053974,1.043773,1.035996,1.026894,1.041352,1.046072,1.035332,1.032294,1.060742,1.051615,1.048382,1.030981,1.046140,1.037257,1.035142,1.045431,1.043629,1.039691,1.061365,1.001082,1.048209,1.066648,1.056311,1.050826,1.055010,1.054596,1.045519,1.042511,1.036489,1.008510,1.046317,1.023879,1.010095,1.016999,1.076353,1.069715,1.037802,0.999270,1.044866
4.631480,1.054248,1.044355,1.036643,1.027531,1.041939,1.046649,1.035912,1.032876,1.060723,1.052217,1.048976,1.031589,1.046761,1.037924,1.035926,1.046247,1.044390,1.040412,1.062229,1.001964,1.049036,1.067471,1.057162,1.051659,1.055553,1.055278,1.046233,1.043237,1.037221,1.009056,1.046695,1.024380,1.010832,1.017934,1.077087,1.070590,1.038303,0.999991,1.044848
4.639810,1.054516,1.044927,1.037278,1.028155,1.042514,1.047215,1.036479,1.033446,1.060702,1.052806,1.049558,1.032184,1.047369,1.038579,1.036697,1.047053,1.045140,1.041121,1.063084,1.002838,1.049853,1.068285,1.058002,1.052481,1.056086,1.055950,1.046937,1.043953,1.037943,1.009591,1.047061,1.024869,1.011562,1.018861,1.077813,1.071456,1.038796,1.000704,1.044827
4.648140,1.054778,1.045487,1.037902,1.028768,1.043076,1.047767,1.037034,1.034004,1.060678,1.053383,1.050127,1.032766,1.047964,1.039221,1.037457,1.047847,1.045878,1.041818,1.063930,1.003704,1.050659,1.069089,1.058833,1.053291,1.056609,1.056611,1.047630,1.044659,1.038656,1.010115,1.047415,1.025345,1.012285,1.019781,1.078531,1.072312,1.039280,1.001408,1.044803
4.656470,1.055032,1.046036,1.038513,1.029368,1.043625,1.048307,1.037577,1.034549,1.060651,1.053946,1.050684,1.033335,1.048546,1.039850,1.038205,1.048629,1.046604,1.042504,1.064766,1.004562,1.051454,1.069882,1.059652,1.054090,1.057122,1.057261,1.048311,1.045355,1.039358,1.010628,1.047756,1.025809,1.013001,1.020692,1.079240,1.073157,1.039755,1.002102,1.044777
4.664800,1.055279,1.046574,1.039112,1.029955,1.044162,1.048834,1.038106,1.035081,1.060622,1.054496,1.051227,1.033891,1.049115,1.040466,1.038940,1.049400,1.047319,1.043177,1.065592,1.005411,1.052237,1.070665,1.060461,1.054878,1.057624,1.057901,1.048982,1.046040,1.040050,1.011129,1.048085,1.026261,1.013709,1.021595,1.079941,1.073992,1.040222,1.002787,1.044748
4.673130,1.055519,1.047100,1.039698,1.030529,1.044685,1.049348,1.038623,1.035600,1.060590,1.055033,1.051756,1.034434,1.049671,1.041069,1.039662,1.050159,1.048022,1.043839,1.066408,1.006251,1.053009,1.071437,1.061258,1.055654,1.058116,1.058529,1.049641,1.046715,1.040732,1.011618,1.048401,1.026700,1.014409,1.022490,1.080633,1.074816,1.040678,1.003463,1.044716
4.681460,1.055752,1.047614,1.040272,1.031090,1.045196,1.049849,1.039127,1.036107,1.060555,1.055556,1.052273,1.034963,1.050214,1.041658,1.040372,1.050906,1.048712,1.044487,1.067214,1.007081,1.053769,1.072198,1.062044,1.056417,1.058597,1.059146,1.050288,1.047378,1.041402,1.012095,1.048705,1.027126,1.015101,1.023376,1.081317,1.075629,1.041126,1.004128,1.044682
4.689790,1.055978,1.048117,1.040833,1.031638,1.045693,1.050336,1.039617,1.036600,1.060518,1.056066,1.052776,1.035479,1.050742,1.042234,1.041069,1.051640,1.049390,1.045123,1.068008,1.007902,1.054517,1.072947,1.062818,1.057168,1.059067,1.059751,1.050923,1.048031,1.042062,1.012560,1.048997,1.027540,1.015785,1.024253,1.081990,1.076431,1.041564,1.004783,1.044646
4.698120,1.056197,1.048607,1.041381,1.032173,1.046176,1.050810,1.040094,1.037080,1.060479,1.056562,1.053265,1.035981,1.051257,1.042796,1.041752,1.052361,1.050055,1.045746,1.068792,1.008713,1.055252,1.073685,1.063580,1.057907,1.059527,1.060345,1.051546,1.048673,1.042711,1.013013,1.049276,1.027940,1.016460,1.025121,1.082655,1.077221,1.041992,1.005427,1.044607
4.706450,1.056409,1.049085,1.041916,1.032694,1.046646,1.051270,1.040558,1.037547,1.060437,1.057044,1.053740,1.036469,1.051758,1.043345,1.042422,1.053070,1.050707,1.046356,1.069565,1.009514,1.055976,1.074412,1.064330,1.058633,1.059974,1.060927,1.052157,1.049302,1.043348,1.013453,1.049542,1.028328,1.017127,1.025979,1.083310,1.078000,1.042411,1.006061,1.044566
4.714780,1.056613,1.049551,1.042437,1.033202,1.047103,1.051716,1.041009,1.038000,1.060393,1.057512,1.054202,1.036943,1.052246,1.043879,1.043078,1.053765,1.051346,1.046953,1.070327,1.010305,1.056686,1.075126,1.065067,1.059346,1.060411,1.061496,1.052755,1.049921,1.043974,1.013881,1.049797,1.028703,1.017784,1.026827,1.083955,1.078767,1.042819,1.006684,1.044522
4.723110,1.056810,1.050004,1.042946,1.033696,1.047546,1.052150,1.041445,1.038440,1.060346,1.057967,1.054650,1.037404,1.052719,1.044400,1.043721,1.054447,1.051972,1.047537,1.071077,1.011085,1.057384,1.075828,1.065792,1.060045,1.060837,1.062054,1.053341,1.050527,1.044587,1.014297,1.050038,1.029066,1.018433,1.027665,1.084590,1.079522,1.043218,1.007295,1.044476
4.731440,1.057001,1.050445,1.043441,1.034176,1.047975,1.052569,1.041869,1.038867,1.060297,1.058407,1.055084,1.037851,1.053179,1.044906,1.044350,1.055116,1.052585,1.048108,1.071816,1.011855,1.058068,1.076518,1.066504,1.060732,1.061251,1.062599,1.053914,1.051121,1.045189,1.014699,1.050268,1.029415,1.019072,1.028493,1.085215,1.080264,1.043607,1.007896,1.044428
4.739770,1.057183,1.050874,1.043923,1.034643,1.048391,1.052975,1.042279,1.039280,1.060246,1.058834,1.055505,1.038284,1.053624,1.045399,1.044965,1.055772,1.053184,1.048664,1.072542,1.012613,1.058740,1.077195,1.067204,1.061405,1.061653,1.063132,1.054475,1.051704,1.045779,1.015089,1.050485,1.029752,1.019702,1.029310,1.085829,1.080995,1.043986,1.008485,1.044377
4.748100,1.057359,1.051290,1.044392,1.035095,1.048792,1.053367,1.042675,1.039679,1.060192,1.059247,1.055911,1.038702,1.054056,1.045877,1.045566,1.056414,1.053770,1.049208,1.073257,1.013361,1.059399,1.077860,1.067890,1.062064,1.062044,1.063652,1.055022,1.052274,1.046357,1.015466,1.050689,1.030076,1.020322,1.030117,1.086433,1.081713,1.044354,1.009063,1.044325
4.756430,1.057528,1.051693,1.044847,1.035535,1.049181,1.053745,1.043058,1.040065,1.060136,1.059646,1.056304,1.039107,1.054473,1.046341,1.046153,1.057042,1.054342,1.049738,1.073960,1.014098,1.060044,1.078513,1.068564,1.062710,1.062424,1.064160,1.055557,1.052832,1.046923,1.015831,1.050881,1.030387,1.020933,1.030913,1.087027,1.082419,1.044713,1.009629,1.044270
4.764760,1.057689,1.052085,1.045289,1.035960,1.049555,1.054110,1.043427,1.040437,1.060078,1.060030,1.056682,1.039498,1.054877,1.046792,1.046726,1.057657,1.054901,1.050254,1.074650,1.014823,1.060676,1.079152,1.069224,1.063343,1.062792,1.064656,1.056079,1.053377,1.047476,1.016182,1.051062,1.030685,1.021534,1.031698,1.087610,1.083111,1.045061,1.010184,1.044213
4.773090,1.057843,1.052463,1.045717,1.036372,1.049916,1.054461,1.043783,1.040796,1.060018,1.060402,1.057047,1.039876,1.055266,1.047228,1.047285,1.058258,1.055446,1.050757,1.075328,1.015537,1.061294,1.079779,1.069872,1.063962,1.063148,1.065139,1.056587,1.053910,1.048017,1.016521,1.051230,1.030971,1.022125,1.032472,1.088182,1.083791,1.045399,1.010726,1.044153
4.781420,1.057990,1.052829,1.046132,1.036769,1.050264,1.054798,1.044125,1.041142,1.059956,1.060759,1.057399,1.040239,1.055642,1.047650,1.047829,1.058845,1.055978,1.051247,1.075994,1.016239,1.061899,1.080393,1.070506,1.064566,1.063493,1.065609,1.057083,1.054430,1.048545,1.016847,1.051386,1.031244,1.022706,1.033234,1.088744,1.084459,1.045727,1.011257,1.044092
4.789750,1.058131,1.053183,1.046534,1.037154,1.050598,1.055122,1.044454,1.041474,1.059892,1.061102,1.057736,1.040589,1.056004,1.048058,1.048360,1.059419,1.056496,1.051722,1.076647,1.016930,1.062490,1.080994,1.071126,1.065158,1.063827,1.066066,1.057566,1.054938,1.049061,1.017160,1.051531,1.031505,1.023276,1.033985,1.089294,1.085113,1.046045,1.011776,1.044029
4.798080,1.058264,1.053525,1.046922,1.037525,1.050919,1.055433,1.044770,1.041794,1.059826,1.061433,1.058061,1.040925,1.056353,1.048452,1.048877,1.059979,1.057000,1.052185,1.077288,1.017609,1.063068,1.081582,1.071733,1.065735,1.064149,1.066512,1.058036,1.055433,1.049564,1.017461,1.051664,1.031753,1.023837,1.034725,1.089834,1.085754,1.046353,1.012282,1.043964
4.806410,1.058390,1.053854,1.047298,1.037883,1.051227,1.055732,1.045074,1.042100,1.059758,1.061750,1.058372,1.041248,1.056688,1.048833,1.049380,1.060525,1.057492,1.052634,1.077916,1.018276,1.063633,1.082157,1.072327,1.066299,1.064460,1.066944,1.058492,1.055916,1.050055,1.017749,1.051787,1.031990,1.024387,1.035452,1.090362,1.086382,1.046650,1.012777,1.043897
4.814740,1.058510,1.054171,1.047660,1.038227,1.051522,1.056017,1.045364,1.042394,1.059688,1.062054,1.058670,1.041558,1.057010,1.049200,1.049869,1.061057,1.057969,1.053069,1.078532,1.018931,1.064184,1.082719,1.072908,1.066849,1.064759,1.067364,1.058937,1.056386,1.050533,1.018024,1.051899,1.032214,1.024928,1.036168,1.090880,1.086998,1.046938,1.013260,1.043828
4.823070,1.058623,1.054476,1.048010,1.038559,1.051805,1.056290,1.045643,1.042676,1.059617,1.062345,1.058956,1.041855,1.057319,1.049554,1.050344,1.061577,1.058434,1.053492,1.079135,1.019574,1.064722,1.083269,1.073475,1.067385,1.065048,1.067772,1.059368,1.056843,1.050998,1.018287,1.052001,1.032427,1.025458,1.036872,1.091386,1.087600,1.047216,1.013730,1.043758
4.831400,1.058729,1.054770,1.048348,1.038878,1.052075,1.056551,1.045909,1.042945,1.059543,1.062624,1.059230,1.042140,1.057615,1.049896,1.050806,1.062082,1.058885,1.053902,1.079726,1.020206,1.065246,1.083805,1.074029,1.067908,1.065325,1.068167,1.059787,1.057288,1.051452,1.018538,1.052093,1.032629,1.025977,1.037564,1.091882,1.088189,1.047484,1.014189,1.043686
4.839730,1.058829,1.055051,1.048673,1.039185,1.052334,1.056800,1.046163,1.043203,1.059468,1.062890,1.059491,1.042413,1.057900,1.050224,1.051255,1.062575,1.059323,1.054299,1.080304,1.020825,1.065758,1.084329,1.074570,1.068418,1.065592,1.068551,1.060193,1.057721,1.051892,1.018777,1.052176,1.032820,1.026487,1.038244,1.092366,1.088765,1.047742,1.014636,1.043612
4.848060,1.058922,1.055322,1.048986,1.039480,1.052581,1.057038,1.046406,1.043449,1.059392,1.063145,1.059741,1.042674,1.058172,1.050541,1.051690,1.063054,1.059749,1.054683,1.080869,1.021432,1.066256,1.084840,1.075098,1.068915,1.065848,1.068922,1.060587,1.058142,1.052321,1.019003,1.052251,1.033001,1.026986,1.038911,1.092840,1.089328,1.047991,1.015071,1.043536
4.856390,1.059009,1.055581,1.049287,1.039763,1.052817,1.057265,1.046638,1.043684,1.059314,1.063389,1.059979,1.042923,1.058433,1.050845,1.052113,1.063520,1.060162,1.055055,1.081423,1.022028,1.066742,1.085339,1.075613,1.069398,1.066093,1.069282,1.060969,1.058550,1.052738,1.019219,1.052317,1.033171,1.027475,1.039567,1.093303,1.089879,1.048230,1.015494,1.043459
4.864720,1.059090,1.055829,1.049576,1.040035,1.053043,1.057481,1.046860,1.043909,1.059234,1.063622,1.060207,1.043162,1.058683,1.051137,1.052523,1.063974,1.060563,1.055415,1.081964,1.022611,1.067214,1.085826,1.076116,1.069869,1.066328,1.069630,1.061339,1.058947,1.053142,1.019422,1.052376,1.033332,1.027954,1.040211,1.093755,1.090416,1.048460,1.015906,1.043381
4.873050,1.059166,1.056066,1.049855,1.040295,1.053258,1.057687,1.047071,1.044124,1.059153,1.063844,1.060424,1.043390,1.058921,1.051419,1.052921,1.064415,1.060951,1.055763,1.082493,1.023183,1.067675,1.086300,1.076605,1.070326,1.066554,1.069966,1.061698,1.059332,1.053535,1.019615,1.052428,1.033484,1.028422,1.040842,1.094197,1.090941,1.048681,1.016305,1.043301
4.881380,1.059235,1.056293,1.050122,1.040546,1.053463,1.057883,1.047273,1.044328,1.059071,1.064056,1.060632,1.043608,1.059150,1.051689,1.053307,1.064844,1.061328,1.056100,1.083010,1.023743,1.068123,1.086762,1.077082,1.070772,1.066769,1.070292,1.062045,1.059705,1.053916,1.019796,1.052474,1.033627,1.028881,1.041462,1.094627,1.091453,1.048893,1.016694,1.043220
4.889710,1.059299,1.056510,1.050379,1.040785,1.053659,1.058071,1.047465,1.044524,1.058988,1.064258,1.060829,1.043816,1.059369,1.051949,1.053681,1.065261,1.061693,1.056425,1.083515,1.024291,1.068559,1.087212,1.077547,1.071205,1.066975,1.070606,1.062381,1.060066,1.054285,1.019967,1.052513,1.033761,1.029330,1.042069,1.095048,1.091952,1.049096,1.017071,1.043138
4.898040,1.059357,1.056716,1.050625,1.041016,1.053846,1.058249,1.047649,1.044710,1.058903,1.064451,1.061018,1.044014,1.059578,1.052199,1.054043,1.065666,1.062047,1.056739,1.084009,1.024828,1.068983,1.087650,1.077999,1.071626,1.067171,1.070910,1.062705,1.060417,1.054643,1.020127,1.052548,1.033887,1.029769,1.042664,1.095458,1.092439,1.049291,1.017437,1.043055
4.906370,1.059410,1.056913,1.050862,1.041236,1.054025,1.058419,1.047824,1.044888,1.058817,1.064635,1.061198,1.044204,1.059778,1.052439,1.054395,1.066059,1.062389,1.057043,1.084491,1.025353,1.069395,1.088077,1.078440,1.072036,1.067359,1.071203,1.063019,1.060756,1.054990,1.020277,1.052578,1.034006,1.030198,1.043248,1.095858,1.092914,1.049478,1.017792,1.042970
4.914700,1.059457,1.057101,1.051089,1.041448,1.054195,1.058581,1.047991,1.045058,1.058731,1.064811,1.061369,1.044385,1.059969,1.052669,1.054735,1.066442,1.062721,1.057336,1.084961,1.025867,1.069796,1.088492,1.078869,1.072434,1.067538,1.071486,1.063323,1.061084,1.055326,1.020417,1.052603,1.034118,1.030618,1.043819,1.096247,1.093376,1.049657,1.018136,1.042885
4.923030,1.059500,1.057279,1.051306,1.041650,1.054358,1.058735,1.048150,1.045220,1.058643,1.064979,1.061533,1.044559,1.060152,1.052891,1.055065,1.066813,1.063042,1.057619,1.085420,1.026370,1.070186,1.088896,1.079286,1.072821,1.067708,1.071759,1.063616,1.061402,1.055651,1.020547,1.052625,1.034223,1.031028,1.044379,1.096627,1.093827,1.049827,1.018470,1.042799
4.931360,1.059538,1.057449,1.051515,1.041845,1.054513,1.058883,1.048302,1.045375,1.058555,1.065140,1.061690,1.044725,1.060328,1.053104,1.055385,1.067173,1.063353,1.057892,1.085869,1.026861,1.070565,1.089289,1.079692,1.073196,1.067869,1.072022,1.063900,1.061709,1.055965,1.020668,1.052644,1.034323,1.031429,1.044926,1.096997,1.094266,1.049990,1.018793,1.042712
4.939690,1.059571,1.057610,1.051715,1.042032,1.054662,1.059024,1.048448,1.045524,1.058465,1.065293,1.061840,1.044884,1.060496,1.053310,1.055695,1.067523,1.063654,1.058155,1.086306,1.027341,1.070933,1.089672,1.080086,1.073561,1.068023,1.072276,1.064174,1.062006,1.056269,1.020780,1.052660,1.034416,1.031820,1.045462,1.097358,1.094692,1.050146,1.019105,1.042624
4.948020,1.059600,1.057763,1.051906,1.042211,1.054804,1.059159,1.048588,1.045666,1.058375,1.065440,1.061983,1.045036,1.060657,1.053507,1.055995,1.067863,1.063945,1.058410,1.086733,1.027811,1.071290,1.090044,1.080470,1.073916,1.068169,1.072521,1.064438,1.062293,1.056563,1.020883,1.052675,1.034505,1.032203,1.045987,1.097708,1.095108,1.050294,1.019408,1.042535
4.956350,1.059624,1.057908,1.052090,1.042383,1.054940,1.059288,1.048721,1.045802,1.058285,1.065581,1.062121,1.045182,1.060812,1.053697,1.056286,1.068193,1.064227,1.058655,1.087149,1.028270,1.071638,1.090405,1.080843,1.074260,1.068308,1.072756,1.064694,1.062570,1.056847,1.020978,1.052687,1.034588,1.032576,1.046500,1.098050,1.095511,1.050436,1.019701,1.042446
4.964680,1.059644,1.058045,1.052266,1.042549,1.055071,1.059412,1.048850,1.045933,1.058194,1.065717,1.062253,1.045322,1.060961,1.053881,1.056569,1.068513,1.064500,1.058893,1.087555,1.028718,1.071975,1.090757,1.081206,1.074595,1.068440,1.072983,1.064940,1.062838,1.057122,1.021065,1.052699,1.034668,1.032941,1.047002,1.098383,1.095904,1.050571,1.019984,1.042356
4.973010,1.059660,1.058175,1.052435,1.042709,1.055197,1.059532,1.048973,1.046059,1.058102,1.065847,1.062380,1.045457,1.061104,1.054057,1.056842,1.068824,1.064764,1.059121,1.087952,1.029155,1.072303,1.091098,1.081558,1.074920,1.068564,1.073202,1.065178,1.063096,1.057387,1.021143,1.052710,1.034743,1.033297,1.047492,1.098706,1.096285,1.050699,1.020257,1.042266
4.981340,1.059672,1.058298,1.052596,1.042862,1.055319,1.059647,1.049092,1.046180,1.058010,1.065972,1.062502,1.045587,1.061242,1.054228,1.057108,1.069126,1.065020,1.059342,1.088338,1.029583,1.072622,1.091430,1.081900,1.075235,1.068682,1.073412,1.065408,1.063345,1.057642,1.021214,1.052721,1.034815,1.033645,1.047971,1.099021,1.096656,1.050821,1.020521,1.042175
4.989670,1.059681,1.058414,1.052752,1.043010,1.055436,1.059757,1.049207,1.046297,1.057917,1.066093,1.062619,1.045712,1.061375,1.054393,1.057365,1.069419,1.065267,1.059556,1.088714,1.030000,1.072931,1.091753,1.082233,1.075542,1.068794,1.073614,1.065630,1.063586,1.057889,1.021278,1.052732,1.034884,1.033984,1.048439,1.099327,1.097015,1.050937,1.020776,1.042084
4.998000,1.059686,1.058523,1.052900,1.043153,1.055549,1.059865,1.049318,1.046410,1.057825,1.066209,1.062733,1.045834,1.061504,1.054553,1.057615,1.069703,1.065506,1.059761,1.089081,1.030407,1.073231,1.092066,1.082555,1.075839,1.068899,1.073809,1.065844,1.063818,1.058127,1.021334,1.052743,1.034951,1.034315,1.048896,1.099624,1.097364,1.051046,1.021022,1.041993
5.006330,1.059688,1.058627,1.053043,1.043291,1.055659,1.059968,1.049425,1.046519,1.057732,1.066322,1.062844,1.045951,1.061629,1.054707,1.057858,1.069980,1.065738,1.059960,1.089439,1.030805,1.073523,1.092371,1.082869,1.076128,1.068998,1.073996,1.066050,1.064041,1.058356,1.021384,1.052755,1.035014,1.034638,1.049343,1.099914,1.097703,1.051151,1.021259,1.041901
5.014660,1.059686,1.058724,1.053180,1.043424,1.055765,1.060069,1.049530,1.046625,1.057639,1.066432,1.062951,1.046065,1.061750,1.054857,1.058093,1.070248,1.065962,1.060152,1.089788,1.031192,1.073806,1.092666,1.083173,1.076409,1.069092,1.074176,1.066249,1.064256,1.058577,1.021427,1.052768,1.035076,1.034953,1.049778,1.100195,1.098031,1.051249,1.021487,1.041809
5.022990,1.059681,1.058815,1.053311,1.043553,1.055868,1.060168,1.049631,1.046729,1.057545,1.066538,1.063055,1.046175,1.061868,1.055003,1.058322,1.070508,1.066180,1.060338,1.090128,1.031571,1.074081,1.092953,1.083468,1.076681,1.069181,1.074350,1.066442,1.064463,1.058789,1.021464,1.052783,1.035137,1.035261,1.050203,1.100468,1.098349,1.051343,1.021708,1.041718
5.031320,1.059674,1.058901,1.053438,1.043679,1.055969,1.060264,1.049730,1.046830,1.057452,1.066642,1.063156,1.046283,1.061982,1.055144,1.058544,1.070761,1.066390,1.060517,1.090459,1.031939,1.074348,1.093232,1.083755,1.076946,1.069264,1.074516,1.066627,1.064663,1.058994,1.021495,1.052799,1.035196,1.035561,1.050618,1.100734,1.098657,1.051431,1.021920,1.041626
5.039650,1.059663,1.058981,1.053559,1.043801,1.056068,1.060358,1.049827,1.046928,1.057359,1.066744,1.063256,1.046389,1.062094,1.055282,1.058760,1.071007,1.066594,1.060690,1.090782,1.032299,1.074608,1.093502,1.084033,1.077203,1.069343,1.074676,1.066806,1.064855,1.059191,1.021519,1.052818,1.035254,1.035853,1.051022,1.100992,1.098956,1.051514,1.022123,1.041534
5.047980,1.059650,1.059056,1.053675,1.043919,1.056165,1.060450,1.049922,1.047024,1.057266,1.066843,1.063353,1.046492,1.062203,1.055415,1.058969,1.071246,1.066791,1.060857,1.091096,1.032650,1.074859,1.093765,1.084302,1.077452,1.069416,1.074830,1.066979,1.065039,1.059380,1.021538,1.052838,1.035311,1.036139,1.051416,1.101242,1.099244,1.051593,1.022319,1.041442
5.056310,1.059635,1.059127,1.053787,1.044034,1.056259,1.060541,1.050015,1.047119,1.057173,1.066940,1.063448,1.046593,1.062310,1.055546,1.059173,1.071477,1.066982,1.061019,1.091402,1.032991,1.075104,1.094019,1.084564,1.077695,1.069485,1.074977,1.067145,1.065217,1.059562,1.021552,1.052860,1.035368,1.036417,1.051800,1.101485,1.099524,1.051667,1.022508,1.041351
5.064640,1.059616,1.059192,1.053895,1.044147,1.056352,1.060630,1.050107,1.047212,1.057080,1.067036,1.063542,1.046692,1.062414,1.055674,1.059372,1.071702,1.067167,1.061175,1.091701,1.033324,1.075341,1.094266,1.084817,1.077930,1.069550,1.075119,1.067306,1.065387,1.059737,1.021560,1.052885,1.035424,1.036688,1.052174,1.101721,1.099793,1.051737,1.022688,1.041259
5.072970,1.059596,1.059253,1.053999,1.044256,1.056444,1.060718,1.050197,1.047304,1.056987,1.067130,1.063635,1.046789,1.062517,1.055799,1.059565,1.071921,1.067346,1.061326,1.091991,1.033649,1.075571,1.094506,1.085063,1.078159,1.069610,1.075255,1.067461,1.065550,1.059904,1.021563,1.052913,1.035481,1.036952,1.052539,1.101950,1.100054,1.051802,1.022862,1.041168
5.081300,1.059573,1.059310,1.054099,1.044364,1.056535,1.060805,1.050286,1.047394,1.056895,1.067223,1.063726,1.046886,1.062618,1.055921,1.059753,1.072133,1.067519,1.061473,1.092274,1.033964,1.075795,1.094738,1.085301,1.078381,1.069667,1.075386,1.067610,1.065707,1.060065,1.021561,1.052943,1.035537,1.037209,1.052893,1.102172,1.100306,1.051863,1.023028,1.041077
5.089630,1.059548,1.059362,1.054195,1.044469,1.056624,1.060892,1.050374,1.047484,1.056803,1.067315,1.063816,1.046981,1.062718,1.056040,1.059935,1.072340,1.067687,1.061614,1.092549,1.034272,1.076012,1.094964,1.085531,1.078596,1.069719,1.075511,1.067754,1.065857,1.060218,1.021555,1.052975,1.035594,1.037460,1.053238,1.102387,1.100548,1.051920,1.023187,1.040986
5.097960,1.059522,1.059410,1.054287,1.044572,1.056713,1.060977,1.050462,1.047572,1.056711,1.067406,1.063906,1.047074,1.062817,1.056158,1.060114,1.072540,1.067850,1.061751,1.092817,1.034571,1.076222,1.095182,1.085754,1.078805,1.069768,1.075631,1.067893,1.066001,1.060366,1.021543,1.053010,1.035651,1.037705,1.053574,1.102596,1.100782,1.051974,1.023339,1.040896
5.106290,1.059493,1.059454,1.054376,1.044672,1.056801,1.061062,1.050549,1.047660,1.056620,1.067496,1.063994,1.047167,1.062914,1.056273,1.060287,1.072734,1.068008,1.061883,1.093078,1.034862,1.076426,1.095393,1.085970,1.079009,1.069813,1.075745,1.068026,1.066139,1.060506,1.021527,1.053048,1.035709,1.037943,1.053900,1.102798,1.101008,1.052023,1.023484,1.040806
5.114620,1.059462,1.059494,1.054462,1.044771,1.056887,1.061147,1.050635,1.047747,1.056529,1.067585,1.064082,1.047259,1.063010,1.056386,1.060456,1.072923,1.068160,1.062010,1.093331,1.035145,1.076624,1.095598,1.086179,1.079206,1.069855,1.075855,1.068155,1.066270,1.060641,1.021506,1.053088,1.035767,1.038174,1.054217,1.102993,1.101225,1.052069,1.023622,1.040717
5.122950,1.059430,1.059531,1.054544,1.044869,1.056974,1.061231,1.050720,1.047833,1.056439,1.067674,1.064170,1.047350,1.063105,1.056497,1.060620,1.073107,1.068308,1.062134,1.093578,1.035421,1.076816,1.095796,1.086381,1.079397,1.069893,1.075960,1.068279,1.066396,1.060769,1.021481,1.053131,1.035827,1.038400,1.054526,1.103183,1.101433,1.052111,1.023753,1.040628
5.131280,1.059395,1.059564,1.054624,1.044964,1.057059,1.061315,1.050805,1.047919,1.056349,1.067762,1.064256,1.047441,1.063199,1.056606,1.060780,1.073284,1.068450,1.062253,1.093817,1.035688,1.077001,1.095988,1.086576,1.079582,1.069928,1.076060,1.068398,1.066515,1.060890,1.021452,1.053176,1.035887,1.038620,1.054825,1.103366,1.101633,1.052150,1.023878,1.040539
5.139610,1.059359,1.059593,1.054700,1.045058,1.057145,1.061398,1.050889,1.048004,1.056260,1.067850,1.064343,1.047530,1.063292,1.056713,1.060935,1.073457,1.068588,1.062368,1.094050,1.035948,1.077181,1.096173,1.086764,1.079762,1.069960,1.076155,1.068512,1.066629,1.061006,1.021418,1.053223,1.035947,1.038833,1.055115,1.103543,1.101825,1.052185,1.023997,1.040451
5.147940,1.059322,1.059618,1.054773,1.045150,1.057229,1.061481,1.050973,1.048088,1.056171,1.067937,1.064428,1.047619,1.063384,1.056819,1.061087,1.073624,1.068721,1.062479,1.094276,1.036200,1.077355,1.096352,1.086946,1.079936,1.069989,1.076246,1.068622,1.066737,1.061116,1.021380,1.053272,1.036009,1.039041,1.055396,1.103714,1.102009,1.052217,1.024109,1.040364
5.156270,1.059283,1.059640,1.054843,1.045240,1.057313,1.061563,1.051056,1.048172,1.056083,1.068023,1.064514,1.047707,1.063476,1.056922,1.061234,1.073786,1.068850,1.062586,1.094496,1.036445,1.077524,1.096525,1.087121,1.080104,1.070015,1.076332,1.068727,1.066839,1.061219,1.021338,1.053323,1.036071,1.039243,1.055669,1.103880,1.102185,1.052245,1.024215,1.040277
5.164600,1.059242,1.059659,1.054911,1.045329,1.057396,1.061645,1.051139,1.048255,1.055995,1.068109,1.064598,1.047795,1.063566,1.057024,1.061377,1.073942,1.068974,1.062688,1.094709,1.036682,1.077686,1.096691,1.087289,1.080267,1.070037,1.076414,1.068827,1.066935,1.061317,1.021291,1.053376,1.036134,1.039439,1.055933,1.104039,1.102353,1.052271,1.024314,1.040191
5.172930,1.059200,1.059674,1.054975,1.045416,1.057478,1.061726,1.051220,1.048337,1.055909,1.068193,1.064682,1.047881,1.063655,1.057124,1.061516,1.074094,1.069093,1.062787,1.094915,1.036912,1.077843,1.096852,1.087451,1.080425,1.070057,1.076491,1.068923,1.067026,1.061409,1.021241,1.053430,1.036198,1.039629,1.056189,1.104192,1.102513,1.052293,1.024408,1.040105
5.181260,1.059156,1.059685,1.055036,1.045502,1.057560,1.061807,1.051302,1.048419,1.055822,1.068278,1.064765,1.047967,1.063743,1.057222,1.061650,1.074240,1.069208,1.062882,1.095115,1.037135,1.077994,1.097006,1.087607,1.080577,1.070073,1.076564,1.069015,1.067112,1.061495,1.021186,1.053486,1.036262,1.039813,1.056436,1.104340,1.102666,1.052311,1.024495,1.040020
5.189590,1.059111,1.059693,1.055095,1.045585,1.057640,1.061887,1.051382,1.048499,1.055737,1.068361,1.064847,1.048051,1.063830,1.057318,1.061781,1.074382,1.069318,1.062973,1.095308,1.037350,1.078140,1.097154,1.087756,1.080724,1.070087,1.076632,1.069102,1.067191,1.061576,1.021127,1.053542,1.036326,1.039992,1.056675,1.104482,1.102810,1.052327,1.024575,1.039936
5.197920,1.059064,1.059698,1.055150,1.045667,1.057719,1.061966,1.051461,1.048579,1.055652,1.068443,1.064929,1.048135,1.063916,1.057411,1.061908,1.074518,1.069424,1.063060,1.095495,1.037558,1.078280,1.097297,1.087899,1.080865,1.070097,1.076696,1.069184,1.067266,1.061650,1.021064,1.053600,1.036391,1.040165,1.056905,1.104618,1.102947,1.052339,1.024650,1.039852
5.206250,1.059016,1.059699,1.055203,1.045747,1.057797,1.062043,1.051539,1.048657,1.055568,1.068524,1.065009,1.048217,1.064000,1.057503,1.062030,1.074649,1.069525,1.063143,1.095675,1.037759,1.078415,1.097433,1.088036,1.081001,1.070104,1.076756,1.069262,1.067335,1.061719,1.020996,1.053657,1.036456,1.040333,1.057127,1.104749,1.103077,1.052348,1.024718,1.039770
5.214580,1.058966,1.059696,1.055252,1.045824,1.057874,1.062120,1.051615,1.048734,1.055484,1.068604,1.065087,1.048297,1.064082,1.057592,1.062148,1.074774,1.069622,1.063222,1.095849,1.037953,1.078544,1.097563,1.088166,1.081131,1.070109,1.076811,1.069336,1.067398,1.061782,1.020924,1.053715,1.036521,1.040495,1.057341,1.104874,1.103199,1.052353,1.024781,1.039687
5.222910,1.058915,1.059690,1.055298,1.045900,1.057949,1.062194,1.051690,1.048809,1.055401,1.068682,1.065165,1.048376,1.064163,1.057679,1.062261,1.074895,1.069713,1.063297,1.096017,1.038139,1.078667,1.097687,1.088290,1.081256,1.070110,1.076861,1.069405,1.067455,1.061839,1.020848,1.053772,1.036585,1.040652,1.057547,1.104993,1.103313,1.052356,1.024837,1.039606
5.231240,1.058862,1.059679,1.055340,1.045973,1.058022,1.062268,1.051764,1.048883,1.055319,1.068759,1.065240,1.048453,1.064242,1.057763,1.062370,1.075010,1.069800,1.063367,1.096178,1.038318,1.078785,1.097806,1.088407,1.081375,1.070108,1.076907,1.069469,1.067507,1.061890,1.020768,1.053829,1.036650,1.040802,1.057744,1.105106,1.103420,1.052355,1.024887,1.039525
5.239570,1.058808,1.059666,1.055380,1.046043,1.058094,1.062339,1.051835,1.048955,1.055238,1.068834,1.065314,1.048529,1.064319,1.057845,1.062474,1.075120,1.069882,1.063433,1.096332,1.038491,1.078896,1.097918,1.088518,1.081489,1.070103,1.076948,1.069529,1.067554,1.061936,1.020682,1.053884,1.036713,1.040948,1.057933,1.105214,1.103520,1.052350,1.024930,1.039445
5.247900,1.058752,1.059648,1.055415,1.046111,1.058163,1.062408,1.051904,1.049024,1.055157,1.068906,1.065385,1.048602,1.064393,1.057923,1.062574,1.075224,1.069959,1.063495,1.096480,1.038656,1.079002,1.098023,1.088623,1.081597,1.070094,1.076984,1.069583,1.067594,1.061975,1.020593,1.053938,1.036776,1.041087,1.058115,1.105316,1.103611,1.052343,1.024968,1.039365
5.256230,1.058695,1.059626,1.055447,1.046176,1.058229,1.062475,1.051971,1.049091,1.055077,1.068976,1.065454,1.048672,1.064465,1.057999,1.062669,1.075322,1.070032,1.063552,1.096622,1.038814,1.079102,1.098123,1.088721,1.081699,1.070082,1.077016,1.069633,1.067629,1.062008,1.020498,1.053991,1.036837,1.041221,1.058288,1.105412,1.103696,1.052331,1.024999,1.039286
5.264560,1.058635,1.059600,1.055476,1.046238,1.058293,1.062539,1.052035,1.049155,1.054998,1.069044,1.065521,1.048740,1.064534,1.058071,1.062759,1.075415,1.070098,1.063604,1.096756,1.038964,1.079196,1.098216,1.088812,1.081796,1.070067,1.077042,1.069678,1.067658,1.062036,1.020399,1.054041,1.036897,1.041349,1.058453,1.105502,1.103773,1.052316,1.025023,1.039208
5.272890,1.058575,1.059570,1.055500,1.046296,1.058354,1.062600,1.052096,1.049217,1.054919,1.069108,1.065584,1.048804,1.064600,1.058139,1.062844,1.075503,1.070160,1.063652,1.096884,1.039108,1.079284,1.098304,1.088897,1.081886,1.070048,1.077064,1.069718,1.067682,1.062057,1.020295,1.054089,1.036955,1.041471,1.058609,1.105587,1.103842,1.052298,1.025042,1.039131
5.281220,1.058512,1.059536,1.055520,1.046351,1.058411,1.062657,1.052154,1.049275,1.054841,1.069170,1.065645,1.048866,1.064662,1.058203,1.062923,1.075584,1.070216,1.063694,1.097005,1.039244,1.079366,1.098384,1.088975,1.081970,1.070025,1.077081,1.069753,1.067699,1.062072,1.020186,1.054134,1.037012,1.041587,1.058758,1.105665,1.103904,1.052275,1.025053,1.039054
5.289550,1.058448,1.059498,1.055536,1.046402,1.058465,1.062712,1.052209,1.049330,1.054764,1.069228,1.065702,1.048924,1.064721,1.058264,1.062998,1.075659,1.070267,1.063732,1.097119,1.039372,1.079441,1.098458,1.089047,1.082048,1.069999,1.077092,1.069782,1.067710,1.062081,1.020072,1.054176,1.037065,1.041698,1.058898,1.105738,1.103958,1.052249,1.025059,1.038978
5.297880,1.058382,1.059454,1.055547,1.046449,1.058515,1.062762,1.052260,1.049381,1.054688,1.069282,1.065755,1.048978,1.064776,1.058320,1.063066,1.075728,1.070312,1.063764,1.097227,1.039493,1.079510,1.098525,1.089111,1.082119,1.069968,1.077098,1.069806,1.067715,1.062083,1.019953,1.054213,1.037117,1.041802,1.059031,1.105804,1.104004,1.052219,1.025057,1.038902
5.306210,1.058314,1.059406,1.055554,1.046492,1.058561,1.062808,1.052306,1.049427,1.054612,1.069333,1.065804,1.049028,1.064826,1.058371,1.063129,1.075791,1.070351,1.063791,1.097327,1.039607,1.079572,1.098586,1.089169,1.082184,1.069934,1.077098,1.069824,1.067713,1.062079,1.019829,1.054247,1.037165,1.041901,1.059154,1.105865,1.104043,1.052185,1.025049,1.038828
5.314540,1.058244,1.059354,1.055556,1.046530,1.058603,1.062850,1.052348,1.049470,1.054536,1.069378,1.065848,1.049073,1.064873,1.058418,1.063185,1.075847,1.070384,1.063812,1.097419,1.039713,1.079628,1.098640,1.089219,1.082243,1.069895,1.077093,1.069836,1.067705,1.062068,1.019699,1.054276,1.037210,1.041993,1.059270,1.105919,1.104074,1.052147,1.025034,1.038754
5.322870,1.058172,1.059296,1.055553,1.046563,1.058639,1.062887,1.052386,1.049508,1.054462,1.069420,1.065888,1.049114,1.064914,1.058459,1.063236,1.075896,1.070410,1.063828,1.097505,1.039812,1.079676,1.098687,1.089262,1.082294,1.069852,1.077083,1.069842,1.067691,1.062050,1.019563,1.054300,1.037251,1.042079,1.059377,1.105966,1.104098,1.052104,1.025012,1.038680
5.331200,1.058098,1.059233,1.055544,1.046592,1.058671,1.062919,1.052418,1.049540,1.054388,1.069456,1.065923,1.049149,1.064950,1.058495,1.063279,1.075939,1.070431,1.063837,1.097583,1.039902,1.079718,1.098726,1.089297,1.082339,1.069805,1.077066,1.069843,1.067670,1.062026,1.019422,1.054318,1.037288,1.042158,1.059476,1.106007,1.104113,1.052057,1.024983,1.038607
5.339530,1.058022,1.059165,1.055530,1.046614,1.058697,1.062946,1.052445,1.049568,1.054314,1.069487,1.065952,1.049180,1.064981,1.058526,1.063317,1.075974,1.070444,1.063840,1.097653,1.039985,1.079752,1.098758,1.089326,1.082376,1.069753,1.077043,1.069837,1.067642,1.061994,1.019275,1.054331,1.037321,1.042231,1.059566,1.106042,1.104120,1.052006,1.024946,1.038535
5.347860,1.057944,1.059092,1.055511,1.046632,1.058718,1.062967,1.052467,1.049590,1.054242,1.069512,1.065976,1.049204,1.065006,1.058550,1.063347,1.076002,1.070451,1.063837,1.097716,1.040060,1.079779,1.098783,1.089346,1.082406,1.069696,1.077014,1.069825,1.067607,1.061956,1.019122,1.054338,1.037349,1.042297,1.059648,1.106070,1.104119,1.051950,1.024903,1.038463
5.356190,1.057864,1.059015,1.055487,1.046644,1.058734,1.062983,1.052483,1.049607,1.054169,1.069533,1.065995,1.049224,1.065027,1.058569,1.063372,1.076025,1.070453,1.063829,1.097773,1.040129,1.079801,1.098803,1.089361,1.082430,1.069635,1.076981,1.069807,1.067568,1.061912,1.018966,1.054340,1.037373,1.042359,1.059724,1.106094,1.104114,1.051891,1.024855,1.038392
5.364520,1.057780,1.058930,1.055456,1.046650,1.058743,1.062992,1.052494,1.049617,1.054097,1.069546,1.066008,1.049237,1.065040,1.058582,1.063388,1.076038,1.070447,1.063813,1.097819,1.040187,1.079812,1.098812,1.089365,1.082445,1.069569,1.076939,1.069782,1.067519,1.061859,1.018802,1.054334,1.037392,1.042411,1.059787,1.106107,1.104096,1.051827,1.024796,1.038321
5.372850,1.057695,1.058840,1.055418,1.046649,1.058745,1.062994,1.052497,1.049621,1.054026,1.069553,1.066013,1.049243,1.065046,1.058587,1.063397,1.076044,1.070433,1.063790,1.097858,1.040238,1.079816,1.098815,1.089363,1.082453,1.069498,1.076891,1.069750,1.067463,1.061799,1.018631,1.054320,1.037404,1.042458,1.059844,1.106115,1.104071,1.051757,1.024731,1.038250
5.381180,1.057607,1.058743,1.055374,1.046641,1.058739,1.062989,1.052493,1.049617,1.053955,1.069553,1.066011,1.049242,1.065046,1.058585,1.063398,1.076042,1.070411,1.063759,1.097889,1.040281,1.079812,1.098809,1.089351,1.082452,1.069420,1.076836,1.069710,1.067399,1.061731,1.018453,1.054299,1.037410,1.042497,1.059891,1.106115,1.104037,1.051681,1.024657,1.038181
5.389510,1.057517,1.058643,1.055326,1.046629,1.058729,1.062979,1.052484,1.049609,1.053884,1.069548,1.066004,1.049236,1.065040,1.058577,1.063393,1.076034,1.070384,1.063724,1.097914,1.040318,1.079803,1.098798,1.089335,1.082445,1.069340,1.076777,1.069666,1.067331,1.061658,1.018272,1.054272,1.037412,1.042532,1.059933,1.106111,1.103999,1.051603,1.024579,1.038111
5.397840,1.057423,1.058533,1.055267,1.046606,1.058709,1.062958,1.052464,1.049590,1.053814,1.069532,1.065987,1.049219,1.065024,1.058559,1.063377,1.076014,1.070345,1.063678,1.097925,1.040341,1.079780,1.098773,1.089304,1.082426,1.069251,1.076707,1.069611,1.067251,1.061573,1.018081,1.054234,1.037405,1.042554,1.059959,1.106094,1.103946,1.051517,1.024488,1.038042
5.406170,1.057328,1.058418,1.055203,1.046576,1.058681,1.062930,1.052438,1.049565,1.053745,1.069509,1.065962,1.049195,1.065000,1.058534,1.063353,1.075986,1.070300,1.063625,1.097930,1.040357,1.079751,1.098742,1.089267,1.082399,1.069157,1.076630,1.069549,1.067164,1.061481,1.017884,1.054187,1.037391,1.042572,1.059980,1.106072,1.103887,1.051426,1.024391,1.037974
5.414500,1.057230,1.058299,1.055134,1.046542,1.058648,1.062898,1.052407,1.049534,1.053676,1.069481,1.065933,1.049166,1.064972,1.058504,1.063324,1.075954,1.070250,1.063567,1.097930,1.040369,1.079717,1.098706,1.089225,1.082368,1.069059,1.076549,1.069483,1.067073,1.061385,1.017682,1.054135,1.037372,1.042585,1.059995,1.106046,1.103823,1.051332,1.024289,1.037906
5.422830,1.057128,1.058169,1.055052,1.046494,1.058602,1.062851,1.052362,1.049490,1.053607,1.069440,1.065890,1.049124,1.064930,1.058460,1.063280,1.075906,1.070185,1.063496,1.097913,1.040364,1.079667,1.098655,1.089167,1.082321,1.068952,1.076456,1.069403,1.066967,1.061274,1.017471,1.054070,1.037342,1.042583,1.059992,1.106006,1.103742,1.051229,1.024174,1.037838
5.431160,1.057023,1.058033,1.054965,1.046440,1.058549,1.062798,1.052310,1.049439,1.053539,1.069392,1.065840,1.049075,1.064881,1.058409,1.063230,1.075852,1.070115,1.063419,1.097891,1.040354,1.079611,1.098598,1.089103,1.082268,1.068840,1.076357,1.069318,1.066856,1.061158,1.017253,1.053995,1.037305,1.042578,1.059984,1.105960,1.103656,1.051121,1.024051,1.037771
5.439490,1.056916,1.057890,1.054870,1.046378,1.058487,1.062735,1.052250,1.049379,1.053471,1.069334,1.065781,1.049016,1.064823,1.058349,1.063170,1.075788,1.070035,1.063332,1.097859,1.040334,1.079545,1.098531,1.089030,1.082205,1.068721,1.076249,1.069224,1.066736,1.061033,1.017027,1.053910,1.037259,1.042563,1.059966,1.105906,1.103560,1.051007,1.023921,1.037705
5.447820,1.056805,1.057740,1.054766,1.046306,1.058415,1.062663,1.052179,1.049310,1.053404,1.069267,1.065712,1.048948,1.064755,1.058280,1.063101,1.075715,1.069946,1.063237,1.097817,1.040305,1.079470,1.098455,1.088946,1.082133,1.068595,1.076134,1.069121,1.066608,1.060898,1.016794,1.053815,1.037204,1.042541,1.059938,1.105844,1.103454,1.050887,1.023781,1.037638
5.456150,1.056691,1.057582,1.054654,1.046225,1.058334,1.062580,1.052100,1.049231,1.053338,1.069190,1.065633,1.048870,1.064678,1.058201,1.063021,1.075632,1.069848,1.063133,1.097765,1.040265,1.079384,1.098369,1.088853,1.082050,1.068462,1.076009,1.069009,1.066470,1.060755,1.016553,1.053709,1.037140,1.042510,1.059900,1.105773,1.103339,1.050760,1.023632,1.037573
5.464480,1.056574,1.057416,1.054533,1.046134,1.058242,1.062488,1.052010,1.049143,1.053271,1.069103,1.065544,1.048782,1.064590,1.058112,1.062932,1.075538,1.069740,1.063020,1.097703,1.040216,1.079289,1.098273,1.088750,1.081957,1.068322,1.075877,1.068888,1.066323,1.060602,1.016305,1.053592,1.037067,1.042470,1.059851,1.105693,1.103214,1.050628,1.023474,1.037507
5.472810,1.056454,1.057243,1.054403,1.046034,1.058141,1.062386,1.051910,1.049044,1.053205,1.069006,1.065445,1.048684,1.064493,1.058012,1.062832,1.075434,1.069622,1.062897,1.097631,1.040157,1.079183,1.098167,1.088636,1.081854,1.068175,1.075735,1.068758,1.066168,1.060440,1.016049,1.053464,1.036984,1.042421,1.059792,1.105605,1.103078,1.050488,1.023307,1.037442
5.481140,1.056330,1.057062,1.054264,1.045924,1.058029,1.062273,1.051800,1.048935,1.053139,1.068898,1.065336,1.048576,1.064385,1.057903,1.062721,1.075320,1.069494,1.062764,1.097548,1.040087,1.079068,1.098052,1.088512,1.081741,1.068021,1.075584,1.068619,1.066002,1.060269,1.015786,1.053326,1.036892,1.042364,1.059722,1.105507,1.102933,1.050342,1.023131,1.037377
5.489470,1.056203,1.056872,1.054116,1.045804,1.057907,1.062149,1.051680,1.048816,1.053074,1.068780,1.065216,1.048457,1.064266,1.057783,1.062600,1.075196,1.069356,1.062622,1.097455,1.040007,1.078941,1.097925,1.088378,1.081617,1.067860,1.075425,1.068471,1.065828,1.060088,1.015515,1.053176,1.036789,1.042297,1.059642,1.105401,1.102778,1.050189,1.022945,1.037313
5.497800,1.056072,1.056675,1.053958,1.045673,1.057774,1.062015,1.051548,1.048686,1.053009,1.068651,1.065085,1.048327,1.064136,1.057652,1.062468,1.075060,1.069209,1.062470,1.097351,1.039917,1.078804,1.097789,1.088233,1.081482,1.067691,1.075256,1.068313,1.065644,1.059898,1.015235,1.053015,1.036676,1.042221,1.059552,1.105285,1.102612,1.050030,1.022750,1.037249
5.506130,1.055937,1.056470,1.053792,1.045532,1.057630,1.061870,1.051407,1.048546,1.052944,1.068511,1.064943,1.048186,1.063996,1.057510,1.062325,1.074914,1.069050,1.062308,1.097237,1.039817,1.078656,1.097642,1.088077,1.081337,1.067514,1.075079,1.068145,1.065450,1.059698,1.014948,1.052842,1.036553,1.042136,1.059451,1.105159,1.102437,1.049863,1.022546,1.037185
5.514460,1.055800,1.056256,1.053615,1.045381,1.057475,1.061714,1.051254,1.048394,1.052879,1.068360,1.064791,1.048034,1.063844,1.057357,1.062171,1.074757,1.068882,1.062135,1.097111,1.039706,1.078497,1.097484,1.087911,1.081180,1.067330,1.074892,1.067967,1.065246,1.059488,1.014653,1.052659,1.036419,1.042042,1.059338,1.105025,1.102250,1.049690,1.022332,1.037121
5.522790,1.055658,1.056034,1.053430,1.045219,1.057309,1.061546,1.051090,1.048232,1.052815,1.068197,1.064627,1.047871,1.063682,1.057193,1.062006,1.074589,1.068703,1.061953,1.096975,1.039584,1.078328,1.097316,1.087733,1.081012,1.067138,1.074695,1.067780,1.065033,1.059268,1.014351,1.052463,1.036275,1.041939,1.059215,1.104880,1.102054,1.049509,1.022108,1.037058
5.531120,1.055513,1.055803,1.053234,1.045046,1.057133,1.061368,1.050916,1.048059,1.052751,1.068024,1.064451,1.047696,1.063508,1.057018,1.061830,1.074410,1.068513,1.061760,1.096828,1.039452,1.078147,1.097137,1.087545,1.080833,1.066938,1.074489,1.067583,1.064810,1.059039,1.014040,1.052257,1.036120,1.041826,1.059082,1.104727,1.101847,1.049322,1.021874,1.036995
5.539450,1.055364,1.055565,1.053029,1.044862,1.056945,1.061178,1.050730,1.047875,1.052687,1.067839,1.064265,1.047511,1.063322,1.056832,1.061642,1.074219,1.068313,1.061557,1.096669,1.039308,1.077955,1.096947,1.087346,1.080643,1.066731,1.074274,1.067375,1.064578,1.058800,1.013721,1.052039,1.035954,1.041703,1.058937,1.104563,1.101629,1.049127,1.021631,1.036932
5.547780,1.055212,1.055317,1.052813,1.044668,1.056745,1.060977,1.050533,1.047679,1.052623,1.067642,1.064067,1.047313,1.063125,1.056634,1.061443,1.074018,1.068101,1.061344,1.096500,1.039154,1.077752,1.096746,1.087135,1.080442,1.066515,1.074049,1.067158,1.064335,1.058550,1.013394,1.051809,1.035777,1.041570,1.058780,1.104390,1.101400,1.048926,1.021378,1.036869
5.556110,1.055055,1.055062,1.052588,1.044463,1.056535,1.060765,1.050325,1.047473,1.052560,1.067434,1.063857,1.047105,1.062917,1.056425,1.061232,1.073805,1.067879,1.061120,1.096319,1.038989,1.077538,1.096534,1.086914,1.080229,1.066292,1.073814,1.066930,1.064082,1.058291,1.013059,1.051569,1.035589,1.041428,1.058613,1.104207,1.101161,1.048717,1.021116,1.036806
5.564440,1.054895,1.054797,1.052353,1.044246,1.056313,1.060541,1.050105,1.047255,1.052496,1.067215,1.063636,1.046885,1.062697,1.056205,1.061010,1.073580,1.067647,1.060885,1.096126,1.038813,1.077312,1.096311,1.086681,1.080005,1.066060,1.073570,1.066693,1.063819,1.058021,1.012716,1.051316,1.035391,1.041276,1.058435,1.104014,1.100911,1.048500,1.020843,1.036744
5.572770,1.054732,1.054524,1.052108,1.044019,1.056080,1.060306,1.049874,1.047026,1.052433,1.066984,1.063404,1.046653,1.062466,1.055972,1.060776,1.073344,1.067403,1.060640,1.095923,1.038626,1.077075,1.096077,1.086436,1.079769,1.065820,1.073316,1.066445,1.063546,1.057741,1.012365,1.051052,1.035181,1.041114,1.058245,1.103811,1.100650,1.048277,1.020560,1.036682
5.581100,1.054564,1.054243,1.051852,1.043780,1.055835,1.060059,1.049632,1.046785,1.052371,1.066741,1.063160,1.046410,1.062223,1.055729,1.060530,1.073096,1.067148,1.060384,1.095707,1.038428,1.076826,1.095832,1.086181,1.079522,1.065573,1.073052,1.066187,1.063263,1.057451,1.012007,1.050777,1.034961,1.040942,1.058043,1.103598,1.100379,1.048046,1.020268,1.036620
5.589430,1.054393,1.053952,1.051587,1.043530,1.055579,1.059800,1.049378,1.046534,1.052308,1.066486,1.062904,1.046155,1.061968,1.055473,1.060273,1.072837,1.066882,1.060117,1.095480,1.038218,1.076566,1.095575,1.085914,1.079263,1.065317,1.072778,1.065918,1.062970,1.057151,1.011640,1.050491,1.034730,1.040761,1.057831,1.103374,1.100096,1.047807,1.019965,1.036559
5.597760,1.054217,1.053653,1.051311,1.043269,1.055311,1.059530,1.049113,1.046270,1.052246,1.066220,1.062636,1.045888,1.061702,1.055206,1.060004,1.072567,1.066605,1.059840,1.095242,1.037997,1.076294,1.095307,1.085635,1.078992,1.065053,1.072494,1.065639,1.062667,1.056841,1.011265,1.050193,1.034487,1.040569,1.057606,1.103141,1.099802,1.047561,1.019653,1.036497
5.606090,1.054038,1.053346,1.051025,1.042997,1.055032,1.059249,1.048837,1.045996,1.052184,1.065942,1.062357,1.045610,1.061424,1.054928,1.059723,1.072284,1.066317,1.059551,1.094992,1.037765,1.076010,1.095027,1.085345,1.078709,1.064780,1.072201,1.065350,1.062353,1.056520,1.010882,1.049884,1.034234,1.040367,1.057371,1.102897,1.099497,1.047308,1.019330,1.036436
5.614420,1.053856,1.053029,1.050729,1.042713,1.054742,1.058956,1.048549,1.045710,1.052122,1.065653,1.062067,1.045320,1.061134,1.054637,1.059430,1.071990,1.066018,1.059252,1.094730,1.037521,1.075715,1.094736,1.085043,1.078415,1.064500,1.071897,1.065050,1.062029,1.056189,1.010492,1.049564,1.033969,1.040154,1.057123,1.102643,1.099181,1.047047,1.018998,1.036375
5.622750,1.053669,1.052704,1.050423,1.042418,1.054439,1.058651,1.048249,1.045412,1.052060,1.065351,1.061764,1.045018,1.060832,1.054335,1.059125,1.071684,1.065708,1.058942,1.094457,1.037267,1.075408,1.094434,1.084729,1.078109,1.064211,1.071584,1.064739,1.061695,1.055848,1.010094,1.049233,1.033694,1.039932,1.056864,1.102379,1.098854,1.046779,1.018655,1.036314
5.631080,1.053478,1.052371,1.050106,1.042112,1.054126,1.058335,1.047939,1.045103,1.051998,1.065038,1.061450,1.044705,1.060519,1.054021,1.058808,1.071366,1.065387,1.058622,1.094172,1.037000,1.075090,1.094120,1.084404,1.077791,1.063914,1.071260,1.064419,1.061351,1.055496,1.009688,1.048890,1.033407,1.039699,1.056594,1.102104,1.098515,1.046503,1.018303,1.036253
5.639410,1.053284,1.052029,1.049780,1.041795,1.053801,1.058008,1.047617,1.044783,1.051937,1.064714,1.061124,1.044380,1.060194,1.053696,1.058480,1.071037,1.065054,1.058290,1.093875,1.036723,1.074760,1.093795,1.084067,1.077461,1.063609,1.070927,1.064087,1.060996,1.055134,1.009274,1.048537,1.033110,1.039456,1.056312,1.101819,1.098166,1.046220,1.017940,1.036193
5.647740,1.053086,1.051678,1.049443,1.041466,1.053464,1.057669,1.047283,1.044452,1.051876,1.064378,1.060787,1.044043,1.059858,1.053359,1.058139,1.070696,1.064710,1.057948,1.093566,1.036434,1.074418,1.093459,1.083719,1.077120,1.063295,1.070584,1.063746,1.060631,1.054762,1.008852,1.048172,1.032802,1.039203,1.056018,1.101524,1.097805,1.045929,1.017568,1.036133
5.656070,1.052884,1.051318,1.049096,1.041127,1.053117,1.057318,1.046938,1.044109,1.051815,1.064030,1.060439,1.043695,1.059510,1.053010,1.057787,1.070343,1.064356,1.057594,1.093246,1.036133,1.074064,1.093111,1.083359,1.076767,1.062974,1.070230,1.063394,1.060256,1.054380,1.008423,1.047797,1.032483,1.038940,1.055712,1.101218,1.097434,1.045631,1.017185,1.036073
5.664400,1.052679,1.050950,1.048738,1.040776,1.052758,1.056956,1.046582,1.043755,1.051754,1.063671,1.060079,1.043336,1.059150,1.052650,1.057423,1.069978,1.063990,1.057231,1.092914,1.035821,1.073699,1.092751,1.082987,1.076402,1.062644,1.069867,1.063032,1.059871,1.053987,1.007987,1.047411,1.032154,1.038666,1.055395,1.100902,1.097051,1.045326,1.016793,1.036013
5.672730,1.052469,1.050574,1.048371,1.040414,1.052387,1.056583,1.046215,1.043390,1.051694,1.063300,1.059707,1.042965,1.058779,1.052278,1.057047,1.069603,1.063613,1.056856,1.092570,1.035498,1.073323,1.092380,1.082604,1.076025,1.062306,1.069494,1.062659,1.059475,1.053584,1.007543,1.047015,1.031814,1.038383,1.055066,1.100576,1.096657,1.045013,1.016391,1.035954
5.681060,1.052256,1.050189,1.047994,1.040041,1.052006,1.056199,1.045837,1.043014,1.051634,1.062918,1.059324,1.042583,1.058397,1.051895,1.056660,1.069215,1.063225,1.056471,1.092215,1.035163,1.072935,1.091998,1.082210,1.075637,1.061960,1.069112,1.062276,1.059070,1.053172,1.007092,1.046608,1.031463,1.038089,1.054726,1.100239,1.096252,1.044692,1.015979,1.035894
5.689390,1.052040,1.049796,1.047607,1.039657,1.051614,1.055804,1.045448,1.042627,1.051574,1.062525,1.058931,1.042189,1.058003,1.051500,1.056261,1.068816,1.062827,1.056076,1.091848,1.034817,1.072535,1.091605,1.081804,1.075237,1.061606,1.068719,1.061883,1.058655,1.052749,1.006634,1.046191,1.031102,1.037785,1.054374,1.099892,1.095836,1.044365,1.015557,1.035835
5.697720,1.051820,1.049395,1.047210,1.039263,1.051211,1.055398,1.045048,1.042229,1.051514,1.062121,1.058526,1.041785,1.057599,1.051095,1.055851,1.068406,1.062417,1.055670,1.091470,1.034460,1.072124,1.091201,1.081387,1.074826,1.061244,1.068317,1.061480,1.058229,1.052316,1.006169,1.045764,1.030731,1.037471,1.054011,1.099535,1.095410,1.044030,1.015126,1.035776
5.706050,1.051596,1.048985,1.046803,1.038857,1.050797,1.054982,1.044638,1.041821,1.051455,1.061706,1.058110,1.041369,1.057183,1.050678,1.055429,1.067984,1.061997,1.055253,1.091080,1.034092,1.071702,1.090785,1.080959,1.074403,1.060874,1.067906,1.061067,1.057794,1.051874,1.005697,1.045328,1.030349,1.037147,1.053636,1.099168,1.094972,1.043688,1.014685,1.035718
5.714380,1.051368,1.048568,1.046387,1.038442,1.050373,1.054555,1.044217,1.041402,1.051396,1.061280,1.057684,1.040943,1.056757,1.050251,1.054997,1.067552,1.061567,1.054827,1.090679,1.033713,1.071269,1.090359,1.080519,1.073970,1.060497,1.067485,1.060644,1.057350,1.051422,1.005218,1.044882,1.029957,1.036813,1.053250,1.098791,1.094524,1.043338,1.014235,1.035660
5.722710,1.051138,1.048143,1.045961,1.038016,1.049938,1.054117,1.043785,1.040972,1.051337,1.060843,1.057247,1.040507,1.056320,1.049813,1.054553,1.067108,1.061126,1.054390,1.090267,1.033323,1.070825,1.089921,1.080069,1.073525,1.060112,1.067055,1.060211,1.056895,1.050960,1.004732,1.044426,1.029556,1.036469,1.052853,1.098404,1.094065,1.042982,1.013776,1.035602
5.731040,1.050903,1.047710,1.045526,1.037579,1.049493,1.053669,1.043344,1.040533,1.051278,1.060396,1.056800,1.040060,1.055872,1.049364,1.054098,1.066653,1.060675,1.053944,1.089844,1.032922,1.070370,1.089473,1.079607,1.073069,1.059719,1.066616,1.059769,1.056431,1.050488,1.004240,1.043962,1.029145,1.036115,1.052445,1.098007,1.093596,1.042619,1.013307,1.035544
5.739370,1.050666,1.047269,1.045082,1.037133,1.049038,1.053211,1.042892,1.040084,1.051220,1.059939,1.056342,1.039602,1.055414,1.048905,1.053632,1.066188,1.060214,1.053487,1.089410,1.032510,1.069904,1.089015,1.079135,1.072602,1.059319,1.066167,1.059317,1.055958,1.050008,1.003742,1.043488,1.028724,1.035752,1.052026,1.097601,1.093117,1.042249,1.012829,1.035487
5.747700,1.050425,1.046821,1.044629,1.036677,1.048573,1.052744,1.042431,1.039624,1.051162,1.059472,1.055875,1.039135,1.054946,1.048435,1.053156,1.065712,1.059742,1.053021,1.088965,1.032088,1.069428,1.088546,1.078653,1.072125,1.058911,1.065710,1.058856,1.055476,1.049518,1.003238,1.043006,1.028294,1.035379,1.051596,1.097185,1.092627,1.041872,1.012342,1.035430
5.756030,1.050181,1.046365,1.044167,1.036211,1.048099,1.052266,1.041960,1.039156,1.051105,1.058995,1.055398,1.038658,1.054469,1.047956,1.052669,1.065226,1.059261,1.052546,1.088509,1.031655,1.068942,1.088067,1.078160,1.071637,1.058497,1.065244,1.058385,1.054984,1.049019,1.002727,1.042516,1.027855,1.034997,1.051155,1.096759,1.092127,1.041489,1.011847,1.035374
5.764360,1.049934,1.045903,1.043696,1.035735,1.047615,1.051780,1.041480,1.038678,1.051048,1.058509,1.054911,1.038171,1.053981,1.047467,1.052172,1.064730,1.058770,1.052061,1.088043,1.031211,1.068445,1.087577,1.077657,1.071139,1.058075,1.064769,1.057906,1.054484,1.048511,1.002211,1.042018,1.027408,1.034606,1.050704,1.096324,1.091618,1.041099,1.011343,1.035318
5.772690,1.049684,1.045433,1.043217,1.035251,1.047122,1.051284,1.040991,1.038191,1.050992,1.058013,1.054415,1.037675,1.053484,1.046968,1.051665,1.064223,1.058270,1.051568,1.087567,1.030758,1.067938,1.087078,1.077143,1.070631,1.057647,1.064286,1.057418,1.053975,1.047994,1.001689,1.041513,1.026951,1.034205,1.050242,1.095880,1.091099,1.040703,1.010830,1.035262
5.781020,1.049431,1.044956,1.042730,1.034757,1.046620,1.050780,1.040493,1.037695,1.050935,1.057508,1.053911,1.037170,1.052979,1.046460,1.051149,1.063707,1.057761,1.051065,1.087081,1.030295,1.067421,1.086569,1.076620,1.070112,1.057212,1.063795,1.056921,1.053457,1.047469,1.001162,1.041000,1.026487,1.033796,1.049770,1.095427,1.090571,1.040300,1.010309,1.035207
5.789350,1.049175,1.044473,1.042234,1.034255,1.046110,1.050267,1.039986,1.037190,1.050880,1.056994,1.053397,1.036656,1.052464,1.045943,1.050622,1.063181,1.057243,1.050554,1.086584,1.029821,1.066895,1.086051,1.076087,1.069584,1.056770,1.063295,1.056415,1.052931,1.046936,1.000630,1.040480,1.026014,1.033378,1.049288,1.094965,1.090033,1.039892,1.009780,1.035152
5.797680,1.048916,1.043984,1.041731,1.033744,1.045592,1.049746,1.039472,1.036677,1.050825,1.056472,1.052875,1.036134,1.051940,1.045417,1.050087,1.062646,1.056716,1.050034,1.086078,1.029339,1.066359,1.085523,1.075545,1.069047,1.056322,1.062788,1.055902,1.052397,1.046394,1.000093,1.039953,1.025534,1.032951,1.048796,1.094495,1.089486,1.039477,1.009243,1.035097
5.806010,1.048655,1.043488,1.041220,1.033225,1.045065,1.049217,1.038949,1.036157,1.050770,1.055942,1.052345,1.035604,1.051409,1.044882,1.049542,1.062101,1.056180,1.049506,1.085562,1.028846,1.065815,1.084986,1.074994,1.068500,1.055868,1.062273,1.055380,1.051854,1.045844,0.999551,1.039420,1.025046,1.032515,1.048295,1.094016,1.088931,1.039057,1.008698,1.035043
5.814340,1.048391,1.042987,1.040702,1.032697,1.044531,1.048680,1.038418,1.035628,1.050716,1.055404,1.051807,1.035065,1.050869,1.044340,1.048989,1.061548,1.055636,1.048970,1.085037,1.028345,1.065261,1.084440,1.074434,1.067944,1.055408,1.061751,1.054850,1.051304,1.045287,0.999004,1.038881,1.024552,1.032072,1.047784,1.093529,1.088367,1.038631,1.008146,1.034990
5.822670,1.048124,1.042479,1.040177,1.032163,1.043989,1.048135,1.037880,1.035092,1.050662,1.054858,1.051262,1.034519,1.050322,1.043789,1.048426,1.060986,1.055084,1.048426,1.084504,1.027834,1.064699,1.083886,1.073865,1.067380,1.054942,1.061221,1.054313,1.050747,1.044722,0.998454,1.038337,1.024051,1.031620,1.047264,1.093034,1.087794,1.038200,1.007587,1.034937
5.831000,1.047855,1.041966,1.039645,1.031620,1.043440,1.047584,1.037336,1.034549,1.050609,1.054305,1.050710,1.033966,1.049767,1.043231,1.047856,1.060416,1.054524,1.047875,1.083961,1.027315,1.064128,1.083323,1.073288,1.066807,1.054471,1.060685,1.053769,1.050182,1.044149,0.997899,1.037787,1.023543,1.031161,1.046735,1.092531,1.087214,1.037763,1.007020,1.034885
5.839330,1.047584,1.041448,1.039106,1.031071,1.042884,1.047026,1.036784,1.033999,1.050557,1.053745,1.050150,1.033406,1.049206,1.042666,1.047278,1.059838,1.053956,1.047317,1.083410,1.026787,1.063549,1.082753,1.072702,1.066226,1.053994,1.060142,1.053218,1.049610,1.043570,0.997341,1.037232,1.023029,1.030694,1.046198,1.092020,1.086626,1.037322,1.006447,1.034833
5.847660,1.047311,1.040924,1.038561,1.030515,1.042322,1.046462,1.036226,1.033443,1.050505,1.053179,1.049584,1.032839,1.048638,1.042093,1.046692,1.059252,1.053382,1.046752,1.082850,1.026251,1.062962,1.082174,1.072109,1.065636,1.053512,1.059592,1.052659,1.049032,1.042984,0.996779,1.036672,1.022510,1.030219,1.045652,1.091502,1.086031,1.036875,1.005867,1.034782
5.855990,1.047035,1.040396,1.038011,1.029952,1.041754,1.045891,1.035662,1.032881,1.050454,1.052606,1.049013,1.032266,1.048063,1.041514,1.046098,1.058658,1.052800,1.046180,1.082282,1.025707,1.062368,1.081588,1.071508,1.065040,1.053025,1.059036,1.052095,1.048446,1.042391,0.996213,1.036108,1.021986,1.029738,1.045098,1.090977,1.085428,1.036424,1.005280,1.034732
5.864320,1.046758,1.039863,1.037454,1.029384,1.041180,1.045315,1.035092,1.032313,1.050403,1.052028,1.048435,1.031687,1.047482,1.040929,1.045498,1.058057,1.052212,1.045602,1.081707,1.025156,1.061767,1.080995,1.070900,1.064435,1.052534,1.058474,1.051524,1.047855,1.041792,0.995645,1.035541,1.021456,1.029249,1.044536,1.090445,1.084819,1.035968,1.004688,1.034682
5.872650,1.046479,1.039326,1.036892,1.028809,1.040601,1.044734,1.034516,1.031739,1.050353,1.051444,1.047852,1.031103,1.046896,1.040337,1.044891,1.057449,1.051617,1.045018,1.081125,1.024597,1.061158,1.080395,1.070285,1.063824,1.052038,1.057906,1.050947,1.047257,1.041187,0.995074,1.034970,1.020922,1.028754,1.043966,1.089907,1.084203,1.035509,1.004089,1.034633
5.880980,1.046199,1.038785,1.036325,1.028229,1.040016,1.044148,1.033936,1.031160,1.050304,1.050855,1.047263,1.030513,1.046305,1.039740,1.044277,1.056835,1.051016,1.044428,1.080535,1.024030,1.060543,1.079788,1.069663,1.063206,1.051538,1.057334,1.050364,1.046654,1.040576,0.994501,1.034396,1.020384,1.028253,1.043390,1.089362,1.083581,1.035045,1.003485,1.034585
5.889310,1.045916,1.038240,1.035753,1.027644,1.039427,1.043557,1.033351,1.030577,1.050256,1.050261,1.046670,1.029919,1.045708,1.039138,1.043657,1.056214,1.050410,1.043833,1.079938,1.023457,1.059922,1.079175,1.069035,1.062582,1.051034,1.056755,1.049776,1.046045,1.039960,0.993925,1.033819,1.019842,1.027745,1.042806,1.088811,1.082953,1.034577,1.002876,1.034537
5.897640,1.045633,1.037693,1.035178,1.027056,1.038836,1.042963,1.032763,1.029991,1.050208,1.049665,1.046075,1.029322,1.045109,1.038533,1.043034,1.055590,1.049800,1.043234,1.079338,1.022880,1.059297,1.078558,1.068403,1.061954,1.050528,1.056174,1.049185,1.045433,1.039341,0.993349,1.033240,1.019298,1.027234,1.042218,1.088257,1.082321,1.034107,1.002264,1.034490
5.905970,1.045347,1.037139,1.034594,1.026458,1.038235,1.042361,1.032167,1.029396,1.050160,1.049060,1.045471,1.028716,1.044501,1.037918,1.042399,1.054954,1.049179,1.042626,1.078724,1.022290,1.058660,1.077929,1.067760,1.061313,1.050015,1.055584,1.048584,1.044811,1.038711,0.992769,1.032657,1.018748,1.026711,1.041617,1.087692,1.081678,1.033630,1.001641,1.034443
5.914300,1.045060,1.036584,1.034009,1.025859,1.037634,1.041758,1.031570,1.028800,1.050114,1.048454,1.044866,1.028109,1.043892,1.037301,1.041763,1.054316,1.048557,1.042016,1.078109,1.021698,1.058022,1.077299,1.067115,1.060672,1.049501,1.054992,1.047981,1.044187,1.038080,0.992188,1.032074,1.018197,1.026187,1.041015,1.087125,1.081035,1.033152,1.001018,1.034398
5.922630,1.044773,1.036027,1.033421,1.025257,1.037029,1.041152,1.030969,1.028201,1.050069,1.047845,1.044258,1.027499,1.043280,1.036681,1.041122,1.053674,1.047931,1.041402,1.077488,1.021100,1.057378,1.076664,1.066464,1.060025,1.048984,1.054397,1.047375,1.043559,1.037445,0.991607,1.031489,1.017644,1.025657,1.040406,1.086553,1.080387,1.032671,1.000390,1.034353
5.930960,1.044485,1.035467,1.032830,1.024651,1.036422,1.040544,1.030366,1.027599,1.050025,1.047233,1.043647,1.026887,1.042665,1.036058,1.040477,1.053027,1.047300,1.040785,1.076862,1.020497,1.056730,1.076024,1.065810,1.059373,1.048465,1.053797,1.046764,1.042928,1.036806,0.991026,1.030904,1.017089,1.025123,1.039792,1.085976,1.079734,1.032188,0.999758,1.034310
5.939290,1.044196,1.034906,1.032237,1.024043,1.035813,1.039933,1.029761,1.026996,1.049981,1.046619,1.043034,1.026272,1.042047,1.035433,1.039829,1.052377,1.046667,1.040165,1.076233,1.019890,1.056079,1.075382,1.065152,1.058719,1.047944,1.053196,1.046151,1.042294,1.036164,0.990443,1.030318,1.016532,1.024586,1.039176,1.085397,1.079079,1.031703,0.999124,1.034267
5.947620,1.043905,1.034340,1.031638,1.023429,1.035198,1.039318,1.029151,1.026387,1.049938,1.046001,1.042417,1.025652,1.041425,1.034801,1.039174,1.051719,1.046027,1.039538,1.075595,1.019275,1.055420,1.074730,1.064486,1.058056,1.047418,1.052588,1.045532,1.041652,1.035516,0.989860,1.029731,1.015973,1.024040,1.038549,1.084810,1.078417,1.031213,0.998483,1.034225
5.955950,1.043615,1.033775,1.031038,1.022815,1.034584,1.038703,1.028541,1.025778,1.049897,1.045383,1.041799,1.025033,1.040803,1.034169,1.038517,1.051060,1.045385,1.038911,1.074955,1.018657,1.054760,1.074078,1.063819,1.057392,1.046893,1.051979,1.044911,1.041010,1.034866,0.989278,1.029144,1.015415,1.023493,1.037921,1.084221,1.077753,1.030723,0.997841,1.034184
5.964280,1.043324,1.033209,1.030437,1.022199,1.033969,1.038087,1.027930,1.025168,1.049857,1.044763,1.041180,1.024411,1.040179,1.033535,1.037858,1.050397,1.044741,1.038281,1.074311,1.018036,1.054096,1.073422,1.063149,1.056724,1.046366,1.051368,1.044288,1.040365,1.034214,0.988697,1.028559,1.014856,1.022943,1.037289,1.083629,1.077088,1.030232,0.997197,1.034144
5.972610,1.043033,1.032641,1.029834,1.021581,1.033352,1.037469,1.027318,1.024556,1.049817,1.044142,1.040560,1.023789,1.039553,1.032900,1.037196,1.049732,1.044095,1.037649,1.073664,1.017410,1.053430,1.072764,1.062475,1.056053,1.045837,1.050755,1.043663,1.039718,1.033559,0.988116,1.027974,1.014297,1.022389,1.036653,1.083033,1.076419,1.029738,0.996550,1.034105
5.980940,1.042742,1.032073,1.029230,1.020962,1.032734,1.036851,1.026704,1.023944,1.049779,1.043521,1.039940,1.023166,1.038927,1.032263,1.036531,1.049064,1.043446,1.037015,1.073013,1.016782,1.052760,1.072102,1.061799,1.055380,1.045308,1.050140,1.043036,1.039068,1.032902,0.987536,1.027390,1.013739,1.021831,1.036013,1.082435,1.075749,1.029244,0.995901,1.034068
5.989270,1.042451,1.031505,1.028624,1.020342,1.032117,1.036233,1.026091,1.023331,1.049742,1.042899,1.039319,1.022543,1.038301,1.031625,1.035865,1.048393,1.042795,1.036379,1.072359,1.016149,1.052088,1.071438,1.061121,1.054704,1.044778,1.049524,1.042407,1.038417,1.032243,0.986958,1.026808,1.013182,1.021271,1.035371,1.081834,1.075076,1.028748,0.995250,1.034031
5.997600,1.042160,1.030936,1.028018,1.019721,1.031498,1.035615,1.025477,1.022718,1.049706,1.042277,1.038698,1.021919,1.037674,1.030986,1.035196,1.047721,1.042143,1.035743,1.071702,1.015515,1.051414,1.070772,1.060440,1.054026,1.044247,1.048906,1.041776,1.037764,1.031583,0.986382,1.026228,1.012625,1.020709,1.034725,1.081231,1.074403,1.028252,0.994598,1.033995
6.005930,1.041870,1.030368,1.027412,1.019099,1.030881,1.034997,1.024863,1.022105,1.049671,1.041656,1.038078,1.021296,1.037048,1.030347,1.034527,1.047047,1.041489,1.035105,1.071043,1.014877,1.050739,1.070104,1.059758,1.053346,1.043716,1.048287,1.041145,1.037110,1.030921,0.985807,1.025649,1.012070,1.020144,1.034077,1.080627,1.073728,1.027755,0.993944,1.033961
6.014260,1.041579,1.029800,1.026805,1.018478,1.030263,1.034379,1.024250,1.021493,1.049637,1.041035,1.037458,1.020673,1.036422,1.029708,1.033856,1.046372,1.040834,1.034466,1.070383,1.014238,1.050062,1.069434,1.059075,1.052665,1.043186,1.047668,1.040513,1.036454,1.030259,0.985235,1.025073,1.011517,1.019578,1.033428,1.080020,1.073052,1.027258,0.993289,1.033928
6.022590,1.041290,1.029232,1.026199,1.017857,1.029647,1.033763,1.023638,1.020881,1.049604,1.040416,1.036840,1.020052,1.035796,1.029070,1.033185,1.045696,1.040179,1.033828,1.069720,1.013596,1.049384,1.068764,1.058390,1.051983,1.042655,1.047048,1.039880,1.035798,1.029596,0.984665,1.024500,1.010966,1.019009,1.032776,1.079412,1.072377,1.026761,0.992634,1.033895
6.030920,1.041000,1.028666,1.025593,1.017237,1.029032,1.033148,1.023027,1.020271,1.049573,1.039798,1.036223,1.019431,1.035173,1.028432,1.032514,1.045019,1.039524,1.033189,1.069056,1.012953,1.048705,1.068093,1.057705,1.051299,1.042126,1.046429,1.039247,1.035142,1.028932,0.984098,1.023930,1.010418,1.018440,1.032123,1.078803,1.071701,1.026265,0.991978,1.033865
6.039250,1.040712,1.028101,1.024988,1.016618,1.028419,1.032535,1.022418,1.019662,1.049543,1.039182,1.035607,1.018813,1.034550,1.027795,1.031842,1.044342,1.038868,1.032551,1.068392,1.012309,1.048026,1.067421,1.057020,1.050616,1.041597,1.045809,1.038614,1.034486,1.028269,0.983535,1.023363,1.009872,1.017869,1.031469,1.078194,1.071026,1.025768,0.991323,1.033835
6.047580,1.040424,1.027537,1.024384,1.016000,1.027807,1.031924,1.021811,1.019055,1.049514,1.038568,1.034994,1.018196,1.033930,1.027160,1.031171,1.043665,1.038213,1.031913,1.067726,1.011664,1.047347,1.066749,1.056335,1.049932,1.041069,1.045190,1.037982,1.033830,1.027605,0.982974,1.022800,1.009329,1.017297,1.030815,1.077584,1.070351,1.025273,0.990667,1.033806
6.055910,1.040137,1.026975,1.023782,1.015383,1.027198,1.031316,1.021205,1.018450,1.049486,1.037956,1.034383,1.017582,1.033312,1.026526,1.030501,1.042988,1.037559,1.031276,1.067061,1.011018,1.046668,1.066078,1.055651,1.049249,1.040543,1.044572,1.037351,1.033175,1.026943,0.982417,1.022240,1.008790,1.016725,1.030160,1.076974,1.069678,1.024778,0.990012,1.033779
6.064240,1.039852,1.026416,1.023182,1.014769,1.026591,1.030710,1.020603,1.017848,1.049459,1.037347,1.033775,1.016970,1.032696,1.025895,1.029832,1.042312,1.036906,1.030641,1.066395,1.010372,1.045990,1.065407,1.054967,1.048566,1.040018,1.043956,1.036721,1.032520,1.026281,0.981865,1.021685,1.008254,1.016153,1.029505,1.076364,1.069006,1.024285,0.989358,1.033753
6.072570,1.039567,1.025858,1.022583,1.014157,1.025987,1.030107,1.020003,1.017248,1.049434,1.036741,1.033170,1.016361,1.032083,1.025265,1.029164,1.041637,1.036254,1.030007,1.065730,1.009727,1.045313,1.064737,1.054284,1.047885,1.039496,1.043340,1.036092,1.031867,1.025621,0.981316,1.021134,1.007723,1.015581,1.028850,1.075754,1.068336,1.023792,0.988705,1.033728
6.080900,1.039284,1.025304,1.021987,1.013547,1.025386,1.029507,1.019406,1.016652,1.049410,1.036139,1.032568,1.015756,1.031474,1.024639,1.028498,1.040963,1.035604,1.029375,1.065065,1.009081,1.044637,1.064068,1.053602,1.047204,1.038975,1.042727,1.035465,1.031215,1.024962,0.980772,1.020587,1.007196,1.015009,1.028196,1.075146,1.067667,1.023302,0.988054,1.033704
6.089230,1.039002,1.024752,1.021393,1.012940,1.024789,1.028911,1.018813,1.016058,1.049387,1.035540,1.031970,1.015154,1.030868,1.024015,1.027833,1.040291,1.034955,1.028745,1.064401,1.008437,1.043963,1.063401,1.052923,1.046525,1.038457,1.042115,1.034840,1.030565,1.024305,0.980233,1.020046,1.006673,1.014438,1.027543,1.074538,1.067002,1.022813,0.987404,1.033682
6.097560,1.038722,1.024203,1.020802,1.012337,1.024195,1.028318,1.018223,1.015469,1.049366,1.034945,1.031375,1.014555,1.030265,1.023395,1.027171,1.039621,1.034309,1.028118,1.063738,1.007793,1.043290,1.062735,1.052245,1.045848,1.037942,1.041506,1.034216,1.029918,1.023650,0.979698,1.019509,1.006156,1.013868,1.026891,1.073932,1.066339,1.022327,0.986757,1.033661
6.105890,1.038443,1.023657,1.020215,1.011736,1.023605,1.027730,1.017637,1.014883,1.049346,1.034354,1.030785,1.013961,1.029667,1.022778,1.026512,1.038954,1.033665,1.027493,1.063077,1.007150,1.042620,1.062072,1.051569,1.045172,1.037429,1.040899,1.033596,1.029272,1.022997,0.979169,1.018978,1.005643,1.013298,1.026241,1.073327,1.065679,1.021842,0.986111,1.033641
6.114220,1.038166,1.023115,1.019630,1.011140,1.023019,1.027146,1.017056,1.014301,1.049327,1.033768,1.030199,1.013371,1.029073,1.022164,1.025855,1.038288,1.033024,1.026872,1.062418,1.006510,1.041952,1.061410,1.050896,1.044500,1.036920,1.040296,1.032978,1.028629,1.022347,0.978645,1.018452,1.005135,1.012730,1.025592,1.072724,1.065022,1.021361,0.985468,1.033623
6.122550,1.037891,1.022577,1.019050,1.010547,1.022438,1.026566,1.016478,1.013723,1.049310,1.033187,1.029618,1.012786,1.028483,1.021555,1.025202,1.037626,1.032386,1.026253,1.061761,1.005871,1.041286,1.060752,1.050226,1.043829,1.036414,1.039695,1.032364,1.027989,1.021700,0.978127,1.017932,1.004634,1.012164,1.024946,1.072123,1.064369,1.020881,0.984828,1.033605
6.130880,1.037618,1.022043,1.018473,1.009958,1.021861,1.025992,1.015906,1.013151,1.049294,1.032610,1.029042,1.012206,1.027898,1.020950,1.024551,1.036966,1.031752,1.025638,1.061106,1.005234,1.040624,1.060096,1.049559,1.043162,1.035911,1.039097,1.031752,1.027352,1.021056,0.977615,1.017418,1.004138,1.011600,1.024302,1.071524,1.063720,1.020405,0.984191,1.033590
6.139210,1.037347,1.021513,1.017900,1.009374,1.021290,1.025422,1.015338,1.012583,1.049279,1.032039,1.028471,1.011630,1.027318,1.020350,1.023905,1.036310,1.031120,1.025027,1.060454,1.004599,1.039965,1.059443,1.048896,1.042498,1.035413,1.038503,1.031144,1.026719,1.020415,0.977109,1.016910,1.003648,1.011037,1.023661,1.070928,1.063076,1.019932,0.983557,1.033575
6.147540,1.037078,1.020987,1.017332,1.008794,1.020723,1.024858,1.014776,1.012020,1.049266,1.031473,1.027905,1.011060,1.026743,1.019754,1.023262,1.035657,1.030493,1.024420,1.059805,1.003967,1.039309,1.058794,1.048236,1.041838,1.034918,1.037913,1.030540,1.026089,1.019778,0.976609,1.016408,1.003164,1.010477,1.023022,1.070335,1.062435,1.019462,0.982927,1.033562
6.155870,1.036811,1.020466,1.016768,1.008220,1.020162,1.024299,1.014219,1.011462,1.049254,1.030912,1.027345,1.010495,1.026174,1.019164,1.022624,1.035008,1.029870,1.023817,1.059158,1.003338,1.038657,1.058148,1.047580,1.041181,1.034427,1.037327,1.029940,1.025463,1.019145,0.976116,1.015913,1.002686,1.009920,1.022387,1.069745,1.061800,1.018996,0.982300,1.033551
6.164200,1.036547,1.019950,1.016209,1.007650,1.019607,1.023746,1.013667,1.010910,1.049244,1.030358,1.026791,1.009937,1.025611,1.018578,1.021989,1.034364,1.029250,1.023218,1.058516,1.002712,1.038009,1.057507,1.046928,1.040528,1.033941,1.036745,1.029344,1.024841,1.018517,0.975630,1.015424,1.002215,1.009365,1.021756,1.069158,1.061169,1.018533,0.981678,1.033540
6.172530,1.036285,1.019439,1.015655,1.007086,1.019057,1.023198,1.013121,1.010363,1.049235,1.029809,1.026242,1.009384,1.025053,1.017998,1.021360,1.033723,1.028636,1.022624,1.057877,1.002090,1.037365,1.056869,1.046281,1.039880,1.033459,1.036168,1.028753,1.024223,1.017892,0.975150,1.014942,1.001751,1.008813,1.021128,1.068574,1.060544,1.018074,0.981060,1.033531
6.180860,1.036025,1.018933,1.015106,1.006527,1.018513,1.022657,1.012581,1.009822,1.049227,1.029267,1.025700,1.008837,1.024501,1.017424,1.020735,1.033087,1.028026,1.022035,1.057242,1.001471,1.036726,1.056236,1.045639,1.039236,1.032983,1.035596,1.028166,1.023611,1.017273,0.974678,1.014466,1.001294,1.008265,1.020504,1.067994,1.059925,1.017619,0.980446,1.033524
6.189190,1.035768,1.018433,1.014562,1.005974,1.017976,1.022122,1.012047,1.009288,1.049221,1.028732,1.025164,1.008296,1.023956,1.016856,1.020116,1.032456,1.027421,1.021451,1.056611,1.000856,1.036092,1.055608,1.045001,1.038596,1.032511,1.035028,1.027584,1.023003,1.016658,0.974213,1.013998,1.000844,1.007720,1.019884,1.067418,1.059311,1.017168,0.979837,1.033518
6.197520,1.035513,1.017938,1.014024,1.005427,1.017444,1.021594,1.011519,1.008760,1.049216,1.028202,1.024635,1.007762,1.023417,1.016293,1.019501,1.031830,1.026821,1.020873,1.055984,1.000245,1.035462,1.054984,1.044369,1.037962,1.032044,1.034466,1.027007,1.022400,1.016048,0.973756,1.013537,1.000401,1.007178,1.019269,1.066846,1.058703,1.016722,0.979233,1.033513
6.205850,1.035262,1.017449,1.013492,1.004886,1.016919,1.021072,1.010998,1.008238,1.049213,1.027680,1.024112,1.007235,1.022885,1.015737,1.018893,1.031209,1.026227,1.020300,1.055362,0.999639,1.034837,1.054365,1.043742,1.037333,1.031582,1.033908,1.026436,1.021802,1.015444,0.973307,1.013083,0.999965,1.006640,1.018659,1.066279,1.058101,1.016280,0.978634,1.033510
6.214180,1.035013,1.016965,1.012966,1.004351,1.016401,1.020557,1.010484,1.007722,1.049211,1.027165,1.023597,1.006714,1.022359,1.015187,1.018290,1.030594,1.025638,1.019732,1.054745,0.999037,1.034218,1.053752,1.043120,1.036709,1.031126,1.033357,1.025870,1.021210,1.014845,0.972865,1.012636,0.999536,1.006106,1.018053,1.065716,1.057506,1.015842,0.978041,1.033508
6.222510,1.034767,1.016488,1.012446,1.003822,1.015890,1.020049,1.009976,1.007214,1.049210,1.026656,1.023088,1.006201,1.021841,1.014644,1.017692,1.029984,1.025054,1.019171,1.054132,0.998440,1.033604,1.053144,1.042504,1.036091,1.030675,1.032811,1.025310,1.020624,1.014252,0.972431,1.012196,0.999116,1.005576,1.017452,1.065157,1.056917,1.015410,0.977453,1.033507
6.230840,1.034524,1.016017,1.011932,1.003300,1.015386,1.019547,1.009475,1.006712,1.049211,1.026155,1.022586,1.005694,1.021329,1.014108,1.017101,1.029380,1.024477,1.018616,1.053525,0.997848,1.032996,1.052542,1.041895,1.035478,1.030230,1.032271,1.024756,1.020043,1.013665,0.972006,1.011764,0.998703,1.005051,1.016857,1.064604,1.056335,1.014982,0.976871,1.033508
6.239170,1.034284,1.015553,1.011425,1.002785,1.014888,1.019053,1.008982,1.006217,1.049214,1.025661,1.022092,1.005195,1.020825,1.013578,1.016516,1.028782,1.023906,1.018066,1.052923,0.997260,1.032394,1.051945,1.041291,1.034872,1.029792,1.031737,1.024208,1.019469,1.013084,0.971588,1.011340,0.998297,1.004530,1.016268,1.064055,1.055760,1.014560,0.976295,1.033510
6.247500,1.034047,1.015095,1.010924,1.002277,1.014398,1.018567,1.008495,1.005729,1.049217,1.025175,1.021605,1.004703,1.020328,1.013056,1.015938,1.028190,1.023341,1.017524,1.052327,0.996679,1.031798,1.051354,1.040694,1.034271,1.029359,1.031209,1.023665,1.018901,1.012509,0.971179,1.010923,0.997900,1.004013,1.015684,1.063512,1.055192,1.014142,0.975725,1.033514
6.255830,1.033813,1.014643,1.010430,1.001776,1.013915,1.018087,1.008016,1.005249,1.049222,1.024696,1.021126,1.004219,1.019839,1.012541,1.015366,1.027604,1.022783,1.016987,1.051737,0.996102,1.031209,1.050770,1.040103,1.033677,1.028932,1.030688,1.023130,1.018339,1.011941,0.970779,1.010514,0.997510,1.003502,1.015105,1.062973,1.054631,1.013730,0.975162,1.033519
6.264160,1.033582,1.014199,1.009943,1.001282,1.013440,1.017616,1.007544,1.004776,1.049229,1.024225,1.020654,1.003742,1.019357,1.012033,1.014801,1.027025,1.022231,1.016458,1.051152,0.995531,1.030625,1.050192,1.039518,1.033089,1.028511,1.030173,1.022601,1.017784,1.011379,0.970388,1.010112,0.997129,1.002995,1.014533,1.062441,1.054078,1.013324,0.974604,1.033526
6.272490,1.033355,1.013761,1.009463,1.000795,1.012972,1.017151,1.007079,1.004310,1.049237,1.023762,1.020190,1.003273,1.018883,1.011532,1.014243,1.026453,1.021686,1.015935,1.050574,0.994967,1.030048,1.049620,1.038941,1.032508,1.028097,1.029665,1.022078,1.017235,1.010825,0.970005,1.009718,0.996755,1.002493,1.013967,1.061913,1.053533,1.012923,0.974054,1.033534
6.280820,1.033131,1.013330,1.008990,1.000315,1.012512,1.016695,1.006622,1.003852,1.049246,1.023307,1.019734,1.002812,1.018417,1.011039,1.013691,1.025887,1.021147,1.015419,1.050001,0.994408,1.029478,1.049055,1.038370,1.031934,1.027689,1.029164,1.021562,1.016694,1.010277,0.969631,1.009332,0.996390,1.001997,1.013408,1.061392,1.052995,1.012528,0.973510,1.033543
6.289150,1.032910,1.012906,1.008524,0.999843,1.012060,1.016246,1.006173,1.003401,1.049257,1.022859,1.019286,1.002359,1.017958,1.010553,1.013147,1.025328,1.020616,1.014910,1.049435,0.993855,1.028915,1.048497,1.037807,1.031366,1.027288,1.028669,1.021054,1.016160,1.009736,0.969266,1.008954,0.996033,1.001505,1.012854,1.060876,1.052465,1.012138,0.972973,1.033553
6.297480,1.032693,1.012490,1.008065,0.999378,1.011615,1.015805,1.005731,1.002958,1.049269,1.022420,1.018846,1.001913,1.017507,1.010075,1.012610,1.024777,1.020092,1.014409,1.048876,0.993308,1.028358,1.047945,1.037251,1.030806,1.026894,1.028182,1.020552,1.015632,1.009203,0.968910,1.008583,0.995683,1.001019,1.012308,1.060366,1.051942,1.011754,0.972444,1.033566
6.305810,1.032480,1.012080,1.007614,0.998921,1.011178,1.015372,1.005298,1.002523,1.049283,1.021989,1.018413,1.001476,1.017065,1.009605,1.012081,1.024232,1.019575,1.013914,1.048323,0.992768,1.027809,1.047400,1.036702,1.030253,1.026506,1.027701,1.020057,1.015112,1.008676,0.968563,1.008221,0.995343,1.000539,1.011768,1.059863,1.051428,1.011376,0.971921,1.033579
6.314140,1.032269,1.011678,1.007171,0.998472,1.010749,1.014947,1.004872,1.002096,1.049298,1.021565,1.017989,1.001046,1.016630,1.009143,1.011559,1.023695,1.019065,1.013427,1.047777,0.992234,1.027267,1.046863,1.036160,1.029706,1.026126,1.027229,1.019570,1.014600,1.008158,0.968226,1.007866,0.995010,1.000064,1.011235,1.059365,1.050922,1.011005,0.971406,1.033594
6.322470,1.032063,1.011284,1.006734,0.998031,1.010328,1.014530,1.004454,1.001676,1.049314,1.021150,1.017573,1.000625,1.016203,1.008689,1.011044,1.023165,1.018563,1.012948,1.047237,0.991707,1.026732,1.046332,1.035626,1.029168,1.025752,1.026763,1.019090,1.014095,1.007647,0.967897,1.007519,0.994685,0.999595,1.010709,1.058874,1.050424,1.010639,0.970898,1.033610
6.330800,1.031860,1.010897,1.006306,0.997597,1.009915,1.014121,1.004044,1.001265,1.049332,1.020743,1.017165,1.000212,1.015785,1.008242,1.010537,1.022642,1.018068,1.012476,1.046705,0.991186,1.026204,1.045809,1.035099,1.028637,1.025385,1.026305,1.018617,1.013597,1.007144,0.967578,1.007180,0.994369,0.999132,1.010189,1.058389,1.049935,1.010280,0.970398,1.033627
6.339130,1.031661,1.010518,1.005885,0.997171,1.009510,1.013720,1.003642,1.000861,1.049351,1.020345,1.016765,0.999807,1.015375,1.007804,1.010038,1.022127,1.017581,1.012012,1.046179,0.990673,1.025684,1.045293,1.034581,1.028113,1.025025,1.025854,1.018152,1.013108,1.006648,0.967268,1.006848,0.994061,0.998674,1.009678,1.057910,1.049454,1.009926,0.969906,1.033646
6.347460,1.031465,1.010146,1.005472,0.996753,1.009112,1.013327,1.003247,1.000466,1.049372,1.019954,1.016373,0.999410,1.014973,1.007374,1.009547,1.021620,1.017102,1.011555,1.045661,0.990166,1.025171,1.044785,1.034070,1.027597,1.024673,1.025411,1.017695,1.012626,1.006161,0.966968,1.006525,0.993761,0.998223,1.009173,1.057438,1.048981,1.009579,0.969421,1.033666
6.355790,1.031273,1.009782,1.005067,0.996343,1.008724,1.012942,1.002861,1.000078,1.049394,1.019572,1.015990,0.999021,1.014579,1.006952,1.009063,1.021121,1.016630,1.011106,1.045150,0.989666,1.024667,1.044284,1.033566,1.027089,1.024327,1.024976,1.017245,1.012152,1.005681,0.966677,1.006209,0.993469,0.997777,1.008675,1.056972,1.048516,1.009239,0.968944,1.033688
6.364120,1.031085,1.009426,1.004669,0.995941,1.008343,1.012565,1.002483,0.999698,1.049417,1.019198,1.015615,0.998641,1.014194,1.006538,1.008588,1.020629,1.016166,1.010666,1.044646,0.989173,1.024169,1.043790,1.033071,1.026588,1.023989,1.024548,1.016803,1.011687,1.005210,0.966396,1.005900,0.993185,0.997338,1.008185,1.056513,1.048060,1.008905,0.968475,1.033711
6.372450,1.030901,1.009077,1.004280,0.995547,1.007970,1.012196,1.002113,0.999327,1.049442,1.018833,1.015248,0.998269,1.013816,1.006132,1.008120,1.020145,1.015710,1.010233,1.044150,0.988688,1.023680,1.043304,1.032584,1.026096,1.023658,1.024129,1.016369,1.011229,1.004746,0.966124,1.005600,0.992910,0.996904,1.007703,1.056060,1.047613,1.008577,0.968014,1.033735
6.380780,1.030721,1.008737,1.003898,0.995162,1.007605,1.011836,1.001751,0.998963,1.049467,1.018476,1.014889,0.997905,1.013447,1.005735,1.007661,1.019669,1.015262,1.009808,1.043661,0.988209,1.023198,1.042826,1.032104,1.025611,1.023335,1.023717,1.015943,1.010779,1.004291,0.965861,1.005307,0.992642,0.996477,1.007227,1.055614,1.047174,1.008256,0.967561,1.033760
6.389110,1.030544,1.008404,1.003525,0.994784,1.007249,1.011484,1.001397,0.998607,1.049495,1.018127,1.014538,0.997549,1.013087,1.005345,1.007209,1.019201,1.014822,1.009391,1.043179,0.987738,1.022724,1.042356,1.031633,1.025134,1.023018,1.023313,1.015524,1.010338,1.003845,0.965608,1.005021,0.992383,0.996056,1.006760,1.055175,1.046744,1.007941,0.967117,1.033787
6.397440,1.030372,1.008079,1.003159,0.994414,1.006900,1.011139,1.001051,0.998260,1.049523,1.017786,1.014196,0.997202,1.012734,1.004964,1.006766,1.018742,1.014390,1.008982,1.042705,0.987274,1.022258,1.041893,1.031170,1.024666,1.022709,1.022917,1.015114,1.009905,1.003406,0.965365,1.004743,0.992131,0.995642,1.006300,1.054742,1.046322,1.007633,0.966680,1.033815
6.405770,1.030203,1.007762,1.002802,0.994053,1.006560,1.010803,1.000713,0.997920,1.049553,1.017454,1.013862,0.996862,1.012390,1.004591,1.006331,1.018290,1.013966,1.008581,1.042239,0.986817,1.021800,1.041438,1.030714,1.024205,1.022408,1.022529,1.014711,1.009480,1.002976,0.965131,1.004473,0.991887,0.995234,1.005847,1.054317,1.045909,1.007331,0.966252,1.033845
6.414100,1.030039,1.007453,1.002452,0.993699,1.006227,1.010475,1.000383,0.997589,1.049584,1.017129,1.013536,0.996531,1.012054,1.004227,1.005904,1.017846,1.013551,1.008188,1.041780,0.986368,1.021350,1.040991,1.030267,1.023753,1.022114,1.022149,1.014317,1.009064,1.002555,0.964906,1.004210,0.991652,0.994832,1.005402,1.053898,1.045504,1.007036,0.965832,1.033875
6.422430,1.029878,1.007152,1.002111,0.993354,1.005903,1.010155,1.000061,0.997265,1.049616,1.016813,1.013218,0.996208,1.011726,1.003870,1.005485,1.017410,1.013143,1.007803,1.041329,0.985926,1.020908,1.040552,1.029829,1.023308,1.021827,1.021777,1.013931,1.008656,1.002142,0.964691,1.003954,0.991424,0.994436,1.004965,1.053486,1.045108,1.006748,0.965420,1.033907
6.430760,1.029722,1.006858,1.001777,0.993016,1.005587,1.009843,0.999747,0.996949,1.049650,1.016505,1.012908,0.995894,1.011406,1.003522,1.005075,1.016983,1.012743,1.007426,1.040885,0.985492,1.020474,1.040120,1.029398,1.022872,1.021548,1.021413,1.013552,1.008257,1.001737,0.964485,1.003705,0.991203,0.994047,1.004535,1.053081,1.044721,1.006467,0.965017,1.033940
6.439090,1.029569,1.006573,1.001452,0.992687,1.005278,1.009539,0.999441,0.996641,1.049685,1.016205,1.012607,0.995587,1.011095,1.003182,1.004672,1.016563,1.012352,1.007058,1.040449,0.985065,1.020048,1.039696,1.028975,1.022444,1.021276,1.021058,1.013182,1.007865,1.001341,0.964288,1.003464,0.990991,0.993664,1.004114,1.052682,1.044341,1.006192,0.964622,1.033975
6.447420,1.029421,1.006296,1.001134,0.992365,1.004978,1.009242,0.999143,0.996342,1.049721,1.015914,1.012313,0.995288,1.010791,1.002850,1.004278,1.016152,1.011969,1.006697,1.040021,0.984645,1.019630,1.039281,1.028561,1.022025,1.021012,1.020710,1.012820,1.007483,1.000954,0.964101,1.003229,0.990786,0.993288,1.003699,1.052291,1.043971,1.005923,0.964236,1.034010
6.455750,1.029277,1.006027,1.000825,0.992052,1.004685,1.008954,0.998853,0.996049,1.049758,1.015630,1.012027,0.994998,1.010495,1.002526,1.003892,1.015749,1.011593,1.006345,1.039600,0.984233,1.019221,1.038873,1.028154,1.021613,1.020755,1.020370,1.012466,1.007109,1.000575,0.963923,1.003002,0.990588,0.992918,1.003293,1.051906,1.043609,1.005662,0.963858,1.034047
6.464080,1.029137,1.005765,1.000523,0.991746,1.004400,1.008673,0.998570,0.995765,1.049797,1.015354,1.011749,0.994715,1.010208,1.002210,1.003514,1.015354,1.011226,1.006001,1.039188,0.983829,1.018819,1.038472,1.027756,1.021210,1.020505,1.020039,1.012119,1.006743,1.000205,0.963755,1.002781,0.990398,0.992554,1.002894,1.051528,1.043255,1.005407,0.963489,1.034085
6.472410,1.029001,1.005512,1.000230,0.991449,1.004123,1.008400,0.998295,0.995488,1.049836,1.015086,1.011479,0.994440,1.009928,1.001902,1.003145,1.014967,1.010868,1.005665,1.038782,0.983432,1.018425,1.038080,1.027366,1.020814,1.020263,1.019716,1.011782,1.006386,0.999843,0.963595,1.002567,0.990215,0.992197,1.002503,1.051157,1.042909,1.005159,0.963128,1.034124
6.480740,1.028869,1.005266,0.999945,0.991159,1.003854,1.008135,0.998028,0.995219,1.049877,1.014826,1.011217,0.994173,1.009657,1.001603,1.002784,1.014589,1.010517,1.005337,1.038385,0.983042,1.018039,1.037696,1.026984,1.020427,1.020028,1.019400,1.011452,1.006038,0.999490,0.963445,1.002360,0.990039,0.991847,1.002119,1.050793,1.042572,1.004917,0.962775,1.034164
6.489070,1.028742,1.005028,0.999667,0.990877,1.003592,1.007878,0.997768,0.994958,1.049919,1.014573,1.010962,0.993914,1.009393,1.001311,1.002430,1.014218,1.010174,1.005017,1.037995,0.982660,1.017661,1.037319,1.026610,1.020049,1.019800,1.019093,1.011130,1.005698,0.999146,0.963304,1.002160,0.989870,0.991502,1.001744,1.050435,1.042243,1.004682,0.962431,1.034206
6.497400,1.028619,1.004799,0.999397,0.990603,1.003338,1.007628,0.997516,0.994704,1.049963,1.014329,1.010716,0.993662,1.009137,1.001027,1.002085,1.013856,1.009840,1.004705,1.037613,0.982286,1.017291,1.036950,1.026244,1.019678,1.019580,1.018794,1.010816,1.005366,0.998810,0.963171,1.001966,0.989709,0.991164,1.001375,1.050085,1.041922,1.004454,0.962096,1.034248
6.505730,1.028500,1.004577,0.999136,0.990337,1.003092,1.007385,0.997271,0.994457,1.050007,1.014092,1.010476,0.993418,1.008888,1.000751,1.001748,1.013502,1.009513,1.004401,1.037239,0.981919,1.016930,1.036589,1.025886,1.019315,1.019367,1.018503,1.010510,1.005043,0.998483,0.963048,1.001778,0.989554,0.990833,1.001015,1.049741,1.041609,1.004232,0.961769,1.034292
6.514060,1.028385,1.004362,0.998882,0.990078,1.002852,1.007150,0.997034,0.994218,1.050053,1.013862,1.010244,0.993182,1.008647,1.000483,1.001419,1.013156,1.009195,1.004105,1.036872,0.981559,1.016576,1.036235,1.025537,1.018961,1.019161,1.018220,1.010212,1.004729,0.998164,0.962933,1.001597,0.989406,0.990508,1.000661,1.049404,1.041305,1.004017,0.961450,1.034337
6.522390,1.028275,1.004156,0.998635,0.989827,1.002621,1.006923,0.996804,0.993987,1.050099,1.013640,1.010020,0.992953,1.008414,1.000222,1.001098,1.012817,1.008885,1.003817,1.036513,0.981206,1.016230,1.035890,1.025195,1.018615,1.018963,1.017945,1.009922,1.004423,0.997854,0.962827,1.001422,0.989265,0.990189,1.000316,1.049073,1.041008,1.003808,0.961140,1.034383
6.530720,1.028169,1.003958,0.998397,0.989584,1.002396,1.006702,0.996581,0.993762,1.050147,1.013425,1.009803,0.992732,1.008188,0.999969,1.000786,1.012487,1.008583,1.003537,1.036162,0.980862,1.015892,1.035552,1.024861,1.018277,1.018771,1.017677,1.009641,1.004125,0.997552,0.962730,1.001254,0.989131,0.989877,0.999978,1.048749,1.040719,1.003606,0.960838,1.034430
6.539050,1.028067,1.003767,0.998166,0.989348,1.002179,1.006489,0.996365,0.993545,1.050196,1.013218,1.009593,0.992518,1.007970,0.999724,1.000481,1.012165,1.008288,1.003265,1.035818,0.980524,1.015562,1.035221,1.024534,1.017946,1.018587,1.017418,1.009367,1.003836,0.997259,0.962642,1.001091,0.989003,0.989570,0.999647,1.048432,1.040438,1.003411,0.960545,1.034478
6.547380,1.027969,1.003584,0.997943,0.989120,1.001969,1.006283,0.996157,0.993335,1.050246,1.013018,1.009391,0.992311,1.007759,0.999486,1.000184,1.011851,1.008002,1.003001,1.035482,0.980194,1.015239,1.034898,1.024216,1.017624,1.018410,1.017167,1.009100,1.003555,0.996974,0.962562,1.000934,0.988881,0.989271,0.999324,1.048121,1.040164,1.003222,0.960260,1.034527
6.555710,1.027876,1.003408,0.997728,0.988899,1.001767,1.006084,0.995956,0.993132,1.050297,1.012825,1.009196,0.992111,1.007555,0.999256,0.999895,1.011545,1.007723,1.002744,1.035153,0.979871,1.014925,1.034583,1.023905,1.017310,1.018240,1.016923,1.008842,1.003282,0.996698,0.962491,1.000784,0.988766,0.988977,0.999008,1.047817,1.039898,1.003040,0.959983,1.034578
6.564040,1.027788,1.003240,0.997520,0.988685,1.001571,1.005892,0.995761,0.992936,1.050349,1.012639,1.009007,0.991919,1.007358,0.999033,0.999613,1.011247,1.007453,1.002496,1.034832,0.979555,1.014618,1.034275,1.023602,1.017004,1.018077,1.016688,1.008592,1.003018,0.996430,0.962427,1.000639,0.988656,0.988690,0.998699,1.047519,1.039640,1.002864,0.959715,1.034629
6.572370,1.027703,1.003080,0.997320,0.988478,1.001382,1.005707,0.995574,0.992747,1.050402,1.012460,1.008826,0.991733,1.007169,0.998818,0.999340,1.010956,1.007190,1.002255,1.034518,0.979246,1.014319,1.033974,1.023307,1.016705,1.017921,1.016460,1.008349,1.002762,0.996171,0.962373,1.000499,0.988553,0.988408,0.998398,1.047228,1.039389,1.002694,0.959454,1.034681
6.580700,1.027623,1.002927,0.997127,0.988279,1.001200,1.005529,0.995393,0.992565,1.050456,1.012288,1.008651,0.991555,1.006986,0.998610,0.999074,1.010674,1.006935,1.002022,1.034212,0.978945,1.014027,1.033681,1.023019,1.016415,1.017772,1.016240,1.008114,1.002515,0.995920,0.962326,1.000366,0.988456,0.988133,0.998103,1.046943,1.039146,1.002531,0.959203,1.034734
6.589030,1.027548,1.002782,0.996941,0.988087,1.001025,1.005357,0.995219,0.992389,1.050511,1.012123,1.008484,0.991383,1.006811,0.998409,0.998816,1.010399,1.006688,1.001796,1.033913,0.978651,1.013743,1.033396,1.022739,1.016132,1.017630,1.016027,1.007887,1.002275,0.995677,0.962287,1.000238,0.988365,0.987864,0.997816,1.046665,1.038910,1.002374,0.958959,1.034789
6.597360,1.027477,1.002644,0.996763,0.987902,1.000857,1.005193,0.995052,0.992220,1.050567,1.011964,1.008323,0.991218,1.006642,0.998215,0.998566,1.010132,1.006448,1.001578,1.033621,0.978364,1.013467,1.033117,1.022467,1.015857,1.017495,1.015823,1.007667,1.002044,0.995443,0.962257,1.000115,0.988279,0.987601,0.997536,1.046393,1.038681,1.002224,0.958724,1.034844
6.605690,1.027410,1.002514,0.996593,0.987724,1.000695,1.005034,0.994891,0.992058,1.050624,1.011812,1.008169,0.991060,1.006480,0.998029,0.998323,1.009872,1.006217,1.001368,1.033337,0.978084,1.013198,1.032846,1.022201,1.015590,1.017366,1.015625,1.007455,1.001821,0.995216,0.962234,0.999998,0.988199,0.987344,0.997263,1.046127,1.038459,1.002079,0.958496,1.034900
6.614020,1.027348,1.002391,0.996429,0.987553,1.000540,1.004883,0.994737,0.991903,1.050683,1.011667,1.008021,0.990908,1.006325,0.997849,0.998087,1.009620,1.005992,1.001165,1.033060,0.977811,1.012937,1.032582,1.021943,1.015331,1.017244,1.015436,1.007250,1.001606,0.994998,0.962220,0.999885,0.988125,0.987094,0.996997,1.045868,1.038244,1.001941,0.958277,1.034957
6.622350,1.027290,1.002275,0.996273,0.987388,1.000391,1.004737,0.994590,0.991753,1.050742,1.011528,1.007879,0.990763,1.006176,0.997676,0.997860,1.009376,1.005776,1.000970,1.032790,0.977545,1.012683,1.032325,1.021693,1.015079,1.017129,1.015254,1.007053,1.001398,0.994788,0.962213,0.999778,0.988056,0.986849,0.996738,1.045614,1.038037,1.001810,0.958066,1.035016
6.630680,1.027237,1.002167,0.996124,0.987231,1.000249,1.004598,0.994448,0.991610,1.050801,1.011396,1.007745,0.990625,1.006034,0.997511,0.997639,1.009139,1.005566,1.000782,1.032527,0.977285,1.012437,1.032076,1.021450,1.014834,1.017021,1.015079,1.006864,1.001199,0.994586,0.962213,0.999677,0.987993,0.986610,0.996486,1.045367,1.037836,1.001684,0.957863,1.035075
6.639010,1.027188,1.002066,0.995982,0.987080,1.000113,1.004466,0.994313,0.991474,1.050862,1.011270,1.007616,0.990492,1.005898,0.997352,0.997426,1.008910,1.005365,1.000601,1.032271,0.977033,1.012198,1.031833,1.021213,1.014598,1.016919,1.014912,1.006682,1.001008,0.994392,0.962221,0.999580,0.987934,0.986377,0.996241,1.045126,1.037641,1.001565,0.957667,1.035135
6.647340,1.027143,1.001972,0.995846,0.986936,0.999984,1.004339,0.994184,0.991344,1.050924,1.011150,1.007494,0.990367,1.005769,0.997199,0.997220,1.008688,1.005170,1.000428,1.032023,0.976788,1.011966,1.031597,1.020984,1.014368,1.016824,1.014752,1.006507,1.000825,0.994207,0.962237,0.999488,0.987881,0.986149,0.996002,1.044891,1.037454,1.001451,0.957480,1.035195
6.655670,1.027104,1.001885,0.995718,0.986798,0.999860,1.004219,0.994062,0.991219,1.050987,1.011036,1.007377,0.990247,1.005646,0.997054,0.997022,1.008474,1.004983,1.000262,1.031781,0.976549,1.011741,1.031368,1.020762,1.014146,1.016735,1.014599,1.006339,1.000650,0.994029,0.962260,0.999401,0.987833,0.985928,0.995770,1.044662,1.037273,1.001344,0.957300,1.035257
6.664000,1.027068,1.001805,0.995597,0.986667,0.999743,1.004105,0.993945,0.991101,1.051050,1.010929,1.007267,0.990133,1.005529,0.996915,0.996831,1.008266,1.004804,1.000103,1.031547,0.976317,1.011524,1.031146,1.020548,1.013932,1.016653,1.014454,1.006179,1.000482,0.993859,0.962290,0.999318,0.987790,0.985712,0.995545,1.044439,1.037099,1.001243,0.957129,1.035320
6.672330,1.027037,1.001733,0.995483,0.986543,0.999632,1.003996,0.993834,0.990989,1.051115,1.010827,1.007163,0.990026,1.005418,0.996782,0.996646,1.008066,1.004631,0.999951,1.031319,0.976092,1.011314,1.030931,1.020340,1.013725,1.016577,1.014316,1.006026,1.000322,0.993696,0.962328,0.999241,0.987751,0.985502,0.995326,1.044222,1.036930,1.001148,0.956965,1.035383
6.680660,1.027011,1.001667,0.995376,0.986424,0.999526,1.003894,0.993730,0.990883,1.051180,1.010731,1.007065,0.989924,1.005314,0.996656,0.996469,1.007874,1.004466,0.999807,1.031098,0.975873,1.011110,1.030723,1.020138,1.013525,1.016508,1.014185,1.005880,1.000170,0.993542,0.962373,0.999168,0.987718,0.985298,0.995114,1.044011,1.036769,1.001058,0.956809,1.035447
6.688990,1.026989,1.001608,0.995275,0.986313,0.999427,1.003797,0.993631,0.990783,1.051246,1.010642,1.006972,0.989829,1.005215,0.996536,0.996299,1.007688,1.004308,0.999669,1.030884,0.975661,1.010914,1.030521,1.019944,1.013332,1.016444,1.014061,1.005741,1.000026,0.993395,0.962424,0.999099,0.987689,0.985100,0.994908,1.043805,1.036613,1.000975,0.956660,1.035512
6.697320,1.026972,1.001557,0.995181,0.986207,0.999333,1.003706,0.993538,0.990688,1.051313,1.010557,1.006886,0.989739,1.005123,0.996423,0.996136,1.007510,1.004157,0.999539,1.030677,0.975455,1.010725,1.030326,1.019757,1.013147,1.016387,1.013945,1.005609,0.999889,0.993256,0.962483,0.999035,0.987664,0.984907,0.994709,1.043605,1.036464,1.000898,0.956519,1.035578
6.705650,1.026959,1.001512,0.995094,0.986107,0.999245,1.003621,0.993450,0.990599,1.051380,1.010479,1.006805,0.989655,1.005036,0.996316,0.995980,1.007339,1.004014,0.999415,1.030477,0.975256,1.010543,1.030138,1.019576,1.012968,1.016337,1.013835,1.005484,0.999759,0.993125,0.962549,0.998976,0.987644,0.984719,0.994516,1.043411,1.036321,1.000826,0.956386,1.035645
6.713980,1.026951,1.001474,0.995013,0.986014,0.999163,1.003542,0.993368,0.990516,1.051449,1.010406,1.006729,0.989577,1.004955,0.996215,0.995831,1.007174,1.003877,0.999298,1.030283,0.975063,1.010367,1.029956,1.019402,1.012797,1.016292,1.013732,1.005366,0.999638,0.993001,0.962621,0.998921,0.987628,0.984538,0.994329,1.043223,1.036184,1.000760,0.956260,1.035712
6.722310,1.026947,1.001443,0.994939,0.985927,0.999087,1.003468,0.993292,0.990439,1.051518,1.010339,1.006659,0.989504,1.004880,0.996120,0.995689,1.007017,1.003747,0.999189,1.030096,0.974877,1.010199,1.029781,1.019234,1.012633,1.016254,1.013636,1.005256,0.999523,0.992885,0.962700,0.998870,0.987617,0.984361,0.994149,1.043041,1.036052,1.000700,0.956142,1.035780
6.730640,1.026948,1.001418,0.994872,0.985846,0.999016,1.003399,0.993222,0.990367,1.051588,1.010277,1.006595,0.989438,1.004810,0.996032,0.995553,1.006867,1.003624,0.999086,1.029916,0.974697,1.010037,1.029612,1.019073,1.012476,1.016221,1.013547,1.005152,0.999416,0.992776,0.962786,0.998823,0.987610,0.984191,0.993975,1.042864,1.035927,1.000646,0.956031,1.035849
6.738970,1.026953,1.001401,0.994810,0.985770,0.998951,1.003336,0.993156,0.990300,1.051659,1.010221,1.006536,0.989376,1.004746,0.995949,0.995424,1.006724,1.003508,0.998989,1.029742,0.974524,1.009882,1.029450,1.018919,1.012325,1.016195,1.013465,1.005054,0.999317,0.992675,0.962878,0.998781,0.987607,0.984025,0.993807,1.042692,1.035808,1.000597,0.955927,1.035919
6.747300,1.026963,1.001390,0.994756,0.985701,0.998891,1.003279,0.993097,0.990239,1.051730,1.010170,1.006483,0.989320,1.004688,0.995872,0.995302,1.006587,1.003399,0.998900,1.029575,0.974357,1.009734,1.029294,1.018771,1.012182,1.016175,1.013390,1.004964,0.999225,0.992581,0.962977,0.998743,0.987608,0.983865,0.993645,1.042526,1.035694,1.000554,0.955831,1.035989
6.755630,1.026977,1.001385,0.994708,0.985638,0.998837,1.003227,0.993042,0.990184,1.051802,1.010124,1.006435,0.989269,1.004635,0.995802,0.995186,1.006457,1.003297,0.998817,1.029414,0.974196,1.009592,1.029145,1.018630,1.012045,1.016160,1.013322,1.004880,0.999140,0.992495,0.963083,0.998709,0.987614,0.983711,0.993490,1.042366,1.035586,1.000517,0.955743,1.036060
6.763960,1.026996,1.001388,0.994666,0.985580,0.998788,1.003180,0.992993,0.990133,1.051875,1.010084,1.006392,0.989224,1.004587,0.995737,0.995078,1.006334,1.003201,0.998741,1.029260,0.974041,1.009457,1.029001,1.018495,1.011916,1.016152,1.013260,1.004804,0.999062,0.992416,0.963195,0.998679,0.987623,0.983562,0.993340,1.042211,1.035483,1.000486,0.955661,1.036132
6.772290,1.027020,1.001396,0.994630,0.985528,0.998744,1.003138,0.992949,0.990088,1.051948,1.010049,1.006354,0.989184,1.004545,0.995678,0.994975,1.006218,1.003112,0.998672,1.029113,0.973893,1.009329,1.028864,1.018366,1.011793,1.016149,1.013205,1.004733,0.998992,0.992344,0.963313,0.998653,0.987636,0.983418,0.993196,1.042061,1.035387,1.000460,0.955587,1.036204
6.780620,1.027048,1.001412,0.994601,0.985482,0.998706,1.003101,0.992911,0.990049,1.052022,1.010019,1.006322,0.989150,1.004508,0.995624,0.994879,1.006109,1.003030,0.998609,1.028971,0.973750,1.009207,1.028734,1.018243,1.011677,1.016153,1.013157,1.004670,0.998929,0.992280,0.963437,0.998631,0.987653,0.983280,0.993059,1.041917,1.035295,1.000439,0.955520,1.036277
6.788950,1.027080,1.001434,0.994578,0.985441,0.998672,1.003070,0.992877,0.990014,1.052097,1.009994,1.006295,0.989120,1.004477,0.995577,0.994790,1.006006,1.002955,0.998553,1.028837,0.973614,1.009092,1.028609,1.018127,1.011568,1.016162,1.013115,1.004613,0.998873,0.992222,0.963568,0.998613,0.987674,0.983147,0.992927,1.041779,1.035209,1.000424,0.955460,1.036350
6.797280,1.027117,1.001462,0.994561,0.985407,0.998644,1.003044,0.992849,0.989985,1.052172,1.009974,1.006273,0.989096,1.004450,0.995535,0.994707,1.005910,1.002886,0.998503,1.028708,0.973484,1.008983,1.028491,1.018017,1.011465,1.016177,1.013080,1.004563,0.998824,0.992172,0.963705,0.998599,0.987698,0.983019,0.992801,1.041645,1.035129,1.000415,0.955407,1.036424
6.805610,1.027159,1.001497,0.994550,0.985377,0.998622,1.003023,0.992826,0.989960,1.052248,1.009959,1.006255,0.989077,1.004429,0.995499,0.994631,1.005821,1.002824,0.998460,1.028586,0.973360,1.008881,1.028379,1.017914,1.011369,1.016198,1.013051,1.004519,0.998782,0.992130,0.963848,0.998590,0.987726,0.982897,0.992681,1.041517,1.035054,1.000411,0.955362,1.036499
6.813940,1.027205,1.001539,0.994546,0.985354,0.998604,1.003007,0.992808,0.989941,1.052324,1.009949,1.006243,0.989063,1.004413,0.995469,0.994561,1.005738,1.002769,0.998423,1.028470,0.973242,1.008786,1.028273,1.017816,1.011280,1.016224,1.013029,1.004482,0.998747,0.992094,0.963997,0.998584,0.987758,0.982779,0.992567,1.041395,1.034985,1.000413,0.955323,1.036574
6.822270,1.027255,1.001587,0.994548,0.985336,0.998592,1.002996,0.992794,0.989927,1.052401,1.009945,1.006236,0.989054,1.004403,0.995444,0.994497,1.005662,1.002720,0.998393,1.028361,0.973130,1.008696,1.028173,1.017725,1.011197,1.016257,1.013014,1.004451,0.998719,0.992065,0.964153,0.998581,0.987794,0.982667,0.992459,1.041277,1.034920,1.000420,0.955292,1.036650
6.830600,1.027310,1.001641,0.994555,0.985323,0.998584,1.002990,0.992786,0.989918,1.052478,1.009945,1.006234,0.989050,1.004397,0.995424,0.994440,1.005592,1.002678,0.998369,1.028258,0.973024,1.008614,1.028079,1.017640,1.011121,1.016295,1.013005,1.004427,0.998699,0.992044,0.964314,0.998583,0.987833,0.982561,0.992357,1.041165,1.034861,1.000432,0.955267,1.036726
6.838930,1.027370,1.001702,0.994569,0.985316,0.998582,1.002989,0.992783,0.989914,1.052556,1.009950,1.006237,0.989051,1.004397,0.995411,0.994389,1.005529,1.002642,0.998351,1.028161,0.972924,1.008537,1.027992,1.017561,1.011052,1.016338,1.013002,1.004409,0.998685,0.992029,0.964481,0.998589,0.987876,0.982459,0.992261,1.041059,1.034807,1.000450,0.955250,1.036803
6.847260,1.027434,1.001769,0.994589,0.985315,0.998584,1.002992,0.992785,0.989915,1.052634,1.009960,1.006245,0.989057,1.004402,0.995402,0.994345,1.005473,1.002613,0.998340,1.028071,0.972830,1.008467,1.027910,1.017488,1.010989,1.016387,1.013006,1.004398,0.998678,0.992022,0.964655,0.998598,0.987922,0.982363,0.992170,1.040957,1.034759,1.000473,0.955239,1.036880
6.855590,1.027502,1.001842,0.994615,0.985318,0.998592,1.003001,0.992792,0.989921,1.052713,1.009975,1.006258,0.989069,1.004411,0.995400,0.994306,1.005423,1.002590,0.998336,1.027987,0.972742,1.008403,1.027834,1.017421,1.010933,1.016442,1.013017,1.004393,0.998678,0.992022,0.964834,0.998612,0.987972,0.982272,0.992085,1.040861,1.034716,1.000502,0.955236,1.036958
6.863920,1.027575,1.001922,0.994647,0.985328,0.998605,1.003015,0.992804,0.989932,1.052792,1.009995,1.006275,0.989085,1.004426,0.995403,0.994275,1.005379,1.002574,0.998337,1.027909,0.972660,1.008346,1.027765,1.017360,1.010883,1.016503,1.013033,1.004394,0.998685,0.992028,0.965019,0.998629,0.988025,0.982187,0.992006,1.040770,1.034678,1.000536,0.955239,1.037036
6.872250,1.027652,1.002008,0.994685,0.985343,0.998623,1.003034,0.992821,0.989948,1.052872,1.010019,1.006298,0.989106,1.004446,0.995411,0.994249,1.005342,1.002564,0.998346,1.027837,0.972584,1.008295,1.027701,1.017305,1.010840,1.016569,1.013056,1.004402,0.998699,0.992042,0.965210,0.998650,0.988082,0.982106,0.991932,1.040684,1.034645,1.000575,0.955250,1.037114
6.880580,1.027734,1.002100,0.994729,0.985363,0.998645,1.003058,0.992843,0.989969,1.052952,1.010049,1.006325,0.989132,1.004471,0.995425,0.994230,1.005312,1.002561,0.998360,1.027772,0.972515,1.008251,1.027644,1.017257,1.010803,1.016641,1.013086,1.004417,0.998720,0.992063,0.965407,0.998675,0.988143,0.982031,0.991865,1.040604,1.034617,1.000620,0.955267,1.037193
6.888910,1.027820,1.002199,0.994779,0.985388,0.998673,1.003086,0.992869,0.989994,1.053032,1.010083,1.006357,0.989163,1.004501,0.995444,0.994216,1.005288,1.002564,0.998381,1.027713,0.972451,1.008213,1.027593,1.017214,1.010773,1.016718,1.013122,1.004438,0.998748,0.992090,0.965610,0.998704,0.988207,0.981961,0.991803,1.040529,1.034595,1.000670,0.955291,1.037272
6.897240,1.027910,1.002304,0.994835,0.985419,0.998706,1.003120,0.992901,0.990025,1.053113,1.010122,1.006395,0.989199,1.004536,0.995469,0.994210,1.005270,1.002574,0.998408,1.027660,0.972393,1.008181,1.027547,1.017178,1.010749,1.016801,1.013164,1.004465,0.998783,0.992125,0.965819,0.998737,0.988274,0.981896,0.991747,1.040459,1.034577,1.000726,0.955322,1.037351
6.905570,1.028005,1.002415,0.994897,0.985456,0.998743,1.003158,0.992938,0.990061,1.053194,1.010166,1.006437,0.989240,1.004576,0.995499,0.994209,1.005259,1.002590,0.998441,1.027613,0.972340,1.008155,1.027508,1.017147,1.010732,1.016890,1.013213,1.004498,0.998824,0.992166,0.966033,0.998774,0.988345,0.981837,0.991697,1.040394,1.034565,1.000786,0.955360,1.037431
6.913900,1.028102,1.002530,0.994963,0.985496,0.998785,1.003200,0.992977,0.990100,1.053275,1.010214,1.006482,0.989284,1.004619,0.995533,0.994213,1.005252,1.002610,0.998479,1.027571,0.972292,1.008134,1.027472,1.017121,1.010719,1.016981,1.013266,1.004536,0.998870,0.992212,0.966251,0.998813,0.988419,0.981780,0.991650,1.040333,1.034556,1.000850,0.955402,1.037511
6.922230,1.028207,1.002655,0.995038,0.985545,0.998833,1.003249,0.993025,0.990147,1.053357,1.010269,1.006535,0.989336,1.004670,0.995576,0.994226,1.005256,1.002641,0.998527,1.027539,0.972254,1.008123,1.027447,1.017105,1.010717,1.017082,1.013329,1.004584,0.998927,0.992269,0.966478,0.998858,0.988498,0.981734,0.991614,1.040281,1.034556,1.000923,0.955456,1.037592
6.930560,1.028315,1.002785,0.995118,0.985597,0.998886,1.003302,0.993076,0.990197,1.053439,1.010327,1.006592,0.989392,1.004725,0.995623,0.994245,1.005264,1.002676,0.998579,1.027511,0.972220,1.008116,1.027426,1.017092,1.010720,1.017187,1.013396,1.004636,0.998989,0.992331,0.966709,0.998907,0.988579,0.981690,0.991580,1.040231,1.034560,1.000999,0.955514,1.037673
6.938890,1.028424,1.002919,0.995202,0.985653,0.998942,1.003359,0.993131,0.990251,1.053521,1.010389,1.006651,0.989451,1.004784,0.995673,0.994267,1.005277,1.002716,0.998635,1.027487,0.972189,1.008114,1.027408,1.017083,1.010726,1.017295,1.013468,1.004693,0.999055,0.992398,0.966945,0.998958,0.988663,0.981649,0.991551,1.040186,1.034566,1.001079,0.955577,1.037754
6.947220,1.028542,1.003062,0.995295,0.985718,0.999006,1.003423,0.993193,0.990312,1.053604,1.010458,1.006719,0.989518,1.004850,0.995732,0.994299,1.005300,1.002766,0.998702,1.027474,0.972169,1.008122,1.027401,1.017085,1.010744,1.017413,1.013550,1.004760,0.999132,0.992476,0.967189,0.999015,0.988753,0.981618,0.991532,1.040149,1.034582,1.001167,0.955651,1.037836
6.955550,1.028663,1.003211,0.995392,0.985787,0.999073,1.003491,0.993259,0.990378,1.053687,1.010531,1.006790,0.989589,1.004920,0.995795,0.994336,1.005328,1.002820,0.998773,1.027465,0.972153,1.008134,1.027397,1.017091,1.010765,1.017534,1.013636,1.004831,0.999215,0.992558,0.967438,0.999076,0.988845,0.981590,0.991516,1.040116,1.034600,1.001259,0.955730,1.037917
6.963880,1.028785,1.003363,0.995494,0.985859,0.999144,1.003562,0.993329,0.990446,1.053769,1.010608,1.006865,0.989663,1.004994,0.995861,0.994377,1.005360,1.002879,0.998848,1.027460,0.972140,1.008151,1.027398,1.017100,1.010791,1.017659,1.013727,1.004907,0.999301,0.992645,0.967690,0.999139,0.988940,0.981565,0.991503,1.040086,1.034622,1.001355,0.955813,1.037998
6.972210,1.028916,1.003525,0.995605,0.985940,0.999223,1.003641,0.993406,0.990523,1.053853,1.010692,1.006947,0.989745,1.005075,0.995937,0.994428,1.005402,1.002949,0.998933,1.027466,0.972138,1.008178,1.027409,1.017121,1.010828,1.017793,1.013828,1.004993,0.999399,0.992744,0.967952,0.999208,0.989041,0.981550,0.991502,1.040066,1.034654,1.001459,0.955907,1.038080
6.980540,1.029048,1.003692,0.995720,0.986025,0.999306,1.003724,0.993487,0.990603,1.053936,1.010780,1.007034,0.989830,1.005161,0.996017,0.994484,1.005450,1.003023,0.999023,1.027476,0.972140,1.008210,1.027424,1.017145,1.010870,1.017931,1.013933,1.005084,0.999502,0.992847,0.968218,0.999281,0.989144,0.981538,0.991504,1.040048,1.034688,1.001567,0.956007,1.038162
6.988870,1.029183,1.003863,0.995840,0.986114,0.999392,1.003810,0.993571,0.990687,1.054019,1.010871,1.007123,0.989920,1.005250,0.996100,0.994544,1.005501,1.003101,0.999117,1.027490,0.972146,1.008246,1.027443,1.017173,1.010916,1.018072,1.014042,1.005178,0.999609,0.992955,0.968488,0.999357,0.989250,0.981530,0.991509,1.040035,1.034726,1.001678,0.956110,1.038244
6.997200,1.029326,1.004044,0.995969,0.986211,0.999487,1.003905,0.993664,0.990779,1.054102,1.010971,1.007221,0.990017,1.005347,0.996192,0.994615,1.005564,1.003190,0.999222,1.027515,0.972162,1.008292,1.027472,1.017212,1.010972,1.018223,1.014163,1.005283,0.999727,0.993075,0.968767,0.999439,0.989362,0.981531,0.991525,1.040030,1.034773,1.001798,0.956226,1.038326
7.005530,1.029470,1.004229,0.996102,0.986313,0.999585,1.004003,0.993760,0.990874,1.054185,1.011074,1.007322,0.990118,1.005448,0.996289,0.994689,1.005630,1.003283,0.999331,1.027544,0.972182,1.008343,1.027506,1.017254,1.011034,1.018377,1.014287,1.005393,0.999850,0.993199,0.969052,0.999524,0.989477,0.981535,0.991545,1.040029,1.034823,1.001922,0.956346,1.038408
7.013860,1.029617,1.004419,0.996239,0.986418,0.999687,1.004105,0.993860,0.990973,1.054268,1.011180,1.007427,0.990223,1.005553,0.996389,0.994768,1.005702,1.003381,0.999445,1.027578,0.972206,1.008398,1.027543,1.017301,1.011099,1.018535,1.014416,1.005507,0.999978,0.993327,0.969339,0.999613,0.989594,0.981543,0.991568,1.040032,1.034877,1.002048,0.956470,1.038490
7.022190,1.029771,1.004618,0.996387,0.986532,0.999797,1.004214,0.993968,0.991081,1.054352,1.011295,1.007540,0.990336,1.005666,0.996498,0.994858,1.005784,1.003490,0.999569,1.027622,0.972241,1.008465,1.027591,1.017358,1.011176,1.018702,1.014555,1.005632,1.000117,0.993468,0.969636,0.999708,0.989718,0.981561,0.991603,1.040044,1.034941,1.002184,0.956606,1.038572
7.030520,1.029928,1.004822,0.996538,0.986651,0.999911,1.004328,0.994080,0.991192,1.054435,1.011413,1.007657,0.990453,1.005783,0.996612,0.994952,1.005871,1.003603,0.999697,1.027671,0.972280,1.008535,1.027643,1.017420,1.011258,1.018874,1.014699,1.005761,1.000261,0.993613,0.969938,0.999807,0.989845,0.981582,0.991640,1.040060,1.035007,1.002324,0.956746,1.038654
7.038850,1.030086,1.005030,0.996694,0.986773,1.000029,1.004446,0.994196,0.991307,1.054518,1.011535,1.007777,0.990573,1.005904,0.996729,0.995051,1.005962,1.003721,0.999830,1.027724,0.972323,1.008610,1.027699,1.017485,1.011343,1.019048,1.014847,1.005894,1.000409,0.993762,0.970243,0.999908,0.989974,0.981606,0.991682,1.040079,1.035077,1.002467,0.956891,1.038735
7.047180,1.030252,1.005249,0.996859,0.986904,1.000155,1.004571,0.994319,0.991430,1.054601,1.011666,1.007906,0.990702,1.006033,0.996856,0.995160,1.006065,1.003849,0.999973,1.027788,0.972377,1.008696,1.027767,1.017562,1.011441,1.019232,1.015005,1.006038,1.000569,0.993924,0.970558,1.000017,0.990110,0.981641,0.991735,1.040108,1.035158,1.002618,0.957048,1.038818
7.055510,1.030420,1.005471,0.997029,0.987039,1.000285,1.004701,0.994447,0.991557,1.054684,1.011800,1.008039,0.990835,1.006166,0.996987,0.995274,1.006172,1.003982,1.000121,1.027857,0.972434,1.008786,1.027838,1.017642,1.011542,1.019420,1.015168,1.006187,1.000734,0.994090,0.970877,1.000129,0.990249,0.981679,0.991791,1.040140,1.035241,1.002774,0.957209,1.038899
7.063840,1.030590,1.005698,0.997203,0.987178,1.000419,1.004834,0.994579,0.991688,1.054766,1.011938,1.008175,0.990972,1.006303,0.997122,0.995392,1.006283,1.004120,1.000273,1.027930,0.972496,1.008881,1.027913,1.017727,1.011648,1.019612,1.015335,1.006340,1.000903,0.994260,0.971200,1.000244,0.990390,0.981720,0.991851,1.040176,1.035327,1.002932,0.957375,1.038980
7.072170,1.030767,1.005934,0.997387,0.987327,1.000561,1.004976,0.994719,0.991827,1.054849,1.012085,1.008320,0.991117,1.006449,0.997266,0.995521,1.006406,1.004268,1.000435,1.028014,0.972569,1.008987,1.027999,1.017823,1.011766,1.019812,1.015513,1.006503,1.001083,0.994442,0.971533,1.000367,0.990539,0.981772,0.991922,1.040221,1.035424,1.003100,0.957552,1.039062
7.080500,1.030945,1.006176,0.997575,0.987479,1.000708,1.005122,0.994863,0.991971,1.054931,1.012235,1.008469,0.991266,1.006599,0.997415,0.995654,1.006533,1.004421,1.000603,1.028102,0.972645,1.009097,1.028089,1.017923,1.011888,1.020017,1.015696,1.006671,1.001269,0.994629,0.971870,1.000493,0.990690,0.981827,0.991997,1.040271,1.035524,1.003271,0.957735,1.039143
7.088830,1.031127,1.006423,0.997769,0.987638,1.000860,1.005274,0.995013,0.992120,1.055013,1.012391,1.008624,0.991421,1.006754,0.997569,0.995794,1.006667,1.004581,1.000777,1.028198,0.972728,1.009214,1.028186,1.018029,1.012016,1.020227,1.015885,1.006846,1.001461,0.994824,0.972214,1.000624,0.990847,0.981888,0.992078,1.040326,1.035630,1.003447,0.957924,1.039223
7.097160,1.031313,1.006677,0.997970,0.987802,1.001018,1.005431,0.995168,0.992274,1.055094,1.012553,1.008784,0.991582,1.006916,0.997730,0.995941,1.006808,1.004748,1.000957,1.028300,0.972818,1.009338,1.028289,1.018142,1.012152,1.020443,1.016080,1.007028,1.001660,0.995025,0.972564,1.000760,0.991007,0.981954,0.992165,1.040386,1.035742,1.003629,0.958120,1.039303
7.105490,1.031502,1.006937,0.998177,0.987973,1.001181,1.005594,0.995329,0.992435,1.055175,1.012720,1.008950,0.991748,1.007083,0.997897,0.996095,1.006956,1.004921,1.001144,1.028409,0.972914,1.009469,1.028399,1.018261,1.012295,1.020664,1.016282,1.007215,1.001866,0.995233,0.972920,1.000901,0.991172,0.982027,0.992259,1.040453,1.035859,1.003817,0.958323,1.039383
7.113820,1.031695,1.007203,0.998390,0.988149,1.001351,1.005762,0.995495,0.992600,1.055256,1.012893,1.009121,0.991920,1.007255,0.998069,0.996255,1.007111,1.005101,1.001338,1.028524,0.973017,1.009606,1.028515,1.018387,1.012444,1.020892,1.016491,1.007410,1.002080,0.995448,0.973282,1.001047,0.991342,0.982105,0.992360,1.040525,1.035982,1.004009,0.958533,1.039462
7.122150,1.031891,1.007475,0.998609,0.988331,1.001525,1.005937,0.995667,0.992772,1.055336,1.013071,1.009298,0.992098,1.007434,0.998248,0.996422,1.007272,1.005288,1.001538,1.028647,0.973126,1.009750,1.028638,1.018520,1.012601,1.021124,1.016706,1.007611,1.002300,0.995671,0.973650,1.001197,0.991516,0.982189,0.992467,1.040603,1.036111,1.004207,0.958750,1.039542
7.130480,1.032090,1.007753,0.998835,0.988519,1.001706,1.006116,0.995845,0.992949,1.055416,1.013256,1.009481,0.992281,1.007618,0.998433,0.996596,1.007441,1.005482,1.001745,1.028776,0.973242,1.009901,1.028767,1.018659,1.012765,1.021363,1.016927,1.007819,1.002527,0.995900,0.974024,1.001353,0.991695,0.982280,0.992580,1.040687,1.036246,1.004410,0.958974,1.039620
7.138810,1.032293,1.008037,0.999066,0.988713,1.001892,1.006302,0.996028,0.993132,1.055496,1.013445,1.009669,0.992471,1.007808,0.998624,0.996776,1.007616,1.005682,1.001958,1.028912,0.973364,1.010059,1.028903,1.018805,1.012935,1.021607,1.017155,1.008033,1.002761,0.996136,0.974404,1.001514,0.991879,0.982376,0.992700,1.040777,1.036387,1.004618,0.959205,1.039699
7.147140,1.032498,1.008328,0.999304,0.988914,1.002085,1.006493,0.996218,0.993321,1.055575,1.013641,1.009864,0.992666,1.008004,0.998822,0.996963,1.007799,1.005889,1.002178,1.029055,0.973493,1.010224,1.029046,1.018957,1.013112,1.021856,1.017390,1.008254,1.003002,0.996380,0.974790,1.001680,0.992067,0.982478,0.992826,1.040873,1.036533,1.004832,0.959443,1.039776
7.155470,1.032707,1.008624,0.999548,0.989120,1.002283,1.006690,0.996413,0.993515,1.055653,1.013842,1.010064,0.992866,1.008206,0.999025,0.997157,1.007988,1.006103,1.002405,1.029205,0.973628,1.010395,1.029195,1.019116,1.013297,1.022111,1.017631,1.008481,1.003250,0.996630,0.975182,1.001851,0.992260,0.982585,0.992958,1.040974,1.036686,1.005050,0.959688,1.039854
7.163800,1.032919,1.008927,0.999798,0.989332,1.002486,1.006893,0.996613,0.993715,1.055731,1.014050,1.010270,0.993073,1.008414,0.999235,0.997358,1.008184,1.006324,1.002638,1.029362,0.973770,1.010574,1.029350,1.019282,1.013488,1.022371,1.017878,1.008715,1.003505,0.996887,0.975580,1.002027,0.992458,0.982699,0.993097,1.041082,1.036844,1.005274,0.959939,1.039931
7.172130,1.033134,1.009235,1.000055,0.989550,1.002696,1.007102,0.996820,0.993921,1.055809,1.014263,1.010481,0.993286,1.008628,0.999451,0.997566,1.008388,1.006551,1.002878,1.029526,0.973919,1.010759,1.029512,1.019454,1.013686,1.022637,1.018132,1.008956,1.003767,0.997152,0.975983,1.002208,0.992661,0.982819,0.993243,1.041195,1.037008,1.005503,0.960198,1.040007
7.180460,1.033352,1.009550,1.000317,0.989775,1.002912,1.007316,0.997032,0.994133,1.055886,1.014482,1.010699,0.993504,1.008848,0.999673,0.997780,1.008598,1.006785,1.003124,1.029696,0.974074,1.010950,1.029681,1.019633,1.013892,1.022908,1.018392,1.009203,1.004035,0.997423,0.976393,1.002395,0.992869,0.982945,0.993395,1.041314,1.037178,1.005737,0.960463,1.040083
7.188790,1.033572,1.009870,1.000586,0.990005,1.003133,1.007537,0.997250,0.994350,1.055962,1.014706,1.010922,0.993729,1.009073,0.999901,0.998001,1.008814,1.007026,1.003376,1.029873,0.974236,1.011149,1.029856,1.019818,1.014104,1.023185,1.018659,1.009456,1.004311,0.997701,0.976809,1.002587,0.993081,0.983076,0.993553,1.041439,1.037354,1.005977,0.960735,1.040158
7.197120,1.033796,1.010196,1.000861,0.990241,1.003360,1.007763,0.997474,0.994574,1.056038,1.014937,1.011151,0.993959,1.009305,1.000136,0.998229,1.009038,1.007274,1.003636,1.030057,0.974404,1.011355,1.030038,1.020010,1.014323,1.023467,1.018932,1.009716,1.004593,0.997986,0.977230,1.002784,0.993299,0.983214,0.993718,1.041570,1.037536,1.006221,0.961014,1.040233
7.205450,1.034022,1.010528,1.001141,0.990484,1.003593,1.007995,0.997704,0.994803,1.056114,1.015173,1.011386,0.994195,1.009543,1.000376,0.998464,1.009269,1.007528,1.003901,1.030248,0.974579,1.011567,1.030227,1.020209,1.014549,1.023755,1.019211,1.009983,1.004882,0.998278,0.977658,1.002986,0.993521,0.983357,0.993889,1.041707,1.037723,1.006470,0.961300,1.040307
7.213780,1.034251,1.010866,1.001428,0.990732,1.003833,1.008233,0.997940,0.995038,1.056188,1.015416,1.011627,0.994437,1.009786,1.000623,0.998705,1.009506,1.007788,1.004173,1.030446,0.974760,1.011786,1.030421,1.020414,1.014782,1.024048,1.019496,1.010256,1.005177,0.998576,0.978091,1.003193,0.993749,0.983506,0.994067,1.041849,1.037917,1.006725,0.961593,1.040381
7.222110,1.034482,1.011209,1.001721,0.990987,1.004078,1.008477,0.998181,0.995279,1.056262,1.015664,1.011874,0.994685,1.010036,1.000877,0.998953,1.009750,1.008056,1.004452,1.030651,0.974948,1.012011,1.030623,1.020626,1.015021,1.024346,1.019788,1.010535,1.005480,0.998882,0.978530,1.003406,0.993981,0.983662,0.994252,1.041998,1.038117,1.006984,0.961892,1.040454
7.230440,1.034716,1.011558,1.002020,0.991247,1.004328,1.008727,0.998429,0.995526,1.056336,1.015918,1.012127,0.994939,1.010292,1.001136,0.999208,1.010002,1.008330,1.004737,1.030862,0.975143,1.012244,1.030831,1.020844,1.015268,1.024649,1.020086,1.010821,1.005789,0.999194,0.978974,1.003624,0.994219,0.983823,0.994442,1.042152,1.038322,1.007249,0.962198,1.040526
7.238770,1.034953,1.011913,1.002325,0.991514,1.004585,1.008983,0.998682,0.995778,1.056408,1.016178,1.012385,0.995199,1.010553,1.001402,0.999469,1.010259,1.008610,1.005028,1.031080,0.975344,1.012483,1.031045,1.021069,1.015521,1.024958,1.020391,1.011113,1.006105,0.999513,0.979424,1.003848,0.994462,0.983990,0.994640,1.042312,1.038533,1.007518,0.962510,1.040597
7.247100,1.035192,1.012273,1.002636,0.991787,1.004848,1.009244,0.998941,0.996037,1.056480,1.016444,1.012650,0.995465,1.010821,1.001673,0.999738,1.010524,1.008898,1.005326,1.031305,0.975551,1.012729,1.031266,1.021300,1.015781,1.025271,1.020701,1.011411,1.006427,0.999839,0.979880,1.004077,0.994709,0.984163,0.994843,1.042478,1.038751,1.007792,0.962830,1.040668
7.255430,1.035433,1.012639,1.002952,0.992066,1.005117,1.009512,0.999207,0.996302,1.056551,1.016716,1.012921,0.995737,1.011094,1.001951,1.000012,1.010795,1.009191,1.005630,1.031537,0.975765,1.012982,1.031494,1.021538,1.016049,1.025590,1.021018,1.011716,1.006756,1.000171,0.980341,1.004311,0.994962,0.984342,0.995053,1.042650,1.038974,1.008071,0.963155,1.040738
7.263760,1.035676,1.013010,1.003275,0.992350,1.005391,1.009785,0.999477,0.996572,1.056621,1.016994,1.013197,0.996015,1.011374,1.002236,1.000294,1.011074,1.009491,1.005941,1.031775,0.975986,1.013241,1.031728,1.021783,1.016322,1.025914,1.021340,1.012026,1.007091,1.000510,0.980808,1.004551,0.995220,0.984526,0.995270,1.042828,1.039203,1.008355,0.963488,1.040808
7.272090,1.035922,1.013387,1.003604,0.992641,1.005672,1.010064,0.999754,0.996848,1.056691,1.017277,1.013479,0.996299,1.011660,1.002526,1.000582,1.011358,1.009798,1.006257,1.032020,0.976213,1.013507,1.031968,1.022034,1.016603,1.026243,1.021669,1.012344,1.007433,1.000855,0.981281,1.004796,0.995483,0.984717,0.995493,1.043011,1.039438,1.008643,0.963826,1.040876
7.280420,1.036170,1.013769,1.003938,0.992938,1.005958,1.010349,1.000037,0.997130,1.056760,1.017567,1.013768,0.996589,1.011951,1.002823,1.000877,1.011650,1.010111,1.006580,1.032272,0.976446,1.013779,1.032215,1.022291,1.016890,1.026577,1.022004,1.012667,1.007782,1.001207,0.981758,1.005046,0.995751,0.984913,0.995722,1.043200,1.039678,1.008936,0.964172,1.040944
7.288750,1.036420,1.014156,1.004278,0.993241,1.006250,1.010640,1.000325,0.997418,1.056828,1.017863,1.014062,0.996884,1.012249,1.003125,1.001178,1.011948,1.010430,1.006909,1.032530,0.976686,1.014058,1.032468,1.022555,1.017184,1.026916,1.022345,1.012996,1.008137,1.001566,0.982241,1.005302,0.996024,0.985115,0.995957,1.043395,1.039925,1.009234,0.964523,1.041011
7.297080,1.036671,1.014549,1.004624,0.993549,1.006548,1.010937,1.000620,0.997712,1.056895,1.018164,1.014362,0.997186,1.012552,1.003434,1.001486,1.012253,1.010756,1.007244,1.032795,0.976932,1.014343,1.032727,1.022825,1.017485,1.027260,1.022691,1.013331,1.008498,1.001931,0.982729,1.005563,0.996303,0.985323,0.996199,1.043596,1.040177,1.009537,0.964881,1.041076
7.305410,1.036925,1.014947,1.004975,0.993864,1.006852,1.011240,1.000920,0.998011,1.056961,1.018471,1.014667,0.997493,1.012862,1.003749,1.001800,1.012564,1.011088,1.007585,1.033067,0.977184,1.014635,1.032993,1.023101,1.017792,1.027609,1.023044,1.013673,1.008865,1.002302,0.983223,1.005829,0.996586,0.985537,0.996447,1.043802,1.040435,1.009844,0.965246,1.041142
7.313740,1.037181,1.015349,1.005332,0.994184,1.007162,1.011548,1.001226,0.998316,1.057026,1.018784,1.014979,0.997806,1.013177,1.004070,1.002121,1.012881,1.011426,1.007932,1.033345,0.977443,1.014933,1.033265,1.023384,1.018105,1.027962,1.023402,1.014020,1.009239,1.002679,0.983721,1.006101,0.996874,0.985756,0.996702,1.044014,1.040698,1.010155,0.965616,1.041206
7.322070,1.037438,1.015757,1.005695,0.994510,1.007477,1.011863,1.001537,0.998627,1.057090,1.019103,1.015296,0.998125,1.013498,1.004397,1.002448,1.013205,1.011770,1.008285,1.033629,0.977708,1.015238,1.033543,1.023673,1.018425,1.028320,1.023766,1.014373,1.009619,1.003063,0.984224,1.006378,0.997168,0.985981,0.996962,1.044231,1.040967,1.010471,0.965993,1.041269
7.330400,1.037697,1.016169,1.006062,0.994842,1.007798,1.012182,1.001854,0.998944,1.057153,1.019427,1.015619,0.998450,1.013824,1.004730,1.002781,1.013536,1.012121,1.008644,1.033920,0.977979,1.015549,1.033827,1.023968,1.018752,1.028683,1.024136,1.014732,1.010005,1.003453,0.984733,1.006660,0.997466,0.986211,0.997229,1.044454,1.041242,1.010791,0.966376,1.041331
7.338730,1.037957,1.016587,1.006436,0.995180,1.008125,1.012508,1.002177,0.999266,1.057216,1.019757,1.015948,0.998781,1.014157,1.005068,1.003120,1.013872,1.012477,1.009009,1.034217,0.978256,1.015866,1.034117,1.024269,1.019084,1.029050,1.024511,1.015097,1.010397,1.003848,0.985246,1.006947,0.997769,0.986447,0.997502,1.044683,1.041522,1.011116,0.966764,1.041393
7.347060,1.038219,1.017009,1.006814,0.995523,1.008458,1.012839,1.002505,0.999594,1.057277,1.020093,1.016282,0.999117,1.014495,1.005413,1.003466,1.014215,1.012839,1.009379,1.034521,0.978539,1.016189,1.034413,1.024576,1.019423,1.029422,1.024892,1.015467,1.010794,1.004250,0.985763,1.007240,0.998078,0.986689,0.997780,1.044917,1.041808,1.011445,0.967159,1.041453
7.355390,1.038482,1.017435,1.007198,0.995872,1.008795,1.013175,1.002839,0.999927,1.057337,1.020434,1.016622,0.999458,1.014839,1.005763,1.003818,1.014564,1.013207,1.009755,1.034830,0.978829,1.016518,1.034715,1.024889,1.019768,1.029798,1.025278,1.015843,1.011198,1.004658,0.986286,1.007537,0.998391,0.986935,0.998065,1.045156,1.042099,1.011777,0.967560,1.041513
7.363720,1.038747,1.017866,1.007587,0.996226,1.009139,1.013518,1.003179,1.000266,1.057397,1.020781,1.016967,0.999805,1.015188,1.006119,1.004175,1.014918,1.013581,1.010136,1.035146,0.979124,1.016853,1.035022,1.025208,1.020120,1.030178,1.025669,1.016225,1.011607,1.005071,0.986813,1.007840,0.998709,0.987188,0.998355,1.045401,1.042395,1.012114,0.967966,1.041571
7.372050,1.039013,1.018302,1.007981,0.996586,1.009488,1.013865,1.003523,1.000610,1.057455,1.021133,1.017318,1.000158,1.015543,1.006480,1.004539,1.015279,1.013960,1.010523,1.035467,0.979425,1.017194,1.035336,1.025532,1.020477,1.030563,1.026066,1.016611,1.012022,1.005491,0.987344,1.008148,0.999031,0.987445,0.998652,1.045651,1.042697,1.012455,0.968378,1.041629
7.380380,1.039280,1.018742,1.008380,0.996951,1.009842,1.014218,1.003873,1.000959,1.057512,1.021490,1.017674,1.000516,1.015903,1.006847,1.004908,1.015646,1.014345,1.010915,1.035795,0.979732,1.017541,1.035655,1.025863,1.020840,1.030952,1.026467,1.017004,1.012443,1.005915,0.987880,1.008461,0.999359,0.987708,0.998954,1.045906,1.043004,1.012800,0.968795,1.041685
7.388710,1.039548,1.019186,1.008784,0.997321,1.010201,1.014576,1.004229,1.001314,1.057568,1.021853,1.018035,1.000879,1.016269,1.007220,1.005284,1.016018,1.014736,1.011313,1.036129,0.980044,1.017894,1.035980,1.026199,1.021209,1.031344,1.026874,1.017401,1.012868,1.006346,0.988419,1.008778,0.999691,0.987976,0.999261,1.046166,1.043316,1.013149,0.969218,1.041740
7.397040,1.039817,1.019634,1.009193,0.997697,1.010566,1.014940,1.004589,1.001674,1.057623,1.022221,1.018402,1.001248,1.016640,1.007598,1.005665,1.016396,1.015131,1.011716,1.036468,0.980362,1.018252,1.036310,1.026540,1.021584,1.031741,1.027286,1.017803,1.013300,1.006781,0.988963,1.009101,1.000027,0.988249,0.999575,1.046431,1.043633,1.013501,0.969647,1.041794
7.405370,1.040087,1.020086,1.009606,0.998078,1.010936,1.015308,1.004955,1.002039,1.057677,1.022594,1.018773,1.001621,1.017016,1.007981,1.006051,1.016780,1.015532,1.012123,1.036813,0.980686,1.018616,1.036646,1.026887,1.021964,1.032142,1.027702,1.018211,1.013736,1.007222,0.989511,1.009428,1.000368,0.988527,0.999893,1.046702,1.043954,1.013858,0.970080,1.041847
7.413700,1.040358,1.020542,1.010024,0.998464,1.011311,1.015682,1.005326,1.002409,1.057730,1.022972,1.019150,1.002000,1.017397,1.008369,1.006443,1.017169,1.015939,1.012536,1.037163,0.981015,1.018985,1.036987,1.027239,1.022350,1.032546,1.028124,1.018623,1.014178,1.007669,0.990063,1.009760,1.000713,0.988810,1.000218,1.046977,1.044281,1.014217,0.970519,1.041899
7.422030,1.040630,1.021001,1.010447,0.998855,1.011690,1.016060,1.005701,1.002784,1.057781,1.023355,1.019532,1.002384,1.017783,1.008763,1.006841,1.017564,1.016350,1.012954,1.037519,0.981350,1.019360,1.037333,1.027597,1.022741,1.032954,1.028550,1.019040,1.014625,1.008120,0.990618,1.010096,1.001063,0.989098,1.000547,1.047257,1.044613,1.014580,0.970963,1.041950
7.430360,1.040902,1.021465,1.010874,0.999250,1.012075,1.016443,1.006082,1.003164,1.057832,1.023743,1.019918,1.002773,1.018174,1.009162,1.007243,1.017964,1.016766,1.013376,1.037881,0.981689,1.019740,1.037685,1.027959,1.023138,1.033365,1.028980,1.019462,1.015076,1.008576,0.991177,1.010438,1.001417,0.989391,1.000882,1.047541,1.044949,1.014947,0.971412,1.042000
7.438690,1.041175,1.021931,1.011305,0.999651,1.012464,1.016832,1.006467,1.003549,1.057881,1.024136,1.020310,1.003166,1.018570,1.009565,1.007651,1.018369,1.017188,1.013803,1.038248,0.982034,1.020124,1.038041,1.028327,1.023540,1.033780,1.029415,1.019889,1.015533,1.009038,0.991739,1.010783,1.001775,0.989688,1.001222,1.047831,1.045289,1.015317,0.971866,1.042048
7.447020,1.041448,1.022402,1.011740,1.000056,1.012859,1.017224,1.006857,1.003938,1.057929,1.024534,1.020706,1.003564,1.018970,1.009973,1.008064,1.018779,1.017613,1.014235,1.038619,0.982384,1.020514,1.038402,1.028699,1.023947,1.034198,1.029854,1.020319,1.015994,1.009503,0.992305,1.011133,1.002137,0.989990,1.001566,1.048124,1.045634,1.015690,0.972324,1.042096
7.455350,1.041722,1.022875,1.012179,1.000465,1.013257,1.017622,1.007251,1.004332,1.057976,1.024935,1.021106,1.003967,1.019375,1.010386,1.008482,1.019193,1.018044,1.014670,1.038996,0.982739,1.020909,1.038768,1.029077,1.024359,1.034620,1.030297,1.020755,1.016460,1.009974,0.992874,1.011487,1.002503,0.990296,1.001916,1.048423,1.045984,1.016066,0.972787,1.042142
7.463680,1.041997,1.023351,1.012622,1.000880,1.013660,1.018023,1.007650,1.004730,1.058021,1.025342,1.021511,1.004374,1.019785,1.010804,1.008904,1.019613,1.018479,1.015111,1.039378,0.983099,1.021308,1.039139,1.029459,1.024776,1.035044,1.030745,1.021194,1.016930,1.010449,0.993446,1.011845,1.002873,0.990607,1.002270,1.048725,1.046337,1.016445,0.973255,1.042187
7.472010,1.042271,1.023831,1.013069,1.001298,1.014068,1.018430,1.008053,1.005133,1.058066,1.025752,1.021920,1.004785,1.020199,1.011225,1.009331,1.020037,1.018918,1.015555,1.039765,0.983463,1.021713,1.039514,1.029845,1.025197,1.035472,1.031196,1.021638,1.017404,1.010928,0.994020,1.012207,1.003247,0.990922,1.002629,1.049032,1.046695,1.016827,0.973727,1.042230
7.480340,1.042546,1.024313,1.013520,1.001721,1.014479,1.018840,1.008461,1.005540,1.058109,1.026167,1.022334,1.005201,1.020617,1.011652,1.009763,1.020466,1.019361,1.016003,1.040156,0.983832,1.022121,1.039894,1.030236,1.025623,1.035902,1.031651,1.022085,1.017883,1.011412,0.994598,1.012573,1.003624,0.991241,1.002993,1.049343,1.047057,1.017212,0.974203,1.042273
7.488670,1.042821,1.024799,1.013974,1.002147,1.014895,1.019254,1.008872,1.005951,1.058151,1.026586,1.022751,1.005620,1.021039,1.012082,1.010199,1.020899,1.019809,1.016455,1.040552,0.984206,1.022534,1.040278,1.030631,1.026054,1.036335,1.032109,1.022536,1.018365,1.011900,0.995178,1.012943,1.004005,0.991564,1.003361,1.049658,1.047422,1.017599,0.974683,1.042314
7.497000,1.043095,1.025286,1.014431,1.002578,1.015314,1.019672,1.009287,1.006366,1.058191,1.027009,1.023173,1.006044,1.021465,1.012516,1.010639,1.021337,1.020260,1.016911,1.040952,0.984583,1.022951,1.040666,1.031031,1.026488,1.036771,1.032572,1.022991,1.018852,1.012391,0.995760,1.013317,1.004389,0.991892,1.003733,1.049977,1.047792,1.017989,0.975167,1.042354
7.505330,1.043370,1.025776,1.014892,1.003012,1.015738,1.020094,1.009706,1.006784,1.058231,1.027435,1.023598,1.006471,1.021895,1.012955,1.011084,1.021778,1.020715,1.017370,1.041357,0.984965,1.023372,1.041058,1.031434,1.026927,1.037209,1.033037,1.023450,1.019342,1.012886,0.996345,1.013694,1.004776,0.992223,1.004110,1.050299,1.048164,1.018381,0.975655,1.042393
7.513660,1.043645,1.026269,1.015356,1.003450,1.016165,1.020520,1.010129,1.007207,1.058269,1.027865,1.024027,1.006902,1.022329,1.013397,1.011532,1.022224,1.021174,1.017833,1.041766,0.985351,1.023798,1.041454,1.031841,1.027370,1.037649,1.033506,1.023912,1.019836,1.013385,0.996932,1.014074,1.005166,0.992557,1.004490,1.050626,1.048541,1.018776,0.976147,1.042430
7.521990,1.043919,1.026763,1.015823,1.003891,1.016595,1.020949,1.010556,1.007632,1.058305,1.028299,1.024459,1.007336,1.022766,1.013842,1.011984,1.022673,1.021636,1.018299,1.042178,0.985741,1.024227,1.041854,1.032252,1.027817,1.038092,1.033978,1.024377,1.020333,1.013888,0.997521,1.014458,1.005559,0.992896,1.004875,1.050955,1.048920,1.019173,0.976642,1.042466
7.530320,1.044193,1.027260,1.016292,1.004336,1.017029,1.021382,1.010985,1.008062,1.058341,1.028736,1.024894,1.007774,1.023206,1.014291,1.012440,1.023126,1.022102,1.018768,1.042595,0.986135,1.024659,1.042257,1.032666,1.028267,1.038537,1.034453,1.024845,1.020834,1.014394,0.998112,1.014845,1.005955,0.993237,1.005263,1.051289,1.049303,1.019572,0.977140,1.042501
7.538650,1.044467,1.027759,1.016764,1.004784,1.017466,1.021818,1.011418,1.008494,1.058375,1.029176,1.025333,1.008215,1.023650,1.014744,1.012900,1.023582,1.022571,1.019241,1.043015,0.986533,1.025095,1.042664,1.033084,1.028721,1.038984,1.034930,1.025316,1.021338,1.014903,0.998705,1.015235,1.006354,0.993583,1.005655,1.051625,1.049689,1.019973,0.977642,1.042535
7.546980,1.044740,1.028259,1.017239,1.005235,1.017906,1.022256,1.011854,1.008929,1.058407,1.029619,1.025775,1.008659,1.024096,1.015199,1.013362,1.024041,1.023043,1.019716,1.043439,0.986934,1.025534,1.043074,1.033505,1.029179,1.039432,1.035410,1.025790,1.021844,1.015415,0.999299,1.015627,1.006755,0.993931,1.006050,1.051965,1.050077,1.020375,0.978147,1.042567
7.555310,1.045012,1.028761,1.017716,1.005689,1.018349,1.022698,1.012293,1.009368,1.058439,1.030065,1.026220,1.009106,1.024546,1.015657,1.013828,1.024504,1.023517,1.020193,1.043866,0.987338,1.025977,1.043487,1.033929,1.029639,1.039883,1.035893,1.026267,1.022354,1.015930,0.999894,1.016022,1.007159,0.994282,1.006449,1.052308,1.050469,1.020780,0.978654,1.042598
7.563640,1.045284,1.029264,1.018195,1.006146,1.018795,1.023143,1.012735,1.009809,1.058469,1.030513,1.026667,1.009556,1.024998,1.016119,1.014297,1.024970,1.023994,1.020673,1.044296,0.987745,1.026422,1.043903,1.034356,1.030103,1.040334,1.036378,1.026746,1.022866,1.016448,1.000491,1.016420,1.007564,0.994637,1.006850,1.052653,1.050863,1.021186,0.979165,1.042627
7.571970,1.045555,1.029768,1.018676,1.006605,1.019244,1.023590,1.013179,1.010253,1.058497,1.030964,1.027117,1.010008,1.025453,1.016583,1.014769,1.025438,1.024474,1.021156,1.044730,0.988156,1.026871,1.044322,1.034786,1.030570,1.040788,1.036865,1.027227,1.023381,1.016968,1.001089,1.016820,1.007972,0.994994,1.007255,1.053001,1.051259,1.021593,0.979678,1.042655
7.580300,1.045826,1.030274,1.019159,1.007067,1.019694,1.024039,1.013625,1.010699,1.058525,1.031418,1.027569,1.010463,1.025910,1.017049,1.015243,1.025910,1.024956,1.021640,1.045166,0.988569,1.027321,1.044743,1.035219,1.031039,1.041242,1.037355,1.027711,1.023898,1.017490,1.001688,1.017222,1.008382,0.995354,1.007663,1.053352,1.051658,1.022002,0.980193,1.042682
7.588630,1.046095,1.030780,1.019644,1.007531,1.020148,1.024491,1.014074,1.011148,1.058551,1.031874,1.028024,1.010919,1.026370,1.017518,1.015720,1.026383,1.025441,1.022127,1.045605,0.988986,1.027775,1.045167,1.035654,1.031511,1.041698,1.037846,1.028196,1.024417,1.018015,1.002287,1.017626,1.008793,0.995716,1.008073,1.053706,1.052058,1.022412,0.980711,1.042708
7.596960,1.046364,1.031288,1.020130,1.007997,1.020603,1.024945,1.014525,1.011598,1.058575,1.032331,1.028480,1.011378,1.026831,1.017989,1.016199,1.026859,1.025927,1.022615,1.046047,0.989404,1.028231,1.045594,1.036091,1.031985,1.042154,1.038338,1.028684,1.024938,1.018542,1.002887,1.018032,1.009206,0.996081,1.008486,1.054062,1.052461,1.022824,0.981231,1.042732
7.605290,1.046631,1.031796,1.020618,1.008465,1.021060,1.025400,1.014978,1.012051,1.058598,1.032791,1.028939,1.011839,1.027295,1.018461,1.016680,1.027337,1.026415,1.023105,1.046491,0.989826,1.028688,1.046022,1.036530,1.032461,1.042612,1.038833,1.029173,1.025461,1.019071,1.003487,1.018440,1.009620,0.996448,1.008901,1.054419,1.052866,1.023236,0.981753,1.042755
7.613620,1.046898,1.032304,1.021107,1.008935,1.021518,1.025858,1.015433,1.012505,1.058620,1.033252,1.029399,1.012301,1.027760,1.018936,1.017163,1.027817,1.026905,1.023597,1.046937,0.990249,1.029148,1.046453,1.036971,1.032940,1.043070,1.039328,1.029663,1.025986,1.019601,1.004088,1.018849,1.010036,0.996817,1.009318,1.054779,1.053272,1.023648,0.982277,1.042776
7.621950,1.047163,1.032813,1.021597,1.009406,1.021979,1.026316,1.015889,1.012961,1.058641,1.033715,1.029860,1.012765,1.028226,1.019412,1.017648,1.028299,1.027396,1.024090,1.047385,0.990675,1.029610,1.046885,1.037414,1.033420,1.043528,1.039825,1.030155,1.026512,1.020133,1.004689,1.019260,1.010452,0.997188,1.009738,1.055141,1.053679,1.024062,0.982802,1.042796
7.630280,1.047427,1.033322,1.022087,1.009879,1.022441,1.026777,1.016347,1.013419,1.058660,1.034179,1.030323,1.013230,1.028694,1.019890,1.018135,1.028782,1.027889,1.024584,1.047835,0.991102,1.030073,1.047319,1.037859,1.033902,1.043987,1.040323,1.030648,1.027040,1.020667,1.005289,1.019671,1.010870,0.997561,1.010159,1.055505,1.054088,1.024476,0.983329,1.042815
7.638610,1.047690,1.033831,1.022579,1.010352,1.022903,1.027238,1.016806,1.013877,1.058677,1.034644,1.030787,1.013697,1.029164,1.020368,1.018622,1.029267,1.028383,1.025079,1.048287,0.991531,1.030538,1.047754,1.038305,1.034385,1.044447,1.040822,1.031142,1.027569,1.021201,1.005890,1.020084,1.011288,0.997935,1.010582,1.055870,1.054498,1.024891,0.983857,1.042833
7.646940,1.047951,1.034340,1.023071,1.010827,1.023367,1.027701,1.017265,1.014337,1.058694,1.035110,1.031252,1.014164,1.029634,1.020848,1.019112,1.029753,1.028877,1.025575,1.048741,0.991962,1.031004,1.048191,1.038752,1.034869,1.044906,1.041321,1.031637,1.028098,1.021737,1.006490,1.020497,1.011707,0.998311,1.011006,1.056236,1.054909,1.025306,0.984386,1.042849
7.655270,1.048210,1.034848,1.023563,1.011303,1.023832,1.028164,1.017726,1.014797,1.058708,1.035577,1.031718,1.014632,1.030104,1.021329,1.019602,1.030240,1.029373,1.026071,1.049196,0.992395,1.031471,1.048629,1.039200,1.035355,1.045365,1.041821,1.032132,1.028629,1.022273,1.007089,1.020911,1.012126,0.998689,1.011432,1.056604,1.055320,1.025721,0.984916,1.042863
7.663600,1.048469,1.035356,1.024056,1.011779,1.024297,1.028628,1.018188,1.015259,1.058722,1.036044,1.032184,1.015101,1.030576,1.021810,1.020093,1.030728,1.029869,1.026568,1.049652,0.992828,1.031938,1.049068,1.039649,1.035842,1.045825,1.042322,1.032628,1.029160,1.022810,1.007688,1.021326,1.012545,0.999067,1.011859,1.056973,1.055732,1.026136,0.985447,1.042876
7.671930,1.048725,1.035864,1.024548,1.012256,1.024763,1.029092,1.018649,1.015720,1.058734,1.036512,1.032651,1.015570,1.031048,1.022292,1.020584,1.031216,1.030365,1.027065,1.050109,0.993263,1.032407,1.049507,1.040099,1.036329,1.046284,1.042822,1.033124,1.029692,1.023348,1.008286,1.021740,1.012965,0.999447,1.012287,1.057343,1.056145,1.026551,0.985978,1.042888
7.680260,1.048980,1.036370,1.025041,1.012733,1.025229,1.029557,1.019112,1.016182,1.058745,1.036979,1.033118,1.016039,1.031520,1.022774,1.021076,1.031705,1.030862,1.027562,1.050566,0.993698,1.032876,1.049948,1.040549,1.036817,1.046742,1.043323,1.033620,1.030224,1.023886,1.008882,1.022155,1.013384,0.999827,1.012716,1.057714,1.056558,1.026965,0.986510,1.042899
7.688590,1.049233,1.036876,1.025533,1.013211,1.025696,1.030021,1.019574,1.016645,1.058754,1.037447,1.033585,1.016509,1.031992,1.023257,1.021569,1.032195,1.031358,1.028059,1.051025,0.994134,1.033345,1.050388,1.040999,1.037305,1.047200,1.043823,1.034117,1.030756,1.024424,1.009478,1.022570,1.013803,1.000209,1.013146,1.058085,1.056971,1.027380,0.987042,1.042908
7.696920,1.049484,1.037381,1.026024,1.013688,1.026162,1.030486,1.020036,1.017107,1.058762,1.037915,1.034052,1.016978,1.032464,1.023739,1.022061,1.032684,1.031855,1.028555,1.051484,0.994571,1.033815,1.050829,1.041450,1.037793,1.047657,1.044324,1.034613,1.031288,1.024962,1.010072,1.022984,1.014221,1.000590,1.013576,1.058457,1.057383,1.027793,0.987574,1.042916
7.705250,1.049733,1.037884,1.026515,1.014165,1.026627,1.030950,1.020498,1.017569,1.058768,1.038382,1.034518,1.017447,1.032935,1.024221,1.022553,1.033173,1.032351,1.029052,1.051943,0.995008,1.034285,1.051270,1.041901,1.038282,1.048113,1.044823,1.035108,1.031820,1.025500,1.010664,1.023398,1.014639,1.000973,1.014007,1.058830,1.057796,1.028206,0.988107,1.042922
7.713580,1.049980,1.038386,1.027005,1.014642,1.027093,1.031414,1.020960,1.018030,1.058773,1.038849,1.034984,1.017915,1.033406,1.024702,1.023045,1.033662,1.032847,1.029547,1.052402,0.995446,1.034754,1.051711,1.042351,1.038770,1.048568,1.045322,1.035603,1.032351,1.026037,1.011255,1.023811,1.015056,1.001355,1.014437,1.059202,1.058208,1.028619,0.988638,1.042927
7.721910,1.050226,1.038887,1.027494,1.015117,1.027558,1.031877,1.021420,1.018491,1.058777,1.039315,1.035449,1.018383,1.033877,1.025183,1.023537,1.034150,1.033342,1.030042,1.052861,0.995883,1.035223,1.052151,1.042801,1.039257,1.049022,1.045821,1.036097,1.032882,1.026574,1.011844,1.024223,1.015472,1.001738,1.014868,1.059575,1.058619,1.029030,0.989170,1.042931
7.730240,1.050469,1.039386,1.027982,1.015593,1.028021,1.032339,1.021881,1.018951,1.058779,1.039780,1.035914,1.018849,1.034346,1.025663,1.024028,1.034638,1.033836,1.030536,1.053320,0.996321,1.035691,1.052591,1.043250,1.039744,1.049474,1.046318,1.036591,1.033412,1.027111,1.012431,1.024634,1.015887,1.002121,1.015298,1.059947,1.059030,1.029441,0.989701,1.042933
7.738570,1.050710,1.039883,1.028469,1.016067,1.028484,1.032800,1.022340,1.019410,1.058780,1.040244,1.036377,1.019315,1.034815,1.026142,1.024518,1.035125,1.034329,1.031028,1.053779,0.996758,1.036159,1.053030,1.043699,1.040231,1.049925,1.046814,1.037083,1.033941,1.027646,1.013016,1.025044,1.016300,1.002504,1.015728,1.060319,1.059440,1.029850,0.990231,1.042934
7.746900,1.050948,1.040378,1.028954,1.016540,1.028946,1.033260,1.022798,1.019868,1.058780,1.040707,1.036839,1.019779,1.035282,1.026620,1.025007,1.035611,1.034821,1.031520,1.054236,0.997194,1.036625,1.053469,1.044146,1.040716,1.050375,1.047309,1.037574,1.034469,1.028180,1.013598,1.025453,1.016712,1.002886,1.016158,1.060691,1.059848,1.030258,0.990760,1.042934
7.755230,1.051185,1.040870,1.029437,1.017012,1.029406,1.033719,1.023254,1.020325,1.058778,1.041168,1.037299,1.020242,1.035747,1.027096,1.025494,1.036096,1.035312,1.032009,1.054693,0.997630,1.037091,1.053906,1.044593,1.041200,1.050822,1.047802,1.038063,1.034996,1.028713,1.014178,1.025860,1.017123,1.003268,1.016586,1.061062,1.060255,1.030665,0.991288,1.042932
7.763560,1.051419,1.041361,1.029919,1.017482,1.029865,1.034176,1.023709,1.020780,1.058775,1.041627,1.037758,1.020703,1.036211,1.027571,1.025981,1.036579,1.035801,1.032497,1.055149,0.998065,1.037555,1.054343,1.045038,1.041683,1.051268,1.048294,1.038551,1.035521,1.029244,1.014756,1.026265,1.017531,1.003649,1.017014,1.061432,1.060661,1.031070,0.991815,1.042929
7.771890,1.051651,1.041849,1.030398,1.017950,1.030322,1.034631,1.024163,1.021234,1.058770,1.042085,1.038215,1.021163,1.036674,1.028044,1.026465,1.037061,1.036288,1.032983,1.055604,0.998499,1.038017,1.054778,1.045481,1.042164,1.051712,1.048783,1.039037,1.036045,1.029774,1.015330,1.026669,1.017938,1.004029,1.017441,1.061801,1.061065,1.031473,0.992340,1.042924
7.780220,1.051880,1.042335,1.030876,1.018417,1.030777,1.035084,1.024614,1.021686,1.058765,1.042541,1.038670,1.021620,1.037134,1.028515,1.026948,1.037541,1.036773,1.033467,1.056058,0.998932,1.038478,1.055211,1.045923,1.042644,1.052153,1.049271,1.039521,1.036567,1.030303,1.015902,1.027070,1.018342,1.004409,1.017867,1.062170,1.061467,1.031875,0.992864,1.042918
7.788550,1.052106,1.042817,1.031351,1.018882,1.031230,1.035536,1.025064,1.022135,1.058757,1.042994,1.039123,1.022076,1.037592,1.028984,1.027429,1.038019,1.037256,1.033949,1.056510,0.999363,1.038937,1.055643,1.046363,1.043122,1.052593,1.049757,1.040004,1.037086,1.030829,1.016470,1.027469,1.018744,1.004787,1.018291,1.062537,1.061867,1.032274,0.993386,1.042911
7.796880,1.052331,1.043297,1.031823,1.019344,1.031681,1.035985,1.025511,1.022583,1.058749,1.043445,1.039574,1.022529,1.038048,1.029451,1.027908,1.038495,1.037737,1.034429,1.056960,0.999793,1.039394,1.056072,1.046802,1.043597,1.053029,1.050241,1.040483,1.037604,1.031353,1.017036,1.027866,1.019144,1.005164,1.018713,1.062903,1.062265,1.032672,0.993906,1.042903
7.805210,1.052552,1.043774,1.032293,1.019804,1.032129,1.036431,1.025956,1.023028,1.058739,1.043894,1.040022,1.022979,1.038501,1.029916,1.028384,1.038969,1.038215,1.034906,1.057409,1.000222,1.039849,1.056500,1.047237,1.044071,1.053464,1.050722,1.040961,1.038120,1.031875,1.017598,1.028260,1.019541,1.005540,1.019134,1.063267,1.062661,1.033067,0.994424,1.042893
7.813540,1.052771,1.044248,1.032760,1.020262,1.032575,1.036875,1.026398,1.023470,1.058728,1.044340,1.040467,1.023427,1.038951,1.030377,1.028858,1.039440,1.038691,1.035380,1.057855,1.000648,1.040302,1.056926,1.047671,1.044542,1.053895,1.051200,1.041436,1.038633,1.032394,1.018156,1.028651,1.019935,1.005915,1.019553,1.063629,1.063054,1.033460,0.994939,1.042882
7.821870,1.052987,1.044719,1.033224,1.020716,1.033018,1.037316,1.026838,1.023910,1.058715,1.044783,1.040910,1.023872,1.039399,1.030836,1.029329,1.039909,1.039164,1.035852,1.058299,1.001072,1.040752,1.057349,1.048102,1.045010,1.054324,1.051676,1.041908,1.039143,1.032911,1.018711,1.029040,1.020327,1.006287,1.019970,1.063990,1.063445,1.033851,0.995452,1.042870
7.830200,1.053200,1.045186,1.033685,1.021168,1.033458,1.037754,1.027274,1.024347,1.058702,1.045223,1.041349,1.024314,1.039844,1.031292,1.029798,1.040375,1.039634,1.036320,1.058741,1.001495,1.041199,1.057770,1.048530,1.045476,1.054750,1.052149,1.042377,1.039651,1.033425,1.019262,1.029425,1.020715,1.006658,1.020384,1.064349,1.063833,1.034239,0.995963,1.042856
7.838530,1.053411,1.045650,1.034143,1.021617,1.033895,1.038189,1.027708,1.024781,1.058686,1.045660,1.041786,1.024753,1.040285,1.031745,1.030263,1.040838,1.040101,1.036785,1.059181,1.001915,1.041644,1.058188,1.048956,1.045939,1.055173,1.052619,1.042843,1.040156,1.033936,1.019809,1.029807,1.021100,1.007027,1.020796,1.064706,1.064217,1.034625,0.996471,1.042842
7.846860,1.053618,1.046109,1.034597,1.022063,1.034329,1.038621,1.028139,1.025212,1.058670,1.046093,1.042219,1.025188,1.040724,1.032195,1.030725,1.041297,1.040565,1.037247,1.059617,1.002332,1.042085,1.058603,1.049378,1.046399,1.055592,1.053085,1.043306,1.040658,1.034444,1.020352,1.030186,1.021482,1.007394,1.021206,1.065060,1.064599,1.035008,0.996976,1.042826
7.855190,1.053823,1.046566,1.035048,1.022506,1.034759,1.039049,1.028566,1.025640,1.058653,1.046523,1.042649,1.025620,1.041158,1.032641,1.031184,1.041754,1.041026,1.037706,1.060051,1.002747,1.042523,1.059015,1.049797,1.046855,1.056008,1.053549,1.043766,1.041156,1.034949,1.020891,1.030562,1.021861,1.007758,1.021613,1.065412,1.064977,1.035388,0.997478,1.042808
7.863520,1.054025,1.047018,1.035496,1.022945,1.035186,1.039474,1.028990,1.026064,1.058634,1.046950,1.043075,1.026049,1.041590,1.033084,1.031639,1.042207,1.041482,1.038161,1.060482,1.003159,1.042958,1.059424,1.050213,1.047308,1.056421,1.054008,1.044222,1.041651,1.035451,1.021425,1.030934,1.022236,1.008121,1.022017,1.065762,1.065352,1.035765,0.997977,1.042790
7.871850,1.054225,1.047468,1.035940,1.023381,1.035610,1.039897,1.029411,1.026486,1.058614,1.047374,1.043499,1.026475,1.042019,1.033524,1.032092,1.042658,1.041937,1.038613,1.060911,1.003569,1.043391,1.059831,1.050627,1.047759,1.056832,1.054466,1.044676,1.042144,1.035950,1.021957,1.031304,1.022609,1.008482,1.022419,1.066110,1.065725,1.036140,0.998474,1.042770
7.880180,1.054420,1.047912,1.036380,1.023813,1.036030,1.040314,1.029827,1.026902,1.058593,1.047792,1.043917,1.026895,1.042442,1.033959,1.032540,1.043103,1.042386,1.039060,1.061335,1.003975,1.043817,1.060232,1.051035,1.048204,1.057237,1.054918,1.045124,1.042632,1.036445,1.022483,1.031668,1.022976,1.008838,1.022816,1.066453,1.066092,1.036511,0.998965,1.042749
7.888510,1.054613,1.048352,1.036815,1.024241,1.036445,1.040727,1.030240,1.027316,1.058571,1.048207,1.044332,1.027313,1.042862,1.034390,1.032984,1.043545,1.042831,1.039503,1.061756,1.004378,1.044242,1.060631,1.051440,1.048646,1.057640,1.055367,1.045569,1.043117,1.036935,1.023004,1.032029,1.023340,1.009193,1.023211,1.066794,1.066456,1.036879,0.999454,1.042727
7.896840,1.054803,1.048787,1.037247,1.024665,1.036857,1.041137,1.030648,1.027725,1.058547,1.048618,1.044742,1.027725,1.043277,1.034817,1.033424,1.043983,1.043273,1.039942,1.062173,1.004777,1.044662,1.061026,1.051841,1.049084,1.058038,1.055812,1.046010,1.043597,1.037422,1.023520,1.032386,1.023700,1.009545,1.023603,1.067133,1.066816,1.037243,0.999939,1.042704
7.905170,1.054991,1.049221,1.037676,1.025086,1.037266,1.041544,1.031055,1.028131,1.058523,1.049026,1.045150,1.028136,1.043690,1.035242,1.033861,1.044418,1.043712,1.040379,1.062589,1.005175,1.045079,1.061419,1.052240,1.049520,1.058434,1.056255,1.046449,1.044075,1.037907,1.024034,1.032740,1.024057,1.009895,1.023992,1.067469,1.067174,1.037606,1.000422,1.042680
7.913500,1.055174,1.049647,1.038098,1.025501,1.037668,1.041944,1.031454,1.028532,1.058496,1.049428,1.045551,1.028539,1.044096,1.035659,1.034292,1.044846,1.044143,1.040809,1.062997,1.005566,1.045490,1.061804,1.052632,1.049948,1.058824,1.056691,1.046880,1.044547,1.038385,1.024540,1.033088,1.024408,1.010239,1.024374,1.067800,1.067524,1.037963,1.000898,1.042654
7.921830,1.055355,1.050069,1.038516,1.025912,1.038067,1.042341,1.031850,1.028928,1.058469,1.049826,1.045949,1.028939,1.044499,1.036073,1.034719,1.045271,1.044572,1.041235,1.063403,1.005955,1.045898,1.062187,1.053021,1.050374,1.059210,1.057123,1.047309,1.045015,1.038859,1.025042,1.033432,1.024755,1.010582,1.024755,1.068128,1.067872,1.038317,1.001371,1.042628
7.930160,1.055532,1.050486,1.038929,1.026319,1.038461,1.042733,1.032241,1.029320,1.058441,1.050218,1.046342,1.029334,1.044897,1.036483,1.035141,1.045692,1.044996,1.041656,1.063805,1.006340,1.046301,1.062566,1.053405,1.050794,1.059592,1.057551,1.047732,1.045478,1.039329,1.025538,1.033771,1.025098,1.010921,1.025131,1.068453,1.068214,1.038667,1.001840,1.042600
7.938490,1.055707,1.050901,1.039340,1.026723,1.038853,1.043122,1.032630,1.029709,1.058412,1.050609,1.046732,1.029727,1.045292,1.036889,1.035560,1.046110,1.045417,1.042075,1.064205,1.006722,1.046701,1.062942,1.053786,1.051212,1.059972,1.057976,1.048154,1.045939,1.039797,1.026031,1.034108,1.025439,1.011259,1.025505,1.068776,1.068554,1.039015,1.002306,1.042571
7.946820,1.055877,1.051307,1.039743,1.027119,1.039237,1.043503,1.033011,1.030091,1.058382,1.050991,1.047114,1.030111,1.045679,1.037288,1.035972,1.046519,1.045829,1.042485,1.064596,1.007097,1.047093,1.063310,1.054159,1.051622,1.060344,1.058394,1.048567,1.046392,1.040256,1.026516,1.034437,1.025771,1.011589,1.025870,1.069092,1.068886,1.039356,1.002764,1.042541
7.955150,1.056045,1.051710,1.040142,1.027511,1.039616,1.043881,1.033388,1.030469,1.058350,1.051370,1.047492,1.030492,1.046062,1.037683,1.036379,1.046925,1.046238,1.042892,1.064984,1.007469,1.047482,1.063675,1.054529,1.052028,1.060713,1.058808,1.048976,1.046842,1.040712,1.026996,1.034763,1.026101,1.011918,1.026234,1.069405,1.069214,1.039695,1.003219,1.042510
7.963480,1.056209,1.052108,1.040536,1.027899,1.039991,1.044254,1.033761,1.030842,1.058317,1.051743,1.047866,1.030868,1.046440,1.038072,1.036782,1.047326,1.046642,1.043293,1.065368,1.007837,1.047866,1.064035,1.054894,1.052429,1.061078,1.059217,1.049381,1.047287,1.041163,1.027470,1.035083,1.026425,1.012243,1.026592,1.069715,1.069538,1.040029,1.003670,1.042478
7.971810,1.056371,1.052502,1.040928,1.028283,1.040363,1.044623,1.034130,1.031212,1.058284,1.052113,1.048236,1.031240,1.046815,1.038459,1.037181,1.047724,1.047043,1.043692,1.065749,1.008202,1.048246,1.064393,1.055257,1.052828,1.061439,1.059623,1.049782,1.047728,1.041611,1.027942,1.035401,1.026746,1.012565,1.026948,1.070022,1.069858,1.040361,1.004117,1.042445
7.980140,1.056528,1.052888,1.041310,1.028659,1.040727,1.044984,1.034491,1.031574,1.058249,1.052475,1.048598,1.031604,1.047182,1.038837,1.037571,1.048112,1.047435,1.044081,1.066121,1.008558,1.048618,1.064741,1.055609,1.053216,1.061793,1.060020,1.050175,1.048161,1.042050,1.028404,1.035711,1.027060,1.012880,1.027295,1.070321,1.070169,1.040687,1.004556,1.042411
7.988470,1.056682,1.053269,1.041688,1.029031,1.041086,1.045341,1.034848,1.031932,1.058214,1.052833,1.048955,1.031964,1.047544,1.039210,1.037958,1.048497,1.047823,1.044467,1.066490,1.008912,1.048986,1.065086,1.055958,1.053601,1.062143,1.060414,1.050564,1.048590,1.042485,1.028861,1.036017,1.027369,1.013193,1.027640,1.070618,1.070477,1.041008,1.004992,1.042376
7.996800,1.056833,1.053646,1.042061,1.029398,1.041440,1.045693,1.035200,1.032284,1.058177,1.053185,1.049307,1.032318,1.047901,1.039579,1.038339,1.048876,1.048205,1.044847,1.066854,1.009261,1.049348,1.065426,1.056302,1.053981,1.062488,1.060802,1.050948,1.049014,1.042915,1.029312,1.036317,1.027674,1.013501,1.027979,1.070910,1.070779,1.041326,1.005422,1.042339
8.005130,1.056982,1.054019,1.042431,1.029762,1.041791,1.046042,1.035548,1.032634,1.058139,1.053534,1.049657,1.032670,1.048255,1.039944,1.038716,1.049252,1.048584,1.045224,1.067215,1.009606,1.049708,1.065763,1.056643,1.054358,1.062831,1.061188,1.051328,1.049435,1.043342,1.029760,1.036615,1.027975,1.013807,1.028315,1.071200,1.071078,1.041641,1.005849,1.042303
8.013460,1.057126,1.054382,1.042791,1.030116,1.042133,1.046381,1.035888,1.032974,1.058101,1.053873,1.049996,1.033011,1.048599,1.040299,1.039084,1.049618,1.048953,1.045591,1.067566,1.009942,1.050057,1.066089,1.056973,1.054723,1.063165,1.061564,1.051699,1.049845,1.043759,1.030198,1.036905,1.028268,1.014105,1.028641,1.071481,1.071366,1.041948,1.006266,1.042264
8.021790,1.057266,1.054742,1.043147,1.030466,1.042471,1.046716,1.036223,1.033310,1.058061,1.054209,1.050332,1.033349,1.048939,1.040650,1.039447,1.049980,1.049319,1.045954,1.067914,1.010276,1.050403,1.066413,1.057300,1.055086,1.063495,1.061936,1.052066,1.050252,1.044173,1.030631,1.037190,1.028557,1.014400,1.028964,1.071759,1.071652,1.042252,1.006680,1.042225
8.030120,1.057405,1.055098,1.043500,1.030813,1.042805,1.047049,1.036555,1.033643,1.058021,1.054541,1.050664,1.033684,1.049276,1.040998,1.039808,1.050339,1.049681,1.046314,1.068258,1.010606,1.050745,1.066734,1.057624,1.055445,1.063822,1.062305,1.052430,1.050656,1.044583,1.031060,1.037472,1.028843,1.014693,1.029285,1.072035,1.071934,1.042553,1.007091,1.042186
8.038450,1.057538,1.055445,1.043843,1.031150,1.043130,1.047371,1.036878,1.033966,1.057979,1.054863,1.050987,1.034008,1.049602,1.041336,1.040157,1.050686,1.050032,1.046663,1.068592,1.010926,1.051076,1.067043,1.057936,1.055793,1.064141,1.062663,1.052783,1.051050,1.044982,1.031480,1.037745,1.029120,1.014977,1.029594,1.072302,1.072205,1.042847,1.007492,1.042145
8.046780,1.057669,1.055787,1.044181,1.031483,1.043450,1.047689,1.037196,1.034286,1.057937,1.055181,1.051305,1.034328,1.049925,1.041669,1.040502,1.051030,1.050379,1.047008,1.068923,1.011243,1.051404,1.067350,1.058246,1.056137,1.064456,1.063018,1.053133,1.051439,1.045378,1.031894,1.038014,1.029393,1.015258,1.029901,1.072565,1.072473,1.043137,1.007889,1.042103
8.055110,1.057796,1.056123,1.044514,1.031810,1.043765,1.048001,1.037509,1.034600,1.057894,1.055494,1.051617,1.034643,1.050242,1.041997,1.040841,1.051368,1.050721,1.047347,1.069248,1.011554,1.051726,1.067650,1.058549,1.056475,1.064765,1.063367,1.053477,1.051823,1.045768,1.032301,1.038278,1.029660,1.015534,1.030201,1.072824,1.072734,1.043422,1.008279,1.042061
8.063440,1.057920,1.056453,1.044841,1.032131,1.044074,1.048307,1.037816,1.034907,1.057850,1.055800,1.051924,1.034951,1.050552,1.042319,1.041174,1.051699,1.051055,1.047680,1.069566,1.011859,1.052041,1.067944,1.058845,1.056807,1.065069,1.063710,1.053814,1.052200,1.046151,1.032702,1.038536,1.029922,1.015806,1.030496,1.073077,1.072989,1.043702,1.008664,1.042017
8.071770,1.058040,1.056777,1.045161,1.032446,1.044376,1.048608,1.038116,1.035209,1.057805,1.056100,1.052224,1.035253,1.050857,1.042634,1.041501,1.052024,1.051384,1.048006,1.069879,1.012158,1.052350,1.068232,1.059136,1.057132,1.065367,1.064047,1.054145,1.052571,1.046528,1.033096,1.038789,1.030178,1.016072,1.030784,1.073325,1.073238,1.043977,1.009043,1.041973
8.080100,1.058157,1.057095,1.045476,1.032755,1.044673,1.048902,1.038411,1.035505,1.057759,1.056394,1.052518,1.035550,1.051155,1.042943,1.041821,1.052343,1.051706,1.048327,1.070185,1.012451,1.052653,1.068514,1.059420,1.057451,1.065659,1.064378,1.054470,1.052936,1.046898,1.033483,1.039036,1.030429,1.016333,1.031066,1.073568,1.073480,1.044248,1.009415,1.041928
8.088430,1.058270,1.057407,1.045784,1.033058,1.044964,1.049190,1.038700,1.035795,1.057712,1.056681,1.052806,1.035840,1.051447,1.043245,1.042134,1.052654,1.052021,1.048640,1.070485,1.012738,1.052949,1.068790,1.059697,1.057763,1.065946,1.064702,1.054789,1.053294,1.047262,1.033864,1.039277,1.030674,1.016588,1.031342,1.073805,1.073716,1.044513,1.009781,1.041882
8.096760,1.058380,1.057713,1.046085,1.033354,1.045248,1.049472,1.038983,1.036078,1.057665,1.056963,1.053088,1.036123,1.051733,1.043541,1.042441,1.052960,1.052330,1.048947,1.070779,1.013019,1.053238,1.069059,1.059968,1.058069,1.066228,1.065020,1.055101,1.053646,1.047620,1.034238,1.039513,1.030913,1.016839,1.031611,1.074036,1.073945,1.044773,1.010140,1.041836
8.105090,1.058486,1.058012,1.046381,1.033645,1.045527,1.049748,1.039259,1.036356,1.057617,1.057238,1.053364,1.036401,1.052013,1.043831,1.042741,1.053258,1.052633,1.049248,1.071066,1.013294,1.053521,1.069321,1.060232,1.058367,1.066504,1.065332,1.055407,1.053991,1.047971,1.034604,1.039744,1.031147,1.017084,1.031875,1.074262,1.074168,1.045027,1.010494,1.041788
8.113420,1.058589,1.058305,1.046670,1.033929,1.045799,1.050018,1.039530,1.036627,1.057569,1.057507,1.053633,1.036672,1.052286,1.044114,1.043034,1.053550,1.052928,1.049542,1.071347,1.013562,1.053797,1.069578,1.060489,1.058659,1.066774,1.065638,1.055706,1.054329,1.048315,1.034964,1.039969,1.031375,1.017323,1.032131,1.074483,1.074384,1.045277,1.010840,1.041740
8.121750,1.058689,1.058592,1.046953,1.034207,1.046065,1.050282,1.039794,1.036893,1.057519,1.057770,1.053896,1.036937,1.052553,1.044391,1.043320,1.053834,1.053217,1.049830,1.071621,1.013825,1.054067,1.069827,1.060740,1.058944,1.067038,1.065937,1.055999,1.054661,1.048653,1.035317,1.040188,1.031597,1.017558,1.032381,1.074697,1.074594,1.045521,1.011180,1.041692
8.130080,1.058785,1.058873,1.047229,1.034478,1.046324,1.050539,1.040053,1.037152,1.057469,1.058026,1.054153,1.037195,1.052813,1.044662,1.043600,1.054113,1.053500,1.050111,1.071888,1.014080,1.054330,1.070071,1.060984,1.059222,1.067297,1.066230,1.056286,1.054987,1.048984,1.035663,1.040403,1.031813,1.017786,1.032625,1.074906,1.074797,1.045761,1.011514,1.041642
8.138410,1.058877,1.059147,1.047499,1.034743,1.046578,1.050790,1.040305,1.037405,1.057418,1.058276,1.054404,1.037448,1.053067,1.044925,1.043873,1.054384,1.053775,1.050385,1.072149,1.014329,1.054586,1.070307,1.061222,1.059494,1.067549,1.066516,1.056566,1.055305,1.049308,1.036002,1.040611,1.032024,1.018009,1.032862,1.075109,1.074994,1.045995,1.011841,1.041592
8.146740,1.058967,1.059415,1.047762,1.035002,1.046825,1.051035,1.040551,1.037652,1.057367,1.058520,1.054648,1.037694,1.053315,1.045183,1.044139,1.054648,1.054044,1.050652,1.072404,1.014572,1.054835,1.070537,1.061452,1.059758,1.067797,1.066796,1.056839,1.055617,1.049625,1.036334,1.040814,1.032229,1.018227,1.033092,1.075307,1.075183,1.046224,1.012161,1.041542
8.155070,1.059053,1.059676,1.048020,1.035254,1.047067,1.051274,1.040790,1.037893,1.057315,1.058758,1.054886,1.037933,1.053557,1.045434,1.044399,1.054906,1.054306,1.050913,1.072651,1.014808,1.055077,1.070761,1.061676,1.060016,1.068038,1.067069,1.057106,1.055922,1.049936,1.036659,1.041012,1.032429,1.018439,1.033316,1.075498,1.075366,1.046447,1.012475,1.041491
8.163400,1.059135,1.059931,1.048270,1.035500,1.047302,1.051507,1.041024,1.038128,1.057263,1.058989,1.055118,1.038167,1.053792,1.045678,1.044651,1.055156,1.054561,1.051168,1.072892,1.015038,1.055312,1.070977,1.061893,1.060266,1.068273,1.067336,1.057366,1.056221,1.050240,1.036977,1.041204,1.032622,1.018645,1.033533,1.075684,1.075543,1.046665,1.012782,1.041439
8.171730,1.059215,1.060180,1.048514,1.035740,1.047530,1.051733,1.041252,1.038356,1.057209,1.059214,1.055344,1.038394,1.054020,1.045916,1.044896,1.055400,1.054809,1.051415,1.073126,1.015261,1.055541,1.071187,1.062103,1.060510,1.068503,1.067596,1.057619,1.056512,1.050537,1.037288,1.041391,1.032810,1.018846,1.033743,1.075864,1.075712,1.046878,1.013082,1.041387
8.180060,1.059290,1.060422,1.048752,1.035973,1.047753,1.051954,1.041473,1.038579,1.057156,1.059433,1.055563,1.038615,1.054243,1.046147,1.045135,1.055636,1.055051,1.051656,1.073353,1.015478,1.055762,1.071390,1.062305,1.060747,1.068727,1.067850,1.057866,1.056797,1.050826,1.037592,1.041572,1.032993,1.019041,1.033946,1.076038,1.075875,1.047086,1.013375,1.041334
8.188390,1.059363,1.060658,1.048983,1.036200,1.047969,1.052168,1.041688,1.038795,1.057102,1.059645,1.055776,1.038829,1.054459,1.046372,1.045367,1.055866,1.055285,1.051890,1.073574,1.015687,1.055977,1.071586,1.062501,1.060976,1.068945,1.068097,1.058106,1.057074,1.051109,1.037888,1.041748,1.033169,1.019230,1.034143,1.076205,1.076030,1.047288,1.013661,1.041280
8.196720,1.059432,1.060888,1.049208,1.036421,1.048179,1.052375,1.041897,1.039005,1.057047,1.059851,1.055983,1.039037,1.054668,1.046590,1.045591,1.056088,1.055513,1.052117,1.073787,1.015890,1.056185,1.071776,1.062690,1.061198,1.069158,1.068337,1.058339,1.057345,1.051385,1.038178,1.041919,1.033340,1.019413,1.034332,1.076367,1.076179,1.047485,1.013941,1.041227
8.205050,1.059498,1.061111,1.049426,1.036635,1.048383,1.052577,1.042100,1.039209,1.056992,1.060051,1.056183,1.039239,1.054871,1.046801,1.045809,1.056304,1.055734,1.052337,1.073994,1.016087,1.056385,1.071958,1.062872,1.061413,1.069364,1.068571,1.058566,1.057609,1.051654,1.038460,1.042085,1.033505,1.019590,1.034515,1.076523,1.076321,1.047676,1.014213,1.041172
8.213380,1.059561,1.061328,1.049637,1.036843,1.048581,1.052773,1.042297,1.039407,1.056936,1.060244,1.056378,1.039434,1.055068,1.047006,1.046019,1.056512,1.055947,1.052551,1.074193,1.016276,1.056579,1.072134,1.063047,1.061621,1.069564,1.068798,1.058786,1.057865,1.051915,1.038735,1.042245,1.033665,1.019762,1.034690,1.076673,1.076456,1.047862,1.014479,1.041118
8.221710,1.059620,1.061538,1.049842,1.037044,1.048772,1.052962,1.042487,1.039599,1.056880,1.060431,1.056566,1.039624,1.055259,1.047205,1.046223,1.056713,1.056154,1.052758,1.074386,1.016459,1.056765,1.072303,1.063215,1.061822,1.069759,1.069019,1.058999,1.058115,1.052170,1.039003,1.042400,1.033819,1.019927,1.034859,1.076816,1.076583,1.048043,1.014737,1.041062
8.230040,1.059676,1.061742,1.050041,1.037239,1.048957,1.053145,1.042672,1.039784,1.056824,1.060612,1.056747,1.039806,1.055443,1.047396,1.046419,1.056907,1.056354,1.052957,1.074571,1.016634,1.056944,1.072465,1.063375,1.062016,1.069948,1.069232,1.059205,1.058357,1.052417,1.039264,1.042550,1.033967,1.020087,1.035020,1.076953,1.076704,1.048218,1.014988,1.041007
8.238370,1.059729,1.061939,1.050233,1.037428,1.049136,1.053322,1.042850,1.039963,1.056767,1.060787,1.056923,1.039983,1.055620,1.047581,1.046609,1.057093,1.056547,1.053150,1.074750,1.016803,1.057116,1.072619,1.063528,1.062202,1.070131,1.069439,1.059404,1.058593,1.052657,1.039517,1.042695,1.034110,1.020240,1.035174,1.077084,1.076818,1.048388,1.015232,1.040951
8.246700,1.059779,1.062130,1.050418,1.037610,1.049309,1.053493,1.043022,1.040137,1.056710,1.060955,1.057092,1.040153,1.055791,1.047760,1.046791,1.057273,1.056732,1.053336,1.074921,1.016965,1.057281,1.072767,1.063674,1.062381,1.070308,1.069640,1.059597,1.058821,1.052890,1.039764,1.042834,1.034247,1.020388,1.035321,1.077209,1.076924,1.048552,1.015469,1.040894
8.255030,1.059825,1.062314,1.050597,1.037785,1.049476,1.053657,1.043188,1.040304,1.056652,1.061117,1.057255,1.040317,1.055956,1.047932,1.046966,1.057445,1.056911,1.053516,1.075085,1.017119,1.057439,1.072908,1.063813,1.062553,1.070479,1.069833,1.059782,1.059042,1.053116,1.040003,1.042969,1.034378,1.020530,1.035461,1.077328,1.077024,1.048711,1.015699,1.040838
8.263360,1.059869,1.062492,1.050769,1.037955,1.049636,1.053816,1.043348,1.040465,1.056594,1.061272,1.057411,1.040474,1.056115,1.048097,1.047134,1.057610,1.057083,1.053688,1.075242,1.017267,1.057589,1.073041,1.063945,1.062718,1.070644,1.070020,1.059961,1.059256,1.053334,1.040235,1.043098,1.034504,1.020665,1.035594,1.077440,1.077116,1.048864,1.015922,1.040781
8.271690,1.059909,1.062664,1.050935,1.038118,1.049791,1.053968,1.043502,1.040619,1.056536,1.061422,1.057562,1.040626,1.056267,1.048256,1.047295,1.057768,1.057247,1.053853,1.075392,1.017408,1.057732,1.073168,1.064070,1.062875,1.070803,1.070200,1.060133,1.059463,1.053545,1.040460,1.043222,1.034624,1.020794,1.035719,1.077546,1.077202,1.049012,1.016137,1.040723
8.280020,1.059946,1.062829,1.051094,1.038274,1.049939,1.054115,1.043649,1.040768,1.056478,1.061565,1.057706,1.040771,1.056413,1.048408,1.047449,1.057919,1.057405,1.054012,1.075535,1.017542,1.057869,1.073287,1.064187,1.063025,1.070957,1.070373,1.060298,1.059662,1.053749,1.040677,1.043342,1.034739,1.020918,1.035838,1.077646,1.077280,1.049155,1.016345,1.040666
8.288350,1.059980,1.062988,1.051247,1.038424,1.050081,1.054255,1.043791,1.040911,1.056419,1.061702,1.057844,1.040909,1.056552,1.048554,1.047596,1.058063,1.057555,1.054164,1.075670,1.017668,1.057998,1.073400,1.064297,1.063168,1.071104,1.070540,1.060457,1.059854,1.053946,1.040887,1.043456,1.034848,1.021035,1.035949,1.077739,1.077351,1.049292,1.016546,1.040608
8.296680,1.060011,1.063140,1.051393,1.038568,1.050217,1.054389,1.043927,1.041048,1.056360,1.061833,1.057976,1.041042,1.056686,1.048693,1.047736,1.058199,1.057699,1.054309,1.075799,1.017788,1.058119,1.073505,1.064400,1.063303,1.071246,1.070699,1.060608,1.060040,1.054135,1.041091,1.043565,1.034951,1.021146,1.036052,1.077826,1.077415,1.049424,1.016740,1.040550
8.305010,1.060039,1.063287,1.051533,1.038706,1.050347,1.054517,1.044056,1.041178,1.056301,1.061957,1.058102,1.041168,1.056813,1.048826,1.047869,1.058328,1.057835,1.054447,1.075920,1.017901,1.058234,1.073604,1.064495,1.063431,1.071382,1.070852,1.060753,1.060218,1.054317,1.041287,1.043670,1.035049,1.021251,1.036149,1.077907,1.077472,1.049550,1.016927,1.040492
8.313340,1.060063,1.063426,1.051666,1.038837,1.050471,1.054639,1.044180,1.041303,1.056241,1.062076,1.058222,1.041289,1.056933,1.048952,1.047995,1.058450,1.057965,1.054578,1.076034,1.018006,1.058341,1.073695,1.064584,1.063552,1.071512,1.070998,1.060890,1.060388,1.054492,1.041476,1.043770,1.035141,1.021350,1.036238,1.077982,1.077521,1.049671,1.017106,1.040433
8.321670,1.060085,1.063560,1.051793,1.038962,1.050589,1.054756,1.044298,1.041422,1.056182,1.062188,1.058336,1.041403,1.057048,1.049072,1.048113,1.058564,1.058087,1.054702,1.076141,1.018105,1.058441,1.073779,1.064665,1.063666,1.071636,1.071138,1.061021,1.060552,1.054659,1.041658,1.043865,1.035228,1.021443,1.036320,1.078050,1.077564,1.049786,1.017278,1.040374
8.330000,1.060104,1.063687,1.051913,1.039081,1.050701,1.054866,1.044410,1.041535,1.056122,1.062294,1.058443,1.041511,1.057156,1.049185,1.048225,1.058672,1.058203,1.054820,1.076241,1.018196,1.058534,1.073856,1.064739,1.063772,1.071754,1.071271,1.061146,1.060708,1.054819,1.041832,1.043955,1.035310,1.021529,1.036395,1.078112,1.077599,1.049896,1.017442,1.040316
8.338330,1.060119,1.063807,1.052027,1.039193,1.050807,1.054970,1.044515,1.041642,1.056062,1.062394,1.058545,1.041612,1.057258,1.049292,1.048329,1.058772,1.058311,1.054931,1.076333,1.018280,1.058620,1.073926,1.064805,1.063871,1.071867,1.071397,1.061263,1.060857,1.054972,1.042000,1.044040,1.035386,1.021610,1.036462,1.078167,1.077628,1.050001,1.017600,1.040257
8.346660,1.060132,1.063922,1.052134,1.039299,1.050907,1.055069,1.044615,1.041743,1.056002,1.062488,1.058640,1.041708,1.057354,1.049393,1.048427,1.058865,1.058413,1.055035,1.076418,1.018358,1.058699,1.073989,1.064865,1.063963,1.071973,1.071516,1.061373,1.060999,1.055117,1.042161,1.044121,1.035457,1.021684,1.036522,1.078216,1.077649,1.050100,1.017750,1.040197
8.354990,1.060142,1.064030,1.052235,1.039399,1.051001,1.055161,1.044710,1.041838,1.055942,1.062576,1.058730,1.041798,1.057444,1.049487,1.048518,1.058951,1.058507,1.055132,1.076496,1.018428,1.058770,1.074045,1.064917,1.064048,1.072074,1.071629,1.061477,1.061134,1.055255,1.042314,1.044197,1.035522,1.021752,1.036575,1.078259,1.077663,1.050194,1.017893,1.040138
8.363320,1.060149,1.064132,1.052330,1.039493,1.051089,1.055248,1.044798,1.041927,1.055882,1.062658,1.058813,1.041881,1.057528,1.049574,1.048601,1.059030,1.058595,1.055222,1.076567,1.018491,1.058835,1.074094,1.064962,1.064125,1.072170,1.071734,1.061574,1.061261,1.055386,1.042461,1.044268,1.035582,1.021814,1.036621,1.078296,1.077670,1.050282,1.018028,1.040079
8.371650,1.060153,1.064227,1.052418,1.039581,1.051171,1.055329,1.044880,1.042011,1.055821,1.062734,1.058891,1.041959,1.057605,1.049656,1.048678,1.059102,1.058675,1.055306,1.076631,1.018547,1.058892,1.074136,1.065000,1.064195,1.072259,1.071834,1.061664,1.061381,1.055510,1.042600,1.044335,1.035637,1.021870,1.036659,1.078326,1.077670,1.050365,1.018157,1.040019
8.379980,1.060154,1.064317,1.052501,1.039662,1.051247,1.055404,1.044957,1.042088,1.055761,1.062804,1.058963,1.042031,1.057677,1.049731,1.048748,1.059166,1.058749,1.055383,1.076688,1.018596,1.058942,1.074171,1.065031,1.064258,1.072343,1.071926,1.061748,1.061495,1.055626,1.042733,1.044397,1.035686,1.021919,1.036690,1.078349,1.077663,1.050443,1.018278,1.039960
8.388310,1.060152,1.064400,1.052576,1.039738,1.051318,1.055473,1.045028,1.042160,1.055700,1.062868,1.059029,1.042096,1.057742,1.049800,1.048810,1.059223,1.058816,1.055454,1.076737,1.018638,1.058985,1.074199,1.065054,1.064314,1.072421,1.072012,1.061824,1.061601,1.055735,1.042858,1.044455,1.035730,1.021963,1.036714,1.078367,1.077649,1.050515,1.018391,1.039900
8.396640,1.060148,1.064477,1.052646,1.039807,1.051383,1.055536,1.045093,1.042226,1.055640,1.062927,1.059089,1.042156,1.057802,1.049862,1.048866,1.059274,1.058876,1.055517,1.076779,1.018673,1.059021,1.074219,1.065071,1.064363,1.072493,1.072091,1.061894,1.061699,1.055836,1.042977,1.044508,1.035769,1.022000,1.036730,1.078378,1.077628,1.050582,1.018498,1.039841
8.404970,1.060140,1.064548,1.052709,1.039870,1.051442,1.055594,1.045152,1.042287,1.055580,1.062979,1.059143,1.042210,1.057855,1.049918,1.048915,1.059317,1.058929,1.055574,1.076815,1.018701,1.059049,1.074233,1.065080,1.064404,1.072560,1.072164,1.061958,1.061791,1.055931,1.043089,1.044556,1.035802,1.022031,1.036740,1.078383,1.077600,1.050644,1.018597,1.039781
8.413300,1.060130,1.064613,1.052766,1.039928,1.051495,1.055646,1.045206,1.042341,1.055519,1.063025,1.059191,1.042258,1.057903,1.049968,1.048957,1.059353,1.058975,1.055625,1.076843,1.018721,1.059071,1.074240,1.065082,1.064438,1.072621,1.072230,1.062014,1.061876,1.056018,1.043194,1.044601,1.035831,1.022056,1.036742,1.078381,1.077566,1.050700,1.018689,1.039722
8.421630,1.060117,1.064672,1.052817,1.039979,1.051542,1.055693,1.045254,1.042390,1.055459,1.063066,1.059234,1.042300,1.057944,1.050012,1.048993,1.059382,1.059015,1.055669,1.076864,1.018735,1.059086,1.074240,1.065077,1.064466,1.072677,1.072289,1.062064,1.061953,1.056098,1.043292,1.044640,1.035854,1.022075,1.036737,1.078374,1.077524,1.050751,1.018774,1.039662
8.429960,1.060101,1.064724,1.052861,1.040024,1.051584,1.055733,1.045297,1.042434,1.055398,1.063101,1.059270,1.042336,1.057980,1.050049,1.049021,1.059405,1.059047,1.055706,1.076878,1.018742,1.059093,1.074233,1.065065,1.064486,1.072727,1.072342,1.062108,1.062023,1.056171,1.043383,1.044676,1.035872,1.022088,1.036725,1.078360,1.077475,1.050797,1.018852,1.039603
8.438290,1.060083,1.064771,1.052900,1.040063,1.051620,1.055768,1.045333,1.042471,1.055338,1.063129,1.059301,1.042366,1.058010,1.050081,1.049043,1.059420,1.059073,1.055737,1.076884,1.018742,1.059094,1.074219,1.065046,1.064499,1.072771,1.072389,1.062145,1.062087,1.056236,1.043468,1.044707,1.035884,1.022095,1.036705,1.078339,1.077420,1.050838,1.018922,1.039543
8.446620,1.060062,1.064812,1.052932,1.040097,1.051651,1.055798,1.045365,1.042503,1.055277,1.063153,1.059327,1.042391,1.058033,1.050106,1.049058,1.059428,1.059092,1.055761,1.076884,1.018735,1.059088,1.074199,1.065020,1.064505,1.072810,1.072428,1.062175,1.062143,1.056295,1.043546,1.044733,1.035892,1.022096,1.036679,1.078313,1.077357,1.050873,1.018985,1.039484
8.454950,1.060038,1.064846,1.052958,1.040124,1.051676,1.055822,1.045390,1.042530,1.055217,1.063170,1.059346,1.042410,1.058051,1.050125,1.049066,1.059429,1.059105,1.055778,1.076877,1.018721,1.059075,1.074171,1.064988,1.064504,1.072843,1.072462,1.062198,1.062192,1.056346,1.043617,1.044755,1.035895,1.022090,1.036645,1.078280,1.077288,1.050904,1.019041,1.039424
8.463280,1.060012,1.064875,1.052978,1.040145,1.051695,1.055840,1.045410,1.042551,1.055157,1.063182,1.059360,1.042423,1.058064,1.050138,1.049067,1.059424,1.059111,1.055789,1.076863,1.018700,1.059054,1.074137,1.064948,1.064496,1.072870,1.072489,1.062215,1.062234,1.056390,1.043681,1.044773,1.035892,1.022079,1.036605,1.078241,1.077212,1.050929,1.019090,1.039365
8.471610,1.059983,1.064898,1.052992,1.040161,1.051708,1.055853,1.045425,1.042567,1.055097,1.063188,1.059368,1.042430,1.058070,1.050145,1.049062,1.059411,1.059110,1.055794,1.076841,1.018673,1.059027,1.074096,1.064901,1.064481,1.072893,1.072509,1.062226,1.062270,1.056428,1.043739,1.044787,1.035884,1.022061,1.036557,1.078196,1.077130,1.050949,1.019132,1.039306
8.479940,1.059951,1.064915,1.053001,1.040171,1.051717,1.055860,1.045434,1.042576,1.055037,1.063188,1.059371,1.042432,1.058071,1.050146,1.049050,1.059392,1.059102,1.055792,1.076813,1.018638,1.058994,1.074048,1.064847,1.064459,1.072910,1.072523,1.062230,1.062298,1.056458,1.043790,1.044796,1.035872,1.022038,1.036503,1.078145,1.077040,1.050964,1.019167,1.039247
8.488270,1.059917,1.064926,1.053003,1.040175,1.051719,1.055862,1.045437,1.042581,1.054977,1.063183,1.059368,1.042428,1.058065,1.050141,1.049031,1.059366,1.059088,1.055784,1.076778,1.018597,1.058953,1.073993,1.064787,1.064431,1.072921,1.072531,1.062228,1.062319,1.056481,1.043835,1.044802,1.035854,1.022009,1.036441,1.078087,1.076945,1.050973,1.019195,1.039188
8.496600,1.059880,1.064931,1.052999,1.040173,1.051716,1.055859,1.045436,1.042580,1.054918,1.063172,1.059360,1.042418,1.058055,1.050131,1.049006,1.059333,1.059067,1.055770,1.076736,1.018549,1.058905,1.073931,1.064719,1.064395,1.072927,1.072532,1.062219,1.062334,1.056497,1.043873,1.044802,1.035831,1.021973,1.036372,1.078024,1.076842,1.050978,1.019216,1.039129
8.504930,1.059841,1.064931,1.052989,1.040165,1.051708,1.055850,1.045428,1.042574,1.054858,1.063155,1.059346,1.042403,1.058038,1.050114,1.048974,1.059293,1.059040,1.055749,1.076687,1.018494,1.058851,1.073863,1.064645,1.064353,1.072927,1.072527,1.062204,1.062341,1.056506,1.043905,1.044799,1.035804,1.021932,1.036297,1.077954,1.076733,1.050978,1.019230,1.039071
8.513260,1.059799,1.064924,1.052973,1.040152,1.051694,1.055835,1.045416,1.042562,1.054799,1.063133,1.059326,1.042382,1.058016,1.050091,1.048936,1.059247,1.059006,1.055722,1.076632,1.018432,1.058790,1.073789,1.064564,1.064303,1.072923,1.072516,1.062183,1.062342,1.056508,1.043931,1.044791,1.035771,1.021884,1.036215,1.077879,1.076617,1.050972,1.019237,1.039012
8.521590,1.059755,1.064912,1.052952,1.040133,1.051675,1.055815,1.045398,1.042545,1.054740,1.063106,1.059301,1.042356,1.057988,1.050062,1.048891,1.059194,1.058966,1.055689,1.076569,1.018364,1.058722,1.073707,1.064477,1.064247,1.072913,1.072498,1.062155,1.062336,1.056503,1.043950,1.044780,1.035734,1.021831,1.036126,1.077797,1.076495,1.050962,1.019237,1.038954
8.529920,1.059708,1.064895,1.052924,1.040108,1.051650,1.055790,1.045374,1.042522,1.054681,1.063073,1.059270,1.042324,1.057954,1.050027,1.048840,1.059134,1.058920,1.055649,1.076500,1.018289,1.058648,1.073619,1.064383,1.064185,1.072897,1.072475,1.062121,1.062323,1.056491,1.043962,1.044764,1.035691,1.021772,1.036030,1.077709,1.076367,1.050946,1.019230,1.038896
8.538250,1.059658,1.064871,1.052891,1.040078,1.051620,1.055759,1.045345,1.042494,1.054622,1.063034,1.059234,1.042286,1.057915,1.049987,1.048782,1.059067,1.058866,1.055603,1.076424,1.018207,1.058567,1.073525,1.064282,1.064115,1.072877,1.072445,1.062080,1.062304,1.056473,1.043969,1.044744,1.035644,1.021707,1.035927,1.077616,1.076232,1.050926,1.019216,1.038838
8.546580,1.059607,1.064843,1.052852,1.040042,1.051584,1.055724,1.045311,1.042461,1.054564,1.062990,1.059193,1.042243,1.057871,1.049941,1.048718,1.058994,1.058807,1.055551,1.076341,1.018119,1.058479,1.073424,1.064174,1.064039,1.072851,1.072409,1.062034,1.062278,1.056448,1.043969,1.044719,1.035592,1.021636,1.035817,1.077516,1.076091,1.050900,1.019195,1.038781
8.554910,1.059552,1.064808,1.052807,1.040000,1.051544,1.055682,1.045272,1.042422,1.054506,1.062940,1.059146,1.042195,1.057821,1.049889,1.048647,1.058915,1.058741,1.055493,1.076252,1.018024,1.058385,1.073316,1.064060,1.063956,1.072820,1.072366,1.061981,1.062245,1.056416,1.043963,1.044691,1.035535,1.021560,1.035701,1.077410,1.075943,1.050870,1.019168,1.038723
8.563240,1.059496,1.064768,1.052757,1.039953,1.051497,1.055636,1.045227,1.042378,1.054448,1.062885,1.059094,1.042141,1.057765,1.049831,1.048570,1.058828,1.058669,1.055429,1.076156,1.017922,1.058284,1.073202,1.063939,1.063867,1.072784,1.072318,1.061922,1.062205,1.056377,1.043951,1.044658,1.035473,1.021478,1.035579,1.077299,1.075789,1.050835,1.019134,1.038666
8.571570,1.059437,1.064722,1.052700,1.039900,1.051446,1.055584,1.045177,1.042329,1.054390,1.062825,1.059037,1.042082,1.057704,1.049767,1.048487,1.058736,1.058590,1.055358,1.076053,1.017815,1.058177,1.073082,1.063812,1.063771,1.072743,1.072263,1.061857,1.062159,1.056331,1.043933,1.044622,1.035407,1.021389,1.035449,1.077182,1.075629,1.050795,1.019093,1.038609
8.579900,1.059376,1.064671,1.052638,1.039842,1.051389,1.055527,1.045122,1.042275,1.054332,1.062759,1.058974,1.042017,1.057637,1.049698,1.048398,1.058637,1.058506,1.055282,1.075944,1.017700,1.058063,1.072955,1.063679,1.063668,1.072696,1.072203,1.061785,1.062106,1.056279,1.043908,1.044581,1.035335,1.021296,1.035313,1.077058,1.075463,1.050750,1.019045,1.038553
8.588230,1.059312,1.064615,1.052571,1.039778,1.051327,1.055465,1.045062,1.042216,1.054275,1.062688,1.058906,1.041947,1.057565,1.049623,1.048302,1.058531,1.058415,1.055200,1.075828,1.017580,1.057943,1.072822,1.063539,1.063559,1.072645,1.072136,1.061708,1.062047,1.056220,1.043878,1.044536,1.035259,1.021196,1.035171,1.076930,1.075291,1.050701,1.018991,1.038496
8.596560,1.059246,1.064553,1.052498,1.039708,1.051260,1.055398,1.044997,1.042151,1.054218,1.062612,1.058832,1.041872,1.057487,1.049543,1.048200,1.058419,1.058318,1.055111,1.075706,1.017453,1.057816,1.072683,1.063392,1.063443,1.072588,1.072064,1.061625,1.061981,1.056155,1.043842,1.044487,1.035179,1.021091,1.035022,1.076795,1.075113,1.050646,1.018930,1.038440
8.604890,1.059178,1.064486,1.052419,1.039634,1.051188,1.055326,1.044926,1.042081,1.054161,1.062530,1.058754,1.041791,1.057405,1.049457,1.048091,1.058301,1.058214,1.055017,1.075577,1.017319,1.057683,1.072537,1.063240,1.063321,1.072527,1.071985,1.061535,1.061909,1.056083,1.043800,1.044434,1.035093,1.020980,1.034867,1.076654,1.074929,1.050587,1.018863,1.038384
8.613220,1.059107,1.064413,1.052335,1.039553,1.051110,1.055248,1.044850,1.042006,1.054105,1.062443,1.058670,1.041705,1.057316,1.049365,1.047977,1.058176,1.058105,1.054917,1.075442,1.017179,1.057544,1.072385,1.063081,1.063193,1.072460,1.071901,1.061440,1.061831,1.056004,1.043752,1.044377,1.035003,1.020864,1.034706,1.076508,1.074739,1.050523,1.018789,1.038329
8.621550,1.059034,1.064335,1.052246,1.039468,1.051028,1.055165,1.044770,1.041926,1.054049,1.062351,1.058581,1.041614,1.057223,1.049268,1.047856,1.058045,1.057990,1.054811,1.075301,1.017034,1.057399,1.072227,1.062916,1.063058,1.072389,1.071811,1.061339,1.061746,1.055919,1.043699,1.044316,1.034909,1.020742,1.034538,1.076357,1.074543,1.050455,1.018709,1.038273
8.629880,1.058959,1.064252,1.052150,1.039377,1.050940,1.055078,1.044684,1.041841,1.053993,1.062253,1.058486,1.041517,1.057124,1.049165,1.047730,1.057908,1.057868,1.054699,1.075153,1.016881,1.057247,1.072063,1.062744,1.062917,1.072313,1.071715,1.061232,1.061655,1.055828,1.043639,1.044250,1.034809,1.020614,1.034364,1.076199,1.074341,1.050382,1.018622,1.038218
8.638210,1.058882,1.064163,1.052050,1.039281,1.050847,1.054985,1.044593,1.041751,1.053938,1.062151,1.058387,1.041416,1.057020,1.049056,1.047597,1.057765,1.057741,1.054581,1.074999,1.016723,1.057089,1.071893,1.062567,1.062770,1.072232,1.071614,1.061119,1.061557,1.055730,1.043574,1.044181,1.034706,1.020482,1.034183,1.076036,1.074133,1.050304,1.018529,1.038164
8.646540,1.058802,1.064070,1.051944,1.039179,1.050749,1.054887,1.044497,1.041655,1.053883,1.062043,1.058283,1.041309,1.056910,1.048943,1.047459,1.057615,1.057607,1.054458,1.074839,1.016559,1.056925,1.071717,1.062383,1.062617,1.072146,1.071506,1.061000,1.061454,1.055626,1.043504,1.044108,1.034597,1.020343,1.033997,1.075868,1.073920,1.050221,1.018430,1.038110
8.654870,1.058721,1.063971,1.051833,1.039072,1.050646,1.054784,1.044396,1.041555,1.053828,1.061930,1.058173,1.041197,1.056796,1.048823,1.047314,1.057460,1.057468,1.054329,1.074672,1.016388,1.056755,1.071535,1.062194,1.062457,1.072055,1.071393,1.060876,1.061344,1.055516,1.043428,1.044030,1.034484,1.020199,1.033805,1.075694,1.073701,1.050134,1.018324,1.038056
8.663200,1.058637,1.063868,1.051716,1.038960,1.050538,1.054676,1.044290,1.041450,1.053773,1.061812,1.058058,1.041080,1.056676,1.048699,1.047163,1.057298,1.057323,1.054194,1.074500,1.016212,1.056579,1.071347,1.061998,1.062291,1.071960,1.071274,1.060746,1.061228,1.055400,1.043346,1.043949,1.034367,1.020050,1.033606,1.075515,1.073477,1.050043,1.018212,1.038002
8.671530,1.058551,1.063759,1.051595,1.038843,1.050425,1.054564,1.044179,1.041340,1.053719,1.061689,1.057939,1.040958,1.056551,1.048569,1.047007,1.057130,1.057172,1.054053,1.074321,1.016030,1.056397,1.071153,1.061797,1.062119,1.071860,1.071150,1.060610,1.061106,1.055277,1.043259,1.043864,1.034245,1.019896,1.033402,1.075330,1.073247,1.049947,1.018094,1.037949
8.679860,1.058463,1.063645,1.051468,1.038720,1.050307,1.054446,1.044063,1.041225,1.053666,1.061561,1.057814,1.040830,1.056421,1.048434,1.046845,1.056957,1.057015,1.053907,1.074136,1.015841,1.056209,1.070953,1.061589,1.061942,1.071755,1.071020,1.060468,1.060978,1.055148,1.043167,1.043774,1.034119,1.019736,1.033191,1.075140,1.073011,1.049847,1.017970,1.037896
8.688190,1.058373,1.063526,1.051336,1.038593,1.050184,1.054323,1.043943,1.041105,1.053612,1.061428,1.057684,1.040698,1.056286,1.048293,1.046677,1.056777,1.056853,1.053756,1.073945,1.015647,1.056015,1.070747,1.061376,1.061758,1.071645,1.070885,1.060321,1.060844,1.055014,1.043069,1.043681,1.033988,1.019571,1.032975,1.074944,1.072770,1.049742,1.017840,1.037843
8.696520,1.058280,1.063403,1.051198,1.038460,1.050056,1.054196,1.043817,1.040980,1.053559,1.061290,1.057550,1.040561,1.056146,1.048147,1.046503,1.056592,1.056685,1.053599,1.073749,1.015448,1.055815,1.070536,1.061157,1.061568,1.071531,1.070744,1.060169,1.060704,1.054873,1.042966,1.043584,1.033853,1.019401,1.032753,1.074743,1.072524,1.049633,1.017704,1.037791
8.704850,1.058186,1.063274,1.051056,1.038322,1.049923,1.054064,1.043687,1.040850,1.053507,1.061147,1.057410,1.040419,1.056001,1.047996,1.046323,1.056401,1.056511,1.053436,1.073546,1.015242,1.055609,1.070319,1.060932,1.061372,1.071413,1.070598,1.060011,1.060558,1.054726,1.042858,1.043483,1.033714,1.019225,1.032526,1.074537,1.072273,1.049520,1.017561,1.037739
8.713180,1.058090,1.063141,1.050909,1.038180,1.049786,1.053926,1.043552,1.040716,1.053454,1.061000,1.057266,1.040272,1.055851,1.047840,1.046138,1.056204,1.056332,1.053269,1.073338,1.015031,1.055398,1.070096,1.060702,1.061171,1.071290,1.070446,1.059847,1.060406,1.054573,1.042745,1.043378,1.033570,1.019045,1.032293,1.074326,1.072016,1.049402,1.017413,1.037688
8.721510,1.057992,1.063003,1.050756,1.038032,1.049644,1.053785,1.043412,1.040576,1.053403,1.060847,1.057117,1.040120,1.055695,1.047678,1.045947,1.056001,1.056147,1.053095,1.073123,1.014814,1.055181,1.069868,1.060466,1.060964,1.071162,1.070289,1.059679,1.060249,1.054415,1.042627,1.043269,1.033422,1.018859,1.032054,1.074110,1.071755,1.049280,1.017260,1.037637
8.729840,1.057891,1.062860,1.050599,1.037879,1.049497,1.053638,1.043267,1.040432,1.053351,1.060690,1.056963,1.039963,1.055536,1.047512,1.045751,1.055793,1.055957,1.052917,1.072903,1.014591,1.054958,1.069634,1.060225,1.060751,1.071030,1.070127,1.059504,1.060086,1.054251,1.042504,1.043156,1.033270,1.018669,1.031809,1.073889,1.071488,1.049154,1.017100,1.037586
8.738170,1.057789,1.062713,1.050436,1.037722,1.049345,1.053487,1.043118,1.040284,1.053300,1.060527,1.056804,1.039801,1.055371,1.047341,1.045549,1.055579,1.055761,1.052733,1.072678,1.014363,1.054730,1.069395,1.059978,1.060532,1.070894,1.069960,1.059325,1.059917,1.054081,1.042376,1.043039,1.033114,1.018473,1.031560,1.073662,1.071217,1.049023,1.016935,1.037536
8.746500,1.057685,1.062561,1.050269,1.037559,1.049188,1.053331,1.042964,1.040130,1.053250,1.060360,1.056641,1.039635,1.055201,1.047164,1.045342,1.055359,1.055560,1.052544,1.072446,1.014130,1.054496,1.069150,1.059725,1.060308,1.070753,1.069788,1.059140,1.059743,1.053905,1.042243,1.042919,1.032953,1.018273,1.031305,1.073431,1.070940,1.048889,1.016764,1.037486
8.754830,1.057579,1.062405,1.050097,1.037392,1.049027,1.053170,1.042805,1.039973,1.053200,1.060189,1.056473,1.039464,1.055027,1.046983,1.045129,1.055134,1.055354,1.052350,1.072210,1.013891,1.054257,1.068900,1.059468,1.060078,1.070609,1.069610,1.058951,1.059563,1.053724,1.042106,1.042794,1.032789,1.018067,1.031044,1.073195,1.070659,1.048750,1.016587,1.037437
8.763160,1.057471,1.062244,1.049921,1.037220,1.048862,1.053005,1.042642,1.039810,1.053150,1.060012,1.056300,1.039288,1.054848,1.046796,1.044911,1.054904,1.055142,1.052151,1.071967,1.013647,1.054012,1.068645,1.059205,1.059842,1.070459,1.069428,1.058756,1.059378,1.053537,1.041964,1.042666,1.032620,1.017857,1.030778,1.072954,1.070373,1.048608,1.016405,1.037388
8.771490,1.057361,1.062078,1.049739,1.037043,1.048691,1.052836,1.042475,1.039643,1.053101,1.059831,1.056123,1.039108,1.054664,1.046605,1.044688,1.054668,1.054925,1.051947,1.071720,1.013398,1.053762,1.068384,1.058936,1.059602,1.070306,1.069240,1.058556,1.059187,1.053345,1.041817,1.042535,1.032447,1.017642,1.030508,1.072708,1.070082,1.048461,1.016217,1.037339
8.779820,1.057250,1.061909,1.049553,1.036861,1.048517,1.052662,1.042302,1.039471,1.053052,1.059646,1.055941,1.038923,1.054475,1.046409,1.044459,1.054427,1.054703,1.051738,1.071466,1.013143,1.053507,1.068119,1.058663,1.059356,1.070149,1.069048,1.058351,1.058991,1.053147,1.041666,1.042399,1.032271,1.017422,1.030232,1.072457,1.069786,1.048311,1.016024,1.037291
8.788150,1.057136,1.061734,1.049362,1.036675,1.048337,1.052483,1.042126,1.039296,1.053003,1.059456,1.055755,1.038733,1.054282,1.046208,1.044226,1.054180,1.054476,1.051524,1.071208,1.012884,1.053247,1.067848,1.058385,1.059104,1.069987,1.068850,1.058141,1.058790,1.052944,1.041511,1.042260,1.032090,1.017198,1.029951,1.072202,1.069487,1.048156,1.015826,1.037244
8.796480,1.057021,1.061556,1.049167,1.036484,1.048154,1.052300,1.041945,1.039115,1.052955,1.059262,1.055564,1.038539,1.054085,1.046003,1.043987,1.053929,1.054244,1.051305,1.070944,1.012619,1.052981,1.067572,1.058101,1.058847,1.069822,1.068648,1.057926,1.058583,1.052736,1.041351,1.042117,1.031906,1.016969,1.029665,1.071942,1.069182,1.047998,1.015623,1.037196
8.804810,1.056904,1.061374,1.048967,1.036289,1.047966,1.052113,1.041760,1.038930,1.052908,1.059063,1.055369,1.038341,1.053883,1.045792,1.043743,1.053672,1.054007,1.051081,1.070676,1.012349,1.052710,1.067292,1.057813,1.058586,1.069653,1.068441,1.057707,1.058372,1.052522,1.041187,1.041971,1.031718,1.016736,1.029374,1.071677,1.068874,1.047836,1.015414,1.037150
8.813140,1.056786,1.061187,1.048763,1.036089,1.047773,1.051921,1.041570,1.038741,1.052861,1.058860,1.055170,1.038138,1.053676,1.045578,1.043494,1.053410,1.053765,1.050852,1.070402,1.012075,1.052434,1.067006,1.057519,1.058319,1.069479,1.068230,1.057482,1.058155,1.052304,1.041018,1.041821,1.031526,1.016498,1.029079,1.071408,1.068561,1.047670,1.015200,1.037103
8.821470,1.056665,1.060996,1.048555,1.035885,1.047577,1.051726,1.041376,1.038548,1.052815,1.058652,1.054966,1.037931,1.053466,1.045358,1.043240,1.053143,1.053518,1.050619,1.070123,1.011795,1.052154,1.066716,1.057221,1.058047,1.069302,1.068014,1.057253,1.057933,1.052080,1.040846,1.041668,1.031330,1.016255,1.028778,1.071135,1.068243,1.047500,1.014982,1.037058
8.829800,1.056543,1.060801,1.048342,1.035676,1.047376,1.051526,1.041178,1.038351,1.052768,1.058440,1.054758,1.037720,1.053251,1.045134,1.042982,1.052871,1.053267,1.050381,1.069839,1.011511,1.051868,1.066421,1.056918,1.057770,1.069121,1.067793,1.057020,1.057707,1.051852,1.040670,1.041511,1.031131,1.016008,1.028474,1.070857,1.067922,1.047327,1.014758,1.037012
8.838130,1.056420,1.060603,1.048125,1.035463,1.047171,1.051322,1.040976,1.038149,1.052723,1.058225,1.054546,1.037504,1.053031,1.044906,1.042718,1.052595,1.053010,1.050139,1.069550,1.011222,1.051578,1.066121,1.056611,1.057488,1.068937,1.067568,1.056782,1.057475,1.051618,1.040489,1.041351,1.030928,1.015757,1.028164,1.070574,1.067597,1.047151,1.014529,1.036967
8.846460,1.056295,1.060400,1.047903,1.035246,1.046962,1.051113,1.040770,1.037944,1.052678,1.058005,1.054330,1.037284,1.052808,1.044674,1.042450,1.052313,1.052750,1.049892,1.069257,1.010929,1.051283,1.065816,1.056299,1.057201,1.068748,1.067338,1.056539,1.057239,1.051380,1.040305,1.041187,1.030721,1.015502,1.027851,1.070288,1.067268,1.046970,1.014296,1.036923
8.854790,1.056168,1.060194,1.047678,1.035025,1.046748,1.050901,1.040560,1.037734,1.052633,1.057780,1.054110,1.037060,1.052580,1.044437,1.042177,1.052027,1.052484,1.049641,1.068958,1.010631,1.050983,1.065507,1.055982,1.056910,1.068556,1.067104,1.056292,1.056998,1.051137,1.040117,1.041020,1.030511,1.015242,1.027532,1.069997,1.066935,1.046786,1.014058,1.036879
8.863120,1.056039,1.059984,1.047448,1.034799,1.046531,1.050685,1.040346,1.037520,1.052589,1.057552,1.053885,1.036833,1.052348,1.044196,1.041900,1.051737,1.052214,1.049386,1.068655,1.010329,1.050679,1.065194,1.055661,1.056613,1.068361,1.066866,1.056041,1.056753,1.050889,1.039926,1.040850,1.030298,1.014979,1.027210,1.069703,1.066598,1.046599,1.013815,1.036836
8.871450,1.055910,1.059770,1.047215,1.034570,1.046310,1.050465,1.040128,1.037303,1.052546,1.057320,1.053657,1.036601,1.052112,1.043950,1.041618,1.051441,1.051940,1.049126,1.068348,1.010022,1.050370,1.064876,1.055336,1.056313,1.068162,1.066624,1.055785,1.056503,1.050637,1.039730,1.040676,1.030081,1.014711,1.026883,1.069404,1.066257,1.046409,1.013568,1.036793
8.879780,1.055778,1.059552,1.046978,1.034336,1.046085,1.050241,1.039906,1.037081,1.052503,1.057084,1.053425,1.036365,1.051873,1.043701,1.041332,1.051142,1.051662,1.048862,1.068036,1.009711,1.050057,1.064554,1.055007,1.056007,1.067960,1.066378,1.055525,1.056248,1.050380,1.039532,1.040500,1.029861,1.014439,1.026553,1.069101,1.065913,1.046215,1.013316,1.036750
8.888110,1.055645,1.059331,1.046736,1.034099,1.045857,1.050014,1.039680,1.036856,1.052460,1.056845,1.053189,1.036126,1.051629,1.043447,1.041041,1.050837,1.051379,1.048594,1.067719,1.009395,1.049739,1.064228,1.054673,1.055698,1.067754,1.066127,1.055261,1.055989,1.050119,1.039330,1.040320,1.029637,1.014164,1.026218,1.068794,1.065566,1.046017,1.013060,1.036709
8.896440,1.055511,1.059107,1.046491,1.033857,1.045624,1.049782,1.039451,1.036627,1.052418,1.056601,1.052950,1.035882,1.051382,1.043190,1.040746,1.050529,1.051092,1.048322,1.067398,1.009076,1.049417,1.063898,1.054335,1.055383,1.067545,1.065873,1.054993,1.055726,1.049853,1.039124,1.040137,1.029411,1.013884,1.025879,1.068484,1.065215,1.045817,1.012799,1.036667
8.904770,1.055376,1.058881,1.046244,1.033614,1.045390,1.049549,1.039220,1.036396,1.052377,1.056356,1.052708,1.035637,1.051132,1.042930,1.040448,1.050218,1.050802,1.048048,1.067075,1.008754,1.049093,1.063565,1.053995,1.055067,1.067334,1.065616,1.054723,1.055461,1.049585,1.038917,1.039953,1.029182,1.013603,1.025538,1.068171,1.064862,1.045615,1.012536,1.036626
8.913100,1.055239,1.058648,1.045990,1.033363,1.045149,1.049309,1.038982,1.036159,1.052335,1.056104,1.052460,1.035385,1.050876,1.042664,1.040143,1.049899,1.050505,1.047766,1.066743,1.008425,1.048760,1.063224,1.053647,1.054742,1.067118,1.065352,1.054445,1.055187,1.049309,1.038705,1.039763,1.028948,1.013314,1.025190,1.067851,1.064502,1.045407,1.012265,1.036585
8.921430,1.055100,1.058414,1.045735,1.033111,1.044906,1.049067,1.038742,1.035919,1.052295,1.055850,1.052210,1.035131,1.050618,1.042395,1.039836,1.049578,1.050206,1.047482,1.066410,1.008093,1.048426,1.062882,1.053298,1.054416,1.066899,1.065086,1.054166,1.054912,1.049031,1.038490,1.039572,1.028713,1.013023,1.024840,1.067530,1.064142,1.045198,1.011993,1.036546
8.929760,1.054961,1.058177,1.045476,1.032855,1.044659,1.048822,1.038498,1.035676,1.052255,1.055592,1.051956,1.034873,1.050356,1.042123,1.039525,1.049253,1.049904,1.047195,1.066073,1.007758,1.048088,1.062536,1.052945,1.054085,1.066678,1.064817,1.053882,1.054632,1.048750,1.038273,1.039378,1.028474,1.012729,1.024487,1.067205,1.063778,1.044985,1.011716,1.036506
8.938090,1.054820,1.057936,1.045213,1.032596,1.044409,1.048573,1.038252,1.035430,1.052216,1.055331,1.051699,1.034612,1.050091,1.041847,1.039210,1.048924,1.049597,1.046904,1.065732,1.007420,1.047747,1.062187,1.052588,1.053751,1.066454,1.064544,1.053596,1.054349,1.048464,1.038052,1.039181,1.028233,1.012432,1.024130,1.066876,1.063412,1.044770,1.011435,1.036468
8.946420,1.054678,1.057693,1.044947,1.032333,1.044156,1.048321,1.038002,1.035181,1.052177,1.055067,1.051439,1.034348,1.049823,1.041567,1.038891,1.048592,1.049287,1.046609,1.065387,1.007077,1.047401,1.061834,1.052228,1.053412,1.066226,1.064268,1.053305,1.054062,1.048174,1.037829,1.038982,1.027989,1.012131,1.023770,1.066545,1.063042,1.044552,1.011151,1.036430
8.954750,1.054535,1.057447,1.044678,1.032066,1.043900,1.048066,1.037749,1.034928,1.052139,1.054800,1.051176,1.034081,1.049551,1.041284,1.038568,1.048256,1.048973,1.046311,1.065038,1.006731,1.047052,1.061477,1.051864,1.053070,1.065996,1.063988,1.053011,1.053772,1.047881,1.037604,1.038780,1.027742,1.011827,1.023406,1.066210,1.062670,1.044331,1.010863,1.036392
8.963080,1.054391,1.057198,1.044406,1.031797,1.043640,1.047808,1.037493,1.034672,1.052101,1.054529,1.050909,1.033810,1.049276,1.040998,1.038242,1.047916,1.048656,1.046010,1.064686,1.006382,1.046699,1.061117,1.051497,1.052724,1.065764,1.063705,1.052714,1.053477,1.047584,1.037375,1.038575,1.027492,1.011519,1.023039,1.065871,1.062296,1.044107,1.010571,1.036355
8.971410,1.054246,1.056947,1.044132,1.031526,1.043379,1.047548,1.037235,1.034415,1.052064,1.054257,1.050641,1.033538,1.048999,1.040710,1.037914,1.047574,1.048337,1.045707,1.064332,1.006031,1.046344,1.060754,1.051128,1.052377,1.065529,1.063420,1.052415,1.053181,1.047285,1.037146,1.038369,1.027241,1.011210,1.022671,1.065531,1.061919,1.043882,1.010278,1.036318
8.979740,1.054099,1.056691,1.043852,1.031248,1.043112,1.047283,1.036971,1.034151,1.052027,1.053979,1.050367,1.033260,1.048717,1.040416,1.037579,1.047225,1.048011,1.045397,1.063970,1.005673,1.045983,1.060386,1.050752,1.052022,1.065290,1.063129,1.052109,1.052878,1.046979,1.036912,1.038159,1.026986,1.010894,1.022296,1.065185,1.061538,1.043652,1.009977,1.036282
8.988070,1.053952,1.056434,1.043570,1.030970,1.042844,1.047016,1.036706,1.033887,1.051992,1.053700,1.050092,1.032980,1.048433,1.040120,1.037243,1.046875,1.047684,1.045086,1.063607,1.005314,1.045620,1.060016,1.050375,1.051665,1.065050,1.062836,1.051802,1.052573,1.046672,1.036677,1.037948,1.026729,1.010578,1.021920,1.064837,1.061156,1.043421,1.009675,1.036247
8.996400,1.053804,1.056175,1.043288,1.030689,1.042574,1.046747,1.036440,1.033621,1.051956,1.053419,1.049815,1.032699,1.048147,1.039823,1.036904,1.046523,1.047355,1.044773,1.063243,1.004953,1.045255,1.059644,1.049997,1.051307,1.064808,1.062542,1.051494,1.052267,1.046362,1.036440,1.037735,1.026471,1.010259,1.021543,1.064488,1.060773,1.043189,1.009372,1.036212
9.004730,1.053654,1.055912,1.042999,1.030403,1.042299,1.046474,1.036168,1.033349,1.051921,1.053133,1.049533,1.032413,1.047856,1.039520,1.036560,1.046164,1.047019,1.044455,1.062872,1.004586,1.044884,1.059266,1.049613,1.050943,1.064562,1.062242,1.051179,1.051955,1.046047,1.036200,1.037518,1.026208,1.009935,1.021160,1.064134,1.060384,1.042952,1.009062,1.036177
9.013060,1.053504,1.055648,1.042710,1.030116,1.042023,1.046199,1.035895,1.033076,1.051887,1.052846,1.049249,1.032125,1.047564,1.039216,1.036214,1.045804,1.046683,1.044135,1.062500,1.004218,1.044512,1.058887,1.049227,1.050577,1.064314,1.061941,1.050864,1.051641,1.045730,1.035959,1.037300,1.025945,1.009610,1.020776,1.063778,1.059996,1.042714,1.008751,1.036144
9.021390,1.053353,1.055382,1.042419,1.029827,1.041745,1.045923,1.035620,1.032802,1.051853,1.052557,1.048965,1.031836,1.047271,1.038910,1.035867,1.045443,1.046345,1.043814,1.062126,1.003849,1.044138,1.058507,1.048841,1.050210,1.064066,1.061638,1.050547,1.051325,1.045412,1.035716,1.037082,1.025680,1.009283,1.020391,1.063421,1.059607,1.042474,1.008438,1.036111
9.029720,1.053200,1.055112,1.042124,1.029533,1.041462,1.045642,1.035341,1.032523,1.051820,1.052264,1.048675,1.031543,1.046972,1.038599,1.035513,1.045076,1.046002,1.043487,1.061746,1.003474,1.043758,1.058121,1.048448,1.049836,1.063813,1.061330,1.050224,1.051004,1.045088,1.035471,1.036859,1.025412,1.008951,1.020001,1.063058,1.059213,1.042231,1.008119,1.036078
9.038050,1.053048,1.054841,1.041827,1.029238,1.041179,1.045359,1.035061,1.032243,1.051788,1.051969,1.048385,1.031248,1.046673,1.038287,1.035159,1.044708,1.045657,1.043160,1.061365,1.003098,1.043378,1.057734,1.048056,1.049462,1.063559,1.061021,1.049900,1.050682,1.044763,1.035224,1.036636,1.025143,1.008618,1.019610,1.062695,1.058819,1.041986,1.007800,1.036046
9.046380,1.052895,1.054570,1.041529,1.028942,1.040894,1.045076,1.034779,1.031962,1.051756,1.051673,1.048093,1.030952,1.046372,1.037974,1.034803,1.044338,1.045311,1.042831,1.060983,1.002721,1.042996,1.057346,1.047661,1.049086,1.063304,1.060711,1.049576,1.050358,1.044436,1.034977,1.036412,1.024872,1.008284,1.019218,1.062331,1.058424,1.041741,1.007479,1.036015
9.054710,1.052740,1.054294,1.041227,1.028642,1.040605,1.044789,1.034494,1.031677,1.051725,1.051373,1.047797,1.030651,1.046067,1.037656,1.034442,1.043963,1.044960,1.042497,1.060596,1.002338,1.042609,1.056953,1.047262,1.048705,1.063046,1.060396,1.049246,1.050029,1.044104,1.034727,1.036185,1.024599,1.007945,1.018822,1.061961,1.058026,1.041491,1.007153,1.035984
9.063040,1.052586,1.054018,1.040924,1.028340,1.040315,1.044500,1.034207,1.031390,1.051695,1.051072,1.047500,1.030350,1.045761,1.037337,1.034081,1.043587,1.044609,1.042162,1.060207,1.001956,1.042221,1.056559,1.046863,1.048323,1.062787,1.060081,1.048915,1.049699,1.043771,1.034476,1.035957,1.024324,1.007605,1.018425,1.061591,1.057628,1.041241,1.006826,1.035955
9.071370,1.052431,1.053740,1.040619,1.028037,1.040023,1.044211,1.033919,1.031103,1.051665,1.050770,1.047202,1.030047,1.045454,1.037017,1.033717,1.043210,1.044255,1.041826,1.059818,1.001571,1.041832,1.056164,1.046462,1.047939,1.062526,1.059764,1.048583,1.049368,1.043437,1.034224,1.035728,1.024049,1.007264,1.018027,1.061220,1.057229,1.040990,1.006497,1.035925
9.079700,1.052274,1.053459,1.040311,1.027730,1.039729,1.043918,1.033628,1.030811,1.051636,1.050465,1.046900,1.029741,1.045143,1.036692,1.033350,1.042828,1.043898,1.041486,1.059423,1.001183,1.041438,1.055765,1.046057,1.047551,1.062263,1.059442,1.048247,1.049032,1.043099,1.033970,1.035497,1.023771,1.006918,1.017625,1.060845,1.056827,1.040736,1.006164,1.035896
9.088030,1.052118,1.053178,1.040002,1.027422,1.039433,1.043624,1.033336,1.030519,1.051608,1.050158,1.046598,1.029434,1.044831,1.036367,1.032981,1.042445,1.043540,1.041145,1.059028,1.000794,1.041043,1.055365,1.045651,1.047162,1.061999,1.059121,1.047910,1.048696,1.042759,1.033716,1.035265,1.023493,1.006572,1.017223,1.060469,1.056425,1.040481,1.005831,1.035869
9.096360,1.051962,1.052896,1.039692,1.027114,1.039136,1.043329,1.033042,1.030226,1.051580,1.049851,1.046294,1.029126,1.044518,1.036041,1.032611,1.042062,1.043180,1.040803,1.058632,1.000404,1.040648,1.054964,1.045245,1.046772,1.061734,1.058798,1.047572,1.048358,1.042419,1.033461,1.035033,1.023213,1.006225,1.016820,1.060092,1.056022,1.040225,1.005496,1.035841
9.104690,1.051804,1.052611,1.039379,1.026801,1.038836,1.043031,1.032746,1.029930,1.051553,1.049541,1.045988,1.028815,1.044203,1.035712,1.032238,1.041674,1.042817,1.040458,1.058231,1.000010,1.040248,1.054559,1.044835,1.046378,1.061466,1.058471,1.047231,1.048017,1.042074,1.033204,1.034798,1.022932,1.005874,1.016413,1.059712,1.055618,1.039966,1.005157,1.035814
9.113020,1.051646,1.052326,1.039066,1.026488,1.038536,1.042732,1.032449,1.029633,1.051526,1.049230,1.045681,1.028504,1.043886,1.035382,1.031863,1.041286,1.042453,1.040111,1.057830,0.999615,1.039848,1.054154,1.044425,1.045984,1.061198,1.058144,1.046889,1.047675,1.041729,1.032947,1.034563,1.022650,1.005523,1.016007,1.059331,1.055213,1.039706,1.004818,1.035789
9.121350,1.051489,1.052040,1.038751,1.026175,1.038235,1.042433,1.032152,1.029336,1.051501,1.048918,1.045373,1.028191,1.043569,1.035051,1.031488,1.040896,1.042088,1.039764,1.057429,0.999220,1.039447,1.053748,1.044014,1.045588,1.060929,1.057816,1.046546,1.047331,1.041383,1.032690,1.034328,1.022367,1.005171,1.015600,1.058949,1.054809,1.039446,1.004478,1.035763
9.129680,1.051330,1.051752,1.038434,1.025858,1.037931,1.042131,1.031851,1.029036,1.051475,1.048604,1.045063,1.027877,1.043249,1.034717,1.031109,1.040504,1.041721,1.039414,1.057023,0.998822,1.039043,1.053339,1.043600,1.045189,1.060658,1.057485,1.046199,1.046985,1.041033,1.032431,1.034091,1.022083,1.004815,1.015190,1.058565,1.054402,1.039184,1.004134,1.035739
9.138010,1.051172,1.051463,1.038117,1.025541,1.037627,1.041829,1.031551,1.028735,1.051451,1.048289,1.044752,1.027561,1.042929,1.034383,1.030730,1.040111,1.041352,1.039064,1.056618,0.998423,1.038639,1.052930,1.043186,1.044789,1.060387,1.057154,1.045853,1.046638,1.040683,1.032173,1.033854,1.021798,1.004459,1.014781,1.058180,1.053996,1.038921,1.003790,1.035715
9.146340,1.051013,1.051174,1.037798,1.025224,1.037323,1.041527,1.031250,1.028434,1.051428,1.047974,1.044441,1.027245,1.042608,1.034048,1.030351,1.039717,1.040983,1.038713,1.056211,0.998024,1.038234,1.052520,1.042771,1.044389,1.060115,1.056822,1.045506,1.046290,1.040333,1.031914,1.033617,1.021513,1.004103,1.014370,1.057794,1.053590,1.038657,1.003446,1.035691
9.154670,1.050854,1.050884,1.037478,1.024904,1.037016,1.041222,1.030946,1.028131,1.051405,1.047657,1.044128,1.026927,1.042285,1.033710,1.029968,1.039320,1.040612,1.038359,1.055802,0.997622,1.037826,1.052107,1.042354,1.043986,1.059841,1.056488,1.045156,1.045940,1.039979,1.031654,1.033378,1.021227,1.003743,1.013958,1.057406,1.053183,1.038392,1.003099,1.035669
9.163000,1.050696,1.050593,1.037158,1.024584,1.036709,1.040917,1.030643,1.027827,1.051383,1.047340,1.043814,1.026609,1.041962,1.033373,1.029586,1.038924,1.040240,1.038005,1.055393,0.997221,1.037418,1.051695,1.041937,1.043583,1.059567,1.056153,1.044806,1.045590,1.039626,1.031395,1.033140,1.020941,1.003384,1.013547,1.057018,1.052777,1.038126,1.002751,1.035647
9.171330,1.050537,1.050302,1.036837,1.024263,1.036402,1.040612,1.030339,1.027523,1.051361,1.047022,1.043501,1.026291,1.041639,1.033035,1.029202,1.038526,1.039868,1.037651,1.054983,0.996818,1.037009,1.051282,1.041520,1.043179,1.059293,1.055818,1.044456,1.045238,1.039272,1.031136,1.032902,1.020654,1.003024,1.013134,1.056629,1.052370,1.037860,1.002403,1.035626
9.179660,1.050378,1.050010,1.036514,1.023941,1.036093,1.040305,1.030034,1.027218,1.051341,1.046703,1.043186,1.025971,1.041314,1.032695,1.028817,1.038127,1.039493,1.037295,1.054571,0.996414,1.036599,1.050867,1.041101,1.042774,1.059017,1.055482,1.044104,1.044885,1.038915,1.030876,1.032663,1.020367,1.002662,1.012721,1.056239,1.051963,1.037592,1.002053,1.035606
9.187990,1.050219,1.049717,1.036192,1.023618,1.035784,1.039999,1.029729,1.026913,1.051321,1.046384,1.042871,1.025651,1.040989,1.032356,1.028432,1.037728,1.039119,1.036939,1.054159,0.996010,1.036188,1.050453,1.040683,1.042368,1.058742,1.055145,1.043751,1.044532,1.038559,1.030617,1.032424,1.020080,1.002300,1.012308,1.055848,1.051558,1.037324,1.001703,1.035586
9.196320,1.050060,1.049425,1.035869,1.023295,1.035475,1.039692,1.029423,1.026607,1.051302,1.046065,1.042555,1.025331,1.040664,1.032016,1.028046,1.037328,1.038744,1.036582,1.053746,0.995606,1.035778,1.050038,1.040264,1.041961,1.058466,1.054807,1.043399,1.044178,1.038203,1.030358,1.032186,1.019793,1.001938,1.011895,1.055458,1.051152,1.037056,1.001352,1.035567
9.204650,1.049902,1.049132,1.035545,1.022972,1.035166,1.039384,1.029117,1.026301,1.051283,1.045745,1.042239,1.025010,1.040338,1.031675,1.027659,1.036927,1.038369,1.036225,1.053332,0.995201,1.035366,1.049622,1.039844,1.041554,1.058189,1.054469,1.043045,1.043823,1.037845,1.030099,1.031947,1.019506,1.001574,1.011481,1.055066,1.050746,1.036786,1.001000,1.035549
9.212980,1.049743,1.048839,1.035222,1.022648,1.034856,1.039077,1.028811,1.025995,1.051266,1.045425,1.041923,1.024690,1.040012,1.031334,1.027272,1.036526,1.037993,1.035867,1.052919,0.994796,1.034954,1.049206,1.039425,1.041147,1.057913,1.054131,1.042691,1.043468,1.037487,1.029841,1.031709,1.019219,1.001210,1.011068,1.054674,1.050342,1.036517,1.000649,1.035532
9.221310,1.049585,1.048547,1.034898,1.022324,1.034546,1.038769,1.028504,1.025688,1.051248,1.045105,1.041607,1.024369,1.039686,1.030993,1.026885,1.036125,1.037617,1.035510,1.052505,0.994390,1.034542,1.048791,1.039006,1.040739,1.057637,1.053792,1.042338,1.043113,1.037129,1.029583,1.031471,1.018933,1.000846,1.010655,1.054282,1.049938,1.036248,1.000297,1.035515
9.229640,1.049427,1.048254,1.034574,1.022000,1.034236,1.038462,1.028198,1.025382,1.051232,1.044786,1.041292,1.024048,1.039360,1.030652,1.026497,1.035723,1.037240,1.035152,1.052090,0.993985,1.034130,1.048374,1.038587,1.040331,1.057360,1.053453,1.041983,1.042757,1.036770,1.029326,1.031234,1.018646,1.000481,1.010242,1.053889,1.049535,1.035978,0.999944,1.035499
9.237970,1.049270,1.047961,1.034250,1.021676,1.033927,1.038155,1.027892,1.025075,1.051217,1.044466,1.040976,1.023728,1.039035,1.030311,1.026110,1.035322,1.036864,1.034794,1.051676,0.993579,1.033717,1.047959,1.038168,1.039923,1.057084,1.053115,1.041629,1.042401,1.036411,1.029069,1.030997,1.018361,1.000116,1.009830,1.053497,1.049133,1.035708,0.999592,1.035484
9.246300,1.049113,1.047669,1.033926,1.021352,1.033617,1.037848,1.027586,1.024769,1.051202,1.044147,1.040660,1.023407,1.038709,1.029969,1.025722,1.034920,1.036488,1.034436,1.051262,0.993174,1.033305,1.047543,1.037749,1.039514,1.056807,1.052776,1.041275,1.042046,1.036053,1.028814,1.030761,1.018075,0.999752,1.009418,1.053105,1.048732,1.035438,0.999240,1.035469
9.254630,1.048956,1.047377,1.033603,1.021028,1.033309,1.037541,1.027280,1.024463,1.051188,1.043828,1.040346,1.023087,1.038384,1.029629,1.025335,1.034519,1.036112,1.034079,1.050848,0.992769,1.032893,1.047128,1.037331,1.039107,1.056531,1.052438,1.040921,1.041690,1.035694,1.028559,1.030525,1.017791,0.999387,1.009007,1.052713,1.048332,1.035168,0.998887,1.035456
9.262960,1.048800,1.047086,1.033280,1.020705,1.033000,1.037235,1.026975,1.024158,1.051175,1.043510,1.040031,1.022768,1.038059,1.029288,1.024948,1.034118,1.035736,1.033721,1.050434,0.992364,1.032482,1.046713,1.036913,1.038699,1.056255,1.052099,1.040567,1.041334,1.035336,1.028305,1.030290,1.017507,0.999022,1.008597,1.052321,1.047933,1.034899,0.998535,1.035443
9.271290,1.048645,1.046796,1.032958,1.020382,1.032692,1.036930,1.026671,1.023853,1.051163,1.043193,1.039718,1.022449,1.037736,1.028949,1.024562,1.033718,1.035361,1.033365,1.050020,0.991961,1.032071,1.046299,1.036497,1.038292,1.055981,1.051762,1.040214,1.040980,1.034978,1.028054,1.030057,1.017224,0.998658,1.008188,1.051930,1.047537,1.034629,0.998184,1.035431
9.279620,1.048490,1.046506,1.032636,1.020060,1.032385,1.036625,1.026367,1.023550,1.051152,1.042876,1.039405,1.022132,1.037413,1.028610,1.024176,1.033318,1.034987,1.033009,1.049608,0.991557,1.031661,1.045885,1.036081,1.037886,1.055706,1.051425,1.039862,1.040625,1.034621,1.027803,1.029825,1.016942,0.998294,1.007780,1.051539,1.047141,1.034361,0.997833,1.035420
9.287950,1.048336,1.046217,1.032315,1.019739,1.032079,1.036322,1.026064,1.023246,1.051142,1.042560,1.039093,1.021815,1.037091,1.028272,1.023791,1.032919,1.034613,1.032654,1.049196,0.991155,1.031252,1.045473,1.035667,1.037480,1.055433,1.051089,1.039510,1.040272,1.034265,1.027554,1.029594,1.016661,0.997930,1.007373,1.051149,1.046748,1.034092,0.997483,1.035410
9.296280,1.048183,1.045929,1.031995,1.019418,1.031774,1.036019,1.025763,1.022944,1.051132,1.042246,1.038782,1.021499,1.036770,1.027935,1.023406,1.032520,1.034240,1.032299,1.048785,0.990754,1.030843,1.045061,1.035253,1.037075,1.055160,1.050753,1.039159,1.039918,1.033909,1.027306,1.029364,1.016382,0.997568,1.006967,1.050760,1.046356,1.033824,0.997133,1.035400
9.304610,1.048031,1.045643,1.031676,1.019099,1.031470,1.035717,1.025462,1.022643,1.051123,1.041932,1.038472,1.021184,1.036449,1.027599,1.023023,1.032123,1.033868,1.031946,1.048374,0.990353,1.030436,1.044651,1.034841,1.036671,1.054888,1.050418,1.038809,1.039566,1.033554,1.027060,1.029136,1.016104,0.997205,1.006563,1.050372,1.045966,1.033557,0.996784,1.035392
9.312940,1.047879,1.045357,1.031358,1.018780,1.031167,1.035417,1.025162,1.022343,1.051115,1.041620,1.038163,1.020870,1.036131,1.027264,1.022641,1.031727,1.033497,1.031593,1.047965,0.989954,1.030029,1.044241,1.034430,1.036268,1.054617,1.050085,1.038460,1.039215,1.033200,1.026815,1.028909,1.015827,0.996844,1.006160,1.049984,1.045578,1.033290,0.996437,1.035384
9.321270,1.047728,1.045073,1.031042,1.018463,1.030865,1.035117,1.024863,1.022044,1.051108,1.041308,1.037856,1.020558,1.035813,1.026930,1.022259,1.031332,1.033127,1.031242,1.047557,0.989556,1.029624,1.043833,1.034020,1.035867,1.054347,1.049752,1.038112,1.038865,1.032847,1.026572,1.028683,1.015551,0.996483,1.005759,1.049598,1.045192,1.033024,0.996090,1.035377
9.329600,1.047578,1.044789,1.030726,1.018146,1.030564,1.034820,1.024566,1.021746,1.051102,1.040999,1.037550,1.020247,1.035497,1.026597,1.021879,1.030938,1.032759,1.030892,1.047150,0.989159,1.029220,1.043427,1.033612,1.035466,1.054078,1.049421,1.037765,1.038516,1.032495,1.026331,1.028459,1.015278,0.996124,1.005359,1.049212,1.044809,1.032759,0.995744,1.035370
9.337930,1.047430,1.044508,1.030412,1.017831,1.030265,1.034523,1.024270,1.021450,1.051096,1.040691,1.037246,1.019937,1.035182,1.026266,1.021501,1.030545,1.032392,1.030544,1.046744,0.988764,1.028818,1.043021,1.033206,1.035067,1.053811,1.049090,1.037420,1.038168,1.032145,1.026092,1.028237,1.015005,0.995765,1.004961,1.048828,1.044427,1.032495,0.995400,1.035365
9.346260,1.047282,1.044227,1.030099,1.017518,1.029967,1.034228,1.023976,1.021155,1.051091,1.040384,1.036943,1.019629,1.034869,1.025936,1.021124,1.030154,1.032026,1.030196,1.046340,0.988370,1.028417,1.042618,1.032801,1.034670,1.053544,1.048762,1.037076,1.037821,1.031796,1.025856,1.028016,1.014735,0.995408,1.004565,1.048445,1.044048,1.032232,0.995057,1.035360
9.354590,1.047135,1.043949,1.029788,1.017206,1.029672,1.033935,1.023683,1.020862,1.051087,1.040079,1.036641,1.019323,1.034557,1.025608,1.020748,1.029765,1.031662,1.029851,1.045938,0.987978,1.028018,1.042216,1.032399,1.034274,1.053279,1.048434,1.036733,1.037476,1.031448,1.025621,1.027797,1.014466,0.995052,1.004172,1.048064,1.043671,1.031970,0.994715,1.035356
9.362920,1.046989,1.043672,1.029478,1.016895,1.029377,1.033644,1.023392,1.020571,1.051084,1.039776,1.036342,1.019018,1.034247,1.025282,1.020374,1.029377,1.031299,1.029507,1.045537,0.987587,1.027620,1.041816,1.031998,1.033879,1.053016,1.048109,1.036392,1.037133,1.031102,1.025388,1.027580,1.014199,0.994697,1.003780,1.047684,1.043297,1.031709,0.994375,1.035353
9.371250,1.046845,1.043397,1.029170,1.016587,1.029085,1.033354,1.023103,1.020281,1.051082,1.039475,1.036044,1.018716,1.033940,1.024957,1.020002,1.028992,1.030938,1.029164,1.045138,0.987199,1.027225,1.041417,1.031599,1.033487,1.052754,1.047784,1.036053,1.036791,1.030758,1.025158,1.027366,1.013935,0.994344,1.003390,1.047306,1.042926,1.031450,0.994037,1.035351
9.379580,1.046701,1.043124,1.028864,1.016280,1.028794,1.033066,1.022816,1.019993,1.051081,1.039176,1.035749,1.018415,1.033634,1.024634,1.019632,1.028608,1.030580,1.028824,1.044740,0.986812,1.026831,1.041021,1.031203,1.033096,1.052494,1.047462,1.035716,1.036451,1.030415,1.024930,1.027153,1.013672,0.993992,1.003003,1.046929,1.042557,1.031192,0.993701,1.035349
9.387910,1.046559,1.042852,1.028560,1.015975,1.028506,1.032781,1.022530,1.019707,1.051080,1.038879,1.035455,1.018117,1.033330,1.024314,1.019264,1.028226,1.030223,1.028486,1.044345,0.986427,1.026439,1.040627,1.030808,1.032708,1.052235,1.047142,1.035380,1.036113,1.030075,1.024705,1.026942,1.013411,0.993642,1.002618,1.046554,1.042191,1.030935,0.993366,1.035349
9.396240,1.046418,1.042583,1.028258,1.015672,1.028219,1.032497,1.022247,1.019423,1.051080,1.038584,1.035164,1.017820,1.033028,1.023995,1.018898,1.027846,1.029868,1.028149,1.043952,0.986045,1.026050,1.040235,1.030417,1.032322,1.051978,1.046823,1.035047,1.035777,1.029736,1.024482,1.026734,1.013153,0.993293,1.002236,1.046181,1.041828,1.030679,0.993033,1.035349
9.404570,1.046279,1.042316,1.027958,1.015371,1.027935,1.032216,1.021966,1.019142,1.051081,1.038291,1.034875,1.017526,1.032729,1.023679,1.018534,1.027468,1.029515,1.027815,1.043561,0.985665,1.025663,1.039845,1.030027,1.031938,1.051724,1.046507,1.034715,1.035443,1.029399,1.024262,1.026528,1.012897,0.992947,1.001856,1.045810,1.041468,1.030426,0.992702,1.035350
9.412900,1.046141,1.042051,1.027661,1.015073,1.027653,1.031937,1.021687,1.018862,1.051083,1.038001,1.034588,1.017234,1.032432,1.023365,1.018173,1.027093,1.029165,1.027484,1.043172,0.985287,1.025278,1.039458,1.029641,1.031556,1.051471,1.046192,1.034386,1.035111,1.029065,1.024044,1.026324,1.012644,0.992602,1.001479,1.045442,1.041111,1.030173,0.992374,1.035352
9.421230,1.046004,1.041788,1.027365,1.014776,1.027374,1.031660,1.021410,1.018585,1.051085,1.037713,1.034304,1.016945,1.032137,1.023053,1.017814,1.026721,1.028817,1.027154,1.042786,0.984912,1.024896,1.039074,1.029257,1.031177,1.051220,1.045880,1.034059,1.034781,1.028733,1.023830,1.026122,1.012392,0.992259,1.001104,1.045075,1.040757,1.029923,0.992048,1.035354
9.429560,1.045869,1.041528,1.027072,1.014482,1.027096,1.031386,1.021136,1.018310,1.051089,1.037428,1.034022,1.016658,1.031845,1.022744,1.017457,1.026351,1.028472,1.026827,1.042403,0.984539,1.024517,1.038692,1.028875,1.030800,1.050971,1.045571,1.033735,1.034454,1.028403,1.023618,1.025924,1.012144,0.991918,1.000733,1.044711,1.040407,1.029674,0.991724,1.035358
9.437890,1.045735,1.041270,1.026782,1.014191,1.026822,1.031114,1.020865,1.018038,1.051093,1.037145,1.033743,1.016374,1.031556,1.022438,1.017103,1.025983,1.028129,1.026503,1.042022,0.984169,1.024140,1.038312,1.028497,1.030426,1.050725,1.045263,1.033413,1.034129,1.028076,1.023409,1.025727,1.011898,0.991580,1.000365,1.044348,1.040060,1.029427,0.991402,1.035362
9.446220,1.045603,1.041015,1.026494,1.013902,1.026550,1.030846,1.020596,1.017768,1.051098,1.036866,1.033466,1.016092,1.031269,1.022134,1.016752,1.025619,1.027789,1.026181,1.041643,0.983801,1.023766,1.037936,1.028122,1.030055,1.050480,1.044959,1.033094,1.033807,1.027752,1.023204,1.025534,1.011655,0.991243,0.999999,1.043989,1.039716,1.029183,0.991083,1.035367
9.454550,1.045473,1.040763,1.026209,1.013616,1.026281,1.030579,1.020329,1.017501,1.051104,1.036588,1.033193,1.015813,1.030985,1.021833,1.016404,1.025257,1.027452,1.025862,1.041268,0.983437,1.023395,1.037562,1.027750,1.029687,1.050239,1.044657,1.032777,1.033487,1.027430,1.023001,1.025343,1.011414,0.990909,0.999637,1.043632,1.039376,1.028940,0.990767,1.035373
9.462880,1.045344,1.040513,1.025927,1.013332,1.026014,1.030316,1.020066,1.017237,1.051111,1.036314,1.032922,1.015537,1.030704,1.021535,1.016059,1.024898,1.027118,1.025546,1.040896,0.983075,1.023027,1.037192,1.027381,1.029322,1.049999,1.044357,1.032463,1.033170,1.027111,1.022802,1.025155,1.011177,0.990578,0.999279,1.043277,1.039040,1.028699,0.990454,1.035379
9.471210,1.045217,1.040266,1.025647,1.013052,1.025751,1.030055,1.019805,1.016976,1.051118,1.036043,1.032654,1.015264,1.030426,1.021240,1.015717,1.024542,1.026786,1.025233,1.040526,0.982717,1.022662,1.036825,1.027015,1.028959,1.049762,1.044061,1.032152,1.032856,1.026795,1.022606,1.024969,1.010942,0.990249,0.998923,1.042926,1.038707,1.028460,0.990143,1.035387
9.479540,1.045091,1.040022,1.025370,1.012774,1.025490,1.029798,1.019547,1.016717,1.051127,1.035775,1.032389,1.014995,1.030151,1.020948,1.015378,1.024190,1.026458,1.024923,1.040160,0.982362,1.022300,1.036461,1.026653,1.028601,1.049528,1.043767,1.031844,1.032545,1.026481,1.022413,1.024787,1.010711,0.989923,0.998571,1.042577,1.038379,1.028224,0.989835,1.035395
9.487870,1.044968,1.039780,1.025097,1.012499,1.025232,1.029543,1.019292,1.016462,1.051136,1.035510,1.032127,1.014728,1.029879,1.020659,1.015042,1.023841,1.026133,1.024616,1.039797,0.982010,1.021942,1.036100,1.026294,1.028245,1.049297,1.043476,1.031539,1.032237,1.026171,1.022223,1.024607,1.010482,0.989599,0.998223,1.042231,1.038054,1.027990,0.989530,1.035404
9.496200,1.044846,1.039542,1.024826,1.012228,1.024978,1.029292,1.019041,1.016209,1.051146,1.035248,1.031869,1.014464,1.029610,1.020373,1.014709,1.023495,1.025811,1.024312,1.039437,0.981661,1.021587,1.035742,1.025939,1.027893,1.049068,1.043189,1.031237,1.031933,1.025864,1.022037,1.024431,1.010257,0.989278,0.997878,1.041887,1.037733,1.027758,0.989229,1.035414
9.504530,1.044726,1.039307,1.024559,1.011959,1.024727,1.029044,1.018792,1.015960,1.051157,1.034990,1.031613,1.014204,1.029345,1.020090,1.014380,1.023152,1.025493,1.024011,1.039081,0.981315,1.021235,1.035388,1.025587,1.027544,1.048842,1.042904,1.030939,1.031631,1.025561,1.021855,1.024257,1.010035,0.988960,0.997537,1.041547,1.037416,1.027528,0.988930,1.035425
9.512860,1.044608,1.039075,1.024295,1.011694,1.024478,1.028799,1.018547,1.015714,1.051169,1.034735,1.031361,1.013947,1.029083,1.019811,1.014055,1.022813,1.025178,1.023714,1.038728,0.980974,1.020887,1.035038,1.025240,1.027199,1.048618,1.042623,1.030644,1.031333,1.025260,1.021676,1.024087,1.009816,0.988645,0.997200,1.041210,1.037103,1.027301,0.988635,1.035436
9.521190,1.044492,1.038847,1.024034,1.011432,1.024234,1.028557,1.018305,1.015471,1.051181,1.034483,1.031113,1.013693,1.028824,1.019536,1.013733,1.022478,1.024867,1.023420,1.038379,0.980635,1.020543,1.034691,1.024896,1.026857,1.048398,1.042345,1.030352,1.031038,1.024963,1.021501,1.023919,1.009600,0.988333,0.996867,1.040877,1.036795,1.027077,0.988343,1.035448
9.529520,1.044378,1.038621,1.023777,1.011174,1.023992,1.028319,1.018066,1.015231,1.051194,1.034235,1.030868,1.013443,1.028569,1.019264,1.013414,1.022147,1.024559,1.023130,1.038033,0.980301,1.020203,1.034349,1.024556,1.026519,1.048181,1.042070,1.030063,1.030746,1.024670,1.021329,1.023755,1.009388,0.988024,0.996538,1.040546,1.036491,1.026855,0.988055,1.035462
9.537850,1.044266,1.038399,1.023523,1.010919,1.023754,1.028084,1.017831,1.014995,1.051208,1.033990,1.030626,1.013197,1.028318,1.018995,1.013100,1.021819,1.024255,1.022844,1.037691,0.979970,1.019866,1.034009,1.024220,1.026185,1.047966,1.041799,1.029778,1.030458,1.024380,1.021161,1.023595,1.009179,0.987718,0.996213,1.040219,1.036191,1.026636,0.987770,1.035475
9.546180,1.044156,1.038181,1.023273,1.010667,1.023520,1.027853,1.017599,1.014763,1.051223,1.033749,1.030388,1.012954,1.028070,1.018730,1.012789,1.021495,1.023954,1.022561,1.037353,0.979643,1.019533,1.033674,1.023888,1.025855,1.047755,1.041532,1.029497,1.030174,1.024094,1.020997,1.023437,1.008974,0.987415,0.995891,1.039895,1.035895,1.026419,0.987488,1.035490
9.554510,1.044048,1.037966,1.023026,1.010419,1.023289,1.027626,1.017371,1.014533,1.051239,1.033512,1.030154,1.012715,1.027826,1.018469,1.012482,1.021175,1.023658,1.022282,1.037019,0.979320,1.019205,1.033343,1.023560,1.025529,1.047547,1.041268,1.029219,1.029893,1.023811,1.020837,1.023283,1.008772,0.987116,0.995575,1.039575,1.035604,1.026206,0.987211,1.035506
9.562840,1.043942,1.037754,1.022783,1.010175,1.023062,1.027402,1.017146,1.014308,1.051256,1.033278,1.029923,1.012479,1.027585,1.018212,1.012180,1.020860,1.023365,1.022007,1.036689,0.979001,1.018880,1.033016,1.023236,1.025207,1.047342,1.041007,1.028946,1.029616,1.023532,1.020680,1.023132,1.008574,0.986820,0.995262,1.039258,1.035318,1.025995,0.986937,1.035522
9.571170,1.043839,1.037546,1.022543,1.009934,1.022839,1.027182,1.016925,1.014086,1.051273,1.033048,1.029696,1.012248,1.027349,1.017958,1.011881,1.020548,1.023077,1.021736,1.036363,0.978686,1.018560,1.032693,1.022917,1.024889,1.047141,1.040751,1.028676,1.029343,1.023258,1.020528,1.022985,1.008379,0.986527,0.994954,1.038945,1.035036,1.025787,0.986666,1.035539
9.579500,1.043737,1.037342,1.022308,1.009697,1.022619,1.026965,1.016708,1.013868,1.051291,1.032823,1.029473,1.012020,1.027116,1.017709,1.011586,1.020241,1.022792,1.021468,1.036042,0.978375,1.018243,1.032374,1.022602,1.024576,1.046943,1.040498,1.028410,1.029074,1.022987,1.020379,1.022841,1.008188,0.986238,0.994650,1.038636,1.034759,1.025582,0.986400,1.035557
9.587830,1.043638,1.037142,1.022076,1.009464,1.022403,1.026752,1.016495,1.013654,1.051310,1.032601,1.029254,1.011796,1.026887,1.017463,1.011296,1.019937,1.022512,1.021205,1.035724,0.978069,1.017931,1.032059,1.022292,1.024266,1.046748,1.040249,1.028148,1.028809,1.022720,1.020235,1.022700,1.008001,0.985953,0.994351,1.038330,1.034486,1.025380,0.986138,1.035575
9.596160,1.043541,1.036945,1.021848,1.009235,1.022191,1.026544,1.016285,1.013443,1.051330,1.032383,1.029039,1.011576,1.026662,1.017222,1.011010,1.019639,1.022236,1.020946,1.035411,0.977766,1.017624,1.031749,1.021986,1.023962,1.046557,1.040004,1.027889,1.028548,1.022457,1.020095,1.022563,1.007817,0.985671,0.994056,1.038028,1.034218,1.025181,0.985879,1.035595
9.604490,1.043446,1.036752,1.021625,1.009010,1.021983,1.026339,1.016079,1.013236,1.051350,1.032169,1.028828,1.011360,1.026442,1.016984,1.010728,1.019344,1.021964,1.020691,1.035102,0.977469,1.017321,1.031443,1.021685,1.023661,1.046369,1.039763,1.027635,1.028291,1.022198,1.019958,1.022430,1.007638,0.985393,0.993766,1.037730,1.033955,1.024985,0.985625,1.035615
9.612820,1.043354,1.036563,1.021405,1.008789,1.021779,1.026138,1.015878,1.013034,1.051371,1.031959,1.028621,1.011148,1.026225,1.016751,1.010451,1.019054,1.021696,1.020440,1.034798,0.977175,1.017022,1.031142,1.021388,1.023365,1.046185,1.039526,1.027386,1.028038,1.021944,1.019826,1.022300,1.007462,0.985118,0.993480,1.037436,1.033697,1.024792,0.985375,1.035636
9.621150,1.043264,1.036378,1.021189,1.008572,1.021579,1.025941,1.015680,1.012835,1.051393,1.031753,1.028418,1.010941,1.026013,1.016522,1.010178,1.018769,1.021433,1.020194,1.034498,0.976886,1.016728,1.030845,1.021096,1.023074,1.046004,1.039293,1.027140,1.027789,1.021694,1.019698,1.022174,1.007290,0.984848,0.993200,1.037146,1.033443,1.024602,0.985129,1.035658
9.629480,1.043176,1.036197,1.020978,1.008359,1.021383,1.025749,1.015486,1.012640,1.051416,1.031552,1.028219,1.010737,1.025805,1.016298,1.009910,1.018488,1.021175,1.019952,1.034203,0.976601,1.016439,1.030553,1.020809,1.022787,1.045827,1.039064,1.026899,1.027545,1.021448,1.019574,1.022051,1.007122,0.984581,0.992924,1.036860,1.033195,1.024416,0.984887,1.035680
9.637810,1.043091,1.036020,1.020770,1.008150,1.021191,1.025560,1.015296,1.012450,1.051440,1.031354,1.028024,1.010538,1.025601,1.016077,1.009646,1.018212,1.020921,1.019714,1.033913,0.976321,1.016154,1.030265,1.020526,1.022505,1.045653,1.038839,1.026662,1.027305,1.021206,1.019454,1.021932,1.006957,0.984318,0.992653,1.036579,1.032951,1.024233,0.984649,1.035703
9.646140,1.043008,1.035847,1.020567,1.007946,1.021003,1.025375,1.015111,1.012263,1.051464,1.031161,1.027834,1.010343,1.025401,1.015862,1.009387,1.017941,1.020671,1.019481,1.033627,0.976046,1.015874,1.029982,1.020249,1.022228,1.045484,1.038619,1.026429,1.027070,1.020969,1.019339,1.021817,1.006797,0.984060,0.992387,1.036301,1.032713,1.024053,0.984416,1.035727
9.654470,1.042928,1.035678,1.020369,1.007746,1.020820,1.025195,1.014929,1.012081,1.051489,1.030972,1.027648,1.010152,1.025206,1.015650,1.009133,1.017674,1.020426,1.019253,1.033346,0.975776,1.015599,1.029704,1.019976,1.021956,1.045318,1.038403,1.026201,1.026839,1.020737,1.019227,1.021705,1.006641,0.983805,0.992126,1.036027,1.032480,1.023876,0.984187,1.035752
9.662800,1.042850,1.035513,1.020174,1.007550,1.020641,1.025019,1.014752,1.011902,1.051515,1.030788,1.027466,1.009966,1.025015,1.015443,1.008883,1.017413,1.020186,1.019028,1.033070,0.975510,1.015329,1.029431,1.019708,1.021688,1.045155,1.038192,1.025977,1.026612,1.020509,1.019120,1.021598,1.006489,0.983554,0.991869,1.035758,1.032251,1.023703,0.983963,1.035777
9.671130,1.042775,1.035353,1.019984,1.007358,1.020466,1.024847,1.014579,1.011728,1.051541,1.030608,1.027288,1.009784,1.024828,1.015241,1.008639,1.017156,1.019950,1.018809,1.032798,0.975249,1.015064,1.029163,1.019446,1.021426,1.044997,1.037984,1.025758,1.026390,1.020286,1.019018,1.021494,1.006341,0.983308,0.991618,1.035493,1.032028,1.023533,0.983743,1.035803
9.679460,1.042702,1.035197,1.019798,1.007171,1.020295,1.024680,1.014410,1.011559,1.051568,1.030432,1.027115,1.009606,1.024646,1.015043,1.008399,1.016904,1.019720,1.018594,1.032532,0.974993,1.014803,1.028899,1.019188,1.021168,1.044842,1.037782,1.025544,1.026173,1.020067,1.018919,1.021394,1.006197,0.983065,0.991372,1.035233,1.031810,1.023367,0.983528,1.035830
9.687790,1.042632,1.035044,1.019617,1.006988,1.020128,1.024517,1.014246,1.011393,1.051596,1.030261,1.026946,1.009433,1.024469,1.014849,1.008164,1.016657,1.019494,1.018384,1.032271,0.974742,1.014548,1.028641,1.018936,1.020916,1.044692,1.037583,1.025334,1.025960,1.019853,1.018825,1.021297,1.006057,0.982827,0.991131,1.034977,1.031597,1.023204,0.983318,1.035857
9.696120,1.042564,1.034897,1.019440,1.006810,1.019966,1.024358,1.014086,1.011232,1.051625,1.030094,1.026782,1.009264,1.024296,1.014661,1.007934,1.016416,1.019273,1.018179,1.032015,0.974496,1.014298,1.028387,1.018688,1.020668,1.044545,1.037390,1.025129,1.025752,1.019644,1.018735,1.021204,1.005921,0.982594,0.990896,1.034725,1.031389,1.023045,0.983112,1.035886
9.704450,1.042499,1.034753,1.019268,1.006636,1.019809,1.024203,1.013930,1.011075,1.051654,1.029932,1.026622,1.009100,1.024127,1.014477,1.007709,1.016179,1.019057,1.017978,1.031763,0.974254,1.014053,1.028139,1.018446,1.020426,1.044402,1.037200,1.024928,1.025549,1.019439,1.018650,1.021116,1.005789,0.982364,0.990665,1.034478,1.031187,1.022889,0.982910,1.035915
9.712780,1.042436,1.034614,1.019100,1.006466,1.019656,1.024053,1.013779,1.010923,1.051684,1.029774,1.026467,1.008940,1.023963,1.014297,1.007489,1.015948,1.018846,1.017783,1.031517,0.974018,1.013813,1.027895,1.018209,1.020189,1.044263,1.037016,1.024732,1.025350,1.019240,1.018569,1.021031,1.005662,0.982139,0.990440,1.034235,1.030989,1.022736,0.982714,1.035944
9.721110,1.042377,1.034479,1.018937,1.006302,1.019507,1.023908,1.013632,1.010775,1.051715,1.029621,1.026316,1.008785,1.023804,1.014123,1.007275,1.015722,1.018640,1.017592,1.031277,0.973787,1.013578,1.027657,1.017978,1.019957,1.044128,1.036836,1.024542,1.025157,1.019045,1.018492,1.020950,1.005538,0.981919,0.990220,1.033997,1.030798,1.022588,0.982522,1.035974
9.729440,1.042319,1.034349,1.018779,1.006141,1.019363,1.023767,1.013489,1.010631,1.051746,1.029473,1.026170,1.008635,1.023649,1.013953,1.007065,1.015501,1.018439,1.017406,1.031041,0.973562,1.013349,1.027424,1.017752,1.019731,1.043998,1.036661,1.024355,1.024968,1.018855,1.018420,1.020872,1.005419,0.981702,0.990006,1.033764,1.030611,1.022443,0.982335,1.036005
9.737770,1.042265,1.034223,1.018625,1.005986,1.019223,1.023630,1.013351,1.010492,1.051778,1.029329,1.026028,1.008489,1.023499,1.013788,1.006861,1.015285,1.018243,1.017225,1.030811,0.973341,1.013125,1.027196,1.017531,1.019510,1.043871,1.036490,1.024174,1.024784,1.018670,1.018352,1.020799,1.005304,0.981491,0.989797,1.033535,1.030430,1.022301,0.982153,1.036037
9.746100,1.042213,1.034101,1.018476,1.005835,1.019088,1.023498,1.013217,1.010357,1.051811,1.029189,1.025891,1.008348,1.023354,1.013627,1.006662,1.015075,1.018053,1.017049,1.030586,0.973126,1.012906,1.026974,1.017315,1.019294,1.043748,1.036325,1.023998,1.024605,1.018490,1.018288,1.020730,1.005193,0.981284,0.989593,1.033311,1.030254,1.022163,0.981976,1.036069
9.754430,1.042163,1.033984,1.018331,1.005689,1.018957,1.023371,1.013088,1.010227,1.051844,1.029055,1.025758,1.008211,1.023213,1.013472,1.006468,1.014870,1.017867,1.016878,1.030366,0.972916,1.012693,1.026756,1.017105,1.019084,1.043629,1.036164,1.023826,1.024431,1.018315,1.018229,1.020664,1.005086,0.981081,0.989395,1.033091,1.030083,1.022029,0.981803,1.036102
9.762760,1.042117,1.033872,1.018192,1.005547,1.018831,1.023248,1.012964,1.010102,1.051878,1.028925,1.025631,1.008079,1.023077,1.013322,1.006279,1.014670,1.017687,1.016712,1.030152,0.972711,1.012485,1.026544,1.016901,1.018879,1.043515,1.036007,1.023660,1.024262,1.018145,1.018174,1.020602,1.004984,0.980883,0.989202,1.032876,1.029918,1.021899,0.981636,1.036135
9.771090,1.042073,1.033763,1.018057,1.005410,1.018710,1.023129,1.012844,1.009980,1.051913,1.028799,1.025507,1.007952,1.022946,1.013176,1.006096,1.014476,1.017511,1.016551,1.029943,0.972511,1.012282,1.026338,1.016702,1.018679,1.043404,1.035856,1.023498,1.024098,1.017980,1.018124,1.020545,1.004886,0.980689,0.989014,1.032666,1.029758,1.021772,0.981473,1.036170
9.779420,1.042032,1.033660,1.017926,1.005278,1.018593,1.023015,1.012728,1.009864,1.051948,1.028679,1.025389,1.007830,1.022820,1.013035,1.005918,1.014287,1.017341,1.016395,1.029740,0.972317,1.012085,1.026137,1.016508,1.018485,1.043298,1.035709,1.023342,1.023939,1.017821,1.018078,1.020491,1.004791,0.980501,0.988833,1.032461,1.029604,1.021649,0.981316,1.036204
9.787750,1.041994,1.033561,1.017801,1.005151,1.018480,1.022906,1.012617,1.009752,1.051984,1.028563,1.025275,1.007712,1.022698,1.012900,1.005745,1.014104,1.017177,1.016245,1.029542,0.972128,1.011894,1.025941,1.016320,1.018297,1.043196,1.035568,1.023190,1.023786,1.017666,1.018036,1.020441,1.004702,0.980317,0.988656,1.032261,1.029455,1.021530,0.981163,1.036240
9.796080,1.041958,1.033466,1.017680,1.005028,1.018373,1.022801,1.012511,1.009645,1.052021,1.028452,1.025166,1.007599,1.022581,1.012769,1.005578,1.013926,1.017017,1.016099,1.029349,0.971945,1.011708,1.025750,1.016137,1.018114,1.043098,1.035431,1.023044,1.023637,1.017516,1.017999,1.020395,1.004616,0.980137,0.988486,1.032065,1.029311,1.021415,0.981016,1.036276
9.804410,1.041925,1.033376,1.017565,1.004910,1.018270,1.022701,1.012410,1.009542,1.052058,1.028345,1.025061,1.007491,1.022469,1.012643,1.005416,1.013754,1.016863,1.015959,1.029163,0.971767,1.011527,1.025565,1.015960,1.017937,1.043004,1.035299,1.022902,1.023493,1.017372,1.017966,1.020353,1.004535,0.979963,0.988321,1.031874,1.029173,1.021303,0.980873,1.036312
9.812740,1.041895,1.033291,1.017454,1.004797,1.018171,1.022606,1.012312,1.009444,1.052095,1.028243,1.024961,1.007387,1.022362,1.012522,1.005260,1.013587,1.016715,1.015824,1.028981,0.971595,1.011352,1.025386,1.015789,1.017765,1.042915,1.035172,1.022766,1.023355,1.017233,1.017938,1.020314,1.004457,0.979793,0.988161,1.031689,1.029040,1.021196,0.980736,1.036349
9.821070,1.041868,1.033210,1.017348,1.004689,1.018078,1.022515,1.012220,1.009350,1.052134,1.028146,1.024866,1.007288,1.022260,1.012406,1.005109,1.013426,1.016571,1.015694,1.028806,0.971428,1.011183,1.025212,1.015623,1.017599,1.042829,1.035050,1.022635,1.023222,1.017099,1.017914,1.020280,1.004384,0.979628,0.988007,1.031508,1.028913,1.021092,0.980604,1.036387
9.829400,1.041843,1.033134,1.017246,1.004586,1.017989,1.022429,1.012132,1.009261,1.052172,1.028054,1.024776,1.007194,1.022162,1.012295,1.004964,1.013270,1.016433,1.015569,1.028636,0.971267,1.011019,1.025044,1.015463,1.017439,1.042748,1.034934,1.022509,1.023094,1.016970,1.017894,1.020250,1.004316,0.979467,0.987859,1.031332,1.028791,1.020992,0.980477,1.036425
9.837730,1.041821,1.033062,1.017150,1.004487,1.017904,1.022348,1.012049,1.009177,1.052212,1.027967,1.024690,1.007105,1.022069,1.012190,1.004824,1.013121,1.016301,1.015449,1.028471,0.971111,1.010861,1.024881,1.015309,1.017284,1.042671,1.034822,1.022388,1.022971,1.016847,1.017879,1.020223,1.004251,0.979312,0.987717,1.031161,1.028675,1.020895,0.980355,1.036464
9.846060,1.041802,1.032995,1.017058,1.004393,1.017825,1.022271,1.011970,1.009097,1.052251,1.027884,1.024609,1.007021,1.021982,1.012089,1.004690,1.012977,1.016174,1.015335,1.028313,0.970961,1.010709,1.024724,1.015160,1.017135,1.042598,1.034715,1.022273,1.022853,1.016729,1.017868,1.020201,1.004191,0.979161,0.987580,1.030995,1.028564,1.020803,0.980238,1.036503
9.854390,1.041786,1.032933,1.016972,1.004305,1.017750,1.022199,1.011897,1.009022,1.052292,1.027806,1.024533,1.006941,1.021899,1.011993,1.004561,1.012838,1.016052,1.015226,1.028160,0.970816,1.010562,1.024572,1.015017,1.016992,1.042530,1.034613,1.022162,1.022741,1.016616,1.017861,1.020182,1.004135,0.979016,0.987449,1.030834,1.028459,1.020714,0.980127,1.036543
9.862720,1.041773,1.032875,1.016890,1.004221,1.017680,1.022132,1.011827,1.008952,1.052333,1.027733,1.024462,1.006866,1.021820,1.011903,1.004438,1.012705,1.015936,1.015122,1.028013,0.970677,1.010421,1.024426,1.014880,1.016855,1.042465,1.034516,1.022057,1.022634,1.016508,1.017859,1.020167,1.004083,0.978875,0.987323,1.030678,1.028359,1.020630,0.980020,1.036583
9.871050,1.041762,1.032822,1.016813,1.004142,1.017614,1.022069,1.011763,1.008886,1.052374,1.027665,1.024395,1.006796,1.021747,1.011817,1.004320,1.012578,1.015825,1.015024,1.027871,0.970543,1.010286,1.024285,1.014748,1.016723,1.042405,1.034424,1.021957,1.022532,1.016406,1.017861,1.020156,1.004035,0.978739,0.987203,1.030527,1.028264,1.020549,0.979919,1.036623
9.879380,1.041754,1.032774,1.016742,1.004067,1.017553,1.022011,1.011703,1.008825,1.052416,1.027601,1.024333,1.006731,1.021678,1.011736,1.004208,1.012457,1.015720,1.014930,1.027735,0.970415,1.010156,1.024150,1.014622,1.016597,1.042350,1.034337,1.021862,1.022435,1.016309,1.017867,1.020149,1.003992,0.978608,0.987089,1.030381,1.028175,1.020472,0.979823,1.036665
9.887710,1.041749,1.032730,1.016675,1.003998,1.017497,1.021957,1.011647,1.008769,1.052458,1.027542,1.024276,1.006670,1.021615,1.011661,1.004102,1.012341,1.015620,1.014842,1.027605,0.970293,1.010032,1.024021,1.014502,1.016477,1.042298,1.034255,1.021772,1.022344,1.016217,1.017877,1.020146,1.003952,0.978482,0.986981,1.030240,1.028092,1.020399,0.979732,1.036706
9.896040,1.041747,1.032690,1.016613,1.003934,1.017446,1.021909,1.011597,1.008717,1.052501,1.027488,1.024223,1.006615,1.021556,1.011590,1.004001,1.012231,1.015526,1.014760,1.027481,0.970177,1.009914,1.023897,1.014388,1.016362,1.042251,1.034178,1.021688,1.022258,1.016131,1.017892,1.020146,1.003917,0.978361,0.986879,1.030104,1.028014,1.020330,0.979646,1.036748
9.904370,1.041747,1.032656,1.016556,1.003874,1.017399,1.021865,1.011551,1.008670,1.052544,1.027439,1.024176,1.006564,1.021502,1.011525,1.003905,1.012127,1.015437,1.014682,1.027363,0.970066,1.009802,1.023779,1.014279,1.016254,1.042207,1.034106,1.021609,1.022177,1.016050,1.017911,1.020151,1.003886,0.978245,0.986782,1.029973,1.027941,1.020264,0.979566,1.036791
9.912700,1.041751,1.032626,1.016503,1.003819,1.017357,1.021825,1.011509,1.008627,1.052587,1.027394,1.024132,1.006518,1.021453,1.011465,1.003816,1.012028,1.015354,1.014610,1.027250,0.969960,1.009695,1.023667,1.014176,1.016151,1.042169,1.034040,1.021535,1.022102,1.015974,1.017934,1.020159,1.003859,0.978133,0.986691,1.029848,1.027874,1.020203,0.979491,1.036834
9.921030,1.041757,1.032600,1.016456,1.003769,1.017319,1.021790,1.011472,1.008589,1.052631,1.027354,1.024094,1.006476,1.021409,1.011409,1.003732,1.011936,1.015276,1.014544,1.027143,0.969861,1.009595,1.023560,1.014079,1.016054,1.042134,1.033978,1.021466,1.022032,1.015904,1.017962,1.020171,1.003836,0.978027,0.986605,1.029727,1.027812,1.020145,0.979421,1.036877
9.929360,1.041766,1.032579,1.016414,1.003724,1.017286,1.021760,1.011440,1.008556,1.052676,1.027319,1.024060,1.006440,1.021369,1.011359,1.003653,1.011849,1.015203,1.014482,1.027042,0.969767,1.009500,1.023459,1.013987,1.015963,1.042104,1.033921,1.021402,1.021967,1.015839,1.017994,1.020187,1.003817,0.977926,0.986526,1.029611,1.027756,1.020092,0.979356,1.036921
9.937690,1.041777,1.032563,1.016376,1.003684,1.017258,1.021734,1.011413,1.008527,1.052721,1.027288,1.024031,1.006408,1.021334,1.011314,1.003580,1.011767,1.015137,1.014426,1.026947,0.969678,1.009410,1.023364,1.013901,1.015877,1.042077,1.033870,1.021344,1.021907,1.015779,1.018030,1.020206,1.003803,0.977830,0.986452,1.029501,1.027705,1.020042,0.979297,1.036965
9.946020,1.041792,1.032551,1.016344,1.003649,1.017235,1.021713,1.011390,1.008503,1.052766,1.027263,1.024007,1.006381,1.021305,1.011274,1.003513,1.011692,1.015075,1.014375,1.026858,0.969596,1.009327,1.023274,1.013821,1.015798,1.042055,1.033823,1.021291,1.021853,1.015725,1.018070,1.020230,1.003792,0.977738,0.986384,1.029396,1.027659,1.019996,0.979243,1.037010
9.954350,1.041809,1.032544,1.016316,1.003618,1.017216,1.021697,1.011371,1.008484,1.052811,1.027242,1.023988,1.006358,1.021280,1.011239,1.003451,1.011622,1.015019,1.014330,1.026774,0.969519,1.009249,1.023190,1.013747,1.015724,1.042037,1.033782,1.021243,1.021804,1.015676,1.018114,1.020257,1.003786,0.977652,0.986321,1.029295,1.027619,1.019954,0.979194,1.037055
9.962680,1.041829,1.032542,1.016293,1.003593,1.017201,1.021685,1.011357,1.008469,1.052857,1.027225,1.023973,1.006341,1.021259,1.011209,1.003395,1.011558,1.014969,1.014290,1.026696,0.969448,1.009177,1.023112,1.013679,1.015656,1.042024,1.033746,1.021200,1.021760,1.015632,1.018162,1.020288,1.003783,0.977571,0.986264,1.029200,1.027584,1.019916,0.979150,1.037100
9.971010,1.041851,1.032544,1.016275,1.003572,1.017192,1.021678,1.011348,1.008459,1.052904,1.027214,1.023962,1.006328,1.021244,1.011183,1.003345,1.011500,1.014924,1.014255,1.026624,0.969382,1.009111,1.023039,1.013616,1.015594,1.042014,1.033714,1.021163,1.021722,1.015594,1.018214,1.020322,1.003784,0.977495,0.986213,1.029110,1.027554,1.019882,0.979111,1.037145
9.979340,1.041877,1.032550,1.016262,1.003556,1.017187,1.021675,1.011343,1.008453,1.052950,1.027207,1.023957,1.006319,1.021233,1.011163,1.003300,1.011447,1.014885,1.014225,1.026558,0.969322,1.009050,1.022972,1.013559,1.015538,1.042009,1.033688,1.021131,1.021689,1.015560,1.018271,1.020360,1.003790,0.977423,0.986168,1.029025,1.027530,1.019851,0.979078,1.037191
9.987670,1.041905,1.032561,1.016254,1.003544,1.017186,1.021677,1.011343,1.008452,1.052997,1.027204,1.023955,1.006316,1.021227,1.011148,1.003261,1.011400,1.014851,1.014200,1.026498,0.969268,1.008995,1.022910,1.013507,1.015487,1.042008,1.033666,1.021104,1.021661,1.015533,1.018331,1.020402,1.003799,0.977357,0.986129,1.028945,1.027511,1.019824,0.979050,1.037237
9.996000,1.041935,1.032577,1.016250,1.003538,1.017190,1.021684,1.011347,1.008455,1.053044,1.027206,1.023959,1.006317,1.021225,1.011138,1.003227,1.011359,1.014822,1.014181,1.026443,0.969219,1.008946,1.022855,1.013462,1.015442,1.042011,1.033650,1.021082,1.021638,1.015510,1.018396,1.020447,1.003813,0.977296,0.986095,1.028870,1.027498,1.019802,0.979027,1.037284
10.000000,1.041951,1.032586,1.016251,1.003537,1.017194,1.021689,1.011352,1.008459,1.053067,1.027210,1.023963,1.006319,1.021227,1.011135,1.003213,1.011342,1.014811,1.014175,1.026420,0.969198,1.008926,1.022830,1.013442,1.015424,1.042014,1.033644,1.021074,1.021630,1.015502,1.018428,1.020470,1.003821,0.977269,0.986081,1.028836,1.027494,1.019793,0.979019,1.037306
10.000000,1.041951,1.032586,1.016251,1.003537,1.017194,1.021689,1.011352,1.008459,1.053067,1.027210,1.023963,1.006319,1.021227,1.011135,1.003213,1.011342,1.014811,1.014175,1.026420,0.969198,1.008926,1.022830,1.013442,1.015424,1.042014,1.033644,1.021074,1.021630,1.015502,1.018428,1.020470,1.003821,0.977269,0.986081,1.028836,1.027494,1.019793,0.979019,1.037306
